//C:\Users\user\Desktop\GeoTom_v2\GeoTomE724.ini
//- Cable direction:
//  cable I: normal
//  cable II: normal
//  cable III: normal
//  cable IV: normal
//- Cable arrangement: sequential
//- Optimization: Last measurement
//- Sorting: Multi-level
//- Current levels: 0.1 mA .. 50.0 mA
Type:         Flow
Name:         Hyprop
Comment:      Example of a measurements sequence
Comment:      
Comment:      
Spacing:      1.00000
First El:     0.00000
Nr of points: 312
IP present:   1

  1   2   4   3  $12    0.100     9.5382   1797.90   0.0    -17.08   1.9  28.05.2026  15:15:05
  1   2   5   6  $12    1.000    -0.7355    138.64   0.4  -3328.07   0.5  28.05.2026  15:15:10
  1   2   6   7  $12    1.000     6.7578   2547.62   0.1   -314.52   0.6  28.05.2026  15:15:12
  1   2   7   8  $12   10.000     5.1209    337.85   1.5   3085.09   3.2  28.05.2026  15:15:20
  1   2   9  10  $12   10.000    -2.0655    327.05   0.9  -2224.01   0.5  28.05.2026  15:15:23
  1   2  10  11  $12   10.000     8.1855   1851.52   0.6    133.58   4.3  28.05.2026  15:15:25
  1   2  11  12  $12   10.000    19.6705   6117.86   0.1     20.37   4.0  28.05.2026  15:15:27
  1   2  13  14  $12    1.000     6.1385  33092.65   0.3   -200.50   0.9  28.05.2026  15:15:32
  1   2  14  15  $12    1.000     9.5290  65380.53   0.3    180.35   1.1  28.05.2026  15:15:34
  1   2  15  16  $12    1.000     0.2819   2417.91   0.7   -110.49   4.1  28.05.2026  15:15:39
  1   3   5   7  $12    1.000    12.8603    484.82   0.1     61.22   1.5  28.05.2026  15:15:41
  1   3   6   8  $12    1.000    13.8193   1139.64   0.0      3.53  11.9  28.05.2026  15:15:43
  1   3   9  11  $12    1.000     0.8360    315.16   0.4   2929.11   0.6  28.05.2026  15:15:46
  1   3  10  12  $12    1.000    14.8325   8073.04   0.0    -43.82   0.8  28.05.2026  15:15:48
  1   3  13  15  $12    0.100     6.3209  83402.21   0.0     20.60   1.5  28.05.2026  15:15:53
  1   3  14  16  $12    0.100     4.4045  74201.19   0.0     71.00   2.0  28.05.2026  15:15:55
  1   4   2   3  $12    0.100    45.7476   2874.41   0.0      8.54   3.5  28.05.2026  15:15:57
  1   4   5   8  $12    1.000    14.6906    143.58   0.0    533.74   0.7  28.05.2026  15:16:01
  1   4   9  12  $12    0.100     2.5900   3978.00   0.0     68.84   0.9  28.05.2026  15:16:06
  1   4  13  16  $12    0.100    10.8711  61474.51   0.0     11.16   1.3  28.05.2026  15:16:08
  1   5   2   6  $12    0.100    77.8719   3336.02   0.0     -7.99   1.3  28.05.2026  15:16:11
  1   5   3   7  $12    0.100    17.7071   3337.72   0.2    502.36   0.6  28.05.2026  15:16:13
  1   5   4   8  $12    0.100    19.2769   2543.52   0.0    -34.28   0.3  28.05.2026  15:16:15
  1   5  13   9  $12    0.100    10.1180   7628.79   0.1    286.72   0.5  28.05.2026  15:16:17
  1   6   2   7  $12    0.100    65.2559   2589.57   0.0    -13.98   1.2  28.05.2026  15:16:19
  1   6   3   8  $12    0.100    28.5855   3428.88   0.0      0.27  96.2  28.05.2026  15:16:22
  1   7   2   8  $12    0.100    68.8765   2611.51   0.0     -9.06   0.9  28.05.2026  15:16:24
  1   9   2  10  $12    0.100    92.6511   3334.10   0.0      8.90   0.1  28.05.2026  15:16:27
  1   9   3  11  $12    0.100    42.5473   3645.44   0.0     -0.23  56.2  28.05.2026  15:16:29
  1   9   4  12  $12    0.100    21.7517   3637.18   0.0      3.44   2.7  28.05.2026  15:16:31
  1  10   2  11  $12    0.100    80.7654   2858.95   0.0     13.21   0.1  28.05.2026  15:16:34
  1  10   3  12  $12    0.100    32.8533   2694.00   0.0     -3.82   3.0  28.05.2026  15:16:36
  1  11   3  12  $12    0.100    42.0845   2059.24   0.0     -0.50   7.8  28.05.2026  15:16:38
  1  13   2  14  $12    0.100   134.3105   4606.01   0.0     18.48   0.6  28.05.2026  15:16:41
  1  13   3  15  $12    0.100    25.6607   1945.89   0.0     -4.40   5.3  28.05.2026  15:16:43
  1  13   4  16  $12    0.100    13.3636   1717.49   0.0      4.30   1.8  28.05.2026  15:16:45
  1  13   5   9  $12    0.100     7.4808   1880.12   0.1     94.00   0.9  28.05.2026  15:16:47
  1  14   2  15  $12    0.100    63.3492   2157.09   0.0      7.94   0.7  28.05.2026  15:16:50
  1  14   3  16  $12    0.100    28.9758   2161.15   0.0     -7.68   1.1  28.05.2026  15:16:52
  1  15   2  16  $12    0.100   112.1089   3794.42   0.0      4.91   0.4  28.05.2026  15:16:55
  2   3   1   4  $12    0.100    47.6050   2991.11   0.0     16.04   0.3  28.05.2026  15:16:57
  2   3   5   6  $12    1.000     3.3758    254.53   0.5    101.77   4.3  28.05.2026  15:17:01
  2   3   9  10  $12   10.000     6.9323    731.75   0.0     45.43   1.8  28.05.2026  15:17:04
  2   3  13  14  $12    1.000    10.1947  42276.37   0.0      0.96  13.2  28.05.2026  15:17:09
  2   4   5   7  $12    1.000    12.6040    148.49   0.0      5.67   8.9  28.05.2026  15:17:11
  2   4   6   8  $12    1.000    13.7350    517.80   0.0     -2.47  13.6  28.05.2026  15:17:13
  2   4   9  11  $12    1.000     6.1466   1520.68   0.0    -69.52   0.9  28.05.2026  15:17:15
  2   4  10  12  $12    1.000    23.0752   8699.14   0.0      4.95   1.2  28.05.2026  15:17:17
  2   4  13  15  $12    0.100     9.5107  96134.91   0.0      0.30  64.5  28.05.2026  15:17:22
  2   4  14  16  $12    0.100     7.1911  94884.77   0.0     -6.77   9.1  28.05.2026  15:17:24
  2   6   1   5  $12    0.100    78.2168   3350.80   0.0      1.25  15.3  28.05.2026  15:17:27
  2   6  14  10  $12    0.100    14.0170  10568.57   0.1      7.64  15.8  28.05.2026  15:17:29
  2   7   1   6  $12    0.100    65.5868   2602.70   0.0    -15.99   0.2  28.05.2026  15:17:31
  2   8   1   7  $12    0.100    68.9972   2616.08   0.0      2.02   7.9  28.05.2026  15:17:34
  2  10   1   9  $12    0.100    93.1501   3352.05   0.0      8.53   0.0  28.05.2026  15:17:36
  2  11   1  10  $12    0.100    80.7000   2856.64   0.0     10.42   0.1  28.05.2026  15:17:39
  2  14   1  13  $12    0.100   138.4522   4748.04   0.0     29.01   0.1  28.05.2026  15:17:41
  2  14   6  10  $12    0.100     7.1562   1798.56   0.2      4.80  72.5  28.05.2026  15:17:43
  2  15   1  14  $12    0.100    64.1061   2182.86   0.0      9.39   0.0  28.05.2026  15:17:46
  2  16   1  15  $12    0.100   112.4181   3804.89   0.0      5.57   0.1  28.05.2026  15:17:48
  3   4   5   6  $12    1.000     3.4048     64.18   0.1   -617.69   0.5  28.05.2026  15:17:52
  3   4   9  10  $12   10.000    11.4530    755.60   0.1   -313.43   4.7  28.05.2026  15:17:56
  3   4  13  14  $12    1.000    10.8110  33624.04   0.0     16.36   1.8  28.05.2026  15:18:01
  3   7   1   5  $12    0.100    19.4736   3670.68   0.0    409.29   0.1  28.05.2026  15:18:06
  3   7  15  11  $12    0.100    16.5056  12444.95   0.0      4.91  14.3  28.05.2026  15:18:08
  3   8   1   6  $12    0.100    29.1538   3497.05   0.0      1.73   0.9  28.05.2026  15:18:11
  3  11   1   9  $12    0.100    43.1406   3696.28   0.0      0.84  11.9  28.05.2026  15:18:13
  3  12   1  10  $12    0.100    33.3784   2737.06   0.0     -0.98   4.1  28.05.2026  15:18:16
  3  12   1  11  $12    0.100    42.7017   2089.44   0.0      2.45   0.4  28.05.2026  15:18:18
  3  15   1  13  $12    0.100    26.6066   2017.62   0.0     -1.99   0.4  28.05.2026  15:18:21
  3  15   7  11  $12    0.100     6.5735   1652.10   0.4     31.17  18.1  28.05.2026  15:18:23
  3  16   1  14  $12    0.100    30.1559   2249.17   0.0     -4.33   1.9  28.05.2026  15:18:25
  3   4   1   2  $12    0.100    -9.5035   1791.37   0.1     -0.77 182.4  28.05.2026  15:18:27
  4   8   1   5  $12    0.100    18.6566   2461.68   0.0     -6.26   9.9  28.05.2026  15:18:29
  4   8  16  12  $12    0.100    18.2013  13723.49   0.0      1.57  19.1  28.05.2026  15:18:31
  4  12   1   9  $12    0.100    21.7607   3638.70   0.0      7.75   1.3  28.05.2026  15:18:33
  4  16   1  13  $12    0.100    13.6660   1756.35   0.0      3.60   6.1  28.05.2026  15:18:35
  4  16   8  12  $12    0.100    15.6504   3933.38   0.0      3.14  12.0  28.05.2026  15:18:37
  5   1   6   2  $12    0.100    79.0087   3384.72   0.0     -2.50   2.0  28.05.2026  15:18:40
  5   1   7   3  $12    0.100    19.4267   3661.84   0.2    424.32   0.3  28.05.2026  15:18:42
  5   1   8   4  $12    0.100    18.9201   2496.45   0.0    -24.05   5.1  28.05.2026  15:18:44
  5   1   9  13  $12    0.100    10.1860   7680.04   0.0    277.84   0.0  28.05.2026  15:18:46
  5   2   6   3  $12    0.100    66.2020   3327.68   0.0    -12.18   0.4  28.05.2026  15:18:48
  5   2   7   4  $12    0.100    14.0370   4409.87   0.2    638.36   0.2  28.05.2026  15:18:50
  5   3   6   4  $12    0.100    68.4725   6453.39   0.0     -2.80   1.4  28.05.2026  15:18:53
  5   6   1   2  $12    0.100    -0.5976   1126.42   0.9  -1098.64   1.9  28.05.2026  15:18:58
  5   6   2   3  $12    0.100     0.4547    342.86   0.1    -48.99   6.4  28.05.2026  15:19:04
  5   6   3   4  $12    0.100    -0.7886    148.65   0.2   -325.71   1.4  28.05.2026  15:19:09
  5   6   7   8  $12    0.100   -19.1573   3611.07   0.0   -538.26   0.0  28.05.2026  15:19:11
  5   6   9  10  $12    0.100    -3.6349   6851.66   0.1   -719.66   0.2  28.05.2026  15:19:13
  5   6  10  11  $12    0.100    -0.9029   3404.02   0.0   -445.40   0.4  28.05.2026  15:19:18
  5   6  11  12  $12    0.100     2.3535  15527.07   0.1   -495.60   0.1  28.05.2026  15:19:20
  5   6  13  14  $12    0.100     6.6752 105691.97   0.0   -361.11   0.1  28.05.2026  15:19:22
  5   6  14  15  $12    0.100    -1.2374  27989.97   0.6   -926.03   0.5  28.05.2026  15:19:27
  5   6  15  16  $12    0.100    -0.5670  17636.21   0.0   -266.11   2.5  28.05.2026  15:19:32
  5   7   1   3  $12    0.100     0.5377    202.70   0.1   1369.72   0.5  28.05.2026  15:19:38
  5   7   2   4  $12    0.100     0.8564    100.90   0.2     80.06   1.3  28.05.2026  15:19:43
  5   7   9  11  $12    0.100    -3.2110   1210.53   0.0   -902.15   0.0  28.05.2026  15:19:45
  5   7  10  12  $12    0.100     2.5516   2104.18   0.1   -289.32   0.1  28.05.2026  15:19:47
  5   7  13  15  $12    0.100    -0.1728    651.58   1.4  -1998.96   1.1  28.05.2026  15:19:57
  5   7  14  16  $12    0.100    -3.4889  18989.52   0.1   -650.63   0.0  28.05.2026  15:19:59
  5   8   1   4  $12    0.100     0.5077     49.62   0.2   2127.44   0.4  28.05.2026  15:20:04
  5   8   6   7  $12    0.100    46.5239   2923.18   0.1   -182.41   1.3  28.05.2026  15:20:07
  5   8   9  12  $12    0.100    -0.5818     56.87   0.5  -3728.71   0.7  28.05.2026  15:20:13
  5   8  13  16  $12    0.100     4.2205   6482.25   0.0   -212.55   0.7  28.05.2026  15:20:15
  5   9   1  13  $12    0.100     3.0884    776.19   0.2    621.64   0.9  28.05.2026  15:20:17
  5   9   6  10  $12    0.100    72.9635   3125.75   0.0     -4.75   0.5  28.05.2026  15:20:19
  5   9   7  11  $12    0.100    11.3900   2146.96   0.2   1049.95   0.2  28.05.2026  15:20:21
  5   9   8  12  $12    0.100    16.5657   2185.79   0.1    -60.40   0.3  28.05.2026  15:20:23
  5  10   6  11  $12    0.100    59.4112   2357.63   0.0     10.30   0.6  28.05.2026  15:20:26
  5  10   7  12  $12    0.100     5.6421    676.78   0.4   1903.85   0.3  28.05.2026  15:20:28
  5  11   6  12  $12    0.100    52.7969   2001.83   0.0    -19.95   0.4  28.05.2026  15:20:30
  5  13   6  14  $12    0.100   144.2493   5190.89   0.0     -4.18   0.1  28.05.2026  15:20:33
  5  13   7  15  $12    0.100    24.3682   2087.87   0.0    450.60   0.1  28.05.2026  15:20:35
  5  13   8  16  $12    0.100    31.1811   5213.92   0.0    -15.02   0.2  28.05.2026  15:20:38
  5  14   6  15  $12    0.100    68.9823   2441.85   0.0    -11.91   0.2  28.05.2026  15:20:40
  5  14   7  16  $12    0.100    26.5587   2177.84   0.0    426.98   0.0  28.05.2026  15:20:42
  5  15   7  16  $12    0.100    77.1904   3777.00   0.0    131.47   0.0  28.05.2026  15:20:45
  6   2   5   1  $12    0.100    80.4115   3444.82   0.0      5.59   2.0  28.05.2026  15:20:47
  6   2  10  14  $12    0.100    14.0679  10606.96   0.2      8.00  28.1  28.05.2026  15:20:49
  6   3   5   2  $12    0.100    65.8578   3310.38   0.0     -5.55   2.2  28.05.2026  15:20:52
  6   4   5   3  $12    0.100    69.8242   6580.78   0.0      3.01   2.6  28.05.2026  15:20:54
  6   7   1   2  $12    0.100     1.4075   5305.99   0.1   -445.27   2.2  28.05.2026  15:21:00
  6   7   5   8  $12    0.100    53.0855   3335.46   0.0   -262.36   0.1  28.05.2026  15:21:02
  6   7   9  10  $12    0.100     4.2072   3172.14   0.7   -609.41   0.2  28.05.2026  15:21:04
  6   7  13  14  $12    0.100    -3.9241  41422.18   0.1   -497.89   0.1  28.05.2026  15:21:06
  6   8   1   3  $12    1.000    14.3159   1180.59   0.0      8.83   1.5  28.05.2026  15:21:10
  6   8   2   4  $12    1.000    13.6569    514.85   0.0      0.14  54.9  28.05.2026  15:21:12
  6   8   9  11  $12    1.000    14.1553    166.76   0.0     15.05   1.4  28.05.2026  15:21:14
  6   8  10  12  $12    1.000    19.4819    734.45   0.0     -0.38  31.3  28.05.2026  15:21:16
  6   8  13  15  $12    1.000     6.5183   1612.63   0.0      8.51   2.7  28.05.2026  15:21:18
  6   8  14  16  $12    1.000     5.3945   2033.69   0.0     28.96   2.5  28.05.2026  15:21:20
  6  10   2  14  $12    0.100     7.1587   1799.19   0.0      6.03   3.7  28.05.2026  15:21:25
  6  10   5   9  $12    0.100    72.6473   3112.20   0.0      3.03   1.4  28.05.2026  15:21:27
  6  11   5  10  $12    0.100    61.3341   2433.94   0.0     -2.10   2.0  28.05.2026  15:21:30
  6  12   5  11  $12    0.100    54.3232   2059.71   0.0    -19.75   0.6  28.05.2026  15:21:32
  6  14   5  13  $12    0.100   152.7566   5497.02   0.0      1.55   4.9  28.05.2026  15:21:35
  6  15   5  14  $12    0.100    68.7800   2434.69   0.0      1.85   4.0  28.05.2026  15:21:37
  7   3   5   1  $12    0.100    11.6406   2194.20   0.0   1171.91   0.0  28.05.2026  15:21:39
  7   3  11  15  $12    0.100    17.1435  12925.90   0.2      6.91  17.9  28.05.2026  15:21:41
  7   4   5   2  $12    0.100     8.2342   2586.85   0.4   1720.12   0.3  28.05.2026  15:21:43
  7   8   1   2  $12    1.000     3.8723   2554.68   0.9   -227.97   0.4  28.05.2026  15:21:47
  7   8   9  10  $12    1.000     5.6166    105.87   0.9   -167.31  14.5  28.05.2026  15:21:49
  7   8  13  14  $12    1.000    19.6347  12953.72   0.2   -202.86   0.8  28.05.2026  15:21:51
  7  11   3  15  $12    0.100     6.3031   1584.15   0.0     26.98   0.5  28.05.2026  15:21:56
  7  11   5   9  $12    0.100    12.7275   2399.08   0.4    922.46   0.5  28.05.2026  15:21:58
  7  12   5  10  $12    0.100     3.3198    398.22   0.6   3951.98   0.6  28.05.2026  15:22:00
  7  15   5  13  $12    0.100    18.7320   1604.95   0.0    723.92   0.1  28.05.2026  15:22:02
  7  16   5  14  $12    0.100    25.2143   2067.59   0.0    489.47   0.1  28.05.2026  15:22:05
  7  16   5  15  $12    0.100    74.9225   3666.03   0.0    169.51   0.3  28.05.2026  15:22:08
  8   4   5   1  $12    0.100    19.1604   2528.16   0.1    -15.10   8.8  28.05.2026  15:22:10
  8   4  12  16  $12    0.100    18.3405  13828.38   0.1      3.22  12.1  28.05.2026  15:22:12
  7   8   5   6  $12    0.100   -21.9406   4135.71   0.0   -592.66   0.0  28.05.2026  15:22:14
  8  12   4  16  $12    0.100    15.8212   3976.30   0.1      1.04 142.1  28.05.2026  15:22:16
  8  12   5   9  $12    0.100    17.2432   2275.19   0.0    -60.99   1.1  28.05.2026  15:22:17
  8  16   5  13  $12    0.100    31.1217   5203.98   0.0     -3.48   1.6  28.05.2026  15:22:20
  9   1  10   2  $12    0.100    94.6738   3406.89   0.0     14.02   0.1  28.05.2026  15:22:22
  9   1  11   3  $12    0.100    42.5108   3642.32   0.0     -0.37   8.5  28.05.2026  15:22:25
  9   1  12   4  $12    0.100    21.7547   3637.69   0.0      5.13   5.8  28.05.2026  15:22:27
  9   2  10   3  $12    0.100    79.1059   2909.49   0.0      4.91   0.9  28.05.2026  15:22:29
  9   2  11   4  $12    0.100    38.0784   3473.03   0.0      3.23   3.2  28.05.2026  15:22:32
  9   3  11   4  $12    0.100    57.7153   3086.26   0.0      7.64   1.3  28.05.2026  15:22:34
  9   5  10   6  $12    0.100    72.5568   3108.32   0.0     -6.38   0.4  28.05.2026  15:22:37
  9   5  11   7  $12    0.100    15.7112   2961.49   0.3    597.00   0.3  28.05.2026  15:22:39
  9   5  12   8  $12    0.100    16.6129   2192.02   0.1    -58.97   4.3  28.05.2026  15:22:41
  9   5  13   1  $12    0.100     4.9344   1240.15   0.1    272.22   0.0  28.05.2026  15:22:43
  9   6  10   7  $12    0.100    61.5374   3093.21   0.0    -31.07   0.5  28.05.2026  15:22:45
  9   6  11   8  $12    0.100    27.1581   8531.96   0.0     10.88   1.8  28.05.2026  15:22:48
  9   7  10   8  $12    0.100    62.3510   5876.44   0.0      0.84   1.3  28.05.2026  15:22:50
  9  10   1   2  $12    1.000     1.1058   1750.87   0.3   -505.51   1.2  28.05.2026  15:22:57
  9  10   2   3  $12    1.000     1.6301   1720.69   0.3   -204.93   1.8  28.05.2026  15:23:03
  9  10   3   4  $12    1.000    -0.4237    279.52   0.4   -383.08   0.6  28.05.2026  15:23:14
  9  10   5   6  $12    0.100    -9.7650  18406.52   0.3   -695.61   0.3  28.05.2026  15:23:19
  9  10   6   7  $12    0.100     5.9635   4496.37   0.5   -654.98   1.8  28.05.2026  15:23:21
  9  10   7   8  $12    0.100    -5.2141    982.83   0.8   -760.68   1.1  28.05.2026  15:23:23
  9  10  12  11  $12    0.100     8.0648   1520.17   0.2     94.75   5.9  28.05.2026  15:23:25
  9  10  13  14  $12    1.000    14.1371   2664.79   0.0   -293.63   0.1  28.05.2026  15:23:29
  9  10  14  15  $12    1.000    12.3314   4648.84   0.0   -208.85   0.3  28.05.2026  15:23:31
  9  10  15  16  $12    1.000    -0.5245    346.01   0.4    177.17   5.3  28.05.2026  15:23:36
  9  11   1   3  $12    1.000     4.6076   1737.03   0.1    -36.33   8.6  28.05.2026  15:23:38
  9  11   2   4  $12    1.000     3.3546    829.94   0.1     45.17   4.7  28.05.2026  15:23:40
  9  11   5   7  $12    1.000    16.6653    628.27   0.2    -13.78  13.9  28.05.2026  15:23:42
  9  11   6   8  $12    1.000    11.7542    138.48   0.0    -34.93   2.2  28.05.2026  15:23:44
  9  11  13  15  $12    0.100     1.5604    588.26   0.0    155.67   1.0  28.05.2026  15:23:49
  9  11  14  16  $12    0.100     0.2342    193.10   0.3   4426.88   0.2  28.05.2026  15:23:53
  9  12   1   4  $12    0.100     2.6533   4075.19   0.0     72.04   0.7  28.05.2026  15:23:55
  9  12   5   8  $12    0.100    -4.0691    397.71   0.4  -1234.28   0.4  28.05.2026  15:23:57
  9  12  10  11  $12    0.100    31.8914   2003.79   0.0      4.55   1.6  28.05.2026  15:24:00
  9  12  13  16  $12    0.100    11.4386   1117.99   0.0     23.67   1.6  28.05.2026  15:24:02
  9  13   5   1  $12    0.100     9.2454   6970.84   0.2    547.02   0.1  28.05.2026  15:24:04
  9  13  10  14  $12    0.100   144.1913   6177.14   0.0     10.90   0.5  28.05.2026  15:24:06
  9  13  11  15  $12    0.100    38.0252   7167.59   0.0      5.05   0.3  28.05.2026  15:24:09
  9  13  12  16  $12    0.100    21.2369   2802.15   0.0     15.33   5.1  28.05.2026  15:24:11
  9  14  10  15  $12    0.100    68.6338   2723.61   0.0      3.34   1.7  28.05.2026  15:24:13
  9  14  11  16  $12    0.100    41.0148   4919.80   0.0      1.75   3.4  28.05.2026  15:24:16
  9  15  10  16  $12    0.100   114.3994   4337.54   0.0      1.67   1.5  28.05.2026  15:24:18
 10   2   9   1  $12    0.100    95.6197   3440.92   0.0     11.36   0.4  28.05.2026  15:24:21
 10   3   9   2  $12    0.100    79.2125   2913.40   0.0      2.43   3.2  28.05.2026  15:24:23
 10   6   9   5  $12    0.100    72.3769   3100.62   0.0      1.71   5.5  28.05.2026  15:24:26
 10   6  14   2  $12    0.100     7.2377   1819.03   0.6     13.79  44.1  28.05.2026  15:24:28
 10   7   9   6  $12    0.100    61.4663   3089.63   0.0    -46.04   0.5  28.05.2026  15:24:30
 10   8   9   7  $12    0.100    62.0954   5852.35   0.0      1.94  11.1  28.05.2026  15:24:33
 10  11   1   2  $12   10.000    11.3641   2570.51   0.1    -40.20   2.3  28.05.2026  15:24:38
 10  11   5   6  $12    1.000     4.2058   1585.57   0.4   -315.92   0.9  28.05.2026  15:24:43
 10  11   9  12  $12    0.100    31.6865   1990.92   0.0      6.03   0.8  28.05.2026  15:24:48
 10  11  13  14  $12   10.000    18.3134    138.08   0.0     93.04   0.1  28.05.2026  15:24:53
 10  12   1   3  $12    1.000    17.2971   9414.51   0.2      0.49  83.5  28.05.2026  15:24:58
 10  12   2   4  $12    0.100     2.4921   9395.13   0.0     -4.21   5.5  28.05.2026  15:25:03
 10  12   5   7  $12    1.000    20.0334   1652.09   0.0   -217.87   0.0  28.05.2026  15:25:07
 10  12   6   8  $12    1.000    18.8029    708.85   0.0     -4.21   1.5  28.05.2026  15:25:09
 10  12  13  15  $12    0.100    10.1912   1200.62   0.0     -7.79   2.6  28.05.2026  15:25:14
 10  12  14  16  $12    0.100    10.7666   4058.91   0.0    -14.35   3.8  28.05.2026  15:25:16
 10  14   6   2  $12    0.100    13.9993  10555.24   0.0      6.67   5.0  28.05.2026  15:25:18
 10  14   9  13  $12    0.100   148.0379   6341.93   0.0     23.26   0.4  28.05.2026  15:25:20
 10  15   9  14  $12    0.100    69.1195   2742.89   0.0      5.79   0.4  28.05.2026  15:25:23
 10  16   9  15  $12    0.100   114.5960   4344.99   0.0      3.02   0.1  28.05.2026  15:25:25
 11   3   9   1  $12    0.100    42.8564   3671.93   0.0      0.64   2.1  28.05.2026  15:25:28
 11   4   9   2  $12    0.100    38.2882   3492.17   0.0      2.46   1.3  28.05.2026  15:25:30
 11   4   9   3  $12    0.100    58.5324   3129.96   0.0      9.42   0.0  28.05.2026  15:25:33
 11   7   9   5  $12    0.100    13.6206   2567.42   0.0    824.14   0.1  28.05.2026  15:25:35
 11   7  15   3  $12    0.100     6.3388   1593.12   0.4     25.13  11.0  28.05.2026  15:25:37
 11   8   9   6  $12    0.100    27.3848   8603.20   0.0      2.30   9.5  28.05.2026  15:25:39
 11  12   1   2  $12    1.000     3.1857   9908.04   0.0   -143.19   0.8  28.05.2026  15:25:43
 11  12   5   6  $12    1.000    14.6422   9659.96   0.2   -636.26   0.1  28.05.2026  15:25:45
 11  12  13  14  $12    1.000     9.3948    177.09   0.0    152.33   0.1  28.05.2026  15:25:47
 11  15   7   3  $12    0.100    17.6689  13322.07   0.0     19.25   1.2  28.05.2026  15:25:52
 11  15   9  13  $12    0.100    38.2867   7216.88   0.0      3.63   1.7  28.05.2026  15:25:55
 11  16   9  14  $12    0.100    41.3167   4956.01   0.0      3.99   1.0  28.05.2026  15:25:57
 12   4   9   1  $12    0.100    21.6501   3620.20   0.0      6.66   7.2  28.05.2026  15:25:59
 12   8   9   5  $12    0.100    16.6452   2196.29   0.0    -36.54   0.7  28.05.2026  15:26:01
 12   8  16   4  $12    0.100    16.2400   4081.56   0.0     -3.32  24.7  28.05.2026  15:26:03
 12  11   9  10  $12    0.100     7.4267   1399.90   0.0     52.47   1.3  28.05.2026  15:26:05
 12  16   8   4  $12    0.100    17.9807  13557.13   0.0      2.72   9.9  28.05.2026  15:26:07
 12  16   9  13  $12    0.100    21.0795   2781.37   0.0     10.94   8.7  28.05.2026  15:26:09
 13   1   9   5  $12    0.100     7.5515   1897.89   0.0     90.93   0.9  28.05.2026  15:26:11
 13   1  14   2  $12    0.100   137.1891   4704.73   0.0     22.67   0.0  28.05.2026  15:26:14
 13   1  15   3  $12    0.100    25.7554   1953.07   0.0     -4.39   0.9  28.05.2026  15:26:16
 13   1  16   4  $12    0.100    13.3969   1721.76   0.0      4.51   1.8  28.05.2026  15:26:18
 13   2  14   3  $12    0.100   120.0428   4151.84   0.0     15.67   0.0  28.05.2026  15:26:21
 13   2  15   4  $12    0.100    19.0925   1477.42   0.0      5.19   4.4  28.05.2026  15:26:23
 13   3  14   4  $12    0.100   118.9062   4155.27   0.0     19.99   0.0  28.05.2026  15:26:25
 13   5  14   6  $12    0.100   144.8287   5211.73   0.0     -6.49   1.2  28.05.2026  15:26:28
 13   5  15   7  $12    0.100    25.8243   2212.62   0.0    381.61   0.0  28.05.2026  15:26:30
 13   5  16   8  $12    0.100    31.2093   5218.62   0.0    -15.38   0.1  28.05.2026  15:26:32
 13   6  14   7  $12    0.100   128.7126   4734.00   0.0     17.48   2.6  28.05.2026  15:26:35
 13   6  15   8  $12    0.100    36.0834   3291.08   0.0      4.12   1.4  28.05.2026  15:26:37
 13   7  15   8  $12    0.100    48.1185   2573.08   0.0     -6.77   0.7  28.05.2026  15:26:40
 13   9   1   5  $12    0.100    10.2902   7758.65   0.1    394.67   1.1  28.05.2026  15:26:42
 13   9  14  10  $12    0.100   144.0028   6169.07   0.0     10.57   0.0  28.05.2026  15:26:44
 13   9  15  11  $12    0.100    38.0297   7168.42   0.0      3.45   1.1  28.05.2026  15:26:47
 13   9  16  12  $12    0.100    21.2750   2807.17   0.0     11.82   0.5  28.05.2026  15:26:49
 13  10  14  11  $12    0.100   131.2927   6599.49   0.0     20.41   0.1  28.05.2026  15:26:51
 13  10  15  12  $12    0.100    26.5706   8347.41   0.0      4.40   1.1  28.05.2026  15:26:54
 13  11  14  12  $12    0.100   119.6535  11277.07   0.0     19.90   0.1  28.05.2026  15:26:57
 13  14   1   2  $12    1.000     5.3765  28984.69   0.3   -155.81   2.3  28.05.2026  15:27:01
 13  14   2   3  $12    1.000    12.8989  53490.36   0.0    -79.65   0.3  28.05.2026  15:27:03
 13  14   3   4  $12    1.000     9.0515  28151.91   0.1    105.32   0.3  28.05.2026  15:27:05
 13  14   5   6  $12    0.100     3.9658  62792.46   0.2   -621.42   0.5  28.05.2026  15:27:09
 13  14   6   7  $12    0.100    -2.5293  26698.70   0.5   -647.10   2.2  28.05.2026  15:27:11
 13  14   7   8  $12    0.100     2.8872  19047.76   0.4   -588.38   0.5  28.05.2026  15:27:13
 13  14   9  10  $12    1.000     5.0457    951.10   0.2   -610.18   0.2  28.05.2026  15:27:17
 13  14  10  11  $12    1.000     3.0448    229.57   0.0   -112.27   1.0  28.05.2026  15:27:19
 13  14  11  12  $12    1.000     9.5099    179.26   0.0     74.07   0.2  28.05.2026  15:27:21
 13  14  16  15  $12    0.100     2.9904    563.68   0.0      5.69   3.1  28.05.2026  15:27:26
 13  15   1   3  $12    0.100     6.8719  90672.27   0.0     22.44   4.6  28.05.2026  15:27:28
 13  15   2   4  $12    0.100     9.6159  97198.24   0.0     -0.48  55.7  28.05.2026  15:27:30
 13  15   5   7  $12    1.000     2.5513    961.83   0.2   1136.41   0.1  28.05.2026  15:27:34
 13  15   6   8  $12    1.000     6.5450   1619.23   0.1      8.72  13.1  28.05.2026  15:27:36
 13  15   9  11  $12    1.000    19.7209    743.46   0.0     96.82   0.6  28.05.2026  15:27:38
 13  15  10  12  $12    0.100     9.7053   1143.37   0.0     -3.13   1.9  28.05.2026  15:27:42
 13  16   1   4  $12    0.100    11.1266  62919.23   0.0      2.33   8.6  28.05.2026  15:27:44
 13  16   5   8  $12    1.000     0.6258     96.11   3.1  11177.31   3.5  28.05.2026  15:27:53
 13  16   9  12  $12    0.100    11.7745   1150.82   0.0      8.66   4.1  28.05.2026  15:27:57
 13  16  14  15  $12    0.100   128.5742   8078.56   0.0      6.52   4.1  28.05.2026  15:28:00
 14   2  10   6  $12    0.100     7.1714   1802.36   0.0      5.99   5.8  28.05.2026  15:28:02
 14   2  13   1  $12    0.100   130.8181   4486.24   0.0     11.96   0.5  28.05.2026  15:28:05
 14   3  13   2  $12    0.100   114.5748   3962.72   0.0      6.86   1.9  28.05.2026  15:28:07
 14   4  13   3  $12    0.100   114.9902   4018.42   0.0     16.60   1.1  28.05.2026  15:28:09
 14   6  13   5  $12    0.100   144.9084   5214.60   0.0     -8.39   0.6  28.05.2026  15:28:12
 14   7  13   6  $12    0.100   126.2838   4644.67   0.0      5.16   0.3  28.05.2026  15:28:14
 14  10   2   6  $12    0.100    13.9819  10542.09   0.0      6.89   6.8  28.05.2026  15:28:16
 14  10  13   9  $12    0.100   142.2144   6092.45   0.0     13.16   0.1  28.05.2026  15:28:19
 14  11  13  10  $12    0.100   129.3173   6500.20   0.0     20.19   0.0  28.05.2026  15:28:21
 14  12  13  11  $12    0.100   118.3417  11153.44   0.0     21.22   0.1  28.05.2026  15:28:24
 14  15   1   2  $12    1.000    12.7427  87430.95   0.0     45.98   0.6  28.05.2026  15:28:27
 14  15   5   6  $12    1.000   -19.8918  44994.16   0.2   -738.36   0.2  28.05.2026  15:28:29
 14  15   9  10  $12    1.000     1.4414    543.40   0.4   2007.12   0.1  28.05.2026  15:28:31
 14  15  13  16  $12    0.100   132.5474   8328.20   0.0     13.76   0.8  28.05.2026  15:28:37
 14  16   1   3  $12    0.100     4.8877  82342.75   0.1     52.57   2.4  28.05.2026  15:28:39
 14  16   2   4  $12    0.100     7.2108  95143.88   0.0     -7.71   3.7  28.05.2026  15:28:41
 14  16   5   7  $12    1.000    -2.2711   1236.11   0.1  -2275.06   0.0  28.05.2026  15:28:44
 14  16   6   8  $12    1.000     4.7766   1800.75   0.1     36.18   2.7  28.05.2026  15:28:46
 14  16   9  11  $12    1.000    15.7880   1301.99   0.0    247.66   0.1  28.05.2026  15:28:48
 14  16  10  12  $12    0.100    10.1944   3843.20   0.0    -12.58   0.3  28.05.2026  15:28:53
 15   3  11   7  $12    0.100     6.3642   1599.50   0.0     36.14   0.8  28.05.2026  15:28:55
 15   3  13   1  $12    0.100    26.2665   1991.83   0.0      0.30   9.0  28.05.2026  15:28:58
 15   4  13   2  $12    0.100    19.2187   1487.19   0.0      5.37   0.3  28.05.2026  15:29:00
 15   7  13   5  $12    0.100    18.4208   1578.29   0.0    711.82   0.0  28.05.2026  15:29:02
 15   8  13   6  $12    0.100    36.2777   3308.80   0.0      2.68   1.3  28.05.2026  15:29:04
 15   8  13   7  $12    0.100    48.0256   2568.12   0.0      2.52   7.5  28.05.2026  15:29:07
 15  11   3   7  $12    0.100    17.3695  13096.27   0.0     11.29   2.2  28.05.2026  15:29:09
 15  11  13   9  $12    0.100    38.2091   7202.25   0.0      4.54   1.3  28.05.2026  15:29:11
 15  12  13  10  $12    0.100    26.4994   8325.05   0.0      4.78   0.4  28.05.2026  15:29:14
 15  16   1   2  $12   10.000     2.3719   2034.27   0.3   -265.80   0.5  28.05.2026  15:29:19
 15  16   5   6  $12   10.000    17.8157   5541.01   0.3   -545.39   0.1  28.05.2026  15:29:21
 15  16   9  10  $12   10.000     9.6420    636.11   0.1   -218.97   0.1  28.05.2026  15:29:23
 16   4  12   8  $12    0.100    15.7150   3949.61   0.0     -0.41   8.0  28.05.2026  15:29:31
 16   4  13   1  $12    0.100    13.6611   1755.72   0.0      3.87   2.3  28.05.2026  15:29:33
 16   8  13   5  $12    0.100    31.0222   5187.34   0.0     -2.23  12.1  28.05.2026  15:29:35
 16  12   4   8  $12    0.100    18.1574  13690.32   0.1      4.80  28.7  28.05.2026  15:29:37
 16  12  13   9  $12    0.100    21.2496   2803.81   0.1     10.26   3.3  28.05.2026  15:29:39
 16  15  13  14  $12    0.100     2.8325    533.92   0.4      5.66 146.9  28.05.2026  15:29:41
