//C:\Users\user\Desktop\GeoTom_v2\GeoTomE724.ini
//- Cable direction:
//  cable I: normal
//  cable II: normal
//  cable III: normal
//  cable IV: normal
//- Cable arrangement: sequential
//- Optimization: Last measurement
//- Sorting: Multi-level
//- Current levels: 0.1 mA .. 50.0 mA
Type:         Flow
Name:         Hyprop
Comment:      Example of a measurements sequence
Comment:      
Comment:      
Spacing:      1.00000
First El:     0.00000
Nr of points: 312
IP present:   1

  1   2   4   3  $12    0.100     9.4868   1788.21   0.0    -17.74   2.3  28.05.2026  17:15:05
  1   2   5   6  $12    1.000   -13.4294   2531.39   0.1   -813.52   0.3  28.05.2026  17:15:10
  1   2   6   7  $12    1.000    16.5774   6249.54   0.0   -512.31   0.2  28.05.2026  17:15:12
  1   2   7   8  $12    1.000   -10.8288   7144.12   0.1   -809.91   0.2  28.05.2026  17:15:14
  1   2   9  10  $12    1.000    -5.1250   8114.70   0.3   -668.61   0.5  28.05.2026  17:15:16
  1   2  10  11  $12    1.000     1.5436   3491.49   0.0    -60.02   1.5  28.05.2026  17:15:21
  1   2  11  12  $12    1.000     2.9698   9236.73   0.1   -168.44   0.5  28.05.2026  17:15:23
  1   2  13  14  $12    1.000     7.9116  42651.29   0.1   -195.18   0.2  28.05.2026  17:15:25
  1   2  14  15  $12    1.000     8.7682  60160.56   0.0    280.96   0.4  28.05.2026  17:15:27
  1   2  15  16  $12    1.000     0.3242   2780.54   0.1   -154.99   3.7  28.05.2026  17:15:32
  1   3   5   7  $12    1.000    11.6217    438.13   0.2    226.09   0.5  28.05.2026  17:15:34
  1   3   6   8  $12    1.000    14.0534   1158.94   0.0      8.34   1.2  28.05.2026  17:15:36
  1   3   9  11  $12    1.000    -2.7076   1020.75   0.1  -1657.85   0.3  28.05.2026  17:15:38
  1   3  10  12  $12    1.000    15.8621   8633.46   0.0    -44.49   0.6  28.05.2026  17:15:40
  1   3  13  15  $12    0.100     6.5562  86507.07   0.1     30.74   0.5  28.05.2026  17:15:45
  1   3  14  16  $12    0.100     4.4006  74135.52   0.0    100.60   0.3  28.05.2026  17:15:47
  1   4   2   3  $12    0.100    51.6408   3244.69   0.0     14.90   1.2  28.05.2026  17:15:49
  1   4   5   8  $12    1.000     9.5424     93.27   0.2   1248.57   0.9  28.05.2026  17:15:53
  1   4   9  12  $12    0.100     2.4033   3691.28   0.2    152.21   0.7  28.05.2026  17:15:58
  1   4  13  16  $12    0.100    11.0900  62712.67   0.0     13.46   3.6  28.05.2026  17:16:00
  1   5   2   6  $12    0.100    83.6579   3583.90   0.0     -8.04   0.8  28.05.2026  17:16:02
  1   5   3   7  $12    0.100    16.0090   3017.62   0.0    669.20   0.1  28.05.2026  17:16:04
  1   5   4   8  $12    0.100    19.9456   2631.76   0.0    -42.89   0.0  28.05.2026  17:16:06
  1   5  13   9  $12    0.100     6.8027   5129.08   0.1    709.36   0.5  28.05.2026  17:16:08
  1   6   2   7  $12    0.100    70.4242   2794.66   0.0    -12.47   1.2  28.05.2026  17:16:11
  1   6   3   8  $12    0.100    28.7596   3449.76   0.0      2.73   1.1  28.05.2026  17:16:13
  1   7   2   8  $12    0.100    73.8533   2800.20   0.0     -4.70   0.1  28.05.2026  17:16:16
  1   9   2  10  $12    0.100    99.0592   3564.70   0.0     13.79   0.2  28.05.2026  17:16:18
  1   9   3  11  $12    0.100    43.0005   3684.27   0.0     -1.42   2.0  28.05.2026  17:16:21
  1   9   4  12  $12    0.100    22.0103   3680.43   0.0      4.17   0.9  28.05.2026  17:16:23
  1  10   2  11  $12    0.100    85.7252   3034.52   0.0     19.44   0.1  28.05.2026  17:16:25
  1  10   3  12  $12    0.100    33.1276   2716.49   0.0     -4.07   0.9  28.05.2026  17:16:28
  1  11   3  12  $12    0.100    42.5074   2079.93   0.0     -0.58   3.5  28.05.2026  17:16:30
  1  13   2  14  $12    0.100   149.3276   5121.00   0.0     31.98   0.1  28.05.2026  17:16:33
  1  13   3  15  $12    0.100    25.8174   1957.77   0.0     -4.18   3.8  28.05.2026  17:16:35
  1  13   4  16  $12    0.100    13.6219   1750.69   0.0      4.61   0.4  28.05.2026  17:16:37
  1  13   5   9  $12    0.100     7.7932   1958.65   0.0     94.14   1.0  28.05.2026  17:16:39
  1  14   2  15  $12    0.100    68.6261   2336.78   0.0     14.46   0.3  28.05.2026  17:16:42
  1  14   3  16  $12    0.100    29.4737   2198.28   0.0     -8.66   2.0  28.05.2026  17:16:44
  1  15   2  16  $12    0.100   117.5044   3977.04   0.0      8.98   0.2  28.05.2026  17:16:46
  2   3   1   4  $12    0.100    52.5720   3303.20   0.0     23.53   0.1  28.05.2026  17:16:49
  2   3   5   6  $12    1.000     2.9604    223.21   0.2    222.78   3.5  28.05.2026  17:16:53
  2   3   9  10  $12   10.000     6.3556    670.88   0.3     80.85   2.1  28.05.2026  17:16:56
  2   3  13  14  $12    1.000    10.7867  44731.50   0.0      1.12  13.2  28.05.2026  17:17:01
  2   4   5   7  $12    1.000    12.6591    149.14   0.0     -4.23   3.4  28.05.2026  17:17:03
  2   4   6   8  $12    1.000    13.6570    514.86   0.0     -3.49  13.3  28.05.2026  17:17:05
  2   4   9  11  $12    1.000     6.8668   1698.85   0.1   -134.74   0.3  28.05.2026  17:17:07
  2   4  10  12  $12    0.100     2.3907   9012.65   0.0      3.52   4.2  28.05.2026  17:17:12
  2   4  13  15  $12    0.100     9.7231  98282.02   0.0     -1.25  41.0  28.05.2026  17:17:14
  2   4  14  16  $12    0.100     7.2910  96202.43   0.0     -9.85   4.8  28.05.2026  17:17:16
  2   6   1   5  $12    0.100    82.5448   3536.21   0.0      4.15   2.5  28.05.2026  17:17:19
  2   6  14  10  $12    0.100    14.1645  10679.78   0.0      9.58  11.5  28.05.2026  17:17:21
  2   7   1   6  $12    0.100    69.5720   2760.84   0.0    -14.10   0.2  28.05.2026  17:17:23
  2   8   1   7  $12    0.100    72.8020   2760.34   0.0      7.10   2.7  28.05.2026  17:17:26
  2  10   1   9  $12    0.100    98.3512   3539.22   0.0     13.25   0.2  28.05.2026  17:17:28
  2  11   1  10  $12    0.100    84.8501   3003.54   0.0     16.69   0.1  28.05.2026  17:17:31
  2  14   1  13  $12    0.100   152.1622   5218.21   0.0     41.08   0.0  28.05.2026  17:17:33
  2  14   6  10  $12    0.100     7.2428   1820.31   0.3      8.52  25.2  28.05.2026  17:17:35
  2  15   1  14  $12    0.100    68.7170   2339.87   0.0     16.92   1.3  28.05.2026  17:17:37
  2  16   1  15  $12    0.100   117.0777   3962.60   0.0     10.14   0.0  28.05.2026  17:17:40
  3   4   5   6  $12    1.000     4.5891     86.50   0.1   -698.82   0.2  28.05.2026  17:17:44
  3   4   9  10  $12    1.000     2.3838   1572.70   0.2   -514.08   0.2  28.05.2026  17:17:46
  3   4  13  14  $12    1.000    10.5458  32799.17   0.0     54.24   0.9  28.05.2026  17:17:48
  3   7   1   5  $12    0.100    18.1631   3423.66   0.1    507.73   0.3  28.05.2026  17:17:53
  3   7  15  11  $12    0.100    17.4577  13162.76   0.0      4.17  11.5  28.05.2026  17:17:55
  3   8   1   6  $12    0.100    29.2922   3513.65   0.0      1.52   8.2  28.05.2026  17:17:58
  3  11   1   9  $12    0.100    43.5722   3733.26   0.0      1.70   2.7  28.05.2026  17:18:00
  3  12   1  10  $12    0.100    33.6449   2758.92   0.0     -0.78   3.6  28.05.2026  17:18:03
  3  12   1  11  $12    0.100    43.2332   2115.44   0.0      3.23   0.5  28.05.2026  17:18:05
  3  15   1  13  $12    0.100    26.8993   2039.82   0.0      0.23  11.0  28.05.2026  17:18:08
  3  15   7  11  $12    0.100     6.4610   1623.84   0.4     36.12  14.1  28.05.2026  17:18:10
  3  16   1  14  $12    0.100    30.9744   2310.21   0.0     -0.18  73.7  28.05.2026  17:18:12
  3   4   1   2  $12    0.100    -9.6576   1820.41   0.2      2.95  42.1  28.05.2026  17:18:14
  4   8   1   5  $12    0.100    19.1186   2522.63   0.0     -8.13  11.6  28.05.2026  17:18:16
  4   8  16  12  $12    0.100    18.7760  14156.76   0.0      1.92  13.5  28.05.2026  17:18:18
  4  12   1   9  $12    0.100    22.0196   3681.97   0.0     10.93   1.8  28.05.2026  17:18:20
  4  16   1  13  $12    0.100    13.8724   1782.88   0.0      4.34  15.8  28.05.2026  17:18:22
  4  16   8  12  $12    0.100    15.9227   4001.82   0.0      2.24  20.6  28.05.2026  17:18:24
  5   1   6   2  $12    0.100    83.4886   3576.64   0.0     -1.99   2.9  28.05.2026  17:18:26
  5   1   7   3  $12    0.100    17.5873   3315.13   0.2    557.66   0.5  28.05.2026  17:18:28
  5   1   8   4  $12    0.100    19.4467   2565.93   0.1    -34.43   2.6  28.05.2026  17:18:30
  5   1   9  13  $12    0.100     7.8228   5898.26   0.1    553.12   0.2  28.05.2026  17:18:32
  5   2   6   3  $12    0.100    67.6479   3400.35   0.0    -13.04   0.2  28.05.2026  17:18:35
  5   2   7   4  $12    0.100    12.5356   3938.19   0.0    833.73   0.2  28.05.2026  17:18:37
  5   3   6   4  $12    0.100    70.7800   6670.86   0.0     -7.12   0.7  28.05.2026  17:18:39
  5   6   1   2  $12    0.100    -0.5838   1100.48   0.6  -1450.78   0.3  28.05.2026  17:18:45
  5   6   2   3  $12    0.100     0.1385    104.44   0.9    618.62   1.7  28.05.2026  17:18:55
  5   6   3   4  $12    0.100    -0.6663    125.60   0.9   -226.65   2.1  28.05.2026  17:19:00
  5   6   7   8  $12    0.100   -22.8851   4313.74   0.0   -560.38   0.1  28.05.2026  17:19:02
  5   6   9  10  $12    0.100    -6.1783  11645.91   0.0   -714.59   0.1  28.05.2026  17:19:04
  5   6  10  11  $12    0.100    -1.4393   5425.96   0.0   -420.99   0.1  28.05.2026  17:19:10
  5   6  11  12  $12    0.100     2.9654  19563.48   0.0   -493.36   0.0  28.05.2026  17:19:12
  5   6  13  14  $12    0.100     6.4188 101632.15   0.0   -324.35   0.1  28.05.2026  17:19:13
  5   6  14  15  $12    0.100    -1.0049  22730.63   0.5  -1093.24   0.8  28.05.2026  17:19:19
  5   6  15  16  $12    0.100    -0.5467  17001.99   0.2   -269.40   2.6  28.05.2026  17:19:24
  5   7   1   3  $12    0.100     0.3916    147.63   0.7   2448.07   0.9  28.05.2026  17:19:30
  5   7   2   4  $12    0.100     0.9133    107.60   0.3     10.18  18.8  28.05.2026  17:19:35
  5   7   9  11  $12    0.100    -5.5712   2100.28   0.1   -793.85   0.1  28.05.2026  17:19:37
  5   7  10  12  $12    0.100     2.6700   2201.85   0.1   -303.85   0.4  28.05.2026  17:19:39
  5   7  13  15  $12    0.100    -0.7692   2899.68   0.7   -832.84   0.1  28.05.2026  17:19:44
  5   7  14  16  $12    0.100    -4.4870  24422.01   0.1   -570.27   0.1  28.05.2026  17:19:46
  5   8   1   4  $12    0.100     1.1745    114.79   0.9    936.85   1.2  28.05.2026  17:19:51
  5   8   6   7  $12    0.100    50.5944   3178.94   0.1   -221.86   0.5  28.05.2026  17:19:54
  5   8   9  12  $12    0.100    -3.1502    307.90   0.8  -1240.33   0.1  28.05.2026  17:19:56
  5   8  13  16  $12    0.100     4.2340   6502.90   0.0   -183.58   0.4  28.05.2026  17:19:58
  5   9   1  13  $12    0.100     3.6598    919.80   0.4    535.81   0.4  28.05.2026  17:20:00
  5   9   6  10  $12    0.100    75.8096   3247.68   0.0     -4.51   0.1  28.05.2026  17:20:02
  5   9   7  11  $12    0.100    10.1815   1919.16   0.3   1294.15   0.4  28.05.2026  17:20:04
  5   9   8  12  $12    0.100    17.0700   2252.33   0.1    -62.83   1.0  28.05.2026  17:20:06
  5  10   6  11  $12    0.100    60.7820   2412.03   0.0     12.40   0.5  28.05.2026  17:20:09
  5  10   7  12  $12    0.100     3.8191    458.11   0.5   3147.18   0.6  28.05.2026  17:20:11
  5  11   6  12  $12    0.100    54.2362   2056.41   0.0    -21.94   0.4  28.05.2026  17:20:13
  5  13   6  14  $12    0.100   156.0322   5614.90   0.0      8.12   0.5  28.05.2026  17:20:16
  5  13   7  15  $12    0.100    22.9569   1966.94   0.0    539.06   0.1  28.05.2026  17:20:18
  5  13   8  16  $12    0.100    32.0154   5353.41   0.0    -15.51   0.5  28.05.2026  17:20:20
  5  14   6  15  $12    0.100    71.1339   2518.02   0.0    -13.10   0.3  28.05.2026  17:20:23
  5  14   7  16  $12    0.100    25.6887   2106.49   0.0    494.42   0.1  28.05.2026  17:20:25
  5  15   7  16  $12    0.100    76.7264   3754.30   0.0    148.66   0.0  28.05.2026  17:20:28
  6   2   5   1  $12    0.100    84.7891   3632.36   0.0     10.45   2.5  28.05.2026  17:20:30
  6   2  10  14  $12    0.100    14.1707  10684.46   0.0      7.95  24.8  28.05.2026  17:20:32
  6   3   5   2  $12    0.100    67.1459   3375.12   0.0     -4.97   1.7  28.05.2026  17:20:35
  6   4   5   3  $12    0.100    71.6937   6756.97   0.0     -0.38  18.7  28.05.2026  17:20:37
  6   7   1   2  $12    0.100     1.4714   5547.00   0.5   -550.27   1.9  28.05.2026  17:20:43
  6   7   5   8  $12    0.100    55.5239   3488.67   0.0   -272.57   0.1  28.05.2026  17:20:45
  6   7   9  10  $12    0.100     6.3737   4805.64   0.5   -625.64   0.7  28.05.2026  17:20:47
  6   7  13  14  $12    0.100    -4.7082  49698.23   0.1   -451.14   0.5  28.05.2026  17:20:49
  6   8   1   3  $12    1.000    14.4438   1191.13   0.0      9.39   1.0  28.05.2026  17:20:53
  6   8   2   4  $12    1.000    13.6276    513.75   0.0     -0.25  62.2  28.05.2026  17:20:55
  6   8   9  11  $12    1.000    14.0174    165.14   0.0     20.33   0.7  28.05.2026  17:20:57
  6   8  10  12  $12    1.000    19.6797    741.91   0.0     -1.76   7.1  28.05.2026  17:20:59
  6   8  13  15  $12    1.000     6.5020   1608.60   0.0      8.55   8.3  28.05.2026  17:21:01
  6   8  14  16  $12    1.000     5.1962   1958.92   0.0     29.85   4.9  28.05.2026  17:21:03
  6  10   2  14  $12    0.100     7.2403   1819.68   0.0      7.68   4.5  28.05.2026  17:21:08
  6  10   5   9  $12    0.100    75.0314   3214.34   0.0      3.34   3.1  28.05.2026  17:21:10
  6  11   5  10  $12    0.100    62.8282   2493.23   0.0     -1.67  11.4  28.05.2026  17:21:13
  6  12   5  11  $12    0.100    55.8664   2118.22   0.0    -21.86   0.7  28.05.2026  17:21:15
  6  14   5  13  $12    0.100   167.2262   6017.72   0.0      4.08   4.1  28.05.2026  17:21:18
  6  15   5  14  $12    0.100    71.1100   2517.17   0.0      3.01   3.1  28.05.2026  17:21:20
  7   3   5   1  $12    0.100    10.5419   1987.11   0.1   1400.71   0.2  28.05.2026  17:21:22
  7   3  11  15  $12    0.100    17.7522  13384.84   0.1      4.79   6.6  28.05.2026  17:21:24
  7   4   5   2  $12    0.100     7.4080   2327.31   0.0   2027.20   0.0  28.05.2026  17:21:26
  7   8   1   2  $12    0.100    -0.8696   5737.27   0.2   -909.16   0.3  28.05.2026  17:21:32
  7   8   9  10  $12    0.100    -5.8901   1110.26   0.0   -652.85   0.1  28.05.2026  17:21:34
  7   8  13  14  $12    0.100     5.0136  33076.67   0.1   -436.92   0.0  28.05.2026  17:21:36
  7  11   3  15  $12    0.100     6.3074   1585.22   0.0     33.48   2.1  28.05.2026  17:21:38
  7  11   5   9  $12    0.100    10.8654   2048.08   0.0   1188.53   0.1  28.05.2026  17:21:40
  7  12   5  10  $12    0.100     1.7863    214.27   0.0   8233.26   0.0  28.05.2026  17:21:42
  7  15   5  13  $12    0.100    14.8832   1275.19   0.0   1080.46   0.0  28.05.2026  17:21:44
  7  16   5  14  $12    0.100    20.0512   1644.21   0.0    799.48   0.0  28.05.2026  17:21:46
  7  16   5  15  $12    0.100    73.7576   3609.03   0.0    195.99   0.2  28.05.2026  17:21:49
  8   4   5   1  $12    0.100    19.6773   2596.35   0.0    -26.89   2.2  28.05.2026  17:21:51
  8   4  12  16  $12    0.100    18.8974  14248.32   0.0      1.38  52.8  28.05.2026  17:21:53
  7   8   5   6  $12    0.100   -25.1814   4746.58   0.0   -612.44   0.1  28.05.2026  17:21:55
  8  12   4  16  $12    0.100    16.1012   4046.67   0.0     -1.76  35.3  28.05.2026  17:21:57
  8  12   5   9  $12    0.100    17.5269   2312.62   0.0    -60.98   1.1  28.05.2026  17:21:59
  8  16   5  13  $12    0.100    31.9467   5341.93   0.0     -4.69   1.8  28.05.2026  17:22:02
  9   1  10   2  $12    0.100    99.7291   3588.80   0.0     17.05   0.9  28.05.2026  17:22:04
  9   1  11   3  $12    0.100    43.1316   3695.51   0.0     -1.35   5.2  28.05.2026  17:22:06
  9   1  12   4  $12    0.100    22.0317   3684.01   0.0      6.07   3.3  28.05.2026  17:22:08
  9   2  10   3  $12    0.100    81.4519   2995.77   0.0      4.70   0.2  28.05.2026  17:22:11
  9   2  11   4  $12    0.100    38.8087   3539.65   0.0      0.10  13.9  28.05.2026  17:22:13
  9   3  11   4  $12    0.100    58.9087   3150.08   0.0      4.15   0.3  28.05.2026  17:22:16
  9   5  10   6  $12    0.100    75.2819   3225.07   0.0     -5.58   0.4  28.05.2026  17:22:18
  9   5  11   7  $12    0.100    13.2303   2493.86   0.4    876.36   0.3  28.05.2026  17:22:20
  9   5  12   8  $12    0.100    17.0873   2254.62   0.1    -66.25   3.6  28.05.2026  17:22:22
  9   5  13   1  $12    0.100     5.8896   1480.21   0.0    200.59   0.2  28.05.2026  17:22:24
  9   6  10   7  $12    0.100    67.3700   3386.38   0.0    -69.76   0.1  28.05.2026  17:22:27
  9   6  11   8  $12    0.100    27.4223   8614.98   0.0     10.63   0.5  28.05.2026  17:22:29
  9   7  10   8  $12    0.100    65.0258   6128.54   0.0      0.82   0.9  28.05.2026  17:22:32
  9  10   1   2  $12    1.000     5.0111   7934.38   0.0   -344.61   2.0  28.05.2026  17:22:43
  9  10   2   3  $12    0.100     0.0883    931.79   1.2    179.62   3.5  28.05.2026  17:22:48
  9  10   3   4  $12    0.100     0.3918   2584.71   0.3   -477.16   1.2  28.05.2026  17:22:55
  9  10   5   6  $12    0.100   -15.3299  28896.21   0.0   -704.62   0.3  28.05.2026  17:22:57
  9  10   6   7  $12    0.100    10.4909   7909.94   0.2   -688.30   0.7  28.05.2026  17:22:59
  9  10   7   8  $12    0.100    -9.9228   1870.41   0.3   -729.72   0.2  28.05.2026  17:23:01
  9  10  12  11  $12    0.100     8.2779   1560.34   0.2    126.70   0.4  28.05.2026  17:23:03
  9  10  13  14  $12    0.100     2.4780   4670.96   0.0   -536.15   0.5  28.05.2026  17:23:05
  9  10  14  15  $12    0.100    -3.0128  11358.01   0.1   -615.70   0.7  28.05.2026  17:23:07
  9  10  15  16  $12    1.000    -0.9366    617.91   4.5   -693.47   0.7  28.05.2026  17:23:18
  9  11   1   3  $12    0.100    -0.6092   2296.73   0.3  -1149.38   0.3  28.05.2026  17:23:24
  9  11   2   4  $12    0.100     0.8324   2059.32   0.4   -200.44   1.4  28.05.2026  17:23:29
  9  11   5   7  $12    0.100    -3.4242   1290.88   0.2   -941.70   0.3  28.05.2026  17:23:31
  9  11   6   8  $12    1.000     9.7197    114.51   0.5     32.83   6.5  28.05.2026  17:23:35
  9  11  13  15  $12    0.100     0.9740    367.20   0.1    566.40   0.2  28.05.2026  17:23:40
  9  11  14  16  $12    0.100    -1.4087   1161.67   0.4  -1333.90   0.5  28.05.2026  17:23:44
  9  12   1   4  $12    0.100     2.3866   3665.54   0.2    168.44   2.5  28.05.2026  17:23:46
  9  12   5   8  $12    0.100    -9.3268    911.59   0.0   -941.17   0.0  28.05.2026  17:23:48
  9  12  10  11  $12    0.100    33.0465   2076.37   0.0      3.47   6.7  28.05.2026  17:23:51
  9  12  13  16  $12    0.100    11.2102   1095.67   0.0     47.51   1.0  28.05.2026  17:23:53
  9  13   5   1  $12    0.100     5.7404   4328.17   0.2   1389.96   0.0  28.05.2026  17:23:54
  9  13  10  14  $12    0.100   157.9397   6766.12   0.0     16.63   0.2  28.05.2026  17:23:57
  9  13  11  15  $12    0.100    38.9261   7337.39   0.0      4.84   1.6  28.05.2026  17:24:00
  9  13  12  16  $12    0.100    21.6082   2851.14   0.0     18.79   1.2  28.05.2026  17:24:02
  9  14  10  15  $12    0.100    71.1846   2824.84   0.0      1.34   1.4  28.05.2026  17:24:04
  9  14  11  16  $12    0.100    42.3196   5076.31   0.0     -0.65   7.2  28.05.2026  17:24:06
  9  15  10  16  $12    0.100   117.1089   4440.27   0.0      0.55   1.0  28.05.2026  17:24:09
 10   2   9   1  $12    0.100   100.2852   3608.81   0.0     15.95   0.4  28.05.2026  17:24:11
 10   3   9   2  $12    0.100    80.9820   2978.49   0.0      2.56   1.2  28.05.2026  17:24:14
 10   6   9   5  $12    0.100    74.4810   3190.76   0.0      1.64   4.9  28.05.2026  17:24:16
 10   6  14   2  $12    0.100     7.2092   1811.88   0.5      9.64  95.5  28.05.2026  17:24:18
 10   7   9   6  $12    0.100    65.2693   3280.79   0.0    -73.73   0.4  28.05.2026  17:24:21
 10   8   9   7  $12    0.100    63.8701   6019.61   0.0      2.57   1.4  28.05.2026  17:24:23
 10  11   1   2  $12   10.000    11.9779   2709.34   0.1    -77.23   1.6  28.05.2026  17:24:29
 10  11   5   6  $12    1.000     4.4128   1663.59   0.4   -365.59   0.9  28.05.2026  17:24:33
 10  11   9  12  $12    0.100    32.7923   2060.40   0.0      5.70   2.2  28.05.2026  17:24:39
 10  11  13  14  $12   10.000    19.4330    146.52   0.0    100.48   0.5  28.05.2026  17:24:44
 10  12   1   3  $12    1.000    18.1874   9899.06   0.0    -11.88   1.2  28.05.2026  17:24:50
 10  12   2   4  $12    0.100     2.5481   9606.12   0.0     -3.21   7.8  28.05.2026  17:24:55
 10  12   5   7  $12    1.000    19.6320   1618.99   0.0   -206.76   0.0  28.05.2026  17:24:58
 10  12   6   8  $12    1.000    19.0528    718.27   0.0     -5.27   5.2  28.05.2026  17:25:00
 10  12  13  15  $12    0.100    10.4694   1233.39   0.0     -9.92   1.4  28.05.2026  17:25:05
 10  12  14  16  $12    0.100    10.9832   4140.58   0.1    -19.15   1.2  28.05.2026  17:25:07
 10  14   6   2  $12    0.100    14.1874  10697.01   0.0      8.94   8.1  28.05.2026  17:25:09
 10  14   9  13  $12    0.100   161.9763   6939.05   0.0     30.64   0.3  28.05.2026  17:25:12
 10  15   9  14  $12    0.100    71.7644   2847.85   0.0      6.52   1.9  28.05.2026  17:25:14
 10  16   9  15  $12    0.100   117.3163   4448.14   0.0      2.90   0.5  28.05.2026  17:25:17
 11   3   9   1  $12    0.100    43.5207   3728.85   0.0      1.04   5.4  28.05.2026  17:25:19
 11   4   9   2  $12    0.100    38.9970   3556.82   0.0      0.30  29.2  28.05.2026  17:25:22
 11   4   9   3  $12    0.100    59.8403   3199.90   0.0      7.89   1.1  28.05.2026  17:25:24
 11   7   9   5  $12    0.100    14.4962   2732.47   0.1    770.20   0.1  28.05.2026  17:25:26
 11   7  15   3  $12    0.100     6.3043   1584.45   0.6     36.16  15.9  28.05.2026  17:25:28
 11   8   9   6  $12    0.100    27.7003   8702.31   0.0      6.33   2.5  28.05.2026  17:25:31
 11  12   1   2  $12    1.000     3.5501  11041.32   0.0   -182.24   0.3  28.05.2026  17:25:35
 11  12   5   6  $12    1.000    16.2856  10744.16   0.1   -643.79   0.2  28.05.2026  17:25:37
 11  12  13  14  $12    1.000    10.3514    195.12   0.3    166.64   0.7  28.05.2026  17:25:39
 11  15   7   3  $12    0.100    18.2176  13735.73   0.0     23.25   0.9  28.05.2026  17:25:43
 11  15   9  13  $12    0.100    39.2980   7407.50   0.0      3.43   5.1  28.05.2026  17:25:46
 11  16   9  14  $12    0.100    42.8673   5142.01   0.0      4.55   0.2  28.05.2026  17:25:48
 12   4   9   1  $12    0.100    21.9889   3676.85   0.0      6.22   7.4  28.05.2026  17:25:50
 12   8   9   5  $12    0.100    16.9672   2238.76   0.0    -38.45   0.3  28.05.2026  17:25:52
 12   8  16   4  $12    0.100    16.6398   4182.03   0.0     -1.71 103.1  28.05.2026  17:25:54
 12  11   9  10  $12    0.100     7.3316   1381.97   0.2     65.72   2.2  28.05.2026  17:25:56
 12  16   8   4  $12    0.100    18.4613  13919.50   0.0      1.35  25.8  28.05.2026  17:25:59
 12  16   9  13  $12    0.100    21.5453   2842.83   0.0     13.28  12.9  28.05.2026  17:26:00
 13   1   9   5  $12    0.100     7.7411   1945.55   0.1     83.32   0.2  28.05.2026  17:26:02
 13   1  14   2  $12    0.100   151.5695   5197.88   0.0     35.53   0.0  28.05.2026  17:26:05
 13   1  15   3  $12    0.100    26.0723   1977.10   0.0     -3.97   1.8  28.05.2026  17:26:07
 13   1  16   4  $12    0.100    13.6594   1755.51   0.0      4.10   3.2  28.05.2026  17:26:09
 13   2  14   3  $12    0.100   131.0264   4531.72   0.0     29.64   0.1  28.05.2026  17:26:12
 13   2  15   4  $12    0.100    19.4521   1505.25   0.0      4.43   5.0  28.05.2026  17:26:14
 13   3  14   4  $12    0.100   129.5913   4528.67   0.0     33.12   0.0  28.05.2026  17:26:16
 13   5  14   6  $12    0.100   156.7326   5640.11   0.0      3.33   1.0  28.05.2026  17:26:19
 13   5  15   7  $12    0.100    23.7417   2034.18   0.0    493.80   0.0  28.05.2026  17:26:21
 13   5  16   8  $12    0.100    32.1066   5368.66   0.0    -17.98   0.0  28.05.2026  17:26:24
 13   6  14   7  $12    0.100   140.2220   5157.31   0.0     28.06   0.1  28.05.2026  17:26:26
 13   6  15   8  $12    0.100    36.8307   3359.23   0.0      4.81   1.2  28.05.2026  17:26:29
 13   7  15   8  $12    0.100    49.6238   2653.58   0.0     -9.04   0.0  28.05.2026  17:26:31
 13   9   1   5  $12    0.100     7.2551   5470.20   0.2    892.47   0.5  28.05.2026  17:26:33
 13   9  14  10  $12    0.100   157.2952   6738.51   0.0     16.99   0.3  28.05.2026  17:26:36
 13   9  15  11  $12    0.100    38.9877   7349.01   0.0      2.72   1.7  28.05.2026  17:26:38
 13   9  16  12  $12    0.100    21.6988   2863.08   0.0     15.51   0.6  28.05.2026  17:26:40
 13  10  14  11  $12    0.100   142.2299   7149.26   0.0     33.03   0.0  28.05.2026  17:26:43
 13  10  15  12  $12    0.100    27.2489   8560.49   0.0      3.89   3.4  28.05.2026  17:26:45
 13  11  14  12  $12    0.100   130.4653  12296.07   0.0     33.98   0.0  28.05.2026  17:26:48
 13  14   1   2  $12    1.000     6.0476  32602.25   0.8   -332.10   2.7  28.05.2026  17:26:52
 13  14   2   3  $12    1.000    15.5175  64349.76   0.0   -233.76   0.1  28.05.2026  17:26:54
 13  14   3   4  $12    1.000     7.6932  23927.06   0.1    315.25   0.0  28.05.2026  17:26:56
 13  14   5   6  $12    0.100     4.0453  64052.27   0.9   -641.84   1.0  28.05.2026  17:27:01
 13  14   6   7  $12    0.100    -3.0112  31785.61   0.4   -661.42   1.1  28.05.2026  17:27:03
 13  14   7   8  $12    0.100     3.6181  23870.00   0.0   -587.18   0.6  28.05.2026  17:27:05
 13  14   9  10  $12    1.000    20.7844   3917.76   0.1  -1030.13   0.8  28.05.2026  17:27:09
 13  14  10  11  $12    1.000     3.7120    279.88   0.2   -389.53   0.2  28.05.2026  17:27:11
 13  14  11  12  $12    1.000    11.0958    209.15   0.2    -22.37  11.9  28.05.2026  17:27:13
 13  14  16  15  $12    0.100     3.1124    586.67   0.0      9.11   3.3  28.05.2026  17:27:18
 13  15   1   3  $12    0.100     7.0496  93017.24   0.0     30.18   2.7  28.05.2026  17:27:19
 13  15   2   4  $12    0.100     9.8099  99159.15   0.0     -1.86  23.0  28.05.2026  17:27:22
 13  15   5   7  $12    1.000     2.3284    877.80   0.3   1281.78   0.3  28.05.2026  17:27:25
 13  15   6   8  $12    1.000     6.5033   1608.91   0.0      8.85  18.1  28.05.2026  17:27:27
 13  15   9  11  $12    1.000    17.6066    663.75   0.0    194.98   0.2  28.05.2026  17:27:29
 13  15  10  12  $12    0.100     9.9809   1175.85   0.0     -4.65   3.7  28.05.2026  17:27:34
 13  16   1   4  $12    0.100    11.3154  63987.09   0.0      3.67   1.9  28.05.2026  17:27:36
 13  16   5   8  $12    1.000    -2.3288    357.68   0.5  -4003.21   0.5  28.05.2026  17:27:40
 13  16   9  12  $12    0.100    11.9278   1165.80   0.0     18.93   0.6  28.05.2026  17:27:45
 13  16  14  15  $12    0.100   133.3685   8379.79   0.0     10.61   1.7  28.05.2026  17:27:47
 14   2  10   6  $12    0.100     7.2667   1826.33   0.3      4.66  88.7  28.05.2026  17:27:49
 14   2  13   1  $12    0.100   138.2548   4741.27   0.0     15.78   0.1  28.05.2026  17:27:52
 14   3  13   2  $12    0.100   119.2251   4123.56   0.0      9.19   1.1  28.05.2026  17:27:54
 14   4  13   3  $12    0.100   119.9110   4190.39   0.0     18.91   1.2  28.05.2026  17:27:57
 14   6  13   5  $12    0.100   152.3537   5482.53   0.0    -14.22   0.7  28.05.2026  17:27:59
 14   7  13   6  $12    0.100   131.9761   4854.03   0.0      7.60   0.8  28.05.2026  17:28:02
 14  10   2   6  $12    0.100    14.1673  10681.88   0.0      9.03  10.4  28.05.2026  17:28:04
 14  10  13   9  $12    0.100   150.3967   6442.98   0.0     13.75   0.3  28.05.2026  17:28:06
 14  11  13  10  $12    0.100   135.7533   6823.70   0.0     26.72   0.0  28.05.2026  17:28:08
 14  12  13  11  $12    0.100   124.6831  11751.11   0.0     28.34   0.1  28.05.2026  17:28:11
 14  15   1   2  $12    1.000    13.6703  93795.17   0.9     45.64   2.4  28.05.2026  17:28:15
 14  15   5   6  $12    1.000   -21.3555  48304.92   0.0   -773.07   0.5  28.05.2026  17:28:17
 14  15   9  10  $12    1.000    -0.4313    162.60   1.9 -12036.14   1.8  28.05.2026  17:28:23
 14  15  13  16  $12    0.100   137.0511   8611.17   0.0     18.49   0.0  28.05.2026  17:28:29
 14  16   1   3  $12    0.100     4.9401  83224.54   0.1     70.90   0.8  28.05.2026  17:28:31
 14  16   2   4  $12    0.100     7.3437  96897.48   0.0     -7.91   4.5  28.05.2026  17:28:33
 14  16   5   7  $12    1.000    -0.8031    437.13   0.5  -6787.08   0.0  28.05.2026  17:28:36
 14  16   6   8  $12    1.000     4.6223   1742.57   0.0     27.50   3.2  28.05.2026  17:28:38
 14  16   9  11  $12    1.000    13.2403   1091.88   0.0    457.21   0.1  28.05.2026  17:28:40
 14  16  10  12  $12    0.100    10.4350   3933.89   0.0    -14.73   0.3  28.05.2026  17:28:45
 15   3  11   7  $12    0.100     6.2625   1573.93   0.0     47.25   0.7  28.05.2026  17:28:47
 15   3  13   1  $12    0.100    26.6739   2022.72   0.0      2.04   2.6  28.05.2026  17:28:50
 15   4  13   2  $12    0.100    19.5512   1512.92   0.0      4.96   0.9  28.05.2026  17:28:52
 15   7  13   5  $12    0.100    16.0139   1372.07   0.0    940.22   0.1  28.05.2026  17:28:54
 15   8  13   6  $12    0.100    37.0176   3376.28   0.0      3.24   2.1  28.05.2026  17:28:56
 15   8  13   7  $12    0.100    49.2943   2635.96   0.0      1.02   8.6  28.05.2026  17:28:59
 15  11   3   7  $12    0.100    17.8740  13476.66   0.0     13.57   0.2  28.05.2026  17:29:01
 15  11  13   9  $12    0.100    39.1495   7379.51   0.0      5.29   1.0  28.05.2026  17:29:03
 15  12  13  10  $12    0.100    27.1302   8523.21   0.0      5.17   0.2  28.05.2026  17:29:06
 15  16   1   2  $12   10.000     2.4792   2126.28   0.5   -319.72   0.0  28.05.2026  17:29:11
 15  16   5   6  $12   10.000    18.9120   5881.98   0.2   -558.67   0.3  28.05.2026  17:29:13
 15  16   9  10  $12   10.000    11.1893    738.20   0.1   -297.00   0.2  28.05.2026  17:29:15
 16   4  12   8  $12    0.100    16.0256   4027.66   0.0     -0.63  12.9  28.05.2026  17:29:23
 16   4  13   1  $12    0.100    13.9301   1790.30   0.0      6.30   5.7  28.05.2026  17:29:25
 16   8  13   5  $12    0.100    31.8282   5322.11   0.0     -3.05   1.3  28.05.2026  17:29:27
 16  12   4   8  $12    0.100    18.5868  14014.15   0.1      3.32  23.2  28.05.2026  17:29:29
 16  12  13   9  $12    0.100    21.6589   2857.82   0.0     18.58   2.8  28.05.2026  17:29:31
 16  15  13  14  $12    0.100     2.8851    543.83   0.1    -11.75  34.7  28.05.2026  17:29:34
