//C:\Users\user\Desktop\GeoTom\GeoTomE724.ini
//- Cable direction:
//  cable I: normal
//  cable II: normal
//  cable III: normal
//  cable IV: normal
//- Cable arrangement: sequential
//- Optimization: Last measurement
//- Sorting: Multi-level
//- Current levels: 0.001 mA .. 50.0 mA
Type:         Flow
Name:         Hyprop
Comment:      Example of a measurements sequence
Comment:      
Comment:      
Spacing:      1.00000
First El:     0.00000
Nr of points: 312
IP present:   1

  1   2   4   3  $12    0.001     2.9323  55273.09   0.0     44.08   1.8  30.05.2026  14:15:08
  1   2   5   6  $12    0.100    -7.6540  14427.39   0.4  -2341.35   0.4  30.05.2026  14:15:14
  1   2   6   7  $12    0.010     8.6036 324348.44   0.3   -520.29   0.2  30.05.2026  14:15:19
  1   2   7   8  $12    0.010    -8.8603 584545.06   0.0   -528.78   0.6  30.05.2026  14:15:21
  1   2   9  10  $12    0.100    -8.5810 135867.96   0.2   -507.32   0.2  30.05.2026  14:15:25
  1   2  10  11  $12    0.100    -1.8029  40781.22   0.5   -502.42   0.7  30.05.2026  14:15:30
  1   2  11  12  $12    0.100     1.3458  41855.77   0.3   -565.93   0.4  30.05.2026  14:15:35
  1   2  13  14  $12    0.010    -5.1754 2790029.70   0.5   -662.81   0.5  30.05.2026  14:15:40
  1   2  14  15  $12    0.010    -2.3687 1625197.14   0.4   -239.22   2.1  30.05.2026  14:15:42
  1   2  15  16  $12    0.100     0.6143  52686.40   0.1   -697.93   0.0  30.05.2026  14:15:49
  1   3   5   7  $12    0.010    14.6519  55236.51   0.0   -469.15   0.1  30.05.2026  14:15:54
  1   3   6   8  $12    0.100     0.3720    306.76   0.2   1835.03   0.1  30.05.2026  14:16:01
  1   3   9  11  $12    0.100   -19.1293  72115.84   0.0   -501.96   0.0  30.05.2026  14:16:03
  1   3  10  12  $12    0.100     0.7237   3938.99   0.3   -217.67   0.4  30.05.2026  14:16:08
  1   3  13  15  $12    0.010   -15.0761 1989249.80   0.3   -711.95   0.5  30.05.2026  14:16:13
  1   3  14  16  $12    0.010    -2.7861 469376.75   0.5   -578.98   0.9  30.05.2026  14:16:15
  1   4   2   3  $12    0.001    11.3321  71201.78   0.0    -21.66   1.6  30.05.2026  14:16:20
  1   4   5   8  $12    0.010    -1.2358   1207.88   0.3  -2085.05   0.6  30.05.2026  14:16:24
  1   4   9  12  $12    0.100   -12.0593  18521.76   0.1   -585.50   0.0  30.05.2026  14:16:27
  1   4  13  16  $12    0.010    -7.2364 409210.06   0.2  -1321.74   1.8  30.05.2026  14:16:32
  1   5   2   6  $12    0.001    12.2034  52279.04   0.0    -31.90   0.9  30.05.2026  14:16:37
  1   5   3   7  $12    0.010   -11.5184  21711.59   0.1  -1428.77   0.0  30.05.2026  14:16:45
  1   5   4   8  $12    0.010     5.2710   6954.91   0.1   -148.73   1.0  30.05.2026  14:16:47
  1   5  13   9  $12    0.001     4.8283 364044.09   0.5   -366.34   4.9  30.05.2026  14:16:52
  1   6   2   7  $12    0.001    16.7470  66457.59   0.6   -248.72   0.3  30.05.2026  14:16:54
  1   6   3   8  $12    0.010    15.3115  18366.36   0.0     71.61   0.1  30.05.2026  14:16:58
  1   7   2   8  $12    0.001    14.0980  53453.61   0.0    -41.42   0.3  30.05.2026  14:17:03
  1   9   2  10  $12    0.001    16.2649  58530.21   0.0     32.97   0.5  30.05.2026  14:17:05
  1   9   3  11  $12    0.010    18.8100  16116.35   0.0     55.06   0.1  30.05.2026  14:17:09
  1   9   4  12  $12    0.010     5.3442   8936.18   0.0     47.44   0.4  30.05.2026  14:17:11
  1  10   2  11  $12    0.001    14.1974  50256.32   0.0     32.77   0.5  30.05.2026  14:17:15
  1  10   3  12  $12    0.010    18.3751  15067.75   0.0     48.42   0.1  30.05.2026  14:17:19
  1  11   3  12  $12    0.010    19.9797   9776.28   0.0     48.15   0.3  30.05.2026  14:17:21
  1  13   2  14  $12    0.001    63.8807 219070.74   0.0     99.77   0.2  30.05.2026  14:17:26
  1  13   3  15  $12    0.010    19.0515  14447.02   0.0    -59.34   0.2  30.05.2026  14:17:30
  1  13   4  16  $12    0.010    11.8672  15251.75   0.0   -301.04   0.1  30.05.2026  14:17:32
  1  13   5   9  $12    0.001     3.5696  89714.50   0.3   -443.17   1.9  30.05.2026  14:17:37
  1  14   2  15  $12    0.001    13.3326  45398.47   0.1     13.36   9.8  30.05.2026  14:17:39
  1  14   3  16  $12    0.010    16.1664  12057.66   0.0     44.54   0.2  30.05.2026  14:17:43
  1  15   2  16  $12    0.001    13.8844  46992.98   0.0     36.69   1.3  30.05.2026  14:17:47
  2   3   1   4  $12    0.001    12.6920  79746.11   0.2     40.67   3.9  30.05.2026  14:17:49
  2   3   5   6  $12    0.100   -17.4266  13139.36   0.2  -1156.16   0.3  30.05.2026  14:17:55
  2   3   9  10  $12    0.100    -9.2402  97536.98   0.1   -560.72   0.3  30.05.2026  14:17:57
  2   3  13  14  $12    0.010    -6.1854 2565038.58   0.8   -826.96   0.8  30.05.2026  14:18:02
  2   4   5   7  $12    0.010     4.9536   5835.82   0.5   -522.88   1.7  30.05.2026  14:18:04
  2   4   6   8  $12    0.100     1.1182    421.56   0.0    228.01   0.5  30.05.2026  14:18:11
  2   4   9  11  $12    0.100    -8.2002  20287.43   0.0   -561.37   0.5  30.05.2026  14:18:13
  2   4  10  12  $12    0.100     0.4398   1658.10   1.1     69.57  18.3  30.05.2026  14:18:18
  2   4  13  15  $12    0.010     0.8723  88177.55   0.2   4659.12   0.3  30.05.2026  14:18:23
  2   4  14  16  $12    0.010     2.1180 279462.35   0.0    391.09   0.5  30.05.2026  14:18:25
  2   6   1   5  $12    0.001    14.5438  62305.48   0.0    -49.99   0.2  30.05.2026  14:18:30
  2   6  14  10  $12    0.010     2.9742  22425.27   0.1    559.96   0.5  30.05.2026  14:18:33
  2   7   1   6  $12    0.001    15.5036  61523.49   0.0    -66.16   0.6  30.05.2026  14:18:38
  2   8   1   7  $12    0.001    16.9802  64381.61   0.0   -177.78   0.5  30.05.2026  14:18:40
  2  10   1   9  $12    0.001    17.5580  63183.43   0.0     14.85   1.3  30.05.2026  14:18:42
  2  11   1  10  $12    0.001    15.0087  53128.02   0.0     28.10   2.3  30.05.2026  14:18:44
  2  14   1  13  $12    0.001    63.6106 218144.29   0.0     80.31   0.3  30.05.2026  14:18:47
  2  14   6  10  $12    0.100    11.4056   2866.54   0.1    279.50   0.3  30.05.2026  14:18:52
  2  15   1  14  $12    0.001    13.8560  47180.81   0.0      2.38  16.5  30.05.2026  14:19:00
  2  16   1  15  $12    0.001    14.0462  47540.48   0.3     34.54   6.2  30.05.2026  14:19:02
  3   4   5   6  $12    0.100     9.0681   1709.30   0.2   -579.88   0.2  30.05.2026  14:19:08
  3   4   9  10  $12    0.100     2.9852  19694.35   0.2   -515.95   0.4  30.05.2026  14:19:10
  3   4  13  14  $12    0.010     5.1787 1610681.94   0.5   -429.55   4.4  30.05.2026  14:19:15
  3   7   1   5  $12    0.010    -4.2275   7968.56   0.6  -2988.83   0.5  30.05.2026  14:19:17
  3   7  15  11  $12    0.010     1.3181   9938.19   0.3    641.03   1.5  30.05.2026  14:19:23
  3   8   1   6  $12    0.010    16.4180  19693.69   0.1     61.50   1.9  30.05.2026  14:19:24
  3  11   1   9  $12    0.010    19.6353  16823.46   0.0     53.78   0.2  30.05.2026  14:19:26
  3  12   1  10  $12    0.010    18.7749  15395.60   0.0     48.69   1.1  30.05.2026  14:19:28
  3  12   1  11  $12    0.010    20.3818   9973.02   0.0     47.48   0.2  30.05.2026  14:19:30
  3  15   1  13  $12    0.010    18.7933  14251.24   0.0    -60.01   1.4  30.05.2026  14:19:32
  3  15   7  11  $12    0.010    -2.0036   5035.50   0.4   -863.25   0.9  30.05.2026  14:19:34
  3  16   1  14  $12    0.010    15.9972  11931.44   0.0     47.85   2.0  30.05.2026  14:19:36
  3   4   1   2  $12    0.001    -2.3581  44449.37   0.0     55.61   0.8  30.05.2026  14:19:41
  4   8   1   5  $12    0.010     5.2680   6950.90   0.3   -118.24   0.5  30.05.2026  14:19:45
  4   8  16  12  $12    0.010     3.6529  27542.15   0.8     -5.83  90.7  30.05.2026  14:19:47
  4  12   1   9  $12    0.010     5.5176   9226.19   0.2     41.77   6.8  30.05.2026  14:19:49
  4  16   1  13  $12    0.010    11.0939  14257.90   0.1   -333.46   0.3  30.05.2026  14:19:51
  4  16   8  12  $12    0.100    10.4934   2637.27   0.0    -84.84   0.2  30.05.2026  14:19:55
  5   1   6   2  $12    0.001    12.9918  55656.90   0.0      0.36  90.6  30.05.2026  14:20:03
  5   1   7   3  $12    0.010    -1.6927   3190.60   0.9  -7499.15   0.9  30.05.2026  14:20:11
  5   1   8   4  $12    0.010     5.2952   6986.81   0.5    -94.80   3.9  30.05.2026  14:20:13
  5   1   9  13  $12    0.001     3.3397 251805.96   0.1   -328.35   2.5  30.05.2026  14:20:18
  5   2   6   3  $12    0.001     5.1656  25965.07   0.0     42.97   1.5  30.05.2026  14:20:20
  5   2   7   4  $12    0.010   -17.2336  54141.06   0.1   -995.03   0.5  30.05.2026  14:20:24
  5   3   6   4  $12    0.001     2.6954  25403.58   0.2     -4.23  14.6  30.05.2026  14:20:29
  5   6   1   2  $12    0.100    10.1899  19207.58   0.1    438.73   0.1  30.05.2026  14:20:34
  5   6   2   3  $12    0.100    -1.2895    972.29   0.2  -6402.80   0.2  30.05.2026  14:20:36
  5   6   3   4  $12    0.100     4.3848    826.52   0.5   -572.77   0.9  30.05.2026  14:20:38
  5   6   7   8  $12    0.001    -4.9717  93714.09   0.9   -705.89   0.8  30.05.2026  14:20:46
  5   6   9  10  $12    0.010    -3.8474  72521.74   0.1   -553.03   0.3  30.05.2026  14:20:50
  5   6  10  11  $12    0.100    -5.2079  19633.24   0.0   -530.29   0.0  30.05.2026  14:20:54
  5   6  11  12  $12    0.100    10.0197  66103.63   0.1   -372.14   0.3  30.05.2026  14:20:56
  5   6  13  14  $12    0.001    -4.5794 7250806.53   0.2   -675.39   0.7  30.05.2026  14:21:04
  5   6  14  15  $12    0.010    -8.0722 1825893.22   0.3   -573.34   0.8  30.05.2026  14:21:07
  5   6  15  16  $12    0.100     2.8798  89567.46   0.3   -285.24   1.5  30.05.2026  14:21:11
  5   7   1   3  $12    0.010    12.7143  47931.73   0.0   -433.53   0.1  30.05.2026  14:21:16
  5   7   2   4  $12    0.010     3.8062   4484.11   0.6   -472.36   0.6  30.05.2026  14:21:18
  5   7   9  11  $12    0.010     9.0224  34013.66   0.0   -506.00   0.0  30.05.2026  14:21:20
  5   7  10  12  $12    0.010     0.7896   6511.29   0.3     52.24  16.3  30.05.2026  14:21:26
  5   7  13  15  $12    0.001     9.2386 3482863.15   0.1   -494.23   0.8  30.05.2026  14:21:31
  5   7  14  16  $12    0.010    16.0948 876009.41   0.1   -530.25   0.2  30.05.2026  14:21:34
  5   8   1   4  $12    0.010    -0.7850    767.27   0.7  -3305.16   0.4  30.05.2026  14:21:37
  5   8   6   7  $12    0.001     4.9693  31223.02   0.4   -520.42   0.3  30.05.2026  14:21:42
  5   8   9  12  $12    0.010    -3.8148   3728.57   0.3   -637.33   0.3  30.05.2026  14:21:49
  5   8  13  16  $12    0.001    -4.9883 766140.76   0.8   -551.56   0.8  30.05.2026  14:21:54
  5   9   1  13  $12    0.001     3.4854  87597.34   0.3   -476.76   1.1  30.05.2026  14:21:56
  5   9   6  10  $12    0.001     4.3392  18589.22   0.1    121.90   3.7  30.05.2026  14:21:58
  5   9   7  11  $12    0.010   -18.7720  35384.30   0.2   -979.62   0.3  30.05.2026  14:22:06
  5   9   8  12  $12    0.010     2.8936   3818.04   0.8   -243.34   3.0  30.05.2026  14:22:08
  5  10   6  11  $12    0.010    18.5962   7379.58   0.0    123.12   0.1  30.05.2026  14:22:10
  5  10   7  12  $12    0.001    -2.8933  34705.69   0.4   -726.08   0.6  30.05.2026  14:22:15
  5  11   6  12  $12    0.010     9.3003   3526.29   0.0    -72.19   0.1  30.05.2026  14:22:19
  5  13   6  14  $12    0.001    49.2870 177361.95   0.1    132.05   0.2  30.05.2026  14:22:25
  5  13   7  15  $12    0.001    12.4379 106567.40   0.5   -555.70   0.5  30.05.2026  14:22:27
  5  13   8  16  $12    0.010     4.8859   8169.93   0.0    282.14   0.3  30.05.2026  14:22:31
  5  14   6  15  $12    0.010    12.4871   4420.22   0.0     53.81   0.2  30.05.2026  14:22:33
  5  14   7  16  $12    0.010    -2.0695   1697.04   0.7  -3825.82   0.9  30.05.2026  14:22:36
  5  15   7  16  $12    0.001    -2.6693  13061.26   0.1   -857.58   0.6  30.05.2026  14:22:41
  6   2   5   1  $12    0.001    14.9410  64007.21   0.2     30.81   5.8  30.05.2026  14:22:43
  6   2  10  14  $12    0.010     3.1486  23739.57   0.0    493.87   0.8  30.05.2026  14:22:47
  6   3   5   2  $12    0.001     5.4552  27420.98   0.1     34.85   5.5  30.05.2026  14:22:52
  6   4   5   3  $12    0.001     2.7059  25502.44   0.1     32.52  21.1  30.05.2026  14:22:53
  6   7   1   2  $12    0.010     8.7818 331066.10   0.0   -561.31   0.1  30.05.2026  14:22:57
  6   7   5   8  $12    0.001     4.8517  30484.42   0.0   -458.44   0.2  30.05.2026  14:23:02
  6   7   9  10  $12    0.010    12.0538  90883.58   0.1   -540.68   0.1  30.05.2026  14:23:06
  6   7  13  14  $12    0.001    11.2650 11891019.19   0.5   -540.03   0.3  30.05.2026  14:23:11
  6   8   1   3  $12    1.000    12.2099   1006.91   0.0    297.82   0.3  30.05.2026  14:23:18
  6   8   2   4  $12    1.000    14.1794    534.55   0.1     74.16   1.0  30.05.2026  14:23:20
  6   8   9  11  $12    1.000    10.5646    124.46   0.0    279.73   0.2  30.05.2026  14:23:22
  6   8  10  12  $12    0.100     2.6137    985.33   0.1      4.78  31.5  30.05.2026  14:23:27
  6   8  13  15  $12    0.100    -6.6870  16543.59   0.3   -566.21   0.8  30.05.2026  14:23:29
  6   8  14  16  $12    1.000    -3.0778   1160.31   0.3  -1272.11   0.3  30.05.2026  14:23:33
  6  10   2  14  $12    0.100     9.3115   2340.23   0.0    251.53   1.1  30.05.2026  14:23:37
  6  10   5   9  $12    0.001     3.2910  14098.77   0.1     66.15   3.7  30.05.2026  14:23:45
  6  11   5  10  $12    0.010    15.3491   6091.02   0.0     63.72   2.7  30.05.2026  14:23:49
  6  12   5  11  $12    0.010     9.1094   3453.90   0.1    -45.90   9.6  30.05.2026  14:23:51
  6  14   5  13  $12    0.001    50.5821 182022.26   0.0    147.06   0.3  30.05.2026  14:23:57
  6  15   5  14  $12    0.010    12.1311   4294.19   0.0     50.88   0.1  30.05.2026  14:24:00
  7   3   5   1  $12    0.010     1.5149   2855.59   0.2   7484.55   0.1  30.05.2026  14:24:03
  7   3  11  15  $12    0.010     1.3724  10347.46   0.7    661.70   1.9  30.05.2026  14:24:08
  7   4   5   2  $12    0.010   -14.3732  45154.75   0.2   -987.74   0.3  30.05.2026  14:24:10
  7   8   1   2  $12    0.010    -8.3883 553403.12   0.0   -568.19   0.1  30.05.2026  14:24:12
  7   8   9  10  $12    0.010   -12.1112  22829.06   0.2   -509.91   0.2  30.05.2026  14:24:14
  7   8  13  14  $12    0.001   -11.7416 7746361.99   0.1   -545.74   0.3  30.05.2026  14:24:19
  7  11   3  15  $12    0.010    -1.9817   4980.64   0.0   -839.57   0.2  30.05.2026  14:24:26
  7  11   5   9  $12    0.010   -15.5184  29251.53   0.0   -870.11   0.0  30.05.2026  14:24:28
  7  12   5  10  $12    0.001    -2.9966  35944.17   0.1   -724.17   0.2  30.05.2026  14:24:32
  7  15   5  13  $12    0.001    11.8022 101120.68   0.1   -497.21   0.5  30.05.2026  14:24:34
  7  16   5  14  $12    0.010    -4.1529   3405.43   0.1  -1983.93   0.2  30.05.2026  14:24:38
  7  16   5  15  $12    0.010   -21.2227  10384.50   0.0   -947.44   0.1  30.05.2026  14:24:40
  8   4   5   1  $12    0.010     5.4301   7164.84   0.3    -83.05   3.8  30.05.2026  14:24:42
  8   4  12  16  $12    0.010     3.7048  27933.40   0.1    -16.66  15.8  30.05.2026  14:24:44
  7   8   5   6  $12    0.001    -3.9538  74526.77   0.6   -565.18   0.2  30.05.2026  14:24:49
  8  12   4  16  $12    0.100    10.9027   2740.14   0.0   -105.09   0.3  30.05.2026  14:24:55
  8  12   5   9  $12    0.010     2.7908   3682.36   0.0   -175.27   0.5  30.05.2026  14:24:59
  8  16   5  13  $12    0.010     4.7359   7919.15   0.3    372.81   0.8  30.05.2026  14:25:01
  9   1  10   2  $12    0.001    18.2297  65600.54   0.0     55.94   0.0  30.05.2026  14:25:06
  9   1  11   3  $12    0.001     2.2620  19381.14   0.4     57.50   5.5  30.05.2026  14:25:08
  9   1  12   4  $12    0.010     5.9328   9920.53   0.0     68.67   0.3  30.05.2026  14:25:12
  9   2  10   3  $12    0.001     8.2154  30216.05   0.0     89.44   0.1  30.05.2026  14:25:17
  9   2  11   4  $12    0.010    12.4048  11314.13   0.0     61.33   0.5  30.05.2026  14:25:20
  9   3  11   4  $12    0.001     2.4879  13303.79   0.0     45.28   1.2  30.05.2026  14:25:25
  9   5  10   6  $12    0.001     3.6602  15680.28   0.1    107.36   1.7  30.05.2026  14:25:27
  9   5  11   7  $12    0.001    -2.0599  38828.93   0.8   -875.13   2.1  30.05.2026  14:25:29
  9   5  12   8  $12    0.010     3.0744   4056.63   0.0   -263.56   0.1  30.05.2026  14:25:33
  9   5  13   1  $12    0.001     4.0432 101617.33   0.0   -455.27   1.4  30.05.2026  14:25:38
  9   6  10   7  $12    0.001     5.1703  25988.93   0.1   -105.33   4.7  30.05.2026  14:25:40
  9   6  11   8  $12    0.010     3.5660  11202.92   0.0    102.41   0.4  30.05.2026  14:25:44
  9   7  10   8  $12    0.001     4.2697  40241.40   0.0     60.19   0.1  30.05.2026  14:25:49
  9  10   1   2  $12    0.100    -7.3947 117085.66   0.1   -585.33   0.0  30.05.2026  14:25:54
  9  10   2   3  $12    0.100    -7.4901  79063.34   0.0   -626.98   0.0  30.05.2026  14:25:56
  9  10   3   4  $12    0.100     3.5279  23274.98   0.3   -552.59   1.0  30.05.2026  14:25:58
  9  10   5   6  $12    0.010    -3.1694  59742.57   0.6   -622.77   1.0  30.05.2026  14:26:03
  9  10   6   7  $12    0.010    10.6277  80131.29   0.0   -653.08   0.7  30.05.2026  14:26:05
  9  10   7   8  $12    0.010   -10.9118  20568.28   0.1   -657.32   0.4  30.05.2026  14:26:07
  9  10  12  11  $12    0.010     8.2693  15587.23   0.1    248.03   0.7  30.05.2026  14:26:09
  9  10  13  14  $12    0.010   -11.4637 216085.01   0.2   -663.70   0.6  30.05.2026  14:26:12
  9  10  14  15  $12    0.010    -2.1704  81820.40   0.8   -596.55   1.7  30.05.2026  14:26:14
  9  10  15  16  $12    0.100     0.9935   6554.69   0.1   -560.49   0.2  30.05.2026  14:26:21
  9  11   1   3  $12    0.100   -18.3398  69139.36   0.3   -605.11   0.0  30.05.2026  14:26:22
  9  11   2   4  $12    0.100    -4.8663  12039.30   0.1   -719.83   0.2  30.05.2026  14:26:24
  9  11   5   7  $12    0.010    10.0679  37954.98   0.1   -617.85   0.1  30.05.2026  14:26:29
  9  11   6   8  $12    0.100     0.0591      6.97   4.7  10903.12   4.6  30.05.2026  14:26:45
  9  11  13  15  $12    0.010   -16.0561  60530.21   0.4   -642.50   1.2  30.05.2026  14:26:49
  9  11  14  16  $12    0.010    -2.3275  19193.84   0.6   -717.56   0.2  30.05.2026  14:26:51
  9  12   1   4  $12    0.100   -12.1874  18718.51   0.2   -672.46   0.1  30.05.2026  14:26:55
  9  12   5   8  $12    0.010    -3.8207   3734.31   0.1   -655.80   0.2  30.05.2026  14:27:00
  9  12  10  11  $12    0.010    18.8300  11831.23   0.1     85.96   0.8  30.05.2026  14:27:02
  9  12  13  16  $12    0.010   -15.0198  14680.07   0.2   -689.66   0.5  30.05.2026  14:27:04
  9  13   5   1  $12    0.001     3.4207 257916.44   0.1   -367.18   0.2  30.05.2026  14:27:09
  9  13  10  14  $12    0.001    52.9477 226827.35   0.0    117.93   0.1  30.05.2026  14:27:11
  9  13  11  15  $12    0.010    11.9380  22502.54   0.0    -23.37   0.0  30.05.2026  14:27:15
  9  13  12  16  $12    0.010     8.7440  11537.39   0.4   -161.61   2.8  30.05.2026  14:27:17
  9  14  10  15  $12    0.001     2.9957  11887.77   0.0     53.97   1.1  30.05.2026  14:27:22
  9  14  11  16  $12    0.010     7.8015   9358.02   0.0     28.52   0.4  30.05.2026  14:27:26
  9  15  10  16  $12    0.001     3.4151  12948.80   0.0     63.17   1.5  30.05.2026  14:27:30
 10   2   9   1  $12    0.001    18.3352  65980.07   0.1     51.84   2.7  30.05.2026  14:27:32
 10   3   9   2  $12    0.001     7.6466  28123.77   0.1     68.06   3.7  30.05.2026  14:27:34
 10   6   9   5  $12    0.001     2.8584  12245.54   0.1     58.42   2.4  30.05.2026  14:27:36
 10   6  14   2  $12    0.100     9.4323   2370.59   0.0    346.88   0.1  30.05.2026  14:27:42
 10   7   9   6  $12    0.001     4.4221  22228.09   0.3   -208.23   2.4  30.05.2026  14:27:50
 10   8   9   7  $12    0.001     3.5511  33468.53   0.6     15.72 106.8  30.05.2026  14:27:52
 10  11   1   2  $12    1.000    -0.5659   1279.93  41.9  -1434.56 159.8  30.05.2026  14:28:03
 10  11   5   6  $12    1.000     6.9088   2604.56   0.4    454.60   2.3  30.05.2026  14:28:06
 10  11   9  12  $12    0.010    15.5114   9746.12   0.0     28.43   1.4  30.05.2026  14:28:13
 10  11  13  14  $12    0.100     2.9084   2192.86   0.8   3083.14   1.0  30.05.2026  14:28:22
 10  12   1   3  $12    0.100     2.8475  15498.30   0.7   -182.38   3.4  30.05.2026  14:28:24
 10  12   2   4  $12    1.000    14.9831   5648.49   0.1   -314.76   0.5  30.05.2026  14:28:27
 10  12   5   7  $12    0.100    -2.7619   2277.66   0.7   -933.25   1.3  30.05.2026  14:28:33
 10  12   6   8  $12    0.100     2.9369   1107.18   0.9     15.80  68.7  30.05.2026  14:28:35
 10  12  13  15  $12    0.010     2.7614   3253.22   0.5    -61.16  18.2  30.05.2026  14:28:40
 10  12  14  16  $12    0.100    10.2795   3875.28   0.0     12.32   7.5  30.05.2026  14:28:43
 10  14   6   2  $12    0.010     2.4355  18363.06   0.0    625.08   0.3  30.05.2026  14:28:48
 10  14   9  13  $12    0.001    45.7684 196071.24   0.1    100.12   0.5  30.05.2026  14:28:54
 10  15   9  14  $12    0.001     2.7450  10893.01   0.9     79.87   3.8  30.05.2026  14:28:56
 10  16   9  15  $12    0.001     3.0688  11635.41   0.2     71.92   6.0  30.05.2026  14:28:58
 11   3   9   1  $12    0.001     2.3651  20264.41   0.0     55.66   6.2  30.05.2026  14:29:00
 11   4   9   2  $12    0.010    11.8983  10852.14   0.0     36.06   0.4  30.05.2026  14:29:03
 11   4   9   3  $12    0.001     2.4876  13302.39   0.1     32.50   1.8  30.05.2026  14:29:08
 11   7   9   5  $12    0.010   -17.9225  33783.16   0.0   -754.13   0.2  30.05.2026  14:29:12
 11   7  15   3  $12    0.010    -2.1146   5314.45   0.9   -798.75   2.7  30.05.2026  14:29:14
 11   8   9   6  $12    0.010     3.3851  10634.62   0.4     85.40  12.8  30.05.2026  14:29:16
 11  12   1   2  $12    0.100     2.0753  64544.87   0.0   -525.50   0.1  30.05.2026  14:29:20
 11  12   5   6  $12    0.100     8.4893  56007.16   0.2   -541.05   0.1  30.05.2026  14:29:22
 11  12  13  14  $12    0.100    18.4218   3472.42   0.0   -723.44   1.0  30.05.2026  14:29:24
 11  15   7   3  $12    0.100    13.3766  10085.71   0.2   1016.47   0.1  30.05.2026  14:29:26
 11  15   9  13  $12    0.010    11.5577  21785.81   0.1   -126.89   0.0  30.05.2026  14:29:31
 11  16   9  14  $12    0.010     7.7352   9278.53   0.1     36.51   2.8  30.05.2026  14:29:33
 12   4   9   1  $12    0.010     5.8917   9851.79   0.1     40.63   4.0  30.05.2026  14:29:35
 12   8   9   5  $12    0.010     2.7444   3621.14   0.3   -195.04   2.0  30.05.2026  14:29:37
 12   8  16   4  $12    0.100    10.8297   2721.81   0.0   -107.32   0.8  30.05.2026  14:29:41
 12  11   9  10  $12    0.010     5.3796  10140.37   0.2    210.82   1.2  30.05.2026  14:29:46
 12  16   8   4  $12    0.010     3.6513  27530.14   0.0    -15.09  31.5  30.05.2026  14:29:48
 12  16   9  13  $12    0.010     8.9648  11828.72   0.1   -301.31   1.3  30.05.2026  14:29:50
 13   1   9   5  $12    0.001     3.4243  86063.27   0.1   -428.20   0.4  30.05.2026  14:29:55
 13   1  14   2  $12    0.001    64.1314 219930.39   0.0     84.89   0.0  30.05.2026  14:29:57
 13   1  15   3  $12    0.001     2.2561  17108.68   0.0    -32.82   5.8  30.05.2026  14:29:59
 13   1  16   4  $12    0.010    12.6269  16228.07   0.0   -282.16   0.1  30.05.2026  14:30:03
 13   2  14   3  $12    0.001    52.6064 181946.18   0.0    111.29   0.2  30.05.2026  14:30:08
 13   2  15   4  $12    0.010    19.9855  15465.26   0.0   -191.76   0.1  30.05.2026  14:30:12
 13   3  14   4  $12    0.001    50.6665 177058.26   0.0    112.59   0.6  30.05.2026  14:30:17
 13   5  14   6  $12    0.001    50.4570 181572.25   0.0    112.17   0.4  30.05.2026  14:30:20
 13   5  15   7  $12    0.001    12.6912 108737.96   0.7   -550.58   0.6  30.05.2026  14:30:22
 13   5  16   8  $12    0.010     5.0376   8423.49   0.0    251.91   0.0  30.05.2026  14:30:26
 13   6  14   7  $12    0.001    65.2221 239884.54   0.0    -53.58   0.2  30.05.2026  14:30:31
 13   6  15   8  $12    0.010     7.8731   7180.86   0.0    146.00   0.1  30.05.2026  14:30:35
 13   7  15   8  $12    0.010    15.3058   8184.62   0.0     93.46   0.0  30.05.2026  14:30:37
 13   9   1   5  $12    0.001     3.2914 248164.47   0.1   -359.30   0.1  30.05.2026  14:30:41
 13   9  14  10  $12    0.001    51.1656 219193.10   0.0    116.84   0.1  30.05.2026  14:30:44
 13   9  15  11  $12    0.010    12.0642  22740.41   0.0    -40.88   0.4  30.05.2026  14:30:47
 13   9  16  12  $12    0.010     9.1063  12015.53   0.0   -207.72   0.2  30.05.2026  14:30:49
 13  10  14  11  $12    0.001    49.5598 249114.78   0.0    128.22   0.2  30.05.2026  14:30:55
 13  10  15  12  $12    0.010    13.7152  43087.50   0.0   -172.41   0.1  30.05.2026  14:30:59
 13  11  14  12  $12    0.001    49.3946 465532.77   0.0    123.22   0.3  30.05.2026  14:31:04
 13  14   1   2  $12    0.010    -6.7791 3654587.48   0.3   -704.84   0.6  30.05.2026  14:31:08
 13  14   2   3  $12    0.010    -7.0668 2930551.43   0.1   -937.28   0.0  30.05.2026  14:31:10
 13  14   3   4  $12    0.010     6.7382 2095702.16   0.2   -365.35   0.9  30.05.2026  14:31:12
 13  14   5   6  $12    0.001    -4.3506 6888593.06   0.5   -587.53   0.4  30.05.2026  14:31:17
 13  14   6   7  $12    0.001    12.9481 13667736.19   0.1   -601.33   0.4  30.05.2026  14:31:19
 13  14   7   8  $12    0.001   -13.2216 8722776.80   0.1   -602.30   0.3  30.05.2026  14:31:21
 13  14   9  10  $12    0.010   -15.0351 283405.65   0.1   -594.68   0.1  30.05.2026  14:31:24
 13  14  10  11  $12    0.010     0.2002   1509.37   0.3   8026.84   0.1  30.05.2026  14:31:36
 13  14  11  12  $12    0.010     1.5025   2832.10   0.2   -858.19   0.3  30.05.2026  14:31:42
 13  14  16  15  $12    0.010    -0.9600   1809.46   0.2   -661.72   0.3  30.05.2026  14:31:47
 13  15   1   3  $12    0.010   -15.1228 1995405.32   0.1   -853.64   0.1  30.05.2026  14:31:49
 13  15   2   4  $12    0.010     0.7912  79974.02   0.3   6064.63   0.5  30.05.2026  14:31:51
 13  15   5   7  $12    0.001    11.5249 4344782.38   0.7   -586.22   0.1  30.05.2026  14:31:56
 13  15   6   8  $12    0.010    -1.3483  33356.06   0.1   -477.62   0.4  30.05.2026  14:32:03
 13  15   9  11  $12    0.010   -16.2026  61082.28   0.1   -683.07   0.0  30.05.2026  14:32:05
 13  15  10  12  $12    0.010     3.5103   4135.51   0.3     47.46  10.0  30.05.2026  14:32:07
 13  16   1   4  $12    0.010    -8.3839 474098.43   0.1  -1350.87   0.0  30.05.2026  14:32:09
 13  16   5   8  $12    0.001    -5.8667 901053.99   0.1   -590.79   0.3  30.05.2026  14:32:14
 13  16   9  12  $12    0.010   -13.1758  12877.84   0.0   -722.92   0.2  30.05.2026  14:32:17
 13  16  14  15  $12    0.001    46.0466 289319.07   0.1     98.52   0.1  30.05.2026  14:32:23
 14   2  10   6  $12    0.100    10.3734   2607.12   0.0    285.84   0.1  30.05.2026  14:32:28
 14   2  13   1  $12    0.001    59.2980 203354.80   0.0     29.05   1.2  30.05.2026  14:32:36
 14   3  13   2  $12    0.001    47.8676 165556.53   0.2     73.37   1.3  30.05.2026  14:32:39
 14   4  13   3  $12    0.001    46.5566 162695.70   0.0     72.25   0.9  30.05.2026  14:32:41
 14   6  13   5  $12    0.001    46.5746 167600.98   0.0     79.57   1.4  30.05.2026  14:32:44
 14   7  13   6  $12    0.001    64.2825 236428.61   0.0    -92.29   0.3  30.05.2026  14:32:46
 14  10   2   6  $12    0.010     2.6492  19974.44   0.1    687.82   0.0  30.05.2026  14:32:50
 14  10  13   9  $12    0.001    51.1274 219029.25   0.0    106.96   0.2  30.05.2026  14:32:56
 14  11  13  10  $12    0.001    50.2986 252828.59   0.0    122.74   0.5  30.05.2026  14:32:58
 14  12  13  11  $12    0.001    50.3152 474209.14   0.0    122.00   0.1  30.05.2026  14:33:01
 14  15   1   2  $12    0.010    -3.0773 2111410.36   0.0   -538.37   0.3  30.05.2026  14:33:05
 14  15   5   6  $12    0.010   -10.1360 2292717.38   0.0   -650.81   0.5  30.05.2026  14:33:07
 14  15   9  10  $12    0.010    -3.2294 121744.39   0.4   -675.03   0.3  30.05.2026  14:33:09
 14  15  13  16  $12    0.001    50.9167 319919.18   0.1    137.40   0.2  30.05.2026  14:33:14
 14  16   1   3  $12    0.010    -3.7524 632162.05   0.0   -779.96   0.0  30.05.2026  14:33:19
 14  16   2   4  $12    0.010     2.0389 269031.70   0.5    454.91   1.2  30.05.2026  14:33:21
 14  16   5   7  $12    0.010    21.3294 1160920.95   0.0   -653.62   0.4  30.05.2026  14:33:23
 14  16   6   8  $12    0.100    -2.3775   8962.88   0.4   -412.54   0.1  30.05.2026  14:33:26
 14  16   9  11  $12    0.100   -15.1033  12455.21   0.0   -885.82   0.0  30.05.2026  14:33:28
 14  16  10  12  $12    0.100    11.4983   4334.76   0.1     38.72   1.8  30.05.2026  14:33:30
 15   3  11   7  $12    0.100   -22.2056   5580.87   0.3   -805.05   0.2  30.05.2026  14:33:32
 15   3  13   1  $12    0.010    21.9820  16669.28   0.3    -63.93   2.4  30.05.2026  14:33:37
 15   4  13   2  $12    0.010    20.5297  15886.34   0.5   -257.29   0.2  30.05.2026  14:33:39
 15   7  13   5  $12    0.001    14.3942 123329.15   0.4   -499.39   1.0  30.05.2026  14:33:44
 15   8  13   6  $12    0.010     8.8974   8115.08   0.0     95.12   3.6  30.05.2026  14:33:49
 15   8  13   7  $12    0.010    15.7309   8411.94   0.2     35.85   5.8  30.05.2026  14:33:51
 15  11   3   7  $12    0.100    12.4629   9396.77   0.1   1069.82   0.1  30.05.2026  14:33:55
 15  11  13   9  $12    0.010    12.8959  24308.23   0.2   -151.26   0.2  30.05.2026  14:34:00
 15  12  13  10  $12    0.010    15.3223  48136.38   0.6   -282.80   2.2  30.05.2026  14:34:02
 15  16   1   2  $12    1.000     9.7541  83656.56   0.2   -446.72   0.1  30.05.2026  14:34:07
 15  16   5   6  $12    0.100     3.3541 104319.71   0.2   -597.94   0.5  30.05.2026  14:34:12
 15  16   9  10  $12    1.000    10.2935   6791.00   0.1   -487.77   0.1  30.05.2026  14:34:16
 16   4  12   8  $12    0.100    10.2619   2579.11   0.0    -69.68   0.3  30.05.2026  14:34:21
 16   4  13   1  $12    0.010    11.6568  14981.24   0.2   -281.86   0.6  30.05.2026  14:34:26
 16   8  13   5  $12    0.010     4.4967   7519.08   0.1    384.13   1.3  30.05.2026  14:34:28
 16  12   4   8  $12    0.010     3.6744  27704.35   0.6    -21.25  49.6  30.05.2026  14:34:30
 16  12  13   9  $12    0.010    10.0601  13274.00   0.1   -326.36   2.6  30.05.2026  14:34:32
 16  15  13  14  $12    0.100   -11.8294   2229.80   0.0   -863.73   0.1  30.05.2026  14:34:40
