//C:\Users\user\Desktop\GeoTom\GeoTomE724.ini
//- Cable direction:
//  cable I: normal
//  cable II: normal
//  cable III: normal
//  cable IV: normal
//- Cable arrangement: sequential
//- Optimization: Last measurement
//- Sorting: Multi-level
//- Current levels: 0.001 mA .. 50.0 mA
Type:         Flow
Name:         Hyprop
Comment:      Example of a measurements sequence
Comment:      
Comment:      
Spacing:      1.00000
First El:     0.00000
Nr of points: 312
IP present:   1

  1   2   4   3  $12    0.010     6.2658  11810.76   0.0    102.85   0.3  30.05.2026  02:15:05
  1   2   5   6  $12    0.100     1.3575   2558.85   4.7  13344.26   5.7  30.05.2026  02:15:14
  1   2   6   7  $12    0.010     9.1512 344991.68   0.1   -552.22   0.1  30.05.2026  02:15:19
  1   2   7   8  $12    0.010    -9.3044 613840.47   0.1   -569.26   0.8  30.05.2026  02:15:21
  1   2   9  10  $12    0.100   -11.7209 185584.67   0.0   -538.69   0.0  30.05.2026  02:15:24
  1   2  10  11  $12    0.100    -0.2729   6172.11   0.3   -253.06   4.1  30.05.2026  02:15:30
  1   2  11  12  $12    0.100     2.5769  80145.13   0.0   -524.20   0.0  30.05.2026  02:15:32
  1   2  13  14  $12    0.010    -1.3446 724850.38   0.8  -2580.18   1.4  30.05.2026  02:15:38
  1   2  14  15  $12    0.100    -7.3849 506698.22   0.1   -980.27   0.1  30.05.2026  02:15:42
  1   2  15  16  $12    0.100     0.8091  69396.25   0.1   -491.85   0.4  30.05.2026  02:15:47
  1   3   5   7  $12    0.010    12.8040  48269.97   0.0   -467.51   0.1  30.05.2026  02:15:52
  1   3   6   8  $12    0.100     0.8747    721.32   0.1    406.34   0.3  30.05.2026  02:15:59
  1   3   9  11  $12    0.100   -15.3730  57954.98   0.0   -517.11   0.0  30.05.2026  02:16:00
  1   3  10  12  $12    0.100     6.4777  35257.04   0.1   -327.57   0.3  30.05.2026  02:16:02
  1   3  13  15  $12    0.010    -2.6767 353186.20   0.3  -2535.27   0.3  30.05.2026  02:16:07
  1   3  14  16  $12    0.100     2.9231  49245.50   0.5   3645.57   0.6  30.05.2026  02:16:11
  1   4   2   3  $12    0.001     8.5542  53747.57   0.0      0.46 162.5  30.05.2026  02:16:19
  1   4   5   8  $12    0.100     1.2817    125.27   9.1  22399.51  13.5  30.05.2026  02:16:33
  1   4   9  12  $12    0.100    -7.6809  11796.97   0.0   -783.15   0.0  30.05.2026  02:16:35
  1   4  13  16  $12    0.010     0.0027    154.66 775.6 -172030.46  87.6  30.05.2026  02:16:40
  1   5   2   6  $12    0.001     9.0709  38859.73   0.0     -2.47   7.0  30.05.2026  02:16:45
  1   5   3   7  $12    0.010    -3.0454   5740.39   0.9  -2396.18   0.7  30.05.2026  02:16:49
  1   5   4   8  $12    0.010     3.2448   4281.46   0.1    -87.70   3.8  30.05.2026  02:16:51
  1   5  13   9  $12    0.010    17.7724 134000.68   0.0   -234.18   0.2  30.05.2026  02:16:53
  1   6   2   7  $12    0.001    11.9813  47545.92   0.0   -193.50   0.6  30.05.2026  02:16:58
  1   6   3   8  $12    0.010     7.2908   8745.41   0.0     84.92   0.4  30.05.2026  02:17:02
  1   7   2   8  $12    0.001    10.1164  38357.15   0.0     -7.44   6.2  30.05.2026  02:17:07
  1   9   2  10  $12    0.001    10.9389  39364.27   0.0     58.52   0.1  30.05.2026  02:17:09
  1   9   3  11  $12    0.010     9.7079   8317.71   0.0     61.71   0.5  30.05.2026  02:17:13
  1   9   4  12  $12    0.010     3.5678   5965.82   0.0     35.03   4.4  30.05.2026  02:17:15
  1  10   2  11  $12    0.001     9.9905  35364.66   0.0     58.95   0.4  30.05.2026  02:17:19
  1  10   3  12  $12    0.010     8.7587   7182.17   0.0     46.04   0.6  30.05.2026  02:17:23
  1  11   3  12  $12    0.010    10.0089   4897.43   0.0     45.88   0.2  30.05.2026  02:17:25
  1  13   2  14  $12    0.001    37.5829 128885.66   0.0    135.03   0.1  30.05.2026  02:17:31
  1  13   3  15  $12    0.010     8.7349   6623.84   0.0    -31.50   0.8  30.05.2026  02:17:34
  1  13   4  16  $12    0.010     5.3706   6902.32   0.0   -242.71   0.2  30.05.2026  02:17:36
  1  13   5   9  $12    0.010    16.5431  41577.33   0.1   -359.82   0.4  30.05.2026  02:17:38
  1  14   2  15  $12    0.001     9.4987  32343.97   0.0     44.97   0.4  30.05.2026  02:17:43
  1  14   3  16  $12    0.010     7.8595   5861.94   0.0     63.01   0.3  30.05.2026  02:17:47
  1  15   2  16  $12    0.001    10.1994  34520.81   0.0     49.52   0.1  30.05.2026  02:17:52
  2   3   1   4  $12    0.001     9.3476  58732.98   0.2     57.29   2.0  30.05.2026  02:17:54
  2   3   5   6  $12    0.100    -4.9378   3723.03   0.2  -1725.00   0.4  30.05.2026  02:17:59
  2   3   9  10  $12    0.100    -5.1892  54775.63   0.0   -596.24   0.3  30.05.2026  02:18:01
  2   3  13  14  $12    0.100    -7.6675 317962.81   0.0  -2426.17   0.0  30.05.2026  02:18:03
  2   4   5   7  $12    0.010     2.3710   2793.25   0.2   -488.68   0.6  30.05.2026  02:18:08
  2   4   6   8  $12    1.000     8.2277    310.18   0.3    751.18   0.3  30.05.2026  02:18:14
  2   4   9  11  $12    0.100    -3.3026   8170.56   0.4   -621.65   0.8  30.05.2026  02:18:19
  2   4  10  12  $12    0.100     3.4452  12987.95   0.2   -126.07   2.4  30.05.2026  02:18:21
  2   4  13  15  $12    0.100    21.9738 222112.32   0.0    691.13   0.5  30.05.2026  02:18:23
  2   4  14  16  $12    0.100    16.0873 212267.06   0.0    235.90   0.2  30.05.2026  02:18:25
  2   6   1   5  $12    0.001    10.1303  43397.99   0.0     -8.11   3.4  30.05.2026  02:18:33
  2   6  14  10  $12    0.010     2.3980  18080.37   0.1    270.63   0.3  30.05.2026  02:18:41
  2   7   1   6  $12    0.001    10.7874  42807.97   0.0    -78.49   0.1  30.05.2026  02:18:46
  2   8   1   7  $12    0.001    10.9348  41460.23   0.1   -120.60   1.4  30.05.2026  02:18:48
  2  10   1   9  $12    0.001    11.0333  39703.95   0.0     33.29   1.0  30.05.2026  02:18:50
  2  11   1  10  $12    0.001     9.9422  35193.66   0.0     39.32   1.0  30.05.2026  02:18:52
  2  14   1  13  $12    0.001    34.8502 119514.37   0.1    117.06   0.9  30.05.2026  02:18:55
  2  14   6  10  $12    0.100     8.4919   2134.26   0.0     65.86   0.4  30.05.2026  02:19:00
  2  15   1  14  $12    0.001     9.2484  31491.69   0.0     36.75   2.2  30.05.2026  02:19:08
  2  16   1  15  $12    0.001     9.7713  33071.98   0.2     43.23   6.5  30.05.2026  02:19:10
  3   4   5   6  $12    0.100     3.9943    752.91   0.6   -608.52   0.3  30.05.2026  02:19:15
  3   4   9  10  $12    0.100     2.2729  14994.89   0.1   -506.81   1.0  30.05.2026  02:19:17
  3   4  13  14  $12    0.100    14.4316 448848.29   0.0   -437.36   0.9  30.05.2026  02:19:19
  3   7   1   5  $12    0.010     0.9453   1781.85   0.2   3773.20   0.6  30.05.2026  02:19:24
  3   7  15  11  $12    0.010     2.0975  15814.74   0.6     64.29  15.0  30.05.2026  02:19:26
  3   8   1   6  $12    0.010     7.4397   8924.02   0.1     57.97   3.9  30.05.2026  02:19:28
  3  11   1   9  $12    0.010     9.7423   8347.20   0.0     46.78   0.5  30.05.2026  02:19:30
  3  12   1  10  $12    0.010     8.6370   7082.38   0.0     41.01   2.4  30.05.2026  02:19:32
  3  12   1  11  $12    0.010     9.8609   4825.06   0.1     42.73   3.4  30.05.2026  02:19:34
  3  15   1  13  $12    0.010     8.2215   6234.50   0.8     -3.02  91.2  30.05.2026  02:19:36
  3  15   7  11  $12    0.100    -3.9898   1002.76   0.3  -1776.64   0.3  30.05.2026  02:19:40
  3  16   1  14  $12    0.010     7.5687   5645.11   0.0     48.93   0.2  30.05.2026  02:19:45
  3   4   1   2  $12    0.010    -4.2886   8083.85   0.1     82.62   4.1  30.05.2026  02:19:47
  4   8   1   5  $12    0.010     3.0922   4080.00   0.3    -24.97  26.8  30.05.2026  02:19:49
  4   8  16  12  $12    0.010     2.6020  19618.27   0.7     -6.17  18.0  30.05.2026  02:19:51
  4  12   1   9  $12    0.010     3.6549   6111.45   0.2     28.83   7.2  30.05.2026  02:19:53
  4  16   1  13  $12    0.010     4.8025   6172.10   0.1   -197.68   1.4  30.05.2026  02:19:55
  4  16   8  12  $12    0.010     2.0150   5064.31   0.6     -9.29  70.6  30.05.2026  02:19:57
  5   1   6   2  $12    0.001     9.3211  39931.60   0.0     31.13   1.1  30.05.2026  02:20:02
  5   1   7   3  $12    0.010    -0.3501    659.97   3.2 -17893.15   3.1  30.05.2026  02:20:10
  5   1   8   4  $12    0.010     3.3694   4445.84   0.9    -48.37  23.4  30.05.2026  02:20:12
  5   1   9  13  $12    0.010    16.3243 123082.39   0.0   -173.88   0.3  30.05.2026  02:20:14
  5   2   6   3  $12    0.010    17.2243   8657.87   0.0     35.27   0.7  30.05.2026  02:20:16
  5   2   7   4  $12    0.010   -13.2956  41769.51   0.0   -897.18   0.1  30.05.2026  02:20:18
  5   3   6   4  $12    0.010    13.7122  12923.48   0.0    -14.14   8.7  30.05.2026  02:20:20
  5   6   1   2  $12    0.100    11.4183  21522.90   0.1    682.28   0.1  30.05.2026  02:20:24
  5   6   2   3  $12    0.100    -1.2543    945.70   0.9  -3859.19   1.0  30.05.2026  02:20:26
  5   6   3   4  $12    0.100     2.9528    556.60   0.9   -693.89   0.9  30.05.2026  02:20:28
  5   6   7   8  $12    0.001    -3.6253  68334.51   0.3   -855.84   0.2  30.05.2026  02:20:36
  5   6   9  10  $12    0.010    -2.6426  49812.44   0.0   -588.56   0.2  30.05.2026  02:20:39
  5   6  10  11  $12    0.100     0.9918   3739.02   0.1   -267.43   0.4  30.05.2026  02:20:46
  5   6  11  12  $12    0.100     7.4152  48920.71   0.0   -451.85   0.0  30.05.2026  02:20:48
  5   6  13  14  $12    0.010   -15.4037 2438972.06   0.0   -593.78   0.0  30.05.2026  02:20:53
  5   6  14  15  $12    0.010    -3.9938 903382.68   0.0   -467.78   1.2  30.05.2026  02:20:55
  5   6  15  16  $12    0.100     0.8615  26794.24   0.1   -610.31   0.2  30.05.2026  02:21:02
  5   7   1   3  $12    0.010    10.6755  40245.86   0.1   -392.39   0.6  30.05.2026  02:21:07
  5   7   2   4  $12    0.010     1.5244   1795.87   0.1   -403.73   2.4  30.05.2026  02:21:13
  5   7   9  11  $12    0.010     5.3403  20132.37   0.1   -510.63   0.5  30.05.2026  02:21:15
  5   7  10  12  $12    0.010    -0.6365   5248.77   0.7  -1054.91   0.5  30.05.2026  02:21:20
  5   7  13  15  $12    0.001     3.6044 1358824.93   0.4   -518.26   0.3  30.05.2026  02:21:25
  5   7  14  16  $12    0.010     6.8676 373788.15   0.1   -426.10   0.5  30.05.2026  02:21:29
  5   8   1   4  $12    0.100    11.1679   1091.53   0.1   1148.53   0.1  30.05.2026  02:21:33
  5   8   6   7  $12    0.001     4.7529  29863.62   0.2   -805.53   0.2  30.05.2026  02:21:41
  5   8   9  12  $12    0.010    -2.1855   2136.03   0.4   -603.28   0.3  30.05.2026  02:21:45
  5   8  13  16  $12    0.010   -20.1375 309289.21   0.2   -596.97   0.0  30.05.2026  02:21:47
  5   9   1  13  $12    0.010    16.5807  41671.91   0.0   -446.79   0.3  30.05.2026  02:21:49
  5   9   6  10  $12    0.010    19.0190   8147.74   0.0    128.46   0.3  30.05.2026  02:21:52
  5   9   7  11  $12    0.010   -12.4051  23383.04   0.0  -1024.77   0.2  30.05.2026  02:21:53
  5   9   8  12  $12    0.010     2.4231   3197.15   0.7   -190.59   6.9  30.05.2026  02:21:55
  5  10   6  11  $12    0.010    10.4851   4160.82   0.0    108.81   0.0  30.05.2026  02:21:57
  5  10   7  12  $12    0.010   -20.7505  24890.56   0.0   -787.47   0.0  30.05.2026  02:22:00
  5  11   6  12  $12    0.010     7.5940   2879.32   0.1    -55.37   4.7  30.05.2026  02:22:02
  5  13   6  14  $12    0.001    27.9750 100669.48   0.0    160.43   0.2  30.05.2026  02:22:07
  5  13   7  15  $12    0.001     4.7078  40335.97   0.4   -533.91   0.9  30.05.2026  02:22:09
  5  13   8  16  $12    0.010     4.4786   7488.89   0.1     82.16   0.7  30.05.2026  02:22:13
  5  14   6  15  $12    0.010     9.5614   3384.57   0.0     18.83   0.9  30.05.2026  02:22:15
  5  14   7  16  $12    0.010    -6.2987   5165.01   0.3  -1760.29   0.4  30.05.2026  02:22:17
  5  15   7  16  $12    0.010   -14.1530   6925.19   0.1  -1208.08   0.4  30.05.2026  02:22:19
  6   2   5   1  $12    0.001    10.2041  43714.11   0.0     42.46   0.1  30.05.2026  02:22:24
  6   2  10  14  $12    0.010     2.4812  18707.46   0.1    247.39   0.5  30.05.2026  02:22:27
  6   3   5   2  $12    0.010    17.4203   8756.38   0.0     34.27   1.2  30.05.2026  02:22:29
  6   4   5   3  $12    0.010    13.7884  12995.25   0.1     10.92   8.8  30.05.2026  02:22:31
  6   7   1   2  $12    0.010     9.4707 357038.44   0.2   -594.25   0.3  30.05.2026  02:22:33
  6   7   5   8  $12    0.001     3.2467  20399.76   0.0   -486.63   0.6  30.05.2026  02:22:38
  6   7   9  10  $12    0.010     8.4958  64056.85   0.0   -579.31   0.1  30.05.2026  02:22:42
  6   7  13  14  $12    0.001     4.6426 4900647.09   0.0   -618.25   0.3  30.05.2026  02:22:47
  6   8   1   3  $12    1.000    14.1460   1166.58   0.1    130.36   0.2  30.05.2026  02:22:54
  6   8   2   4  $12    1.000    15.0186    566.19   0.1     19.08   3.5  30.05.2026  02:22:56
  6   8   9  11  $12    1.000    13.2148    155.68   0.0     82.72   0.4  30.05.2026  02:22:58
  6   8  10  12  $12    0.100     2.3348    880.19   0.0    -10.90   9.2  30.05.2026  02:23:03
  6   8  13  15  $12    1.000    -7.3465   1817.52   0.1   -768.15   0.4  30.05.2026  02:23:07
  6   8  14  16  $12    1.000     1.9609    739.24   0.1    296.07   0.2  30.05.2026  02:23:11
  6  10   2  14  $12    0.100     8.1300   2043.30   0.0     53.58   0.3  30.05.2026  02:23:16
  6  10   5   9  $12    0.010    16.4818   7060.77   0.1     76.96   0.3  30.05.2026  02:23:21
  6  11   5  10  $12    0.010     9.4946   3767.78   0.2     46.63   2.2  30.05.2026  02:23:23
  6  12   5  11  $12    0.010     7.3593   2790.33   0.1    -30.74  16.5  30.05.2026  02:23:25
  6  14   5  13  $12    0.001    27.1558  97721.66   0.0    181.79   0.0  30.05.2026  02:23:30
  6  15   5  14  $12    0.010     9.7816   3462.51   0.0     25.19   2.6  30.05.2026  02:23:34
  7   3   5   1  $12    0.010    -0.6813   1284.14   0.6  -9108.56   0.9  30.05.2026  02:23:36
  7   3  11  15  $12    0.010     2.0713  15616.90   0.0     93.22   0.1  30.05.2026  02:23:38
  7   4   5   2  $12    0.010   -13.1540  41324.63   0.0   -850.66   0.2  30.05.2026  02:23:40
  7   8   1   2  $12    0.010    -9.5034 626974.19   0.0   -593.97   0.2  30.05.2026  02:23:42
  7   8   9  10  $12    0.010    -8.9491  16868.61   0.0   -543.04   0.3  30.05.2026  02:23:44
  7   8  13  14  $12    0.001    -4.6224 3049561.94   0.7   -620.76   0.5  30.05.2026  02:23:49
  7  11   3  15  $12    0.100     4.4021   1106.36   0.1    -99.76   0.7  30.05.2026  02:23:54
  7  11   5   9  $12    0.010    -9.6869  18259.43   0.1   -937.45   0.1  30.05.2026  02:23:59
  7  12   5  10  $12    0.010   -17.6415  21161.23   0.1   -730.96   0.0  30.05.2026  02:24:01
  7  15   5  13  $12    0.001     4.4517  38142.42   0.0   -521.68   1.4  30.05.2026  02:24:06
  7  16   5  14  $12    0.010    -4.6076   3778.24   0.1  -1833.63   0.2  30.05.2026  02:24:10
  7  16   5  15  $12    0.010   -11.3961   5576.21   0.2  -1224.76   0.3  30.05.2026  02:24:12
  8   4   5   1  $12    0.010     3.3217   4382.85   0.3    -28.14   4.6  30.05.2026  02:24:14
  8   4  12  16  $12    0.010     2.6472  19959.74   0.1    -13.62  13.1  30.05.2026  02:24:16
  7   8   5   6  $12    0.001    -2.7355  51563.26   0.2   -607.69   0.3  30.05.2026  02:24:21
  8  12   4  16  $12    0.010     2.0069   5043.88   0.0    -20.64   3.0  30.05.2026  02:24:25
  8  12   5   9  $12    0.010     2.2477   2965.75   0.2   -113.42   6.6  30.05.2026  02:24:27
  8  16   5  13  $12    0.010     4.5926   7679.45   0.1     93.83   2.9  30.05.2026  02:24:29
  9   1  10   2  $12    0.001    11.4925  41356.29   0.0     66.24   0.1  30.05.2026  02:24:33
  9   1  11   3  $12    0.010    10.8271   9276.63   0.0     71.37   0.0  30.05.2026  02:24:37
  9   1  12   4  $12    0.010     3.8018   6357.21   0.0     45.96   5.5  30.05.2026  02:24:39
  9   2  10   3  $12    0.001     2.9878  10989.06   0.0    118.69   0.2  30.05.2026  02:24:44
  9   2  11   4  $12    0.010     6.6872   6099.23   0.0     38.42   0.2  30.05.2026  02:24:48
  9   3  11   4  $12    0.010    12.1784   6512.25   0.0     40.89   0.5  30.05.2026  02:24:50
  9   5  10   6  $12    0.010    17.4818   7489.21   0.0    102.07   0.1  30.05.2026  02:24:52
  9   5  11   7  $12    0.010   -13.4746  25398.95   0.3   -970.47   1.0  30.05.2026  02:24:54
  9   5  12   8  $12    0.010     2.4656   3253.23   0.1   -208.51   0.7  30.05.2026  02:24:56
  9   5  13   1  $12    0.010    16.9961  42715.73   0.1   -443.45   0.3  30.05.2026  02:24:58
  9   6  10   7  $12    0.001     2.7133  13638.43   0.0   -104.08   3.5  30.05.2026  02:25:03
  9   6  11   8  $12    0.010     3.2683  10267.70   0.0     50.26   1.0  30.05.2026  02:25:07
  9   7  10   8  $12    0.010    19.9322  18785.68   0.0     72.78   0.0  30.05.2026  02:25:09
  9  10   1   2  $12    0.100    -9.1049 144164.15   0.2   -594.87   0.4  30.05.2026  02:25:13
  9  10   2   3  $12    0.100    -3.7298  39370.34   0.1   -664.48   0.4  30.05.2026  02:25:15
  9  10   3   4  $12    0.100     2.3348  15403.46   0.5   -573.36   2.1  30.05.2026  02:25:17
  9  10   5   6  $12    0.100   -23.0187  43389.20   0.1   -618.79   0.3  30.05.2026  02:25:19
  9  10   6   7  $12    0.010     7.4416  56108.40   0.7   -661.02   1.6  30.05.2026  02:25:24
  9  10   7   8  $12    0.010    -7.6511  14421.92   0.2   -662.23   0.8  30.05.2026  02:25:26
  9  10  12  11  $12    0.010     2.8412   5355.56   0.4    342.39   1.1  30.05.2026  02:25:28
  9  10  13  14  $12    0.010    -4.2498  80107.71   0.3   -779.29   1.3  30.05.2026  02:25:30
  9  10  14  15  $12    0.100    -9.9788  37619.28   0.0   -636.85   0.6  30.05.2026  02:25:33
  9  10  15  16  $12    1.000     3.0724   2026.99   0.7   -242.08   4.6  30.05.2026  02:25:37
  9  11   1   3  $12    0.100   -16.8651  63580.08   0.2   -619.35   0.1  30.05.2026  02:25:42
  9  11   2   4  $12    0.100    -2.2502   5566.93   0.5   -843.16   0.9  30.05.2026  02:25:44
  9  11   5   7  $12    0.010     8.1156  30594.98   0.3   -631.30   0.6  30.05.2026  02:25:49
  9  11   6   8  $12    0.100     0.7402     87.20   0.3    429.94   0.1  30.05.2026  02:25:56
  9  11  13  15  $12    0.010    -7.1908  27108.55   0.0   -749.65   0.0  30.05.2026  02:26:01
  9  11  14  16  $12    0.100   -11.1256   9174.91   0.2   -744.50   0.3  30.05.2026  02:26:05
  9  12   1   4  $12    0.100   -10.0105  15374.98   0.0   -863.74   0.1  30.05.2026  02:26:07
  9  12   5   8  $12    0.010    -2.6574   2597.28   0.6   -658.77   2.1  30.05.2026  02:26:12
  9  12  10  11  $12    0.010    10.5512   6629.49   0.1    114.00   0.8  30.05.2026  02:26:13
  9  12  13  16  $12    0.010    -5.2525   5133.69   0.0   -885.49   0.1  30.05.2026  02:26:15
  9  13   5   1  $12    0.010    18.3195 138125.61   0.0   -235.75   0.2  30.05.2026  02:26:17
  9  13  10  14  $12    0.001    29.0660 124518.58   0.0    159.82   0.1  30.05.2026  02:26:23
  9  13  11  15  $12    0.010     7.0602  13308.13   0.0    -24.48   0.4  30.05.2026  02:26:27
  9  13  12  16  $12    0.010     4.8094   6345.87   0.0   -208.57   0.9  30.05.2026  02:26:29
  9  14  10  15  $12    0.010    16.4311   6520.38   0.0     87.04   0.0  30.05.2026  02:26:31
  9  14  11  16  $12    0.010     6.0375   7242.04   0.0     23.63   1.4  30.05.2026  02:26:33
  9  15  10  16  $12    0.010    21.0991   7999.89   0.0     67.63   0.3  30.05.2026  02:26:35
 10   2   9   1  $12    0.001    11.6838  42044.66   0.0     59.77   0.1  30.05.2026  02:26:39
 10   3   9   2  $12    0.001     2.8620  10526.23   0.2     80.69   4.8  30.05.2026  02:26:41
 10   6   9   5  $12    0.010    15.5078   6643.52   0.0     58.15   0.1  30.05.2026  02:26:45
 10   6  14   2  $12    0.100     7.9864   2007.21   0.0     54.09   1.4  30.05.2026  02:26:49
 10   7   9   6  $12    0.001     2.6308  13223.69   0.0   -249.09   0.5  30.05.2026  02:26:57
 10   8   9   7  $12    0.010    18.2541  17204.11   0.0     15.43   6.0  30.05.2026  02:27:01
 10  11   1   2  $12    1.000    -0.1993    450.72  18.3  -1463.82  55.0  30.05.2026  02:27:11
 10  11   5   6  $12    1.000     9.9192   3739.44   0.2   -371.92   0.5  30.05.2026  02:27:13
 10  11   9  12  $12    0.010     7.8451   4929.22   0.1     53.00   0.4  30.05.2026  02:27:21
 10  11  13  14  $12    0.100     3.9437   2973.50   0.2    -67.92   3.5  30.05.2026  02:27:25
 10  12   1   3  $12    0.100     6.2956  34266.01   0.4   -291.48   1.1  30.05.2026  02:27:27
 10  12   2   4  $12    0.100     3.3233  12528.55   0.4    -94.25   2.7  30.05.2026  02:27:29
 10  12   5   7  $12    0.100   -11.0278   9094.29   0.1   -735.71   0.4  30.05.2026  02:27:31
 10  12   6   8  $12    0.100     2.3848    899.05   0.9    -25.55  38.3  30.05.2026  02:27:33
 10  12  13  15  $12    0.010     2.4943   2938.58   0.2   -291.47   1.8  30.05.2026  02:27:38
 10  12  14  16  $12    0.100    14.9010   5617.55   0.0    -72.19   0.4  30.05.2026  02:27:41
 10  14   6   2  $12    0.100    21.0779  15892.38   0.1    235.00   0.3  30.05.2026  02:27:44
 10  14   9  13  $12    0.001    24.4629 104798.74   0.1    150.68   0.5  30.05.2026  02:27:52
 10  15   9  14  $12    0.010    15.4715   6139.60   0.0     71.80   0.3  30.05.2026  02:27:55
 10  16   9  15  $12    0.010    20.0056   7585.26   0.0     51.48   1.8  30.05.2026  02:27:57
 11   3   9   1  $12    0.010    10.2954   8821.12   0.0     52.09   3.3  30.05.2026  02:27:59
 11   4   9   2  $12    0.010     6.5078   5935.63   0.0     18.02   5.7  30.05.2026  02:28:01
 11   4   9   3  $12    0.010    12.1437   6493.71   0.1     40.04   1.3  30.05.2026  02:28:03
 11   7   9   5  $12    0.010    -9.7317  18343.89   0.2   -845.78   0.3  30.05.2026  02:28:05
 11   7  15   3  $12    0.100     3.0655    770.44   0.5     36.08  50.6  30.05.2026  02:28:09
 11   8   9   6  $12    0.010     3.1945  10035.91   0.0     31.64   7.6  30.05.2026  02:28:14
 11  12   1   2  $12    0.100     2.7747  86296.97   0.0   -473.32   0.1  30.05.2026  02:28:18
 11  12   5   6  $12    0.100     5.9899  39517.63   0.1   -537.74   0.3  30.05.2026  02:28:20
 11  12  13  14  $12    0.100     8.9541   1687.80   0.1   -780.57   0.3  30.05.2026  02:28:22
 11  15   7   3  $12    0.100    21.3459  16094.41   0.1    217.79   1.1  30.05.2026  02:28:24
 11  15   9  13  $12    0.010     6.8139  12843.82   0.1     -7.84   7.7  30.05.2026  02:28:29
 11  16   9  14  $12    0.010     6.2087   7447.45   0.1     31.93   1.7  30.05.2026  02:28:31
 12   4   9   1  $12    0.010     3.7612   6289.17   0.2     32.01   7.0  30.05.2026  02:28:33
 12   8   9   5  $12    0.010     2.1807   2877.40   0.2    -97.25   3.2  30.05.2026  02:28:35
 12   8  16   4  $12    0.010     2.0115   5055.49   0.5    -14.16  83.0  30.05.2026  02:28:37
 12  11   9  10  $12    0.100    15.1728   2860.00   0.0    279.83   0.0  30.05.2026  02:28:40
 12  16   8   4  $12    0.010     2.6343  19862.01   0.0    -12.57   6.2  30.05.2026  02:28:45
 12  16   9  13  $12    0.010     4.3749   5772.49   0.7   -151.80   9.7  30.05.2026  02:28:47
 13   1   9   5  $12    0.010    16.9032  42482.29   0.0   -380.33   0.2  30.05.2026  02:28:49
 13   1  14   2  $12    0.001    36.5406 125311.22   0.0    123.64   0.1  30.05.2026  02:28:55
 13   1  15   3  $12    0.010     9.9209   7523.19   0.0    -10.67   0.7  30.05.2026  02:28:58
 13   1  16   4  $12    0.010     5.7814   7430.23   0.2   -236.51   0.3  30.05.2026  02:29:00
 13   2  14   3  $12    0.001    28.4510  98401.67   0.0    162.89   0.2  30.05.2026  02:29:06
 13   2  15   4  $12    0.010     8.3170   6435.93   0.0   -231.54   0.1  30.05.2026  02:29:10
 13   3  14   4  $12    0.001    28.8850 100941.03   0.0    173.31   0.1  30.05.2026  02:29:15
 13   5  14   6  $12    0.001    28.9714 104255.06   0.0    161.90   0.1  30.05.2026  02:29:17
 13   5  15   7  $12    0.001     5.0370  43157.19   0.3   -601.58   0.8  30.05.2026  02:29:20
 13   5  16   8  $12    0.010     4.5888   7673.09   0.0     73.69   0.7  30.05.2026  02:29:24
 13   6  14   7  $12    0.001    36.0277 132508.51   0.0      6.79  17.3  30.05.2026  02:29:29
 13   6  15   8  $12    0.010     5.8710   5354.84   0.0     40.51   0.8  30.05.2026  02:29:33
 13   7  15   8  $12    0.010    10.1593   5432.59   0.0     -0.65   8.9  30.05.2026  02:29:35
 13   9   1   5  $12    0.010    19.9271 150247.04   0.0   -242.95   0.1  30.05.2026  02:29:37
 13   9  14  10  $12    0.001    29.3443 125710.79   0.0    163.82   0.0  30.05.2026  02:29:42
 13   9  15  11  $12    0.010     7.1550  13486.86   0.0    -33.42   0.4  30.05.2026  02:29:46
 13   9  16  12  $12    0.010     4.9734   6562.20   0.0   -218.74   0.4  30.05.2026  02:29:48
 13  10  14  11  $12    0.001    29.2166 146858.75   0.0    175.33   0.8  30.05.2026  02:29:53
 13  10  15  12  $12    0.010     6.9490  21831.03   0.0   -220.94   0.1  30.05.2026  02:29:57
 13  11  14  12  $12    0.001    29.0977 274239.52   0.0    175.23   0.0  30.05.2026  02:30:02
 13  14   1   2  $12    0.010    -3.5602 1919291.83   0.0  -1714.76   0.0  30.05.2026  02:30:06
 13  14   2   3  $12    0.010    -1.2007 497935.97   0.3  -2382.50   0.4  30.05.2026  02:30:09
 13  14   3   4  $12    0.010     2.6421 821729.28   0.3   -518.68   1.2  30.05.2026  02:30:11
 13  14   5   6  $12    0.010   -21.7793 3448457.73   0.0   -686.06   0.2  30.05.2026  02:30:13
 13  14   6   7  $12    0.001     6.3672 6721022.39   0.8   -665.49   0.5  30.05.2026  02:30:17
 13  14   7   8  $12    0.001    -6.2766 4140874.30   0.6   -712.40   1.2  30.05.2026  02:30:19
 13  14   9  10  $12    0.010    -7.1680 135113.74   0.0   -791.36   0.0  30.05.2026  02:30:23
 13  14  10  11  $12    0.100     9.7921   7383.08   0.0    -63.92   0.5  30.05.2026  02:30:27
 13  14  11  12  $12    0.100     5.9940   1129.84   0.2   -264.40   2.7  30.05.2026  02:30:29
 13  14  16  15  $12    0.100     3.1114    586.48   0.1    189.87   0.6  30.05.2026  02:30:31
 13  15   1   3  $12    0.010    -5.4731 722164.94   0.8  -1703.39   0.4  30.05.2026  02:30:36
 13  15   2   4  $12    0.010     2.8351 286569.35   0.7    607.09   1.0  30.05.2026  02:30:38
 13  15   5   7  $12    0.001     6.4566 2434085.80   0.0   -672.48   0.2  30.05.2026  02:30:43
 13  15   6   8  $12    0.100     2.1394   5292.83   0.9  -1029.43   0.1  30.05.2026  02:30:48
 13  15   9  11  $12    0.010    -7.9974  30149.61   0.1   -728.52   0.1  30.05.2026  02:30:57
 13  15  10  12  $12    0.010     3.1334   3691.46   0.1   -289.34   0.9  30.05.2026  02:30:59
 13  16   1   4  $12    0.010    -2.0914 118267.44   0.5  -3848.24   0.6  30.05.2026  02:31:01
 13  16   5   8  $12    0.001    -3.0465 467911.19   0.8   -662.85   0.5  30.05.2026  02:31:06
 13  16   9  12  $12    0.010    -5.4775   5353.64   0.0   -901.99   0.0  30.05.2026  02:31:09
 13  16  14  15  $12    0.001    29.2784 183961.82   0.0    120.55   0.4  30.05.2026  02:31:14
 14   2  10   6  $12    0.100     8.1024   2036.36   0.0     67.84   0.1  30.05.2026  02:31:20
 14   2  13   1  $12    0.001    33.7930 115888.75   0.1     50.11   0.7  30.05.2026  02:31:28
 14   3  13   2  $12    0.001    26.0789  90197.29   0.3    102.52   2.9  30.05.2026  02:31:31
 14   4  13   3  $12    0.001    27.1657  94932.77   0.1    116.32   1.2  30.05.2026  02:31:33
 14   6  13   5  $12    0.001    27.9881 100716.50   0.0    124.77   0.4  30.05.2026  02:31:36
 14   7  13   6  $12    0.001    36.4258 133972.78   0.1    -64.23   2.1  30.05.2026  02:31:38
 14  10   2   6  $12    0.010     2.1262  16031.14   0.3    293.21   0.8  30.05.2026  02:31:42
 14  10  13   9  $12    0.001    30.2611 129638.08   0.0    148.75   0.1  30.05.2026  02:31:48
 14  11  13  10  $12    0.001    29.6308 148940.51   0.0    161.73   1.3  30.05.2026  02:31:50
 14  12  13  11  $12    0.001    29.9957 282703.16   0.0    150.78   0.2  30.05.2026  02:31:53
 14  15   1   2  $12    0.100    -7.3604 505014.39   0.0  -1063.94   0.0  30.05.2026  02:31:58
 14  15   5   6  $12    0.010    -3.8233 864811.71   0.4   -675.06   1.8  30.05.2026  02:32:03
 14  15   9  10  $12    0.100   -12.8015  48260.52   0.0   -623.81   0.0  30.05.2026  02:32:07
 14  15  13  16  $12    0.001    23.9127 150247.88   0.4    125.30   0.3  30.05.2026  02:32:15
 14  16   1   3  $12    0.100    -1.7564  29590.41   0.2  -6836.01   0.3  30.05.2026  02:32:20
 14  16   2   4  $12    0.100    12.7498 168229.50   0.1    188.04   0.5  30.05.2026  02:32:22
 14  16   5   7  $12    0.010     8.5475 465225.03   0.5   -642.28   0.2  30.05.2026  02:32:27
 14  16   6   8  $12    0.100     0.0276    104.01   6.2   9892.25   6.5  30.05.2026  02:32:43
 14  16   9  11  $12    0.100   -10.3072   8499.99   0.2   -800.65   0.0  30.05.2026  02:32:44
 14  16  10  12  $12    0.100    17.1699   6472.89   0.0   -100.64   0.5  30.05.2026  02:32:46
 15   3  11   7  $12    0.100    -6.2635   1574.19   0.3  -1362.93   0.2  30.05.2026  02:32:48
 15   3  13   1  $12    0.010     9.3289   7074.26   0.9    -25.66   6.6  30.05.2026  02:32:53
 15   4  13   2  $12    0.010     8.0828   6254.66   0.7   -205.91   0.0  30.05.2026  02:32:55
 15   7  13   5  $12    0.001     6.1772  52925.74   0.4   -542.42   1.4  30.05.2026  02:33:00
 15   8  13   6  $12    0.010     6.1124   5574.95   0.2     35.78   1.5  30.05.2026  02:33:08
 15   8  13   7  $12    0.010    10.3503   5534.73   0.0     -2.61  23.5  30.05.2026  02:33:10
 15  11   3   7  $12    0.100    20.2573  15273.67   0.1    250.68   0.4  30.05.2026  02:33:14
 15  11  13   9  $12    0.010     7.4580  14058.07   0.0    -45.16   4.8  30.05.2026  02:33:19
 15  12  13  10  $12    0.010     7.2749  22854.81   0.0   -189.90   1.7  30.05.2026  02:33:21
 15  16   1   2  $12    1.000     8.6424  74122.33   0.0   -579.96   0.7  30.05.2026  02:33:26
 15  16   5   6  $12    1.000    19.7059  61288.88   0.2   -559.91   0.3  30.05.2026  02:33:28
 15  16   9  10  $12    1.000     7.8035   5148.23   0.0   -508.86   0.1  30.05.2026  02:33:30
 16   4  12   8  $12    0.100    19.4921   4898.91   0.0    -16.44   1.3  30.05.2026  02:33:35
 16   4  13   1  $12    0.010     5.3309   6851.22   0.2   -213.20   0.5  30.05.2026  02:33:40
 16   8  13   5  $12    0.010     4.4799   7491.04   0.6    119.65   5.2  30.05.2026  02:33:42
 16  12   4   8  $12    0.010     2.6585  20044.28   0.5    -21.90  41.4  30.05.2026  02:33:44
 16  12  13   9  $12    0.010     5.0947   6722.35   0.9   -207.04   3.8  30.05.2026  02:33:46
 16  15  13  14  $12    0.100    -2.8778    542.46   0.2  -1392.10   0.5  30.05.2026  02:33:50
