//C:\Users\user\Desktop\GeoTom\GeoTomE724.ini
//- Cable direction:
//  cable I: normal
//  cable II: normal
//  cable III: normal
//  cable IV: normal
//- Cable arrangement: sequential
//- Optimization: Last measurement
//- Sorting: Multi-level
//- Current levels: 0.001 mA .. 50.0 mA
Type:         Flow
Name:         Hyprop
Comment:      Example of a measurements sequence
Comment:      
Comment:      
Spacing:      1.00000
First El:     0.00000
Nr of points: 312
IP present:   1

  1   2   4   3  $12    0.010    14.5856  27493.24   0.0     78.20   0.1  30.05.2026  08:15:05
  1   2   5   6  $12    0.100    -7.8325  14763.97   0.2  -1976.91   0.1  30.05.2026  08:15:09
  1   2   6   7  $12    0.010     6.7157 253177.14   0.2   -538.66   0.5  30.05.2026  08:15:14
  1   2   7   8  $12    0.010    -6.8588 452495.84   0.3   -556.29   0.4  30.05.2026  08:15:16
  1   2   9  10  $12    0.100    -7.7445 122623.64   0.1   -525.77   0.2  30.05.2026  08:15:20
  1   2  10  11  $12    0.100    -0.6475  14646.92   0.8   -375.35   4.5  30.05.2026  08:15:25
  1   2  11  12  $12    0.100     1.4330  44569.94   0.1   -579.23   0.1  30.05.2026  08:15:30
  1   2  13  14  $12    0.010    -3.8369 2068455.78   0.3   -730.58   0.6  30.05.2026  08:15:35
  1   2  14  15  $12    0.100    -9.8495 675795.11   0.1   -329.10   0.4  30.05.2026  08:15:39
  1   2  15  16  $12    0.100     0.5021  43061.14   0.4   -689.96   1.2  30.05.2026  08:15:44
  1   3   5   7  $12    0.010     9.2265  34783.12   0.1   -486.02   0.1  30.05.2026  08:15:49
  1   3   6   8  $12    0.100     0.8998    742.05   0.1    451.82   0.1  30.05.2026  08:15:56
  1   3   9  11  $12    0.100   -12.6334  47626.80   0.0   -513.62   0.3  30.05.2026  08:15:58
  1   3  10  12  $12    0.100     2.3243  12650.99   0.4   -516.81   0.6  30.05.2026  08:16:00
  1   3  13  15  $12    0.010    -8.5094 1122793.73   0.0   -913.92   0.2  30.05.2026  08:16:05
  1   3  14  16  $12    0.100    -3.1229  52611.12   0.2  -2336.32   0.1  30.05.2026  08:16:09
  1   4   2   3  $12    0.001     8.0478  50565.78   0.0    -10.38   3.0  30.05.2026  08:16:16
  1   4   5   8  $12    0.100    -6.4154    627.03   0.1  -3003.23   0.1  30.05.2026  08:16:22
  1   4   9  12  $12    0.100    -6.4856   9961.23   0.0   -643.37   0.1  30.05.2026  08:16:24
  1   4  13  16  $12    0.010    -3.4307 194003.23   0.2  -1683.88   0.2  30.05.2026  08:16:29
  1   5   2   6  $12    0.001     8.7899  37655.80   0.0    -23.84   1.7  30.05.2026  08:16:34
  1   5   3   7  $12    0.010    -7.6610  14440.71   0.4  -1419.35   0.4  30.05.2026  08:16:38
  1   5   4   8  $12    0.010     3.8502   5080.19   0.1   -153.52   0.6  30.05.2026  08:16:40
  1   5  13   9  $12    0.001     3.0978 233570.10   0.6   -446.44   2.2  30.05.2026  08:16:45
  1   6   2   7  $12    0.001    11.6339  46167.27   0.4   -232.69   0.2  30.05.2026  08:16:47
  1   6   3   8  $12    0.010     9.1433  10967.57   0.0     81.10   0.2  30.05.2026  08:16:51
  1   7   2   8  $12    0.001     9.9446  37705.88   0.0    -31.96   0.9  30.05.2026  08:16:56
  1   9   2  10  $12    0.001    11.0565  39787.36   0.0     45.43   0.9  30.05.2026  08:16:58
  1   9   3  11  $12    0.010    11.7836  10096.19   0.0     60.65   0.3  30.05.2026  08:17:02
  1   9   4  12  $12    0.010     4.1174   6884.94   0.0     38.97   1.6  30.05.2026  08:17:04
  1  10   2  11  $12    0.001    10.0184  35463.48   0.0     50.28   0.1  30.05.2026  08:17:09
  1  10   3  12  $12    0.010    11.4240   9367.78   0.0     52.48   0.6  30.05.2026  08:17:12
  1  11   3  12  $12    0.010    13.0122   6367.00   0.0     50.10   0.3  30.05.2026  08:17:14
  1  13   2  14  $12    0.001    37.4654 128482.79   0.0    111.95   0.0  30.05.2026  08:17:20
  1  13   3  15  $12    0.010    12.1712   9229.60   0.0    -39.16   0.4  30.05.2026  08:17:23
  1  13   4  16  $12    0.010     7.8290  10061.86   0.0   -308.64   0.0  30.05.2026  08:17:25
  1  13   5   9  $12    0.001     2.1612  54315.71   0.1   -442.62   0.4  30.05.2026  08:17:30
  1  14   2  15  $12    0.001     9.5039  32361.39   0.1     29.59   7.4  30.05.2026  08:17:32
  1  14   3  16  $12    0.010    10.0263   7478.05   0.0     66.51   0.4  30.05.2026  08:17:36
  1  15   2  16  $12    0.001    10.1415  34324.86   0.0     43.41   0.4  30.05.2026  08:17:41
  2   3   1   4  $12    0.001     9.2844  58335.37   0.1     45.54   1.9  30.05.2026  08:17:43
  2   3   5   6  $12    0.100   -10.4353   7868.05   0.0  -1228.00   0.0  30.05.2026  08:17:48
  2   3   9  10  $12    0.100    -6.0128  63469.57   0.0   -582.22   0.3  30.05.2026  08:17:50
  2   3  13  14  $12    0.010    -2.9812 1236279.40   0.2  -1054.90   0.3  30.05.2026  08:17:56
  2   4   5   7  $12    0.010     2.4751   2915.92   0.1   -484.35   0.6  30.05.2026  08:17:58
  2   4   6   8  $12    0.100     1.2680    478.01   0.1     96.73   0.9  30.05.2026  08:18:05
  2   4   9  11  $12    0.100    -4.3077  10657.27   0.5   -573.01   0.1  30.05.2026  08:18:07
  2   4  10  12  $12    0.100     1.2410   4678.35   0.3   -351.35   0.2  30.05.2026  08:18:12
  2   4  13  15  $12    0.010     1.5603 157720.54   0.5   1352.30   0.9  30.05.2026  08:18:17
  2   4  14  16  $12    0.100    16.4546 217113.50   0.0    273.99   0.2  30.05.2026  08:18:21
  2   6   1   5  $12    0.001    10.6971  45826.41   0.1    -36.91   3.0  30.05.2026  08:18:29
  2   6  14  10  $12    0.010     2.5679  19361.25   0.0    281.40   0.6  30.05.2026  08:18:37
  2   7   1   6  $12    0.001    11.1759  44349.62   0.0    -68.08   0.2  30.05.2026  08:18:42
  2   8   1   7  $12    0.001    11.6577  44200.96   0.0   -130.31   0.6  30.05.2026  08:18:44
  2  10   1   9  $12    0.001    12.0402  43327.35   0.0     26.97   1.2  30.05.2026  08:18:46
  2  11   1  10  $12    0.001    10.7480  38045.85   0.0     37.94   1.1  30.05.2026  08:18:48
  2  14   1  13  $12    0.001    36.9294 126644.72   0.1     84.01   2.7  30.05.2026  08:18:50
  2  14   6  10  $12    0.100     8.7204   2191.67   0.0     85.51   1.6  30.05.2026  08:18:56
  2  15   1  14  $12    0.001     9.9419  33853.00   0.0     28.95   1.0  30.05.2026  08:19:03
  2  16   1  15  $12    0.001    10.3647  35080.30   0.1     44.95   8.2  30.05.2026  08:19:05
  3   4   5   6  $12    0.100     6.3994   1206.26   0.2   -604.79   0.4  30.05.2026  08:19:11
  3   4   9  10  $12    0.100     2.5049  16525.41   0.2   -512.45   1.0  30.05.2026  08:19:13
  3   4  13  14  $12    0.010     3.1786 988594.41   0.4   -491.63   1.5  30.05.2026  08:19:18
  3   7   1   5  $12    0.010    -3.1659   5967.62   0.4  -2579.37   0.7  30.05.2026  08:19:20
  3   7  15  11  $12    0.010     1.8806  14179.35   0.6    217.08   6.2  30.05.2026  08:19:24
  3   8   1   6  $12    0.010     9.7412  11684.68   0.5     63.46   3.3  30.05.2026  08:19:26
  3  11   1   9  $12    0.010    12.3320  10566.03   0.0     53.73   0.2  30.05.2026  08:19:28
  3  12   1  10  $12    0.010    11.7472   9632.84   0.0     50.05   1.8  30.05.2026  08:19:30
  3  12   1  11  $12    0.010    13.2895   6502.70   0.0     47.49   0.6  30.05.2026  08:19:32
  3  15   1  13  $12    0.010    11.8291   8970.19   0.0    -13.56   1.4  30.05.2026  08:19:34
  3  15   7  11  $12    0.100    -5.9246   1489.02   0.3  -1256.70   0.2  30.05.2026  08:19:42
  3  16   1  14  $12    0.010     9.8607   7354.59   0.0     55.68   0.3  30.05.2026  08:19:47
  3   4   1   2  $12    0.010   -10.9161  20576.30   0.2     54.05   2.9  30.05.2026  08:19:49
  4   8   1   5  $12    0.010     3.8164   5035.65   0.5   -108.92   3.5  30.05.2026  08:19:51
  4   8  16  12  $12    0.010     3.3223  25049.92   0.7    -10.57  35.3  30.05.2026  08:19:53
  4  12   1   9  $12    0.010     4.2863   7167.24   0.0     36.04   8.0  30.05.2026  08:19:55
  4  16   1  13  $12    0.010     6.9710   8959.08   0.0   -287.93   1.5  30.05.2026  08:19:57
  4  16   8  12  $12    0.100     9.5422   2398.21   0.0    -61.23   0.4  30.05.2026  08:20:01
  5   1   6   2  $12    0.001     9.3978  40260.24   0.0     16.85   1.4  30.05.2026  08:20:09
  5   1   7   3  $12    0.010    -1.1535   2174.29   0.9  -7099.89   1.1  30.05.2026  08:20:15
  5   1   8   4  $12    0.010     3.8410   5068.14   0.5   -107.51   7.8  30.05.2026  08:20:17
  5   1   9  13  $12    0.010    20.9514 157970.00   0.1   -382.82   0.6  30.05.2026  08:20:19
  5   2   6   3  $12    0.001     2.8933  14543.39   0.0     44.99   0.2  30.05.2026  08:20:24
  5   2   7   4  $12    0.010   -11.0031  34567.20   0.0  -1041.31   0.1  30.05.2026  08:20:28
  5   3   6   4  $12    0.010    17.6153  16601.99   0.0     -7.60   5.5  30.05.2026  08:20:30
  5   6   1   2  $12    0.100     8.3329  15707.23   0.0    575.57   0.0  30.05.2026  08:20:34
  5   6   2   3  $12    0.100    -2.7907   2104.14   0.1  -2338.34   0.0  30.05.2026  08:20:36
  5   6   3   4  $12    0.100     4.5563    858.85   0.6   -649.92   0.9  30.05.2026  08:20:38
  5   6   7   8  $12    0.001    -3.3108  62407.91   0.4   -755.33   0.3  30.05.2026  08:20:46
  5   6   9  10  $12    0.010    -2.8876  54430.27   0.0   -566.20   0.6  30.05.2026  08:20:49
  5   6  10  11  $12    0.100     0.6436   2426.30   0.8    799.10   0.5  30.05.2026  08:21:05
  5   6  11  12  $12    0.100    12.1432  80112.83   0.0   -392.70   0.1  30.05.2026  08:21:07
  5   6  13  14  $12    0.001    -4.1224 6527175.99   0.9   -859.96   3.2  30.05.2026  08:21:15
  5   6  14  15  $12    0.010    -4.6622 1054554.43   0.0   -478.75   0.1  30.05.2026  08:21:19
  5   6  15  16  $12    0.100     2.6139  81296.56   0.5   -439.44   0.9  30.05.2026  08:21:22
  5   7   1   3  $12    0.010     7.9708  30049.04   0.0   -382.00   0.2  30.05.2026  08:21:28
  5   7   2   4  $12    0.010     1.9473   2294.15   0.6   -390.96   2.9  30.05.2026  08:21:33
  5   7   9  11  $12    0.010     4.3775  16502.86   0.1   -483.91   0.2  30.05.2026  08:21:35
  5   7  10  12  $12    0.010    -0.0956    788.02   0.6  -4608.36   0.8  30.05.2026  08:21:47
  5   7  13  15  $12    0.001     4.2536 1603588.10   0.2   -515.79   0.2  30.05.2026  08:21:52
  5   7  14  16  $12    0.010     5.5972 304646.43   0.1   -465.90   0.1  30.05.2026  08:21:56
  5   8   1   4  $12    0.100     9.2118    900.35   0.0   1174.81   0.1  30.05.2026  08:22:00
  5   8   6   7  $12    0.001     4.4445  27925.55   0.2   -707.86   0.2  30.05.2026  08:22:07
  5   8   9  12  $12    0.010    -2.5503   2492.66   0.0   -576.74   0.1  30.05.2026  08:22:15
  5   8  13  16  $12    0.001    -3.9002 599029.39   0.3   -700.72   0.6  30.05.2026  08:22:20
  5   9   1  13  $12    0.001     2.4976  62772.73   0.9   -562.65   1.6  30.05.2026  08:22:23
  5   9   6  10  $12    0.001     2.6472  11340.76   0.8    130.37   3.8  30.05.2026  08:22:25
  5   9   7  11  $12    0.010   -14.7649  27831.12   0.2  -1014.68   0.2  30.05.2026  08:22:29
  5   9   8  12  $12    0.010     2.7459   3623.16   0.6   -254.44   2.4  30.05.2026  08:22:31
  5  10   6  11  $12    0.010    12.8181   5086.63   0.0    120.34   0.2  30.05.2026  08:22:33
  5  10   7  12  $12    0.010   -20.6262  24741.46   0.0   -804.65   0.2  30.05.2026  08:22:35
  5  11   6  12  $12    0.010     8.3798   3177.28   0.1    -68.37   3.1  30.05.2026  08:22:37
  5  13   6  14  $12    0.001    28.6880 103235.16   0.0    157.44   0.0  30.05.2026  08:22:42
  5  13   7  15  $12    0.001     6.1039  52298.43   0.2   -532.52   0.9  30.05.2026  08:22:44
  5  13   8  16  $12    0.010     4.7116   7878.38   0.0    161.22   0.1  30.05.2026  08:22:48
  5  14   6  15  $12    0.010    10.2915   3643.02   0.0     42.20   0.1  30.05.2026  08:22:50
  5  14   7  16  $12    0.010    -9.0955   7458.43   0.3  -1345.40   0.2  30.05.2026  08:22:52
  5  15   7  16  $12    0.010   -15.1537   7414.86   0.1  -1143.94   0.2  30.05.2026  08:22:54
  6   2   5   1  $12    0.001    10.9998  47122.86   0.0     30.62   0.7  30.05.2026  08:22:59
  6   2  10  14  $12    0.010     2.6958  20326.02   0.2    260.06   1.8  30.05.2026  08:23:03
  6   3   5   2  $12    0.001     3.2449  16310.59   0.5     32.09   9.9  30.05.2026  08:23:08
  6   4   5   3  $12    0.010    17.9421  16910.00   0.1      7.29  20.6  30.05.2026  08:23:12
  6   7   1   2  $12    0.010     6.3709 240175.57   0.0   -585.26   0.2  30.05.2026  08:23:14
  6   7   5   8  $12    0.001     3.4406  21617.74   0.1   -488.53   0.2  30.05.2026  08:23:19
  6   7   9  10  $12    0.010     7.2240  54467.40   0.1   -565.22   0.1  30.05.2026  08:23:22
  6   7  13  14  $12    0.001     6.2535 6601042.25   0.7   -608.40   0.7  30.05.2026  08:23:27
  6   8   1   3  $12    1.000    12.7993   1055.52   0.0    188.71   0.1  30.05.2026  08:23:34
  6   8   2   4  $12    1.000    13.9936    527.55   0.1     40.98   2.3  30.05.2026  08:23:37
  6   8   9  11  $12    1.000    11.7062    137.91   0.0    143.11   0.8  30.05.2026  08:23:39
  6   8  10  12  $12    0.100     2.5466    960.06   0.0     -5.03  26.4  30.05.2026  08:23:43
  6   8  13  15  $12    0.100    -3.0292   7494.14   0.7   -520.97   3.1  30.05.2026  08:23:46
  6   8  14  16  $12    1.000     1.1445    431.47   0.1   1184.67   0.9  30.05.2026  08:23:52
  6  10   2  14  $12    0.100     8.2118   2063.85   0.0     70.46   0.2  30.05.2026  08:23:56
  6  10   5   9  $12    0.010    19.7184   8447.35   0.1     74.90   0.9  30.05.2026  08:24:01
  6  11   5  10  $12    0.010    11.0885   4400.28   0.2     55.82   1.1  30.05.2026  08:24:03
  6  12   5  11  $12    0.010     8.1458   3088.54   0.2    -52.24   1.4  30.05.2026  08:24:05
  6  14   5  13  $12    0.001    28.4613 102419.57   0.0    159.95   0.3  30.05.2026  08:24:11
  6  15   5  14  $12    0.010    10.3350   3658.40   0.0     37.88   3.6  30.05.2026  08:24:15
  7   3   5   1  $12    0.010    -0.8221   1549.63   0.2 -10828.99   0.1  30.05.2026  08:24:17
  7   3  11  15  $12    0.010     1.8787  14165.13   0.4    222.95   1.2  30.05.2026  08:24:21
  7   4   5   2  $12    0.010   -10.5166  33038.72   0.1   -979.43   0.0  30.05.2026  08:24:23
  7   8   1   2  $12    0.010    -6.0187 397077.48   0.2   -578.31   0.1  30.05.2026  08:24:25
  7   8   9  10  $12    0.010    -7.1848  13543.00   0.1   -516.27   0.3  30.05.2026  08:24:27
  7   8  13  14  $12    0.001    -6.8730 4534325.80   0.0   -627.77   1.2  30.05.2026  08:24:32
  7  11   3  15  $12    0.100     2.7852    700.00   0.3   -168.06   2.9  30.05.2026  08:24:37
  7  11   5   9  $12    0.010   -11.9793  22580.46   0.1   -890.05   0.2  30.05.2026  08:24:42
  7  12   5  10  $12    0.010   -18.8512  22612.38   0.0   -739.56   0.1  30.05.2026  08:24:44
  7  15   5  13  $12    0.001     6.2655  53682.87   0.1   -532.67   0.0  30.05.2026  08:24:49
  7  16   5  14  $12    0.010    -8.1859   6712.55   0.0  -1254.66   0.1  30.05.2026  08:24:53
  7  16   5  15  $12    0.010   -13.8983   6800.57   0.0  -1121.75   0.0  30.05.2026  08:24:55
  8   4   5   1  $12    0.010     3.9875   5261.41   0.2    -76.82   5.7  30.05.2026  08:24:57
  8   4  12  16  $12    0.010     3.3774  25465.18   0.1    -13.67   7.0  30.05.2026  08:24:59
  7   8   5   6  $12    0.001    -2.9319  55264.20   0.1   -613.14   0.8  30.05.2026  08:25:04
  8  12   4  16  $12    0.100     9.4079   2364.47   0.0    -67.05   0.1  30.05.2026  08:25:10
  8  12   5   9  $12    0.010     2.5115   3313.83   0.1   -135.26   1.6  30.05.2026  08:25:14
  8  16   5  13  $12    0.010     4.8100   8043.04   0.2    157.43   1.8  30.05.2026  08:25:16
  9   1  10   2  $12    0.001    12.8264  46156.57   0.0     62.72   0.2  30.05.2026  08:25:21
  9   1  11   3  $12    0.010    14.6635  12563.68   0.0     75.85   0.1  30.05.2026  08:25:25
  9   1  12   4  $12    0.010     4.5082   7538.35   0.1     58.34   4.5  30.05.2026  08:25:27
  9   2  10   3  $12    0.001     4.7744  17560.19   0.0    107.49   0.1  30.05.2026  08:25:32
  9   2  11   4  $12    0.010     8.3736   7637.39   0.0     54.10   0.3  30.05.2026  08:25:35
  9   3  11   4  $12    0.010    15.9159   8510.86   0.0     51.43   0.0  30.05.2026  08:25:37
  9   5  10   6  $12    0.010    20.0707   8598.27   0.0     93.55   0.6  30.05.2026  08:25:39
  9   5  11   7  $12    0.010   -17.2917  32594.10   0.1   -931.65   0.4  30.05.2026  08:25:41
  9   5  12   8  $12    0.010     2.7718   3657.34   0.3   -246.93   2.9  30.05.2026  08:25:43
  9   5  13   1  $12    0.001     2.7254  68496.34   0.1   -512.63   1.3  30.05.2026  08:25:48
  9   6  10   7  $12    0.001     3.0988  15576.40   0.3    -71.31  11.7  30.05.2026  08:25:50
  9   6  11   8  $12    0.010     3.2444  10192.51   0.0     52.95   1.6  30.05.2026  08:25:54
  9   7  10   8  $12    0.010    22.6432  21340.68   0.0     62.42   0.1  30.05.2026  08:25:56
  9  10   1   2  $12    0.100    -4.6319  73339.48   0.5   -643.56   0.4  30.05.2026  08:26:00
  9  10   2   3  $12    0.100    -3.6040  38042.89   0.4   -680.44   0.3  30.05.2026  08:26:02
  9  10   3   4  $12    0.100     2.0484  13513.94   0.7   -584.72   0.2  30.05.2026  08:26:04
  9  10   5   6  $12    0.100   -20.7834  39175.86   0.0   -628.89   0.0  30.05.2026  08:26:06
  9  10   6   7  $12    0.010     5.1724  38998.64   0.3   -641.70   0.6  30.05.2026  08:26:12
  9  10   7   8  $12    0.010    -5.2271   9852.88   0.9   -647.84   1.7  30.05.2026  08:26:14
  9  10  12  11  $12    0.010     4.8062   9059.39   0.2    288.88   2.0  30.05.2026  08:26:16
  9  10  13  14  $12    0.010    -5.7769 108891.74   0.0   -665.79   0.1  30.05.2026  08:26:17
  9  10  14  15  $12    0.100    -8.0994  30533.87   0.0   -592.58   0.1  30.05.2026  08:26:21
  9  10  15  16  $12    1.000     4.1991   2770.31   0.6   -343.17   0.8  30.05.2026  08:26:25
  9  11   1   3  $12    0.100   -14.4414  54442.95   0.2   -548.77   0.5  30.05.2026  08:26:30
  9  11   2   4  $12    0.100    -2.9207   7225.95   0.3   -769.03   0.5  30.05.2026  08:26:32
  9  11   5   7  $12    0.010     5.4740  20636.44   0.1   -602.32   0.3  30.05.2026  08:26:37
  9  11   6   8  $12    0.100     0.9900    116.64   0.2    273.38   1.6  30.05.2026  08:26:44
  9  11  13  15  $12    0.010    -9.5597  36039.04   0.0   -641.32   0.6  30.05.2026  08:26:49
  9  11  14  16  $12    0.100   -10.1054   8333.57   0.0   -711.69   0.3  30.05.2026  08:26:52
  9  12   1   4  $12    0.100    -8.6097  13223.55   0.1   -714.28   0.1  30.05.2026  08:26:54
  9  12   5   8  $12    0.010    -2.5713   2513.13   0.2   -707.18   0.2  30.05.2026  08:26:59
  9  12  10  11  $12    0.010    11.7146   7360.47   0.2     97.84   0.3  30.05.2026  08:27:01
  9  12  13  16  $12    0.010    -8.0555   7873.31   0.3   -714.93   0.4  30.05.2026  08:27:03
  9  13   5   1  $12    0.001     2.3871 179983.63   0.2   -396.00   0.2  30.05.2026  08:27:08
  9  13  10  14  $12    0.001    30.5622 130928.24   0.0    146.29   0.0  30.05.2026  08:27:11
  9  13  11  15  $12    0.010     9.0313  17023.58   0.0    -10.59   1.2  30.05.2026  08:27:14
  9  13  12  16  $12    0.010     7.0810   9343.12   0.0   -210.96   0.7  30.05.2026  08:27:16
  9  14  10  15  $12    0.010    18.3367   7276.61   0.0     89.45   0.2  30.05.2026  08:27:18
  9  14  11  16  $12    0.010     6.3414   7606.62   0.0     31.62   0.8  30.05.2026  08:27:20
  9  15  10  16  $12    0.010    22.3969   8491.97   0.0     68.77   0.1  30.05.2026  08:27:22
 10   2   9   1  $12    0.001    12.8487  46236.55   0.0     53.03   0.3  30.05.2026  08:27:27
 10   3   9   2  $12    0.001     4.3870  16135.23   0.2     74.48   4.4  30.05.2026  08:27:29
 10   6   9   5  $12    0.010    16.9045   7241.88   0.0     55.34   0.5  30.05.2026  08:27:33
 10   6  14   2  $12    0.100     8.2612   2076.26   0.0     75.80   0.1  30.05.2026  08:27:37
 10   7   9   6  $12    0.010    22.5407  11330.22   0.2   -142.70   0.0  30.05.2026  08:27:42
 10   8   9   7  $12    0.010    19.9644  18816.01   0.3     20.61   7.3  30.05.2026  08:27:44
 10  11   1   2  $12    1.000    -1.9618   4437.39   4.8   -697.31   2.4  30.05.2026  08:27:54
 10  11   5   6  $12    1.000    -3.5031   1320.66   0.1   -908.27   4.9  30.05.2026  08:27:56
 10  11   9  12  $12    0.010     9.6138   6040.51   0.1     41.35   1.2  30.05.2026  08:28:04
 10  11  13  14  $12    0.100     0.4276    322.37   1.1   7784.37   0.6  30.05.2026  08:28:08
 10  12   1   3  $12    0.100     3.0462  16579.66   0.6   -325.95   1.5  30.05.2026  08:28:10
 10  12   2   4  $12    1.000    12.2491   4617.82   0.2   -242.68   2.1  30.05.2026  08:28:14
 10  12   5   7  $12    0.100    -1.3020   1073.73   0.1  -2204.31   0.7  30.05.2026  08:28:19
 10  12   6   8  $12    0.100     2.6551   1000.97   0.3      9.80 108.2  30.05.2026  08:28:21
 10  12  13  15  $12    0.100    17.1372   2018.93   0.1   -190.35   1.1  30.05.2026  08:28:23
 10  12  14  16  $12    0.100     6.4033   2413.98   0.1     -3.34 114.0  30.05.2026  08:28:25
 10  14   6   2  $12    0.100    22.1042  16666.18   0.1    261.98   0.4  30.05.2026  08:28:27
 10  14   9  13  $12    0.001    25.0501 107314.43   0.2    122.24   1.0  30.05.2026  08:28:36
 10  15   9  14  $12    0.010    17.6359   6998.51   0.0     79.79   0.1  30.05.2026  08:28:39
 10  16   9  15  $12    0.010    21.8400   8280.80   0.0     62.50   0.9  30.05.2026  08:28:41
 11   3   9   1  $12    0.010    14.3147  12264.82   0.0     61.15   0.7  30.05.2026  08:28:43
 11   4   9   2  $12    0.010     8.2112   7489.23   0.1     32.19   1.9  30.05.2026  08:28:45
 11   4   9   3  $12    0.010    15.9674   8538.42   0.0     45.04   1.6  30.05.2026  08:28:47
 11   7   9   5  $12    0.010   -14.5939  27508.81   0.1   -798.68   0.0  30.05.2026  08:28:49
 11   7  15   3  $12    0.100    -0.6467    162.54   0.9  -4171.01   1.1  30.05.2026  08:28:53
 11   8   9   6  $12    0.010     3.1592   9925.06   0.1     39.27   2.3  30.05.2026  08:28:58
 11  12   1   2  $12    1.000    11.1394  34645.37   0.3   -516.48   0.2  30.05.2026  08:29:04
 11  12   5   6  $12    0.100     5.7178  37722.14   0.2   -521.58   0.3  30.05.2026  08:29:09
 11  12  13  14  $12    0.100     9.5968   1808.96   0.4   -771.67   0.5  30.05.2026  08:29:11
 11  15   7   3  $12    0.100    20.4400  15411.42   0.1    399.28   0.5  30.05.2026  08:29:13
 11  15   9  13  $12    0.010     8.1314  15327.36   0.0    -38.06   4.7  30.05.2026  08:29:18
 11  16   9  14  $12    0.010     6.4331   7716.66   0.1     38.46   4.0  30.05.2026  08:29:20
 12   4   9   1  $12    0.010     4.4756   7483.82   0.1     38.26   3.2  30.05.2026  08:29:22
 12   8   9   5  $12    0.010     2.4062   3174.86   0.2   -151.28   3.5  30.05.2026  08:29:24
 12   8  16   4  $12    0.100     9.2173   2316.57   0.0    -59.88   0.3  30.05.2026  08:29:28
 12  11   9  10  $12    0.010     3.4019   6412.50   0.2    234.05   0.3  30.05.2026  08:29:33
 12  16   8   4  $12    0.010     3.3064  24929.59   0.2      3.41  22.6  30.05.2026  08:29:35
 12  16   9  13  $12    0.010     6.2983   8310.37   0.1   -164.34   3.5  30.05.2026  08:29:37
 13   1   9   5  $12    0.001     2.4208  60840.72   0.3   -478.64   0.4  30.05.2026  08:29:42
 13   1  14   2  $12    0.001    40.1300 137620.71   0.0    107.15   0.0  30.05.2026  08:29:44
 13   1  15   3  $12    0.010    14.8604  11268.88   0.0    -11.47   0.8  30.05.2026  08:29:48
 13   1  16   4  $12    0.010     8.2663  10623.77   0.0   -285.85   0.0  30.05.2026  08:29:50
 13   2  14   3  $12    0.001    31.3402 108394.13   0.0    147.34   0.2  30.05.2026  08:29:55
 13   2  15   4  $12    0.010    13.2330  10240.02   0.0   -216.08   0.0  30.05.2026  08:29:59
 13   3  14   4  $12    0.001    30.6961 107270.06   0.0    144.64   0.3  30.05.2026  08:30:04
 13   5  14   6  $12    0.001    30.5083 109785.75   0.0    142.84   0.2  30.05.2026  08:30:07
 13   5  15   7  $12    0.001     6.5095  55773.62   0.2   -570.48   0.3  30.05.2026  08:30:09
 13   5  16   8  $12    0.010     4.8862   8170.45   0.0    139.98   0.3  30.05.2026  08:30:13
 13   6  14   7  $12    0.001    38.9421 143227.67   0.0    -27.63   1.7  30.05.2026  08:30:18
 13   6  15   8  $12    0.010     7.1852   6553.45   0.0     97.28   0.2  30.05.2026  08:30:22
 13   7  15   8  $12    0.010    11.6159   6211.47   0.0     50.61   0.1  30.05.2026  08:30:24
 13   9   1   5  $12    0.001     2.4109 181778.70   0.8   -394.13   0.1  30.05.2026  08:30:29
 13   9  14  10  $12    0.001    31.4859 134885.43   0.0    146.98   0.2  30.05.2026  08:30:32
 13   9  15  11  $12    0.010     9.2747  17482.42   0.0    -24.89   1.2  30.05.2026  08:30:35
 13   9  16  12  $12    0.010     7.0532   9306.51   0.0   -200.40   0.3  30.05.2026  08:30:37
 13  10  14  11  $12    0.001    30.8241 154938.64   0.0    156.25   0.1  30.05.2026  08:30:43
 13  10  15  12  $12    0.010    10.5176  33042.15   0.0   -167.62   0.2  30.05.2026  08:30:46
 13  11  14  12  $12    0.001    30.7148 289479.89   0.0    154.09   0.2  30.05.2026  08:30:52
 13  14   1   2  $12    0.010    -7.4340 4007632.37   0.1   -847.33   0.1  30.05.2026  08:30:56
 13  14   2   3  $12    0.010    -4.6147 1913673.60   0.0  -1065.36   0.0  30.05.2026  08:30:58
 13  14   3   4  $12    0.010     4.6702 1452528.35   0.4   -448.56   0.6  30.05.2026  08:31:00
 13  14   5   6  $12    0.001    -3.1557 4996541.61   0.1   -632.76   0.5  30.05.2026  08:31:04
 13  14   6   7  $12    0.001     7.5818 8003140.72   0.1   -652.01   0.0  30.05.2026  08:31:06
 13  14   7   8  $12    0.001    -7.7057 5083718.56   0.0   -682.69   1.3  30.05.2026  08:31:08
 13  14   9  10  $12    0.010    -9.4482 178094.75   0.0   -642.97   0.1  30.05.2026  08:31:12
 13  14  10  11  $12    0.010     0.0202    152.01   0.5  36312.00   0.5  30.05.2026  08:31:24
 13  14  11  12  $12    0.010     1.2107   2282.15   0.4   -882.87   1.0  30.05.2026  08:31:29
 13  14  16  15  $12    0.010    -0.8803   1659.25   0.3   -472.75   0.8  30.05.2026  08:31:34
 13  15   1   3  $12    0.010   -11.2059 1478587.59   0.1   -916.49   0.1  30.05.2026  08:31:36
 13  15   2   4  $12    0.010     1.3151 132936.27   0.5   2215.78   0.5  30.05.2026  08:31:38
 13  15   5   7  $12    0.001     6.1479 2317714.76   0.4   -633.70   0.3  30.05.2026  08:31:43
 13  15   6   8  $12    0.100    -0.3092    764.96  30.2  -2552.75  84.3  30.05.2026  08:31:57
 13  15   9  11  $12    0.010    -9.7322  36689.59   0.1   -625.78   0.0  30.05.2026  08:32:09
 13  15  10  12  $12    0.010     2.2398   2638.67   0.5   -211.48   1.8  30.05.2026  08:32:11
 13  16   1   4  $12    0.010    -7.0307 397575.72   0.4  -1225.62   0.0  30.05.2026  08:32:13
 13  16   5   8  $12    0.001    -4.3743 671839.76   0.7   -643.22   0.5  30.05.2026  08:32:17
 13  16   9  12  $12    0.010    -8.2929   8105.35   0.0   -631.18   0.0  30.05.2026  08:32:21
 13  16  14  15  $12    0.001    30.0511 188816.74   0.1    121.10   0.0  30.05.2026  08:32:26
 14   2  10   6  $12    0.100     8.4417   2121.63   0.0    104.43   0.0  30.05.2026  08:32:32
 14   2  13   1  $12    0.001    36.3959 124814.95   0.2     50.04   1.8  30.05.2026  08:32:40
 14   3  13   2  $12    0.001    29.0184 100364.18   0.2    117.47   0.3  30.05.2026  08:32:43
 14   4  13   3  $12    0.001    28.8342 100763.46   0.1    123.33   1.5  30.05.2026  08:32:45
 14   6  13   5  $12    0.001    28.9007 104000.75   0.0    129.04   0.6  30.05.2026  08:32:48
 14   7  13   6  $12    0.001    39.3338 144668.17   0.1    -83.25   1.0  30.05.2026  08:32:50
 14  10   2   6  $12    0.010     2.3192  17486.23   0.0    331.40   0.2  30.05.2026  08:32:57
 14  10  13   9  $12    0.001    32.0842 137448.52   0.0    138.28   0.2  30.05.2026  08:33:02
 14  11  13  10  $12    0.001    31.3153 157407.70   0.1    147.17   2.0  30.05.2026  08:33:05
 14  12  13  11  $12    0.001    31.7841 299558.06   0.0    147.23   0.2  30.05.2026  08:33:07
 14  15   1   2  $12    0.100   -10.1589 697024.25   0.0   -593.74   0.4  30.05.2026  08:33:12
 14  15   5   6  $12    0.010    -4.7341 1070819.04   0.2   -619.01   0.4  30.05.2026  08:33:17
 14  15   9  10  $12    0.100   -12.0244  45330.82   0.0   -549.64   0.0  30.05.2026  08:33:21
 14  15  13  16  $12    0.001    24.1150 151519.12   0.4    137.72   0.8  30.05.2026  08:33:29
 14  16   1   3  $12    0.100    -7.7007 129731.30   0.1  -1404.47   0.1  30.05.2026  08:33:34
 14  16   2   4  $12    0.100    13.2690 175080.21   0.0    232.27   0.7  30.05.2026  08:33:36
 14  16   5   7  $12    0.010     6.4503 351079.50   0.5   -625.13   0.5  30.05.2026  08:33:41
 14  16   6   8  $12    0.100    -0.1474    555.59   0.3  -2576.05   0.4  30.05.2026  08:33:57
 14  16   9  11  $12    0.100   -10.4381   8607.96   0.2   -733.02   0.2  30.05.2026  08:33:58
 14  16  10  12  $12    0.100     8.6551   3262.91   0.2    -90.02   1.6  30.05.2026  08:34:00
 15   3  11   7  $12    0.100    -8.2433   2071.76   0.9  -1095.07   0.9  30.05.2026  08:34:03
 15   3  13   1  $12    0.010    14.0786  10676.02   0.1    -21.13  11.4  30.05.2026  08:34:08
 15   4  13   2  $12    0.010    13.0183  10073.90   0.0   -225.74   0.1  30.05.2026  08:34:10
 15   7  13   5  $12    0.001     7.8972  67663.08   0.0   -522.49   0.2  30.05.2026  08:34:14
 15   8  13   6  $12    0.010     7.4838   6825.83   0.4     71.38   5.1  30.05.2026  08:34:18
 15   8  13   7  $12    0.010    11.7497   6283.01   0.0     23.96   9.2  30.05.2026  08:34:20
 15  11   3   7  $12    0.100    19.2797  14536.57   0.1    299.95   0.0  30.05.2026  08:34:24
 15  11  13   9  $12    0.010     9.6776  18241.83   0.1    -70.60   4.4  30.05.2026  08:34:29
 15  12  13  10  $12    0.010    11.0594  34744.05   0.1   -204.12   1.0  30.05.2026  08:34:31
 15  16   1   2  $12    1.000     8.7598  75128.90   0.2   -488.19   0.2  30.05.2026  08:34:36
 15  16   5   6  $12    0.100     2.8920  89944.87   0.3   -692.55   0.7  30.05.2026  08:34:41
 15  16   9  10  $12    1.000     7.6354   5037.36   0.3   -470.66   0.2  30.05.2026  08:34:45
 16   4  12   8  $12    0.100     9.1736   2305.58   0.0    -48.48   0.8  30.05.2026  08:34:50
 16   4  13   1  $12    0.010     7.8170  10046.34   0.2   -263.98   1.3  30.05.2026  08:34:55
 16   8  13   5  $12    0.010     4.5329   7579.67   0.5    236.82   1.7  30.05.2026  08:34:57
 16  12   4   8  $12    0.010     3.3298  25106.01   0.2    -19.01   7.4  30.05.2026  08:34:59
 16  12  13   9  $12    0.010     7.5516   9964.05   0.3   -219.05   2.6  30.05.2026  08:35:01
 16  15  13  14  $12    0.100    -8.4775   1597.98   0.7   -757.92   0.6  30.05.2026  08:35:09
