//C:\Users\user\Desktop\GeoTom\GeoTomE724.ini
//- Cable direction:
//  cable I: normal
//  cable II: normal
//  cable III: normal
//  cable IV: normal
//- Cable arrangement: sequential
//- Optimization: Last measurement
//- Sorting: Multi-level
//- Current levels: 0.001 mA .. 50.0 mA
Type:         Flow
Name:         Hyprop
Comment:      Example of a measurements sequence
Comment:      
Comment:      
Spacing:      1.00000
First El:     0.00000
Nr of points: 312
IP present:   1

  1   2   4   3  $12    0.100     9.3855   1769.13   0.1    -10.96  12.1  28.05.2026  09:15:02
  1   2   5   6  $12    1.000     2.3824    449.07   0.4    155.73   4.9  28.05.2026  09:15:07
  1   2   6   7  $12    1.000     3.8301   1443.92   0.1    -84.39   4.1  28.05.2026  09:15:09
  1   2   7   8  $12    1.000     2.3130   1525.99   0.0    161.04   0.9  28.05.2026  09:15:11
  1   2   9  10  $12   10.000     4.4509    704.74   0.3     60.09   5.2  28.05.2026  09:15:14
  1   2  10  11  $12   10.000    11.0773   2505.62   0.0      1.18   5.8  28.05.2026  09:15:16
  1   2  11  12  $12   10.000    22.0927   6871.21   0.0     -1.80   7.0  28.05.2026  09:15:18
  1   2  13  14  $12    1.000     4.0680  21930.29   0.0      1.24  29.5  28.05.2026  09:15:23
  1   2  14  15  $12    1.000    12.9371  88764.43   0.0      2.36  31.8  28.05.2026  09:15:25
  1   2  15  16  $12   10.000     2.9914   2565.59   0.0      7.02   1.8  28.05.2026  09:15:29
  1   3   5   7  $12    1.000    13.6959    516.32   0.0      7.17   0.6  28.05.2026  09:15:34
  1   3   6   8  $12    1.000    14.0679   1160.14   0.0      2.54  15.0  28.05.2026  09:15:36
  1   3   9  11  $12    1.000     4.4307   1670.34   0.0      9.32   1.1  28.05.2026  09:15:38
  1   3  10  12  $12    1.000    12.7517   6940.53   0.0      0.62  21.4  28.05.2026  09:15:40
  1   3  13  15  $12    0.100     6.0430  79735.02   0.0      7.02   3.7  28.05.2026  09:15:44
  1   3  14  16  $12    0.100     4.6481  78305.25   0.0      9.12   8.2  28.05.2026  09:15:46
  1   4   2   3  $12    0.010     4.2409   2664.61   0.0      9.05   6.9  28.05.2026  09:15:51
  1   4   5   8  $12    0.100     2.7551    269.28   0.1     25.04  17.1  28.05.2026  09:15:55
  1   4   9  12  $12    0.100     2.6937   4137.30   0.0     -1.19   6.6  28.05.2026  09:15:57
  1   4  13  16  $12    0.100    10.3077  58288.43   0.0      3.96   6.3  28.05.2026  09:15:59
  1   5   2   6  $12    0.010     7.2234   3094.48   0.0      1.61  17.2  28.05.2026  09:16:04
  1   5   3   7  $12    0.010     2.5005   4713.39   0.5    100.43   6.5  28.05.2026  09:16:06
  1   5   4   8  $12    0.100    17.8247   2351.91   0.0    -14.47   0.3  28.05.2026  09:16:10
  1   5  13   9  $12    0.100    14.3810  10842.99   0.0     29.33   0.4  28.05.2026  09:16:12
  1   6   2   7  $12    0.010     5.9506   2361.38   0.0      1.92  51.0  28.05.2026  09:16:17
  1   6   3   8  $12    0.010     2.7790   3333.46   0.5     -8.47  44.6  28.05.2026  09:16:19
  1   7   2   8  $12    0.010     6.4450   2443.68   0.0      1.68  65.0  28.05.2026  09:16:21
  1   9   2  10  $12    0.010     8.5265   3068.30   0.0      5.88   4.6  28.05.2026  09:16:23
  1   9   3  11  $12    0.010     4.0826   3497.96   0.1     -0.06 1847.6  28.05.2026  09:16:25
  1   9   4  12  $12    0.010     2.1099   3527.99   0.0     -1.19 204.1  28.05.2026  09:16:27
  1  10   2  11  $12    0.010     7.5465   2671.34   0.0     11.54  13.8  28.05.2026  09:16:29
  1  10   3  12  $12    0.010     3.1602   2591.37   0.0     -6.28  41.2  28.05.2026  09:16:31
  1  11   3  12  $12    0.010     4.0012   1957.84   0.0     -2.28   5.7  28.05.2026  09:16:33
  1  13   2  14  $12    0.010    11.8561   4065.89   0.1     12.25   7.4  28.05.2026  09:16:35
  1  13   3  15  $12    0.010     2.4772   1878.46   0.3    -10.76  59.7  28.05.2026  09:16:37
  1  13   4  16  $12    0.100    13.0894   1682.24   0.0      1.60   7.2  28.05.2026  09:16:40
  1  13   5   9  $12    0.100     7.6182   1914.67   0.0     15.45   2.0  28.05.2026  09:16:43
  1  14   2  15  $12    0.010     5.7958   1973.51   0.0      3.04   1.0  28.05.2026  09:16:47
  1  14   3  16  $12    0.010     2.7715   2067.10   0.3    -10.03  38.8  28.05.2026  09:16:49
  1  15   2  16  $12    0.010    10.2974   3485.26   0.0      0.97  12.3  28.05.2026  09:16:51
  2   3   1   4  $12    0.010     4.2679   2681.59   0.0     12.21   5.7  28.05.2026  09:16:53
  2   3   5   6  $12    1.000     3.1437    237.03   0.0     60.66   2.0  28.05.2026  09:16:59
  2   3   9  10  $12   10.000     8.0957    854.56   0.0     -4.54   8.5  28.05.2026  09:17:02
  2   3  13  14  $12    1.000     9.3835  38912.34   0.0      2.59   1.2  28.05.2026  09:17:07
  2   4   5   7  $12    1.000    12.8559    151.45   0.0     18.66   1.4  28.05.2026  09:17:09
  2   4   6   8  $12    1.000    13.7848    519.67   0.0     -2.01  19.2  28.05.2026  09:17:11
  2   4   9  11  $12    1.000     5.5491   1372.85   0.0     -8.79   1.3  28.05.2026  09:17:13
  2   4  10  12  $12    1.000    20.8951   7877.27   0.0      1.02   6.6  28.05.2026  09:17:15
  2   4  13  15  $12    0.100     8.6485  87419.48   0.0      3.38   2.5  28.05.2026  09:17:20
  2   4  14  16  $12    0.100     6.6094  87209.31   0.1      3.22  24.7  28.05.2026  09:17:22
  2   6   1   5  $12    0.010     7.1964   3082.92   0.0      1.71  17.3  28.05.2026  09:17:27
  2   6  14  10  $12    0.100    13.3689  10079.93   0.0      4.03   3.8  28.05.2026  09:17:31
  2   7   1   6  $12    0.010     5.9406   2357.44   0.0     -0.26  21.9  28.05.2026  09:17:36
  2   8   1   7  $12    0.010     6.4371   2440.68   0.1     -0.27 280.1  28.05.2026  09:17:37
  2  10   1   9  $12    0.010     8.5106   3062.58   0.0      5.49   1.6  28.05.2026  09:17:39
  2  11   1  10  $12    0.010     7.5497   2672.44   0.0      8.73   3.8  28.05.2026  09:17:41
  2  14   1  13  $12    0.010    11.8229   4054.52   0.0     12.22   0.3  28.05.2026  09:17:43
  2  14   6  10  $12    0.100     6.9256   1740.60   0.0      0.98   4.9  28.05.2026  09:17:47
  2  15   1  14  $12    0.010     5.7928   1972.50   0.0      4.03   6.0  28.05.2026  09:17:52
  2  16   1  15  $12    0.010    10.2531   3470.26   0.0      1.87  49.5  28.05.2026  09:17:54
  3   4   5   6  $12    1.000     2.1818     41.13   0.1   -214.82   0.8  28.05.2026  09:18:00
  3   4   9  10  $12   10.000     7.8173    515.74   0.8   -166.64   0.4  28.05.2026  09:18:04
  3   4  13  14  $12    1.000     9.7065  30188.93   0.0      4.25   2.2  28.05.2026  09:18:09
  3   7   1   5  $12    0.010     2.4963   4705.43   0.0    121.51   0.6  28.05.2026  09:18:17
  3   7  15  11  $12    0.100    15.3644  11584.50   0.0      5.88   3.6  28.05.2026  09:18:20
  3   8   1   6  $12    0.010     2.8036   3362.94   0.0     -3.79   3.2  28.05.2026  09:18:25
  3  11   1   9  $12    0.010     4.0914   3505.50   0.0     -0.62  64.9  28.05.2026  09:18:27
  3  12   1  10  $12    0.010     3.1769   2605.11   0.0     -4.15  10.8  28.05.2026  09:18:29
  3  12   1  11  $12    0.010     4.0359   1974.81   0.0      1.11  31.3  28.05.2026  09:18:31
  3  15   1  13  $12    0.010     2.5418   1927.48   0.0     -7.10   0.9  28.05.2026  09:18:33
  3  15   7  11  $12    0.100     6.5514   1646.54   0.0     17.96   2.4  28.05.2026  09:18:37
  3  16   1  14  $12    0.010     2.8378   2116.58   0.1     -7.33   2.9  28.05.2026  09:18:42
  3   4   1   2  $12    0.100    -9.4314   1777.78   0.0      2.63   9.2  28.05.2026  09:18:46
  4   8   1   5  $12    0.100    17.7866   2346.89   0.0     -6.29  12.3  28.05.2026  09:18:48
  4   8  16  12  $12    0.100    16.2531  12254.56   0.0      0.94  43.8  28.05.2026  09:18:50
  4  12   1   9  $12    0.100    20.6123   3446.66   0.0      3.54   5.5  28.05.2026  09:18:52
  4  16   1  13  $12    0.100    13.2215   1699.22   0.0      1.57   2.9  28.05.2026  09:18:54
  4  16   8  12  $12    0.100    15.0028   3770.61   0.0      1.45  37.4  28.05.2026  09:18:56
  5   1   6   2  $12    0.010     7.2242   3094.86   0.0      2.98   5.6  28.05.2026  09:19:01
  5   1   7   3  $12    0.010     2.5254   4760.20   0.3    110.17   4.0  28.05.2026  09:19:03
  5   1   8   4  $12    0.100    17.7634   2343.83   0.0    -11.78   0.5  28.05.2026  09:19:06
  5   1   9  13  $12    0.100    14.2954  10778.46   0.0     30.42   1.3  28.05.2026  09:19:08
  5   2   6   3  $12    0.010     6.3309   3182.24   0.0     -1.86  10.6  28.05.2026  09:19:13
  5   2   7   4  $12    0.010     2.2681   7125.48   0.3    123.32   6.6  28.05.2026  09:19:15
  5   3   6   4  $12    0.010     6.4964   6122.71   0.0      5.08  21.4  28.05.2026  09:19:17
  5   6   1   2  $12    1.000     0.8670    163.43   0.6    482.46   0.3  28.05.2026  09:19:26
  5   6   2   3  $12    1.000     5.7879    436.40   0.0   -104.46   0.9  28.05.2026  09:19:28
  5   6   3   4  $12    1.000    -2.3716     44.70   0.7   -777.59   0.5  28.05.2026  09:19:31
  5   6   7   8  $12    0.100    -9.9581   1877.05   0.1   -431.90   0.1  28.05.2026  09:19:35
  5   6   9  10  $12    1.000     7.0781   1334.19   0.2   -316.00   4.1  28.05.2026  09:19:39
  5   6  10  11  $12    1.000    -4.7985   1809.01   0.0   -465.68   0.2  28.05.2026  09:19:41
  5   6  11  12  $12    1.000     9.4190   6214.04   0.1   -354.95   0.4  28.05.2026  09:19:43
  5   6  13  14  $12    1.000    12.5361  19849.15   0.0    -83.54   1.7  28.05.2026  09:19:45
  5   6  14  15  $12    0.100    -1.5998  36186.27   0.2   -520.29   0.1  28.05.2026  09:19:50
  5   6  15  16  $12    0.100     0.0840   2613.13   0.1   -163.39   2.1  28.05.2026  09:20:04
  5   7   1   3  $12    0.100     1.4007    528.05   0.5      6.95  66.5  28.05.2026  09:20:09
  5   7   2   4  $12    0.100     1.1635    137.07   0.0      3.68  31.8  28.05.2026  09:20:15
  5   7   9  11  $12    0.100     1.0257    386.69   0.4    176.99   4.6  28.05.2026  09:20:20
  5   7  10  12  $12    0.100     1.6850   1389.56   0.0    -99.01   0.4  28.05.2026  09:20:25
  5   7  13  15  $12    0.100     0.4649   1752.79   0.3     93.09   2.1  28.05.2026  09:20:30
  5   7  14  16  $12    0.100     0.2662   1448.89   0.3    708.29   1.2  28.05.2026  09:20:44
  5   8   1   4  $12    0.100     2.4841    242.79   0.3     15.19   8.6  28.05.2026  09:20:46
  5   8   6   7  $12    0.010     3.9535   2484.07   0.1   -146.68   1.3  28.05.2026  09:20:50
  5   8   9  12  $12    0.100     2.5436    248.60   0.2     68.72   2.3  28.05.2026  09:20:55
  5   8  13  16  $12    0.100     0.5766    885.63   0.5    135.37   3.3  28.05.2026  09:21:00
  5   9   1  13  $12    0.100     7.7147   1938.93   0.1     12.66  15.1  28.05.2026  09:21:02
  5   9   6  10  $12    0.010     6.7461   2890.04   0.0      4.89   0.7  28.05.2026  09:21:07
  5   9   7  11  $12    0.010     2.2086   4163.08   0.0    213.42   2.0  28.05.2026  09:21:09
  5   9   8  12  $12    0.100    15.6297   2062.29   0.0    -34.00   0.3  28.05.2026  09:21:13
  5  10   6  11  $12    0.010     5.8369   2316.27   0.0      8.74   0.4  28.05.2026  09:21:18
  5  10   7  12  $12    0.100    14.3251   1718.32   0.0    327.28   0.4  28.05.2026  09:21:21
  5  11   6  12  $12    0.010     4.9862   1890.56   0.0     -7.44   2.9  28.05.2026  09:21:26
  5  13   6  14  $12    0.010    12.9286   4652.42   0.0      6.41   1.8  28.05.2026  09:21:28
  5  13   7  15  $12    0.010     3.0109   2579.77   0.3    143.26   2.0  28.05.2026  09:21:30
  5  13   8  16  $12    0.010     2.9161   4876.08   0.2     -0.86 368.0  28.05.2026  09:21:32
  5  14   6  15  $12    0.010     6.4025   2266.39   0.0      1.27  30.6  28.05.2026  09:21:34
  5  14   7  16  $12    0.010     3.3936   2782.81   0.3    125.04   2.2  28.05.2026  09:21:36
  5  15   7  16  $12    0.010     7.9971   3913.08   0.1     60.99   0.5  28.05.2026  09:21:38
  6   2   5   1  $12    0.010     7.2355   3099.68   0.3      1.53 317.9  28.05.2026  09:21:40
  6   2  10  14  $12    0.100    13.3364  10055.38   0.0      4.12   3.0  28.05.2026  09:21:44
  6   3   5   2  $12    0.010     6.2869   3160.15   0.0     -3.26  26.5  28.05.2026  09:21:49
  6   4   5   3  $12    0.010     6.4984   6124.60   0.1      2.13  27.2  28.05.2026  09:21:51
  6   7   1   2  $12    1.000     6.7456   2543.05   0.4   -306.49   1.7  28.05.2026  09:21:57
  6   7   5   8  $12    0.010     3.7961   2385.14   0.0   -118.18   0.4  28.05.2026  09:22:05
  6   7   9  10  $12    1.000    -1.7581    132.56   0.4   -538.18   9.3  28.05.2026  09:22:14
  6   7  13  14  $12    1.000    -4.8717   5142.46   3.9   -319.75   4.0  28.05.2026  09:22:21
  6   8   1   3  $12    1.000    14.3126   1180.32   0.0      6.83   2.9  28.05.2026  09:22:23
  6   8   2   4  $12    1.000    13.6841    515.88   0.0      0.89  20.7  28.05.2026  09:22:25
  6   8   9  11  $12    1.000    14.0438    165.45   0.0      7.11   5.6  28.05.2026  09:22:27
  6   8  10  12  $12    1.000    18.4747    696.48   0.0      1.95   0.7  28.05.2026  09:22:29
  6   8  13  15  $12    1.000     6.5606   1623.10   0.0      6.94   4.3  28.05.2026  09:22:31
  6   8  14  16  $12    1.000     5.6172   2117.64   0.0     14.00   1.4  28.05.2026  09:22:33
  6  10   2  14  $12    0.100     6.9202   1739.23   0.0      1.88   2.5  28.05.2026  09:22:38
  6  10   5   9  $12    0.010     6.7549   2893.80   0.0      1.80  21.8  28.05.2026  09:22:43
  6  11   5  10  $12    0.010     5.8389   2317.06   0.0      0.98 115.1  28.05.2026  09:22:45
  6  12   5  11  $12    0.010     4.9947   1893.78   0.0     -5.30  13.2  28.05.2026  09:22:47
  6  14   5  13  $12    0.010    13.0280   4688.18   0.0      5.11   5.7  28.05.2026  09:22:48
  6  15   5  14  $12    0.010     6.4476   2282.33   0.0      1.39  33.8  28.05.2026  09:22:51
  7   3   5   1  $12    0.010     2.5382   4784.43   0.3    115.76   4.6  28.05.2026  09:22:52
  7   3  11  15  $12    0.100    15.5480  11722.88   0.0     10.24   1.2  28.05.2026  09:22:56
  7   4   5   2  $12    0.100    22.0865   6938.68   0.0    149.94   0.2  28.05.2026  09:22:58
  7   8   1   2  $12    1.000    -5.9989   3957.66   0.2   -309.72   2.7  28.05.2026  09:23:02
  7   8   9  10  $12    1.000     2.7455     51.75   2.0     92.56  35.6  28.05.2026  09:23:09
  7   8  13  14  $12    1.000     7.3884   4874.37   0.3   -274.55   1.8  28.05.2026  09:23:11
  7  11   3  15  $12    0.100     6.5246   1639.81   0.0     10.95   1.2  28.05.2026  09:23:16
  7  11   5   9  $12    0.010     2.5255   4760.48   0.0     75.43   1.4  28.05.2026  09:23:21
  7  12   5  10  $12    0.100    17.2303   2066.81   0.0    163.41   0.4  28.05.2026  09:23:24
  7  15   5  13  $12    0.010     3.2651   2797.50   0.1     87.34   1.0  28.05.2026  09:23:29
  7  16   5  14  $12    0.010     3.6155   2964.76   0.0     67.23   0.4  28.05.2026  09:23:31
  7  16   5  15  $12    0.010     8.2168   4020.57   0.0     37.52   3.8  28.05.2026  09:23:33
  8   4   5   1  $12    0.100    17.7257   2338.85   0.0     -5.72   2.3  28.05.2026  09:23:37
  8   4  12  16  $12    0.100    16.3398  12319.93   0.0      1.53   8.8  28.05.2026  09:23:39
  7   8   5   6  $12    0.100    -8.0572   1518.75   0.0   -405.98   0.2  28.05.2026  09:23:41
  8  12   4  16  $12    0.100    15.2834   3841.13   0.0      2.02  49.1  28.05.2026  09:23:43
  8  12   5   9  $12    0.100    15.3717   2028.24   0.0    -16.61   3.0  28.05.2026  09:23:45
  8  16   5  13  $12    0.010     2.9360   4909.39   0.2     -6.11  33.4  28.05.2026  09:23:50
  9   1  10   2  $12    0.010     8.5641   3081.83   0.1      8.79  21.7  28.05.2026  09:23:52
  9   1  11   3  $12    0.010     4.0708   3487.81   0.1     -4.39  34.7  28.05.2026  09:23:54
  9   1  12   4  $12    0.010     2.0945   3502.25   0.1     -3.10  27.5  28.05.2026  09:23:56
  9   2  10   3  $12    0.010     7.5378   2772.38   0.0      3.28   0.9  28.05.2026  09:23:58
  9   2  11   4  $12    0.010     3.6869   3362.76   0.0      0.62 264.6  28.05.2026  09:24:00
  9   3  11   4  $12    0.010     5.5006   2941.40   0.0      7.89   0.1  28.05.2026  09:24:02
  9   5  10   6  $12    0.010     6.7114   2875.15   0.0      4.45   8.3  28.05.2026  09:24:04
  9   5  11   7  $12    0.010     2.3641   4456.29   0.5     81.67  11.7  28.05.2026  09:24:06
  9   5  12   8  $12    0.100    15.5403   2050.50   0.0    -32.24   1.9  28.05.2026  09:24:09
  9   5  13   1  $12    0.100     7.7331   1943.55   0.0      3.98  27.1  28.05.2026  09:24:11
  9   6  10   7  $12    0.010     5.5144   2771.83   0.0     -2.69  24.9  28.05.2026  09:24:16
  9   6  11   8  $12    0.010     2.6633   8366.96   0.7    -42.62  10.1  28.05.2026  09:24:18
  9   7  10   8  $12    0.010     5.8883   5549.64   0.0      4.80   2.1  28.05.2026  09:24:20
  9  10   1   2  $12    1.000     0.5039    797.85   0.0     35.72   2.8  28.05.2026  09:24:31
  9  10   2   3  $12    1.000     0.8689    917.23   0.0     22.61   4.0  28.05.2026  09:24:36
  9  10   3   4  $12    1.000     0.6903    455.44   0.3    -77.37   5.5  28.05.2026  09:24:42
  9  10   5   6  $12    1.000    -5.8605   1104.68   0.4   -949.59   0.4  28.05.2026  09:24:44
  9  10   6   7  $12    1.000     8.8898    670.27   0.5   -512.17   2.5  28.05.2026  09:24:45
  9  10   7   8  $12    1.000    -5.0246     94.71   0.2   -961.90   1.0  28.05.2026  09:24:48
  9  10  12  11  $12    0.100     8.2244   1550.26   0.0     44.79   0.8  28.05.2026  09:24:52
  9  10  13  14  $12    1.000     2.7521    518.76   0.0   -334.41   0.0  28.05.2026  09:24:56
  9  10  14  15  $12    1.000     3.8548   1453.23   0.1    215.84   0.8  28.05.2026  09:24:58
  9  10  15  16  $12    1.000     0.6794    448.25   0.4     -7.18  40.4  28.05.2026  09:25:03
  9  11   1   3  $12    1.000     4.3082   1624.15   0.2     17.54  18.4  28.05.2026  09:25:05
  9  11   2   4  $12    1.000     5.3468   1322.80   0.0    -22.83   1.5  28.05.2026  09:25:07
  9  11   5   7  $12    1.000    12.6670    477.53   0.4     42.48   4.5  28.05.2026  09:25:09
  9  11   6   8  $12    1.000    13.4560    158.52   0.0      3.46  78.6  28.05.2026  09:25:11
  9  11  13  15  $12    1.000    21.7116    818.51   0.0     -0.48  11.4  28.05.2026  09:25:13
  9  11  14  16  $12    1.000    19.8478   1636.78   0.0     43.08   0.8  28.05.2026  09:25:15
  9  12   1   4  $12    0.100     2.8194   4330.32   0.0    -11.78   1.3  28.05.2026  09:25:20
  9  12   5   8  $12    0.100     2.5059    244.92   0.1    138.27   1.1  28.05.2026  09:25:22
  9  12  10  11  $12    0.010     2.9119   1829.58   0.0      0.77  15.9  28.05.2026  09:25:27
  9  12  13  16  $12    0.100    11.2371   1098.30   0.0      4.14   0.5  28.05.2026  09:25:31
  9  13   5   1  $12    0.100    14.4505  10895.45   0.0     37.25   0.8  28.05.2026  09:25:33
  9  13  10  14  $12    0.010    12.6177   5405.40   0.0      8.85   0.9  28.05.2026  09:25:38
  9  13  11  15  $12    0.010     3.5776   6743.68   0.1     -1.42 145.3  28.05.2026  09:25:40
  9  13  12  16  $12    0.100    19.6939   2598.55   0.0      4.93   0.7  28.05.2026  09:25:43
  9  14  10  15  $12    0.010     6.3539   2521.44   0.0      3.14   2.7  28.05.2026  09:25:48
  9  14  11  16  $12    0.010     3.8180   4579.71   0.1     -1.81  57.0  28.05.2026  09:25:50
  9  15  10  16  $12    0.010    10.6061   4021.37   0.0      1.19   7.7  28.05.2026  09:25:52
 10   2   9   1  $12    0.010     8.5126   3063.31   0.3      7.57  22.4  28.05.2026  09:25:54
 10   3   9   2  $12    0.010     7.5293   2769.25   0.0     -0.15 574.1  28.05.2026  09:25:56
 10   6   9   5  $12    0.010     6.7388   2886.88   0.1      1.45  37.6  28.05.2026  09:25:58
 10   6  14   2  $12    0.100     6.9221   1739.70   0.0      2.09  40.0  28.05.2026  09:26:02
 10   7   9   6  $12    0.010     5.4706   2749.84   0.0     -3.29  10.4  28.05.2026  09:26:07
 10   8   9   7  $12    0.010     5.8233   5488.36   0.5     -4.62 172.7  28.05.2026  09:26:09
 10  11   1   2  $12   10.000    11.7514   2658.11   0.2    -23.28   2.9  28.05.2026  09:26:16
 10  11   5   6  $12    1.000     3.4669   1306.97   0.1   -118.73   1.6  28.05.2026  09:26:21
 10  11   9  12  $12    0.010     2.8991   1821.58   0.0      1.96   6.4  28.05.2026  09:26:29
 10  11  13  14  $12   10.000    17.3755    131.01   0.0     53.93   0.0  28.05.2026  09:26:36
 10  12   1   3  $12    1.000    15.5855   8482.89   0.1     23.77   0.1  28.05.2026  09:26:40
 10  12   2   4  $12    0.100     2.2417   8451.14   0.0     -5.27   1.0  28.05.2026  09:26:45
 10  12   5   7  $12    1.000    14.2218   1172.83   0.0    -51.86   0.2  28.05.2026  09:26:49
 10  12   6   8  $12    1.000    17.7244    668.19   0.0     -2.80  18.0  28.05.2026  09:26:51
 10  12  13  15  $12    0.100     9.3656   1103.36   0.0     -2.25   6.8  28.05.2026  09:26:56
 10  12  14  16  $12    0.100     9.9075   3735.04   0.0     -2.41   6.1  28.05.2026  09:26:58
 10  14   6   2  $12    0.100    13.3642  10076.39   0.0      4.45   6.0  28.05.2026  09:27:00
 10  14   9  13  $12    0.010    12.7594   5466.10   0.0     10.07   1.2  28.05.2026  09:27:05
 10  15   9  14  $12    0.010     6.3632   2525.11   0.0      3.49   6.9  28.05.2026  09:27:07
 10  16   9  15  $12    0.010    10.6033   4020.33   0.0      0.97  24.1  28.05.2026  09:27:09
 11   3   9   1  $12    0.010     4.0881   3502.68   0.0     -4.45  23.5  28.05.2026  09:27:11
 11   4   9   2  $12    0.010     3.6950   3370.10   0.0      1.69  38.4  28.05.2026  09:27:13
 11   4   9   3  $12    0.010     5.5346   2959.56   0.0      8.50   7.4  28.05.2026  09:27:15
 11   7   9   5  $12    0.010     2.4159   4553.91   0.1     99.88   1.0  28.05.2026  09:27:17
 11   7  15   3  $12    0.100     6.4662   1625.13   0.0     12.21   0.3  28.05.2026  09:27:21
 11   8   9   6  $12    0.010     2.6618   8362.25   0.0     -1.40   8.0  28.05.2026  09:27:25
 11  12   1   2  $12    1.000     2.5863   8043.94   0.0      4.96   4.4  28.05.2026  09:27:31
 11  12   5   6  $12    1.000     5.2483   3462.46   0.0   -492.58   0.2  28.05.2026  09:27:33
 11  12  13  14  $12    1.000     9.3415    176.08   0.0     53.59   0.4  28.05.2026  09:27:35
 11  15   7   3  $12    0.100    16.0082  12069.88   0.0     11.50   1.9  28.05.2026  09:27:40
 11  15   9  13  $12    0.010     3.5938   6774.08   0.0     -0.06 279.4  28.05.2026  09:27:44
 11  16   9  14  $12    0.010     3.8257   4588.94   0.1     -1.51  54.1  28.05.2026  09:27:46
 12   4   9   1  $12    0.010     2.0987   3509.25   0.3     -2.83 222.4  28.05.2026  09:27:48
 12   8   9   5  $12    0.100    15.2237   2008.72   0.0     -7.43   3.7  28.05.2026  09:27:52
 12   8  16   4  $12    0.100    15.5842   3916.74   0.0     -3.45   9.1  28.05.2026  09:27:54
 12  11   9  10  $12    0.100     7.7389   1458.74   0.0     19.02   2.7  28.05.2026  09:27:56
 12  16   8   4  $12    0.100    15.8998  11988.16   0.0      4.63   1.0  28.05.2026  09:27:58
 12  16   9  13  $12    0.100    19.3010   2546.70   0.0      6.35   2.4  28.05.2026  09:28:00
 13   1   9   5  $12    0.100     7.6179   1914.59   0.0     19.09   1.8  28.05.2026  09:28:02
 13   1  14   2  $12    0.010    11.8347   4058.57   0.0     12.73   0.6  28.05.2026  09:28:07
 13   1  15   3  $12    0.010     2.5015   1896.92   0.3    -10.60  39.6  28.05.2026  09:28:09
 13   1  16   4  $12    0.100    13.0563   1677.99   0.0      2.47   0.8  28.05.2026  09:28:13
 13   2  14   3  $12    0.010    10.8487   3752.17   0.0      9.18   1.8  28.05.2026  09:28:18
 13   2  15   4  $12    0.100    18.9411   1465.71   0.0      4.92   0.6  28.05.2026  09:28:21
 13   3  14   4  $12    0.010    10.6805   3732.40   0.0     12.87   0.8  28.05.2026  09:28:26
 13   5  14   6  $12    0.010    12.8832   4636.10   0.0      5.45   4.2  28.05.2026  09:28:28
 13   5  15   7  $12    0.010     3.2433   2778.81   0.1     92.60   1.5  28.05.2026  09:28:30
 13   5  16   8  $12    0.010     2.8942   4839.51   0.0     -4.06  28.9  28.05.2026  09:28:32
 13   6  14   7  $12    0.010    11.5913   4263.22   0.0      8.70  14.9  28.05.2026  09:28:34
 13   6  15   8  $12    0.010     3.4427   3139.98   0.0      2.66   7.9  28.05.2026  09:28:36
 13   7  15   8  $12    0.010     4.5836   2451.05   0.0      1.79  18.1  28.05.2026  09:28:38
 13   9   1   5  $12    0.100    14.5613  10978.94   0.0     30.39   1.3  28.05.2026  09:28:42
 13   9  14  10  $12    0.010    12.7000   5440.68   0.0      9.04   3.2  28.05.2026  09:28:47
 13   9  15  11  $12    0.010     3.5874   6762.13   0.1     -0.03 -260.4  28.05.2026  09:28:49
 13   9  16  12  $12    0.100    19.6782   2596.48   0.0      4.78   0.6  28.05.2026  09:28:52
 13  10  14  11  $12    0.010    11.8283   5945.56   0.0     12.16   0.7  28.05.2026  09:28:57
 13  10  15  12  $12    0.010     2.4901   7823.02   0.2      0.45 762.0  28.05.2026  09:28:59
 13  11  14  12  $12    0.010    10.6744  10060.35   0.0     10.79   6.4  28.05.2026  09:29:01
 13  14   1   2  $12    1.000     4.3153  23263.48   0.0     -2.78   3.3  28.05.2026  09:29:07
 13  14   2   3  $12    1.000    10.3841  43061.76   0.0     10.31   0.4  28.05.2026  09:29:09
 13  14   3   4  $12    1.000     8.9448  27819.97   0.0    -15.11   1.4  28.05.2026  09:29:11
 13  14   5   6  $12    1.000     7.6974  12187.85   0.0   -596.31   0.4  28.05.2026  09:29:13
 13  14   6   7  $12    1.000    -4.3788   4622.14   0.0   -756.20   0.1  28.05.2026  09:29:15
 13  14   7   8  $12    1.000     5.8284   3845.22   0.2   -595.33   0.3  28.05.2026  09:29:17
 13  14   9  10  $12    1.000     1.4593    275.07   0.1   -308.95   0.8  28.05.2026  09:29:22
 13  14  10  11  $12    1.000     1.7933    135.21   0.1     -2.75  31.1  28.05.2026  09:29:27
 13  14  11  12  $12    1.000     9.4570    178.26   0.0     27.31   0.7  28.05.2026  09:29:29
 13  14  16  15  $12    0.100     2.9463    555.36   0.0      4.29   2.3  28.05.2026  09:29:34
 13  15   1   3  $12    0.100     6.3603  83921.53   0.0     13.83   4.4  28.05.2026  09:29:36
 13  15   2   4  $12    0.100     8.6938  87877.37   0.0     -1.04  39.2  28.05.2026  09:29:38
 13  15   5   7  $12    1.000     5.9314   2236.10   0.0     90.65   0.1  28.05.2026  09:29:41
 13  15   6   8  $12    1.000     6.5798   1627.86   0.0      4.46   3.0  28.05.2026  09:29:43
 13  15   9  11  $12    1.000    21.6855    817.52   0.0     11.55   1.1  28.05.2026  09:29:45
 13  15  10  12  $12    0.100     8.9169   1050.50   0.0     -1.23   7.5  28.05.2026  09:29:50
 13  16   1   4  $12    0.100    10.3821  58709.33   0.0     -0.25  82.0  28.05.2026  09:29:52
 13  16   5   8  $12    1.000     7.3451   1128.12   0.0    237.66   0.5  28.05.2026  09:29:56
 13  16   9  12  $12    0.100    11.0577   1080.76   0.0      1.04   2.0  28.05.2026  09:30:01
 13  16  14  15  $12    0.010    11.6534   7322.03   0.0      2.34  15.3  28.05.2026  09:30:06
 14   2  10   6  $12    0.100     6.9416   1744.61   0.0      3.50   1.7  28.05.2026  09:30:09
 14   2  13   1  $12    0.010    11.5263   3952.81   0.0      8.27   0.5  28.05.2026  09:30:14
 14   3  13   2  $12    0.010    10.5790   3658.91   0.0      5.09   1.2  28.05.2026  09:30:16
 14   4  13   3  $12    0.010    10.4256   3643.31   0.0     10.07   4.7  28.05.2026  09:30:18
 14   6  13   5  $12    0.010    12.6628   4556.77   0.0      2.64  16.6  28.05.2026  09:30:20
 14   7  13   6  $12    0.010    11.2196   4126.52   0.0      7.20   1.6  28.05.2026  09:30:22
 14  10   2   6  $12    0.100    13.3112  10036.38   0.0      4.37   1.1  28.05.2026  09:30:26
 14  10  13   9  $12    0.010    12.4979   5354.09   0.0      7.50   0.9  28.05.2026  09:30:31
 14  11  13  10  $12    0.010    11.5980   5829.80   0.0      8.64   0.7  28.05.2026  09:30:33
 14  12  13  11  $12    0.010    10.4228   9823.24   0.0      8.47   0.3  28.05.2026  09:30:35
 14  15   1   2  $12    1.000    13.6289  93510.81   0.0     20.37   0.2  28.05.2026  09:30:40
 14  15   5   6  $12    1.000    -7.7207  17463.88   0.0   -720.01   0.4  28.05.2026  09:30:42
 14  15   9  10  $12    1.000     4.5100   1700.24   0.0    100.61   0.6  28.05.2026  09:30:44
 14  15  13  16  $12    0.010    11.8603   7452.06   0.0      3.39   2.8  28.05.2026  09:30:52
 14  16   1   3  $12    0.100     4.8082  81002.33   0.0     13.96   0.4  28.05.2026  09:30:56
 14  16   2   4  $12    0.100     6.5900  86952.83   0.0     -3.66  24.6  28.05.2026  09:30:58
 14  16   5   7  $12    1.000     2.9977   1631.57   0.1    554.87   0.0  28.05.2026  09:31:01
 14  16   6   8  $12    1.000     5.4729   2063.22   0.0     19.82   1.3  28.05.2026  09:31:03
 14  16   9  11  $12    1.000    21.0892   1739.16   0.0     31.00   0.5  28.05.2026  09:31:05
 14  16  10  12  $12    0.100     9.3612   3529.07   0.0     -4.68   1.4  28.05.2026  09:31:10
 15   3  11   7  $12    0.100     6.5165   1637.77   0.0     14.66   3.0  28.05.2026  09:31:12
 15   3  13   1  $12    0.010     2.5284   1917.34   0.0     -7.17   2.2  28.05.2026  09:31:17
 15   4  13   2  $12    0.100    19.0128   1471.25   0.0      4.88   1.0  28.05.2026  09:31:21
 15   7  13   5  $12    0.010     3.1558   2703.92   0.3     96.51   1.4  28.05.2026  09:31:26
 15   8  13   6  $12    0.010     3.4631   3158.61   0.0     -1.47  40.7  28.05.2026  09:31:28
 15   8  13   7  $12    0.010     4.6205   2470.76   0.2     -3.00  48.3  28.05.2026  09:31:30
 15  11   3   7  $12    0.100    15.8587  11957.14   0.0     12.61   0.1  28.05.2026  09:31:34
 15  11  13   9  $12    0.010     3.5914   6769.57   0.0     -0.13  89.4  28.05.2026  09:31:38
 15  12  13  10  $12    0.010     2.4898   7822.07   0.0     -0.11  76.7  28.05.2026  09:31:40
 15  16   1   2  $12   10.000     2.3582   2022.52   0.0    -44.70   0.6  28.05.2026  09:31:47
 15  16   5   6  $12   10.000     6.0591   1884.49   0.2   -424.58   0.5  28.05.2026  09:31:49
 15  16   9  10  $12   10.000     7.1944    474.64   0.0    -37.45   2.2  28.05.2026  09:31:51
 16   4  12   8  $12    0.100    14.9492   3757.14   0.0      0.86  11.7  28.05.2026  09:31:59
 16   4  13   1  $12    0.100    13.2064   1697.28   0.0      1.71  27.9  28.05.2026  09:32:01
 16   8  13   5  $12    0.010     2.9207   4883.79   0.2     -4.47   8.8  28.05.2026  09:32:06
 16  12   4   8  $12    0.100    16.1128  12148.78   0.0      1.99   5.9  28.05.2026  09:32:10
 16  12  13   9  $12    0.100    19.5348   2577.55   0.0      4.81   0.9  28.05.2026  09:32:12
 16  15  13  14  $12    0.100     2.6864    506.37   0.1      4.14  45.9  28.05.2026  09:32:14
