//C:\Users\user\Desktop\GeoTom\GeoTomE724.ini
//- Cable direction:
//  cable I: normal
//  cable II: normal
//  cable III: normal
//  cable IV: normal
//- Cable arrangement: sequential
//- Optimization: Last measurement
//- Sorting: Multi-level
//- Current levels: 0.001 mA .. 50.0 mA
Type:         Flow
Name:         Hyprop
Comment:      Example of a measurements sequence
Comment:      
Comment:      
Spacing:      1.00000
First El:     0.00000
Nr of points: 312
IP present:   1

  1   2   4   3  $12    0.010    23.0010  43355.88   0.0     64.63   0.0  30.05.2026  11:15:05
  1   2   5   6  $12    0.100    -6.5779  12399.00   0.5  -2355.43   0.4  30.05.2026  11:15:09
  1   2   6   7  $12    0.010     6.5733 247806.17   0.8   -540.03   0.8  30.05.2026  11:15:14
  1   2   7   8  $12    0.010    -6.9012 455294.31   0.6   -507.72   3.7  30.05.2026  11:15:16
  1   2   9  10  $12    0.100    -7.5685 119837.23   0.1   -525.07   0.0  30.05.2026  11:15:20
  1   2  10  11  $12    0.100    -1.0357  23426.06   0.7   -467.67   2.3  30.05.2026  11:15:25
  1   2  11  12  $12    0.100     1.3219  41113.35   0.1   -565.77   0.1  30.05.2026  11:15:30
  1   2  13  14  $12    0.010    -4.2708 2302361.58   0.8   -647.70   2.0  30.05.2026  11:15:35
  1   2  14  15  $12    0.100   -17.2929 1186509.52   0.0   -269.87   0.1  30.05.2026  11:15:39
  1   2  15  16  $12    0.100     0.5229  44845.09   0.9   -684.88   1.4  30.05.2026  11:15:44
  1   3   5   7  $12    0.010    10.3909  39172.89   0.0   -456.96   0.1  30.05.2026  11:15:49
  1   3   6   8  $12    0.100     0.8943    737.51   0.1    482.49   0.1  30.05.2026  11:15:56
  1   3   9  11  $12    0.100   -15.7105  59227.20   0.0   -514.65   0.2  30.05.2026  11:15:58
  1   3  10  12  $12    0.100     1.9070  10379.50   0.0   -469.97   0.1  30.05.2026  11:16:03
  1   3  13  15  $12    0.010   -11.5192 1519923.06   0.2   -748.39   0.2  30.05.2026  11:16:08
  1   3  14  16  $12    0.100   -15.5869 262588.83   0.3   -722.43   0.2  30.05.2026  11:16:12
  1   4   2   3  $12    0.001     9.4236  59210.06   0.0    -14.09   2.4  30.05.2026  11:16:20
  1   4   5   8  $12    0.100    -7.6322    745.96   0.0  -2914.86   0.0  30.05.2026  11:16:25
  1   4   9  12  $12    0.100    -8.5924  13197.01   0.0   -641.63   0.2  30.05.2026  11:16:27
  1   4  13  16  $12    0.010    -5.9345 335585.56   0.3  -1230.17   0.4  30.05.2026  11:16:32
  1   5   2   6  $12    0.001    10.3981  44545.45   0.0    -30.54   1.5  30.05.2026  11:16:37
  1   5   3   7  $12    0.010    -9.0292  17019.65   0.1  -1488.05   0.0  30.05.2026  11:16:41
  1   5   4   8  $12    0.010     4.4404   5858.99   0.2   -156.29   0.9  30.05.2026  11:16:43
  1   5  13   9  $12    0.001     3.9014 294155.88   0.2   -447.06   1.9  30.05.2026  11:16:48
  1   6   2   7  $12    0.001    13.7666  54630.57   0.1   -248.54   0.3  30.05.2026  11:16:50
  1   6   3   8  $12    0.010    11.9946  14387.76   0.0     73.75   0.4  30.05.2026  11:16:54
  1   7   2   8  $12    0.001    11.7259  44459.84   0.0    -40.06   0.8  30.05.2026  11:16:59
  1   9   2  10  $12    0.001    13.5592  48793.41   0.0     32.75   1.2  30.05.2026  11:17:01
  1   9   3  11  $12    0.010    15.0756  12916.72   0.0     58.27   0.2  30.05.2026  11:17:04
  1   9   4  12  $12    0.010     4.6268   7736.66   0.0     40.18   0.4  30.05.2026  11:17:06
  1  10   2  11  $12    0.001    11.9911  42446.20   0.0     36.42   0.5  30.05.2026  11:17:11
  1  10   3  12  $12    0.010    14.6801  12037.84   0.0     50.99   0.0  30.05.2026  11:17:15
  1  11   3  12  $12    0.010    16.2924   7972.03   0.0     49.66   0.1  30.05.2026  11:17:17
  1  13   2  14  $12    0.001    50.9218 174629.66   0.0    103.66   0.2  30.05.2026  11:17:22
  1  13   3  15  $12    0.010    15.4123  11687.42   0.0    -56.32   0.2  30.05.2026  11:17:26
  1  13   4  16  $12    0.010     9.5785  12310.20   0.0   -306.93   0.1  30.05.2026  11:17:28
  1  13   5   9  $12    0.001     2.9486  74107.24   0.0   -442.57   0.1  30.05.2026  11:17:33
  1  14   2  15  $12    0.001    11.3794  38747.62   0.1     10.23  15.1  30.05.2026  11:17:35
  1  14   3  16  $12    0.010    13.0054   9700.03   0.0     51.00   0.3  30.05.2026  11:17:38
  1  15   2  16  $12    0.001    11.9604  40480.97   0.0     39.48   0.6  30.05.2026  11:17:43
  2   3   1   4  $12    0.001    10.8167  67963.11   0.3     42.83   3.4  30.05.2026  11:17:45
  2   3   5   6  $12    0.100   -14.0862  10620.76   0.1  -1198.41   0.0  30.05.2026  11:17:50
  2   3   9  10  $12    0.100    -7.9416  83829.14   0.0   -578.25   0.0  30.05.2026  11:17:52
  2   3  13  14  $12    0.010    -4.4530 1846632.06   0.2   -890.00   0.3  30.05.2026  11:17:57
  2   4   5   7  $12    0.010     3.5125   4138.07   0.3   -463.29   0.1  30.05.2026  11:17:59
  2   4   6   8  $12    0.100     1.1954    450.67   0.1    143.74   0.7  30.05.2026  11:18:06
  2   4   9  11  $12    0.100    -6.6186  16374.33   0.2   -570.06   0.5  30.05.2026  11:18:08
  2   4  10  12  $12    0.100     1.0662   4019.54   0.5   -347.81   1.5  30.05.2026  11:18:14
  2   4  13  15  $12    0.010     0.8928  90247.23   0.9   3365.78   1.4  30.05.2026  11:18:19
  2   4  14  16  $12    0.100    18.0613 238312.99   0.0    440.72   0.0  30.05.2026  11:18:22
  2   6   1   5  $12    0.001    12.4371  53280.47   0.1    -41.01   2.6  30.05.2026  11:18:30
  2   6  14  10  $12    0.010     2.6581  20041.28   0.5    468.85   0.3  30.05.2026  11:18:34
  2   7   1   6  $12    0.001    13.1175  52054.58   0.0    -58.64   0.6  30.05.2026  11:18:39
  2   8   1   7  $12    0.001    13.9079  52732.73   0.0   -132.64   0.3  30.05.2026  11:18:41
  2  10   1   9  $12    0.001    14.7902  53223.24   0.0     28.11   0.1  30.05.2026  11:18:43
  2  11   1  10  $12    0.001    12.8830  45603.44   0.0     39.26   0.6  30.05.2026  11:18:45
  2  14   1  13  $12    0.001    50.0583 171668.67   0.0     89.50   1.0  30.05.2026  11:18:47
  2  14   6  10  $12    0.100    10.3953   2612.62   0.0    197.50   0.4  30.05.2026  11:18:53
  2  15   1  14  $12    0.001    11.8387  40311.88   0.0     20.90   0.8  30.05.2026  11:19:00
  2  16   1  15  $12    0.001    12.1454  41107.27   0.5     36.66   7.9  30.05.2026  11:19:02
  3   4   5   6  $12    0.100     7.6946   1450.39   0.2   -599.32   0.1  30.05.2026  11:19:10
  3   4   9  10  $12    0.100     2.6877  17731.62   0.3   -527.85   0.5  30.05.2026  11:19:12
  3   4  13  14  $12    0.010     3.6636 1139457.43   0.1   -444.96   2.9  30.05.2026  11:19:17
  3   7   1   5  $12    0.010    -2.2694   4277.78   0.6  -4324.87   0.4  30.05.2026  11:19:19
  3   7  15  11  $12    0.010     1.7547  13229.83   0.8    300.91   3.7  30.05.2026  11:19:24
  3   8   1   6  $12    0.010    12.9720  15560.16   0.1     63.56   5.2  30.05.2026  11:19:26
  3  11   1   9  $12    0.010    15.9041  13626.59   0.0     57.59   0.1  30.05.2026  11:19:28
  3  12   1  10  $12    0.010    15.2342  12492.19   0.0     53.29   1.7  30.05.2026  11:19:29
  3  12   1  11  $12    0.010    16.7700   8205.74   0.0     51.36   0.3  30.05.2026  11:19:32
  3  15   1  13  $12    0.010    15.0342  11400.70   0.0    -33.73   3.1  30.05.2026  11:19:33
  3  15   7  11  $12    0.100    -8.5844   2157.50   0.1  -1085.68   0.4  30.05.2026  11:19:38
  3  16   1  14  $12    0.010    12.7534   9512.04   0.0     55.48   0.9  30.05.2026  11:19:42
  3   4   1   2  $12    0.010   -17.6791  33324.40   0.0     49.60   1.5  30.05.2026  11:19:44
  4   8   1   5  $12    0.010     4.3135   5691.58   0.5    -96.07   6.1  30.05.2026  11:19:46
  4   8  16  12  $12    0.010     3.4419  25951.16   0.8    -17.65  42.3  30.05.2026  11:19:48
  4  12   1   9  $12    0.010     4.8686   8140.90   0.2     39.63   9.7  30.05.2026  11:19:50
  4  16   1  13  $12    0.010     8.3843  10775.53   0.1   -297.98   0.6  30.05.2026  11:19:52
  4  16   8  12  $12    0.100    10.0105   2515.91   0.0    -72.10   0.6  30.05.2026  11:19:56
  5   1   6   2  $12    0.001    11.2000  47980.50   0.0      4.20  26.5  30.05.2026  11:20:04
  5   1   7   3  $12    0.010     0.6202   1169.10   0.8  14330.74   0.7  30.05.2026  11:20:08
  5   1   8   4  $12    0.010     4.4359   5853.10   0.4    -84.86   4.9  30.05.2026  11:20:10
  5   1   9  13  $12    0.001     2.4155 182123.96   0.1   -344.78   1.9  30.05.2026  11:20:14
  5   2   6   3  $12    0.001     4.0791  20503.82   0.1     48.71   1.5  30.05.2026  11:20:16
  5   2   7   4  $12    0.010   -10.6126  33340.50   0.4  -1142.34   0.5  30.05.2026  11:20:20
  5   3   6   4  $12    0.010    21.1163  19901.66   0.0     -1.13  46.6  30.05.2026  11:20:22
  5   6   1   2  $12    0.100     9.1608  17267.80   0.0    438.01   0.0  30.05.2026  11:20:27
  5   6   2   3  $12    0.100    -1.9024   1434.37   0.2  -3915.67   0.2  30.05.2026  11:20:29
  5   6   3   4  $12    0.100     4.1143    775.52   0.7   -612.26   0.9  30.05.2026  11:20:31
  5   6   7   8  $12    0.001    -3.5520  66953.65   0.4   -727.27   1.0  30.05.2026  11:20:38
  5   6   9  10  $12    0.010    -3.4634  65284.20   0.1   -554.79   0.5  30.05.2026  11:20:42
  5   6  10  11  $12    0.100    -2.4280   9153.45   0.0   -599.11   0.1  30.05.2026  11:20:46
  5   6  11  12  $12    0.100     9.9174  65428.62   0.0   -409.87   0.0  30.05.2026  11:20:48
  5   6  13  14  $12    0.001    -3.8360 6073757.93   0.1   -749.18   1.2  30.05.2026  11:20:56
  5   6  14  15  $12    0.010    -6.3021 1425497.50   0.5   -559.31   1.1  30.05.2026  11:21:00
  5   6  15  16  $12    0.100     1.9323  60098.17   0.0   -549.42   0.0  30.05.2026  11:21:07
  5   7   1   3  $12    0.010     8.7179  32865.71   0.2   -380.76   0.1  30.05.2026  11:21:12
  5   7   2   4  $12    0.010     2.6617   3135.76   0.7   -401.92   1.9  30.05.2026  11:21:14
  5   7   9  11  $12    0.010     5.4695  20619.54   0.0   -493.21   0.3  30.05.2026  11:21:16
  5   7  10  12  $12    0.010     0.1774   1463.01   0.5   1791.02   1.0  30.05.2026  11:21:28
  5   7  13  15  $12    0.001     5.7167 2155139.77   0.5   -507.19   1.1  30.05.2026  11:21:33
  5   7  14  16  $12    0.010     9.6432 524861.47   0.1   -521.14   0.6  30.05.2026  11:21:36
  5   8   1   4  $12    0.100    10.9306   1068.34   0.4   1067.11   0.1  30.05.2026  11:21:40
  5   8   6   7  $12    0.001     5.4149  34023.06   0.1   -756.47   0.3  30.05.2026  11:21:48
  5   8   9  12  $12    0.010    -3.1355   3064.57   0.1   -574.25   0.3  30.05.2026  11:21:52
  5   8  13  16  $12    0.001    -5.0272 772116.56   0.5   -711.89   1.3  30.05.2026  11:21:57
  5   9   1  13  $12    0.001     3.1313  78698.13   0.9   -541.13   0.3  30.05.2026  11:21:59
  5   9   6  10  $12    0.001     3.5355  15146.26   0.6    129.53   5.6  30.05.2026  11:22:01
  5   9   7  11  $12    0.010   -16.1120  30370.48   0.2  -1000.30   0.4  30.05.2026  11:22:05
  5   9   8  12  $12    0.010     2.8849   3806.54   0.6   -247.11   2.6  30.05.2026  11:22:07
  5  10   6  11  $12    0.010    15.7356   6244.42   0.0    134.58   0.0  30.05.2026  11:22:09
  5  10   7  12  $12    0.010   -22.9158  27487.90   0.1   -792.98   0.5  30.05.2026  11:22:11
  5  11   6  12  $12    0.010     8.7873   3331.79   0.0    -72.40   2.1  30.05.2026  11:22:13
  5  13   6  14  $12    0.001    38.6037 138917.35   0.0    140.61   0.0  30.05.2026  11:22:18
  5  13   7  15  $12    0.001     7.7483  66387.46   0.1   -531.62   0.5  30.05.2026  11:22:20
  5  13   8  16  $12    0.010     4.8575   8122.46   0.0    197.06   0.1  30.05.2026  11:22:24
  5  14   6  15  $12    0.010    11.3046   4001.64   0.0     47.90   0.2  30.05.2026  11:22:26
  5  14   7  16  $12    0.010    -3.8256   3137.02   0.6  -2275.11   1.2  30.05.2026  11:22:28
  5  15   7  16  $12    0.010   -18.1090   8860.90   0.0  -1064.75   0.1  30.05.2026  11:22:30
  6   2   5   1  $12    0.001    12.9285  55385.58   0.0     29.65   1.2  30.05.2026  11:22:35
  6   2  10  14  $12    0.010     2.8461  21458.92   0.0    416.38   0.5  30.05.2026  11:22:39
  6   3   5   2  $12    0.001     4.3771  22001.92   0.0     39.75   7.2  30.05.2026  11:22:43
  6   4   5   3  $12    0.001     2.2400  21111.26   0.2     24.52  25.4  30.05.2026  11:22:45
  6   7   1   2  $12    0.010     6.1802 232989.39   0.0   -576.68   0.1  30.05.2026  11:22:49
  6   7   5   8  $12    0.001     3.7609  23630.47   0.0   -475.04   0.0  30.05.2026  11:22:54
  6   7   9  10  $12    0.010     8.4299  63560.29   0.1   -571.94   0.2  30.05.2026  11:22:58
  6   7  13  14  $12    0.001     7.3672 7776597.60   0.6   -560.93   2.9  30.05.2026  11:23:02
  6   8   1   3  $12    1.000    13.0168   1073.45   0.0    199.86   0.3  30.05.2026  11:23:09
  6   8   2   4  $12    1.000    13.9411    525.57   0.0     58.28   2.1  30.05.2026  11:23:12
  6   8   9  11  $12    1.000    11.4329    134.69   0.0    212.25   0.4  30.05.2026  11:23:14
  6   8  10  12  $12    0.100     2.6004    980.34   0.0      8.57   7.1  30.05.2026  11:23:18
  6   8  13  15  $12    0.100    -3.4605   8561.40   0.2  -1026.26   0.9  30.05.2026  11:23:21
  6   8  14  16  $12    1.000    -0.6858    258.56   0.3  -4323.03   0.8  30.05.2026  11:23:24
  6  10   2  14  $12    0.100     9.2735   2330.68   0.8    148.81   1.7  30.05.2026  11:23:29
  6  10   5   9  $12    0.001     2.7540  11797.98   0.3     83.17   3.7  30.05.2026  11:23:37
  6  11   5  10  $12    0.010    13.5589   5380.62   0.0     70.78   1.4  30.05.2026  11:23:41
  6  12   5  11  $12    0.010     8.6908   3295.17   0.1    -53.25   6.1  30.05.2026  11:23:43
  6  14   5  13  $12    0.001    39.1668 140943.76   0.0    154.37   0.1  30.05.2026  11:23:48
  6  15   5  14  $12    0.010    11.2691   3989.07   0.0     47.82   1.2  30.05.2026  11:23:52
  7   3   5   1  $12    0.010     0.5194    979.07   0.7  19200.73   0.7  30.05.2026  11:23:54
  7   3  11  15  $12    0.010     1.7610  13277.31   0.4    331.99   0.4  30.05.2026  11:23:58
  7   4   5   2  $12    0.010    -9.8048  30802.56   0.3  -1100.11   0.2  30.05.2026  11:24:00
  7   8   1   2  $12    0.010    -5.7493 379301.54   0.0   -577.68   0.2  30.05.2026  11:24:02
  7   8   9  10  $12    0.010    -8.2870  15620.69   0.0   -520.21   0.3  30.05.2026  11:24:04
  7   8  13  14  $12    0.001    -7.7098 5086407.80   0.1   -631.48   2.1  30.05.2026  11:24:09
  7  11   3  15  $12    0.100     2.6768    672.75   1.5  -1067.63   2.8  30.05.2026  11:24:19
  7  11   5   9  $12    0.010   -13.2273  24932.81   0.1   -884.63   0.0  30.05.2026  11:24:24
  7  12   5  10  $12    0.010   -21.2104  25442.27   0.0   -730.38   0.1  30.05.2026  11:24:26
  7  15   5  13  $12    0.001     7.9345  67982.53   0.3   -530.74   0.9  30.05.2026  11:24:31
  7  16   5  14  $12    0.010    -5.0055   4104.59   0.0  -1672.50   0.0  30.05.2026  11:24:35
  7  16   5  15  $12    0.010   -16.9449   8291.32   0.1  -1033.77   0.1  30.05.2026  11:24:36
  8   4   5   1  $12    0.010     4.7157   6222.22   0.5    -84.03   6.2  30.05.2026  11:24:39
  8   4  12  16  $12    0.010     3.5201  26541.12   0.1    -12.97  14.8  30.05.2026  11:24:40
  7   8   5   6  $12    0.001    -3.4017  64120.02   0.6   -604.95   0.3  30.05.2026  11:24:45
  8  12   4  16  $12    0.100    10.1558   2552.43   0.0    -88.49   0.4  30.05.2026  11:24:51
  8  12   5   9  $12    0.010     2.6742   3528.47   0.0   -162.38   0.8  30.05.2026  11:24:56
  8  16   5  13  $12    0.010     4.7128   7880.52   0.2    252.07   1.3  30.05.2026  11:24:58
  9   1  10   2  $12    0.001    15.5387  55916.83   0.0     60.95   0.2  30.05.2026  11:25:02
  9   1  11   3  $12    0.010    18.2911  15671.77   0.0     72.28   0.1  30.05.2026  11:25:06
  9   1  12   4  $12    0.010     5.1572   8623.63   0.1     62.58   1.4  30.05.2026  11:25:08
  9   2  10   3  $12    0.001     6.5331  24028.52   0.0    101.25   0.1  30.05.2026  11:25:13
  9   2  11   4  $12    0.010    10.2715   9368.37   0.0     62.22   0.1  30.05.2026  11:25:17
  9   3  11   4  $12    0.010    19.2140  10274.49   0.0     53.35   0.2  30.05.2026  11:25:19
  9   5  10   6  $12    0.001     2.9991  12848.16   0.0    116.61   0.2  30.05.2026  11:25:23
  9   5  11   7  $12    0.010   -20.1916  38060.34   0.0   -923.76   0.1  30.05.2026  11:25:27
  9   5  12   8  $12    0.010     2.9982   3956.07   0.9   -264.67   3.5  30.05.2026  11:25:29
  9   5  13   1  $12    0.001     3.3442  84049.35   0.0   -465.39   1.1  30.05.2026  11:25:34
  9   6  10   7  $12    0.001     4.0859  20537.79   0.7    -70.01   5.0  30.05.2026  11:25:36
  9   6  11   8  $12    0.010     3.3985  10676.83   0.0     75.55   0.0  30.05.2026  11:25:40
  9   7  10   8  $12    0.001     3.4514  32528.43   0.0     83.16   0.5  30.05.2026  11:25:45
  9  10   1   2  $12    0.100    -5.2132  82544.22   0.2   -606.42   0.3  30.05.2026  11:25:50
  9  10   2   3  $12    0.100    -5.0757  53578.26   0.0   -661.97   0.1  30.05.2026  11:25:52
  9  10   3   4  $12    0.100     2.4401  16098.17   0.4   -571.15   1.7  30.05.2026  11:25:54
  9  10   5   6  $12    0.010    -2.4483  46149.43   0.4   -619.78   0.6  30.05.2026  11:25:59
  9  10   6   7  $12    0.010     6.8181  51407.34   0.0   -663.66   0.3  30.05.2026  11:26:01
  9  10   7   8  $12    0.010    -7.0193  13230.99   0.1   -650.56   1.4  30.05.2026  11:26:03
  9  10  12  11  $12    0.010     6.5722  12388.27   0.1    271.26   0.4  30.05.2026  11:26:05
  9  10  13  14  $12    0.010    -7.4606 140629.10   0.2   -673.41   0.5  30.05.2026  11:26:07
  9  10  14  15  $12    0.100   -13.7898  51986.47   0.1   -615.17   0.7  30.05.2026  11:26:11
  9  10  15  16  $12    1.000     5.8618   3867.26   0.6   -267.63   2.1  30.05.2026  11:26:15
  9  11   1   3  $12    1.000   -20.7778   7833.05   0.4   -209.15   5.1  30.05.2026  11:26:17
  9  11   2   4  $12    0.100    -5.1865  12831.40   0.1   -639.39   0.3  30.05.2026  11:26:22
  9  11   5   7  $12    0.010     7.7514  29222.06   0.2   -558.30   1.6  30.05.2026  11:26:27
  9  11   6   8  $12    0.100     0.2052     24.17   0.1   2679.45   0.2  30.05.2026  11:26:42
  9  11  13  15  $12    0.010   -12.6776  47793.43   0.0   -662.05   0.2  30.05.2026  11:26:47
  9  11  14  16  $12    0.100   -15.7644  13000.39   0.0   -739.83   0.0  30.05.2026  11:26:50
  9  12   1   4  $12    0.100   -10.6729  16392.45   0.0   -688.68   0.1  30.05.2026  11:26:52
  9  12   5   8  $12    0.010    -3.3990   3322.09   0.0   -677.11   0.2  30.05.2026  11:26:57
  9  12  10  11  $12    0.010    15.1975   9548.87   0.1     92.28   0.1  30.05.2026  11:26:59
  9  12  13  16  $12    0.010   -11.1214  10869.92   0.1   -703.22   0.3  30.05.2026  11:27:01
  9  13   5   1  $12    0.001     2.8444 214461.98   0.0   -412.37   0.1  30.05.2026  11:27:06
  9  13  10  14  $12    0.001    41.5606 178045.22   0.0    127.32   0.1  30.05.2026  11:27:09
  9  13  11  15  $12    0.010    10.3875  19580.03   0.0    -43.81   0.1  30.05.2026  11:27:13
  9  13  12  16  $12    0.010     7.9254  10457.32   0.0   -213.75   0.6  30.05.2026  11:27:15
  9  14  10  15  $12    0.010    23.0381   9142.26   0.0     75.27   0.1  30.05.2026  11:27:17
  9  14  11  16  $12    0.010     7.0261   8427.97   0.1     28.28   2.2  30.05.2026  11:27:19
  9  15  10  16  $12    0.001     2.8646  10861.53   0.0     57.67   0.8  30.05.2026  11:27:23
 10   2   9   1  $12    0.001    15.4825  55714.67   0.2     54.48   1.7  30.05.2026  11:27:25
 10   3   9   2  $12    0.001     5.9678  21949.22   0.3     68.94   4.4  30.05.2026  11:27:27
 10   6   9   5  $12    0.001     2.2716   9731.55   0.0     48.99   4.6  30.05.2026  11:27:29
 10   6  14   2  $12    0.100     9.1723   2305.24   0.0    216.92   0.2  30.05.2026  11:27:35
 10   7   9   6  $12    0.001     3.3221  16698.89   0.1   -206.25   0.4  30.05.2026  11:27:43
 10   8   9   7  $12    0.001     2.7456  25876.93   0.4     47.04  31.1  30.05.2026  11:27:45
 10  11   1   2  $12    1.000    -3.2064   7252.71   0.6   -755.11   1.3  30.05.2026  11:27:52
 10  11   5   6  $12    1.000    -7.6418   2880.89   0.9   -872.77   1.2  30.05.2026  11:27:55
 10  11   9  12  $12    0.010    12.9644   8145.79   0.1     31.94   1.0  30.05.2026  11:28:03
 10  11  13  14  $12    0.100     1.1931    899.60   0.9   5387.85   1.3  30.05.2026  11:28:11
 10  12   1   3  $12    0.100     2.5979  14139.92   0.2   -288.16   0.2  30.05.2026  11:28:14
 10  12   2   4  $12    1.000    14.1804   5345.87   0.4   -284.58   0.4  30.05.2026  11:28:17
 10  12   5   7  $12    0.100    -2.0306   1674.54   0.5  -1417.10   0.9  30.05.2026  11:28:22
 10  12   6   8  $12    0.100     2.8204   1063.27   0.9     26.62  13.2  30.05.2026  11:28:24
 10  12  13  15  $12    0.010     2.2708   2675.25   0.2    -83.89   3.9  30.05.2026  11:28:29
 10  12  14  16  $12    0.100     8.9888   3388.69   0.0     18.63   2.3  30.05.2026  11:28:34
 10  14   6   2  $12    0.010     2.2900  17266.20   0.0    504.77   0.4  30.05.2026  11:28:38
 10  14   9  13  $12    0.001    35.3490 151434.57   0.0    114.43   0.2  30.05.2026  11:28:44
 10  15   9  14  $12    0.001     2.3617   9371.94   0.9     61.43  11.6  30.05.2026  11:28:46
 10  16   9  15  $12    0.001     2.6659  10107.83   0.8     39.90  19.8  30.05.2026  11:28:48
 11   3   9   1  $12    0.010    17.8972  15334.24   0.0     62.66   0.4  30.05.2026  11:28:52
 11   4   9   2  $12    0.010     9.9079   9036.77   0.0     36.63   3.1  30.05.2026  11:28:54
 11   4   9   3  $12    0.010    18.8971  10105.00   0.0     43.21   1.2  30.05.2026  11:28:56
 11   7   9   5  $12    0.010   -15.8290  29837.04   0.0   -774.69   0.1  30.05.2026  11:28:58
 11   7  15   3  $12    0.010    -1.4087   3540.41   0.5   -853.74   0.5  30.05.2026  11:29:03
 11   8   9   6  $12    0.010     3.3257  10447.97   0.0     55.82  22.3  30.05.2026  11:29:05
 11  12   1   2  $12    1.000    10.6342  33074.33   0.1   -522.85   0.5  30.05.2026  11:29:11
 11  12   5   6  $12    0.100     6.5415  43156.75   0.1   -493.51   1.0  30.05.2026  11:29:16
 11  12  13  14  $12    0.100    11.7951   2223.33   0.0   -619.32   0.8  30.05.2026  11:29:18
 11  15   7   3  $12    0.100    16.9549  12783.67   0.5    703.95   0.9  30.05.2026  11:29:20
 11  15   9  13  $12    0.010     9.4545  17821.29   0.1   -103.24  12.2  30.05.2026  11:29:25
 11  16   9  14  $12    0.010     6.9932   8388.46   0.0     36.75   1.1  30.05.2026  11:29:27
 12   4   9   1  $12    0.010     5.0743   8484.97   0.1     43.77   4.5  30.05.2026  11:29:29
 12   8   9   5  $12    0.010     2.6371   3479.60   0.0   -167.00   7.4  30.05.2026  11:29:31
 12   8  16   4  $12    0.100     9.8195   2467.91   0.0    -88.68   0.6  30.05.2026  11:29:35
 12  11   9  10  $12    0.010     4.3659   8229.56   0.3    198.07   0.5  30.05.2026  11:29:39
 12  16   8   4  $12    0.010     3.5017  26402.54   0.5    -20.54  21.5  30.05.2026  11:29:42
 12  16   9  13  $12    0.010     7.1824   9476.97   0.9   -244.46   3.2  30.05.2026  11:29:43
 13   1   9   5  $12    0.001     2.8528  71697.75   0.0   -446.83   0.4  30.05.2026  11:29:48
 13   1  14   2  $12    0.001    51.8315 177749.66   0.0     91.47   0.0  30.05.2026  11:29:51
 13   1  15   3  $12    0.010    18.6132  14114.68   0.0    -24.77   0.3  30.05.2026  11:29:54
 13   1  16   4  $12    0.010    10.1742  13075.80   0.0   -284.04   0.1  30.05.2026  11:29:56
 13   2  14   3  $12    0.001    41.9011 144920.66   0.0    126.48   0.1  30.05.2026  11:30:02
 13   2  15   4  $12    0.010    16.2358  12563.62   0.0   -198.94   0.0  30.05.2026  11:30:05
 13   3  14   4  $12    0.001    40.6794 142157.61   0.0    132.43   0.1  30.05.2026  11:30:11
 13   5  14   6  $12    0.001    40.3585 145232.00   0.0    129.79   0.1  30.05.2026  11:30:13
 13   5  15   7  $12    0.001     8.7443  74920.70   0.1   -563.83   1.2  30.05.2026  11:30:15
 13   5  16   8  $12    0.010     4.8197   8059.12   0.0    210.25   0.1  30.05.2026  11:30:19
 13   6  14   7  $12    0.001    51.6479 189959.16   0.0    -33.12   1.8  30.05.2026  11:30:24
 13   6  15   8  $12    0.010     7.3621   6714.83   0.0    123.16   0.2  30.05.2026  11:30:28
 13   7  15   8  $12    0.010    13.4056   7168.48   0.0     76.64   0.0  30.05.2026  11:30:30
 13   9   1   5  $12    0.001     2.8329 213592.10   0.0   -378.66   0.0  30.05.2026  11:30:35
 13   9  14  10  $12    0.001    41.6127 178268.24   0.0    135.34   0.0  30.05.2026  11:30:37
 13   9  15  11  $12    0.010    10.3799  19565.71   0.0    -38.03   0.3  30.05.2026  11:30:41
 13   9  16  12  $12    0.010     7.8848  10403.72   0.1   -200.95   0.3  30.05.2026  11:30:43
 13  10  14  11  $12    0.001    41.0983 206582.56   0.0    139.20   0.3  30.05.2026  11:30:48
 13  10  15  12  $12    0.010    11.9810  37639.50   0.0   -175.12   0.1  30.05.2026  11:30:52
 13  11  14  12  $12    0.001    40.8866 385347.14   0.0    138.35   0.4  30.05.2026  11:30:57
 13  14   1   2  $12    0.010    -7.7431 4174268.93   0.0   -792.79   0.0  30.05.2026  11:31:01
 13  14   2   3  $12    0.010    -6.1857 2565160.26   0.0   -981.67   0.0  30.05.2026  11:31:03
 13  14   3   4  $12    0.010     5.4476 1694287.24   0.1   -399.61   0.9  30.05.2026  11:31:05
 13  14   5   6  $12    0.001    -3.7395 5920948.35   0.2   -605.17   0.2  30.05.2026  11:31:10
 13  14   6   7  $12    0.001     9.8798 10428869.83   0.5   -634.72   1.5  30.05.2026  11:31:12
 13  14   7   8  $12    0.001   -10.0814 6651046.88   0.3   -628.23   1.8  30.05.2026  11:31:14
 13  14   9  10  $12    0.010   -13.4604 253723.48   0.0   -612.03   0.0  30.05.2026  11:31:18
 13  14  10  11  $12    0.010     0.3670   2767.42   0.8   4085.28   0.3  30.05.2026  11:31:23
 13  14  11  12  $12    0.010     1.2984   2447.51   0.0   -894.73   0.2  30.05.2026  11:31:29
 13  14  16  15  $12    0.010    -0.9386   1769.27   0.5   -587.23   1.1  30.05.2026  11:31:34
 13  15   1   3  $12    0.010   -14.2865 1885056.67   0.3   -822.47   0.4  30.05.2026  11:31:36
 13  15   2   4  $12    0.010     0.4954  50078.03   0.5   8303.27   0.7  30.05.2026  11:31:38
 13  15   5   7  $12    0.001     8.0253 3025469.40   0.1   -619.90   0.1  30.05.2026  11:31:42
 13  15   6   8  $12    0.010    -0.9269  22930.77   0.1   -531.54   0.3  30.05.2026  11:31:49
 13  15   9  11  $12    0.010   -13.8237  52114.18   0.1   -692.23   0.2  30.05.2026  11:31:51
 13  15  10  12  $12    0.010     3.2581   3838.30   0.2     25.17  22.0  30.05.2026  11:31:53
 13  16   1   4  $12    0.010    -8.4993 480624.90   0.0  -1196.48   0.0  30.05.2026  11:31:55
 13  16   5   8  $12    0.001    -5.1707 794164.06   0.4   -627.52   0.3  30.05.2026  11:32:00
 13  16   9  12  $12    0.010   -11.1803  10927.43   0.0   -734.90   0.2  30.05.2026  11:32:04
 13  16  14  15  $12    0.001    39.2027 246317.99   0.0    105.64   0.2  30.05.2026  11:32:10
 14   2  10   6  $12    0.100     9.5023   2388.20   0.0    248.82   0.1  30.05.2026  11:32:15
 14   2  13   1  $12    0.001    49.2012 168729.21   0.0     28.86   1.9  30.05.2026  11:32:23
 14   3  13   2  $12    0.001    38.9831 134828.43   0.0     84.52   0.6  30.05.2026  11:32:26
 14   4  13   3  $12    0.001    38.1739 133401.73   0.2     82.07   0.5  30.05.2026  11:32:28
 14   6  13   5  $12    0.001    38.2196 137535.38   0.0     94.69   0.0  30.05.2026  11:32:30
 14   7  13   6  $12    0.001    50.8246 186930.95   0.0    -63.41   3.2  30.05.2026  11:32:33
 14  10   2   6  $12    0.010     2.4370  18374.76   0.0    551.11   0.1  30.05.2026  11:32:37
 14  10  13   9  $12    0.001    42.6730 182810.90   0.3    114.67   0.6  30.05.2026  11:32:43
 14  11  13  10  $12    0.001    41.2801 207496.47   0.0    130.63   0.2  30.05.2026  11:32:45
 14  12  13  11  $12    0.001    41.1572 387897.82   0.0    126.54   2.8  30.05.2026  11:32:47
 14  15   1   2  $12    0.010    -2.3026 1579844.27   0.1   -532.97   0.7  30.05.2026  11:32:51
 14  15   5   6  $12    0.010    -8.1550 1844627.62   0.1   -644.44   0.7  30.05.2026  11:32:53
 14  15   9  10  $12    0.010    -2.3770  89611.00   0.4   -671.74   1.7  30.05.2026  11:32:55
 14  15  13  16  $12    0.001    41.7338 262221.14   0.0    138.64   2.3  30.05.2026  11:33:00
 14  16   1   3  $12    0.010    -2.5177 424143.51   0.0   -852.81   0.3  30.05.2026  11:33:04
 14  16   2   4  $12    0.100    15.4847 204315.21   0.2    327.70   0.0  30.05.2026  11:33:08
 14  16   5   7  $12    0.010    11.5140 626683.09   0.2   -617.33   0.8  30.05.2026  11:33:13
 14  16   6   8  $12    0.100    -1.2380   4667.05   0.3   -537.06   0.6  30.05.2026  11:33:20
 14  16   9  11  $12    0.100   -12.3183  10158.54   0.1   -827.35   0.5  30.05.2026  11:33:21
 14  16  10  12  $12    0.100    10.4940   3956.14   0.3     15.03  12.2  30.05.2026  11:33:23
 15   3  11   7  $12    0.100   -12.7872   3213.78   0.2   -922.00   0.4  30.05.2026  11:33:25
 15   3  13   1  $12    0.010    17.5688  13322.72   0.1    -40.98   1.5  30.05.2026  11:33:30
 15   4  13   2  $12    0.010    16.0594  12427.14   0.0   -233.57   0.4  30.05.2026  11:33:32
 15   7  13   5  $12    0.001    10.0892  86443.85   0.1   -517.59   0.5  30.05.2026  11:33:37
 15   8  13   6  $12    0.010     7.7935   7108.23   0.1     71.46   2.5  30.05.2026  11:33:42
 15   8  13   7  $12    0.010    13.3586   7143.36   0.0     31.00   0.4  30.05.2026  11:33:44
 15  11   3   7  $12    0.100    16.6452  12550.19   0.0    510.82   0.1  30.05.2026  11:33:48
 15  11  13   9  $12    0.010    10.9390  20619.48   0.1   -118.35   0.5  30.05.2026  11:33:52
 15  12  13  10  $12    0.010    12.6384  39704.74   0.5   -242.37   1.4  30.05.2026  11:33:54
 15  16   1   2  $12    1.000     9.8568  84537.66   0.3   -465.50   0.5  30.05.2026  11:34:00
 15  16   5   6  $12    0.100     3.3199 103254.97   0.3   -569.11   2.4  30.05.2026  11:34:05
 15  16   9  10  $12    1.000     9.8796   6517.93   0.2   -496.38   0.2  30.05.2026  11:34:08
 16   4  12   8  $12    0.100     9.5567   2401.87   0.0    -51.71   1.2  30.05.2026  11:34:13
 16   4  13   1  $12    0.010     8.8966  11433.92   0.8   -243.14   5.4  30.05.2026  11:34:18
 16   8  13   5  $12    0.010     4.4035   7363.24   0.2    305.19   0.8  30.05.2026  11:34:20
 16  12   4   8  $12    0.010     3.4521  26028.04   0.7    -16.17  60.5  30.05.2026  11:34:22
 16  12  13   9  $12    0.010     8.2844  10931.03   0.6   -301.11   4.8  30.05.2026  11:34:24
 16  15  13  14  $12    0.100    -9.4261   1776.78   0.6   -843.24   0.4  30.05.2026  11:34:28
