//C:\Users\user\Desktop\GeoTom\GeoTomE724.ini
//- Cable direction:
//  cable I: normal
//  cable II: normal
//  cable III: normal
//  cable IV: normal
//- Cable arrangement: sequential
//- Optimization: Last measurement
//- Sorting: Multi-level
//- Current levels: 0.001 mA .. 50.0 mA
Type:         Flow
Name:         Hyprop
Comment:      Example of a measurements sequence
Comment:      
Comment:      
Spacing:      1.00000
First El:     0.00000
Nr of points: 312
IP present:   1

  1   2   4   3  $12    0.001     5.1423  96930.11   0.0     29.50   0.2  30.05.2026  20:15:08
  1   2   5   6  $12    0.100     3.9740   7490.84   0.6   3251.34   0.9  30.05.2026  20:15:23
  1   2   6   7  $12    0.010     5.9713 225112.28   0.7   -459.67   3.5  30.05.2026  20:15:28
  1   2   7   8  $12    0.010    -6.2979 415491.50   0.2   -502.50   0.7  30.05.2026  20:15:30
  1   2   9  10  $12    0.100    -8.4780 134237.00   0.2   -546.93   0.2  30.05.2026  20:15:33
  1   2  10  11  $12    0.100    -2.0402  46149.35   0.9   -457.38   0.8  30.05.2026  20:15:35
  1   2  11  12  $12    0.100     1.3448  41825.79   0.0   -574.11   0.2  30.05.2026  20:15:41
  1   2  13  14  $12    0.010    -5.0253 2709146.18   0.1   -629.53   0.7  30.05.2026  20:15:46
  1   2  14  15  $12    0.010    -4.3968 3016720.60   0.2   -171.47   0.5  30.05.2026  20:15:48
  1   2  15  16  $12    0.100     0.7381  63305.64   0.0   -714.45   0.1  30.05.2026  20:15:55
  1   3   5   7  $12    0.010    15.2271  57404.65   0.1   -398.61   0.1  30.05.2026  20:15:59
  1   3   6   8  $12    0.100     0.1400    115.44   0.2   6336.98   0.3  30.05.2026  20:16:15
  1   3   9  11  $12    0.010    -2.6941 101564.93   0.0   -569.84   0.2  30.05.2026  20:16:20
  1   3  10  12  $12    0.100    -0.5131   2792.50   0.7   -367.17   0.5  30.05.2026  20:16:27
  1   3  13  15  $12    0.010   -21.9935 2901975.98   0.4   -606.71   1.1  30.05.2026  20:16:31
  1   3  14  16  $12    0.010    -6.3941 1077205.38   0.1   -411.54   0.4  30.05.2026  20:16:33
  1   4   2   3  $12    0.001    16.0442 100808.69   0.0    -21.26   0.7  30.05.2026  20:16:38
  1   4   5   8  $12    0.010    -0.5967    583.21   0.2  -5122.29   0.6  30.05.2026  20:16:42
  1   4   9  12  $12    0.100   -18.4601  28352.75   0.0   -596.44   0.0  30.05.2026  20:16:46
  1   4  13  16  $12    0.010    -9.0695 512870.87   0.6  -1218.85   0.2  30.05.2026  20:16:51
  1   5   2   6  $12    0.001    17.4743  74859.78   0.0    -27.74   1.0  30.05.2026  20:16:56
  1   5   3   7  $12    0.010     0.0389     73.24  99.5    -87.28 -3200.7  30.05.2026  20:17:02
  1   5   4   8  $12    0.010     6.9079   9114.74   0.1    -75.04   2.5  30.05.2026  20:17:04
  1   5  13   9  $12    0.001     4.9714 374837.39   0.5   -290.54   1.6  30.05.2026  20:17:09
  1   6   2   7  $12    0.001    21.9133  86959.32   0.0   -202.42   2.4  30.05.2026  20:17:11
  1   6   3   8  $12    0.001     2.6060  31258.89   0.2     48.67   1.9  30.05.2026  20:17:13
  1   7   2   8  $12    0.001    19.9029  75463.44   0.0    -40.35   1.5  30.05.2026  20:17:15
  1   9   2  10  $12    0.001    23.6339  85047.79   0.0     22.31   1.3  30.05.2026  20:17:18
  1   9   3  11  $12    0.001     3.0904  26478.40   0.5     28.44  12.0  30.05.2026  20:17:20
  1   9   4  12  $12    0.010     7.5308  12592.58   0.0     34.02   0.5  30.05.2026  20:17:23
  1  10   2  11  $12    0.001    20.1857  71453.97   0.0     25.45   1.0  30.05.2026  20:17:28
  1  10   3  12  $12    0.001     3.0476  24990.55   0.3      3.99  59.9  30.05.2026  20:17:30
  1  11   3  12  $12    0.001     3.2534  15919.10   0.0     11.19   5.4  30.05.2026  20:17:32
  1  13   2  14  $12    0.001   117.1529 401760.94   0.0     89.89   0.0  30.05.2026  20:17:35
  1  13   3  15  $12    0.001     3.0057  22792.93   0.2    -85.19   3.7  30.05.2026  20:17:37
  1  13   4  16  $12    0.010    16.6828  21440.72   0.0   -277.23   0.1  30.05.2026  20:17:40
  1  13   5   9  $12    0.001     3.9197  98513.90   0.1   -391.86   0.2  30.05.2026  20:17:45
  1  14   2  15  $12    0.001    18.8669  64243.43   0.0      1.98  28.9  30.05.2026  20:17:47
  1  14   3  16  $12    0.001     2.5843  19274.87   0.4     13.17   4.6  30.05.2026  20:17:49
  1  15   2  16  $12    0.001    19.2946  65304.29   0.0     24.50   3.0  30.05.2026  20:17:51
  2   3   1   4  $12    0.001    17.4722 109781.37   0.1     31.00   5.3  30.05.2026  20:17:53
  2   3   5   6  $12    0.010    -2.0163  15202.66   0.1  -1263.59   0.6  30.05.2026  20:17:58
  2   3   9  10  $12    0.100   -16.4850 174011.90   0.0   -579.74   0.1  30.05.2026  20:18:01
  2   3  13  14  $12    0.010    -9.2649 3842069.58   0.3   -755.93   0.3  30.05.2026  20:18:06
  2   4   5   7  $12    0.010     6.7341   7933.45   0.1   -444.62   0.5  30.05.2026  20:18:08
  2   4   6   8  $12    0.100     0.9085    342.48   0.0    429.83   0.2  30.05.2026  20:18:15
  2   4   9  11  $12    0.100   -13.2637  32814.50   0.0   -593.27   0.2  30.05.2026  20:18:17
  2   4  10  12  $12    0.100    -0.5055   1905.68   1.0   -685.89   2.8  30.05.2026  20:18:23
  2   4  13  15  $12    0.010     0.4476  45245.95   5.8  15392.01   4.5  30.05.2026  20:18:32
  2   4  14  16  $12    0.010     3.0528 402805.07   0.2    554.57   0.7  30.05.2026  20:18:34
  2   6   1   5  $12    0.001    20.2080  86570.67   0.0    -37.39   0.2  30.05.2026  20:18:39
  2   6  14  10  $12    0.010     4.0599  30611.22   0.1    764.90   1.6  30.05.2026  20:18:43
  2   7   1   6  $12    0.001    21.2766  84432.56   0.0    -45.66   0.5  30.05.2026  20:18:48
  2   8   1   7  $12    0.001    23.0976  87576.22   0.0   -114.44   0.2  30.05.2026  20:18:50
  2  10   1   9  $12    0.001    25.0632  90191.07   0.0     16.66   0.2  30.05.2026  20:18:52
  2  11   1  10  $12    0.001    21.2861  75348.96   0.0     32.35   1.4  30.05.2026  20:18:54
  2  14   1  13  $12    0.001   103.3366 354379.68   0.0     84.47   0.4  30.05.2026  20:18:57
  2  14   6  10  $12    0.100    15.3471   3857.15   0.2    275.62   1.1  30.05.2026  20:19:02
  2  15   1  14  $12    0.001    19.8146  67470.25   0.0     -8.46   1.4  30.05.2026  20:19:10
  2  16   1  15  $12    0.001    19.6112  66375.94   0.1     29.69  12.0  30.05.2026  20:19:12
  3   4   5   6  $12    0.100    13.7779   2597.07   0.2   -491.41   0.3  30.05.2026  20:19:22
  3   4   9  10  $12    0.100     4.9727  32806.91   0.3   -566.91   0.4  30.05.2026  20:19:24
  3   4  13  14  $12    0.010     7.6076 2366101.89   0.6   -354.20   1.7  30.05.2026  20:19:29
  3   7   1   5  $12    0.010     9.7484  18375.37   0.4   1165.62   0.4  30.05.2026  20:19:31
  3   7  15  11  $12    0.010     1.5062  11356.55   0.1    679.92   0.2  30.05.2026  20:19:36
  3   8   1   6  $12    0.001     2.8344  33999.16   0.1     57.33   2.8  30.05.2026  20:19:41
  3  11   1   9  $12    0.001     3.2841  28137.75   0.0     52.70   0.2  30.05.2026  20:19:43
  3  12   1  10  $12    0.001     3.1723  26013.51   0.3     46.46   6.1  30.05.2026  20:19:45
  3  12   1  11  $12    0.001     3.3580  16431.17   0.0     47.79   2.5  30.05.2026  20:19:47
  3  15   1  13  $12    0.001     3.1224  23677.58   0.7    -58.13  20.1  30.05.2026  20:19:50
  3  15   7  11  $12    0.010    -2.2902   5755.82   0.2   -891.29   1.4  30.05.2026  20:19:54
  3  16   1  14  $12    0.001     2.6894  20059.08   0.0     42.67   5.2  30.05.2026  20:19:58
  3   4   1   2  $12    0.001    -4.4281  83468.51   0.2     47.21   2.3  30.05.2026  20:20:00
  4   8   1   5  $12    0.010     7.5565   9970.55   0.0    -89.09   2.5  30.05.2026  20:20:05
  4   8  16  12  $12    0.010     4.0295  30381.62   0.3    -22.83  28.6  30.05.2026  20:20:07
  4  12   1   9  $12    0.010     7.7328  12930.38   0.1     47.98   0.9  30.05.2026  20:20:09
  4  16   1  13  $12    0.010    17.3871  22345.90   0.0   -345.16   0.3  30.05.2026  20:20:11
  4  16   8  12  $12    0.100    11.3658   2856.53   0.1   -121.51   0.1  30.05.2026  20:20:15
  5   1   6   2  $12    0.001    18.5134  79311.26   0.0      3.06   9.3  30.05.2026  20:20:22
  5   1   7   3  $12    0.010    12.5940  23739.19   0.1    860.39   0.2  30.05.2026  20:20:26
  5   1   8   4  $12    0.010     7.4827   9873.13   0.1    -58.46   6.3  30.05.2026  20:20:28
  5   1   9  13  $12    0.001     3.8880 293150.11   0.8   -251.19   2.5  30.05.2026  20:20:34
  5   2   6   3  $12    0.001     8.9070  44771.42   0.0     38.36   1.1  30.05.2026  20:20:36
  5   2   7   4  $12    0.010    -6.8286  21452.71   0.2  -2043.20   0.3  30.05.2026  20:20:40
  5   3   6   4  $12    0.001     4.0312  37992.93   0.0      0.97  26.7  30.05.2026  20:20:45
  5   6   1   2  $12    0.100    17.3213  32649.92   0.6    334.15   0.6  30.05.2026  20:20:50
  5   6   2   3  $12    0.100     2.6722   2014.83   0.9   3940.49   0.5  30.05.2026  20:20:53
  5   6   3   4  $12    0.100     6.3400   1195.06   1.7    649.36   4.3  30.05.2026  20:20:59
  5   6   7   8  $12    0.001    -4.8659  91719.72   0.2   -726.37   2.5  30.05.2026  20:21:07
  5   6   9  10  $12    0.010    -5.2645  99232.61   0.1   -585.64   0.2  30.05.2026  20:21:10
  5   6  10  11  $12    0.100    -6.7463  25433.03   0.0   -596.04   0.1  30.05.2026  20:21:14
  5   6  11  12  $12    0.100    13.7102  90451.12   0.0   -257.35   0.6  30.05.2026  20:21:16
  5   6  13  14  $12    0.001    -5.3970 8545473.71   0.9   -653.31   1.1  30.05.2026  20:21:24
  5   6  14  15  $12    0.010   -13.0222 2945558.23   0.0   -550.18   0.3  30.05.2026  20:21:28
  5   6  15  16  $12    0.100     4.4471 138312.94   0.3   -135.99   1.1  30.05.2026  20:21:32
  5   7   1   3  $12    0.010    13.4622  50751.18   0.1   -381.83   0.3  30.05.2026  20:21:37
  5   7   2   4  $12    0.010     4.9488   5830.17   0.5   -398.97   1.0  30.05.2026  20:21:39
  5   7   9  11  $12    0.010    10.5312  39701.77   0.0   -539.88   0.1  30.05.2026  20:21:41
  5   7  10  12  $12    0.010     1.4786  12193.61   0.7   -122.38   2.1  30.05.2026  20:21:46
  5   7  13  15  $12    0.001     9.6181 3625954.74   0.4   -462.93   0.4  30.05.2026  20:21:51
  5   7  14  16  $12    0.001     2.2099 1202818.11   0.4   -483.04   3.2  30.05.2026  20:21:53
  5   8   1   4  $12    0.100    20.2282   1977.08   0.2    689.53   0.0  30.05.2026  20:21:59
  5   8   6   7  $12    0.001     5.8414  36702.82   0.2   -576.93   0.8  30.05.2026  20:22:06
  5   8   9  12  $12    0.010    -5.4068   5284.49   0.3   -606.30   0.1  30.05.2026  20:22:10
  5   8  13  16  $12    0.001    -7.0339 1080332.61   0.9   -596.09   2.0  30.05.2026  20:22:15
  5   9   1  13  $12    0.001     3.7910  95277.46   0.8   -383.86   1.8  30.05.2026  20:22:17
  5   9   6  10  $12    0.001     6.3240  27091.97   0.2    115.74   0.8  30.05.2026  20:22:20
  5   9   7  11  $12    0.010    -9.5844  18066.23   0.3  -1207.42   0.5  30.05.2026  20:22:24
  5   9   8  12  $12    0.010     2.8047   3700.71   0.5   -176.46   1.1  30.05.2026  20:22:26
  5  10   6  11  $12    0.001     2.6684  10589.04   0.0    152.43   0.4  30.05.2026  20:22:30
  5  10   7  12  $12    0.001    -2.7945  33520.27   0.9   -774.94   1.6  30.05.2026  20:22:33
  5  11   6  12  $12    0.010    10.3927   3940.46   0.0    -68.99   0.5  30.05.2026  20:22:36
  5  13   6  14  $12    0.001    81.6895 293963.91   0.1    121.32   0.1  30.05.2026  20:22:42
  5  13   7  15  $12    0.001    15.2196 130401.54   0.3   -518.78   0.3  30.05.2026  20:22:44
  5  13   8  16  $12    0.010     5.0972   8523.19   0.0    347.54   0.1  30.05.2026  20:22:48
  5  14   6  15  $12    0.010    15.6916   5554.54   0.0     75.26   0.0  30.05.2026  20:22:50
  5  14   7  16  $12    0.010    12.5727  10309.72   0.5      6.86  33.2  30.05.2026  20:22:52
  5  15   7  16  $12    0.001    -2.7454  13433.45   0.5   -920.98   0.4  30.05.2026  20:22:57
  6   2   5   1  $12    0.001    20.9191  89617.10   0.1     29.82   0.5  30.05.2026  20:22:59
  6   2  10  14  $12    0.010     4.2843  32303.18   0.2    724.66   0.4  30.05.2026  20:23:03
  6   3   5   2  $12    0.001     9.2953  46723.03   0.0     38.40   0.9  30.05.2026  20:23:08
  6   4   5   3  $12    0.001     3.9554  37279.09   0.2     24.27   8.4  30.05.2026  20:23:10
  6   7   1   2  $12    0.010     7.7632 292666.58   0.0   -539.62   0.1  30.05.2026  20:23:13
  6   7   5   8  $12    0.001     5.2807  33179.52   0.5   -394.89   0.7  30.05.2026  20:23:18
  6   7   9  10  $12    0.010    14.7558 111256.22   0.0   -595.52   0.2  30.05.2026  20:23:22
  6   7  13  14  $12    0.001    12.3570 13043755.42   0.6   -517.20   0.8  30.05.2026  20:23:27
  6   8   1   3  $12    1.000    11.9945    989.15   0.1    398.90   0.5  30.05.2026  20:23:34
  6   8   2   4  $12    1.000    14.4615    545.18   0.0    108.33   0.9  30.05.2026  20:23:36
  6   8   9  11  $12    1.000     9.3298    109.91   0.1    478.95   0.2  30.05.2026  20:23:38
  6   8  10  12  $12    0.100     2.7182   1024.74   0.0      5.60  12.9  30.05.2026  20:23:43
  6   8  13  15  $12    0.100   -10.3870  25697.57   0.8   -534.22   1.5  30.05.2026  20:23:45
  6   8  14  16  $12    1.000    -9.6951   3654.98   0.2   -746.99   0.5  30.05.2026  20:23:49
  6  10   2  14  $12    0.100     9.5472   2399.48   0.1    553.35   1.3  30.05.2026  20:23:54
  6  10   5   9  $12    0.001     4.8572  20808.36   0.3     30.84   7.9  30.05.2026  20:24:01
  6  11   5  10  $12    0.001     2.3055   9148.81   0.7    -23.47  43.0  30.05.2026  20:24:03
  6  12   5  11  $12    0.010    10.2152   3873.16   0.0    -59.17   1.4  30.05.2026  20:24:07
  6  14   5  13  $12    0.001    80.8829 291061.27   0.0    125.65   0.1  30.05.2026  20:24:12
  6  15   5  14  $12    0.010    14.8176   5245.17   0.0     66.87   0.2  30.05.2026  20:24:16
  7   3   5   1  $12    0.010    14.9187  28121.14   0.0    730.34   0.0  30.05.2026  20:24:18
  7   3  11  15  $12    0.010     1.5469  11663.34   0.3    716.21   0.6  30.05.2026  20:24:23
  7   4   5   2  $12    0.010    -6.4409  20234.67   0.1  -1988.26   0.1  30.05.2026  20:24:25
  7   8   1   2  $12    0.010    -7.4663 492575.86   0.1   -546.52   0.2  30.05.2026  20:24:27
  7   8   9  10  $12    0.010   -14.7014  27711.48   0.0   -558.12   0.1  30.05.2026  20:24:29
  7   8  13  14  $12    0.001   -13.1253 8659196.01   0.9   -506.52   0.9  30.05.2026  20:24:34
  7  11   3  15  $12    0.010    -2.4508   6159.66   0.0   -856.83   0.2  30.05.2026  20:24:38
  7  11   5   9  $12    0.010   -11.7872  22218.38   0.1   -986.13   0.1  30.05.2026  20:24:40
  7  12   5  10  $12    0.001    -2.8188  33812.01   0.0   -715.15   1.0  30.05.2026  20:24:45
  7  15   5  13  $12    0.001    14.1777 121474.25   0.9   -442.06   0.0  30.05.2026  20:24:47
  7  16   5  14  $12    0.010     8.0063   6565.23   0.0    314.98   0.0  30.05.2026  20:24:51
  7  16   5  15  $12    0.001    -2.5435  12445.67   0.1   -897.60   0.3  30.05.2026  20:24:56
  8   4   5   1  $12    0.010     7.7389  10211.18   0.0    -67.34   1.2  30.05.2026  20:25:00
  8   4  12  16  $12    0.010     4.0600  30611.69   0.0    -20.88  11.3  30.05.2026  20:25:02
  7   8   5   6  $12    0.001    -4.1076  77425.97   0.0   -542.54   0.3  30.05.2026  20:25:06
  8  12   4  16  $12    0.100    11.8644   2981.85   0.0   -139.98   0.1  30.05.2026  20:25:12
  8  12   5   9  $12    0.010     2.9484   3890.26   0.5   -173.57   1.9  30.05.2026  20:25:17
  8  16   5  13  $12    0.010     4.6708   7810.22   0.5    620.98   4.5  30.05.2026  20:25:19
  9   1  10   2  $12    0.001    26.0918  93892.52   0.0     47.80   0.3  30.05.2026  20:25:24
  9   1  11   3  $12    0.001     3.6134  30959.60   0.1     56.70   1.3  30.05.2026  20:25:26
  9   1  12   4  $12    0.010     8.5740  14336.96   0.0     56.84   0.0  30.05.2026  20:25:30
  9   2  10   3  $12    0.001    13.6847  50331.98   0.0     74.56   0.1  30.05.2026  20:25:34
  9   2  11   4  $12    0.010    19.5594  17839.64   0.0     59.26   0.2  30.05.2026  20:25:38
  9   3  11   4  $12    0.001     3.7937  20286.65   0.0     44.79   0.6  30.05.2026  20:25:43
  9   5  10   6  $12    0.001     5.3835  23062.74   0.1     89.31   0.7  30.05.2026  20:25:45
  9   5  11   7  $12    0.010   -14.5124  27355.18   0.0   -959.74   0.1  30.05.2026  20:25:49
  9   5  12   8  $12    0.010     3.0248   3991.08   0.3   -211.51   2.8  30.05.2026  20:25:51
  9   5  13   1  $12    0.001     4.5818 115153.53   0.2   -363.50   2.0  30.05.2026  20:25:56
  9   6  10   7  $12    0.001     7.3169  36778.75   0.1    -76.16   4.4  30.05.2026  20:25:58
  9   6  11   8  $12    0.010     4.1382  13000.42   0.0    168.33   0.2  30.05.2026  20:26:02
  9   7  10   8  $12    0.001     6.2786  59174.80   0.0     65.36   0.3  30.05.2026  20:26:07
  9  10   1   2  $12    0.100    -8.7661 138799.39   0.1   -559.11   0.1  30.05.2026  20:26:12
  9  10   2   3  $12    0.100   -11.8822 125425.97   0.1   -616.42   0.3  30.05.2026  20:26:14
  9  10   3   4  $12    0.100     5.0684  33437.88   0.0   -552.76   0.4  30.05.2026  20:26:16
  9  10   5   6  $12    0.010    -4.3703  82378.00   0.1   -603.93   0.2  30.05.2026  20:26:21
  9  10   6   7  $12    0.010    12.5570  94677.31   0.6   -627.88   0.3  30.05.2026  20:26:23
  9  10   7   8  $12    0.010   -12.7891  24106.86   0.6   -642.60   1.2  30.05.2026  20:26:25
  9  10  12  11  $12    0.010    12.6713  23884.82   0.0    245.02   0.0  30.05.2026  20:26:27
  9  10  13  14  $12    0.010   -16.4577 310221.20   0.4   -650.37   0.1  30.05.2026  20:26:29
  9  10  14  15  $12    0.010    -4.3922 165582.04   0.2   -641.16   0.8  30.05.2026  20:26:31
  9  10  15  16  $12    0.100     1.4102   9303.38   0.0   -584.89   0.1  30.05.2026  20:26:38
  9  11   1   3  $12    0.100   -21.9531  82761.15   0.0   -598.00   0.0  30.05.2026  20:26:40
  9  11   2   4  $12    0.100    -7.8891  19517.78   0.2   -658.36   0.2  30.05.2026  20:26:42
  9  11   5   7  $12    0.010    10.1387  38222.03   0.1   -577.25   0.4  30.05.2026  20:26:47
  9  11   6   8  $12    0.100    -0.5040     59.38   1.1  -1718.82   0.9  30.05.2026  20:26:54
  9  11  13  15  $12    0.010   -21.6661  81679.33   0.4   -630.57   0.1  30.05.2026  20:26:59
  9  11  14  16  $12    0.010    -4.2630  35155.31   0.4   -719.81   0.4  30.05.2026  20:27:01
  9  12   1   4  $12    0.100   -14.7492  22653.08   0.3   -653.72   0.2  30.05.2026  20:27:04
  9  12   5   8  $12    0.010    -4.6844   4578.49   0.3   -641.50   0.2  30.05.2026  20:27:09
  9  12  10  11  $12    0.001     3.1559  19828.80   0.0     58.03   0.4  30.05.2026  20:27:14
  9  12  13  16  $12    0.001    -3.5813  35003.27   0.8  -1009.09   1.5  30.05.2026  20:27:17
  9  13   5   1  $12    0.001     4.7726 359845.60   0.0   -350.67   0.3  30.05.2026  20:27:19
  9  13  10  14  $12    0.001    95.7603 410236.23   0.0    113.77   0.1  30.05.2026  20:27:21
  9  13  11  15  $12    0.010    15.7976  29777.82   0.0    -40.01   0.0  30.05.2026  20:27:25
  9  13  12  16  $12    0.010    11.1594  14724.49   0.0   -184.23   0.1  30.05.2026  20:27:27
  9  14  10  15  $12    0.001     4.5561  18080.13   0.0     51.61   1.1  30.05.2026  20:27:32
  9  14  11  16  $12    0.010     9.9367  11919.27   0.0     31.74   0.1  30.05.2026  20:27:35
  9  15  10  16  $12    0.001     4.7467  17997.39   0.0     69.18   1.4  30.05.2026  20:27:40
 10   2   9   1  $12    0.001    26.0226  93643.76   0.0     43.66   0.9  30.05.2026  20:27:43
 10   3   9   2  $12    0.001    12.8342  47203.68   0.0     61.32   2.3  30.05.2026  20:27:45
 10   6   9   5  $12    0.001     4.2399  18163.61   0.0     52.47   4.7  30.05.2026  20:27:47
 10   6  14   2  $12    0.100     9.0577   2276.45   0.0    784.04   0.2  30.05.2026  20:27:52
 10   7   9   6  $12    0.001     5.9154  29734.02   0.1   -159.18   0.8  30.05.2026  20:28:01
 10   8   9   7  $12    0.001     5.2094  49097.12   0.6     42.93  10.3  30.05.2026  20:28:03
 10  11   1   2  $12    0.100    -2.5103  56782.26   0.0   -551.03   0.2  30.05.2026  20:28:08
 10  11   5   6  $12    0.100   -11.7102  44146.29   0.1   -610.80   0.3  30.05.2026  20:28:10
 10  11   9  12  $12    0.001     3.4257  21524.05   0.1     76.97   0.7  30.05.2026  20:28:18
 10  11  13  14  $12    0.010    -1.9001  14326.46   0.7  -2011.09   1.5  30.05.2026  20:28:22
 10  12   1   3  $12    0.100    -0.5786   3149.10   2.6  -1844.36   2.2  30.05.2026  20:28:32
 10  12   2   4  $12    1.000    16.3635   6168.89   0.4   -473.66   2.8  30.05.2026  20:28:36
 10  12   5   7  $12    0.100     8.9063   7344.73   0.8   -125.10   7.2  30.05.2026  20:28:42
 10  12   6   8  $12    0.100     3.1236   1177.57   0.4     68.37   2.5  30.05.2026  20:28:44
 10  12  13  15  $12    0.100    22.5655   2658.44   0.0    445.65   0.5  30.05.2026  20:28:46
 10  12  14  16  $12    0.100    11.9291   4497.17   0.0    206.65   0.7  30.05.2026  20:28:48
 10  14   6   2  $12    0.010     3.4166  25760.20   0.1    805.60   0.5  30.05.2026  20:28:53
 10  14   9  13  $12    0.001    74.8099 320484.82   0.1     86.89   0.4  30.05.2026  20:28:58
 10  15   9  14  $12    0.001     4.5450  18036.22   0.6      4.32 275.6  30.05.2026  20:29:00
 10  16   9  15  $12    0.001     4.4088  16716.26   0.7     40.20  11.2  30.05.2026  20:29:02
 11   3   9   1  $12    0.001     3.7592  32208.82   0.1     58.28   3.5  30.05.2026  20:29:04
 11   4   9   2  $12    0.010    18.0922  16501.41   0.0     41.35   0.3  30.05.2026  20:29:08
 11   4   9   3  $12    0.001     3.7290  19940.53   0.0     40.98   1.7  30.05.2026  20:29:13
 11   7   9   5  $12    0.010   -12.6677  23877.99   0.7   -763.31   0.2  30.05.2026  20:29:16
 11   7  15   3  $12    0.010    -2.7921   7017.39   0.5   -784.78   0.3  30.05.2026  20:29:18
 11   8   9   6  $12    0.010     3.8817  12194.77   0.3    113.40   7.1  30.05.2026  20:29:20
 11  12   1   2  $12    1.000    10.4178  32401.07   0.2   -468.96   0.6  30.05.2026  20:29:26
 11  12   5   6  $12    0.100     7.0229  46332.54   0.3   -474.75   1.5  30.05.2026  20:29:31
 11  12  13  14  $12    0.100    13.0627   2462.25   0.4   -539.82   0.1  30.05.2026  20:29:33
 11  15   7   3  $12    0.100    11.2097   8451.94   0.1   1816.03   0.4  30.05.2026  20:29:35
 11  15   9  13  $12    0.010    15.3558  28944.94   0.0   -179.45   0.3  30.05.2026  20:29:40
 11  16   9  14  $12    0.010     9.5763  11486.91   0.0     27.99   1.6  30.05.2026  20:29:42
 12   4   9   1  $12    0.010     8.1364  13605.26   0.0     50.78   1.1  30.05.2026  20:29:44
 12   8   9   5  $12    0.010     2.9729   3922.60   0.2   -193.90   3.6  30.05.2026  20:29:46
 12   8  16   4  $12    0.100    11.1202   2794.80   0.0   -154.27   0.6  30.05.2026  20:29:50
 12  11   9  10  $12    0.010     8.3537  15746.40   0.1    144.38   0.5  30.05.2026  20:29:55
 12  16   8   4  $12    0.010     4.0883  30825.17   0.3    -25.42  12.8  30.05.2026  20:29:57
 12  16   9  13  $12    0.010    11.6226  15335.70   0.5   -293.53   1.0  30.05.2026  20:29:59
 13   1   9   5  $12    0.001     4.3123 108380.43   0.0   -390.75   0.5  30.05.2026  20:30:04
 13   1  14   2  $12    0.001   104.7398 359191.60   0.0     83.32   0.2  30.05.2026  20:30:06
 13   1  15   3  $12    0.001     3.5055  26582.48   0.0    -41.52   0.3  30.05.2026  20:30:08
 13   1  16   4  $12    0.010    17.7475  22809.03   0.0   -259.03   0.0  30.05.2026  20:30:12
 13   2  14   3  $12    0.001    89.8524 310766.59   0.0    110.00   0.3  30.05.2026  20:30:17
 13   2  15   4  $12    0.001     3.0224  23387.68   0.3   -189.43   1.9  30.05.2026  20:30:19
 13   3  14   4  $12    0.001    88.0152 307576.21   0.0    113.25   0.1  30.05.2026  20:30:21
 13   5  14   6  $12    0.001    87.6257 315325.43   0.0    109.72   0.0  30.05.2026  20:30:24
 13   5  15   7  $12    0.001    16.7532 143540.68   0.3   -537.75   1.0  30.05.2026  20:30:26
 13   5  16   8  $12    0.010     5.3677   8975.50   0.1    320.40   0.2  30.05.2026  20:30:29
 13   6  14   7  $12    0.001   103.6657 381278.53   0.0    -16.27   1.9  30.05.2026  20:30:35
 13   6  15   8  $12    0.010     9.3898   8564.23   0.0    169.06   0.0  30.05.2026  20:30:38
 13   7  15   8  $12    0.010    20.2559  10831.61   0.0    141.40   0.0  30.05.2026  20:30:41
 13   9   1   5  $12    0.001     4.1662 314125.97   0.0   -325.18   0.4  30.05.2026  20:30:45
 13   9  14  10  $12    0.001    87.5174 374923.78   0.0    112.29   0.1  30.05.2026  20:30:48
 13   9  15  11  $12    0.010    15.7637  29713.96   0.0    -53.84   0.7  30.05.2026  20:30:52
 13   9  16  12  $12    0.010     9.2046  12145.21   0.6    104.51   9.2  30.05.2026  20:30:54
 13  10  14  11  $12    0.001    85.8634 431596.55   0.0    119.83   0.2  30.05.2026  20:30:59
 13  10  15  12  $12    0.010    18.0650  56752.81   0.0   -157.03   0.0  30.05.2026  20:31:03
 13  11  14  12  $12    0.001    85.6156 806908.25   0.0    116.48   0.1  30.05.2026  20:31:08
 13  14   1   2  $12    0.010    -7.9989 4312168.62   0.0   -743.49   0.1  30.05.2026  20:31:12
 13  14   2   3  $12    0.010   -10.5241 4364231.41   0.0   -838.38   0.2  30.05.2026  20:31:14
 13  14   3   4  $12    0.010     8.7910 2734160.08   0.0   -326.25   0.5  30.05.2026  20:31:16
 13  14   5   6  $12    0.001    -5.4620 8648309.09   0.0   -559.49   0.1  30.05.2026  20:31:21
 13  14   6   7  $12    0.001    15.4684 16328105.17   0.1   -555.69   0.3  30.05.2026  20:31:23
 13  14   7   8  $12    0.001   -15.8404 10450470.84   0.0   -558.92   0.2  30.05.2026  20:31:25
 13  14   9  10  $12    0.010   -18.9781 357728.77   0.0   -581.97   0.0  30.05.2026  20:31:29
 13  14  10  11  $12    0.010    -0.4779   3603.16   0.7  -5445.76   0.1  30.05.2026  20:31:31
 13  14  11  12  $12    0.010     2.4019   4527.40   0.1   -697.95   0.1  30.05.2026  20:31:33
 13  14  16  15  $12    0.010    -0.8625   1625.75   0.1  -1210.02   0.2  30.05.2026  20:31:38
 13  15   1   3  $12    0.010   -19.3540 2553702.30   0.0   -770.18   0.1  30.05.2026  20:31:40
 13  15   2   4  $12    0.010     1.0853 109707.96   0.7   6418.00   0.8  30.05.2026  20:31:42
 13  15   5   7  $12    0.001    12.5921 4747099.57   0.0   -565.11   0.2  30.05.2026  20:31:47
 13  15   6   8  $12    0.010    -2.2661  56063.88   0.0   -408.80   0.0  30.05.2026  20:31:51
 13  15   9  11  $12    0.010   -20.1324  75897.52   0.1   -698.39   0.3  30.05.2026  20:31:53
 13  15  10  12  $12    0.010     5.0051   5896.49   0.0    114.52   1.9  30.05.2026  20:31:55
 13  16   1   4  $12    0.010    -8.9668 507057.85   0.3  -1472.22   0.3  30.05.2026  20:31:57
 13  16   5   8  $12    0.001    -7.1100 1092025.08   0.0   -579.68   0.2  30.05.2026  20:32:01
 13  16   9  12  $12    0.001    -2.0792  20321.46   0.9   -734.91   1.2  30.05.2026  20:32:03
 13  16  14  15  $12    0.001    78.6255 494018.82   0.0    114.35   0.2  30.05.2026  20:32:06
 14   2  10   6  $12    0.100    12.9557   3256.12   0.0    321.66   0.2  30.05.2026  20:32:12
 14   2  13   1  $12    0.001    87.0587 298556.71   0.1     37.01   1.4  30.05.2026  20:32:20
 14   3  13   2  $12    0.001    73.4576 254062.97   0.0     61.96   0.8  30.05.2026  20:32:22
 14   4  13   3  $12    0.001    69.3619 242390.64   0.1     75.70   0.0  30.05.2026  20:32:25
 14   6  13   5  $12    0.001    69.4816 250033.16   0.0     82.55   0.8  30.05.2026  20:32:27
 14   7  13   6  $12    0.001    88.1862 324345.60   0.0    -40.44   4.5  30.05.2026  20:32:29
 14  10   2   6  $12    0.010     3.5747  26952.35   0.0    915.08   0.1  30.05.2026  20:32:33
 14  10  13   9  $12    0.001    75.7582 324547.45   0.1    113.10   0.1  30.05.2026  20:32:38
 14  11  13  10  $12    0.001    73.9012 371467.85   0.0    132.74   0.3  30.05.2026  20:32:41
 14  12  13  11  $12    0.001    73.1101 689046.52   0.1    125.19   0.5  30.05.2026  20:32:43
 14  15   1   2  $12    0.010    -5.2424 3596939.65   0.0   -424.19   0.2  30.05.2026  20:32:48
 14  15   5   6  $12    0.010   -15.6995 3551145.91   0.1   -655.18   0.2  30.05.2026  20:32:50
 14  15   9  10  $12    0.010    -5.2575 198204.49   0.3   -676.55   0.5  30.05.2026  20:32:52
 14  15  13  16  $12    0.001    73.1022 459314.44   0.1    138.81   0.4  30.05.2026  20:32:57
 14  16   1   3  $12    0.010    -7.6569 1289933.84   0.1   -610.84   0.4  30.05.2026  20:33:01
 14  16   2   4  $12    0.010     2.9791 393080.95   0.3    591.00   0.4  30.05.2026  20:33:03
 14  16   5   7  $12    0.001     2.8403 1545917.42   0.6   -629.63   1.6  30.05.2026  20:33:08
 14  16   6   8  $12    0.100    -3.7024  13957.73   0.2   -372.34   1.5  30.05.2026  20:33:13
 14  16   9  11  $12    0.100   -19.5214  16098.66   0.2   -901.22   0.2  30.05.2026  20:33:15
 14  16  10  12  $12    0.100    14.9623   5640.65   0.3     55.14   1.9  30.05.2026  20:33:17
 15   3  11   7  $12    0.010    -2.9360   7378.95   0.9   -779.91   0.8  30.05.2026  20:33:24
 15   3  13   1  $12    0.001     3.5682  27058.38   0.1    -20.07   4.9  30.05.2026  20:33:29
 15   4  13   2  $12    0.001     3.1296  24217.93   0.3   -201.88   3.5  30.05.2026  20:33:32
 15   7  13   5  $12    0.001    15.9170 136376.71   0.0   -463.83   0.1  30.05.2026  20:33:33
 15   8  13   6  $12    0.010    10.0991   9211.11   0.0    120.11   3.8  30.05.2026  20:33:37
 15   8  13   7  $12    0.010    20.7373  11089.02   0.0     53.54   0.3  30.05.2026  20:33:39
 15  11   3   7  $12    0.010     0.7751   5843.91   1.9   3128.31   2.4  30.05.2026  20:33:46
 15  11  13   9  $12    0.010    16.5571  31209.37   0.0   -175.07   1.1  30.05.2026  20:33:48
 15  12  13  10  $12    0.010    18.3114  57526.96   0.1   -273.38   0.7  30.05.2026  20:33:50
 15  16   1   2  $12    1.000    13.0117 111595.07   0.0   -363.62   0.1  30.05.2026  20:33:55
 15  16   5   6  $12    0.100     4.4960 139833.30   0.3   -570.98   1.3  30.05.2026  20:34:00
 15  16   9  10  $12    1.000    13.2038   8711.00   0.3   -514.29   0.6  30.05.2026  20:34:04
 16   4  12   8  $12    0.100    10.5463   2650.57   0.3   -108.43   1.9  30.05.2026  20:34:09
 16   4  13   1  $12    0.010    16.4975  21202.58   0.0   -274.16   2.4  30.05.2026  20:34:14
 16   8  13   5  $12    0.010     4.6850   7833.98   0.7    467.37   1.7  30.05.2026  20:34:16
 16  12   4   8  $12    0.010     4.0735  30713.61   0.3    -16.28  25.6  30.05.2026  20:34:18
 16  12  13   9  $12    0.010    11.2437  14835.71   0.4   -270.35   1.2  30.05.2026  20:34:20
 16  15  13  14  $12    0.100   -11.2157   2114.10   0.4  -1101.33   0.4  30.05.2026  20:34:23
