//C:\Users\user\Desktop\GeoTom\GeoTomE724.ini
//- Cable direction:
//  cable I: normal
//  cable II: normal
//  cable III: normal
//  cable IV: normal
//- Cable arrangement: sequential
//- Optimization: Last measurement
//- Sorting: Multi-level
//- Current levels: 0.001 mA .. 50.0 mA
Type:         Flow
Name:         Hyprop
Comment:      Example of a measurements sequence
Comment:      
Comment:      
Spacing:      1.00000
First El:     0.00000
Nr of points: 312
IP present:   1

  1   2   4   3  $12    0.001     7.9258 149397.62   0.0     27.59   0.6  31.05.2026  11:15:08
  1   2   5   6  $12    0.010    -3.0543  57572.62   0.2   -961.69   0.6  31.05.2026  11:15:12
  1   2   6   7  $12    0.010    20.2360 762880.98   0.0   -406.98   0.0  31.05.2026  11:15:14
  1   2   7   8  $12    0.010   -20.8954 1378541.70   0.3   -420.02   0.9  31.05.2026  11:15:16
  1   2   9  10  $12    0.100   -16.2378 257103.87   0.4   -535.91   0.0  31.05.2026  11:15:20
  1   2  10  11  $12    0.100    -8.8951 201202.84   0.3   -403.06   0.3  31.05.2026  11:15:22
  1   2  11  12  $12    0.100     3.9557 123028.49   0.1   -420.25   0.1  31.05.2026  11:15:24
  1   2  13  14  $12    0.010   -15.6038 8411982.68   0.3   -228.76   0.4  31.05.2026  11:15:29
  1   2  14  15  $12    0.010    -6.6117 4536422.71   0.0   -183.42   1.8  31.05.2026  11:15:31
  1   2  15  16  $12    0.100     2.5402 217865.24   0.1   -617.36   0.0  31.05.2026  11:15:34
  1   3   5   7  $12    0.001     4.3230 162972.00   0.3   -629.80   1.6  31.05.2026  11:15:42
  1   3   6   8  $12    0.100    -1.5895   1310.81   0.4   -913.98   0.4  31.05.2026  11:15:51
  1   3   9  11  $12    0.010    -5.0919 191961.66   0.0   -522.23   0.0  31.05.2026  11:15:55
  1   3  10  12  $12    0.100    -8.1784  44513.37   0.0   -365.38   0.1  31.05.2026  11:15:59
  1   3  13  15  $12    0.001    -7.9129 10440854.57   0.2   -742.62   0.7  31.05.2026  11:16:07
  1   3  14  16  $12    0.010   -10.5866 1783495.72   0.0   -260.84   0.4  31.05.2026  11:16:11
  1   4   2   3  $12    0.001    20.2721 127373.65   0.0      7.33   4.0  31.05.2026  11:16:16
  1   4   5   8  $12    0.010    -3.4793   3400.63   0.3  -1250.56   1.0  31.05.2026  11:16:19
  1   4   9  12  $12    0.010    -3.1948  49069.10   0.3   -577.48   0.3  31.05.2026  11:16:21
  1   4  13  16  $12    0.010   -21.0465 1190150.71   0.6   -617.96   0.8  31.05.2026  11:16:23
  1   5   2   6  $12    0.001    22.9757  98427.63   0.0      4.38   9.5  31.05.2026  11:16:28
  1   5   3   7  $12    0.001     0.0611   1150.95  15.0  38934.48  16.0  31.05.2026  11:16:32
  1   5   4   8  $12    0.010    13.8032  18212.91   0.0    -85.23   0.7  31.05.2026  11:16:36
  1   5  13   9  $12    0.001     7.2408 545943.67   0.6   -141.15   2.3  31.05.2026  11:16:42
  1   6   2   7  $12    0.001    28.8293 114403.91   0.0    -88.97   0.2  31.05.2026  11:16:44
  1   6   3   8  $12    0.001     5.0238  60260.81   0.1     63.18   2.4  31.05.2026  11:16:46
  1   7   2   8  $12    0.001    29.7405 112763.51   0.0     -1.52   8.5  31.05.2026  11:16:49
  1   9   2  10  $12    0.001    35.2072 126694.81   0.0     42.09   0.3  31.05.2026  11:16:51
  1   9   3  11  $12    0.001     5.8417  50051.55   0.1     53.30   2.0  31.05.2026  11:16:53
  1   9   4  12  $12    0.010    14.1016  23579.88   0.0     42.36   0.3  31.05.2026  11:16:57
  1  10   2  11  $12    0.001    27.3045  96652.96   0.0     59.50   0.2  31.05.2026  11:17:02
  1  10   3  12  $12    0.001     5.8809  48224.24   0.1     47.37   5.0  31.05.2026  11:17:04
  1  11   3  12  $12    0.001     6.1055  29874.98   0.0     52.31   0.9  31.05.2026  11:17:06
  1  13   2  14  $12    0.001   126.9267 435278.92   0.0     85.48   0.0  31.05.2026  11:17:08
  1  13   3  15  $12    0.001     5.9416  45056.09   0.0    -67.73   0.4  31.05.2026  11:17:10
  1  13   4  16  $12    0.001     3.7076  47650.37   0.2   -311.08   0.8  31.05.2026  11:17:12
  1  13   5   9  $12    0.001     7.1250 179071.35   0.0   -393.93   0.5  31.05.2026  11:17:14
  1  14   2  15  $12    0.001    24.2839  82688.59   0.0     24.31   1.5  31.05.2026  11:17:17
  1  14   3  16  $12    0.001     4.8485  36162.00   0.2     40.12   6.4  31.05.2026  11:17:19
  1  15   2  16  $12    0.001    24.2271  81998.76   0.0     43.49   0.8  31.05.2026  11:17:21
  2   3   1   4  $12    0.001    21.6037 135739.88   0.0     35.03   1.4  31.05.2026  11:17:23
  2   3   5   6  $12    0.010    -4.0126  30254.58   0.0   -883.55   1.2  31.05.2026  11:17:27
  2   3   9  10  $12    0.010    -2.0690 218399.91   0.6   -599.18   0.9  31.05.2026  11:17:29
  2   3  13  14  $12    0.010   -22.2864 9241959.83   0.1   -428.51   0.5  31.05.2026  11:17:31
  2   4   5   7  $12    0.010     8.3411   9826.62   0.2   -526.09   0.4  31.05.2026  11:17:33
  2   4   6   8  $12    0.100    -0.6751    254.50   0.6    348.08   0.5  31.05.2026  11:17:40
  2   4   9  11  $12    0.100   -14.3643  35537.35   0.0   -552.94   0.1  31.05.2026  11:17:42
  2   4  10  12  $12    0.100    -2.5087   9457.47   0.2   -548.37   0.4  31.05.2026  11:17:44
  2   4  13  15  $12    0.010     3.7112 375133.50   0.5   1277.39   1.2  31.05.2026  11:17:49
  2   4  14  16  $12    0.010     4.0472 534021.94   0.1    280.28   0.2  31.05.2026  11:17:51
  2   6   1   5  $12    0.001    23.6573 101347.74   0.0    -16.40   1.4  31.05.2026  11:17:57
  2   6  14  10  $12    0.010     6.6134  49863.52   0.1    424.93   0.2  31.05.2026  11:18:00
  2   7   1   6  $12    0.001    27.2028 107949.45   0.0    -66.81   1.8  31.05.2026  11:18:06
  2   8   1   7  $12    0.001    29.9668 113621.26   0.3    -38.32   0.7  31.05.2026  11:18:08
  2  10   1   9  $12    0.001    33.6913 121239.84   0.0     38.62   0.1  31.05.2026  11:18:11
  2  11   1  10  $12    0.001    26.7543  94705.57   0.0     55.84   0.5  31.05.2026  11:18:13
  2  14   1  13  $12    0.001   125.5285 430484.00   0.0    110.47   0.3  31.05.2026  11:18:16
  2  14   6  10  $12    0.100    16.3566   4110.87   0.0    492.17   0.0  31.05.2026  11:18:21
  2  15   1  14  $12    0.001    23.3693  79574.24   0.0     11.72   0.3  31.05.2026  11:18:29
  2  16   1  15  $12    0.001    23.2180  78583.42   0.0     33.92   1.7  31.05.2026  11:18:31
  3   4   5   6  $12    0.010     3.5769   6742.30   0.3   -565.93   1.1  31.05.2026  11:18:40
  3   4   9  10  $12    0.100     8.6069  56782.89   0.2   -590.19   0.1  31.05.2026  11:18:43
  3   4  13  14  $12    0.010    19.3197 6008764.38   0.9   -177.93   2.0  31.05.2026  11:18:48
  3   7   1   5  $12    0.010    17.9389  33814.11   0.1    915.10   0.0  31.05.2026  11:18:50
  3   7  15  11  $12    0.010     2.2481  16950.62   0.8    254.47   5.5  31.05.2026  11:18:53
  3   8   1   6  $12    0.001     5.1478  61748.91   0.1     64.75   2.4  31.05.2026  11:18:58
  3  11   1   9  $12    0.001     5.8994  50546.07   0.0     57.97   0.2  31.05.2026  11:19:00
  3  12   1  10  $12    0.001     5.9744  48990.79   0.1     51.44   2.0  31.05.2026  11:19:02
  3  12   1  11  $12    0.001     6.1381  30034.44   0.0     54.71   2.6  31.05.2026  11:19:04
  3  15   1  13  $12    0.001     5.5953  42430.26   0.2     -8.74 139.8  31.05.2026  11:19:06
  3  15   7  11  $12    0.010    -4.6349  11648.82   0.2  -1302.80   0.5  31.05.2026  11:19:10
  3  16   1  14  $12    0.001     4.8946  36506.05   0.1     47.71   0.4  31.05.2026  11:19:15
  3   4   1   2  $12    0.001    -6.4504 121586.77   0.1     45.05   4.1  31.05.2026  11:19:17
  4   8   1   5  $12    0.010    14.0151  18492.46   0.0    -87.59   0.5  31.05.2026  11:19:20
  4   8  16  12  $12    0.010     5.6948  42937.75   0.1    -18.74  12.9  31.05.2026  11:19:22
  4  12   1   9  $12    0.010    13.8421  23145.95   0.0     47.78   0.2  31.05.2026  11:19:24
  4  16   1  13  $12    0.001     3.2577  41868.33   0.2   -213.85   1.2  31.05.2026  11:19:30
  4  16   8  12  $12    0.100    16.9272   4254.26   0.0   -147.46   0.5  31.05.2026  11:19:35
  5   1   6   2  $12    0.001    21.6078  92567.47   0.0     15.79   2.8  31.05.2026  11:19:43
  5   1   7   3  $12    0.010    19.6227  36987.92   0.2    897.15   0.2  31.05.2026  11:19:47
  5   1   8   4  $12    0.010    14.0105  18486.45   0.0    -44.93   1.0  31.05.2026  11:19:49
  5   1   9  13  $12    0.001     5.6736 427777.56   0.3   -131.29   1.1  31.05.2026  11:19:54
  5   2   6   3  $12    0.001    14.5303  73037.41   0.0     33.71   1.5  31.05.2026  11:19:56
  5   2   7   4  $12    0.001    -2.1522  67614.15   0.7  -1103.62   0.9  31.05.2026  11:19:59
  5   3   6   4  $12    0.001     7.5006  70691.72   0.1      4.30  22.5  31.05.2026  11:20:01
  5   6   1   2  $12    0.010    -2.5712  48465.15   0.1   -943.01   0.3  31.05.2026  11:20:05
  5   6   2   3  $12    0.010    -3.1393  23670.04   0.0   -950.10   0.7  31.05.2026  11:20:07
  5   6   3   4  $12    0.010     3.1832   6000.11   0.0   -565.53   0.6  31.05.2026  11:20:09
  5   6   7   8  $12    0.001    -8.1892 154362.09   0.9   -446.93   0.8  31.05.2026  11:20:14
  5   6   9  10  $12    0.010    -7.9681 150194.81   0.0   -597.42   0.1  31.05.2026  11:20:17
  5   6  10  11  $12    0.010    -4.2940 161879.72   0.2   -515.89   0.3  31.05.2026  11:20:19
  5   6  11  12  $12    0.010     2.1731 143367.52   0.1   -499.22   0.6  31.05.2026  11:20:21
  5   6  13  14  $12    0.001    -9.1615 14505993.27   0.0   -293.13   2.2  31.05.2026  11:20:26
  5   6  14  15  $12    0.010   -16.1058 3643040.25   0.1   -533.92   0.3  31.05.2026  11:20:30
  5   6  15  16  $12    0.100    10.8200 336522.64   0.0   -427.63   0.0  31.05.2026  11:20:34
  5   7   1   3  $12    0.001     3.2305 121787.84   0.1   -408.77   0.9  31.05.2026  11:20:42
  5   7   2   4  $12    0.010     5.4910   6468.88   0.0   -563.74   0.1  31.05.2026  11:20:46
  5   7   9  11  $12    0.001     3.4475 129969.13   0.2   -476.74   0.4  31.05.2026  11:20:50
  5   7  10  12  $12    0.010     8.4574  69745.13   0.3   -181.35   2.0  31.05.2026  11:20:54
  5   7  13  15  $12    0.001    27.0599 10201329.63   0.0   -233.41   0.1  31.05.2026  11:21:00
  5   7  14  16  $12    0.001     4.2670 2322457.86   0.1   -447.50   0.1  31.05.2026  11:21:02
  5   8   1   4  $12    0.010    -2.7854   2722.40   0.3  -1451.45   0.1  31.05.2026  11:21:06
  5   8   6   7  $12    0.001    12.6928  79751.31   0.3   -220.24   5.3  31.05.2026  11:21:11
  5   8   9  12  $12    0.010    -9.7727   9551.72   0.2   -634.00   0.1  31.05.2026  11:21:15
  5   8  13  16  $12    0.001   -11.0262 1693507.23   0.2   -327.98   0.2  31.05.2026  11:21:20
  5   9   1  13  $12    0.001     5.4446 136837.31   0.7   -243.71   6.0  31.05.2026  11:21:22
  5   9   6  10  $12    0.001    12.3934  53093.05   0.0     77.26   1.2  31.05.2026  11:21:24
  5   9   7  11  $12    0.001    -2.2033  41532.13   1.2   -862.74   1.8  31.05.2026  11:21:31
  5   9   8  12  $12    0.010     4.0154   5298.21   0.1   -192.83   0.5  31.05.2026  11:21:35
  5  10   6  11  $12    0.001     4.9085  19478.41   0.1    150.19   0.5  31.05.2026  11:21:40
  5  10   7  12  $12    0.001    -5.7388  68838.35   0.4   -679.16   0.3  31.05.2026  11:21:42
  5  11   6  12  $12    0.010    16.1324   6116.72   0.0    -65.94   0.8  31.05.2026  11:21:45
  5  13   6  14  $12    0.001    87.7965 315940.38   0.0    120.27   0.0  31.05.2026  11:21:51
  5  13   7  15  $12    0.001    39.8808 341697.60   0.0   -394.67   0.2  31.05.2026  11:21:53
  5  13   8  16  $12    0.010     5.4441   9103.34   0.0    544.99   0.0  31.05.2026  11:21:57
  5  14   6  15  $12    0.010    21.2837   7534.04   0.0    103.54   0.0  31.05.2026  11:21:59
  5  14   7  16  $12    0.010    -7.9981   6558.50   0.0  -1495.63   0.0  31.05.2026  11:22:01
  5  15   7  16  $12    0.001    -7.4338  36374.33   0.8   -601.50   0.4  31.05.2026  11:22:06
  6   2   5   1  $12    0.001    24.4233 104629.32   0.0     30.18   3.5  31.05.2026  11:22:09
  6   2  10  14  $12    0.010     6.6291  49982.51   0.0    404.42   0.0  31.05.2026  11:22:12
  6   3   5   2  $12    0.001    14.9214  75003.24   0.0     36.09   0.5  31.05.2026  11:22:17
  6   4   5   3  $12    0.001     7.3433  69208.64   0.0     12.33  26.9  31.05.2026  11:22:19
  6   7   1   2  $12    0.001     2.4070 907408.14   0.0   -459.18   0.2  31.05.2026  11:22:21
  6   7   5   8  $12    0.001    14.1377  88829.81   0.1   -249.11   2.2  31.05.2026  11:22:23
  6   7   9  10  $12    0.001     3.2556 245464.77   0.1   -547.04   0.4  31.05.2026  11:22:25
  6   7  13  14  $12    0.001    35.9622 37960843.27   0.5   -304.85   0.5  31.05.2026  11:22:27
  6   8   1   3  $12    1.000     9.8832    815.04   0.4    795.77   0.8  31.05.2026  11:22:35
  6   8   2   4  $12    1.000    14.1699    534.19   0.1     84.02   1.0  31.05.2026  11:22:37
  6   8   9  11  $12    1.000     5.6804     66.92   0.4   1545.79   0.5  31.05.2026  11:22:39
  6   8  10  12  $12    0.100     2.9947   1128.97   0.1     50.81   2.2  31.05.2026  11:22:44
  6   8  13  15  $12    0.100   -21.3619  52849.34   0.7   -371.25   0.5  31.05.2026  11:22:46
  6   8  14  16  $12    0.100    -2.0469   7716.64   0.2   -525.19   2.4  31.05.2026  11:22:48
  6  10   2  14  $12    0.100    12.6747   3185.50   0.1    754.70   0.3  31.05.2026  11:22:50
  6  10   5   9  $12    0.001    10.6080  45444.57   0.0     24.35   1.4  31.05.2026  11:22:58
  6  11   5  10  $12    0.001     4.6969  18638.84   0.0     37.48   7.7  31.05.2026  11:23:00
  6  12   5  11  $12    0.010    16.0826   6097.84   0.0    -77.38   3.3  31.05.2026  11:23:04
  6  14   5  13  $12    0.001    89.2443 321150.06   0.0    136.02   0.1  31.05.2026  11:23:09
  6  15   5  14  $12    0.001     2.2666   8023.29   0.5     67.10   5.7  31.05.2026  11:23:11
  7   3   5   1  $12    0.001     1.6418  30947.87   0.2   1382.85   0.4  31.05.2026  11:23:13
  7   3  11  15  $12    0.010     0.2267   1709.26   2.4  12922.91   2.3  31.05.2026  11:23:23
  7   4   5   2  $12    0.010   -19.0580  59872.51   0.0  -1194.23   0.1  31.05.2026  11:23:25
  7   8   1   2  $12    0.010   -15.3546 1012995.37   0.0   -460.59   0.0  31.05.2026  11:23:27
  7   8   9  10  $12    0.001    -3.1563  59494.29   0.1   -520.48   0.5  31.05.2026  11:23:32
  7   8  13  14  $12    0.001   -35.1751 23206227.48   0.8   -271.20   0.2  31.05.2026  11:23:35
  7  11   3  15  $12    0.010    -4.8865  12281.10   0.1   -987.85   0.1  31.05.2026  11:23:38
  7  11   5   9  $12    0.010   -22.3712  42168.80   0.0   -789.23   0.1  31.05.2026  11:23:40
  7  12   5  10  $12    0.001    -5.5112  66107.50   0.0   -647.40   0.7  31.05.2026  11:23:45
  7  15   5  13  $12    0.001    35.0344 300173.90   0.0   -222.76   0.2  31.05.2026  11:23:48
  7  16   5  14  $12    0.010   -19.3620  15877.01   0.1   -847.65   0.2  31.05.2026  11:23:52
  7  16   5  15  $12    0.001    -7.0617  34553.81   0.1   -659.92   0.2  31.05.2026  11:23:56
  8   4   5   1  $12    0.010    14.0336  18516.91   0.0    -66.82   0.7  31.05.2026  11:24:00
  8   4  12  16  $12    0.010     5.6682  42736.91   0.1    -22.38   4.2  31.05.2026  11:24:02
  7   8   5   6  $12    0.001    -9.0937 171412.24   0.0   -493.97   0.2  31.05.2026  11:24:07
  8  12   4  16  $12    0.100    17.5582   4412.86   0.0   -213.65   0.1  31.05.2026  11:24:12
  8  12   5   9  $12    0.010     4.3599   5752.76   0.0   -237.08   0.1  31.05.2026  11:24:17
  8  16   5  13  $12    0.010     4.2596   7122.61   0.3   1425.38   0.1  31.05.2026  11:24:20
  9   1  10   2  $12    0.001    35.0476 126120.51   0.0     47.42   0.0  31.05.2026  11:24:25
  9   1  11   3  $12    0.001     6.3059  54028.62   0.0     56.51   2.8  31.05.2026  11:24:27
  9   1  12   4  $12    0.010    15.4785  25882.23   0.0     58.33   0.2  31.05.2026  11:24:31
  9   2  10   3  $12    0.001    24.8772  91497.44   0.0     65.79   0.8  31.05.2026  11:24:36
  9   2  11   4  $12    0.001     3.5876  32721.59   0.0     53.59   3.9  31.05.2026  11:24:38
  9   3  11   4  $12    0.001     7.2662  38855.12   0.0     39.26   2.2  31.05.2026  11:24:40
  9   5  10   6  $12    0.001    11.3839  48768.56   0.1     65.21   1.7  31.05.2026  11:24:42
  9   5  11   7  $12    0.001    -2.9677  55939.91   0.2   -729.29   1.0  31.05.2026  11:24:44
  9   5  12   8  $12    0.010     4.2527   5611.31   0.0   -209.18   0.6  31.05.2026  11:24:48
  9   5  13   1  $12    0.001     6.3357 159233.21   0.9   -215.98   3.1  31.05.2026  11:24:52
  9   6  10   7  $12    0.001    16.1817  81337.90   0.1    -90.20   1.5  31.05.2026  11:24:54
  9   6  11   8  $12    0.010     5.7777  18151.16   0.0    226.79   0.3  31.05.2026  11:24:58
  9   7  10   8  $12    0.001    15.9186 150029.19   0.0     60.14   0.5  31.05.2026  11:25:03
  9  10   1   2  $12    0.010    -2.0240 320473.72   0.6   -632.06   1.1  31.05.2026  11:25:07
  9  10   2   3  $12    0.100   -11.7179 123691.04   0.6   -566.52   0.2  31.05.2026  11:25:10
  9  10   3   4  $12    0.100     6.3906  42161.11   0.5   -538.16   0.3  31.05.2026  11:25:12
  9  10   5   6  $12    0.010    -5.8862 110952.47   0.3   -547.20   0.3  31.05.2026  11:25:17
  9  10   6   7  $12    0.001     2.8276 213192.32   0.5   -621.38   0.6  31.05.2026  11:25:22
  9  10   7   8  $12    0.001    -2.8635  53976.37   0.2   -673.28   0.9  31.05.2026  11:25:24
  9  10  12  11  $12    0.001     3.0049  56640.72   0.3    202.80   1.3  31.05.2026  11:25:26
  9  10  13  14  $12    0.001    -3.2988 621801.73   0.9   -444.41   2.3  31.05.2026  11:25:28
  9  10  14  15  $12    0.010    -5.5065 207588.67   0.1   -506.13   0.5  31.05.2026  11:25:32
  9  10  15  16  $12    0.100     1.9063  12576.72   0.2   -610.82   0.1  31.05.2026  11:25:39
  9  11   1   3  $12    0.010    -4.3929 165608.11   0.3   -514.90   0.1  31.05.2026  11:25:44
  9  11   2   4  $12    0.100    -7.3391  18156.90   0.1   -577.83   0.0  31.05.2026  11:25:47
  9  11   5   7  $12    0.001     3.9665 149534.30   0.7   -645.07   2.9  31.05.2026  11:25:55
  9  11   6   8  $12    0.100    -1.0537    124.13   0.5  -1311.10   0.4  31.05.2026  11:26:04
  9  11  13  15  $12    0.001    -4.5002 169652.14   0.7   -440.48   2.7  31.05.2026  11:26:12
  9  11  14  16  $12    0.010    -5.0956  42021.43   0.2   -638.04   0.2  31.05.2026  11:26:15
  9  12   1   4  $12    0.010    -2.7203  41781.30   0.3   -616.52   1.1  31.05.2026  11:26:17
  9  12   5   8  $12    0.010    -7.9345   7755.01   0.0   -650.32   0.5  31.05.2026  11:26:19
  9  12  10  11  $12    0.001     7.2394  45486.48   0.1     56.66   0.2  31.05.2026  11:26:24
  9  12  13  16  $12    0.001    -5.3557  52346.21   0.6   -693.04   0.7  31.05.2026  11:26:26
  9  13   5   1  $12    0.001     8.1639 615541.12   0.1   -353.99   0.2  31.05.2026  11:26:28
  9  13  10  14  $12    0.001   114.4788 490426.19   0.0     99.03   0.0  31.05.2026  11:26:31
  9  13  11  15  $12    0.001     3.3029  62257.40   0.5    -92.77   4.2  31.05.2026  11:26:33
  9  13  12  16  $12    0.001     2.2719  29977.61   0.8   -232.46   2.9  31.05.2026  11:26:35
  9  14  10  15  $12    0.001     9.7178  38563.48   0.0     47.71   1.3  31.05.2026  11:26:37
  9  14  11  16  $12    0.010    13.3750  16043.56   0.0     48.25   0.2  31.05.2026  11:26:41
  9  15  10  16  $12    0.001     9.3194  35335.24   0.0     72.19   0.5  31.05.2026  11:26:45
 10   2   9   1  $12    0.001    33.7030 121282.03   0.0     42.64   0.2  31.05.2026  11:26:48
 10   3   9   2  $12    0.001    23.1170  85023.48   0.0     57.06   0.1  31.05.2026  11:26:50
 10   6   9   5  $12    0.001     9.1046  39003.88   0.0     36.82   1.9  31.05.2026  11:26:52
 10   6  14   2  $12    0.100    14.3944   3617.70   0.3    797.69   0.2  31.05.2026  11:26:58
 10   7   9   6  $12    0.001    12.9767  65228.15   0.1   -154.68   0.2  31.05.2026  11:27:06
 10   8   9   7  $12    0.001    13.8233 130281.61   0.9     46.22   4.3  31.05.2026  11:27:08
 10  11   1   2  $12    0.100   -11.5244 260676.28   0.0   -489.52   0.0  31.05.2026  11:27:13
 10  11   5   6  $12    0.010    -4.0730 153548.31   0.1   -570.97   0.4  31.05.2026  11:27:18
 10  11   9  12  $12    0.001     7.5364  47352.59   0.0     63.43   0.2  31.05.2026  11:27:23
 10  11  13  14  $12    0.010   -13.5732 102339.36   0.1   -755.43   1.5  31.05.2026  11:27:31
 10  12   1   3  $12    0.100   -11.6939  63647.75   0.3   -542.85   0.2  31.05.2026  11:27:35
 10  12   2   4  $12    0.100    -1.9139   7215.10   0.2   -757.31   0.2  31.05.2026  11:27:41
 10  12   5   7  $12    0.010     8.8602  73067.18   0.3   -369.13   0.1  31.05.2026  11:27:45
 10  12   6   8  $12    0.100     4.1352   1558.95   0.0    251.19   0.2  31.05.2026  11:27:49
 10  12  13  15  $12    0.010    -5.0373   5934.43   0.9  -1630.05   0.8  31.05.2026  11:27:54
 10  12  14  16  $12    0.100    11.3066   4262.49   0.2    993.98   0.2  31.05.2026  11:27:58
 10  14   6   2  $12    0.010     5.7215  43138.90   0.1    385.13   0.4  31.05.2026  11:28:03
 10  14   9  13  $12    0.001    91.0136 389901.16   0.0     97.99   0.7  31.05.2026  11:28:09
 10  15   9  14  $12    0.001    10.4289  41385.28   0.5     26.20  14.3  31.05.2026  11:28:11
 10  16   9  15  $12    0.001    10.0241  38007.28   0.2     69.56   2.7  31.05.2026  11:28:13
 11   3   9   1  $12    0.001     6.5166  55834.49   0.0     57.22   2.8  31.05.2026  11:28:15
 11   4   9   2  $12    0.001     3.5046  31964.16   0.1     49.56   2.4  31.05.2026  11:28:17
 11   4   9   3  $12    0.001     7.1054  37995.28   0.0     32.81   8.0  31.05.2026  11:28:19
 11   7   9   5  $12    0.001    -3.5967  67797.06   0.1   -644.66   0.3  31.05.2026  11:28:21
 11   7  15   3  $12    0.010    -5.3909  13548.76   0.2   -933.67   0.2  31.05.2026  11:28:25
 11   8   9   6  $12    0.010     5.2488  16489.65   0.4    212.40   2.9  31.05.2026  11:28:26
 11  12   1   2  $12    0.100     5.7495 178819.78   0.0   -470.72   0.1  31.05.2026  11:28:30
 11  12   5   6  $12    0.100    22.4784 148297.54   0.2   -486.52   0.1  31.05.2026  11:28:32
 11  12  13  14  $12    0.010     5.5516  10464.47   0.3   -394.03   1.4  31.05.2026  11:28:37
 11  15   7   3  $12    0.010    -1.6627  12536.14   0.8  -4107.79   1.2  31.05.2026  11:28:40
 11  15   9  13  $12    0.001     2.8541  53798.00   0.7    -44.58   2.1  31.05.2026  11:28:45
 11  16   9  14  $12    0.010    13.4766  16165.37   0.0     66.00   0.7  31.05.2026  11:28:49
 12   4   9   1  $12    0.010    14.3449  23986.67   0.0     50.70   0.6  31.05.2026  11:28:51
 12   8   9   5  $12    0.010     4.5117   5953.02   0.1   -267.67   0.6  31.05.2026  11:28:53
 12   8  16   4  $12    0.100    17.3918   4371.04   0.0   -216.56   0.3  31.05.2026  11:28:57
 12  11   9  10  $12    0.001     2.5541  48142.80   0.1    140.52   0.3  31.05.2026  11:29:04
 12  16   8   4  $12    0.010     5.7009  42983.57   0.0    -43.16   0.6  31.05.2026  11:29:08
 12  16   9  13  $12    0.010    21.8322  28806.86   0.2   -372.56   0.5  31.05.2026  11:29:10
 13   1   9   5  $12    0.001     6.6405 166893.04   0.0   -383.61   0.1  31.05.2026  11:29:15
 13   1  14   2  $12    0.001   113.6561 389769.15   0.0     71.98   0.1  31.05.2026  11:29:18
 13   1  15   3  $12    0.001     6.4420  48850.88   0.0    -59.55   0.3  31.05.2026  11:29:20
 13   1  16   4  $12    0.001     3.7043  47607.14   0.0   -312.37   0.1  31.05.2026  11:29:22
 13   2  14   3  $12    0.001   102.4845 354456.29   0.0    102.26   0.1  31.05.2026  11:29:24
 13   2  15   4  $12    0.001     6.4816  50155.80   0.1   -193.34   0.7  31.05.2026  11:29:26
 13   3  14   4  $12    0.001    96.9220 338701.64   0.0    105.27   0.1  31.05.2026  11:29:29
 13   5  14   6  $12    0.001    92.3826 332443.66   0.0    115.67   0.0  31.05.2026  11:29:31
 13   5  15   7  $12    0.001    43.1329 369561.51   0.0   -382.05   0.2  31.05.2026  11:29:33
 13   5  16   8  $12    0.010     6.9995  11704.11   0.0    338.75   0.1  31.05.2026  11:29:37
 13   6  14   7  $12    0.001   134.7468 495593.75   0.1    -82.28   0.7  31.05.2026  11:29:42
 13   6  15   8  $12    0.010    17.6834  16128.63   0.1    127.01   0.0  31.05.2026  11:29:46
 13   7  15   8  $12    0.001     5.6988  30473.82   0.0    244.48   0.0  31.05.2026  11:29:51
 13   9   1   5  $12    0.001     6.4412 485655.74   0.0   -354.90   0.5  31.05.2026  11:29:53
 13   9  14  10  $12    0.001    99.2618 425236.55   0.0     93.80   0.2  31.05.2026  11:29:55
 13   9  15  11  $12    0.001     2.9154  54953.70   0.1    -42.74   1.2  31.05.2026  11:29:57
 13   9  16  12  $12    0.001     2.1023  27739.39   0.0   -258.24   0.0  31.05.2026  11:29:59
 13  10  14  11  $12    0.001    93.5373 470169.73   0.0    125.97   0.1  31.05.2026  11:30:02
 13  10  15  12  $12    0.001     3.8319 120383.67   0.1   -176.24   0.8  31.05.2026  11:30:04
 13  11  14  12  $12    0.001    93.0014 876517.45   0.0    118.92   0.0  31.05.2026  11:30:06
 13  14   1   2  $12    0.001    -2.9067 15669700.17   0.2   -523.06   0.3  31.05.2026  11:30:08
 13  14   2   3  $12    0.001    -2.6876 11145243.47   0.2   -602.27   0.2  31.05.2026  11:30:10
 13  14   3   4  $12    0.001     2.4626 7659207.15   0.6   -362.05   0.8  31.05.2026  11:30:12
 13  14   5   6  $12    0.001   -12.2312 19366416.55   0.2   -522.21   0.8  31.05.2026  11:30:15
 13  14   6   7  $12    0.001    44.9159 47412129.96   0.0   -448.47   0.1  31.05.2026  11:30:17
 13  14   7   8  $12    0.001   -45.5122 30025935.94   0.1   -450.32   0.1  31.05.2026  11:30:19
 13  14   9  10  $12    0.001    -3.9695 748232.48   0.1   -503.85   0.7  31.05.2026  11:30:22
 13  14  10  11  $12    0.010    -8.4917  64025.64   0.5   -576.25   0.5  31.05.2026  11:30:25
 13  14  11  12  $12    0.010     2.0911   3941.56   4.7   1281.70   9.1  31.05.2026  11:30:32
 13  14  16  15  $12    0.010    -4.2391   7990.49   0.1   -497.07   0.8  31.05.2026  11:30:34
 13  15   1   3  $12    0.001    -5.9082 7795680.83   0.4   -536.05   0.2  31.05.2026  11:30:38
 13  15   2   4  $12    0.010     2.3599 238540.87   0.4   2434.67   0.4  31.05.2026  11:30:42
 13  15   5   7  $12    0.001    33.2104 12520039.89   0.1   -430.07   0.1  31.05.2026  11:30:48
 13  15   6   8  $12    0.010    -3.3938  83961.79   0.1   -355.66   0.1  31.05.2026  11:30:51
 13  15   9  11  $12    0.001    -5.4965 207212.20   0.1   -631.78   0.7  31.05.2026  11:30:56
 13  15  10  12  $12    0.010    -3.7830   4456.74   0.0  -1692.43   0.0  31.05.2026  11:31:00
 13  16   1   4  $12    0.010   -15.2666 863304.83   0.0   -866.66   0.0  31.05.2026  11:31:02
 13  16   5   8  $12    0.001   -11.6985 1796756.64   0.0   -528.91   0.2  31.05.2026  11:31:07
 13  16   9  12  $12    0.001    -4.6012  44971.61   0.3   -618.40   0.5  31.05.2026  11:31:09
 13  16  14  15  $12    0.001    80.6713 506872.91   0.0    133.02   0.0  31.05.2026  11:31:12
 14   2  10   6  $12    0.100    15.6133   3924.06   0.4    580.56   1.2  31.05.2026  11:31:17
 14   2  13   1  $12    0.001    97.8264 335483.18   0.1     69.91   0.4  31.05.2026  11:31:25
 14   3  13   2  $12    0.001    88.5171 306148.09   0.2    102.84   0.5  31.05.2026  11:31:28
 14   4  13   3  $12    0.001    84.9601 296899.82   0.0    116.28   0.1  31.05.2026  11:31:30
 14   6  13   5  $12    0.001    82.1233 295524.89   0.2    132.84   0.7  31.05.2026  11:31:33
 14   7  13   6  $12    0.001   126.8675 466614.03   0.0    -18.83   1.5  31.05.2026  11:31:35
 14  10   2   6  $12    0.010     6.0205  45393.56   0.1    402.59   0.4  31.05.2026  11:31:39
 14  10  13   9  $12    0.001    96.4669 413263.14   0.1    121.77   0.3  31.05.2026  11:31:44
 14  11  13  10  $12    0.001    89.5229 449991.22   0.1    157.30   0.3  31.05.2026  11:31:46
 14  12  13  11  $12    0.001    87.7319 826853.45   0.0    153.63   0.2  31.05.2026  11:31:49
 14  15   1   2  $12    0.010    -7.2696 4987830.41   0.0   -405.12   0.1  31.05.2026  11:31:52
 14  15   5   6  $12    0.010   -18.4583 4175162.24   0.0   -622.68   0.2  31.05.2026  11:31:54
 14  15   9  10  $12    0.010    -6.5713 247730.72   0.2   -538.46   0.6  31.05.2026  11:31:56
 14  15  13  16  $12    0.001    86.1044 541010.01   0.0    159.07   0.3  31.05.2026  11:32:02
 14  16   1   3  $12    0.010   -11.4299 1925573.61   0.0   -445.85   0.2  31.05.2026  11:32:05
 14  16   2   4  $12    0.010     3.6336 479442.15   0.0    340.81   0.5  31.05.2026  11:32:07
 14  16   5   7  $12    0.001     5.0891 2769900.83   0.9   -506.06   5.0  31.05.2026  11:32:12
 14  16   6   8  $12    0.100    -3.7993  14322.99   0.2   -377.73   0.3  31.05.2026  11:32:18
 14  16   9  11  $12    0.010    -5.8346  48115.68   0.1   -733.45   0.5  31.05.2026  11:32:22
 14  16  10  12  $12    0.100     9.2924   3503.16   0.2    833.68   0.1  31.05.2026  11:32:26
 15   3  11   7  $12    0.010    -5.9073  14846.60   0.2  -1066.07   0.4  31.05.2026  11:32:31
 15   3  13   1  $12    0.001     5.9602  45197.21   0.6    -22.26  58.6  31.05.2026  11:32:37
 15   4  13   2  $12    0.001     6.2546  48399.86   0.1   -116.89   3.1  31.05.2026  11:32:39
 15   7  13   5  $12    0.001    40.6203 348034.32   0.0   -217.26   1.2  31.05.2026  11:32:41
 15   8  13   6  $12    0.010    16.2980  14865.01   0.9    248.69   0.3  31.05.2026  11:32:45
 15   8  13   7  $12    0.001     6.0989  32613.03   0.4    208.17   0.1  31.05.2026  11:32:50
 15  11   3   7  $12    0.010    -3.0731  23170.87   0.4  -2362.29   1.3  31.05.2026  11:32:54
 15  11  13   9  $12    0.001     3.2536  61329.85   0.2    -95.05   9.1  31.05.2026  11:33:00
 15  12  13  10  $12    0.001     3.8987 122480.68   0.2   -158.33   8.0  31.05.2026  11:33:02
 15  16   1   2  $12    0.100     3.7727 323563.37   0.0   -407.09   0.0  31.05.2026  11:33:07
 15  16   5   6  $12    0.100     9.3530 290895.13   0.0   -589.49   0.4  31.05.2026  11:33:09
 15  16   9  10  $12    0.100     3.0846  20350.28   0.1   -575.25   0.9  31.05.2026  11:33:11
 16   4  12   8  $12    0.100    16.6005   4172.17   0.0   -162.22   0.8  31.05.2026  11:33:13
 16   4  13   1  $12    0.001     3.4139  43875.09   0.7   -149.66  13.2  31.05.2026  11:33:21
 16   8  13   5  $12    0.010     4.4912   7509.89   0.7   1463.49   2.3  31.05.2026  11:33:29
 16  12   4   8  $12    0.010     5.7610  43436.60   0.0    -34.47   2.5  31.05.2026  11:33:31
 16  12  13   9  $12    0.010    22.5032  29692.29   0.7   -253.88   3.5  31.05.2026  11:33:33
 16  15  13  14  $12    0.010    -6.3396  11949.78   0.6   -624.43   3.7  31.05.2026  11:33:35
