//C:\Users\user\Desktop\GeoTom\GeoTomE724.ini
//- Cable direction:
//  cable I: normal
//  cable II: normal
//  cable III: normal
//  cable IV: normal
//- Cable arrangement: sequential
//- Optimization: Last measurement
//- Sorting: Multi-level
//- Current levels: 0.001 mA .. 10.0 mA
Type:         Flow
Name:         Hyprop
Comment:      Example of a measurements sequence
Comment:      
Comment:      
Spacing:      1.00000
First El:     0.00000
Nr of points: 312
IP present:   1

  1   2   4   3  $12    0.100    19.9293   3756.58   0.0     50.87   0.1  07.06.2026  13:45:03
  1   2   5   6  $12    0.100     3.3772   6365.86   0.0   -487.38   0.4  07.06.2026  13:45:05
  1   2   6   7  $12    1.000    -4.2792   1613.22   4.0   -843.33   7.7  07.06.2026  13:45:13
  1   2   7   8  $12    1.000    11.7377   7743.78   0.8    308.05  14.1  07.06.2026  13:45:16
  1   2   9  10  $12    0.100    -5.3507  84721.72   0.3   -621.18   0.9  07.06.2026  13:45:20
  1   2  10  11  $12    0.100     7.7294 174835.31   0.1   -654.30   0.7  07.06.2026  13:45:22
  1   2  11  12  $12    1.000     2.8653   8911.51   0.9   -261.16   8.2  07.06.2026  13:45:26
  1   2  13  14  $12    1.000    19.2558 103807.38   0.3   -533.64   1.1  07.06.2026  13:45:28
  1   2  14  15  $12    1.000    -2.6120  17921.50   0.8   1666.58   1.7  07.06.2026  13:45:31
  1   2  15  16  $12    1.000     1.3589  11654.97   1.5   -490.26  10.6  07.06.2026  13:45:51
  1   3   5   7  $12    0.100     2.4539    925.11   0.0   -131.47   0.4  07.06.2026  13:45:56
  1   3   6   8  $12    0.100     2.0715   1708.29   0.0    -89.40   0.8  07.06.2026  13:45:58
  1   3   9  11  $12    1.000     8.9524   3374.97   0.5   -612.52   0.2  07.06.2026  13:46:02
  1   3  10  12  $12    0.100     4.6607  25367.17   0.2   -691.15   0.4  07.06.2026  13:46:07
  1   3  13  15  $12    0.100     3.7213  49101.62   0.2   -409.76   0.2  07.06.2026  13:46:09
  1   3  14  16  $12    1.000     2.1618   3642.01   0.4  -1054.35   0.5  07.06.2026  13:46:25
  1   4   2   3  $12    0.010     5.1170   3215.09   0.0      6.09   1.8  07.06.2026  13:46:33
  1   4   5   8  $12    1.000    17.6107    172.12   0.0    289.32   0.5  07.06.2026  13:46:39
  1   4   9  12  $12    1.000    -7.0854   1088.24   0.1   -895.79   0.2  07.06.2026  13:46:41
  1   4  13  16  $12    0.100     4.5883  25946.34   0.0    155.90   2.4  07.06.2026  13:46:46
  1   5   2   6  $12    0.010    20.5558   8806.10   0.0     21.86   0.5  07.06.2026  13:46:51
  1   5   3   7  $12    0.010     5.7067  10756.80   0.0     57.66   1.3  07.06.2026  13:46:53
  1   5   4   8  $12    0.010     3.5071   4627.54   0.3      2.81 372.7  07.06.2026  13:46:55
  1   5  13   9  $12    0.010     5.9403  44788.75   0.3    -83.38   1.5  07.06.2026  13:46:57
  1   6   2   7  $12    0.001     3.1659  12563.20   0.0     26.44   1.7  07.06.2026  13:47:02
  1   6   3   8  $12    0.010     7.1403   8564.91   0.0      7.97   1.1  07.06.2026  13:47:06
  1   7   2   8  $12    0.001     3.3239  12602.70   0.0      3.60  14.2  07.06.2026  13:47:10
  1   9   2  10  $12    0.001    38.1421 137256.37   0.0     24.35   2.2  07.06.2026  13:47:13
  1   9   3  11  $12    0.001    11.4850  98402.90   0.0     45.51   1.3  07.06.2026  13:47:15
  1   9   4  12  $12    0.010    15.7571  26348.09   0.0    214.01   0.0  07.06.2026  13:47:19
  1  10   2  11  $12    0.001    13.0478  46186.99   0.0     38.90   0.8  07.06.2026  13:47:24
  1  10   3  12  $12    0.010    18.4545  15132.84   0.0    174.48   0.0  07.06.2026  13:47:27
  1  11   3  12  $12    0.010    14.6959   7190.84   0.0    181.93   0.0  07.06.2026  13:47:29
  1  13   2  14  $12    0.001    17.9024  61394.14   0.0     11.32   0.4  07.06.2026  13:47:34
  1  13   3  15  $12    0.001     2.9516  22382.59   0.5    -14.04  10.1  07.06.2026  13:47:36
  1  13   4  16  $12    0.010     3.3155   4261.02   0.0    100.18   0.0  07.06.2026  13:47:40
  1  13   5   9  $12    0.001     5.0944 128036.33   0.0     16.74   1.4  07.06.2026  13:47:45
  1  14   2  15  $12    0.001     5.4143  18436.17   0.3     31.18  15.9  07.06.2026  13:47:47
  1  14   3  16  $12    0.010     5.5672   4152.30   0.0     72.09   0.0  07.06.2026  13:47:51
  1  15   2  16  $12    0.010     7.8007   2640.22   0.0     22.01   8.1  07.06.2026  13:47:54
  2   3   1   4  $12    0.010     5.3096   3336.13   0.2      2.28 158.6  07.06.2026  13:47:56
  2   3   5   6  $12    1.000     1.8085    136.35   0.6   -897.37   0.3  07.06.2026  13:48:05
  2   3   9  10  $12    1.000    -9.2954   9812.01   3.2  -1196.30   2.7  07.06.2026  13:48:11
  2   3  13  14  $12    1.000    13.3778  55476.40   0.6   -158.39  11.6  07.06.2026  13:48:14
  2   4   5   7  $12    1.000     7.4940     88.29   0.1    288.26   0.3  07.06.2026  13:48:16
  2   4   6   8  $12    1.000     6.5618    247.37   0.1    274.33   0.3  07.06.2026  13:48:18
  2   4   9  11  $12    1.000   -11.1583   2760.57   0.0   -604.02   0.2  07.06.2026  13:48:20
  2   4  10  12  $12    0.100    -6.2204  23450.20   0.7   -561.95   0.3  07.06.2026  13:48:25
  2   4  13  15  $12    1.000    22.8851  23132.46   0.3    723.16   0.2  07.06.2026  13:48:28
  2   4  14  16  $12    1.000    15.1578  20000.26   0.1    380.55   0.7  07.06.2026  13:48:31
  2   6   1   5  $12    0.010    19.1720   8213.25   0.0      4.55   2.9  07.06.2026  13:48:38
  2   6  14  10  $12    0.010     4.3999  33174.64   0.0     32.52   1.4  07.06.2026  13:48:40
  2   7   1   6  $12    0.001     3.1360  12444.73   0.0      5.99   4.3  07.06.2026  13:48:45
  2   8   1   7  $12    0.001     4.5633  17302.25   0.1     25.42   1.9  07.06.2026  13:48:47
  2  10   1   9  $12    0.001    38.9598 140198.76   0.0     -0.63  47.6  07.06.2026  13:48:50
  2  11   1  10  $12    0.001    13.8869  49157.10   0.5     17.71   3.4  07.06.2026  13:48:52
  2  14   1  13  $12    0.001    18.2537  62598.85   0.0     26.19   4.5  07.06.2026  13:48:54
  2  14   6  10  $12    0.010    15.5080  38975.83   0.2     94.28   1.5  07.06.2026  13:48:58
  2  15   1  14  $12    0.001     5.5115  18767.18   0.0     12.38   4.1  07.06.2026  13:49:03
  2  16   1  15  $12    0.010     7.3099   2474.10   0.0     11.58   0.7  07.06.2026  13:49:07
  3   4   5   6  $12    1.000    -7.3228    138.03   0.1   -709.22   0.1  07.06.2026  13:49:12
  3   4   9  10  $12    0.100     4.4542  29385.70   0.4   -524.18   0.4  07.06.2026  13:49:17
  3   4  13  14  $12    1.000    -2.1585   6713.39   0.7  -5966.56   1.0  07.06.2026  13:49:21
  3   7   1   5  $12    0.010     5.5325  10428.60   0.0     41.39   1.7  07.06.2026  13:49:29
  3   7  15  11  $12    0.010     4.0687  30677.19   0.0     18.91   1.0  07.06.2026  13:49:31
  3   8   1   6  $12    0.010     7.0525   8459.54   0.0     -0.15 147.5  07.06.2026  13:49:33
  3  11   1   9  $12    0.001    11.0076  94312.61   0.0     18.70   2.4  07.06.2026  13:49:38
  3  12   1  10  $12    0.010    12.6897  10405.64   0.0    125.79   1.3  07.06.2026  13:49:42
  3  12   1  11  $12    0.010    10.5756   5174.73   0.0    118.22   0.0  07.06.2026  13:49:44
  3  15   1  13  $12    0.001     2.6478  20078.42   0.0     50.72  14.7  07.06.2026  13:49:49
  3  15   7  11  $12    0.100    15.6804   3940.92   0.1     -4.44   2.9  07.06.2026  13:49:55
  3  16   1  14  $12    0.010     4.8565   3622.20   0.0     27.46   2.0  07.06.2026  13:50:00
  3   4   1   2  $12    0.100    -9.0606   1707.87   0.0     20.48   1.8  07.06.2026  13:50:03
  4   8   1   5  $12    0.010     3.4377   4535.94   0.0     -2.90  58.0  07.06.2026  13:50:08
  4   8  16  12  $12    0.010     2.0602  15533.71   0.1     45.84   1.6  07.06.2026  13:50:10
  4  12   1   9  $12    0.010    13.1331  21960.29   0.1    149.91   0.1  07.06.2026  13:50:12
  4  16   1  13  $12    0.010     2.9424   3781.62   0.2     81.16   1.9  07.06.2026  13:50:14
  4  16   8  12  $12    0.100     5.9481   1494.91   0.0     -1.39  10.9  07.06.2026  13:50:18
  5   1   6   2  $12    0.010    19.5550   8377.32   0.0     13.18   0.0  07.06.2026  13:50:23
  5   1   7   3  $12    0.010     5.6469  10644.15   0.7     71.12   5.7  07.06.2026  13:50:25
  5   1   8   4  $12    0.010     3.4408   4540.07   0.0      1.96   7.8  07.06.2026  13:50:27
  5   1   9  13  $12    0.010     6.0192  45383.92   0.0    -94.31   2.5  07.06.2026  13:50:29
  5   2   6   3  $12    0.010    18.4179   9257.83   0.0     13.77   3.9  07.06.2026  13:50:31
  5   2   7   4  $12    0.010     5.8902  18504.72   0.1     49.38   1.2  07.06.2026  13:50:33
  5   3   6   4  $12    0.010    19.1763  18073.24   0.0     22.58   1.4  07.06.2026  13:50:35
  5   6   1   2  $12    0.100     3.9312   7410.09   0.3   -823.11   0.1  07.06.2026  13:50:40
  5   6   2   3  $12    0.100    -0.9633    726.31   0.5  -1248.96   0.2  07.06.2026  13:50:45
  5   6   3   4  $12    0.100    -0.9743    183.66   0.1   -605.73   1.9  07.06.2026  13:50:50
  5   6   7   8  $12    0.010   -19.4605  36682.10   0.0     -3.22   4.7  07.06.2026  13:50:55
  5   6   9  10  $12    0.010     2.6676  50283.33   0.1   -517.08   0.7  07.06.2026  13:50:57
  5   6  10  11  $12    0.010    -2.9831 112459.35   0.3   -618.74   0.4  07.06.2026  13:51:00
  5   6  11  12  $12    0.100    -2.4716  16305.84   0.2   -482.79   0.2  07.06.2026  13:51:03
  5   6  13  14  $12    0.100   -14.4514 228818.83   0.0   -557.22   0.2  07.06.2026  13:51:05
  5   6  14  15  $12    0.100    -2.6916  60883.49   0.1   -555.83   0.3  07.06.2026  13:51:07
  5   6  15  16  $12    0.100    -1.7843  55493.41   0.0   -597.98   0.1  07.06.2026  13:51:13
  5   7   1   3  $12    0.100     2.2902    863.40   0.0    -54.88   3.4  07.06.2026  13:51:15
  5   7   2   4  $12    0.100     0.2612     30.77   2.0   1789.09   1.9  07.06.2026  13:51:29
  5   7   9  11  $12    0.100     2.4955    940.79   0.1    963.05   1.2  07.06.2026  13:51:31
  5   7  10  12  $12    0.100   -18.3094  15099.17   0.6   -517.43   1.0  07.06.2026  13:51:33
  5   7  13  15  $12    0.100    -8.2214  30993.89   0.5   -525.81   0.4  07.06.2026  13:51:35
  5   7  14  16  $12    0.100    -2.1934  11938.35   0.3   -513.77   0.3  07.06.2026  13:51:37
  5   8   1   4  $12    0.100     2.0720    202.52   0.2    207.24   0.1  07.06.2026  13:51:40
  5   8   6   7  $12    0.001     3.3671  21156.40   0.0    -37.28   1.2  07.06.2026  13:51:47
  5   8   9  12  $12    0.100    -5.8080    567.67   0.1  -1519.32   0.0  07.06.2026  13:51:53
  5   8  13  16  $12    0.010    -2.5147  38622.81   0.0   -584.50   0.3  07.06.2026  13:51:58
  5   9   1  13  $12    0.001     5.1612 129716.04   0.0      4.70  35.0  07.06.2026  13:52:03
  5   9   6  10  $12    0.001    39.6894 170028.91   0.0     -8.15   5.6  07.06.2026  13:52:05
  5   9   7  11  $12    0.001    11.4062 215002.00   0.0     18.13   3.9  07.06.2026  13:52:07
  5   9   8  12  $12    0.010    11.8008  15570.76   0.0    275.07   0.0  07.06.2026  13:52:11
  5  10   6  11  $12    0.001    13.5130  53623.84   0.0     25.78   0.0  07.06.2026  13:52:16
  5  10   7  12  $12    0.010    16.9007  20272.74   0.0    109.53   0.0  07.06.2026  13:52:20
  5  11   6  12  $12    0.010    22.7981   8644.09   0.0    123.36   0.1  07.06.2026  13:52:22
  5  13   6  14  $12    0.001    19.5187  70239.13   0.0    -16.46   0.4  07.06.2026  13:52:27
  5  13   7  15  $12    0.001     3.4742  29766.75   0.1    -45.58   4.8  07.06.2026  13:52:29
  5  13   8  16  $12    0.010     5.0271   8405.99   0.0     63.75   0.4  07.06.2026  13:52:33
  5  14   6  15  $12    0.001     6.5555  23205.42   0.0    -16.93   1.1  07.06.2026  13:52:38
  5  14   7  16  $12    0.010     8.7385   7165.63   0.0     68.95   0.7  07.06.2026  13:52:41
  5  15   7  16  $12    0.010     7.8375   3834.95   0.0     68.42   0.4  07.06.2026  13:52:43
  6   2   5   1  $12    0.010    18.9573   8121.31   0.0      7.06   9.8  07.06.2026  13:52:45
  6   2  10  14  $12    0.010     4.6832  35310.15   0.1      6.43  18.5  07.06.2026  13:52:47
  6   3   5   2  $12    0.010    17.7436   8918.92   0.0      9.50   7.3  07.06.2026  13:52:49
  6   4   5   3  $12    0.010    18.4946  17430.73   0.1     21.34   0.8  07.06.2026  13:52:51
  6   7   1   2  $12    0.100    -0.0646    243.54   5.8  -5430.36   4.8  07.06.2026  13:52:57
  6   7   5   8  $12    0.001     3.3410  20991.99   0.1    -15.79  10.3  07.06.2026  13:53:05
  6   7   9  10  $12    0.100   -11.7614   8867.91   0.8   -595.17   0.9  07.06.2026  13:53:12
  6   7  13  14  $12    0.100     7.8366  82721.36   0.8   -522.15   1.0  07.06.2026  13:53:14
  6   8   1   3  $12    1.000    18.4975   1525.43   0.1    -11.98   2.7  07.06.2026  13:53:17
  6   8   2   4  $12    1.000    -3.8287    144.34   4.6  -3932.12   2.9  07.06.2026  13:53:24
  6   8   9  11  $12    0.100     2.6157    308.16   0.1    466.80   0.8  07.06.2026  13:53:29
  6   8  10  12  $12    0.100    -5.6047   2112.93   0.7   -935.59   1.1  07.06.2026  13:53:31
  6   8  13  15  $12    0.100    -4.3205  10689.05   0.1   -553.35   0.6  07.06.2026  13:53:33
  6   8  14  16  $12    1.000    -9.4101   3547.53   0.0   -501.66   1.3  07.06.2026  13:53:37
  6  10   2  14  $12    0.010    16.0630  40370.72   0.0     58.74   0.3  07.06.2026  13:53:45
  6  10   5   9  $12    0.001    40.1963 172200.73   0.0    -17.88   0.1  07.06.2026  13:53:51
  6  11   5  10  $12    0.001    13.2404  52542.35   0.1     30.17   7.2  07.06.2026  13:53:53
  6  12   5  11  $12    0.001     2.3629   8959.00   0.5    126.56   5.9  07.06.2026  13:53:55
  6  14   5  13  $12    0.001    19.0989  68728.23   0.0     15.28   2.6  07.06.2026  13:53:57
  6  15   5  14  $12    0.001     6.2865  22252.95   0.0     13.02   2.6  07.06.2026  13:53:59
  7   3   5   1  $12    0.010     5.5280  10420.06   0.0     59.52   0.8  07.06.2026  13:54:03
  7   3  11  15  $12    0.010     4.0639  30640.77   0.0     25.81  22.7  07.06.2026  13:54:05
  7   4   5   2  $12    0.010     5.7261  17989.19   0.0     58.30   0.9  07.06.2026  13:54:07
  7   8   1   2  $12    0.100     1.5200  10027.75   0.2   -433.23   0.8  07.06.2026  13:54:13
  7   8   9  10  $12    0.100    17.1208   3227.20   0.8   -534.79   0.4  07.06.2026  13:54:15
  7   8  13  14  $12    0.100   -10.6528  70280.52   0.0   -540.40   0.9  07.06.2026  13:54:17
  7  11   3  15  $12    0.100    14.2075   3570.75   0.0    -18.22   2.1  07.06.2026  13:54:19
  7  11   5   9  $12    0.001    10.5796 199421.60   0.0     23.51   0.5  07.06.2026  13:54:27
  7  12   5  10  $12    0.010    12.6838  15214.45   0.2     79.82   1.5  07.06.2026  13:54:31
  7  15   5  13  $12    0.001     3.2859  28153.46   0.1    -40.21   3.5  07.06.2026  13:54:36
  7  16   5  14  $12    0.010     8.4012   6889.07   0.0     56.50   0.2  07.06.2026  13:54:40
  7  16   5  15  $12    0.010     7.6988   3767.10   0.0     58.59   0.4  07.06.2026  13:54:42
  8   4   5   1  $12    0.010     3.4325   4529.02   0.0     12.19  12.9  07.06.2026  13:54:44
  8   4  12  16  $12    0.100    20.1002  15155.19   0.0     62.02   0.3  07.06.2026  13:54:48
  7   8   5   6  $12    0.010   -19.3030  36385.35   0.0      2.14  18.4  07.06.2026  13:54:53
  8  12   4  16  $12    0.100     5.9140   1486.34   0.0     -2.95  10.3  07.06.2026  13:54:56
  8  12   5   9  $12    0.010     8.0133  10573.34   0.1    215.85   0.1  07.06.2026  13:55:01
  8  16   5  13  $12    0.010     4.7851   8001.32   0.1     22.43  16.5  07.06.2026  13:55:03
  9   1  10   2  $12    0.001    38.3796 138110.88   0.0     22.23   0.6  07.06.2026  13:55:09
  9   1  11   3  $12    0.001    11.3200  96989.28   0.0     43.92   0.4  07.06.2026  13:55:11
  9   1  12   4  $12    0.010    13.3968  22401.26   0.0    203.92   0.0  07.06.2026  13:55:14
  9   2  10   3  $12    0.001    38.5786 141890.51   0.0     16.42   2.3  07.06.2026  13:55:20
  9   2  11   4  $12    0.001    11.4455 104391.34   0.1     26.61   7.3  07.06.2026  13:55:22
  9   3  11   4  $12    0.001    11.6999  62564.17   0.0     37.59   0.5  07.06.2026  13:55:24
  9   5  10   6  $12    0.001    39.6126 169699.77   0.0     -2.71  16.2  07.06.2026  13:55:26
  9   5  11   7  $12    0.001    11.3089 213167.63   0.0     28.32   7.8  07.06.2026  13:55:28
  9   5  12   8  $12    0.010    10.4235  13753.54   0.0    268.37   0.0  07.06.2026  13:55:32
  9   5  13   1  $12    0.001     5.1068 128348.67   0.1      7.99  14.3  07.06.2026  13:55:37
  9   6  10   7  $12    0.001    40.1554 201842.91   0.1     19.16   3.2  07.06.2026  13:55:39
  9   6  11   8  $12    0.001    11.1366 349867.33   0.1     35.16   2.6  07.06.2026  13:55:41
  9   7  10   8  $12    0.001    39.8905 375959.00   0.0     20.59   1.2  07.06.2026  13:55:44
  9  10   1   2  $12    0.100     1.9064  30184.95   0.7  -3499.95   0.5  07.06.2026  13:56:03
  9  10   2   3  $12    0.100    -1.1965  12630.16   0.8  -3324.30   1.0  07.06.2026  13:56:05
  9  10   3   4  $12    0.100    -3.0358  20028.19   0.3  -1834.54   0.2  07.06.2026  13:56:07
  9  10   5   6  $12    0.010     2.8796  54279.36   0.0   -495.92   0.2  07.06.2026  13:56:17
  9  10   6   7  $12    0.100    -2.6674   2011.19   0.1  -1116.93   0.0  07.06.2026  13:56:21
  9  10   7   8  $12    0.100     6.9828   1316.23   0.0   -663.17   0.2  07.06.2026  13:56:23
  9  10  12  11  $12    0.010    11.1781  21070.16   0.0     58.15   0.1  07.06.2026  13:56:28
  9  10  13  14  $12    0.010    10.2218 192677.28   0.0   -323.28   0.1  07.06.2026  13:56:30
  9  10  14  15  $12    0.010     2.8452 107263.39   0.0   -235.24   0.3  07.06.2026  13:56:32
  9  10  15  16  $12    0.100    10.4168  68723.46   0.0   -319.18   0.0  07.06.2026  13:56:36
  9  11   1   3  $12    0.100     1.2150   4580.57   0.2   -474.92   0.3  07.06.2026  13:56:41
  9  11   2   4  $12    0.100    -2.8128   6958.92   0.0   -527.80   0.5  07.06.2026  13:56:43
  9  11   5   7  $12    0.100     1.2671    477.68   0.5   1843.88   0.4  07.06.2026  13:56:45
  9  11   6   8  $12    0.100     3.2253    379.97   0.2    470.74   0.3  07.06.2026  13:56:47
  9  11  13  15  $12    0.001     3.1964 120499.61   0.8     92.23   3.4  07.06.2026  13:56:55
  9  11  14  16  $12    0.010    13.1537 108474.65   0.0     22.32   0.5  07.06.2026  13:56:58
  9  12   1   4  $12    0.100    -0.3941    605.27   0.2  -1374.08   0.5  07.06.2026  13:57:06
  9  12   5   8  $12    0.100    -2.8210    275.72   0.3  -2160.63   0.2  07.06.2026  13:57:07
  9  12  10  11  $12    0.001    26.4201 166002.10   0.0     17.64   2.2  07.06.2026  13:57:16
  9  12  13  16  $12    0.001     4.6051  45009.60   0.2     70.14  18.5  07.06.2026  13:57:18
  9  13   5   1  $12    0.010     6.1639  46474.86   0.0   -113.01   0.2  07.06.2026  13:57:22
  9  13  10  14  $12    0.001    51.2858 219707.95   0.0    -28.18   0.7  07.06.2026  13:57:28
  9  13  11  15  $12    0.001    12.4502 234680.75   0.1     22.77   7.9  07.06.2026  13:57:30
  9  13  12  16  $12    0.010     9.4338  12447.66   0.0    177.93   0.0  07.06.2026  13:57:33
  9  14  10  15  $12    0.001    41.7598 165716.52   0.0     -9.72   0.8  07.06.2026  13:57:39
  9  14  11  16  $12    0.001    11.2688 135171.35   0.0      9.25  27.6  07.06.2026  13:57:41
  9  15  10  16  $12    0.001    38.3135 145268.55   0.0      6.79  15.3  07.06.2026  13:57:43
 10   2   9   1  $12    0.001    38.9494 140161.54   0.0     -0.68  28.4  07.06.2026  13:57:46
 10   3   9   2  $12    0.001    39.2903 144508.38   0.0    -13.69   2.7  07.06.2026  13:57:48
 10   6   9   5  $12    0.001    40.0336 171503.67   0.0    -20.69   0.7  07.06.2026  13:57:51
 10   6  14   2  $12    0.010    15.7232  39516.78   0.0     72.57   0.0  07.06.2026  13:57:54
 10   7   9   6  $12    0.001    40.5228 203689.97   0.0     -2.91   6.2  07.06.2026  13:58:00
 10   8   9   7  $12    0.001    40.9886 386308.87   0.0    -12.83   0.7  07.06.2026  13:58:02
 10  11   1   2  $12    0.100     5.4833 124030.33   0.5   -214.23   3.2  07.06.2026  13:58:08
 10  11   5   6  $12    0.100    -7.3788  27817.57   0.2   -707.34   1.1  07.06.2026  13:58:10
 10  11   9  12  $12    0.001    27.1686 170705.38   0.0    -19.80   1.2  07.06.2026  13:58:19
 10  11  13  14  $12    0.010    10.5530  79567.49   0.0    424.98   0.1  07.06.2026  13:58:23
 10  12   1   3  $12    0.100     4.1569  22625.27   0.1   -112.64   0.5  07.06.2026  13:58:27
 10  12   2   4  $12    0.100    -3.1945  12042.89   0.3   -597.88   0.2  07.06.2026  13:58:29
 10  12   5   7  $12    0.100   -13.0571  10767.78   0.0   -231.11   0.2  07.06.2026  13:58:31
 10  12   6   8  $12    0.100     2.2209    837.27   0.1    840.56   0.1  07.06.2026  13:58:33
 10  12  13  15  $12    0.001     2.7598  32513.69   0.0    347.18   0.3  07.06.2026  13:58:41
 10  12  14  16  $12    0.010    13.6011  51275.00   0.0    114.05   0.0  07.06.2026  13:58:45
 10  14   6   2  $12    0.010     5.1272  38658.04   0.0     16.19   3.6  07.06.2026  13:58:47
 10  14   9  13  $12    0.001    51.9915 222731.27   0.0    -37.43   0.3  07.06.2026  13:58:52
 10  15   9  14  $12    0.001    42.0561 166892.49   0.0    -20.17   0.2  07.06.2026  13:58:54
 10  16   9  15  $12    0.001    38.9053 147512.40   0.0    -10.85   1.0  07.06.2026  13:58:57
 11   3   9   1  $12    0.001    11.5478  98941.05   0.0     44.20   0.8  07.06.2026  13:58:59
 11   4   9   2  $12    0.001    11.5491 105336.38   0.0     46.45   1.0  07.06.2026  13:59:01
 11   4   9   3  $12    0.001    11.8662  63453.09   0.0     45.38   2.6  07.06.2026  13:59:03
 11   7   9   5  $12    0.001    11.1500 210171.84   0.0     50.17   2.4  07.06.2026  13:59:05
 11   7  15   3  $12    0.100    14.3568   3608.26   0.0    -14.67   1.1  07.06.2026  13:59:11
 11   8   9   6  $12    0.001    11.1044 348856.03   0.0     43.73   0.5  07.06.2026  13:59:18
 11  12   1   2  $12    1.000     3.1773   9881.87   0.2   -372.18   0.6  07.06.2026  13:59:26
 11  12   5   6  $12    0.100    -3.4133  22518.67   0.1    -16.31   5.6  07.06.2026  13:59:30
 11  12  13  14  $12    0.010     6.0957  11490.05   0.0     29.39   1.8  07.06.2026  13:59:35
 11  15   7   3  $12    0.010     3.7497  28272.03   0.0      0.84  55.1  07.06.2026  13:59:37
 11  15   9  13  $12    0.001    11.1269 209737.50   0.0     22.37   0.8  07.06.2026  13:59:42
 11  16   9  14  $12    0.001    10.1652 121933.43   0.0     20.71   0.7  07.06.2026  13:59:44
 12   4   9   1  $12    0.010     9.6796  16185.61   0.1    128.68   0.4  07.06.2026  13:59:48
 12   8   9   5  $12    0.010     6.6290   8746.81   0.0    186.91   1.1  07.06.2026  13:59:50
 12   8  16   4  $12    0.100     5.9169   1487.08   0.0     -2.43   5.7  07.06.2026  13:59:54
 12  11   9  10  $12    0.010     9.6760  18238.82   0.0     73.31   0.6  07.06.2026  13:59:59
 12  16   8   4  $12    0.100    16.9311  12765.75   0.0     14.94   1.1  07.06.2026  14:00:03
 12  16   9  13  $12    0.010     9.0314  11916.69   0.3    161.10   0.7  07.06.2026  14:00:08
 13   1   9   5  $12    0.001     4.9881 125364.27   0.0     15.68   0.8  07.06.2026  14:00:13
 13   1  14   2  $12    0.001    17.8686  61278.11   0.0     17.43   6.2  07.06.2026  14:00:15
 13   1  15   3  $12    0.001     2.7602  20931.05   0.1     17.25   7.3  07.06.2026  14:00:17
 13   1  16   4  $12    0.010     2.9593   3803.32   0.0     98.23   0.3  07.06.2026  14:00:20
 13   2  14   3  $12    0.001    17.6759  61134.41   0.0     13.33   3.0  07.06.2026  14:00:25
 13   2  15   4  $12    0.001     2.7755  21477.67   0.0     22.71   1.6  07.06.2026  14:00:27
 13   3  14   4  $12    0.001    17.7339  61972.59   0.0     19.79   2.1  07.06.2026  14:00:29
 13   5  14   6  $12    0.001    19.2515  69277.68   0.0      1.05  24.3  07.06.2026  14:00:31
 13   5  15   7  $12    0.001     3.3092  28353.14   0.0     -8.79   4.0  07.06.2026  14:00:33
 13   5  16   8  $12    0.010     4.9543   8284.30   0.0     55.68   0.3  07.06.2026  14:00:37
 13   6  14   7  $12    0.001    20.3527  74856.60   0.0     15.11   0.2  07.06.2026  14:00:42
 13   6  15   8  $12    0.001     3.2549  29687.39   0.0     26.08   2.5  07.06.2026  14:00:44
 13   7  15   8  $12    0.001     5.4432  29106.98   0.0     13.12   0.3  07.06.2026  14:00:46
 13   9   1   5  $12    0.010     6.1772  46575.28   0.0   -109.91   0.4  07.06.2026  14:00:50
 13   9  14  10  $12    0.001    39.7950 170481.23   0.0    -44.55   0.6  07.06.2026  14:00:55
 13   9  15  11  $12    0.001    11.9399 225062.30   0.1     30.01   4.0  07.06.2026  14:00:57
 13   9  16  12  $12    0.010     9.7457  12859.14   0.0    206.89   0.0  07.06.2026  14:01:01
 13  10  14  11  $12    0.001    27.2899 137173.83   0.0     -3.66   1.4  07.06.2026  14:01:06
 13  10  15  12  $12    0.001     3.4720 109077.28   0.0     27.57   0.5  07.06.2026  14:01:08
 13  11  14  12  $12    0.001    17.5402 165312.22   0.0     26.19   0.2  07.06.2026  14:01:11
 13  14   1   2  $12    0.100     1.2085  65151.97   0.2  -1256.62   0.2  07.06.2026  14:01:19
 13  14   2   3  $12    0.100     2.9272 121390.04   0.1    310.27   1.1  07.06.2026  14:01:21
 13  14   3   4  $12    0.100    -0.0233    726.12   5.4 -55321.47   5.2  07.06.2026  14:01:35
 13  14   5   6  $12    0.100   -11.7288 185709.77   0.0   -488.09   0.1  07.06.2026  14:01:37
 13  14   6   7  $12    0.100     5.4858  57906.26   0.0   -526.02   0.4  07.06.2026  14:01:39
 13  14   7   8  $12    0.100    -8.1019  53450.72   0.0   -542.01   0.0  07.06.2026  14:01:41
 13  14   9  10  $12    0.010    11.0827 208904.75   0.0   -320.28   0.1  07.06.2026  14:01:46
 13  14  10  11  $12    0.010    11.3570  85629.86   0.1    395.62   1.1  07.06.2026  14:01:48
 13  14  11  12  $12    0.010     7.1467  13471.22   0.0     62.40   3.4  07.06.2026  14:01:50
 13  14  16  15  $12    0.010    18.9213  35665.74   0.0    -17.78   0.2  07.06.2026  14:01:52
 13  15   1   3  $12    0.100     3.2216  42508.22   0.0   -224.96   0.0  07.06.2026  14:01:56
 13  15   2   4  $12    0.100     6.3806  64495.90   0.0    385.11   0.0  07.06.2026  14:01:58
 13  15   5   7  $12    0.100    -8.1434  30699.87   0.0   -425.87   0.0  07.06.2026  14:02:00
 13  15   6   8  $12    0.100    -2.9325   7254.93   0.1   -574.80   0.0  07.06.2026  14:02:02
 13  15   9  11  $12    0.001     3.3727 127146.57   0.0     46.68   2.5  07.06.2026  14:02:10
 13  15  10  12  $12    0.001     2.8284  33321.79   0.8    350.26   2.3  07.06.2026  14:02:12
 13  16   1   4  $12    0.100     5.5916  31619.76   0.1     73.66   3.7  07.06.2026  14:02:17
 13  16   5   8  $12    0.100   -14.3514  22042.24   0.0   -491.39   0.0  07.06.2026  14:02:19
 13  16   9  12  $12    0.001     4.7700  46621.46   0.0     46.94   0.8  07.06.2026  14:02:27
 13  16  14  15  $12    0.001    15.4023  96775.26   0.0      1.89  23.8  07.06.2026  14:02:29
 14   2  10   6  $12    0.010    15.9703  40137.67   0.1     85.46   1.2  07.06.2026  14:02:33
 14   2  13   1  $12    0.001    18.8002  64472.85   0.0     13.10   5.3  07.06.2026  14:02:38
 14   3  13   2  $12    0.001    18.6580  64531.32   0.0     14.38   0.9  07.06.2026  14:02:40
 14   4  13   3  $12    0.001    18.7428  65498.08   0.0     14.70   1.4  07.06.2026  14:02:42
 14   6  13   5  $12    0.001    20.0744  72238.62   0.0     10.07   3.5  07.06.2026  14:02:44
 14   7  13   6  $12    0.001    21.4837  79016.36   0.0     11.21   5.8  07.06.2026  14:02:46
 14  10   2   6  $12    0.010     5.4612  41176.50   0.0      4.91   0.7  07.06.2026  14:02:50
 14  10  13   9  $12    0.001    51.7625 221750.18   0.0    -19.28   0.2  07.06.2026  14:02:55
 14  11  13  10  $12    0.001    27.8510 139994.58   0.0     22.01   0.7  07.06.2026  14:02:58
 14  12  13  11  $12    0.001    18.5783 175095.90   0.0     27.57   2.9  07.06.2026  14:03:00
 14  15   1   2  $12    0.100    -1.9178 131588.02   0.0    375.60   0.0  07.06.2026  14:03:09
 14  15   5   6  $12    0.100    -3.0111  68110.13   0.5   -510.41   1.0  07.06.2026  14:03:11
 14  15   9  10  $12    0.010     2.8557 107658.82   0.1   -263.20   1.5  07.06.2026  14:03:15
 14  15  13  16  $12    0.001    15.1755  95350.74   0.0     10.51   1.0  07.06.2026  14:03:20
 14  16   1   3  $12    1.000    -6.5634  11057.26   0.3    224.27   3.7  07.06.2026  14:03:28
 14  16   2   4  $12    0.100     3.7084  48931.01   0.1    259.19   0.2  07.06.2026  14:03:33
 14  16   5   7  $12    0.100    -2.6730  14548.51   0.0   -477.72   0.5  07.06.2026  14:03:35
 14  16   6   8  $12    1.000    -2.5262    952.34   0.9   -961.47   0.4  07.06.2026  14:03:39
 14  16   9  11  $12    0.010    13.1225 108217.14   0.0     26.05   0.9  07.06.2026  14:03:47
 14  16  10  12  $12    0.010    13.2837  50078.34   0.0    148.58   0.7  07.06.2026  14:03:49
 15   3  11   7  $12    0.100    16.6576   4186.51   0.0      3.42   3.0  07.06.2026  14:03:52
 15   3  13   1  $12    0.001     3.2955  24990.62   0.6     13.53   7.4  07.06.2026  14:04:00
 15   4  13   2  $12    0.001     3.2977  25518.73   0.1     10.07  43.2  07.06.2026  14:04:02
 15   7  13   5  $12    0.001     3.7973  32535.18   0.2     -6.78  56.2  07.06.2026  14:04:05
 15   8  13   6  $12    0.001     3.8239  34876.79   0.3      4.41  40.1  07.06.2026  14:04:07
 15   8  13   7  $12    0.001     5.9933  32048.55   0.0      7.61   6.0  07.06.2026  14:04:09
 15  11   3   7  $12    0.010     4.1480  31274.97   0.1     22.59   3.6  07.06.2026  14:04:12
 15  11  13   9  $12    0.001    12.5776 237082.99   0.0     37.09   0.4  07.06.2026  14:04:17
 15  12  13  10  $12    0.001     3.9858 125217.65   0.2     52.96   5.1  07.06.2026  14:04:19
 15  16   1   2  $12    1.000    -4.6253  39668.93   1.0    375.49   0.7  07.06.2026  14:04:31
 15  16   5   6  $12    1.000   -12.0989  37629.81   0.1   -444.37   0.3  07.06.2026  14:04:33
 15  16   9  10  $12    0.100    13.9171  91815.93   0.2   -359.04   0.3  07.06.2026  14:04:38
 16   4  12   8  $12    0.100     5.8836   1478.70   0.1     10.16   2.9  07.06.2026  14:04:40
 16   4  13   1  $12    0.010     3.1764   4082.33   0.0     51.82   2.0  07.06.2026  14:04:45
 16   8  13   5  $12    0.010     5.1365   8588.91   0.1     29.29   7.7  07.06.2026  14:04:47
 16  12   4   8  $12    0.100    17.1312  12916.63   0.0     15.28   0.1  07.06.2026  14:04:51
 16  12  13   9  $12    0.010     9.2439  12197.09   0.1    151.31   1.2  07.06.2026  14:04:56
 16  15  13  14  $12    0.010    23.0359  43421.73   0.1     -9.00   3.2  07.06.2026  14:04:58
