//C:\Users\user\Desktop\GeoTom\GeoTomE724.ini
//- Cable direction:
//  cable I: normal
//  cable II: normal
//  cable III: normal
//  cable IV: normal
//- Cable arrangement: sequential
//- Optimization: Last measurement
//- Sorting: Multi-level
//- Current levels: 0.001 mA .. 10.0 mA
Type:         Flow
Name:         Hyprop
Comment:      Example of a measurements sequence
Comment:      
Comment:      
Spacing:      1.00000
First El:     0.00000
Nr of points: 312
IP present:   1

  1   2   4   3  $12    0.100    11.2331   2117.39   0.0     50.89   1.3  06.06.2026  23:45:03
  1   2   5   6  $12    1.000    13.3960   2525.09   0.1   -304.06   0.5  06.06.2026  23:45:07
  1   2   6   7  $12    1.000     0.6601    248.86   0.1   3281.94   0.4  06.06.2026  23:45:09
  1   2   7   8  $12    1.000    10.0296   6616.90   0.0   -342.82   0.8  06.06.2026  23:45:11
  1   2   9  10  $12    0.100    -4.1762  66123.74   0.1   -598.06   1.4  06.06.2026  23:45:16
  1   2  10  11  $12    0.100     6.0420 136667.75   0.2   -579.17   0.0  06.06.2026  23:45:18
  1   2  11  12  $12    1.000     9.5463  29690.59   0.2   -360.84   0.0  06.06.2026  23:45:22
  1   2  13  14  $12    1.000    16.6530  89776.02   0.1   -134.99   1.1  06.06.2026  23:45:24
  1   2  14  15  $12    1.000     3.8224  26226.08   0.1   -545.69   0.3  06.06.2026  23:45:26
  1   2  15  16  $12    1.000     1.5308  13129.18   0.2   -467.57   0.4  06.06.2026  23:45:32
  1   3   5   7  $12    1.000    20.3944    768.85   0.0    -36.06   5.8  06.06.2026  23:45:34
  1   3   6   8  $12    1.000    16.9585   1398.51   0.1    -16.74  24.0  06.06.2026  23:45:36
  1   3   9  11  $12    1.000     4.3232   1629.82   0.2   -564.28   0.5  06.06.2026  23:45:38
  1   3  10  12  $12    1.000    13.8723   7550.40   0.9   -508.23   1.9  06.06.2026  23:45:40
  1   3  13  15  $12    0.100     3.8652  51000.41   0.1    -80.77   2.2  06.06.2026  23:45:45
  1   3  14  16  $12    1.000    13.7655  23190.44   0.0    -51.90   1.3  06.06.2026  23:45:49
  1   4   2   3  $12    0.010     5.2928   3325.57   0.0      6.40   7.9  06.06.2026  23:45:57
  1   4   5   8  $12    0.100     2.1498    210.12   0.1     89.71   4.1  06.06.2026  23:46:01
  1   4   9  12  $12    1.000    -3.6351    558.31   0.0  -1117.59   0.2  06.06.2026  23:46:05
  1   4  13  16  $12    0.100     4.4524  25177.67   0.2     53.55   1.2  06.06.2026  23:46:09
  1   5   2   6  $12    0.010    15.0493   6447.08   0.0     11.11   3.1  06.06.2026  23:46:14
  1   5   3   7  $12    0.010     4.2524   8015.59   0.1     34.33  34.4  06.06.2026  23:46:16
  1   5   4   8  $12    0.010     2.8584   3771.57   0.0     -1.43  35.9  06.06.2026  23:46:19
  1   5  13   9  $12    0.010     3.2506  24509.26   0.3      6.66  39.1  06.06.2026  23:46:21
  1   6   2   7  $12    0.010    21.3692   8480.01   0.0     16.08   9.9  06.06.2026  23:46:23
  1   6   3   8  $12    0.010     5.2648   6315.25   0.2     -4.22  32.0  06.06.2026  23:46:25
  1   7   2   8  $12    0.001     2.7363  10374.86   0.2     -0.30 343.4  06.06.2026  23:46:30
  1   9   2  10  $12    0.001    31.9941 115132.43   0.0     20.55   2.3  06.06.2026  23:46:32
  1   9   3  11  $12    0.001     8.2972  71090.33   0.0     54.40   4.0  06.06.2026  23:46:34
  1   9   4  12  $12    0.010    11.2710  18846.58   0.0    205.46   0.0  06.06.2026  23:46:38
  1  10   2  11  $12    0.001     9.5653  33859.35   0.0     44.94   0.2  06.06.2026  23:46:43
  1  10   3  12  $12    0.010    13.4379  11019.23   0.0    162.64   0.0  06.06.2026  23:46:47
  1  11   3  12  $12    0.010    10.7283   5249.49   0.0    161.78   0.0  06.06.2026  23:46:49
  1  13   2  14  $12    0.001     7.7782  26674.33   0.1     50.12   0.7  06.06.2026  23:46:54
  1  13   3  15  $12    0.010    13.1801   9994.70   0.0     49.32   0.2  06.06.2026  23:46:58
  1  13   4  16  $12    0.010     2.4434   3140.29   0.0     82.94   0.0  06.06.2026  23:47:00
  1  13   5   9  $12    0.010    22.3603  56197.60   0.0     46.09   0.5  06.06.2026  23:47:02
  1  14   2  15  $12    0.001     4.0034  13632.06   0.0     19.36   0.6  06.06.2026  23:47:07
  1  14   3  16  $12    0.010     5.3664   4002.52   0.0     60.01   0.3  06.06.2026  23:47:12
  1  15   2  16  $12    0.010     8.0251   2716.17   0.2     37.18   2.6  06.06.2026  23:47:14
  2   3   1   4  $12    0.010     5.4445   3420.89   0.2     32.95   1.4  06.06.2026  23:47:16
  2   3   5   6  $12    1.000    -7.7280    582.68   0.9   -841.12   0.4  06.06.2026  23:47:23
  2   3   9  10  $12    0.100     2.4146  25487.62   0.9   -537.78   0.3  06.06.2026  23:47:28
  2   3  13  14  $12    1.000     7.7143  31990.34   1.6    535.95   6.3  06.06.2026  23:47:36
  2   4   5   7  $12    1.000     8.0642     95.00   0.0    274.08   0.5  06.06.2026  23:47:38
  2   4   6   8  $12    1.000     7.8580    296.24   0.0    178.39   0.1  06.06.2026  23:47:40
  2   4   9  11  $12    1.000   -14.0555   3477.33   0.0   -552.51   0.1  06.06.2026  23:47:42
  2   4  10  12  $12    0.100    -6.9194  26085.52   0.0   -577.62   0.4  06.06.2026  23:47:47
  2   4  13  15  $12    1.000    18.9284  19132.97   0.0    308.03   0.0  06.06.2026  23:47:51
  2   4  14  16  $12    1.000    11.2326  14821.11   0.0    270.28   0.2  06.06.2026  23:47:53
  2   6   1   5  $12    0.010    14.1638   6067.77   0.0      4.90   3.0  06.06.2026  23:48:01
  2   6  14  10  $12    0.010     2.4082  18157.49   0.2    -19.40   1.5  06.06.2026  23:48:03
  2   7   1   6  $12    0.010    20.5381   8150.20   0.0     14.22   0.1  06.06.2026  23:48:05
  2   8   1   7  $12    0.001     2.9917  11343.11   0.2     22.46   4.8  06.06.2026  23:48:10
  2  10   1   9  $12    0.001    32.5969 117301.46   0.0      2.16   9.8  06.06.2026  23:48:12
  2  11   1  10  $12    0.001     9.5130  33674.44   0.2     15.38  11.8  06.06.2026  23:48:14
  2  14   1  13  $12    0.001     9.1777  31473.75   0.1     15.61  12.1  06.06.2026  23:48:16
  2  14   6  10  $12    0.010     9.3655  23538.02   0.0     52.86   1.8  06.06.2026  23:48:20
  2  15   1  14  $12    0.001     3.3978  11569.63   0.0      7.07   5.1  06.06.2026  23:48:25
  2  16   1  15  $12    0.010     7.7236   2614.14   0.0     20.53   0.2  06.06.2026  23:48:29
  3   4   5   6  $12    1.000    -5.3312    100.49   0.2   -643.14   0.1  06.06.2026  23:48:34
  3   4   9  10  $12    1.000    22.2867  14703.33   0.0   -600.03   0.2  06.06.2026  23:48:36
  3   4  13  14  $12    1.000    -1.6526   5139.80   0.5  -2017.32   0.3  06.06.2026  23:48:38
  3   7   1   5  $12    0.010     4.2061   7928.25   0.0     35.95   1.2  06.06.2026  23:48:46
  3   7  15  11  $12    0.010     2.4037  18123.83   0.0     10.13   2.7  06.06.2026  23:48:48
  3   8   1   6  $12    0.010     5.1810   6214.70   0.0      2.83   8.8  06.06.2026  23:48:50
  3  11   1   9  $12    0.001     7.9003  67690.02   0.0     38.52   0.5  06.06.2026  23:48:55
  3  12   1  10  $12    0.010    10.5345   8638.36   0.0    115.94   0.5  06.06.2026  23:48:59
  3  12   1  11  $12    0.010     8.9264   4367.80   0.0    114.46   0.1  06.06.2026  23:49:01
  3  15   1  13  $12    0.010    13.2431  10042.45   0.0     50.55   1.6  06.06.2026  23:49:03
  3  15   7  11  $12    0.100     9.7104   2440.49   0.0      8.49   1.9  06.06.2026  23:49:07
  3  16   1  14  $12    0.010     4.9544   3695.20   0.0     34.15   0.4  06.06.2026  23:49:12
  3   4   1   2  $12    0.100    -7.7131   1453.88   0.0     37.62   4.0  06.06.2026  23:49:15
  4   8   1   5  $12    0.010     2.8488   3758.88   0.0      1.95  19.9  06.06.2026  23:49:20
  4   8  16  12  $12    0.100    16.9174  12755.42   0.0     38.90   0.1  06.06.2026  23:49:24
  4  12   1   9  $12    0.010     8.3093  13894.27   0.2    107.78   0.4  06.06.2026  23:49:29
  4  16   1  13  $12    0.010     2.5056   3220.22   0.2     88.38   1.9  06.06.2026  23:49:31
  4  16   8  12  $12    0.100     5.4828   1377.99   0.0     -2.93   2.3  06.06.2026  23:49:35
  5   1   6   2  $12    0.010    14.7718   6328.23   0.0     15.12   0.2  06.06.2026  23:49:40
  5   1   7   3  $12    0.010     4.3921   8278.92   0.4     34.21  21.5  06.06.2026  23:49:42
  5   1   8   4  $12    0.010     2.8771   3796.21   0.1     -2.38  27.3  06.06.2026  23:49:44
  5   1   9  13  $12    0.010     3.2117  24215.35   0.0     24.31  10.0  06.06.2026  23:49:46
  5   2   6   3  $12    0.010    13.3536   6712.28   0.0     17.15   1.9  06.06.2026  23:49:48
  5   2   7   4  $12    0.010     4.5315  14235.98   0.0     38.81   1.6  06.06.2026  23:49:50
  5   3   6   4  $12    0.010    14.2576  13437.45   0.0     24.22   0.4  06.06.2026  23:49:52
  5   6   1   2  $12    1.000    17.5395   3306.12   0.0   -390.76   0.3  06.06.2026  23:49:57
  5   6   2   3  $12    1.000    -8.1253    612.64   0.3  -1142.57   0.4  06.06.2026  23:49:59
  5   6   3   4  $12    1.000     3.1796     59.93   0.9   -690.91   0.7  06.06.2026  23:50:01
  5   6   7   8  $12    0.010   -11.7922  22227.81   0.0     -0.34  82.3  06.06.2026  23:50:09
  5   6   9  10  $12    0.100    15.5660  29341.14   0.0   -533.23   0.0  06.06.2026  23:50:13
  5   6  10  11  $12    0.100   -14.4453  54457.52   0.0   -821.43   0.1  06.06.2026  23:50:15
  5   6  11  12  $12    1.000    -7.2090   4756.01   0.8   -428.73   0.0  06.06.2026  23:50:19
  5   6  13  14  $12    1.000     3.6103   5716.37   0.5   1011.82   0.1  06.06.2026  23:50:21
  5   6  14  15  $12    1.000     0.6333   1432.46   0.9  -5027.20   0.8  06.06.2026  23:50:24
  5   6  15  16  $12    1.000    -0.1600    497.69   2.9  -3357.75   3.2  06.06.2026  23:50:40
  5   7   1   3  $12    0.100     2.3930    902.14   0.0    -84.78   0.4  06.06.2026  23:50:45
  5   7   2   4  $12    0.100     0.2378     28.02   0.1   2016.84   0.3  06.06.2026  23:50:50
  5   7   9  11  $12    0.100     1.4007    528.06   0.3   1398.19   0.3  06.06.2026  23:50:56
  5   7  10  12  $12    0.100    -9.0053   7426.34   0.2   -650.63   0.6  06.06.2026  23:50:58
  5   7  13  15  $12    0.100    -1.9566   7376.39   0.0   -564.63   0.7  06.06.2026  23:51:03
  5   7  14  16  $12    0.100    -0.3681   2003.55   0.7  -1046.00   0.6  06.06.2026  23:51:08
  5   8   1   4  $12    0.100     2.0871    203.99   0.1    102.56   2.6  06.06.2026  23:51:10
  5   8   6   7  $12    0.001     2.6647  16742.74   0.1     -4.56  20.4  06.06.2026  23:51:18
  5   8   9  12  $12    0.100    -4.2764    417.97   0.1  -1253.90   0.1  06.06.2026  23:51:23
  5   8  13  16  $12    0.100    -5.9786   9182.49   0.4   -557.08   0.5  06.06.2026  23:51:25
  5   9   1  13  $12    0.001     2.6911  67634.10   0.1     60.32   2.0  06.06.2026  23:51:33
  5   9   6  10  $12    0.001    32.8642 140789.94   0.0     -1.15  15.6  06.06.2026  23:51:36
  5   9   7  11  $12    0.001     8.1248 153148.53   0.1     28.53   2.6  06.06.2026  23:51:38
  5   9   8  12  $12    0.010     7.9832  10533.53   0.0    266.84   0.0  06.06.2026  23:51:42
  5  10   6  11  $12    0.001     9.7543  38708.11   0.0     30.24   0.1  06.06.2026  23:51:47
  5  10   7  12  $12    0.010    11.3742  13643.50   0.0    119.13   0.0  06.06.2026  23:51:50
  5  11   6  12  $12    0.010    14.6254   5545.32   0.0    119.52   0.2  06.06.2026  23:51:53
  5  13   6  14  $12    0.001     8.2455  29671.92   0.0     22.22   0.6  06.06.2026  23:51:57
  5  13   7  15  $12    0.010    14.8812  12750.18   0.0     48.85   0.1  06.06.2026  23:52:01
  5  13   8  16  $12    0.010     3.6654   6129.13   0.1     57.96   2.7  06.06.2026  23:52:03
  5  14   6  15  $12    0.001     4.6102  16319.18   0.0     -8.06   1.5  06.06.2026  23:52:08
  5  14   7  16  $12    0.010     6.9906   5732.36   0.0     65.35   0.5  06.06.2026  23:52:12
  5  15   7  16  $12    0.010     6.5829   3221.08   0.0     55.62   0.5  06.06.2026  23:52:14
  6   2   5   1  $12    0.010    13.5372   5799.33   0.0     10.57   5.1  06.06.2026  23:52:16
  6   2  10  14  $12    0.010     2.6581  20041.67   0.1    -25.60  14.9  06.06.2026  23:52:18
  6   3   5   2  $12    0.010    12.0314   6047.67   0.0     13.39   2.9  06.06.2026  23:52:20
  6   4   5   3  $12    0.010    12.8876  12146.31   0.0     14.76   3.5  06.06.2026  23:52:22
  6   7   1   2  $12    1.000    -1.6134    608.25   0.9  -1213.09   1.5  06.06.2026  23:52:31
  6   7   5   8  $12    0.001     2.5321  15909.80   0.1     -2.80 129.1  06.06.2026  23:52:41
  6   7   9  10  $12    0.100   -10.1896   7682.79   0.0   -642.18   0.0  06.06.2026  23:52:47
  6   7  13  14  $12    0.100     3.4524  36442.57   0.1   -406.26   0.8  06.06.2026  23:52:49
  6   8   1   3  $12    1.000    17.5640   1448.45   0.0    -35.41   0.3  06.06.2026  23:52:53
  6   8   2   4  $12    1.000     7.8725    296.79   0.0    186.51   0.0  06.06.2026  23:52:55
  6   8   9  11  $12    1.000   -10.4257    122.83   0.0   -642.44   0.1  06.06.2026  23:52:57
  6   8  10  12  $12    0.100    -6.6256   2497.78   0.0   -361.02   0.8  06.06.2026  23:53:02
  6   8  13  15  $12    1.000    -6.7263   1664.10   0.0   -454.95   0.5  06.06.2026  23:53:06
  6   8  14  16  $12   10.000    10.8942    410.70   0.6   -626.49   1.2  06.06.2026  23:53:09
  6  10   2  14  $12    0.010     9.4411  23728.06   0.0     35.88   0.0  06.06.2026  23:53:21
  6  10   5   9  $12    0.001    33.3892 143039.20   0.0    -22.35   0.0  06.06.2026  23:53:26
  6  11   5  10  $12    0.001     9.5242  37795.28   0.2     11.71  32.5  06.06.2026  23:53:28
  6  12   5  11  $12    0.010    12.9998   4928.98   0.0     80.93   0.0  06.06.2026  23:53:33
  6  14   5  13  $12    0.001     8.8818  31961.73   0.0     44.20   0.5  06.06.2026  23:53:38
  6  15   5  14  $12    0.001     4.1817  14802.45   0.0      9.97   6.0  06.06.2026  23:53:40
  7   3   5   1  $12    0.010     4.0343   7604.55   0.0     45.63   1.7  06.06.2026  23:53:44
  7   3  11  15  $12    0.010     2.4767  18673.88   0.1     18.64  73.6  06.06.2026  23:53:46
  7   4   5   2  $12    0.010     4.2761  13433.68   0.2     29.07   3.8  06.06.2026  23:53:48
  7   8   1   2  $12    1.000    10.0191   6609.96   0.0   -191.03   0.9  06.06.2026  23:53:53
  7   8   9  10  $12    0.100    12.8568   2423.45   0.1   -563.54   0.1  06.06.2026  23:53:58
  7   8  13  14  $12    0.100    -3.6287  23940.10   0.3   -408.98   2.1  06.06.2026  23:54:00
  7  11   3  15  $12    0.100     9.7220   2443.39   0.0     16.20   0.4  06.06.2026  23:54:02
  7  11   5   9  $12    0.001     7.7204 145526.62   0.0     22.43   1.6  06.06.2026  23:54:10
  7  12   5  10  $12    0.010     8.7075  10444.82   0.0     56.51   2.3  06.06.2026  23:54:15
  7  15   5  13  $12    0.010    15.3338  13138.00   0.2     36.12   6.5  06.06.2026  23:54:17
  7  16   5  14  $12    0.010     6.7293   5518.10   0.0     59.73   0.8  06.06.2026  23:54:19
  7  16   5  15  $12    0.010     6.5736   3216.54   0.0     54.87   1.5  06.06.2026  23:54:21
  8   4   5   1  $12    0.010     2.7761   3662.94   0.2      8.28   4.0  06.06.2026  23:54:23
  8   4  12  16  $12    0.100    16.6917  12585.23   0.0     39.43   1.0  06.06.2026  23:54:27
  7   8   5   6  $12    0.010   -10.5320  19852.31   0.0      8.72   0.7  06.06.2026  23:54:31
  8  12   4  16  $12    0.100     5.4259   1363.68   0.0     -3.99   7.2  06.06.2026  23:54:35
  8  12   5   9  $12    0.010     5.8586   7730.28   0.1    161.23   0.1  06.06.2026  23:54:40
  8  16   5  13  $12    0.010     3.7417   6256.57   0.2     52.88   3.3  06.06.2026  23:54:42
  9   1  10   2  $12    0.001    32.2517 116059.57   0.0     21.55   0.4  06.06.2026  23:54:48
  9   1  11   3  $12    0.001     8.0903  69317.14   0.1     46.50   5.5  06.06.2026  23:54:50
  9   1  12   4  $12    0.010     9.7194  16252.20   0.0    179.47   0.1  06.06.2026  23:54:53
  9   2  10   3  $12    0.001    32.1100 118099.51   0.0     19.53   1.7  06.06.2026  23:54:59
  9   2  11   4  $12    0.001     8.2676  75406.61   0.2     62.82   5.9  06.06.2026  23:55:01
  9   3  11   4  $12    0.001     8.5297  45611.44   0.0     40.29   0.5  06.06.2026  23:55:03
  9   5  10   6  $12    0.001    32.5897 139613.79   0.0     11.35   2.3  06.06.2026  23:55:05
  9   5  11   7  $12    0.001     8.1777 154145.81   0.1     37.60   7.5  06.06.2026  23:55:07
  9   5  12   8  $12    0.010     7.5347   9941.83   0.0    245.75   0.0  06.06.2026  23:55:11
  9   5  13   1  $12    0.001     2.6525  66664.41   0.0     76.05   4.5  06.06.2026  23:55:16
  9   6  10   7  $12    0.001    32.8823 165284.23   0.0     17.63   3.4  06.06.2026  23:55:18
  9   6  11   8  $12    0.001     7.9381 249383.83   0.1     52.70   2.8  06.06.2026  23:55:21
  9   7  10   8  $12    0.001    33.5265 315979.90   0.0     18.62   5.3  06.06.2026  23:55:23
  9  10   1   2  $12    0.100    -3.5375  56010.93   0.0   -421.33   0.2  06.06.2026  23:55:29
  9  10   2   3  $12    0.100     0.8385   8851.45   0.1   -972.49   0.1  06.06.2026  23:55:43
  9  10   3   4  $12    0.100     2.6850  17713.72   0.0   -429.35   0.5  06.06.2026  23:55:45
  9  10   5   6  $12    0.100     8.8221  16629.29   0.0   -514.26   0.0  06.06.2026  23:55:47
  9  10   6   7  $12    0.100    -3.2131   2422.61   0.0   -872.56   0.3  06.06.2026  23:55:49
  9  10   7   8  $12    0.100     5.4943   1035.64   0.0   -621.73   0.0  06.06.2026  23:55:51
  9  10  12  11  $12    0.010     9.0344  17029.47   0.0     56.05   0.0  06.06.2026  23:55:56
  9  10  13  14  $12    0.010     3.8858  73245.26   0.0    -95.52   0.7  06.06.2026  23:55:58
  9  10  14  15  $12    0.100    14.1037  53169.73   0.0   -166.90   0.4  06.06.2026  23:56:01
  9  10  15  16  $12    0.100     3.0746  20284.46   0.6    196.14   5.2  06.06.2026  23:56:03
  9  11   1   3  $12    0.100     1.5012   5659.31   0.1   -537.44   0.5  06.06.2026  23:56:09
  9  11   2   4  $12    0.100    -2.6758   6620.06   0.2   -512.28   0.1  06.06.2026  23:56:11
  9  11   5   7  $12    0.100     1.8679    704.17   0.1    569.73   0.4  06.06.2026  23:56:16
  9  11   6   8  $12    0.100    -1.4555    171.47   0.2   -471.33   0.1  06.06.2026  23:56:21
  9  11  13  15  $12    0.010    17.3584  65439.53   0.0     99.71   0.1  06.06.2026  23:56:26
  9  11  14  16  $12    0.010     7.7921  64258.63   0.0     23.65   0.4  06.06.2026  23:56:28
  9  12   1   4  $12    0.100    -0.2024    310.80   0.5  -1505.99   0.6  06.06.2026  23:56:35
  9  12   5   8  $12    0.100    -3.0139    294.57   0.2  -1337.47   0.1  06.06.2026  23:56:37
  9  12  10  11  $12    0.001    23.6263 148448.73   0.0     15.58   2.1  06.06.2026  23:56:45
  9  12  13  16  $12    0.001     2.3361  22832.23   0.6     59.28  21.4  06.06.2026  23:56:47
  9  13   5   1  $12    0.010     2.7175  20489.25   0.0     65.32   1.7  06.06.2026  23:56:51
  9  13  10  14  $12    0.001    36.5661 156648.93   0.0    -13.76   2.7  06.06.2026  23:56:57
  9  13  11  15  $12    0.001     8.5981 162070.72   0.3      0.01 365.7  06.06.2026  23:56:59
  9  13  12  16  $12    0.010     6.8314   9013.77   0.0    174.71   0.0  06.06.2026  23:57:02
  9  14  10  15  $12    0.001    34.5508 137108.84   0.0     -1.27  47.6  06.06.2026  23:57:08
  9  14  11  16  $12    0.001     8.1053  97224.61   0.3     39.48   3.2  06.06.2026  23:57:10
  9  15  10  16  $12    0.001    31.8923 120921.97   0.1     13.62   6.6  06.06.2026  23:57:12
 10   2   9   1  $12    0.001    33.0027 118762.09   0.0    -18.73   1.8  06.06.2026  23:57:15
 10   3   9   2  $12    0.001    33.1621 121968.98   0.0    -27.22   0.5  06.06.2026  23:57:17
 10   6   9   5  $12    0.001    33.2959 142639.40   0.0    -23.72   0.2  06.06.2026  23:57:20
 10   6  14   2  $12    0.010     9.3848  23586.58   0.0     37.49   0.8  06.06.2026  23:57:24
 10   7   9   6  $12    0.001    33.4353 168063.94   0.0     -6.42   2.6  06.06.2026  23:57:29
 10   8   9   7  $12    0.001    34.3579 323815.82   0.0    -18.14   0.3  06.06.2026  23:57:32
 10  11   1   2  $12    0.100     4.7624 107723.77   0.0   -352.42   0.1  06.06.2026  23:57:37
 10  11   5   6  $12    0.100    -3.8400  14476.42   0.2  -1184.58   0.0  06.06.2026  23:57:39
 10  11   9  12  $12    0.001    24.3838 153208.25   0.0    -29.10   0.5  06.06.2026  23:57:47
 10  11  13  14  $12    0.010     7.1901  54211.81   0.0    264.85   0.0  06.06.2026  23:57:52
 10  12   1   3  $12    0.100     4.8646  26476.88   0.4    -65.02   6.6  06.06.2026  23:57:55
 10  12   2   4  $12    0.100    -3.9215  14783.64   0.1   -578.82   0.6  06.06.2026  23:57:57
 10  12   5   7  $12    0.100    -5.0691   4180.31   0.0   -447.49   0.3  06.06.2026  23:57:59
 10  12   6   8  $12    0.100    -3.3181   1250.89   0.1   -209.81   0.1  06.06.2026  23:58:01
 10  12  13  15  $12    0.010    16.3084  19212.86   0.0    167.13   0.0  06.06.2026  23:58:06
 10  12  14  16  $12    0.010     7.8310  29522.29   0.0     75.20   0.3  06.06.2026  23:58:09
 10  14   6   2  $12    0.010     2.7308  20589.51   0.0    -74.53   0.6  06.06.2026  23:58:11
 10  14   9  13  $12    0.001    37.8779 162268.74   0.0    -29.56   0.3  06.06.2026  23:58:16
 10  15   9  14  $12    0.001    35.0410 139054.32   0.0    -21.64   0.5  06.06.2026  23:58:18
 10  16   9  15  $12    0.001    32.6745 123887.74   0.0    -14.55   0.3  06.06.2026  23:58:21
 11   3   9   1  $12    0.001     8.2537  70717.38   0.0     44.88   1.2  06.06.2026  23:58:23
 11   4   9   2  $12    0.001     8.1507  74340.58   0.0     49.78   0.0  06.06.2026  23:58:25
 11   4   9   3  $12    0.001     8.4042  44940.71   0.0     48.43   0.4  06.06.2026  23:58:27
 11   7   9   5  $12    0.001     7.8622 148199.86   0.0     46.35   2.3  06.06.2026  23:58:29
 11   7  15   3  $12    0.100     9.8596   2477.98   0.0     22.39   0.2  06.06.2026  23:58:34
 11   8   9   6  $12    0.001     7.9064 248385.70   0.0     40.38   1.8  06.06.2026  23:58:42
 11  12   1   2  $12    1.000     2.7482   8547.47   0.1   -291.99   0.2  06.06.2026  23:58:49
 11  12   5   6  $12    1.000     2.7905   1840.99   0.6    556.74   0.8  06.06.2026  23:58:51
 11  12  13  14  $12    0.100    22.1411   4173.49   0.1    137.06   0.1  06.06.2026  23:58:56
 11  15   7   3  $12    0.100    21.4606  16180.93   0.0      7.95   1.3  06.06.2026  23:58:58
 11  15   9  13  $12    0.001     7.4814 141020.19   0.0     27.86   0.9  06.06.2026  23:59:06
 11  16   9  14  $12    0.001     7.1664  85962.24   0.0     30.22   1.4  06.06.2026  23:59:08
 12   4   9   1  $12    0.010     7.6531  12797.01   0.1    107.94   0.7  06.06.2026  23:59:12
 12   8   9   5  $12    0.010     5.2283   6898.58   0.1    160.43   0.7  06.06.2026  23:59:14
 12   8  16   4  $12    0.100     5.4298   1364.65   0.0     -1.90   8.0  06.06.2026  23:59:18
 12  11   9  10  $12    0.010     7.7152  14542.88   0.0     51.70   0.3  06.06.2026  23:59:23
 12  16   8   4  $12    0.100    15.1462  11420.00   0.0     10.25   1.3  06.06.2026  23:59:27
 12  16   9  13  $12    0.010     7.0539   9307.34   0.3    147.58   0.3  06.06.2026  23:59:32
 13   1   9   5  $12    0.010    21.3740  53718.80   0.0     53.13   0.4  06.06.2026  23:59:34
 13   1  14   2  $12    0.001     7.7149  26457.17   0.0     54.16   0.1  06.06.2026  23:59:39
 13   1  15   3  $12    0.010    11.9840   9087.63   0.0     39.90   0.2  06.06.2026  23:59:43
 13   1  16   4  $12    0.010     2.3568   3028.94   0.0     77.84   0.5  06.06.2026  23:59:45
 13   2  14   3  $12    0.001     7.4899  25904.84   0.0     54.39   0.2  06.06.2026  23:59:50
 13   2  15   4  $12    0.010    12.0896   9355.20   0.0     46.62   0.1  06.06.2026  23:59:54
 13   3  14   4  $12    0.001     7.5959  26544.51   0.0     57.14   0.2  06.06.2026  23:59:58
 13   5  14   6  $12    0.001     8.1868  29460.53   0.0     44.26   0.0  07.06.2026  00:00:00
 13   5  15   7  $12    0.010    14.5333  12452.12   0.0     39.14   0.0  07.06.2026  00:00:04
 13   5  16   8  $12    0.010     3.7072   6198.97   0.0     41.99   0.4  07.06.2026  00:00:06
 13   6  14   7  $12    0.001     8.9645  32971.16   0.0     46.63   0.2  07.06.2026  00:00:11
 13   6  15   8  $12    0.010    14.8594  13552.94   0.0     43.17   0.0  07.06.2026  00:00:15
 13   7  15   8  $12    0.001     3.4934  18680.66   0.0     22.00   2.0  07.06.2026  00:00:20
 13   9   1   5  $12    0.010     2.9025  21883.98   0.0     43.62   1.5  07.06.2026  00:00:24
 13   9  14  10  $12    0.001    36.2007 155083.27   0.0      0.22 299.5  07.06.2026  00:00:29
 13   9  15  11  $12    0.001     8.3528 157446.37   0.1     39.89   5.2  07.06.2026  00:00:31
 13   9  16  12  $12    0.010     7.4320   9806.30   0.0    196.27   0.0  07.06.2026  00:00:35
 13  10  14  11  $12    0.001    14.5643  73208.39   0.0     24.23   0.4  07.06.2026  00:00:40
 13  10  15  12  $12    0.010    17.0142  53451.72   0.0     99.05   0.0  07.06.2026  00:00:43
 13  11  14  12  $12    0.001     7.5517  71173.47   0.0     65.66   0.0  07.06.2026  00:00:49
 13  14   1   2  $12    0.100     2.3899 128836.30   0.2   -278.49   0.4  07.06.2026  00:00:54
 13  14   2   3  $12    1.000    16.2999  67594.11   0.7   -435.41   5.1  07.06.2026  00:00:58
 13  14   3   4  $12    1.000     4.8626  15123.45   9.7   1465.90  12.0  07.06.2026  00:01:14
 13  14   5   6  $12    0.100    -2.1356  33814.88   0.9   -515.33   0.9  07.06.2026  00:01:23
 13  14   6   7  $12    0.100     2.1663  22866.57   0.1   -299.83   0.6  07.06.2026  00:01:25
 13  14   7   8  $12    1.000     8.1934   5405.45   0.7  -1752.18   6.1  07.06.2026  00:01:29
 13  14   9  10  $12    0.100     8.3896  15814.06   0.9   -172.81   3.5  07.06.2026  00:01:35
 13  14  10  11  $12    0.100     6.4280   4846.59   0.3    965.03   0.7  07.06.2026  00:01:37
 13  14  11  12  $12    0.100     3.8180    719.67   0.5    248.31   1.0  07.06.2026  00:01:40
 13  14  16  15  $12    0.001     2.4006  45250.71   0.0      0.31  62.2  07.06.2026  00:01:47
 13  15   1   3  $12    0.100     3.9191  51711.78   0.3    -99.49   1.5  07.06.2026  00:01:53
 13  15   2   4  $12    1.000    16.6269  16806.57   0.4   -664.94   0.5  07.06.2026  00:01:57
 13  15   5   7  $12    1.000     5.5411   2088.96  19.1 -10398.30  66.3  07.06.2026  00:02:03
 13  15   6   8  $12    1.000    10.6074   2624.27   0.6   -637.96   1.4  07.06.2026  00:02:05
 13  15   9  11  $12    0.010     8.8250  33269.49   0.0     22.61   0.4  07.06.2026  00:02:13
 13  15  10  12  $12    0.010     7.8453   9242.58   0.3    115.73   1.6  07.06.2026  00:02:15
 13  16   1   4  $12    0.100     4.5838  25920.51   0.0     28.36   0.8  07.06.2026  00:02:19
 13  16   5   8  $12    0.100    -1.9965   3066.39   0.0  -1122.90   0.1  07.06.2026  00:02:23
 13  16   9  12  $12    0.010    10.8272  10582.29   0.0     25.81   0.9  07.06.2026  00:02:28
 13  16  14  15  $12    0.001     3.0040  18874.77   0.0     11.21   2.0  07.06.2026  00:02:33
 14   2  10   6  $12    0.010     9.4646  23787.24   0.1     47.37   5.6  07.06.2026  00:02:37
 14   2  13   1  $12    0.001     4.4138  15136.44   0.1      9.56   9.1  07.06.2026  00:02:42
 14   3  13   2  $12    0.001     4.3216  14946.99   0.0     13.75   2.8  07.06.2026  00:02:44
 14   4  13   3  $12    0.001     4.4755  15639.83   0.0     11.62   8.4  07.06.2026  00:02:46
 14   6  13   5  $12    0.001     5.1426  18505.86   0.1     13.25   6.9  07.06.2026  00:02:48
 14   7  13   6  $12    0.001     6.0546  22268.69   0.1     12.05   6.8  07.06.2026  00:02:50
 14  10   2   6  $12    0.010     2.8418  21426.84   0.1    -64.12   0.5  07.06.2026  00:02:54
 14  10  13   9  $12    0.001    34.0120 145707.12   0.0      8.34   0.6  07.06.2026  00:02:59
 14  11  13  10  $12    0.001    12.1539  61092.13   0.1     34.12   1.9  07.06.2026  00:03:01
 14  12  13  11  $12    0.001     5.0782  47861.04   0.3     44.39   1.6  07.06.2026  00:03:03
 14  15   1   2  $12    1.000     0.3553   2437.90   0.6  -6108.56   0.5  07.06.2026  00:03:14
 14  15   5   6  $12    1.000    -7.0042  15843.06   0.8   -539.11   1.2  07.06.2026  00:03:16
 14  15   9  10  $12    0.100    14.2191  53604.87   0.2   -128.17   0.6  07.06.2026  00:03:21
 14  15  13  16  $12    0.001     4.8337  30371.31   0.0     25.31   1.5  07.06.2026  00:03:29
 14  16   1   3  $12    1.000     8.0832  13617.57   0.3    442.22   1.0  07.06.2026  00:03:36
 14  16   2   4  $12    1.000    15.3476  20250.69   0.2    111.29   9.1  07.06.2026  00:03:38
 14  16   5   7  $12    1.000    -2.5043   1363.02   0.7   -762.90   1.7  07.06.2026  00:03:41
 14  16   6   8  $12    1.000    -0.0459     17.31  12.1 -18388.57  12.4  07.06.2026  00:03:56
 14  16   9  11  $12    0.010     8.5827  70779.08   0.0     11.16   9.2  07.06.2026  00:04:04
 14  16  10  12  $12    0.010     8.8860  33499.28   0.2     56.55   2.9  07.06.2026  00:04:06
 15   3  11   7  $12    0.100    10.4807   2634.09   0.0     13.07   4.5  07.06.2026  00:04:10
 15   3  13   1  $12    0.010    13.1330   9958.93   0.0     14.76   1.4  07.06.2026  00:04:15
 15   4  13   2  $12    0.010    13.1150  10148.70   0.0     19.84   0.7  07.06.2026  00:04:17
 15   7  13   5  $12    0.010    15.4862  13268.59   0.0     11.32   2.6  07.06.2026  00:04:19
 15   8  13   6  $12    0.010    15.8106  14420.48   0.0     19.42   0.2  07.06.2026  00:04:21
 15   8  13   7  $12    0.001     3.4900  18662.33   0.0     10.58   0.0  07.06.2026  00:04:26
 15  11   3   7  $12    0.010     2.4021  18111.35   0.0     13.73   2.8  07.06.2026  00:04:30
 15  11  13   9  $12    0.001     8.2779 156035.49   0.0     45.54   0.5  07.06.2026  00:04:35
 15  12  13  10  $12    0.010    17.4111  54698.57   0.0     70.13   0.9  07.06.2026  00:04:39
 15  16   1   2  $12    1.000     1.3386  11480.66   0.0   -983.19   0.8  07.06.2026  00:04:47
 15  16   5   6  $12    1.000    -3.9172  12183.21   0.8   -681.01   1.7  07.06.2026  00:04:49
 15  16   9  10  $12    0.100     4.7714  31478.82   0.4   -272.32   0.8  07.06.2026  00:04:54
 16   4  12   8  $12    0.100     5.4609   1372.46   0.0     -0.20 194.8  07.06.2026  00:04:56
 16   4  13   1  $12    0.010     2.4997   3212.61   0.4     46.41   2.7  07.06.2026  00:05:01
 16   8  13   5  $12    0.010     3.7937   6343.60   0.0     24.03   4.8  07.06.2026  00:05:03
 16  12   4   8  $12    0.100    15.1784  11444.25   0.0      9.70   0.4  07.06.2026  00:05:07
 16  12  13   9  $12    0.010     6.9606   9184.30   0.1    145.08   0.4  07.06.2026  00:05:12
 16  15  13  14  $12    0.010    21.0082  39599.54   0.0    -22.25   0.5  07.06.2026  00:05:14
