//C:\Users\user\Desktop\GeoTom\GeoTomE724.ini
//- Cable direction:
//  cable I: normal
//  cable II: normal
//  cable III: normal
//  cable IV: normal
//- Cable arrangement: sequential
//- Optimization: Last measurement
//- Sorting: Multi-level
//- Current levels: 0.001 mA .. 0.01 mA
Type:         Flow
Name:         Hyprop
Comment:      Example of a measurements sequence
Comment:      
Comment:      
Spacing:      1.00000
First El:     0.00000
Nr of points: 312
IP present:   1

  1   2   4   3  $12    0.010     0.6509   1226.86   0.6    -27.63  26.0  05.06.2026  13:45:04
  1   2   5   6  $12    0.010     0.0552   1041.33   1.1   -325.71   2.3  05.06.2026  13:45:11
  1   2   6   7  $12    0.010     0.0873   3292.66   0.2   -216.81   2.0  05.06.2026  13:45:17
  1   2   7   8  $12    0.010     0.0353   2325.60   2.2   -524.61   4.5  05.06.2026  13:45:23
  1   2   9  10  $12    0.010     0.0251   3968.74   1.6   -809.20   1.8  05.06.2026  13:45:29
  1   2  10  11  $12    0.010     0.0535  12111.94   2.4   -611.51   4.1  05.06.2026  13:45:35
  1   2  11  12  $12    0.010     0.0366  11383.98   1.5   -524.20   3.9  05.06.2026  13:45:41
  1   2  13  14  $12    0.010     0.0849  45768.85   0.2   -183.10   7.1  05.06.2026  13:45:47
  1   2  14  15  $12    0.010     0.0410  28104.69   0.5   -477.87   1.5  05.06.2026  13:45:54
  1   2  15  16  $12    0.010     0.0422  36209.32   0.9   -365.21   5.7  05.06.2026  13:46:00
  1   3   5   7  $12    0.010     0.2008    757.10   1.3   -102.94   4.0  05.06.2026  13:46:02
  1   3   6   8  $12    0.010     0.1692   1395.26   0.2   -107.92   0.4  05.06.2026  13:46:08
  1   3   9  11  $12    0.010     0.0693   2612.40   3.1   -362.75   2.1  05.06.2026  13:46:14
  1   3  10  12  $12    0.010     0.0884   4813.67   0.3   -302.87   4.5  05.06.2026  13:46:20
  1   3  13  15  $12    0.010     0.2115  27912.78   0.2   -147.70   5.7  05.06.2026  13:46:22
  1   3  14  16  $12    0.010     0.1282  21590.08   0.6    -96.01   5.5  05.06.2026  13:46:28
  1   4   2   3  $12    0.010     3.3016   2074.47   0.1     -3.97  70.4  05.06.2026  13:46:30
  1   4   5   8  $12    0.010     0.2546    248.81   0.7    -63.49   6.9  05.06.2026  13:46:32
  1   4   9  12  $12    0.010     0.1033   1586.57   0.0   -187.91   4.3  05.06.2026  13:46:38
  1   4  13  16  $12    0.010     0.3798  21475.59   0.2    -47.60  18.1  05.06.2026  13:46:40
  1   5   2   6  $12    0.010     8.8063   3772.62   0.0     18.40   4.5  05.06.2026  13:46:42
  1   5   3   7  $12    0.010     3.2936   6208.24   0.2      3.94  56.4  05.06.2026  13:46:44
  1   5   4   8  $12    0.010     2.5214   3326.95   0.5     -7.17 108.9  05.06.2026  13:46:47
  1   5  13   9  $12    0.010     1.0590   7984.32   0.1      4.99 110.5  05.06.2026  13:46:49
  1   6   2   7  $12    0.010     8.9811   3563.99   0.1     28.55   3.0  05.06.2026  13:46:51
  1   6   3   8  $12    0.010     4.2718   5124.12   0.0     -0.07 3008.9  05.06.2026  13:46:53
  1   7   2   8  $12    0.010    16.7176   6338.62   0.0      1.26   1.4  05.06.2026  13:46:55
  1   9   2  10  $12    0.001     2.5985   9350.67   0.0     62.35   0.6  05.06.2026  13:46:59
  1   9   3  11  $12    0.010    19.8989  17049.35   0.0     -3.01   4.1  05.06.2026  13:47:03
  1   9   4  12  $12    0.010     3.7641   6294.17   0.5     78.67   3.1  05.06.2026  13:47:05
  1  10   2  11  $12    0.010    13.3381   4721.45   0.0      9.22   3.5  05.06.2026  13:47:07
  1  10   3  12  $12    0.010     3.8077   3122.37   0.2     36.78  10.2  05.06.2026  13:47:09
  1  11   3  12  $12    0.010     7.5434   3691.04   0.0     33.88   0.7  05.06.2026  13:47:11
  1  13   2  14  $12    0.010    13.9947   4799.31   0.0     69.76   2.2  05.06.2026  13:47:13
  1  13   3  15  $12    0.010     4.1044   3112.41   0.1     71.91   2.1  05.06.2026  13:47:15
  1  13   4  16  $12    0.010     1.5070   1936.73   0.9     43.12  30.4  05.06.2026  13:47:17
  1  13   5   9  $12    0.010     1.8378   4618.81   0.0     67.65   1.2  05.06.2026  13:47:19
  1  14   2  15  $12    0.010    20.5405   6994.21   0.0    -11.99   4.4  05.06.2026  13:47:21
  1  14   3  16  $12    0.010     4.1614   3103.77   0.2     23.18   7.6  05.06.2026  13:47:23
  1  15   2  16  $12    0.010     6.8227   2309.22   0.0      9.13   3.9  05.06.2026  13:47:25
  2   3   1   4  $12    0.010     3.3782   2122.60   0.4     -7.30  76.2  05.06.2026  13:47:27
  2   3   5   6  $12    0.010     0.0424    319.90   1.1   -384.55   2.8  05.06.2026  13:47:33
  2   3   9  10  $12    0.010     0.0197   2077.28   0.7   -548.41   4.1  05.06.2026  13:47:39
  2   3  13  14  $12    0.010     0.1256  52075.83   0.5   -194.63   0.9  05.06.2026  13:47:45
  2   4   5   7  $12    0.010     0.1351    159.16   0.2    -88.83   3.3  05.06.2026  13:47:51
  2   4   6   8  $12    0.010     0.1205    454.34   0.4    -88.34   3.7  05.06.2026  13:47:57
  2   4   9  11  $12    0.010     0.0380    941.06   2.9   -154.01   6.4  05.06.2026  13:48:03
  2   4  10  12  $12    0.010     0.0569   2145.86   0.4   -100.73  30.3  05.06.2026  13:48:09
  2   4  13  15  $12    0.010     0.2294  23184.88   0.3    -33.25  25.6  05.06.2026  13:48:11
  2   4  14  16  $12    0.010     0.1313  17328.65   0.4    -26.22  13.9  05.06.2026  13:48:17
  2   6   1   5  $12    0.010     8.8937   3810.07   0.1     22.95   6.3  05.06.2026  13:48:19
  2   6  14  10  $12    0.010     1.1802   8898.13   0.7      2.85  90.0  05.06.2026  13:48:21
  2   7   1   6  $12    0.010     8.7765   3482.81   0.1      7.34   5.7  05.06.2026  13:48:23
  2   8   1   7  $12    0.010    16.7298   6343.22   0.0      0.14  98.3  05.06.2026  13:48:25
  2  10   1   9  $12    0.001     2.6522   9544.04   0.0     33.21   0.4  05.06.2026  13:48:30
  2  11   1  10  $12    0.010    14.9819   5303.32   0.0     -6.94   4.0  05.06.2026  13:48:34
  2  14   1  13  $12    0.010    15.8745   5443.95   0.0    123.00   0.3  05.06.2026  13:48:36
  2  14   6  10  $12    0.010     0.7405   1860.98   0.6      3.57  59.2  05.06.2026  13:48:38
  2  15   1  14  $12    0.010    19.8688   6765.50   0.0    -40.11   0.5  05.06.2026  13:48:40
  2  16   1  15  $12    0.010     6.6458   2249.32   0.0      8.19   6.9  05.06.2026  13:48:42
  3   4   5   6  $12    0.010     0.0270     50.82   1.4   -589.41   4.2  05.06.2026  13:48:48
  3   4   9  10  $12    0.010     0.0232   1531.28   2.2   -613.54   3.4  05.06.2026  13:48:54
  3   4  13  14  $12    0.010     0.0724  22523.53   0.6   -251.04   2.3  05.06.2026  13:49:00
  3   7   1   5  $12    0.010     3.2880   6197.73   0.0      2.33  19.9  05.06.2026  13:49:02
  3   7  15  11  $12    0.010     1.0572   7971.21   0.1    -10.35  78.6  05.06.2026  13:49:04
  3   8   1   6  $12    0.010     4.3933   5269.85   0.2     -7.94  23.5  05.06.2026  13:49:06
  3  11   1   9  $12    0.010    19.9315  17077.26   0.0    -29.82   0.0  05.06.2026  13:49:08
  3  12   1  10  $12    0.010     3.8720   3175.09   0.2     23.85  10.1  05.06.2026  13:49:10
  3  12   1  11  $12    0.010     7.1758   3511.20   0.0     19.59   5.3  05.06.2026  13:49:12
  3  15   1  13  $12    0.010     4.4956   3409.12   0.0    106.09   0.4  05.06.2026  13:49:14
  3  15   7  11  $12    0.010     0.5995   1506.82   0.5    -28.04  39.9  05.06.2026  13:49:16
  3  16   1  14  $12    0.010     4.0537   3023.43   0.4      9.09  18.9  05.06.2026  13:49:18
  3   4   1   2  $12    0.010    -0.6129   1155.34   0.7     35.69  20.6  05.06.2026  13:49:20
  4   8   1   5  $12    0.010     2.5102   3312.19   0.2     -6.01  83.3  05.06.2026  13:49:22
  4   8  16  12  $12    0.010     1.2155   9164.55   0.6    -13.74  87.9  05.06.2026  13:49:24
  4  12   1   9  $12    0.010     3.7338   6243.51   0.3     12.51   8.3  05.06.2026  13:49:26
  4  16   1  13  $12    0.010     1.5680   2015.19   0.1     39.67   1.1  05.06.2026  13:49:28
  4  16   8  12  $12    0.010     0.5481   1377.59   0.4    -25.70  66.5  05.06.2026  13:49:30
  5   1   6   2  $12    0.010     8.7760   3759.65   0.1     14.98   6.2  05.06.2026  13:49:32
  5   1   7   3  $12    0.010     3.2865   6194.97   0.2      2.97  76.6  05.06.2026  13:49:34
  5   1   8   4  $12    0.010     2.5217   3327.31   0.3     -1.13 804.9  05.06.2026  13:49:36
  5   1   9  13  $12    0.010     1.0576   7973.89   0.0      0.74 134.2  05.06.2026  13:49:38
  5   2   6   3  $12    0.010     8.0980   4070.51   0.2     21.11   8.7  05.06.2026  13:49:40
  5   2   7   4  $12    0.010     3.1486   9891.55   0.4     -1.04 578.1  05.06.2026  13:49:42
  5   3   6   4  $12    0.010     8.4436   7957.90   0.0     21.01   2.9  05.06.2026  13:49:44
  5   6   1   2  $12    0.010     0.0465    876.99   1.9   -300.34   4.0  05.06.2026  13:49:50
  5   6   2   3  $12    0.010     0.0419    316.27   1.4   -398.17   2.2  05.06.2026  13:49:56
  5   6   3   4  $12    0.010     0.0277     52.26   2.4   -604.73   8.7  05.06.2026  13:50:02
  5   6   7   8  $12    0.010    -2.4591   4635.25   0.9    105.13   5.2  05.06.2026  13:50:04
  5   6   9  10  $12    0.010     0.0808   1523.28   0.2   -139.62   7.0  05.06.2026  13:50:10
  5   6  10  11  $12    0.010     0.0675   2543.27   2.0   -228.19  10.0  05.06.2026  13:50:16
  5   6  11  12  $12    0.010     0.0518   3414.43   0.3   -272.34   2.9  05.06.2026  13:50:22
  5   6  13  14  $12    0.010     0.0442   7000.04   2.2   -427.70   2.5  05.06.2026  13:50:28
  5   6  14  15  $12    0.010     0.0249   5636.44   0.4   -669.98   4.5  05.06.2026  13:50:34
  5   6  15  16  $12    0.010     0.0270   8411.70   2.2   -596.32   2.4  05.06.2026  13:50:40
  5   7   1   3  $12    0.010     0.2137    805.53   2.1   -267.50   2.4  05.06.2026  13:50:43
  5   7   2   4  $12    0.010     0.1405    165.52   0.5   -108.95   2.5  05.06.2026  13:50:49
  5   7   9  11  $12    0.010     0.2631    991.79   0.4    -30.39  66.5  05.06.2026  13:50:52
  5   7  10  12  $12    0.010     0.4611   3802.78   1.1    -23.35 105.2  05.06.2026  13:50:54
  5   7  13  15  $12    0.010     0.1264   4763.40   0.0   -160.81   3.6  05.06.2026  13:51:00
  5   7  14  16  $12    0.010     0.0735   3999.79   0.3   -177.32   0.8  05.06.2026  13:51:06
  5   8   1   4  $12    0.010     0.2732    267.04   0.4    -38.86  27.2  05.06.2026  13:51:08
  5   8   6   7  $12    0.010    14.2615   8960.76   0.0     13.43   3.9  05.06.2026  13:51:10
  5   8   9  12  $12    0.010     0.4904    479.27   0.9      4.35 138.9  05.06.2026  13:51:12
  5   8  13  16  $12    0.010     0.1726   2650.88   0.3    -98.50   2.2  05.06.2026  13:51:19
  5   9   1  13  $12    0.010     2.0640   5187.44   0.3    169.17   3.4  05.06.2026  13:51:20
  5   9   6  10  $12    0.001     2.6488  11347.41   0.0     65.23   0.0  05.06.2026  13:51:26
  5   9   7  11  $12    0.010    18.8403  35513.22   0.0     -2.88   0.7  05.06.2026  13:51:29
  5   9   8  12  $12    0.010     3.1109   4104.68   0.2     87.89   2.6  05.06.2026  13:51:31
  5  10   6  11  $12    0.010    13.6545   5418.57   0.0     23.25   0.5  05.06.2026  13:51:33
  5  10   7  12  $12    0.010     2.5952   3113.01   0.0     60.47   0.9  05.06.2026  13:51:35
  5  11   6  12  $12    0.010     9.5831   3633.51   0.0     58.98   0.7  05.06.2026  13:51:37
  5  13   6  14  $12    0.010    15.9240   5730.33   0.0     88.28   1.0  05.06.2026  13:51:39
  5  13   7  15  $12    0.010     4.6830   4012.40   0.0     79.11   1.0  05.06.2026  13:51:41
  5  13   8  16  $12    0.010     2.4741   4137.06   0.1     25.39   8.7  05.06.2026  13:51:43
  5  14   6  15  $12    0.010    22.3684   7918.01   0.0      7.24   0.4  05.06.2026  13:51:45
  5  14   7  16  $12    0.010     4.7578   3901.43   0.0     30.21   0.3  05.06.2026  13:51:47
  5  15   7  16  $12    0.010     5.5726   2726.74   0.0     24.85   0.9  05.06.2026  13:51:49
  6   2   5   1  $12    0.010     8.8194   3778.21   0.0     19.95   2.0  05.06.2026  13:51:51
  6   2  10  14  $12    0.010     1.1913   8981.88   0.2     -4.08 133.0  05.06.2026  13:51:53
  6   3   5   2  $12    0.010     8.0168   4029.69   0.0     27.34   4.9  05.06.2026  13:51:55
  6   4   5   3  $12    0.010     8.3299   7850.74   0.0     22.80   0.1  05.06.2026  13:51:57
  6   7   1   2  $12    0.010     0.0873   3289.50   0.1   -189.77   1.6  05.06.2026  13:52:03
  6   7   5   8  $12    0.010    14.3888   9040.78   0.1     17.06   3.6  05.06.2026  13:52:05
  6   7   9  10  $12    0.010    -0.0349    263.49   1.6    358.29   1.0  05.06.2026  13:52:11
  6   7  13  14  $12    0.010     0.0882   9311.26   1.1   -234.32   5.9  05.06.2026  13:52:17
  6   8   1   3  $12    0.010     0.1702   1403.73   0.4   -104.33   1.1  05.06.2026  13:52:23
  6   8   2   4  $12    0.010     0.1228    462.95   0.8   -100.57   8.4  05.06.2026  13:52:29
  6   8   9  11  $12    0.010     0.2100    247.38   1.6    -96.17  71.5  05.06.2026  13:52:31
  6   8  10  12  $12    0.010     0.4090   1541.96   0.4    -17.96  68.5  05.06.2026  13:52:34
  6   8  13  15  $12    0.010     0.1133   2803.22   0.3   -155.08   3.4  05.06.2026  13:52:40
  6   8  14  16  $12    0.010     0.0713   2687.46   0.3   -172.84   6.6  05.06.2026  13:52:46
  6  10   2  14  $12    0.010     0.6928   1741.21   0.2      0.81 882.9  05.06.2026  13:52:48
  6  10   5   9  $12    0.001     2.6255  11247.66   0.0     52.63   2.0  05.06.2026  13:52:53
  6  11   5  10  $12    0.010    14.4349   5728.25   0.0     30.67   0.8  05.06.2026  13:52:57
  6  12   5  11  $12    0.010     9.3016   3526.77   0.0     44.51   1.9  05.06.2026  13:52:59
  6  14   5  13  $12    0.010    17.0784   6145.77   0.0    155.71   0.0  05.06.2026  13:53:00
  6  15   5  14  $12    0.010    21.2259   7513.60   0.0      2.04  16.4  05.06.2026  13:53:03
  7   3   5   1  $12    0.010     3.3001   6220.57   0.4     -1.12 192.6  05.06.2026  13:53:04
  7   3  11  15  $12    0.010     1.0673   8046.90   0.3    -13.60  55.7  05.06.2026  13:53:06
  7   4   5   2  $12    0.010     3.1694   9956.83   0.3      5.20  92.2  05.06.2026  13:53:08
  7   8   1   2  $12    0.010     0.0338   2230.20   1.6   -517.04   4.1  05.06.2026  13:53:14
  7   8   9  10  $12    0.010     0.0105     19.73  13.5  -1713.37  15.9  05.06.2026  13:53:21
  7   8  13  14  $12    0.010     0.0342   2256.47   3.8   -433.08   4.7  05.06.2026  13:53:27
  7  11   3  15  $12    0.010     0.6442   1619.11   0.0      9.03 114.0  05.06.2026  13:53:29
  7  11   5   9  $12    0.010    17.9719  33876.33   0.0    -27.96   1.8  05.06.2026  13:53:31
  7  12   5  10  $12    0.010     2.6505   3179.31   0.3     43.40   9.1  05.06.2026  13:53:33
  7  15   5  13  $12    0.010     4.9164   4212.37   0.2    106.55   1.1  05.06.2026  13:53:35
  7  16   5  14  $12    0.010     4.6503   3813.30   0.1     15.50   6.2  05.06.2026  13:53:37
  7  16   5  15  $12    0.010     5.2678   2577.58   0.2     26.83   4.6  05.06.2026  13:53:39
  8   4   5   1  $12    0.010     2.5107   3312.75   0.2     -2.57 119.1  05.06.2026  13:53:41
  8   4  12  16  $12    0.010     1.2273   9253.27   0.5    -16.36  36.9  05.06.2026  13:53:43
  7   8   5   6  $12    0.010    -2.2248   4193.73   0.0     44.18   1.7  05.06.2026  13:53:45
  8  12   4  16  $12    0.010     0.5312   1335.08   0.1    -23.15  11.8  05.06.2026  13:53:47
  8  12   5   9  $12    0.010     3.0715   4052.69   0.0     19.28   6.3  05.06.2026  13:53:49
  8  16   5  13  $12    0.010     2.5704   4298.10   0.0     26.37   0.5  05.06.2026  13:53:51
  9   1  10   2  $12    0.001     2.6125   9401.39   0.0     59.38   1.4  05.06.2026  13:53:56
  9   1  11   3  $12    0.001     2.0029  17160.83   0.4      5.28 143.3  05.06.2026  13:53:58
  9   1  12   4  $12    0.010     3.7103   6204.07   0.0     66.33   0.3  05.06.2026  13:54:02
  9   2  10   3  $12    0.001     2.5751   9471.11   0.0     52.03   0.4  05.06.2026  13:54:07
  9   2  11   4  $12    0.001     2.0121  18351.80   0.3     -4.79 168.2  05.06.2026  13:54:09
  9   3  11   4  $12    0.001     2.2114  11825.05   0.2    -32.18   4.4  05.06.2026  13:54:11
  9   5  10   6  $12    0.001     2.6866  11509.51   0.2     61.13   1.2  05.06.2026  13:54:13
  9   5  11   7  $12    0.010    18.8178  35470.63   0.0     -2.93   0.5  05.06.2026  13:54:17
  9   5  12   8  $12    0.010     3.0657   4045.04   0.1     82.66   2.5  05.06.2026  13:54:19
  9   5  13   1  $12    0.010     2.0630   5184.80   0.6    162.93   2.3  05.06.2026  13:54:20
  9   6  10   7  $12    0.001     2.6296  13217.58   0.0     77.89   0.1  05.06.2026  13:54:25
  9   6  11   8  $12    0.010    19.6421  61707.41   0.0      0.62  13.9  05.06.2026  13:54:29
  9   7  10   8  $12    0.001     3.5092  33072.99   0.0     44.78   0.6  05.06.2026  13:54:34
  9  10   1   2  $12    0.010     0.0282   4461.51   2.2   -767.03   4.3  05.06.2026  13:54:42
  9  10   2   3  $12    0.010     0.0221   2328.37   1.3   -622.97   5.7  05.06.2026  13:54:48
  9  10   3   4  $12    0.010     0.0218   1437.95   5.0   -598.15   7.6  05.06.2026  13:54:54
  9  10   5   6  $12    0.010     0.0907   1709.34   0.4    -94.68   0.8  05.06.2026  13:55:00
  9  10   6   7  $12    0.010    -0.0399    300.47   1.2    357.11   1.7  05.06.2026  13:55:06
  9  10   7   8  $12    0.010     0.0068     12.74   6.9  -2148.59   4.9  05.06.2026  13:55:12
  9  10  12  11  $12    0.010    -7.9103  14910.61   0.0    -70.80   0.4  05.06.2026  13:55:14
  9  10  13  14  $12    0.010     0.4330   8161.74   0.6    508.06   0.5  05.06.2026  13:55:16
  9  10  14  15  $12    0.010     0.6088  22953.04   0.6    -52.82  34.2  05.06.2026  13:55:18
  9  10  15  16  $12    0.010     0.2235  14743.80   0.5    -89.73   5.1  05.06.2026  13:55:20
  9  11   1   3  $12    0.010     0.0639   2408.96   0.9   -306.93   0.8  05.06.2026  13:55:26
  9  11   2   4  $12    0.010     0.0472   1166.60   0.7   -346.67   2.9  05.06.2026  13:55:33
  9  11   5   7  $12    0.010     0.2831   1067.44   1.2    -39.04 160.6  05.06.2026  13:55:35
  9  11   6   8  $12    0.010     0.1820    214.42   0.3    -55.83   2.8  05.06.2026  13:55:41
  9  11  13  15  $12    0.010     1.0536   3971.97   0.3    222.36   0.6  05.06.2026  13:55:43
  9  11  14  16  $12    0.010     0.8052   6640.22   0.6    -20.03  66.4  05.06.2026  13:55:45
  9  12   1   4  $12    0.010     0.1060   1627.61   0.3   -169.21   1.6  05.06.2026  13:55:51
  9  12   5   8  $12    0.010     0.4902    479.08   1.1      6.16 272.5  05.06.2026  13:55:53
  9  12  10  11  $12    0.010     7.0479   4428.35   0.0    224.74   0.4  05.06.2026  13:55:55
  9  12  13  16  $12    0.010     1.6834   1645.36   0.2    182.25   0.7  05.06.2026  13:55:57
  9  13   5   1  $12    0.010     1.0698   8066.25   0.5     21.43   5.0  05.06.2026  13:55:59
  9  13  10  14  $12    0.001     3.1244  13385.01   0.0    112.67   0.4  05.06.2026  13:56:04
  9  13  11  15  $12    0.001     2.0123  37930.61   0.0     15.12   1.9  05.06.2026  13:56:06
  9  13  12  16  $12    0.010     2.7856   3675.50   0.0     99.87   0.2  05.06.2026  13:56:10
  9  14  10  15  $12    0.001     3.7423  14850.57   0.0     66.11   0.5  05.06.2026  13:56:14
  9  14  11  16  $12    0.010    19.8066  23758.31   0.0     11.99   0.2  05.06.2026  13:56:18
  9  15  10  16  $12    0.001     2.5132   9529.14   0.0     72.70   0.4  05.06.2026  13:56:23
 10   2   9   1  $12    0.001     2.7165   9775.49   0.1     30.25   4.6  05.06.2026  13:56:25
 10   3   9   2  $12    0.001     2.6195   9634.48   0.2     38.78  19.4  05.06.2026  13:56:27
 10   6   9   5  $12    0.001     2.6703  11439.66   0.3     55.18   4.3  05.06.2026  13:56:29
 10   6  14   2  $12    0.010     0.6864   1725.06   0.0      5.85  13.0  05.06.2026  13:56:33
 10   7   9   6  $12    0.001     2.6391  13265.78   0.0     51.41   0.7  05.06.2026  13:56:37
 10   8   9   7  $12    0.001     3.4828  32824.91   0.0     28.52   3.7  05.06.2026  13:56:39
 10  11   1   2  $12    0.010     0.0400   9042.48   1.0   -389.75   4.8  05.06.2026  13:56:48
 10  11   5   6  $12    0.010     0.0665   2507.32   1.0   -248.51   1.6  05.06.2026  13:56:54
 10  11   9  12  $12    0.010     6.2453   3924.04   0.0    187.09   0.3  05.06.2026  13:56:56
 10  11  13  14  $12    0.010     0.0997    752.00   1.0   -160.94   2.7  05.06.2026  13:57:02
 10  12   1   3  $12    0.010     0.0900   4896.37   0.8   -219.42   3.9  05.06.2026  13:57:08
 10  12   2   4  $12    0.010     0.0648   2443.72   0.6   -226.62   9.8  05.06.2026  13:57:14
 10  12   5   7  $12    0.010     0.4396   3625.29   1.2    -15.07 126.5  05.06.2026  13:57:17
 10  12   6   8  $12    0.010     0.4247   1601.02   0.1    -17.92  19.1  05.06.2026  13:57:19
 10  12  13  15  $12    0.010     0.4278    504.03   0.9    154.94   3.9  05.06.2026  13:57:21
 10  12  14  16  $12    0.010     0.3461   1304.58   0.6    -11.92  83.8  05.06.2026  13:57:23
 10  14   6   2  $12    0.010     1.1877   8955.02   0.3     -9.76 112.7  05.06.2026  13:57:25
 10  14   9  13  $12    0.001     3.1148  13343.98   0.0    125.37   0.1  05.06.2026  13:57:30
 10  15   9  14  $12    0.001     3.6931  14655.30   0.3     24.07   9.1  05.06.2026  13:57:32
 10  16   9  15  $12    0.001     2.5338   9606.94   0.5     45.52  10.7  05.06.2026  13:57:34
 11   3   9   1  $12    0.001     2.1675  18570.68   0.1    -32.32   3.7  05.06.2026  13:57:36
 11   4   9   2  $12    0.010    19.4550  17744.39   0.0    -36.78   0.4  05.06.2026  13:57:40
 11   4   9   3  $12    0.010    20.1365  10767.76   0.2    -21.12   1.9  05.06.2026  13:57:42
 11   7   9   5  $12    0.010    18.2471  34394.92   0.0    -20.30   5.4  05.06.2026  13:57:44
 11   7  15   3  $12    0.010     0.6174   1551.75   0.5     -7.50  97.4  05.06.2026  13:57:46
 11   8   9   6  $12    0.010    19.6394  61698.85   0.0    -34.54   1.6  05.06.2026  13:57:48
 11  12   1   2  $12    0.010     0.0367  11429.61   1.2   -477.79   4.3  05.06.2026  13:57:54
 11  12   5   6  $12    0.010     0.0564   3718.62   0.9   -246.31   7.0  05.06.2026  13:58:00
 11  12  13  14  $12    0.010     0.1867    351.96   0.4    266.11   1.2  05.06.2026  13:58:06
 11  15   7   3  $12    0.010     1.0817   8156.01   0.9     -8.28 132.4  05.06.2026  13:58:08
 11  15   9  13  $12    0.010    19.7288  37187.99   0.1     -1.26  80.2  05.06.2026  13:58:10
 11  16   9  14  $12    0.010    19.7098  23642.27   0.0    -23.47   1.8  05.06.2026  13:58:12
 12   4   9   1  $12    0.010     3.6850   6161.82   0.3     15.96  22.6  05.06.2026  13:58:14
 12   8   9   5  $12    0.010     3.0762   4058.98   0.1     22.37   7.9  05.06.2026  13:58:16
 12   8  16   4  $12    0.010     0.5344   1343.16   0.9    -33.48  11.1  05.06.2026  13:58:18
 12  11   9  10  $12    0.010    -6.4018  12067.11   0.0   -104.50   1.3  05.06.2026  13:58:20
 12  16   8   4  $12    0.010     1.2106   9128.04   0.5    -11.45  47.3  05.06.2026  13:58:23
 12  16   9  13  $12    0.010     2.7976   3691.41   0.0     52.14   0.4  05.06.2026  13:58:25
 13   1   9   5  $12    0.010     1.8716   4703.77   0.1     60.39   2.5  05.06.2026  13:58:27
 13   1  14   2  $12    0.010    13.0384   4471.37   0.0     90.93   0.2  05.06.2026  13:58:29
 13   1  15   3  $12    0.010     3.9393   2987.24   0.4     81.73   2.3  05.06.2026  13:58:31
 13   1  16   4  $12    0.010     1.4616   1878.46   0.6     32.28  37.2  05.06.2026  13:58:33
 13   2  14   3  $12    0.010    13.1738   4556.33   0.0     78.34   1.0  05.06.2026  13:58:35
 13   2  15   4  $12    0.010     3.8053   2944.60   0.3     76.76   6.3  05.06.2026  13:58:37
 13   3  14   4  $12    0.010    13.1202   4584.96   0.0     82.68   0.8  05.06.2026  13:58:39
 13   5  14   6  $12    0.010    15.1516   5452.39   0.0    103.27   0.1  05.06.2026  13:58:41
 13   5  15   7  $12    0.010     4.4840   3841.88   0.0     86.47   0.6  05.06.2026  13:58:43
 13   5  16   8  $12    0.010     2.4382   4077.03   0.1     23.94   5.5  05.06.2026  13:58:45
 13   6  14   7  $12    0.010    15.3944   5662.00   0.1    106.60   0.5  05.06.2026  13:58:47
 13   6  15   8  $12    0.010     5.4945   5011.43   0.0     69.32   1.5  05.06.2026  13:58:49
 13   7  15   8  $12    0.010    16.2457   8687.23   0.0     23.32   0.1  05.06.2026  13:58:51
 13   9   1   5  $12    0.010     1.0573   7971.92   0.6     12.73  61.0  05.06.2026  13:58:53
 13   9  14  10  $12    0.001     3.0691  13147.80   0.0    115.21   0.5  05.06.2026  13:58:57
 13   9  15  11  $12    0.010    19.5272  36807.92   0.0      9.59   0.5  05.06.2026  13:59:01
 13   9  16  12  $12    0.010     2.7527   3632.08   0.0    103.93   0.4  05.06.2026  13:59:03
 13  10  14  11  $12    0.010    18.6345   9366.71   0.0     81.57   0.5  05.06.2026  13:59:05
 13  10  15  12  $12    0.010     4.0977  12873.22   0.0    129.23   0.1  05.06.2026  13:59:07
 13  11  14  12  $12    0.010    14.8024  13950.90   0.0    111.65   0.3  05.06.2026  13:59:09
 13  14   1   2  $12    0.010     0.0746  40238.40   0.6   -133.40   1.2  05.06.2026  13:59:15
 13  14   2   3  $12    0.010     0.1252  51932.43   0.4   -177.09   1.2  05.06.2026  13:59:21
 13  14   3   4  $12    0.010     0.0770  23960.79   0.3   -255.00   4.9  05.06.2026  13:59:28
 13  14   5   6  $12    0.010     0.0428   6771.07   1.1   -402.88   3.8  05.06.2026  13:59:34
 13  14   6   7  $12    0.010     0.0858   9055.75   0.4   -198.30   1.6  05.06.2026  13:59:40
 13  14   7   8  $12    0.010     0.0345   2275.14   0.9   -520.44   5.5  05.06.2026  13:59:46
 13  14   9  10  $12    0.010     0.1445   2723.41   0.3    843.57   0.4  05.06.2026  13:59:52
 13  14  10  11  $12    0.010     0.0964    727.19   1.5   -192.21   6.0  05.06.2026  13:59:58
 13  14  11  12  $12    0.010     0.0722    136.03   0.3    502.62   1.6  05.06.2026  14:00:04
 13  14  16  15  $12    0.010    12.7952  24118.41   0.0    -53.24   1.8  05.06.2026  14:00:06
 13  15   1   3  $12    0.010     0.2078  27424.70   2.1   -188.85  18.4  05.06.2026  14:00:08
 13  15   2   4  $12    0.010     0.2286  23111.80   0.2    -99.31   1.0  05.06.2026  14:00:15
 13  15   5   7  $12    0.010     0.1316   4959.34   0.3   -134.10   0.8  05.06.2026  14:00:21
 13  15   6   8  $12    0.010     0.1198   2963.17   0.2   -137.14   0.0  05.06.2026  14:00:27
 13  15   9  11  $12    0.010     0.8259   3113.43   0.3    121.37   1.1  05.06.2026  14:00:29
 13  15  10  12  $12    0.010     0.3974    468.20   1.2     76.05  20.2  05.06.2026  14:00:31
 13  16   1   4  $12    0.010     0.4199  23745.10   0.2    -43.78  13.2  05.06.2026  14:00:33
 13  16   5   8  $12    0.010     0.1859   2855.28   0.5    -94.44   5.3  05.06.2026  14:00:39
 13  16   9  12  $12    0.010     1.3714   1340.39   0.3     93.46   1.8  05.06.2026  14:00:41
 13  16  14  15  $12    0.010     7.8840   4953.65   0.0    130.34   0.2  05.06.2026  14:00:43
 14   2  10   6  $12    0.010     0.7467   1876.60   0.0     -0.12 1331.2  05.06.2026  14:00:46
 14   2  13   1  $12    0.010    12.6529   4339.16   0.1    156.51   0.1  05.06.2026  14:00:48
 14   3  13   2  $12    0.010    11.8318   4092.20   0.0    180.71   0.8  05.06.2026  14:00:50
 14   4  13   3  $12    0.010    12.2879   4294.10   0.1    170.06   0.2  05.06.2026  14:00:52
 14   6  13   5  $12    0.010    14.6732   5280.22   0.1    172.29   0.7  05.06.2026  14:00:54
 14   7  13   6  $12    0.010    14.6570   5390.79   0.0    167.05   0.1  05.06.2026  14:00:56
 14  10   2   6  $12    0.010     1.2019   9061.91   0.7    -10.81 170.0  05.06.2026  14:00:58
 14  10  13   9  $12    0.001     2.9609  12684.35   0.0    125.84   0.3  05.06.2026  14:01:03
 14  11  13  10  $12    0.010    19.1784   9640.13   0.0    133.70   0.1  05.06.2026  14:01:06
 14  12  13  11  $12    0.010    14.2044  13387.29   0.1    170.35   0.2  05.06.2026  14:01:08
 14  15   1   2  $12    0.010     0.0433  29686.43   1.6   -402.62   5.9  05.06.2026  14:01:14
 14  15   5   6  $12    0.010     0.0253   5712.29   1.3   -622.70   1.5  05.06.2026  14:01:20
 14  15   9  10  $12    0.010     0.5636  21246.47   0.0    -62.60   6.2  05.06.2026  14:01:23
 14  15  13  16  $12    0.010     8.3509   5247.04   0.1    213.47   0.4  05.06.2026  14:01:25
 14  16   1   3  $12    0.010     0.1356  22839.94   0.7   -111.95   7.4  05.06.2026  14:01:31
 14  16   2   4  $12    0.010     0.1409  18596.53   0.4    -84.94   2.4  05.06.2026  14:01:37
 14  16   5   7  $12    0.010     0.0790   4299.79   0.5   -165.98   1.2  05.06.2026  14:01:43
 14  16   6   8  $12    0.010     0.0748   2819.40   0.7   -166.38   2.1  05.06.2026  14:01:49
 14  16   9  11  $12    0.010     0.7887   6504.03   0.4    -18.22  15.0  05.06.2026  14:01:51
 14  16  10  12  $12    0.010     0.3372   1271.28   0.9    -21.63 149.3  05.06.2026  14:01:53
 15   3  11   7  $12    0.010     0.6284   1579.24   0.0    -31.59  35.8  05.06.2026  14:01:55
 15   3  13   1  $12    0.010     4.2023   3186.70   0.0    117.09   0.5  05.06.2026  14:01:57
 15   4  13   2  $12    0.010     4.0752   3153.48   0.1     96.43   5.8  05.06.2026  14:01:59
 15   7  13   5  $12    0.010     4.5554   3903.02   0.3    117.31   2.2  05.06.2026  14:02:02
 15   8  13   6  $12    0.010     5.9157   5395.57   0.0     67.64   0.2  05.06.2026  14:02:04
 15   8  13   7  $12    0.010    16.5655   8858.24   0.0     27.60   0.1  05.06.2026  14:02:06
 15  11   3   7  $12    0.010     1.1047   8328.88   0.2     -9.31 141.3  05.06.2026  14:02:08
 15  11  13   9  $12    0.010    19.2219  36232.49   0.1     -0.66 179.7  05.06.2026  14:02:10
 15  12  13  10  $12    0.010     4.4872  14096.92   0.0    117.05   1.2  05.06.2026  14:02:12
 15  16   1   2  $12    0.010     0.0459  39372.80   1.5   -324.70   4.8  05.06.2026  14:02:18
 15  16   5   6  $12    0.010     0.0294   9128.70   2.6   -548.38   3.0  05.06.2026  14:02:24
 15  16   9  10  $12    0.010     0.2034  13417.85   2.4   -150.06  26.8  05.06.2026  14:02:26
 16   4  12   8  $12    0.010     0.5326   1338.69   0.1    -28.12  15.5  05.06.2026  14:02:28
 16   4  13   1  $12    0.010     1.5206   1954.31   0.7     53.07   9.0  05.06.2026  14:02:30
 16   8  13   5  $12    0.010     2.5159   4206.95   0.2     30.78   2.0  05.06.2026  14:02:33
 16  12   4   8  $12    0.010     1.2026   9067.21   0.1     -7.90   7.3  05.06.2026  14:02:35
 16  12  13   9  $12    0.010     2.8156   3715.15   0.0     48.03   1.3  05.06.2026  14:02:37
 16  15  13  14  $12    0.010    11.5148  21704.85   0.0    -80.19   1.0  05.06.2026  14:02:38
