//C:\Users\user\Desktop\GeoTom\GeoTomE724.ini
//- Cable direction:
//  cable I: normal
//  cable II: normal
//  cable III: normal
//  cable IV: normal
//- Cable arrangement: sequential
//- Optimization: Last measurement
//- Sorting: Multi-level
//- Current levels: 0.001 mA .. 10.0 mA
Type:         Flow
Name:         Hyprop
Comment:      Example of a measurements sequence
Comment:      
Comment:      
Spacing:      1.00000
First El:     0.00000
Nr of points: 312
IP present:   1

  1   2   4   3  $12    0.010     3.1368   5912.65   0.1     39.59   0.2  07.06.2026  22:45:05
  1   2   5   6  $12    0.100     3.6161   6816.11   0.2   -442.46   0.1  07.06.2026  22:45:09
  1   2   6   7  $12    1.000     1.4628    551.46   0.3   1650.55   1.4  07.06.2026  22:45:13
  1   2   7   8  $12    1.000    20.8495  13755.15   0.1   -313.35   1.8  07.06.2026  22:45:15
  1   2   9  10  $12    0.100    -9.9785 157995.32   0.6   -522.78   0.4  07.06.2026  22:45:20
  1   2  10  11  $12    0.100    13.5345 306143.94   0.2   -576.79   0.7  07.06.2026  22:45:22
  1   2  11  12  $12    1.000    17.2201  53557.61   0.2   -318.65   0.0  07.06.2026  22:45:26
  1   2  13  14  $12    1.000     3.6639  19752.25   4.1  -4592.12   6.2  07.06.2026  22:45:32
  1   2  14  15  $12    0.100    -1.9852 136205.99   0.7    235.19   0.8  07.06.2026  22:45:37
  1   2  15  16  $12    1.000    -7.8137  67014.92   0.2    530.75   0.8  07.06.2026  22:45:41
  1   3   5   7  $12    0.100     3.3459   1261.36   0.0   -147.88   0.5  07.06.2026  22:45:46
  1   3   6   8  $12    0.100     2.8555   2354.82   0.0   -135.98   0.5  07.06.2026  22:45:48
  1   3   9  11  $12    1.000    10.9145   4114.67   0.1   -669.98   0.0  07.06.2026  22:45:52
  1   3  10  12  $12    0.100     9.7752  53204.43   0.1   -555.96   0.5  07.06.2026  22:45:57
  1   3  13  15  $12    0.100     0.7228   9537.46   0.7  -3588.05   0.4  07.06.2026  22:45:59
  1   3  14  16  $12    0.100    -4.4790  75457.23   0.0    135.63   0.6  07.06.2026  22:46:01
  1   4   2   3  $12    0.010     7.5029   4714.18   0.0     17.20   0.1  07.06.2026  22:46:06
  1   4   5   8  $12    1.000    17.0023    166.18   0.0    428.02   0.1  07.06.2026  22:46:11
  1   4   9  12  $12    1.000    -8.7224   1339.66   0.2   -942.05   0.2  07.06.2026  22:46:13
  1   4  13  16  $12    0.100     5.2645  29770.20   0.1    241.45   0.4  07.06.2026  22:46:18
  1   5   2   6  $12    0.001     2.8179  12071.81   0.0      7.87   7.3  07.06.2026  22:46:26
  1   5   3   7  $12    0.010     7.1924  13557.42   0.0     46.96   0.3  07.06.2026  22:46:30
  1   5   4   8  $12    0.010     3.9907   5265.63   0.1     -0.39 410.2  07.06.2026  22:46:32
  1   5  13   9  $12    0.010     7.9702  60094.12   0.6    -97.94   2.3  07.06.2026  22:46:34
  1   6   2   7  $12    0.001     4.2469  16853.22   0.1     25.00   0.1  07.06.2026  22:46:39
  1   6   3   8  $12    0.010     9.3201  11179.58   0.0      2.45  10.1  07.06.2026  22:46:43
  1   7   2   8  $12    0.001     3.9660  15037.58   0.0      2.63   3.5  07.06.2026  22:46:48
  1   9   2  10  $12    0.001    41.0537 147733.92   0.0     22.60   4.6  07.06.2026  22:46:50
  1   9   3  11  $12    0.001    14.1784 121480.00   0.0     43.80   1.5  07.06.2026  22:46:52
  1   9   4  12  $12    0.001     2.0412  34132.25   0.0    218.00   1.3  07.06.2026  22:46:54
  1  10   2  11  $12    0.001    16.2191  57412.78   0.0     37.72   1.2  07.06.2026  22:46:56
  1  10   3  12  $12    0.001     2.5811  21165.00   0.4    137.01   1.7  07.06.2026  22:46:58
  1  11   3  12  $12    0.001     2.2863  11186.95   0.1    171.01   0.2  07.06.2026  22:47:00
  1  13   2  14  $12    0.001    23.1204  79288.61   0.0      2.91  12.7  07.06.2026  22:47:03
  1  13   3  15  $12    0.001     4.7099  35716.26   0.1     -2.69  95.8  07.06.2026  22:47:05
  1  13   4  16  $12    0.010     5.1856   6664.48   0.0    125.95   0.2  07.06.2026  22:47:08
  1  13   5   9  $12    0.001     6.2987 158304.60   0.0      9.57   0.6  07.06.2026  22:47:13
  1  14   2  15  $12    0.001     7.8653  26781.86   0.2     -5.06  16.5  07.06.2026  22:47:15
  1  14   3  16  $12    0.010     8.1709   6094.23   0.0     89.71   0.1  07.06.2026  22:47:19
  1  15   2  16  $12    0.010    11.1420   3771.11   0.1     30.33  12.0  07.06.2026  22:47:21
  2   3   1   4  $12    0.010     7.8609   4939.18   0.0     38.46   7.5  07.06.2026  22:47:23
  2   3   5   6  $12    1.000    -7.9388    598.58   1.4   -425.31   0.8  07.06.2026  22:47:33
  2   3   9  10  $12    0.100     6.5371  69003.57   0.6   -462.59   0.4  07.06.2026  22:47:38
  2   3  13  14  $12    1.000     1.0400   4312.69  32.9  17877.05 102.7  07.06.2026  22:47:47
  2   4   5   7  $12    1.000     5.2086     61.36   0.3    441.39   0.7  07.06.2026  22:47:49
  2   4   6   8  $12    1.000    -1.0600     39.96   5.8  -4320.41   5.0  07.06.2026  22:47:55
  2   4   9  11  $12    1.000   -16.1389   3992.76   0.2   -473.69   0.3  07.06.2026  22:47:57
  2   4  10  12  $12    0.100   -19.4023  73145.12   0.3   -523.14   0.2  07.06.2026  22:48:02
  2   4  13  15  $12    0.100     2.7217  27510.67   0.4   1752.72   0.6  07.06.2026  22:48:04
  2   4  14  16  $12    0.100     4.6067  60784.26   0.0    238.34   0.6  07.06.2026  22:48:06
  2   6   1   5  $12    0.001     2.6472  11340.54   0.0     18.96   1.7  07.06.2026  22:48:14
  2   6  14  10  $12    0.010     6.7882  51181.45   0.0     -4.12  15.8  07.06.2026  22:48:18
  2   7   1   6  $12    0.001     4.3747  17360.08   0.0      3.79   8.9  07.06.2026  22:48:23
  2   8   1   7  $12    0.001     3.9743  15068.69   0.1     19.01   2.3  07.06.2026  22:48:25
  2  10   1   9  $12    0.001    41.5824 149636.46   0.0      4.72   1.4  07.06.2026  22:48:27
  2  11   1  10  $12    0.001    16.1958  57330.44   0.1     -6.24  10.1  07.06.2026  22:48:29
  2  14   1  13  $12    0.001    23.2373  79689.26   0.0      1.60  22.5  07.06.2026  22:48:32
  2  14   6  10  $12    0.010    21.1289  53102.80   0.0     63.64   0.3  07.06.2026  22:48:36
  2  15   1  14  $12    0.001     7.4991  25534.95   0.0      3.16  25.9  07.06.2026  22:48:41
  2  16   1  15  $12    0.010    10.0080   3387.31   0.0     15.68   0.2  07.06.2026  22:48:44
  3   4   5   6  $12    0.100    -2.0772    391.54   0.0   -558.63   0.4  07.06.2026  22:48:48
  3   4   9  10  $12    0.100    10.8410  71521.92   0.0   -561.58   0.2  07.06.2026  22:48:50
  3   4  13  14  $12    0.100     0.1822   5666.24   4.3  18662.95   3.8  07.06.2026  22:48:54
  3   7   1   5  $12    0.010     6.9305  13063.67   0.0     46.19   0.1  07.06.2026  22:48:59
  3   7  15  11  $12    0.010     5.5354  41735.56   0.0     17.58   1.4  07.06.2026  22:49:01
  3   8   1   6  $12    0.010     9.5200  11419.44   0.0     10.82   2.2  07.06.2026  22:49:04
  3  11   1   9  $12    0.001    13.5362 115977.62   0.0     26.98   0.7  07.06.2026  22:49:08
  3  12   1  10  $12    0.010    17.3530  14229.65   0.1    133.86   0.6  07.06.2026  22:49:12
  3  12   1  11  $12    0.010    15.1435   7409.88   0.0    135.91   0.0  07.06.2026  22:49:14
  3  15   1  13  $12    0.001     4.3407  32916.25   0.0     33.76   6.4  07.06.2026  22:49:19
  3  15   7  11  $12    0.010     2.5129   6315.62   0.0      0.04 300.6  07.06.2026  22:49:23
  3  16   1  14  $12    0.010     6.8059   5076.18   0.0     52.70   0.9  07.06.2026  22:49:25
  3   4   1   2  $12    0.100   -19.6167   3697.65   0.0     30.08   0.5  07.06.2026  22:49:29
  4   8   1   5  $12    0.010     3.9240   5177.61   0.1      0.47 585.8  07.06.2026  22:49:34
  4   8  16  12  $12    0.010     2.3956  18062.28   0.1     58.77   0.3  07.06.2026  22:49:36
  4  12   1   9  $12    0.010    16.6647  27865.70   0.0    146.37   0.4  07.06.2026  22:49:38
  4  16   1  13  $12    0.010     4.4005   5655.52   0.2     77.27   3.2  07.06.2026  22:49:40
  4  16   8  12  $12    0.100     6.2645   1574.43   0.0     -5.01   3.0  07.06.2026  22:49:44
  5   1   6   2  $12    0.001     2.8145  12057.27   0.0     13.44   7.5  07.06.2026  22:49:52
  5   1   7   3  $12    0.010     7.0948  13373.41   0.0     55.17   0.4  07.06.2026  22:49:56
  5   1   8   4  $12    0.010     3.9468   5207.71   0.0      1.56   2.2  07.06.2026  22:49:58
  5   1   9  13  $12    0.010     7.9690  60085.11   0.0   -102.69   1.9  07.06.2026  22:50:00
  5   2   6   3  $12    0.001     2.7447  13796.55   0.0      8.63   1.1  07.06.2026  22:50:05
  5   2   7   4  $12    0.010     7.2694  22837.56   0.0     56.98   0.3  07.06.2026  22:50:08
  5   3   6   4  $12    0.001     2.7081  25523.08   0.0     28.06   1.8  07.06.2026  22:50:13
  5   6   1   2  $12    0.100     3.2887   6199.02   0.1   -396.57   0.3  07.06.2026  22:50:19
  5   6   2   3  $12    0.100    -0.6587    496.65   0.7   -977.65   4.8  07.06.2026  22:50:24
  5   6   3   4  $12    0.100    -2.2786    429.51   0.3   -557.88   0.7  07.06.2026  22:50:26
  5   6   7   8  $12    0.001    -2.8000  52778.60   0.1    -18.30   0.7  07.06.2026  22:50:34
  5   6   9  10  $12    0.010     3.7422  70538.05   0.1   -465.71   0.7  07.06.2026  22:50:38
  5   6  10  11  $12    0.010    -4.1203 155331.13   0.1   -545.90   0.4  07.06.2026  22:50:40
  5   6  11  12  $12    0.100    -6.6329  43759.65   0.1   -313.41   0.0  07.06.2026  22:50:44
  5   6  13  14  $12    0.100   -19.5373 309346.17   0.1   -525.40   0.6  07.06.2026  22:50:46
  5   6  14  15  $12    0.100    -2.6827  60680.60   0.2   -476.46   0.2  07.06.2026  22:50:48
  5   6  15  16  $12    0.100    -2.4533  76303.32   0.0   -578.72   0.2  07.06.2026  22:50:50
  5   7   1   3  $12    0.100     3.3968   1280.56   0.0   -145.05   0.0  07.06.2026  22:50:52
  5   7   2   4  $12    0.100    -0.9631    113.47   0.3  -1146.09   1.6  07.06.2026  22:50:57
  5   7   9  11  $12    0.100     5.9807   2254.67   0.1    481.01   0.5  07.06.2026  22:50:59
  5   7  10  12  $12    0.010    -2.5517  21043.46   0.1   -509.97   0.2  07.06.2026  22:51:04
  5   7  13  15  $12    0.100   -12.9207  48709.96   0.0   -479.47   0.3  07.06.2026  22:51:08
  5   7  14  16  $12    0.100    -3.0905  16821.03   0.0   -477.29   0.3  07.06.2026  22:51:10
  5   8   1   4  $12    0.100     2.1260    207.79   0.0    310.74   0.5  07.06.2026  22:51:12
  5   8   6   7  $12    0.001     4.1462  26051.54   0.0    -28.83   0.7  07.06.2026  22:51:20
  5   8   9  12  $12    0.100    -3.0955    302.55   0.5  -3404.86   0.5  07.06.2026  22:51:25
  5   8  13  16  $12    0.010    -3.2640  50131.32   0.0   -549.21   0.1  07.06.2026  22:51:30
  5   9   1  13  $12    0.001     6.3521 159646.16   0.0      4.29   4.5  07.06.2026  22:51:35
  5   9   6  10  $12    0.001    42.2497 180997.21   0.0      6.86   4.2  07.06.2026  22:51:38
  5   9   7  11  $12    0.001    13.8028 260175.88   0.0     28.86   0.1  07.06.2026  22:51:40
  5   9   8  12  $12    0.010    16.3012  21508.88   0.0    272.98   0.0  07.06.2026  22:51:44
  5  10   6  11  $12    0.001    16.7976  66658.39   0.0     30.58   0.2  07.06.2026  22:51:49
  5  10   7  12  $12    0.001     2.3185  27810.71   0.0    125.91   1.6  07.06.2026  22:51:51
  5  11   6  12  $12    0.001     3.6298  13762.53   0.0    107.31   0.1  07.06.2026  22:51:53
  5  13   6  14  $12    0.001    25.0640  90194.16   0.0     -7.17   0.9  07.06.2026  22:51:55
  5  13   7  15  $12    0.001     5.3528  45862.50   0.0    -24.72   1.5  07.06.2026  22:51:57
  5  13   8  16  $12    0.010     7.5055  12550.28   0.0     82.99   0.1  07.06.2026  22:52:01
  5  14   6  15  $12    0.001     9.4998  33627.71   0.0    -11.26   0.9  07.06.2026  22:52:06
  5  14   7  16  $12    0.010    12.6191  10347.80   0.0     82.07   0.0  07.06.2026  22:52:10
  5  15   7  16  $12    0.010    10.8652   5316.45   0.0     72.57   0.1  07.06.2026  22:52:12
  6   2   5   1  $12    0.001     2.6816  11487.96   0.0      7.57   4.7  07.06.2026  22:52:16
  6   2  10  14  $12    0.010     7.2870  54942.87   0.2     -2.36  58.2  07.06.2026  22:52:20
  6   3   5   2  $12    0.001     2.6450  13295.27   0.1      7.55  27.1  07.06.2026  22:52:25
  6   4   5   3  $12    0.001     2.6210  24702.48   0.4     -5.77  72.4  07.06.2026  22:52:27
  6   7   1   2  $12    0.100    -0.4030   1519.40   0.2  -1544.77   0.4  07.06.2026  22:52:36
  6   7   5   8  $12    0.001     4.1118  25835.39   0.0    -17.13   3.6  07.06.2026  22:52:44
  6   7   9  10  $12    0.100   -15.7861  11902.44   0.4   -584.62   0.3  07.06.2026  22:52:54
  6   7  13  14  $12    0.100    10.0047 105606.96   0.1   -535.85   0.3  07.06.2026  22:52:56
  6   8   1   3  $12    0.100     2.8220   2327.24   0.0   -125.79   0.2  07.06.2026  22:52:58
  6   8   2   4  $12    1.000     2.8279    106.61   0.9   1327.37   2.1  07.06.2026  22:53:03
  6   8   9  11  $12    0.100     6.2299    733.94   0.0    270.04   0.1  07.06.2026  22:53:08
  6   8  10  12  $12    0.100    -2.8680   1081.23   0.6  -2828.57   0.7  07.06.2026  22:53:10
  6   8  13  15  $12    0.100    -6.2599  15487.11   0.1   -641.79   0.3  07.06.2026  22:53:12
  6   8  14  16  $12    1.000    -9.2440   3484.91   0.1   -700.07   0.6  07.06.2026  22:53:16
  6  10   2  14  $12    0.010    21.8566  54931.57   0.0     36.11   0.3  07.06.2026  22:53:24
  6  10   5   9  $12    0.001    43.0738 184527.80   0.0    -11.43   0.2  07.06.2026  22:53:29
  6  11   5  10  $12    0.001    16.7453  66450.89   0.1     19.87   3.2  07.06.2026  22:53:32
  6  12   5  11  $12    0.001     3.2313  12251.56   0.7     45.22   5.3  07.06.2026  22:53:34
  6  14   5  13  $12    0.001    24.8196  89314.46   0.0      5.33   1.5  07.06.2026  22:53:36
  6  15   5  14  $12    0.001     9.1900  32530.90   0.0      3.87  17.6  07.06.2026  22:53:38
  7   3   5   1  $12    0.010     6.9892  13174.35   0.0     55.98   0.5  07.06.2026  22:53:42
  7   3  11  15  $12    0.010     5.6668  42726.72   0.1     14.63   1.4  07.06.2026  22:53:44
  7   4   5   2  $12    0.010     7.1362  22419.18   0.0     70.58   0.5  07.06.2026  22:53:46
  7   8   1   2  $12    0.100     2.8940  19092.83   0.1   -441.00   0.4  07.06.2026  22:53:50
  7   8   9  10  $12    0.010     2.6872   5065.23   0.9   -533.36   0.5  07.06.2026  22:53:55
  7   8  13  14  $12    0.100   -15.3085 100995.63   0.1   -547.96   0.2  07.06.2026  22:53:59
  7  11   3  15  $12    0.100    22.2809   5599.79   0.0    -15.73   0.7  07.06.2026  22:54:01
  7  11   5   9  $12    0.001    13.0684 246333.66   0.0     31.78   0.4  07.06.2026  22:54:09
  7  12   5  10  $12    0.010    17.3674  20832.53   0.0     62.64   0.6  07.06.2026  22:54:12
  7  15   5  13  $12    0.001     4.9252  42198.68   0.0    -18.08   2.3  07.06.2026  22:54:17
  7  16   5  14  $12    0.010    11.6218   9530.01   0.0     59.76   0.4  07.06.2026  22:54:21
  7  16   5  15  $12    0.010    10.2391   5010.11   0.0     57.59   0.9  07.06.2026  22:54:23
  8   4   5   1  $12    0.010     3.9251   5179.09   0.0      9.52  15.3  07.06.2026  22:54:25
  8   4  12  16  $12    0.010     2.4040  18125.80   0.1     58.36  15.8  07.06.2026  22:54:27
  7   8   5   6  $12    0.001    -2.6390  49744.10   0.1      8.55  26.5  07.06.2026  22:54:32
  8  12   4  16  $12    0.100     6.0542   1521.58   0.0      3.54   3.5  07.06.2026  22:54:38
  8  12   5   9  $12    0.010    11.1804  14752.19   0.3    198.26   0.0  07.06.2026  22:54:42
  8  16   5  13  $12    0.010     6.8894  11519.95   0.1     36.52   3.4  07.06.2026  22:54:44
  9   1  10   2  $12    0.001    41.1475 148071.49   0.0     21.43   1.3  07.06.2026  22:54:50
  9   1  11   3  $12    0.001    14.0124 120058.12   0.1     44.74   1.3  07.06.2026  22:54:52
  9   1  12   4  $12    0.010    17.4391  29160.61   0.0    204.01   0.0  07.06.2026  22:54:56
  9   2  10   3  $12    0.001    41.3377 152038.43   0.0     18.20   1.4  07.06.2026  22:55:01
  9   2  11   4  $12    0.001    13.9838 127542.60   0.0     38.79   3.9  07.06.2026  22:55:03
  9   3  11   4  $12    0.001    14.4537  77289.77   0.0     39.52   0.2  07.06.2026  22:55:05
  9   5  10   6  $12    0.001    42.1083 180391.72   0.0     13.95   1.9  07.06.2026  22:55:07
  9   5  11   7  $12    0.001    13.6757 257780.75   0.1     38.06   3.0  07.06.2026  22:55:10
  9   5  12   8  $12    0.010    14.4000  19000.39   0.0    257.58   0.0  07.06.2026  22:55:13
  9   5  13   1  $12    0.001     6.2410 156852.69   0.1     10.04  14.5  07.06.2026  22:55:18
  9   6  10   7  $12    0.001    43.1766 217029.48   0.0     20.53   0.7  07.06.2026  22:55:21
  9   6  11   8  $12    0.001    13.7674 432517.06   0.1     37.03   0.5  07.06.2026  22:55:23
  9   7  10   8  $12    0.001    42.9690 404973.35   0.0     18.88   0.0  07.06.2026  22:55:25
  9  10   1   2  $12    0.100    -7.3325 116099.94   0.1   -300.06   0.2  07.06.2026  22:55:31
  9  10   2   3  $12    0.100     2.3911  25239.41   0.5   -342.84   0.7  07.06.2026  22:55:33
  9  10   3   4  $12    0.100     6.2279  41087.49   0.0   -443.96   0.2  07.06.2026  22:55:35
  9  10   5   6  $12    0.100    15.7049  29603.05   0.0   -421.34   0.0  07.06.2026  22:55:37
  9  10   6   7  $12    0.100    -2.6149   1971.58   0.4   -999.50   0.2  07.06.2026  22:55:39
  9  10   7   8  $12    0.100    13.0668   2463.04   0.0   -481.22   0.0  07.06.2026  22:55:41
  9  10  12  11  $12    0.010    13.3897  25239.00   0.0     53.01   0.2  07.06.2026  22:55:46
  9  10  13  14  $12    0.010    12.5718 236973.37   0.0   -339.86   0.1  07.06.2026  22:55:48
  9  10  14  15  $12    0.010     3.0531 115099.80   0.0   -193.36   0.5  07.06.2026  22:55:50
  9  10  15  16  $12    0.100    15.5283 102445.68   0.0   -312.73   0.0  07.06.2026  22:55:54
  9  11   1   3  $12    0.100     2.2840   8610.46   0.0   -626.44   0.3  07.06.2026  22:55:56
  9  11   2   4  $12    0.100    -3.9495   9771.09   0.2   -652.50   0.3  07.06.2026  22:55:58
  9  11   5   7  $12    0.100     4.4270   1668.92   0.0    671.98   0.1  07.06.2026  22:56:00
  9  11   6   8  $12    0.100     5.8669    691.17   0.0    407.16   0.1  07.06.2026  22:56:02
  9  11  13  15  $12    0.001     3.6235 136602.26   0.1     71.61   6.6  07.06.2026  22:56:10
  9  11  14  16  $12    0.010    16.3210 134594.06   0.0     12.52   0.4  07.06.2026  22:56:13
  9  12   1   4  $12    0.100    -0.3615    555.27   0.7  -1593.75   1.0  07.06.2026  22:56:21
  9  12   5   8  $12    0.100    -1.3818    135.06   0.0  -5350.49   0.3  07.06.2026  22:56:22
  9  12  10  11  $12    0.001    26.5782 166996.02   0.0     13.97   1.2  07.06.2026  22:56:31
  9  12  13  16  $12    0.001     5.5075  53829.02   0.2     22.54  18.2  07.06.2026  22:56:33
  9  13   5   1  $12    0.010     8.1842  61707.55   0.1   -113.98   0.5  07.06.2026  22:56:37
  9  13  10  14  $12    0.001    57.1073 244647.13   0.0    -23.32   0.4  07.06.2026  22:56:42
  9  13  11  15  $12    0.001    16.0560 302649.26   0.1      1.92  51.2  07.06.2026  22:56:44
  9  13  12  16  $12    0.010    13.3167  17571.03   0.0    137.98   0.0  07.06.2026  22:56:48
  9  14  10  15  $12    0.001    45.9510 182348.60   0.0     -7.74   5.5  07.06.2026  22:56:53
  9  14  11  16  $12    0.001    14.1607 169859.95   0.0     18.43  10.0  07.06.2026  22:56:56
  9  15  10  16  $12    0.001    41.1807 156139.92   0.0      3.21  39.8  07.06.2026  22:56:58
 10   2   9   1  $12    0.001    41.9740 151045.66   0.0     -2.28   0.1  07.06.2026  22:57:01
 10   3   9   2  $12    0.001    42.2536 155407.22   0.2    -11.88   9.0  07.06.2026  22:57:03
 10   6   9   5  $12    0.001    43.2154 185134.18   0.0    -18.48   0.5  07.06.2026  22:57:05
 10   6  14   2  $12    0.001     2.2887  57520.80   0.3     41.25  15.4  07.06.2026  22:57:08
 10   7   9   6  $12    0.001    44.0243 221290.29   0.0     -3.64   4.7  07.06.2026  22:57:10
 10   8   9   7  $12    0.001    44.1186 415807.93   0.0    -14.78   0.9  07.06.2026  22:57:13
 10  11   1   2  $12    0.100     9.8472 222738.40   0.0   -294.01   0.1  07.06.2026  22:57:19
 10  11   5   6  $12    0.100   -10.0214  37779.62   0.1   -654.12   0.2  07.06.2026  22:57:21
 10  11   9  12  $12    0.001    27.4023 172173.55   0.0    -18.66   0.1  07.06.2026  22:57:30
 10  11  13  14  $12    0.010     9.4016  70886.23   0.0    552.55   0.1  07.06.2026  22:57:33
 10  12   1   3  $12    0.100     8.3020  45186.08   0.1   -270.69   0.1  07.06.2026  22:57:37
 10  12   2   4  $12    0.100    -7.8667  29656.68   0.2   -516.77   0.0  07.06.2026  22:57:39
 10  12   5   7  $12    0.100   -11.6117   9575.76   0.0   -307.31   0.2  07.06.2026  22:57:41
 10  12   6   8  $12    0.100     2.9097   1096.94   0.5   1652.23   0.4  07.06.2026  22:57:43
 10  12  13  15  $12    0.001     3.2775  38611.76   0.1    267.08   1.0  07.06.2026  22:57:51
 10  12  14  16  $12    0.010    18.3235  69078.09   0.0     88.78   0.0  07.06.2026  22:57:55
 10  14   6   2  $12    0.010     7.6098  57376.16   0.0     -3.75   2.3  07.06.2026  22:57:57
 10  14   9  13  $12    0.001    57.8608 247875.02   0.0    -41.02   0.3  07.06.2026  22:58:02
 10  15   9  14  $12    0.001    46.5136 184581.37   0.0    -25.99   0.6  07.06.2026  22:58:05
 10  16   9  15  $12    0.001    41.6996 158107.09   0.0    -15.57   0.4  07.06.2026  22:58:07
 11   3   9   1  $12    0.001    14.1347 121105.61   0.0     40.90   0.3  07.06.2026  22:58:09
 11   4   9   2  $12    0.001    14.2292 129780.86   0.0     38.77   1.5  07.06.2026  22:58:11
 11   4   9   3  $12    0.001    14.5813  77971.87   0.0     40.27   1.5  07.06.2026  22:58:13
 11   7   9   5  $12    0.001    13.6535 257362.79   0.0     38.00   1.2  07.06.2026  22:58:15
 11   7  15   3  $12    0.010     2.4371   6125.13   0.0     13.45   3.2  07.06.2026  22:58:19
 11   8   9   6  $12    0.001    13.8694 435720.84   0.0     41.42   0.2  07.06.2026  22:58:24
 11  12   1   2  $12    1.000     2.9268   9102.72   0.4   -615.84   2.1  07.06.2026  22:58:32
 11  12   5   6  $12    0.100    -5.8914  38867.31   0.2      6.46   9.8  07.06.2026  22:58:37
 11  12  13  14  $12    0.010     7.7881  14680.28   0.0     20.02   1.5  07.06.2026  22:58:42
 11  15   7   3  $12    0.010     5.0345  37959.21   0.0     -0.26  74.6  07.06.2026  22:58:44
 11  15   9  13  $12    0.001    14.1944 267557.41   0.0     14.15   2.3  07.06.2026  22:58:49
 11  16   9  14  $12    0.001    12.1725 146011.64   0.0     20.77   1.8  07.06.2026  22:58:51
 12   4   9   1  $12    0.010    12.3964  20728.48   0.2     97.30   1.3  07.06.2026  22:58:55
 12   8   9   5  $12    0.010     9.6932  12789.84   0.1    159.05   0.3  07.06.2026  22:58:57
 12   8  16   4  $12    0.100     6.1163   1537.19   0.0      9.22   2.8  07.06.2026  22:59:00
 12  11   9  10  $12    0.010    11.0396  20809.23   0.0     70.41   3.5  07.06.2026  22:59:05
 12  16   8   4  $12    0.010     2.0838  15711.47   0.6     57.04   8.1  07.06.2026  22:59:07
 12  16   9  13  $12    0.010    13.2788  17520.96   0.0    138.24   1.1  07.06.2026  22:59:10
 13   1   9   5  $12    0.001     6.0669 152477.49   0.0      7.64   2.5  07.06.2026  22:59:14
 13   1  14   2  $12    0.001    22.3592  76677.85   0.0     10.80   1.4  07.06.2026  22:59:16
 13   1  15   3  $12    0.001     4.3963  33337.48   0.1     -1.08  38.2  07.06.2026  22:59:18
 13   1  16   4  $12    0.010     4.5700   5873.38   0.0    123.23   0.0  07.06.2026  22:59:22
 13   2  14   3  $12    0.001    22.2780  77051.54   0.0      9.86   0.1  07.06.2026  22:59:27
 13   2  15   4  $12    0.001     4.4415  34369.33   0.0     11.35   0.9  07.06.2026  22:59:29
 13   3  14   4  $12    0.001    22.1985  77574.60   0.0     17.87   0.3  07.06.2026  22:59:31
 13   5  14   6  $12    0.001    24.2607  87303.20   0.0      4.25   0.4  07.06.2026  22:59:34
 13   5  15   7  $12    0.001     5.1588  44200.91   0.0    -11.70   1.5  07.06.2026  22:59:36
 13   5  16   8  $12    0.010     7.5310  12592.86   0.0     82.66   0.1  07.06.2026  22:59:39
 13   6  14   7  $12    0.001    25.6698  94412.53   0.0     14.14   0.3  07.06.2026  22:59:45
 13   6  15   8  $12    0.001     5.1104  46610.83   0.0     12.65   7.7  07.06.2026  22:59:47
 13   7  15   8  $12    0.001     7.6195  40744.37   0.0      9.73   5.3  07.06.2026  22:59:49
 13   9   1   5  $12    0.010     8.1391  61367.10   0.0   -111.11   0.1  07.06.2026  22:59:53
 13   9  14  10  $12    0.001    44.3929 190178.76   0.1     31.45  10.2  07.06.2026  22:59:58
 13   9  15  11  $12    0.001    15.3405 289161.58   0.2     23.65  10.9  07.06.2026  23:00:00
 13   9  16  12  $12    0.010    14.1848  18716.44   0.0    162.48   0.0  07.06.2026  23:00:04
 13  10  14  11  $12    0.001    33.4315 168044.93   0.0     -6.10   1.1  07.06.2026  23:00:09
 13  10  15  12  $12    0.001     5.3523 168147.03   0.0      5.95   2.1  07.06.2026  23:00:11
 13  11  14  12  $12    0.001    22.1428 208691.33   0.0     21.28   0.7  07.06.2026  23:00:13
 13  14   1   2  $12    0.100    -0.3134  16896.40   1.6   7668.78   1.6  07.06.2026  23:00:28
 13  14   2   3  $12    0.100     4.2745 177259.44   0.1    168.93   0.7  07.06.2026  23:00:30
 13  14   3   4  $12    0.100     0.5514  17149.30   0.7   4412.39   1.0  07.06.2026  23:00:33
 13  14   5   6  $12    0.100   -13.8688 219594.18   0.0   -460.77   0.1  07.06.2026  23:00:35
 13  14   6   7  $12    0.100     5.8550  61804.43   0.0   -477.90   0.1  07.06.2026  23:00:37
 13  14   7   8  $12    0.100   -11.6968  77167.80   0.0   -504.70   0.0  07.06.2026  23:00:39
 13  14   9  10  $12    0.010    12.6162 237809.47   0.0   -322.89   0.2  07.06.2026  23:00:44
 13  14  10  11  $12    0.010     9.0260  68054.50   0.0    570.88   0.7  07.06.2026  23:00:46
 13  14  11  12  $12    0.010     8.4435  15915.55   0.1     47.19   0.6  07.06.2026  23:00:48
 13  14  16  15  $12    0.001     2.6243  49466.19   0.0    -40.06   0.4  07.06.2026  23:00:53
 13  15   1   3  $12    0.100     0.3472   4581.66   0.8  -5713.46   0.7  07.06.2026  23:01:10
 13  15   2   4  $12    0.100    11.0419 111612.40   0.0    299.52   0.2  07.06.2026  23:01:12
 13  15   5   7  $12    0.100    -9.3169  35123.92   0.0   -420.52   0.0  07.06.2026  23:01:14
 13  15   6   8  $12    0.100    -6.0313  14921.49   0.0   -556.71   0.0  07.06.2026  23:01:16
 13  15   9  11  $12    0.001     3.4862 131425.25   0.0     41.64   2.0  07.06.2026  23:01:24
 13  15  10  12  $12    0.001     3.0557  35999.30   0.1    370.20   0.6  07.06.2026  23:01:26
 13  16   1   4  $12    0.100     5.2461  29666.20   0.1     49.79   0.9  07.06.2026  23:01:31
 13  16   5   8  $12    0.100   -21.9520  33715.83   0.0   -481.16   0.0  07.06.2026  23:01:33
 13  16   9  12  $12    0.001     5.3668  52453.85   0.1     38.22   2.9  07.06.2026  23:01:41
 13  16  14  15  $12    0.001    17.0616 107201.50   0.0     -8.04   7.5  07.06.2026  23:01:43
 14   2  10   6  $12    0.001     2.2248  55915.88   0.5     73.62  10.2  07.06.2026  23:01:45
 14   2  13   1  $12    0.001    22.0421  75590.51   0.0     11.12   5.6  07.06.2026  23:01:47
 14   3  13   2  $12    0.001    21.9054  75762.65   0.0     14.38   0.8  07.06.2026  23:01:49
 14   4  13   3  $12    0.001    22.0315  76990.86   0.0     17.07   6.3  07.06.2026  23:01:51
 14   6  13   5  $12    0.001    23.9431  86160.53   0.0     13.04   3.2  07.06.2026  23:01:54
 14   7  13   6  $12    0.001    25.6402  94303.66   0.0     11.73   1.5  07.06.2026  23:01:56
 14  10   2   6  $12    0.010     7.9559  59986.28   0.0    -14.78   0.9  07.06.2026  23:02:00
 14  10  13   9  $12    0.001    56.6580 242722.34   0.0    -17.91   1.1  07.06.2026  23:02:06
 14  11  13  10  $12    0.001    33.2157 166960.41   0.0     17.78   1.8  07.06.2026  23:02:08
 14  12  13  11  $12    0.001    21.9950 207298.32   0.1     25.05   3.9  07.06.2026  23:02:10
 14  15   1   2  $12    0.100    -5.0920 349371.66   0.0    165.82   0.1  07.06.2026  23:02:15
 14  15   5   6  $12    0.100    -3.0641  69308.52   0.1   -495.23   0.2  07.06.2026  23:02:18
 14  15   9  10  $12    0.010     3.0546 115157.09   0.7   -217.21   0.7  07.06.2026  23:02:22
 14  15  13  16  $12    0.001    17.0741 107279.71   0.0     16.62   8.2  07.06.2026  23:02:27
 14  16   1   3  $12    0.100    -5.2534  88502.19   0.0    220.59   0.1  07.06.2026  23:02:33
 14  16   2   4  $12    0.100     8.4684 111738.07   0.0    133.10   0.2  07.06.2026  23:02:35
 14  16   5   7  $12    0.100    -3.4886  18987.58   0.1   -468.06   0.1  07.06.2026  23:02:37
 14  16   6   8  $12    0.100    -1.2648   4768.30   0.2   -933.12   0.2  07.06.2026  23:02:42
 14  16   9  11  $12    0.010    16.1528 133206.57   0.0     15.75   0.8  07.06.2026  23:02:47
 14  16  10  12  $12    0.010    18.1078  68264.94   0.0     96.63   0.3  07.06.2026  23:02:49
 15   3  11   7  $12    0.010     2.6090   6557.17   0.4     -6.22  27.5  07.06.2026  23:02:51
 15   3  13   1  $12    0.001     4.6120  34973.37   0.2      6.89  25.6  07.06.2026  23:02:56
 15   4  13   2  $12    0.001     4.6891  36285.26   0.1      9.61  10.4  07.06.2026  23:02:58
 15   7  13   5  $12    0.001     5.3377  45733.13   0.0     -9.02  17.5  07.06.2026  23:03:00
 15   8  13   6  $12    0.001     5.4196  49430.47   0.0      7.01  10.9  07.06.2026  23:03:02
 15   8  13   7  $12    0.001     7.9140  42319.15   0.0      8.20   1.3  07.06.2026  23:03:04
 15  11   3   7  $12    0.010     5.5955  42189.15   0.0     27.50   0.9  07.06.2026  23:03:08
 15  11  13   9  $12    0.001    15.9288 300250.37   0.0     31.39   1.2  07.06.2026  23:03:13
 15  12  13  10  $12    0.001     5.5945 175754.86   0.0     46.21   1.5  07.06.2026  23:03:15
 15  16   1   2  $12    0.100    -2.7456 235480.10   0.0    223.39   0.2  07.06.2026  23:03:21
 15  16   5   6  $12    0.100    -2.4943  77577.29   0.0   -514.52   0.4  07.06.2026  23:03:23
 15  16   9  10  $12    0.100    16.8310 111039.77   0.0   -353.73   0.0  07.06.2026  23:03:25
 16   4  12   8  $12    0.100     6.2493   1570.63   0.1      1.36  53.8  07.06.2026  23:03:27
 16   4  13   1  $12    0.010     5.0104   6439.40   0.0     84.13   1.8  07.06.2026  23:03:32
 16   8  13   5  $12    0.010     7.7234  12914.65   0.0     54.69   0.5  07.06.2026  23:03:34
 16  12   4   8  $12    0.010     2.1942  16543.82   0.0     46.18   4.3  07.06.2026  23:03:36
 16  12  13   9  $12    0.010    15.2704  20148.77   0.1    161.46   0.0  07.06.2026  23:03:38
 16  15  13  14  $12    0.001     2.6612  50162.05   0.2    -19.79  40.8  07.06.2026  23:03:43
