//C:\Users\user\Desktop\GeoTom\GeoTomE724.ini
//- Cable direction:
//  cable I: normal
//  cable II: normal
//  cable III: normal
//  cable IV: normal
//- Cable arrangement: sequential
//- Optimization: Last measurement
//- Sorting: Multi-level
//- Current levels: 0.001 mA .. 10.0 mA
Type:         Flow
Name:         Hyprop
Comment:      Example of a measurements sequence
Comment:      
Comment:      
Spacing:      1.00000
First El:     0.00000
Nr of points: 312
IP present:   1

  1   2   4   3  $12    0.010     4.3737   8244.28   0.1     29.35   2.4  08.06.2026  06:45:06
  1   2   5   6  $12    0.100     6.1875  11663.26   0.0   -424.29   0.3  08.06.2026  06:45:10
  1   2   6   7  $12    1.000     3.4505   1300.83   0.6    626.62   1.7  08.06.2026  06:45:14
  1   2   7   8  $12    0.100     3.8077  25120.94   0.1   -419.97   0.1  08.06.2026  06:45:18
  1   2   9  10  $12    0.100   -19.3676 306658.81   0.2   -489.81   0.4  08.06.2026  06:45:20
  1   2  10  11  $12    0.010     2.6620 602138.98   0.2   -448.09   1.0  08.06.2026  06:45:25
  1   2  11  12  $12    1.000    22.1857  69001.50   0.2   -309.27   0.1  08.06.2026  06:45:31
  1   2  13  14  $12    0.100     7.3437 395899.38   0.0   -814.73   0.6  08.06.2026  06:45:39
  1   2  14  15  $12    0.100    -2.6956 184954.57   0.3    276.41   0.7  08.06.2026  06:45:41
  1   2  15  16  $12    1.000   -10.8328  92907.95   0.9    252.12   1.1  08.06.2026  06:45:46
  1   3   5   7  $12    0.100     4.6425   1750.16   0.0   -150.45   0.4  08.06.2026  06:45:51
  1   3   6   8  $12    0.100     3.7070   3057.03   0.0   -114.39   0.7  08.06.2026  06:45:53
  1   3   9  11  $12    0.100     2.2520   8489.93   0.2   -612.61   0.3  08.06.2026  06:45:55
  1   3  10  12  $12    0.100    14.5380  79127.80   0.0   -529.58   0.3  08.06.2026  06:45:57
  1   3  13  15  $12    0.100     4.9309  65062.29   0.0   -986.73   0.4  08.06.2026  06:45:59
  1   3  14  16  $12    0.100    -4.2734  71992.76   0.1    188.68   1.0  08.06.2026  06:46:01
  1   4   2   3  $12    0.010     9.5017   5970.12   0.0     22.88   0.7  08.06.2026  06:46:06
  1   4   5   8  $12    0.100     2.2125    216.25   0.7    485.28   0.2  08.06.2026  06:46:10
  1   4   9  12  $12    1.000   -14.4490   2219.21   0.2   -743.59   0.5  08.06.2026  06:46:13
  1   4  13  16  $12    0.100     7.2053  40744.78   0.3    404.04   0.4  08.06.2026  06:46:18
  1   5   2   6  $12    0.001     4.0780  17470.13   0.0      7.60   3.2  08.06.2026  06:46:26
  1   5   3   7  $12    0.010     9.5221  17948.77   0.0     52.44   0.0  08.06.2026  06:46:31
  1   5   4   8  $12    0.010     4.6607   6149.62   0.0      2.33  26.8  08.06.2026  06:46:33
  1   5  13   9  $12    0.010    12.7640  96238.59   0.2   -154.90   0.0  08.06.2026  06:46:35
  1   6   2   7  $12    0.001     5.4014  21434.57   0.0     26.62   1.8  08.06.2026  06:46:40
  1   6   3   8  $12    0.010    11.4417  13724.53   0.0      2.13  16.1  08.06.2026  06:46:44
  1   7   2   8  $12    0.001     4.6358  17577.11   0.0     -2.83   8.4  08.06.2026  06:46:49
  1   9   2  10  $12    0.001    47.1911 169819.51   0.0     22.20   5.5  08.06.2026  06:46:51
  1   9   3  11  $12    0.001    17.0611 146178.92   0.0     35.71   0.9  08.06.2026  06:46:53
  1   9   4  12  $12    0.001     2.1709  36300.77   0.0    203.29   0.3  08.06.2026  06:46:56
  1  10   2  11  $12    0.001    19.4150  68725.74   0.0     26.99   4.1  08.06.2026  06:46:58
  1  10   3  12  $12    0.001     2.6925  22078.49   0.6    146.13   2.9  08.06.2026  06:47:00
  1  11   3  12  $12    0.001     2.3374  11437.16   0.0    172.10   0.7  08.06.2026  06:47:02
  1  13   2  14  $12    0.001    32.3485 110935.14   0.0      5.91   8.1  08.06.2026  06:47:04
  1  13   3  15  $12    0.001     7.0845  53722.79   0.1     15.59  12.1  08.06.2026  06:47:06
  1  13   4  16  $12    0.010     4.9443   6354.42   0.0    189.71   0.1  08.06.2026  06:47:10
  1  13   5   9  $12    0.001     7.8388 197011.73   0.0     12.44   0.0  08.06.2026  06:47:15
  1  14   2  15  $12    0.001    12.0633  41076.53   0.4     15.17  12.2  08.06.2026  06:47:17
  1  14   3  16  $12    0.010     9.0137   6722.83   0.0     68.19   0.3  08.06.2026  06:47:21
  1  15   2  16  $12    0.010    13.5499   4586.07   0.0     24.12   5.3  08.06.2026  06:47:23
  2   3   1   4  $12    0.010    10.0763   6331.10   0.0     44.56   3.8  08.06.2026  06:47:25
  2   3   5   6  $12    1.000    -4.6168    348.10   0.0   -336.37   0.2  08.06.2026  06:47:31
  2   3   9  10  $12    0.100     5.5955  59064.25   0.3   -405.90   0.3  08.06.2026  06:47:36
  2   3  13  14  $12    0.100     1.5211  63079.36   0.6   1334.79   0.4  08.06.2026  06:47:38
  2   4   5   7  $12    1.000     1.5453     18.21   5.2   7470.12  10.1  08.06.2026  06:47:46
  2   4   6   8  $12    1.000     0.9656     36.40   6.9   5643.94   7.4  08.06.2026  06:47:53
  2   4   9  11  $12    1.000   -15.7184   3888.73   0.2   -744.72   0.2  08.06.2026  06:47:55
  2   4  10  12  $12    0.100   -20.2342  76280.99   0.3   -477.15   0.4  08.06.2026  06:48:00
  2   4  13  15  $12    0.100     1.3783  13932.11   0.1   4585.12   0.3  08.06.2026  06:48:02
  2   4  14  16  $12    0.100     5.5087  72685.07   0.1    187.41   0.2  08.06.2026  06:48:04
  2   6   1   5  $12    0.001     3.7314  15985.45   0.0     24.77   6.0  08.06.2026  06:48:12
  2   6  14  10  $12    0.010     8.2483  62190.92   0.7     38.25   1.3  08.06.2026  06:48:16
  2   7   1   6  $12    0.001     5.3846  21367.74   0.0      5.09   4.4  08.06.2026  06:48:21
  2   8   1   7  $12    0.001     4.4641  16925.84   0.0     16.52   2.1  08.06.2026  06:48:23
  2  10   1   9  $12    0.001    47.8131 172057.92   0.0      7.26   3.8  08.06.2026  06:48:26
  2  11   1  10  $12    0.001    19.2698  68211.56   0.0     -7.46  37.3  08.06.2026  06:48:28
  2  14   1  13  $12    0.001    32.9925 113143.70   0.0     -3.20  17.7  08.06.2026  06:48:30
  2  14   6  10  $12    0.001     1.9728  49581.28   0.4    412.96   1.6  08.06.2026  06:48:34
  2  15   1  14  $12    0.001    11.8495  40348.60   0.0      3.89  19.2  08.06.2026  06:48:36
  2  16   1  15  $12    0.010    11.7194   3966.54   0.0     15.42   1.0  08.06.2026  06:48:40
  3   4   5   6  $12    0.100    -3.3652    634.33   0.0   -518.49   0.4  08.06.2026  06:48:44
  3   4   9  10  $12    0.100    17.9184 118213.81   0.0   -514.87   0.1  08.06.2026  06:48:46
  3   4  13  14  $12    0.100    -3.2167 100046.07   0.6  -2144.64   0.7  08.06.2026  06:48:48
  3   7   1   5  $12    0.010     9.2144  17368.79   0.0     47.73   1.1  08.06.2026  06:48:53
  3   7  15  11  $12    0.010     6.7962  51242.05   0.0     19.92   0.9  08.06.2026  06:48:55
  3   8   1   6  $12    0.010    11.4582  13744.33   0.0      7.68   1.3  08.06.2026  06:48:57
  3  11   1   9  $12    0.001    16.7198 143254.81   0.0     35.51   0.6  08.06.2026  06:49:02
  3  12   1  10  $12    0.001     2.1949  17998.42   0.5     84.63   7.4  08.06.2026  06:49:04
  3  12   1  11  $12    0.010    17.3037   8466.87   0.0    131.18   0.2  08.06.2026  06:49:08
  3  15   1  13  $12    0.001     7.0149  53195.08   0.0     17.42   3.3  08.06.2026  06:49:13
  3  15   7  11  $12    0.010     3.1595   7940.68   0.1     12.05   9.0  08.06.2026  06:49:16
  3  16   1  14  $12    0.010     7.9823   5953.59   0.0     45.27   0.8  08.06.2026  06:49:18
  3   4   1   2  $12    0.010    -2.8824   5433.13   0.7    -14.21  23.7  08.06.2026  06:49:20
  4   8   1   5  $12    0.010     4.6569   6144.64   0.2     12.80  22.2  08.06.2026  06:49:22
  4   8  16  12  $12    0.010     2.4321  18337.39   0.1     62.17   0.8  08.06.2026  06:49:24
  4  12   1   9  $12    0.010    17.2541  28851.29   0.0    133.61   0.6  08.06.2026  06:49:27
  4  16   1  13  $12    0.010     4.4862   5765.59   0.2    162.50   1.3  08.06.2026  06:49:29
  4  16   8  12  $12    0.100     6.5280   1640.66   0.0    -14.06   0.9  08.06.2026  06:49:33
  5   1   6   2  $12    0.001     3.9491  16918.02   0.0     11.10   2.3  08.06.2026  06:49:40
  5   1   7   3  $12    0.010     9.4364  17787.14   0.0     56.92   0.1  08.06.2026  06:49:45
  5   1   8   4  $12    0.010     4.6394   6121.59   0.0      3.16   7.2  08.06.2026  06:49:47
  5   1   9  13  $12    0.010    12.7654  96248.94   0.1   -165.78   0.2  08.06.2026  06:49:49
  5   2   6   3  $12    0.001     3.9146  19676.97   0.0      5.13  15.2  08.06.2026  06:49:54
  5   2   7   4  $12    0.010     9.4624  29726.93   0.0     64.27   0.4  08.06.2026  06:49:57
  5   3   6   4  $12    0.001     3.7569  35407.78   0.0     26.22   1.8  08.06.2026  06:50:02
  5   6   1   2  $12    0.100     5.0466   9512.64   0.5   -426.99   0.7  08.06.2026  06:50:08
  5   6   2   3  $12    0.100    -0.7309    551.11   1.3   -902.58   1.2  08.06.2026  06:50:18
  5   6   3   4  $12    0.100    -3.0474    574.42   0.5   -489.47   1.1  08.06.2026  06:50:20
  5   6   7   8  $12    0.001    -3.3908  63914.80   0.0    -22.33   5.0  08.06.2026  06:50:27
  5   6   9  10  $12    0.010     5.3328 100520.04   0.1   -461.41   0.4  08.06.2026  06:50:32
  5   6  10  11  $12    0.010    -5.8653 221116.84   0.1   -519.83   0.3  08.06.2026  06:50:34
  5   6  11  12  $12    0.100    -8.1483  53757.46   0.2   -301.86   0.4  08.06.2026  06:50:37
  5   6  13  14  $12    0.010    -3.6473 577505.75   0.5   -484.43   1.0  08.06.2026  06:50:42
  5   6  14  15  $12    0.100    -3.6755  83138.89   0.1   -526.34   0.1  08.06.2026  06:50:46
  5   6  15  16  $12    0.100    -2.5403  79007.05   0.0   -485.29   0.0  08.06.2026  06:50:48
  5   7   1   3  $12    0.100     4.5252   1705.97   0.0   -134.27   0.3  08.06.2026  06:50:50
  5   7   2   4  $12    0.100    -1.2071    142.21   0.8  -1073.78   0.7  08.06.2026  06:50:56
  5   7   9  11  $12    0.100     9.3280   3516.57   0.0    322.72   0.6  08.06.2026  06:50:58
  5   7  10  12  $12    0.010    -3.0178  24886.78   0.5   -504.71   0.6  08.06.2026  06:51:03
  5   7  13  15  $12    0.010    -2.1103  79558.01   0.3   -473.84   0.3  08.06.2026  06:51:05
  5   7  14  16  $12    0.100    -3.1510  17150.06   0.1   -493.40   0.3  08.06.2026  06:51:09
  5   8   1   4  $12    0.100     3.0308    296.22   0.0    247.65   0.1  08.06.2026  06:51:11
  5   8   6   7  $12    0.001     5.2541  33012.68   0.0    -32.12   1.5  08.06.2026  06:51:19
  5   8   9  12  $12    0.100     1.9752    193.06   0.4   6180.73   0.0  08.06.2026  06:51:24
  5   8  13  16  $12    0.010    -5.9457  91319.39   0.0   -546.80   0.1  08.06.2026  06:51:29
  5   9   1  13  $12    0.001     8.1069 203748.22   0.0      3.37  30.8  08.06.2026  06:51:34
  5   9   6  10  $12    0.001    49.6134 212543.17   0.1      4.82   8.3  08.06.2026  06:51:37
  5   9   7  11  $12    0.001    16.6867 314536.62   0.0     27.17   1.0  08.06.2026  06:51:39
  5   9   8  12  $12    0.010    16.8217  22195.70   0.0    247.31   0.0  08.06.2026  06:51:43
  5  10   6  11  $12    0.001    20.3462  80740.47   0.0     23.34   0.1  08.06.2026  06:51:48
  5  10   7  12  $12    0.001     2.5569  30670.89   0.2     54.38   3.8  08.06.2026  06:51:50
  5  11   6  12  $12    0.001     4.3807  16609.78   0.0     82.87   1.0  08.06.2026  06:51:52
  5  13   6  14  $12    0.001    36.5079 131375.63   0.0     -2.40   1.8  08.06.2026  06:51:54
  5  13   7  15  $12    0.001     8.4793  72650.47   0.0    -10.54   2.5  08.06.2026  06:51:56
  5  13   8  16  $12    0.010     7.8743  13166.86   0.0     99.90   0.3  08.06.2026  06:52:00
  5  14   6  15  $12    0.001    14.9900  53061.85   0.0     -3.91   2.9  08.06.2026  06:52:05
  5  14   7  16  $12    0.010    15.5071  12715.98   0.0     60.06   0.1  08.06.2026  06:52:09
  5  15   7  16  $12    0.010    13.4282   6570.53   0.0     62.13   0.2  08.06.2026  06:52:11
  6   2   5   1  $12    0.001     3.8439  16467.40   0.1      2.16 141.5  08.06.2026  06:52:15
  6   2  10  14  $12    0.010     9.5713  72166.17   0.0      7.58  46.9  08.06.2026  06:52:19
  6   3   5   2  $12    0.001     3.7806  19003.40   0.2      8.77   6.8  08.06.2026  06:52:24
  6   4   5   3  $12    0.001     3.6713  34601.01   0.1      9.94  41.6  08.06.2026  06:52:26
  6   7   1   2  $12    0.100    -0.6626   2497.84   0.6  -1254.44   0.1  08.06.2026  06:52:35
  6   7   5   8  $12    0.001     5.2211  32805.09   0.0    -24.00   6.3  08.06.2026  06:52:43
  6   7   9  10  $12    0.010    -2.4972  18828.50   0.1   -507.16   0.8  08.06.2026  06:52:49
  6   7  13  14  $12    0.010     2.2019 232426.53   0.8   -517.59   1.0  08.06.2026  06:52:51
  6   8   1   3  $12    0.100     3.4359   2833.47   0.0   -144.01   0.8  08.06.2026  06:52:54
  6   8   2   4  $12    0.100    -0.6794    256.12   0.3  -1448.08   1.4  08.06.2026  06:52:59
  6   8   9  11  $12    0.100     7.6077    896.27   0.1    291.68   0.5  08.06.2026  06:53:01
  6   8  10  12  $12    0.100    -2.5799    972.60   0.4  -4353.07   0.8  08.06.2026  06:53:03
  6   8  13  15  $12    0.100   -11.9819  29643.18   0.3   -627.59   0.9  08.06.2026  06:53:05
  6   8  14  16  $12    1.000    -7.2345   2727.34   0.7  -1091.93   0.7  08.06.2026  06:53:09
  6  10   2  14  $12    0.001     2.5622  64393.98   0.0     49.67   0.2  08.06.2026  06:53:20
  6  10   5   9  $12    0.001    50.3814 215833.46   0.0     -8.66   3.2  08.06.2026  06:53:23
  6  11   5  10  $12    0.001    20.0811  79688.54   0.1      9.84   6.6  08.06.2026  06:53:25
  6  12   5  11  $12    0.001     3.7609  14259.73   0.1     46.38  16.9  08.06.2026  06:53:27
  6  14   5  13  $12    0.001    36.7612 132287.19   0.0      5.00   3.9  08.06.2026  06:53:29
  6  15   5  14  $12    0.001    14.5822  51618.30   0.0      4.89   1.0  08.06.2026  06:53:31
  7   3   5   1  $12    0.010     9.2510  17437.66   0.0     58.88   0.1  08.06.2026  06:53:35
  7   3  11  15  $12    0.010     6.8495  51643.81   0.0     15.95   8.5  08.06.2026  06:53:37
  7   4   5   2  $12    0.010     9.3847  29482.96   0.0     67.94   0.9  08.06.2026  06:53:39
  7   8   1   2  $12    0.100     4.1671  27491.97   0.0   -431.03   0.2  08.06.2026  06:53:43
  7   8   9  10  $12    0.010     4.1270   7779.18   0.0   -525.14   0.5  08.06.2026  06:53:48
  7   8  13  14  $12    0.010    -3.2586 214978.70   0.4   -488.47   0.6  08.06.2026  06:53:50
  7  11   3  15  $12    0.010     3.1238   7851.09   0.1      7.31   2.1  08.06.2026  06:53:52
  7  11   5   9  $12    0.001    16.1647 304697.15   0.0     32.47   0.2  08.06.2026  06:53:57
  7  12   5  10  $12    0.001     2.3362  28022.88   0.1     38.04  14.1  08.06.2026  06:53:59
  7  15   5  13  $12    0.001     8.6662  74251.64   0.2    -20.78   8.5  08.06.2026  06:54:01
  7  16   5  14  $12    0.010    14.7479  12093.45   0.0     53.88   0.4  08.06.2026  06:54:05
  7  16   5  15  $12    0.010    13.0384   6379.82   0.0     57.52   0.2  08.06.2026  06:54:07
  8   4   5   1  $12    0.010     4.5254   5971.11   0.0     14.41  10.7  08.06.2026  06:54:09
  8   4  12  16  $12    0.010     2.4563  18520.37   0.3     43.91   1.0  08.06.2026  06:54:11
  7   8   5   6  $12    0.001    -3.0708  57884.11   0.0     11.18   3.4  08.06.2026  06:54:16
  8  12   4  16  $12    0.100     6.1163   1537.18   0.1     13.50   5.0  08.06.2026  06:54:21
  8  12   5   9  $12    0.010    12.0672  15922.24   0.4    168.11   0.5  08.06.2026  06:54:26
  8  16   5  13  $12    0.010     7.5640  12648.10   0.0     77.58   2.9  08.06.2026  06:54:28
  9   1  10   2  $12    0.001    48.0595 172944.45   0.0     24.42   0.6  08.06.2026  06:54:34
  9   1  11   3  $12    0.001    16.9073 144861.37   0.0     36.48   1.9  08.06.2026  06:54:36
  9   1  12   4  $12    0.010    18.1271  30310.96   0.0    174.87   0.0  08.06.2026  06:54:39
  9   2  10   3  $12    0.001    48.3818 177946.54   0.0     18.51   0.6  08.06.2026  06:54:45
  9   2  11   4  $12    0.001    17.0858 155835.47   0.0     38.06   9.0  08.06.2026  06:54:47
  9   3  11   4  $12    0.001    17.4079  93086.74   0.0     36.56   0.9  08.06.2026  06:54:49
  9   5  10   6  $12    0.001    49.6940 212888.43   0.0     12.31   2.4  08.06.2026  06:54:51
  9   5  11   7  $12    0.001    16.4518 310109.20   0.3     42.84   2.7  08.06.2026  06:54:53
  9   5  12   8  $12    0.010    14.8999  19659.95   0.0    221.69   0.0  08.06.2026  06:54:57
  9   5  13   1  $12    0.001     8.2860 208248.79   0.0      8.36   5.5  08.06.2026  06:55:02
  9   6  10   7  $12    0.001    50.4456 253567.31   0.0     23.06   4.7  08.06.2026  06:55:05
  9   6  11   8  $12    0.001    16.7118 525017.78   0.1     28.84   2.1  08.06.2026  06:55:07
  9   7  10   8  $12    0.001    50.3230 474282.72   0.0     15.05   2.1  08.06.2026  06:55:09
  9  10   1   2  $12    0.010    -2.0754 328603.66   0.3   -502.09   0.7  08.06.2026  06:55:13
  9  10   2   3  $12    0.100    -2.7025  28526.61   2.8  -1901.25   2.0  08.06.2026  06:55:21
  9  10   3   4  $12    0.100    -4.8077  31717.94   2.4  -2070.31   0.8  08.06.2026  06:55:28
  9  10   5   6  $12    0.100    -5.4037  10185.67   0.4  -3482.39   0.2  08.06.2026  06:55:30
  9  10   6   7  $12    0.100     3.8606   2910.80   0.6  -2215.10   0.3  08.06.2026  06:55:32
  9  10   7   8  $12    0.100    -2.0970    395.28   0.9  -4886.06   0.9  08.06.2026  06:55:34
  9  10  12  11  $12    0.010    13.1145  24720.29   0.0     72.16   0.2  08.06.2026  06:55:39
  9  10  13  14  $12    0.001     2.8486 536950.97   0.1   -479.72   0.6  08.06.2026  06:55:44
  9  10  14  15  $12    0.010     4.0738 153577.15   0.0   -268.87   0.3  08.06.2026  06:55:48
  9  10  15  16  $12    0.010     2.1746 143468.46   0.0   -328.64   0.0  08.06.2026  06:55:50
  9  11   1   3  $12    0.100     3.2323  12185.46   0.2   -504.04   0.0  08.06.2026  06:55:53
  9  11   2   4  $12    0.100    -5.2250  12926.67   0.2   -593.39   0.1  08.06.2026  06:55:55
  9  11   5   7  $12    0.100     7.2440   2730.91   0.0    502.15   0.0  08.06.2026  06:55:57
  9  11   6   8  $12    0.100     8.9712   1056.89   0.0    306.16   0.1  08.06.2026  06:55:59
  9  11  13  15  $12    0.001     4.6098 173784.66   0.7     83.52  10.1  08.06.2026  06:56:07
  9  11  14  16  $12    0.010    19.3006 159165.59   0.0     17.55   1.7  08.06.2026  06:56:11
  9  12   1   4  $12    0.100    -0.2578    396.00   0.2  -2961.47   0.4  08.06.2026  06:56:18
  9  12   5   8  $12    0.100     8.9690    876.62   0.0    930.19   0.1  08.06.2026  06:56:20
  9  12  10  11  $12    0.001    30.3672 190802.68   0.0     19.86   1.1  08.06.2026  06:56:28
  9  12  13  16  $12    0.001     7.4161  72483.93   0.4     59.92   3.9  08.06.2026  06:56:30
  9  13   5   1  $12    0.010    13.6457 102886.49   0.0   -178.42   0.1  08.06.2026  06:56:34
  9  13  10  14  $12    0.001    75.6854 324235.68   0.0    -23.10   1.1  08.06.2026  06:56:40
  9  13  11  15  $12    0.001    21.2326 400224.67   0.0     19.96   5.4  08.06.2026  06:56:42
  9  13  12  16  $12    0.010    14.1668  18692.63   0.0    137.01   0.0  08.06.2026  06:56:45
  9  14  10  15  $12    0.001    57.5910 228540.02   0.0     -6.26   1.7  08.06.2026  06:56:51
  9  14  11  16  $12    0.001    16.5603 198643.16   0.0     17.14   9.3  08.06.2026  06:56:53
  9  15  10  16  $12    0.001    48.1376 182517.32   0.0      1.31  27.3  08.06.2026  06:56:55
 10   2   9   1  $12    0.001    48.9812 176261.39   0.0      1.81   4.2  08.06.2026  06:56:58
 10   3   9   2  $12    0.001    49.5241 182147.76   0.0    -10.45   0.5  08.06.2026  06:57:00
 10   6   9   5  $12    0.001    50.9420 218235.08   0.0    -17.08   0.5  08.06.2026  06:57:03
 10   6  14   2  $12    0.001     2.5427  63904.92   0.5     94.51   5.8  08.06.2026  06:57:05
 10   7   9   6  $12    0.001    51.3238 257981.44   0.0     -2.03  24.5  08.06.2026  06:57:07
 10   8   9   7  $12    0.001    51.3892 484332.26   0.0    -10.75   0.7  08.06.2026  06:57:10
 10  11   1   2  $12    0.010     2.8957 655002.51   0.1   -512.10   0.4  08.06.2026  06:57:14
 10  11   5   6  $12    0.010    -6.6712 251499.41   0.0   -576.08   0.2  08.06.2026  06:57:16
 10  11   9  12  $12    0.001    31.0590 195149.44   0.0     -5.50   1.7  08.06.2026  06:57:21
 10  11  13  14  $12    0.010     3.6098  27217.03   0.0   3747.77   0.1  08.06.2026  06:57:25
 10  12   1   3  $12    0.010     2.0356 110793.64   0.0   -487.50   0.0  08.06.2026  06:57:27
 10  12   2   4  $12    0.010    -3.5662 134442.18   0.2   -564.86   0.4  08.06.2026  06:57:29
 10  12   5   7  $12    0.010    -3.9060  32211.41   0.0   -576.73   0.3  08.06.2026  06:57:31
 10  12   6   8  $12    0.100    15.8769   5985.45   0.4    119.50   3.8  08.06.2026  06:57:35
 10  12  13  15  $12    0.001     3.4996  41228.65   0.2    570.88   0.9  08.06.2026  06:57:43
 10  12  14  16  $12    0.001     2.2129  83422.69   0.0    132.00   1.0  08.06.2026  06:57:45
 10  14   6   2  $12    0.010     9.8706  74422.24   0.0    -14.61   0.8  08.06.2026  06:57:49
 10  14   9  13  $12    0.001    77.5978 332428.28   0.0    -40.78   0.4  08.06.2026  06:57:55
 10  15   9  14  $12    0.001    58.1763 230862.45   0.0    -18.79   0.4  08.06.2026  06:57:57
 10  16   9  15  $12    0.001    48.7403 184802.77   0.0    -10.38   0.3  08.06.2026  06:58:00
 11   3   9   1  $12    0.001    17.0322 145931.66   0.0     41.43   0.6  08.06.2026  06:58:02
 11   4   9   2  $12    0.001    17.1901 156786.62   0.0     40.81   0.2  08.06.2026  06:58:04
 11   4   9   3  $12    0.001    17.5963  94094.12   0.0     40.92   0.7  08.06.2026  06:58:06
 11   7   9   5  $12    0.001    16.5685 312309.58   0.0     38.26   0.7  08.06.2026  06:58:08
 11   7  15   3  $12    0.010     3.1293   7864.89   0.0     16.93   1.1  08.06.2026  06:58:12
 11   8   9   6  $12    0.001    16.6815 524065.07   0.0     40.52   1.3  08.06.2026  06:58:17
 11  12   1   2  $12    1.000     4.6283  14394.95   0.8   -512.08   1.5  08.06.2026  06:58:24
 11  12   5   6  $12    0.100    -6.0698  40044.77   0.2      8.07  10.3  08.06.2026  06:58:29
 11  12  13  14  $12    0.010    12.5748  23702.93   0.1     25.70   2.2  08.06.2026  06:58:34
 11  15   7   3  $12    0.010     6.1365  46267.86   0.0     -0.61  42.1  08.06.2026  06:58:36
 11  15   9  13  $12    0.001    19.5644 368779.44   0.0      7.28   4.3  08.06.2026  06:58:41
 11  16   9  14  $12    0.001    15.0359 180358.73   0.0     13.30   1.6  08.06.2026  06:58:43
 12   4   9   1  $12    0.010    13.3249  22280.99   0.2     78.01   1.4  08.06.2026  06:58:47
 12   8   9   5  $12    0.010    10.2150  13478.38   0.1    119.42   0.5  08.06.2026  06:58:49
 12   8  16   4  $12    0.100     6.1805   1553.32   0.0     15.73   5.5  08.06.2026  06:58:53
 12  11   9  10  $12    0.010    10.4717  19738.60   0.1     93.76   3.1  08.06.2026  06:58:57
 12  16   8   4  $12    0.010     2.0500  15456.99   0.2    -12.79  50.6  08.06.2026  06:59:00
 12  16   9  13  $12    0.010    13.5445  17871.57   0.0    128.47   0.5  08.06.2026  06:59:02
 13   1   9   5  $12    0.001     8.4336 211958.48   0.0     11.52   3.0  08.06.2026  06:59:07
 13   1  14   2  $12    0.001    36.2008 124146.11   0.0     11.64   0.7  08.06.2026  06:59:09
 13   1  15   3  $12    0.001     7.6847  58274.07   0.0     11.64   5.5  08.06.2026  06:59:11
 13   1  16   4  $12    0.010     3.9087   5023.47   0.0    242.52   0.1  08.06.2026  06:59:15
 13   2  14   3  $12    0.001    36.1571 125054.25   0.0      8.50   1.0  08.06.2026  06:59:20
 13   2  15   4  $12    0.001     7.6236  58993.42   0.0     23.66   4.7  08.06.2026  06:59:22
 13   3  14   4  $12    0.001    35.9565 125652.91   0.0     13.42   1.3  08.06.2026  06:59:25
 13   5  14   6  $12    0.001    39.0648 140576.56   0.0      4.31   2.9  08.06.2026  06:59:27
 13   5  15   7  $12    0.001     8.8168  75542.26   0.0     -2.15  65.6  08.06.2026  06:59:29
 13   5  16   8  $12    0.010     7.5046  12548.70   0.0    107.99   0.4  08.06.2026  06:59:33
 13   6  14   7  $12    0.001    40.2867 148173.04   0.0     10.75   0.8  08.06.2026  06:59:38
 13   6  15   8  $12    0.001     8.3901  76523.88   0.0     26.23   1.8  08.06.2026  06:59:40
 13   7  15   8  $12    0.001    11.2191  59992.82   0.0     17.43   5.8  08.06.2026  06:59:43
 13   9   1   5  $12    0.010    14.1036 106338.44   0.0   -193.90   0.2  08.06.2026  06:59:46
 13   9  14  10  $12    0.001    71.1020 304600.28   0.0     -1.74   5.9  08.06.2026  06:59:52
 13   9  15  11  $12    0.001    20.6384 389024.87   0.0     13.03   5.1  08.06.2026  06:59:54
 13   9  16  12  $12    0.010    14.0655  18558.94   0.0    166.64   0.0  08.06.2026  06:59:57
 13  10  14  11  $12    0.001    49.3363 247991.34   0.0     -4.96   0.8  08.06.2026  07:00:03
 13  10  15  12  $12    0.001     8.4780 266344.90   0.0      7.73   3.2  08.06.2026  07:00:05
 13  11  14  12  $12    0.001    35.8347 337734.49   0.0     18.34   2.6  08.06.2026  07:00:07
 13  14   1   2  $12    0.100     1.6521  89065.09   0.1  -1962.65   0.3  08.06.2026  07:00:13
 13  14   2   3  $12    0.100     8.6417 358362.85   0.3     78.04   2.9  08.06.2026  07:00:15
 13  14   3   4  $12    0.100     3.0570  95078.58   0.0    730.31   0.1  08.06.2026  07:00:17
 13  14   5   6  $12    0.100   -15.6335 247534.60   0.0   -378.13   0.2  08.06.2026  07:00:19
 13  14   6   7  $12    0.100    10.1140 106761.30   0.0   -412.25   0.0  08.06.2026  07:00:21
 13  14   7   8  $12    0.100   -13.2079  87137.20   0.0   -425.75   0.1  08.06.2026  07:00:23
 13  14   9  10  $12    0.001     3.1312 590224.16   0.5   -455.90   2.0  08.06.2026  07:00:31
 13  14  10  11  $12    0.010     5.0896  38374.56   0.8   2494.53   1.0  08.06.2026  07:00:35
 13  14  11  12  $12    0.010    14.1213  26618.03   0.0     49.51   2.3  08.06.2026  07:00:37
 13  14  16  15  $12    0.001     4.1247  77749.12   0.0    -30.30   0.7  08.06.2026  07:00:42
 13  15   1   3  $12    0.100     2.2685  29932.40   0.0   1055.78   0.2  08.06.2026  07:00:47
 13  15   2   4  $12    0.010     0.5226  52822.43   0.9   2438.26   0.7  08.06.2026  07:00:52
 13  15   5   7  $12    0.010    -3.1456 118586.43   0.0   -478.45   0.1  08.06.2026  07:00:54
 13  15   6   8  $12    0.100    -5.4533  13491.41   0.0   -569.78   0.4  08.06.2026  07:01:07
 13  15   9  11  $12    0.001     4.8050 181145.45   0.0     63.51   1.9  08.06.2026  07:01:14
 13  15  10  12  $12    0.001     3.0579  36025.60   0.2    734.21   1.6  08.06.2026  07:01:16
 13  16   1   4  $12    0.100    11.8893  67232.54   0.1     80.66   0.2  08.06.2026  07:01:22
 13  16   5   8  $12    0.010    -7.4527 114465.00   0.0   -512.09   0.2  08.06.2026  07:01:27
 13  16   9  12  $12    0.001     7.6306  74579.91   0.0     48.60   1.0  08.06.2026  07:01:32
 13  16  14  15  $12    0.001    28.8138 181042.54   0.0    -14.56   0.7  08.06.2026  07:01:34
 14   2  10   6  $12    0.001     2.5720  64640.49   0.3     99.37   9.5  08.06.2026  07:01:36
 14   2  13   1  $12    0.001    36.6930 125833.86   0.0      8.85   1.6  08.06.2026  07:01:39
 14   3  13   2  $12    0.001    36.3146 125598.87   0.0     16.89   2.0  08.06.2026  07:01:42
 14   4  13   3  $12    0.001    36.2843 126798.57   0.0     18.26   0.8  08.06.2026  07:01:44
 14   6  13   5  $12    0.001    39.2039 141077.29   0.0     11.21   1.2  08.06.2026  07:01:46
 14   7  13   6  $12    0.001    40.7863 150010.54   0.0     12.74   6.4  08.06.2026  07:01:49
 14  10   2   6  $12    0.010    10.3745  78222.06   0.0    -25.30   0.7  08.06.2026  07:01:53
 14  10  13   9  $12    0.001    77.4856 331947.46   0.0    -29.88   0.5  08.06.2026  07:01:58
 14  11  13  10  $12    0.001    49.2374 247494.38   0.0     13.88   1.2  08.06.2026  07:02:01
 14  12  13  11  $12    0.001    35.8459 337839.96   0.0     20.46   1.4  08.06.2026  07:02:03
 14  15   1   2  $12    0.100    -5.5908 383595.53   0.0    220.47   0.0  08.06.2026  07:02:08
 14  15   5   6  $12    0.100    -5.4337 122907.78   0.0   -512.67   0.1  08.06.2026  07:02:11
 14  15   9  10  $12    0.010     4.6164 174035.51   0.0   -266.28   0.0  08.06.2026  07:02:15
 14  15  13  16  $12    0.001    28.2591 177557.36   0.0     11.30   2.4  08.06.2026  07:02:21
 14  16   1   3  $12    0.100    -3.4237  57678.16   0.0    427.32   0.2  08.06.2026  07:02:26
 14  16   2   4  $12    0.100    10.7672 142069.50   0.0    184.38   0.3  08.06.2026  07:02:28
 14  16   5   7  $12    0.100    -5.0813  27656.58   0.0   -525.69   0.2  08.06.2026  07:02:30
 14  16   6   8  $12    0.100    -1.7634   6647.98   0.1  -1018.00   0.4  08.06.2026  07:02:36
 14  16   9  11  $12    0.010    19.6718 162227.45   0.0     22.30   0.9  08.06.2026  07:02:40
 14  16  10  12  $12    0.010    22.0819  83246.66   0.0    122.52   1.2  08.06.2026  07:02:42
 15   3  11   7  $12    0.010     3.0322   7620.65   0.2     -9.88  49.0  08.06.2026  07:02:44
 15   3  13   1  $12    0.001     7.4472  56473.37   0.0     11.68   7.0  08.06.2026  07:02:50
 15   4  13   2  $12    0.001     7.4343  57528.34   0.0     18.83   5.5  08.06.2026  07:02:52
 15   7  13   5  $12    0.001     8.5865  73568.85   0.0     -5.76  18.0  08.06.2026  07:02:54
 15   8  13   6  $12    0.001     8.2863  75577.31   0.6     25.38   8.2  08.06.2026  07:02:56
 15   8  13   7  $12    0.001    11.0077  58862.33   0.1     23.73   9.3  08.06.2026  07:02:58
 15  11   3   7  $12    0.010     6.7199  50666.95   0.0     27.20   0.1  08.06.2026  07:03:01
 15  11  13   9  $12    0.001    20.6958 390105.90   0.0     26.40   7.4  08.06.2026  07:03:06
 15  12  13  10  $12    0.001     8.1234 255205.08   0.0     16.49  11.5  08.06.2026  07:03:08
 15  16   1   2  $12    0.100    -2.8801 247016.93   0.0    272.90   0.1  08.06.2026  07:03:14
 15  16   5   6  $12    0.100    -3.4169 106272.88   0.3   -523.78   0.3  08.06.2026  07:03:16
 15  16   9  10  $12    0.100    22.3493 147445.90   0.1   -385.41   0.2  08.06.2026  07:03:18
 16   4  12   8  $12    0.100     6.1045   1534.23   0.0      3.26  26.7  08.06.2026  07:03:20
 16   4  13   1  $12    0.010     3.6276   4662.12   0.0    259.50   0.7  08.06.2026  07:03:25
 16   8  13   5  $12    0.010     7.0607  11806.47   0.0    118.27   1.0  08.06.2026  07:03:27
 16  12   4   8  $12    0.010     2.0981  15819.56   0.1     42.38   0.2  08.06.2026  07:03:29
 16  12  13   9  $12    0.010    14.6304  19304.35   0.1    176.74   0.8  08.06.2026  07:03:31
 16  15  13  14  $12    0.001     4.0885  77065.89   0.0    -26.05   8.2  08.06.2026  07:03:36
