//C:\Users\user\Desktop\GeoTom\GeoTomE724.ini
//- Cable direction:
//  cable I: normal
//  cable II: normal
//  cable III: normal
//  cable IV: normal
//- Cable arrangement: sequential
//- Optimization: Last measurement
//- Sorting: Multi-level
//- Current levels: 0.001 mA .. 10.0 mA
Type:         Flow
Name:         Hyprop
Comment:      Example of a measurements sequence
Comment:      
Comment:      
Spacing:      1.00000
First El:     0.00000
Nr of points: 312
IP present:   1

  1   2   4   3  $12    0.100     5.3485   1008.16   0.4     20.69  14.5  06.06.2026  10:45:02
  1   2   5   6  $12    1.000     5.0598    953.75   0.4   -299.17   0.4  06.06.2026  10:45:06
  1   2   6   7  $12    1.000     3.5361   1333.08   0.0    373.66   0.3  06.06.2026  10:45:08
  1   2   7   8  $12    1.000     4.8488   3198.91   0.1   -415.00   0.0  06.06.2026  10:45:10
  1   2   9  10  $12    1.000   -14.8062  23443.60   0.1   -592.37   0.3  06.06.2026  10:45:12
  1   2  10  11  $12    1.000    19.3618  43795.41   0.0   -629.06   0.0  06.06.2026  10:45:14
  1   2  11  12  $12    1.000     2.4545   7633.92   0.2   -353.60   1.1  06.06.2026  10:45:16
  1   2  13  14  $12    1.000     6.5759  35450.41   0.0     70.02   0.7  06.06.2026  10:45:18
  1   2  14  15  $12    1.000     3.5555  24395.21   0.2   -295.58   1.4  06.06.2026  10:45:20
  1   2  15  16  $12    1.000     2.5181  21596.45   0.0    -16.04   2.4  06.06.2026  10:45:22
  1   3   5   7  $12    1.000    17.2292    649.53   0.0      3.71   3.5  06.06.2026  10:45:24
  1   3   6   8  $12    1.000    15.7578   1299.50   0.0    -15.13   0.9  06.06.2026  10:45:26
  1   3   9  11  $12    1.000     2.2977    866.21   0.3   -910.08   0.7  06.06.2026  10:45:28
  1   3  10  12  $12    1.000    11.1119   6047.97   0.0   -590.17   0.3  06.06.2026  10:45:30
  1   3  13  15  $12    0.100     2.4026  31701.08   0.0    -48.91   2.2  06.06.2026  10:45:35
  1   3  14  16  $12    1.000    13.5629  22849.10   0.0    -45.58   0.2  06.06.2026  10:45:39
  1   4   2   3  $12    0.010     3.8949   2447.22   0.0      0.98  88.1  06.06.2026  10:45:46
  1   4   5   8  $12    0.100     2.2577    220.67   0.3     -5.54  17.5  06.06.2026  10:45:50
  1   4   9  12  $12   10.000    -0.5584      8.58   0.6  -2516.88   0.6  06.06.2026  10:46:05
  1   4  13  16  $12    0.100     3.7582  21252.13   0.0    -36.96   4.6  06.06.2026  10:46:13
  1   5   2   6  $12    0.010    11.1203   4763.93   0.0     15.19   0.9  06.06.2026  10:46:18
  1   5   3   7  $12    0.010     3.5499   6691.47   0.3     21.82  20.9  06.06.2026  10:46:20
  1   5   4   8  $12    0.010     2.5396   3350.93   0.4     -1.23 637.9  06.06.2026  10:46:22
  1   5  13   9  $12    0.100    19.9524  15043.74   0.0     76.92   0.2  06.06.2026  10:46:26
  1   6   2   7  $12    0.010    14.1914   5631.63   0.0      9.75   1.5  06.06.2026  10:46:30
  1   6   3   8  $12    0.010     4.3618   5232.03   0.3     -2.93  57.6  06.06.2026  10:46:32
  1   7   2   8  $12    0.010    21.4402   8129.20   0.0      2.75  11.9  06.06.2026  10:46:34
  1   9   2  10  $12    0.001    26.5250  95451.43   0.0     18.43   2.8  06.06.2026  10:46:40
  1   9   3  11  $12    0.001     7.0192  60140.26   0.0     46.04   1.4  06.06.2026  10:46:42
  1   9   4  12  $12    0.010     6.9817  11674.39   0.0    130.53   0.4  06.06.2026  10:46:45
  1  10   2  11  $12    0.001     7.7506  27435.81   0.0     47.56   0.2  06.06.2026  10:46:50
  1  10   3  12  $12    0.010     7.9514   6520.19   0.0    112.65   0.2  06.06.2026  10:46:54
  1  11   3  12  $12    0.010     7.3300   3586.64   0.0     95.69   0.0  06.06.2026  10:46:56
  1  13   2  14  $12    0.001     3.0534  10471.39   0.1    144.35   0.1  06.06.2026  10:47:01
  1  13   3  15  $12    0.010     3.8163   2894.00   0.0    118.87   0.3  06.06.2026  10:47:05
  1  13   4  16  $12    0.100    14.1038   1812.62   0.0     35.76   0.3  06.06.2026  10:47:08
  1  13   5   9  $12    0.010     6.8381  17185.98   0.7    114.91   3.8  06.06.2026  10:47:13
  1  14   2  15  $12    0.010    13.8060   4701.07   0.1     46.29   2.4  06.06.2026  10:47:15
  1  14   3  16  $12    0.010     3.5800   2670.11   0.1     43.65   7.7  06.06.2026  10:47:17
  1  15   2  16  $12    0.010     5.6911   1926.20   0.1     10.34   4.2  06.06.2026  10:47:19
  2   3   1   4  $12    0.010     3.8923   2445.63   0.1      2.61  40.7  06.06.2026  10:47:21
  2   3   5   6  $12    1.000    -0.3764     28.38   1.1  -2620.07   1.2  06.06.2026  10:47:40
  2   3   9  10  $12    1.000    11.4197  12054.34   0.1   -584.19   1.1  06.06.2026  10:47:42
  2   3  13  14  $12    1.000     9.5721  39694.43   0.0    -73.64   0.4  06.06.2026  10:47:44
  2   4   5   7  $12    1.000    12.2571    144.40   0.0     15.35   0.5  06.06.2026  10:47:46
  2   4   6   8  $12    1.000     9.7203    366.45   0.0     68.44   0.0  06.06.2026  10:47:48
  2   4   9  11  $12    1.000   -10.8113   2674.73   0.0   -468.76   0.5  06.06.2026  10:47:50
  2   4  10  12  $12    0.100    -2.9197  11006.86   0.2   -565.11   0.6  06.06.2026  10:47:55
  2   4  13  15  $12    1.000    17.2651  17451.67   0.0    -23.89   1.7  06.06.2026  10:47:59
  2   4  14  16  $12    1.000    10.3510  13657.85   0.0     81.49   0.8  06.06.2026  10:48:01
  2   6   1   5  $12    0.010    10.7832   4619.53   0.0     11.14   2.3  06.06.2026  10:48:08
  2   6  14  10  $12    0.100    15.6546  11803.29   0.0    -13.98   9.8  06.06.2026  10:48:12
  2   7   1   6  $12    0.010    13.3524   5298.66   0.0     14.75   1.3  06.06.2026  10:48:17
  2   8   1   7  $12    0.010    21.2476   8056.17   0.0      0.52  48.1  06.06.2026  10:48:19
  2  10   1   9  $12    0.001    26.8575  96648.18   0.0      5.67   1.9  06.06.2026  10:48:25
  2  11   1  10  $12    0.001     7.9035  27976.85   0.2    -28.98  11.2  06.06.2026  10:48:27
  2  14   1  13  $12    0.001     5.0100  17181.07   0.7      8.03  61.8  06.06.2026  10:48:29
  2  14   6  10  $12    0.010     4.8266  12130.67   0.1     40.81   5.0  06.06.2026  10:48:33
  2  15   1  14  $12    0.010    11.4027   3882.70   0.3     27.59   7.6  06.06.2026  10:48:35
  2  16   1  15  $12    0.010     5.6384   1908.36   0.0      4.28   4.5  06.06.2026  10:48:37
  3   4   5   6  $12   10.000     7.9106     14.91   0.2    -48.40  29.5  06.06.2026  10:48:44
  3   4   9  10  $12    1.000     6.7525   4454.83   0.6   -563.93   0.5  06.06.2026  10:48:49
  3   4  13  14  $12    1.000     3.3050  10279.02   0.1   -144.91   1.0  06.06.2026  10:48:51
  3   7   1   5  $12    0.010     3.4983   6594.17   0.0     15.32   3.9  06.06.2026  10:48:58
  3   7  15  11  $12    0.100    15.9711  12041.94   0.0     20.93   0.8  06.06.2026  10:49:02
  3   8   1   6  $12    0.010     4.3218   5184.10   0.0      1.02  21.0  06.06.2026  10:49:07
  3  11   1   9  $12    0.001     6.9243  59327.01   0.0     24.01   3.5  06.06.2026  10:49:12
  3  12   1  10  $12    0.010     6.9343   5686.21   0.0     72.95   1.0  06.06.2026  10:49:16
  3  12   1  11  $12    0.010     6.6415   3249.75   0.0     60.84   2.0  06.06.2026  10:49:18
  3  15   1  13  $12    0.010     4.1585   3153.45   0.1    118.47   0.8  06.06.2026  10:49:20
  3  15   7  11  $12    0.100     5.6971   1431.84   0.0     13.55   2.7  06.06.2026  10:49:24
  3  16   1  14  $12    0.010     3.4161   2547.89   0.0     27.59   2.3  06.06.2026  10:49:29
  3   4   1   2  $12    0.100    -4.5540    858.40   0.0     18.25   4.7  06.06.2026  10:49:33
  4   8   1   5  $12    0.010     2.5627   3381.39   0.0      0.32 189.2  06.06.2026  10:49:38
  4   8  16  12  $12    0.100    13.5390  10208.17   0.0     13.50   2.0  06.06.2026  10:49:42
  4  12   1   9  $12    0.010     6.0845  10174.06   0.1     67.78   0.6  06.06.2026  10:49:46
  4  16   1  13  $12    0.100    16.2001   2082.03   0.0     66.36   0.1  06.06.2026  10:49:50
  4  16   8  12  $12    0.100     5.0472   1268.49   0.3      1.50 261.9  06.06.2026  10:49:52
  5   1   6   2  $12    0.010    10.9681   4698.72   0.0     14.91   1.2  06.06.2026  10:49:57
  5   1   7   3  $12    0.010     3.5575   6705.73   0.2     16.87  30.6  06.06.2026  10:49:59
  5   1   8   4  $12    0.010     2.5599   3377.73   0.2      1.46 201.2  06.06.2026  10:50:01
  5   1   9  13  $12    0.010     2.0453  15421.36   0.8     69.19  21.5  06.06.2026  10:50:03
  5   2   6   3  $12    0.010     9.7956   4923.82   0.1     22.16   5.4  06.06.2026  10:50:05
  5   2   7   4  $12    0.010     3.5147  11041.88   0.0     16.31  19.5  06.06.2026  10:50:07
  5   3   6   4  $12    0.010    10.6609  10047.66   0.0     20.25   1.2  06.06.2026  10:50:09
  5   6   1   2  $12    1.000     3.5764    674.14   0.1   -159.02   1.5  06.06.2026  10:50:15
  5   6   2   3  $12    1.000    -2.7120    204.48   0.7  -1760.38   0.1  06.06.2026  10:50:30
  5   6   3   4  $12    1.000     2.0723     39.06   0.4  -1035.50   0.2  06.06.2026  10:50:32
  5   6   7   8  $12    0.010    -5.8711  11066.74   0.0     -6.17   5.0  06.06.2026  10:50:40
  5   6   9  10  $12    0.100     4.1947   7906.74   0.2   -479.48   1.0  06.06.2026  10:50:44
  5   6  10  11  $12    0.100    -2.1273   8019.88   0.3  -1559.92   0.3  06.06.2026  10:50:46
  5   6  11  12  $12    1.000     0.1957    129.10  21.1   7736.42  20.4  06.06.2026  10:51:06
  5   6  13  14  $12    1.000    13.0187  20613.32   0.6   -356.95   0.3  06.06.2026  10:51:08
  5   6  14  15  $12    1.000    -2.0663   4673.79   0.4   -635.85   0.9  06.06.2026  10:51:10
  5   6  15  16  $12    1.000     0.7803   2426.91   0.2   -167.71   1.3  06.06.2026  10:51:15
  5   7   1   3  $12    1.000    17.9761    677.68   0.1      2.82  54.2  06.06.2026  10:51:17
  5   7   2   4  $12    1.000    11.1713    131.61   0.2     16.43  39.6  06.06.2026  10:51:19
  5   7   9  11  $12    0.100     3.3181   1250.91   0.2    423.78   0.6  06.06.2026  10:51:24
  5   7  10  12  $12    0.100    -1.2869   1061.24   0.5  -3327.94   1.2  06.06.2026  10:51:26
  5   7  13  15  $12    1.000    11.5005   4335.58   0.9   -263.41   5.8  06.06.2026  10:51:29
  5   7  14  16  $12    1.000     3.5980   1958.34   0.3    208.87   2.7  06.06.2026  10:51:31
  5   8   1   4  $12    0.100     2.2549    220.39   0.0     -2.74  17.0  06.06.2026  10:51:36
  5   8   6   7  $12    0.010    19.5415  12278.30   0.0     -0.36  20.2  06.06.2026  10:51:41
  5   8   9  12  $12    0.100     1.8183    177.72   0.0   1669.19   0.1  06.06.2026  10:51:45
  5   8  13  16  $12    0.100    -0.0689    105.79   6.8  -3014.86  14.1  06.06.2026  10:51:49
  5   9   1  13  $12    0.010    12.4497  31289.58   0.0    197.65   0.0  06.06.2026  10:51:54
  5   9   6  10  $12    0.001    26.9881 115616.61   0.0      6.65   3.3  06.06.2026  10:51:59
  5   9   7  11  $12    0.001     7.0758 133375.37   0.0     16.67   6.1  06.06.2026  10:52:01
  5   9   8  12  $12    0.010     4.9858   6578.57   0.0    165.19   0.2  06.06.2026  10:52:05
  5  10   6  11  $12    0.001     7.9510  31552.30   0.0     23.27   0.2  06.06.2026  10:52:10
  5  10   7  12  $12    0.010     6.5376   7842.01   0.0     76.80   0.3  06.06.2026  10:52:14
  5  11   6  12  $12    0.010    10.1701   3856.06   0.0     76.70   0.0  06.06.2026  10:52:16
  5  13   6  14  $12    0.001     3.2175  11578.29   0.0     96.39   0.0  06.06.2026  10:52:21
  5  13   7  15  $12    0.010     4.7002   4027.12   0.0     90.12   0.3  06.06.2026  10:52:25
  5  13   8  16  $12    0.010     2.5059   4190.15   0.2     36.80   4.8  06.06.2026  10:52:27
  5  14   6  15  $12    0.010    17.1386   6066.76   0.0     43.98   1.2  06.06.2026  10:52:29
  5  14   7  16  $12    0.010     4.6091   3779.50   0.0     48.49   1.3  06.06.2026  10:52:31
  5  15   7  16  $12    0.010     4.6466   2273.63   0.0     34.89   4.4  06.06.2026  10:52:33
  6   2   5   1  $12    0.010    10.2071   4372.73   0.3      9.01  25.2  06.06.2026  10:52:35
  6   2  10  14  $12    0.100    15.6584  11806.17   0.0    -31.17   1.8  06.06.2026  10:52:38
  6   3   5   2  $12    0.010     9.0288   4538.35   0.1     11.17   6.1  06.06.2026  10:52:43
  6   4   5   3  $12    0.010     9.8914   9322.43   0.0     12.66  14.7  06.06.2026  10:52:45
  6   7   1   2  $12    1.000     5.0905   1919.08   0.0    121.98   0.6  06.06.2026  10:52:50
  6   7   5   8  $12    0.010    19.5792  12301.98   0.0     -0.34 135.3  06.06.2026  10:52:58
  6   7   9  10  $12    0.100    -2.9964   2259.22   0.2   -599.88   0.1  06.06.2026  10:53:06
  6   7  13  14  $12    1.000    -2.3176   2446.45   0.4  -1170.09   0.3  06.06.2026  10:53:09
  6   8   1   3  $12    1.000    16.0593   1324.36   0.1    -14.03   4.3  06.06.2026  10:53:11
  6   8   2   4  $12    1.000    10.2841    387.70   0.0     47.18   2.7  06.06.2026  10:53:14
  6   8   9  11  $12    1.000    -4.2489     50.06   0.1   -812.04   0.3  06.06.2026  10:53:16
  6   8  10  12  $12    0.100    -2.6487    998.55   0.5   -250.30   1.1  06.06.2026  10:53:20
  6   8  13  15  $12    1.000     6.0804   1504.30   0.0   -156.24   0.3  06.06.2026  10:53:24
  6   8  14  16  $12    1.000     4.1554   1566.53   0.0     80.73   1.9  06.06.2026  10:53:26
  6  10   2  14  $12    0.010     5.0471  12684.73   0.0     38.33   0.2  06.06.2026  10:53:34
  6  10   5   9  $12    0.001    27.3886 117332.70   0.0    -12.24   2.6  06.06.2026  10:53:40
  6  11   5  10  $12    0.001     7.3842  29303.07   0.3     20.25  20.4  06.06.2026  10:53:42
  6  12   5  11  $12    0.010     9.8690   3741.93   0.0     50.53   0.0  06.06.2026  10:53:46
  6  14   5  13  $12    0.001     4.2879  15430.32   0.0     99.49   0.7  06.06.2026  10:53:51
  6  15   5  14  $12    0.010    15.9868   5659.06   0.0     27.69   0.8  06.06.2026  10:53:54
  7   3   5   1  $12    0.010     3.4509   6504.74   0.3     24.54  27.1  06.06.2026  10:53:56
  7   3  11  15  $12    0.100    15.9376  12016.70   0.0     22.28   0.8  06.06.2026  10:54:00
  7   4   5   2  $12    0.010     3.4493  10836.42   0.1     17.93   5.3  06.06.2026  10:54:05
  7   8   1   2  $12    1.000     1.8998   1253.39   0.2   -235.68   0.4  06.06.2026  10:54:13
  7   8   9  10  $12    1.000    22.6751    427.42   0.3   -525.57   0.7  06.06.2026  10:54:16
  7   8  13  14  $12    1.000    14.6338   9654.42   0.3   -315.53   0.5  06.06.2026  10:54:18
  7  11   3  15  $12    0.100     5.4380   1366.72   0.0     34.99   0.6  06.06.2026  10:54:22
  7  11   5   9  $12    0.001     5.2953  99814.30   0.1     33.77   2.0  06.06.2026  10:54:30
  7  12   5  10  $12    0.010     5.7058   6844.17   0.1     20.89   8.0  06.06.2026  10:54:34
  7  15   5  13  $12    0.010     5.3465   4580.91   0.6    118.41  12.0  06.06.2026  10:54:36
  7  16   5  14  $12    0.010     4.5083   3696.82   0.2     43.68   3.8  06.06.2026  10:54:38
  7  16   5  15  $12    0.010     4.6390   2269.90   0.1     31.21   7.3  06.06.2026  10:54:40
  8   4   5   1  $12    0.010     2.5511   3366.12   0.6     -3.48 120.1  06.06.2026  10:54:42
  8   4  12  16  $12    0.100    13.4917  10172.54   0.0     13.78   0.4  06.06.2026  10:54:46
  7   8   5   6  $12    0.010    -5.9482  11212.18   0.1     35.43   0.6  06.06.2026  10:54:51
  8  12   4  16  $12    0.100     5.0068   1258.34   0.0     -0.47  20.7  06.06.2026  10:54:55
  8  12   5   9  $12    0.010     4.3767   5774.94   0.0     89.74   0.2  06.06.2026  10:55:00
  8  16   5  13  $12    0.010     2.7220   4551.57   0.7     41.33  26.7  06.06.2026  10:55:01
  9   1  10   2  $12    0.001    26.4994  95359.42   0.0     21.62   2.3  06.06.2026  10:55:07
  9   1  11   3  $12    0.001     6.4733  55462.80   0.3     68.20   5.3  06.06.2026  10:55:09
  9   1  12   4  $12    0.010     6.3895  10684.07   0.0    117.27   0.3  06.06.2026  10:55:13
  9   2  10   3  $12    0.001    26.4014  97103.51   0.0     19.16   1.0  06.06.2026  10:55:18
  9   2  11   4  $12    0.001     6.6539  60688.93   0.8     47.99   8.2  06.06.2026  10:55:20
  9   3  11   4  $12    0.001     6.8852  36817.89   0.0     48.22   1.6  06.06.2026  10:55:22
  9   5  10   6  $12    0.001    26.5264 113639.03   0.0     17.68   1.9  06.06.2026  10:55:24
  9   5  11   7  $12    0.001     6.4438 121463.12   0.4     72.83   9.1  06.06.2026  10:55:26
  9   5  12   8  $12    0.010     4.8449   6392.76   0.0    157.16   0.1  06.06.2026  10:55:30
  9   5  13   1  $12    0.010    12.5809  31619.18   0.0    192.82   0.5  06.06.2026  10:55:32
  9   6  10   7  $12    0.001    26.9354 135392.14   0.0     19.64   0.5  06.06.2026  10:55:37
  9   6  11   8  $12    0.001     6.5525 205853.66   0.4     61.99   5.8  06.06.2026  10:55:39
  9   7  10   8  $12    0.001    27.6806 260883.50   0.0     18.05   3.0  06.06.2026  10:55:42
  9  10   1   2  $12    0.100    -1.6951  26840.23   0.3   -540.50   0.4  06.06.2026  10:55:51
  9  10   2   3  $12    0.100     0.9240   9753.05   0.0   -632.72   0.2  06.06.2026  10:55:56
  9  10   3   4  $12    0.100     0.9288   6127.32   0.9   -480.54   2.0  06.06.2026  10:56:01
  9  10   5   6  $12    0.100     4.1831   7884.95   0.2   -438.77   0.3  06.06.2026  10:56:03
  9  10   6   7  $12    0.100    -2.6526   2000.01   0.3   -672.24   0.9  06.06.2026  10:56:05
  9  10   7   8  $12    0.100     4.0563    764.60   0.1   -537.65   0.6  06.06.2026  10:56:07
  9  10  12  11  $12    0.010     5.0896   9593.60   0.0     79.95   0.0  06.06.2026  10:56:12
  9  10  13  14  $12    0.100    10.8569  20464.82   0.0    513.99   0.0  06.06.2026  10:56:16
  9  10  14  15  $12    0.100     9.5609  36043.62   0.1   -125.33   0.5  06.06.2026  10:56:18
  9  10  15  16  $12    0.100     0.8406   5546.05   0.4     63.55   1.4  06.06.2026  10:56:23
  9  11   1   3  $12    1.000    -0.3045    114.79   1.7  -1562.29   0.0  06.06.2026  10:56:30
  9  11   2   4  $12    1.000     1.8923    468.17   0.9   -449.61   2.7  06.06.2026  10:56:36
  9  11   5   7  $12    0.100     4.2410   1598.82   0.3     53.82   2.8  06.06.2026  10:56:41
  9  11   6   8  $12    0.100    -0.5635     66.38   0.5   -916.50   0.4  06.06.2026  10:56:46
  9  11  13  15  $12    0.010     8.8141  33228.36   0.1    215.95   0.1  06.06.2026  10:56:51
  9  11  14  16  $12    0.010     4.2136  34748.38   0.1     44.25   2.5  06.06.2026  10:56:53
  9  12   1   4  $12    0.100     0.0642     98.66   2.0   -238.02   6.6  06.06.2026  10:57:09
  9  12   5   8  $12    0.100     2.0996    205.21   0.5   1109.03   0.6  06.06.2026  10:57:11
  9  12  10  11  $12    0.001    20.1571 126650.53   0.0     15.61   3.3  06.06.2026  10:57:19
  9  12  13  16  $12    0.010    11.1746  10921.88   0.0    209.99   0.1  06.06.2026  10:57:23
  9  13   5   1  $12    0.100    17.8531  13460.94   0.0    112.14   0.0  06.06.2026  10:57:27
  9  13  10  14  $12    0.001    27.2164 116594.78   0.0     18.95   1.7  06.06.2026  10:57:35
  9  13  11  15  $12    0.001     6.4080 120787.60   0.8     52.77  20.8  06.06.2026  10:57:37
  9  13  12  16  $12    0.010     4.8889   6450.74   0.0    133.48   0.3  06.06.2026  10:57:41
  9  14  10  15  $12    0.001    27.3551 108554.07   0.0      9.90   4.7  06.06.2026  10:57:46
  9  14  11  16  $12    0.001     6.8598  82284.79   0.4     26.28  25.6  06.06.2026  10:57:49
  9  15  10  16  $12    0.001    26.7528 101435.38   0.0     19.03   9.8  06.06.2026  10:57:51
 10   2   9   1  $12    0.001    27.6355  99447.69   0.0    -18.68   4.3  06.06.2026  10:57:53
 10   3   9   2  $12    0.001    27.7036 101892.75   0.0    -24.71   0.0  06.06.2026  10:57:56
 10   6   9   5  $12    0.001    27.7511 118885.48   0.0    -19.67   1.1  06.06.2026  10:57:58
 10   6  14   2  $12    0.010     5.1341  12903.39   0.0     31.41   2.2  06.06.2026  10:58:03
 10   7   9   6  $12    0.001    27.8445 139961.81   0.0     -9.92   3.9  06.06.2026  10:58:08
 10   8   9   7  $12    0.001    28.7035 270523.77   0.0    -16.04   1.2  06.06.2026  10:58:10
 10  11   1   2  $12    0.100     1.6116  36452.45   0.3   -556.27   0.4  06.06.2026  10:58:19
 10  11   5   6  $12    0.100     0.4243   1599.48   1.1   4055.43   0.6  06.06.2026  10:58:25
 10  11   9  12  $12    0.001    21.1726 133031.68   0.0    -26.07   2.0  06.06.2026  10:58:32
 10  11  13  14  $12    0.010     3.4652  26126.72   0.1    350.70   0.3  06.06.2026  10:58:36
 10  12   1   3  $12    0.100     1.0560   5747.60   0.3   -247.45   0.6  06.06.2026  10:58:44
 10  12   2   4  $12    0.100    -1.6077   6060.95   0.9   -619.72   2.0  06.06.2026  10:58:49
 10  12   5   7  $12    0.100     3.4258   2825.13   0.1    176.43   0.6  06.06.2026  10:58:51
 10  12   6   8  $12    0.100    -0.7412    279.42   0.4   -750.21   0.4  06.06.2026  10:58:56
 10  12  13  15  $12    0.010     7.9146   9324.22   0.0    250.95   0.0  06.06.2026  10:59:01
 10  12  14  16  $12    0.010     3.9615  14934.67   0.1     89.35   1.4  06.06.2026  10:59:03
 10  14   6   2  $12    0.100    15.2310  11483.93   0.0     -5.07   3.9  06.06.2026  10:59:07
 10  14   9  13  $12    0.001    29.3022 125530.19   0.0    -29.43   0.3  06.06.2026  10:59:15
 10  15   9  14  $12    0.001    27.8248 110418.12   0.0    -30.85   0.4  06.06.2026  10:59:18
 10  16   9  15  $12    0.001    27.3417 103668.27   0.0    -27.20   0.4  06.06.2026  10:59:20
 11   3   9   1  $12    0.001     6.8383  58590.35   0.1     44.78   3.6  06.06.2026  10:59:22
 11   4   9   2  $12    0.001     6.5958  60158.50   0.0     64.85   1.4  06.06.2026  10:59:24
 11   4   9   3  $12    0.001     6.8019  36372.53   0.0     59.88   1.6  06.06.2026  10:59:26
 11   7   9   5  $12    0.001     6.3820 120298.74   0.2     70.29   1.1  06.06.2026  10:59:28
 11   7  15   3  $12    0.100     5.7571   1446.91   0.0     40.32   0.2  06.06.2026  10:59:33
 11   8   9   6  $12    0.001     6.3872 200660.52   0.0     59.42   1.4  06.06.2026  10:59:41
 11  12   1   2  $12   10.000     8.9202   2774.35   0.2    217.48   0.9  06.06.2026  10:59:50
 11  12   5   6  $12    1.000     3.5750   2358.56   0.2    199.82   0.2  06.06.2026  10:59:55
 11  12  13  14  $12    0.100     5.2891    996.96   0.1    317.18   0.0  06.06.2026  10:59:59
 11  15   7   3  $12    0.100    13.3931  10098.13   0.0      8.06   3.5  06.06.2026  11:00:01
 11  15   9  13  $12    0.001     3.8260  72119.20   0.0    -37.94   1.9  06.06.2026  11:00:09
 11  16   9  14  $12    0.001     3.8080  45677.08   0.1    -39.05   1.0  06.06.2026  11:00:11
 12   4   9   1  $12    0.010     5.8848   9840.12   0.0     44.87   2.3  06.06.2026  11:00:15
 12   8   9   5  $12    0.010     4.3936   5797.25   0.1     63.66   0.8  06.06.2026  11:00:18
 12   8  16   4  $12    0.100     5.0061   1258.17   0.0     -1.30  16.8  06.06.2026  11:00:21
 12  11   9  10  $12    0.100    22.7351   4285.47   0.1    111.90   0.1  06.06.2026  11:00:23
 12  16   8   4  $12    0.100    13.1328   9901.90   0.0     -0.01 -356.6  06.06.2026  11:00:26
 12  16   9  13  $12    0.010     5.0966   6724.78   0.0     79.25   0.2  06.06.2026  11:00:31
 13   1   9   5  $12    0.010     9.0506  22746.62   0.0    172.93   0.8  06.06.2026  11:00:33
 13   1  14   2  $12    0.001     3.0936  10609.02   0.0    136.18   0.0  06.06.2026  11:00:38
 13   1  15   3  $12    0.010     3.6125   2739.44   0.0    103.80   0.1  06.06.2026  11:00:42
 13   1  16   4  $12    0.100    14.0922   1811.13   0.0     32.76   0.3  06.06.2026  11:00:45
 13   2  14   3  $12    0.010    20.5647   7112.59   0.6     91.27   4.4  06.06.2026  11:00:50
 13   2  15   4  $12    0.010     3.3883   2621.92   0.1     96.75   0.8  06.06.2026  11:00:52
 13   3  14   4  $12    0.001     2.9946  10464.74   0.1    136.81   0.3  06.06.2026  11:00:57
 13   5  14   6  $12    0.001     3.3016  11881.02   0.0    132.22   0.3  06.06.2026  11:00:59
 13   5  15   7  $12    0.010     4.8362   4143.62   0.0    100.56   0.3  06.06.2026  11:01:03
 13   5  16   8  $12    0.010     2.5282   4227.42   0.0     40.30   0.8  06.06.2026  11:01:05
 13   6  14   7  $12    0.001     3.8091  14009.68   0.1    122.79   0.1  06.06.2026  11:01:10
 13   6  15   8  $12    0.010     5.6018   5109.30   0.0     80.63   0.1  06.06.2026  11:01:14
 13   7  15   8  $12    0.010    20.3297  10871.07   0.0     25.96   0.0  06.06.2026  11:01:16
 13   9   1   5  $12    0.100    18.7638  14147.54   0.0     86.72   0.1  06.06.2026  11:01:20
 13   9  14  10  $12    0.001    26.6821 114305.97   0.0     39.22   2.6  06.06.2026  11:01:28
 13   9  15  11  $12    0.001     4.8948  92265.28   0.3     45.61  16.5  06.06.2026  11:01:30
 13   9  16  12  $12    0.010     4.9956   6591.58   0.0    101.93   0.1  06.06.2026  11:01:34
 13  10  14  11  $12    0.001     7.2550  36467.40   0.0     57.22   0.3  06.06.2026  11:01:39
 13  10  15  12  $12    0.010     6.7354  21159.75   0.0    129.41   0.0  06.06.2026  11:01:43
 13  11  14  12  $12    0.001     2.8674  27024.72   0.1    144.86   0.3  06.06.2026  11:01:48
 13  14   1   2  $12    1.000     9.0503  48789.97   0.8      2.59 500.7  06.06.2026  11:01:55
 13  14   2   3  $12    1.000    11.9634  49610.87   0.2      3.74 227.8  06.06.2026  11:01:57
 13  14   3   4  $12    1.000     4.8285  15017.63   0.6     13.95  64.2  06.06.2026  11:01:59
 13  14   5   6  $12    1.000     2.2364   3541.07   3.2   -335.98   3.8  06.06.2026  11:02:05
 13  14   6   7  $12    1.000     8.8580   9350.24   0.5     97.50   7.8  06.06.2026  11:02:07
 13  14   7   8  $12    1.000     3.1204   2058.66   0.4   -377.27   3.9  06.06.2026  11:02:09
 13  14   9  10  $12    0.100    -2.1131   3983.06   0.7   -261.80   2.7  06.06.2026  11:02:14
 13  14  10  11  $12    0.100   -10.6970   8065.35   0.1    -60.16   2.6  06.06.2026  11:02:16
 13  14  11  12  $12    0.100    -2.0210    380.96   0.1     28.85  11.5  06.06.2026  11:02:18
 13  14  16  15  $12    0.010     6.9384  13078.51   0.0     37.65   0.5  06.06.2026  11:02:23
 13  15   1   3  $12    0.100     2.7286  36003.17   0.0    -32.32   0.5  06.06.2026  11:02:28
 13  15   2   4  $12    1.000    20.5975  20820.08   0.0     45.17   0.3  06.06.2026  11:02:32
 13  15   5   7  $12    1.000    13.4702   5078.13   0.0     -0.25 230.5  06.06.2026  11:02:34
 13  15   6   8  $12    1.000    12.1927   3016.49   0.0     17.27   1.0  06.06.2026  11:02:36
 13  15   9  11  $12    0.100    20.5976   7765.12   0.0     81.46   1.6  06.06.2026  11:02:41
 13  15  10  12  $12    0.100    18.9882   2237.00   0.1    165.48   0.7  06.06.2026  11:02:43
 13  16   1   4  $12    0.100     4.2707  24150.47   0.6    -14.23  22.2  06.06.2026  11:02:45
 13  16   5   8  $12    1.000    16.3962   2518.27   0.2    109.37   1.3  06.06.2026  11:02:49
 13  16   9  12  $12    0.010     2.6156   2556.45   0.0     -0.38 227.1  06.06.2026  11:02:57
 13  16  14  15  $12    0.010     7.5283   4730.14   0.1      4.03  20.6  06.06.2026  11:02:59
 14   2  10   6  $12    0.010     5.0774  12760.94   0.5     20.35  60.5  06.06.2026  11:03:01
 14   2  13   1  $12    0.010    12.0900   4146.11   0.0      4.58   0.4  06.06.2026  11:03:03
 14   3  13   2  $12    0.010    11.0336   3816.11   0.0      5.61   1.1  06.06.2026  11:03:05
 14   4  13   3  $12    0.010    11.9610   4179.86   0.0      8.33   0.9  06.06.2026  11:03:07
 14   6  13   5  $12    0.010    16.2333   5841.64   0.0     11.68   1.8  06.06.2026  11:03:09
 14   7  13   6  $12    0.010    19.8651   7306.29   0.0     22.53   0.3  06.06.2026  11:03:11
 14  10   2   6  $12    0.100    15.8900  11980.81   0.0    -24.58   1.0  06.06.2026  11:03:16
 14  10  13   9  $12    0.001    27.2704 116826.24   0.0    -18.38   1.1  06.06.2026  11:03:24
 14  11  13  10  $12    0.001     6.2679  31505.80   0.0     59.11   0.7  06.06.2026  11:03:26
 14  12  13  11  $12    0.010    12.5557  11833.50   0.0     32.57   0.4  06.06.2026  11:03:30
 14  15   1   2  $12    1.000     3.8173  26191.57   0.1   -265.73   0.2  06.06.2026  11:03:35
 14  15   5   6  $12    1.000    -2.2754   5146.72   0.2   -692.11   0.7  06.06.2026  11:03:37
 14  15   9  10  $12    0.100     9.7488  36752.28   0.1   -157.85   0.3  06.06.2026  11:03:42
 14  15  13  16  $12    0.010     8.2392   5176.85   0.0      0.11 190.6  06.06.2026  11:03:47
 14  16   1   3  $12    1.000    13.4800  22709.55   0.0    -38.84   0.3  06.06.2026  11:03:53
 14  16   2   4  $12    1.000     9.5809  12641.70   0.0    115.19   0.5  06.06.2026  11:03:55
 14  16   5   7  $12    1.000     5.6219   3059.90   0.0     37.11   0.1  06.06.2026  11:03:57
 14  16   6   8  $12    1.000     3.8668   1457.75   0.0    130.65   0.3  06.06.2026  11:03:59
 14  16   9  11  $12    0.010     4.1932  34580.39   0.0      5.80   8.7  06.06.2026  11:04:07
 14  16  10  12  $12    0.010     4.0898  15418.35   0.1     46.06   1.5  06.06.2026  11:04:09
 15   3  11   7  $12    0.100     5.4159   1361.16   0.0     26.74   0.4  06.06.2026  11:04:13
 15   3  13   1  $12    0.010     2.4218   1836.46   0.0     -0.59 202.3  06.06.2026  11:04:18
 15   4  13   2  $12    0.010     2.4129   1867.16   0.0     -2.36  51.2  06.06.2026  11:04:20
 15   7  13   5  $12    0.010     3.6788   3151.98   0.0     14.01   3.3  06.06.2026  11:04:22
 15   8  13   6  $12    0.010     4.3958   4009.30   0.0      8.33   1.8  06.06.2026  11:04:24
 15   8  13   7  $12    0.010    19.2329  10284.60   0.0      2.50   1.5  06.06.2026  11:04:26
 15  11   3   7  $12    0.100    14.4644  10905.92   0.0     10.44   2.8  06.06.2026  11:04:30
 15  11  13   9  $12    0.001     5.4185 102136.35   0.0     58.47   1.8  06.06.2026  11:04:38
 15  12  13  10  $12    0.010     5.8514  18382.72   0.2     87.93   0.7  06.06.2026  11:04:43
 15  16   1   2  $12    1.000     2.6330  22582.16   0.2    -14.94   4.1  06.06.2026  11:04:49
 15  16   5   6  $12   10.000     6.0864   1892.98   0.5     59.09  11.7  06.06.2026  11:04:52
 15  16   9  10  $12    1.000     5.4124   3570.73   0.2    -63.12   3.7  06.06.2026  11:04:57
 16   4  12   8  $12    0.100     5.0075   1258.52   0.0      1.66   5.7  06.06.2026  11:05:02
 16   4  13   1  $12    0.100    13.0937   1682.80   0.0     25.16   0.7  06.06.2026  11:05:04
 16   8  13   5  $12    0.010     2.3678   3959.24   0.0     10.70   4.8  06.06.2026  11:05:09
 16  12   4   8  $12    0.100    13.1116   9885.90   0.0      4.08   1.0  06.06.2026  11:05:13
 16  12  13   9  $12    0.010     4.7641   6286.06   0.0     84.99   0.5  06.06.2026  11:05:18
 16  15  13  14  $12    0.010     4.9201   9274.11   0.1    -78.01   4.6  06.06.2026  11:05:20
