//C:\Users\user\Desktop\GeoTom\GeoTomE724.ini
//- Cable direction:
//  cable I: normal
//  cable II: normal
//  cable III: normal
//  cable IV: normal
//- Cable arrangement: sequential
//- Optimization: Last measurement
//- Sorting: Multi-level
//- Current levels: 0.001 mA .. 10.0 mA
Type:         Flow
Name:         Hyprop
Comment:      Example of a measurements sequence
Comment:      
Comment:      
Spacing:      1.00000
First El:     0.00000
Nr of points: 312
IP present:   1

  1   2   4   3  $12    0.100     7.2892   1373.97   0.0     53.58   0.2  06.06.2026  20:45:03
  1   2   5   6  $12    1.000    10.6294   2003.60   0.1   -279.28   0.9  06.06.2026  20:45:07
  1   2   6   7  $12    1.000     1.4006    528.03   0.2   1310.74   0.8  06.06.2026  20:45:12
  1   2   7   8  $12    1.000     8.1875   5401.55   0.0   -370.94   0.6  06.06.2026  20:45:14
  1   2   9  10  $12    0.100    -2.8741  45507.72   0.2   -651.29   1.3  06.06.2026  20:45:19
  1   2  10  11  $12    0.100     4.3082  97450.18   0.2   -622.92   0.4  06.06.2026  20:45:21
  1   2  11  12  $12    1.000     5.7439  17864.48   0.0   -376.11   0.1  06.06.2026  20:45:25
  1   2  13  14  $12    0.100     4.2123 227085.10   0.0   -366.86   0.8  06.06.2026  20:45:30
  1   2  14  15  $12    1.000     5.8157  39902.69   0.1   -320.85   2.0  06.06.2026  20:45:33
  1   2  15  16  $12    1.000     2.0526  17604.16   0.1    -61.84   1.1  06.06.2026  20:45:35
  1   3   5   7  $12    1.000    19.3556    729.69   0.0    -26.87   3.8  06.06.2026  20:45:38
  1   3   6   8  $12    1.000    16.7552   1381.74   0.0    -28.54   1.3  06.06.2026  20:45:40
  1   3   9  11  $12    1.000     4.9879   1880.38   0.8   -531.87   3.0  06.06.2026  20:45:42
  1   3  10  12  $12    1.000    19.3281  10519.91   0.5   -516.79   1.8  06.06.2026  20:45:44
  1   3  13  15  $12    0.100     4.6524  61386.40   0.2   -213.94   1.2  06.06.2026  20:45:48
  1   3  14  16  $12    1.000    14.1616  23857.74   0.0    -27.40  12.2  06.06.2026  20:45:52
  1   4   2   3  $12    0.010     5.0596   3179.03   0.0      3.64   5.9  06.06.2026  20:46:00
  1   4   5   8  $12    0.100     2.1862    213.68   0.0     78.04   1.6  06.06.2026  20:46:04
  1   4   9  12  $12    1.000    -4.0446    621.21   0.3   -964.87   0.1  06.06.2026  20:46:08
  1   4  13  16  $12    0.100     3.6766  20790.47   0.4    152.95   2.7  06.06.2026  20:46:13
  1   5   2   6  $12    0.010    13.7176   5876.61   0.0     13.39   0.5  06.06.2026  20:46:18
  1   5   3   7  $12    0.010     4.0886   7706.77   0.4      9.40   7.6  06.06.2026  20:46:20
  1   5   4   8  $12    0.010     2.7472   3624.83   0.0      2.51   6.6  06.06.2026  20:46:22
  1   5  13   9  $12    0.010     3.6184  27281.74   0.3    -86.56  10.3  06.06.2026  20:46:24
  1   6   2   7  $12    0.010    20.3618   8080.24   0.1     19.06   1.1  06.06.2026  20:46:26
  1   6   3   8  $12    0.010     4.9865   5981.40   0.2     -8.91  17.3  06.06.2026  20:46:28
  1   7   2   8  $12    0.001     2.6182   9927.05   0.0      4.24   3.7  06.06.2026  20:46:33
  1   9   2  10  $12    0.001    31.6795 114000.46   0.0     22.65   2.2  06.06.2026  20:46:35
  1   9   3  11  $12    0.001     7.7501  66403.08   0.1     55.10   0.4  06.06.2026  20:46:37
  1   9   4  12  $12    0.010    10.0900  16871.95   0.0    189.64   0.0  06.06.2026  20:46:41
  1  10   2  11  $12    0.001     8.8103  31186.95   0.0     49.84   0.1  06.06.2026  20:46:46
  1  10   3  12  $12    0.010    11.9693   9814.91   0.0    143.27   0.1  06.06.2026  20:46:50
  1  11   3  12  $12    0.010     9.4754   4636.42   0.0    146.17   0.0  06.06.2026  20:46:52
  1  13   2  14  $12    0.001    11.7720  40370.51   0.0      7.25   1.4  06.06.2026  20:46:57
  1  13   3  15  $12    0.010    18.0794  13709.90   0.0     35.14   0.4  06.06.2026  20:47:01
  1  13   4  16  $12    0.010     3.1645   4066.95   0.0     93.33   0.6  06.06.2026  20:47:03
  1  13   5   9  $12    0.001     3.9840 100129.08   0.1     21.53   2.1  06.06.2026  20:47:08
  1  14   2  15  $12    0.001     2.9794  10145.17   0.3      3.12 144.4  06.06.2026  20:47:10
  1  14   3  16  $12    0.010     4.6653   3479.62   0.0     48.69   0.6  06.06.2026  20:47:14
  1  15   2  16  $12    0.010     7.2687   2460.16   0.0     18.22   8.0  06.06.2026  20:47:16
  2   3   1   4  $12    0.010     5.2568   3302.95   0.1     28.86   1.4  06.06.2026  20:47:18
  2   3   5   6  $12    1.000    -2.5097    189.22   1.5   -899.90   0.4  06.06.2026  20:47:28
  2   3   9  10  $12    1.000    20.5496  21691.63   0.0   -569.48   0.4  06.06.2026  20:47:30
  2   3  13  14  $12    1.000    -4.7764  19807.19   0.3  -2078.00   0.2  06.06.2026  20:47:32
  2   4   5   7  $12    1.000     9.3534    110.19   0.0    159.50   0.1  06.06.2026  20:47:34
  2   4   6   8  $12    1.000     8.3930    316.41   0.0    135.08   0.3  06.06.2026  20:47:36
  2   4   9  11  $12    1.000   -14.0400   3473.51   0.1   -518.42   0.1  06.06.2026  20:47:38
  2   4  10  12  $12    0.100    -6.0143  22673.51   0.0   -574.07   0.2  06.06.2026  20:47:43
  2   4  13  15  $12    1.000    -3.4148   3451.75   0.3  -4771.25   0.2  06.06.2026  20:47:47
  2   4  14  16  $12    1.000     9.3375  12320.50   0.0    253.74   0.6  06.06.2026  20:47:49
  2   6   1   5  $12    0.010    13.1688   5641.49   0.0      7.51   1.5  06.06.2026  20:47:57
  2   6  14  10  $12    0.010     2.1153  15948.66   0.5     -8.83  23.1  06.06.2026  20:47:59
  2   7   1   6  $12    0.010    19.1698   7607.20   0.0     23.86   0.1  06.06.2026  20:48:01
  2   8   1   7  $12    0.001     3.0040  11389.87   0.1     23.51   3.3  06.06.2026  20:48:06
  2  10   1   9  $12    0.001    31.9621 115017.19   0.0      3.52   4.5  06.06.2026  20:48:09
  2  11   1  10  $12    0.001     9.1788  32491.44   0.6     12.83   1.9  06.06.2026  20:48:11
  2  14   1  13  $12    0.001    12.2424  41983.91   0.1     22.08   2.3  06.06.2026  20:48:13
  2  14   6  10  $12    0.010     7.6919  19331.97   0.0     52.34   2.3  06.06.2026  20:48:16
  2  15   1  14  $12    0.001     2.5242   8595.04   0.0      7.18   8.5  06.06.2026  20:48:21
  2  16   1  15  $12    0.010     7.0264   2378.16   0.0     15.48   0.8  06.06.2026  20:48:25
  3   4   5   6  $12    1.000    -4.2234     79.61   0.2   -656.94   0.1  06.06.2026  20:48:31
  3   4   9  10  $12    1.000    22.2254  14662.86   0.1   -608.44   0.1  06.06.2026  20:48:33
  3   4  13  14  $12    1.000   -13.5836  42247.35   0.1   -833.10   0.2  06.06.2026  20:48:35
  3   7   1   5  $12    0.010     3.9428   7431.94   0.0     26.12   6.0  06.06.2026  20:48:43
  3   7  15  11  $12    0.010     2.1093  15903.86   0.0     11.93   7.9  06.06.2026  20:48:45
  3   8   1   6  $12    0.010     4.9230   5905.19   0.0      3.32   3.5  06.06.2026  20:48:47
  3  11   1   9  $12    0.001     7.5380  64585.27   0.0     40.27   0.3  06.06.2026  20:48:52
  3  12   1  10  $12    0.010     9.6762   7934.58   0.0     99.35   0.7  06.06.2026  20:48:56
  3  12   1  11  $12    0.010     8.1494   3987.59   0.0    101.22   0.6  06.06.2026  20:48:58
  3  15   1  13  $12    0.010    15.6204  11845.22   0.0      8.26   8.3  06.06.2026  20:49:00
  3  15   7  11  $12    0.100     7.6919   1933.18   0.0     15.51   0.3  06.06.2026  20:49:04
  3  16   1  14  $12    0.010     4.4289   3303.28   0.0     29.33   2.4  06.06.2026  20:49:09
  3   4   1   2  $12    0.100    -5.9339   1118.52   0.0     32.89   0.5  06.06.2026  20:49:13
  4   8   1   5  $12    0.010     2.7437   3620.25   0.1     -0.32 194.9  06.06.2026  20:49:18
  4   8  16  12  $12    0.100    16.0995  12138.77   0.0     30.98   0.2  06.06.2026  20:49:22
  4  12   1   9  $12    0.010     7.9186  13240.99   0.1    103.78   0.4  06.06.2026  20:49:27
  4  16   1  13  $12    0.010     2.9659   3811.82   0.6     82.90   0.2  06.06.2026  20:49:29
  4  16   8  12  $12    0.100     5.3660   1348.62   0.0     -5.46   8.4  06.06.2026  20:49:32
  5   1   6   2  $12    0.010    13.6181   5833.99   0.0     16.23   0.5  06.06.2026  20:49:37
  5   1   7   3  $12    0.010     4.0590   7651.07   0.2     12.12  15.8  06.06.2026  20:49:39
  5   1   8   4  $12    0.010     2.7447   3621.53   0.1     11.92  11.1  06.06.2026  20:49:41
  5   1   9  13  $12    0.010     3.5757  26960.10   0.1    -78.34   2.8  06.06.2026  20:49:43
  5   2   6   3  $12    0.010    12.1452   6104.83   0.0     17.96   1.5  06.06.2026  20:49:45
  5   2   7   4  $12    0.010     4.2207  13259.73   0.0     33.16   2.2  06.06.2026  20:49:47
  5   3   6   4  $12    0.010    13.2598  12497.11   0.0     23.00   0.4  06.06.2026  20:49:49
  5   6   1   2  $12    1.000    22.1841   4181.60   0.0   -706.23   0.0  06.06.2026  20:49:55
  5   6   2   3  $12    1.000   -17.9379   1352.49   0.6  -1335.16   0.0  06.06.2026  20:49:57
  5   6   3   4  $12    1.000     4.3341     81.70   0.3   -956.90   0.3  06.06.2026  20:50:00
  5   6   7   8  $12    0.010   -10.6847  20140.12   0.0      0.01 1260.0  06.06.2026  20:50:08
  5   6   9  10  $12    0.100    12.5057  23572.76   0.0   -531.54   0.8  06.06.2026  20:50:11
  5   6  10  11  $12    0.100   -11.7991  44481.64   0.1   -824.48   0.2  06.06.2026  20:50:13
  5   6  11  12  $12    1.000    -6.4656   4265.56   0.5   -706.30   0.1  06.06.2026  20:50:17
  5   6  13  14  $12    0.100   -10.2425 162176.43   0.1   -575.25   0.3  06.06.2026  20:50:22
  5   6  14  15  $12    1.000    -4.2050   9511.55   0.2   -544.85   0.0  06.06.2026  20:50:26
  5   6  15  16  $12    1.000     1.8752   5832.29   0.0   -162.11   1.4  06.06.2026  20:50:31
  5   7   1   3  $12    0.100     2.2827    860.57   0.1    -81.05   0.5  06.06.2026  20:50:36
  5   7   2   4  $12    0.100     0.5431     63.98   0.3    575.17   1.3  06.06.2026  20:50:42
  5   7   9  11  $12    0.100     1.9929    751.32   0.2    772.85   0.3  06.06.2026  20:50:47
  5   7  10  12  $12    0.100    -4.9954   4119.53   0.1   -803.81   0.3  06.06.2026  20:50:49
  5   7  13  15  $12    0.100    -4.3530  16410.54   0.1   -556.15   0.2  06.06.2026  20:50:51
  5   7  14  16  $12    0.100     0.0737    401.23   0.8   2394.89   1.1  06.06.2026  20:51:05
  5   8   1   4  $12    0.100     2.0698    202.30   0.0     76.37   3.4  06.06.2026  20:51:07
  5   8   6   7  $12    0.001     2.5550  16053.72   0.1      6.72   6.5  06.06.2026  20:51:14
  5   8   9  12  $12    0.100    -2.8040    274.06   0.2  -1565.75   0.6  06.06.2026  20:51:20
  5   8  13  16  $12    0.100   -12.6808  19476.34   0.0   -609.49   0.2  06.06.2026  20:51:22
  5   9   1  13  $12    0.001     3.9723  99834.91   0.0     33.39   2.0  06.06.2026  20:51:30
  5   9   6  10  $12    0.001    32.1601 137773.35   0.0      3.65  20.7  06.06.2026  20:51:32
  5   9   7  11  $12    0.001     7.6235 143698.96   0.1     30.76   3.0  06.06.2026  20:51:34
  5   9   8  12  $12    0.010     7.1839   9478.91   0.0    244.98   0.0  06.06.2026  20:51:38
  5  10   6  11  $12    0.001     9.0470  35901.53   0.0     32.85   0.2  06.06.2026  20:51:43
  5  10   7  12  $12    0.010    10.2438  12287.66   0.0     96.45   0.3  06.06.2026  20:51:47
  5  11   6  12  $12    0.010    13.2458   5022.24   0.0    109.44   0.5  06.06.2026  20:51:49
  5  13   6  14  $12    0.001    12.4823  44918.04   0.0    -15.86   0.5  06.06.2026  20:51:54
  5  13   7  15  $12    0.001     2.1390  18327.19   0.2    -53.04   2.6  06.06.2026  20:51:56
  5  13   8  16  $12    0.010     4.3365   7251.22   0.0     61.61   0.0  06.06.2026  20:51:59
  5  14   6  15  $12    0.001     3.4873  12344.48   0.0      3.50   0.6  06.06.2026  20:52:04
  5  14   7  16  $12    0.010     6.1963   5081.05   0.0     56.13   0.3  06.06.2026  20:52:08
  5  15   7  16  $12    0.010     5.8606   2867.64   0.0     45.87   0.5  06.06.2026  20:52:10
  6   2   5   1  $12    0.010    12.7367   5456.40   0.0      9.09   2.8  06.06.2026  20:52:12
  6   2  10  14  $12    0.010     2.2643  17072.23   0.8    -55.46  14.8  06.06.2026  20:52:14
  6   3   5   2  $12    0.010    11.0521   5555.38   0.0     10.68   1.6  06.06.2026  20:52:16
  6   4   5   3  $12    0.010    12.2395  11535.43   0.0     18.34   0.2  06.06.2026  20:52:18
  6   7   1   2  $12    1.000    -0.7334    276.47   0.5  -4377.88   0.5  06.06.2026  20:52:24
  6   7   5   8  $12    0.001     2.4290  15261.60   0.0      2.55  17.7  06.06.2026  20:52:35
  6   7   9  10  $12    0.100    -8.1988   6181.77   0.0   -633.37   0.2  06.06.2026  20:52:40
  6   7  13  14  $12    0.100     7.6974  81252.11   0.0   -584.30   0.7  06.06.2026  20:52:42
  6   8   1   3  $12    1.000    17.0584   1406.76   0.0    -31.63   1.0  06.06.2026  20:52:46
  6   8   2   4  $12    1.000     8.6281    325.27   0.1    128.40   0.3  06.06.2026  20:52:48
  6   8   9  11  $12    1.000   -15.3987    181.41   0.0   -409.12   0.4  06.06.2026  20:52:50
  6   8  10  12  $12    0.100    -6.1407   2314.99   0.3   -310.37   2.1  06.06.2026  20:52:55
  6   8  13  15  $12    0.100    -2.5837   6392.03   0.3   -465.89   3.4  06.06.2026  20:52:57
  6   8  14  16  $12    1.000     0.5586    210.57   0.9   2390.62   0.7  06.06.2026  20:53:03
  6  10   2  14  $12    0.010     7.7869  19570.57   0.0     39.39   0.2  06.06.2026  20:53:11
  6  10   5   9  $12    0.001    32.4777 139134.09   0.0    -12.96   0.8  06.06.2026  20:53:17
  6  11   5  10  $12    0.001     9.0432  35886.36   0.1     17.57   2.3  06.06.2026  20:53:19
  6  12   5  11  $12    0.010    11.7600   4458.89   0.0     68.58   0.0  06.06.2026  20:53:23
  6  14   5  13  $12    0.001    12.0432  43338.02   0.0     27.96   1.1  06.06.2026  20:53:28
  6  15   5  14  $12    0.001     3.1156  11028.60   0.0     12.94   4.6  06.06.2026  20:53:30
  7   3   5   1  $12    0.010     3.8465   7250.53   0.5     26.65  20.7  06.06.2026  20:53:34
  7   3  11  15  $12    0.010     2.1059  15877.79   0.3     -6.66  73.3  06.06.2026  20:53:36
  7   4   5   2  $12    0.010     3.9408  12380.47   0.0     30.53   7.0  06.06.2026  20:53:38
  7   8   1   2  $12    1.000     7.7364   5103.94   0.0   -182.50   1.9  06.06.2026  20:53:43
  7   8   9  10  $12    0.100    10.6029   1998.60   0.3   -562.10   0.6  06.06.2026  20:53:48
  7   8  13  14  $12    0.100    -9.9409  65583.75   0.3   -562.42   0.5  06.06.2026  20:53:50
  7  11   3  15  $12    0.100     7.5705   1902.69   0.0     42.16   0.6  06.06.2026  20:53:52
  7  11   5   9  $12    0.001     7.1310 134416.89   0.0     24.66   1.4  06.06.2026  20:54:00
  7  12   5  10  $12    0.010     7.8437   9408.64   0.0     50.09   1.3  06.06.2026  20:54:06
  7  15   5  13  $12    0.010    17.8736  15314.07   0.1     -2.61  19.1  06.06.2026  20:54:08
  7  16   5  14  $12    0.010     5.9544   4882.63   0.0     50.35   0.8  06.06.2026  20:54:10
  7  16   5  15  $12    0.010     5.8363   2855.77   0.0     46.24   1.8  06.06.2026  20:54:12
  8   4   5   1  $12    0.010     2.7029   3566.40   0.1     -7.72  26.8  06.06.2026  20:54:14
  8   4  12  16  $12    0.100    15.9086  11994.84   0.0     32.02   0.9  06.06.2026  20:54:18
  7   8   5   6  $12    0.010    -9.2847  17501.30   0.0     18.79   1.9  06.06.2026  20:54:23
  8  12   4  16  $12    0.100     5.3181   1336.58   0.0     -5.13   7.0  06.06.2026  20:54:27
  8  12   5   9  $12    0.010     5.4117   7140.52   0.2    151.29   0.4  06.06.2026  20:54:31
  8  16   5  13  $12    0.010     4.1496   6938.71   0.2     40.51   2.2  06.06.2026  20:54:33
  9   1  10   2  $12    0.001    31.7353 114200.99   0.0     20.97   2.1  06.06.2026  20:54:39
  9   1  11   3  $12    0.001     7.6127  65225.77   0.1     57.88   5.5  06.06.2026  20:54:41
  9   1  12   4  $12    0.010     8.9045  14889.57   0.0    170.95   0.0  06.06.2026  20:54:45
  9   2  10   3  $12    0.001    31.6544 116423.81   0.0     19.76   1.6  06.06.2026  20:54:50
  9   2  11   4  $12    0.001     7.7401  70595.21   0.1     60.40   5.6  06.06.2026  20:54:52
  9   3  11   4  $12    0.001     7.9318  42414.58   0.0     42.89   0.7  06.06.2026  20:54:54
  9   5  10   6  $12    0.001    31.9764 136986.46   0.0     14.23   2.1  06.06.2026  20:54:57
  9   5  11   7  $12    0.001     7.4728 140858.23   0.7     56.44   3.4  06.06.2026  20:54:59
  9   5  12   8  $12    0.010     6.8456   9032.62   0.0    233.04   0.0  06.06.2026  20:55:02
  9   5  13   1  $12    0.001     4.0010 100555.47   0.0     20.83  16.4  06.06.2026  20:55:07
  9   6  10   7  $12    0.001    32.4259 162990.52   0.0     20.37   1.0  06.06.2026  20:55:10
  9   6  11   8  $12    0.001     7.4406 233753.72   0.1     42.40   6.5  06.06.2026  20:55:12
  9   7  10   8  $12    0.001    33.0601 311584.18   0.0     16.32   3.2  06.06.2026  20:55:14
  9  10   1   2  $12    0.100    -2.5920  41041.24   0.0   -429.27   0.0  06.06.2026  20:55:20
  9  10   2   3  $12    0.100     0.1687   1781.17   0.3  -2306.71   0.1  06.06.2026  20:55:34
  9  10   3   4  $12    0.100     2.5886  17077.70   0.2   -430.32   0.1  06.06.2026  20:55:36
  9  10   5   6  $12    0.100     7.7342  14578.62   0.0   -475.01   0.1  06.06.2026  20:55:38
  9  10   6   7  $12    0.100    -3.3710   2541.65   0.1   -737.15   0.0  06.06.2026  20:55:40
  9  10   7   8  $12    0.100     5.1857    977.48   0.0   -576.27   0.0  06.06.2026  20:55:42
  9  10  12  11  $12    0.010     7.4596  14061.07   0.0     64.74   0.1  06.06.2026  20:55:47
  9  10  13  14  $12    0.010     9.0686 170938.19   0.1   -252.28   0.6  06.06.2026  20:55:49
  9  10  14  15  $12    0.100    14.8260  55892.55   0.0   -166.77   0.0  06.06.2026  20:55:53
  9  10  15  16  $12    0.100     2.4606  16233.67   0.1    -83.44   0.3  06.06.2026  20:55:55
  9  11   1   3  $12    0.100     1.5689   5914.43   0.1   -537.71   0.6  06.06.2026  20:56:00
  9  11   2   4  $12    0.100    -2.3707   5865.12   0.2   -487.35   0.1  06.06.2026  20:56:02
  9  11   5   7  $12    0.100     2.4092    908.25   0.0    333.78   0.4  06.06.2026  20:56:04
  9  11   6   8  $12    0.100    -1.5504    182.65   0.2   -453.29   0.1  06.06.2026  20:56:09
  9  11  13  15  $12    0.001     2.8101 105938.02   0.6     96.12   0.7  06.06.2026  20:56:17
  9  11  14  16  $12    0.010     6.7101  55335.84   0.0     18.26   0.7  06.06.2026  20:56:21
  9  12   1   4  $12    0.100    -0.2235    343.31   0.3  -1274.87   0.5  06.06.2026  20:56:28
  9  12   5   8  $12    0.100    -1.8066    176.57   0.4  -1882.48   0.7  06.06.2026  20:56:30
  9  12  10  11  $12    0.001    23.6943 148875.64   0.0     16.58   2.8  06.06.2026  20:56:38
  9  12  13  16  $12    0.001     3.4882  34092.77   0.3     78.38  14.6  06.06.2026  20:56:40
  9  13   5   1  $12    0.010     3.4790  26231.01   0.0   -109.04   0.3  06.06.2026  20:56:44
  9  13  10  14  $12    0.001    39.8978 170921.79   0.0    -29.94   0.0  06.06.2026  20:56:49
  9  13  11  15  $12    0.001     8.2465 155441.94   0.0     23.08  12.1  06.06.2026  20:56:51
  9  13  12  16  $12    0.010     6.8149   8992.07   0.0    171.25   0.0  06.06.2026  20:56:55
  9  14  10  15  $12    0.001    33.4243 132638.44   0.0      0.13  66.3  06.06.2026  20:57:00
  9  14  11  16  $12    0.001     7.5754  90868.61   0.1     18.81  17.0  06.06.2026  20:57:02
  9  15  10  16  $12    0.001    31.5482 119617.28   0.0     16.93   0.2  06.06.2026  20:57:05
 10   2   9   1  $12    0.001    32.6034 117325.17   0.0    -14.92   0.2  06.06.2026  20:57:07
 10   3   9   2  $12    0.001    32.6636 120135.65   0.0    -22.99   1.3  06.06.2026  20:57:10
 10   6   9   5  $12    0.001    32.7324 140225.34   0.0    -18.56   0.7  06.06.2026  20:57:12
 10   6  14   2  $12    0.010     7.8212  19656.93   0.0     42.27   0.3  06.06.2026  20:57:17
 10   7   9   6  $12    0.001    32.7976 164858.95   0.0     -1.71   5.6  06.06.2026  20:57:22
 10   8   9   7  $12    0.001    33.7439 318028.48   0.0    -11.81   0.6  06.06.2026  20:57:25
 10  11   1   2  $12    0.100     3.3731  76298.37   0.0   -346.84   0.1  06.06.2026  20:57:30
 10  11   5   6  $12    0.100    -3.0202  11385.98   0.0  -1258.96   0.1  06.06.2026  20:57:32
 10  11   9  12  $12    0.001    24.3815 153193.30   0.0    -22.42   0.5  06.06.2026  20:57:40
 10  11  13  14  $12    0.010    13.7958 104018.21   0.1    245.50   0.5  06.06.2026  20:57:44
 10  12   1   3  $12    0.100     3.6221  19714.59   0.0   -208.33   0.4  06.06.2026  20:57:48
 10  12   2   4  $12    0.100    -2.9482  11114.47   0.0   -594.67   0.6  06.06.2026  20:57:50
 10  12   5   7  $12    0.100    -2.4372   2009.86   0.1   -745.93   0.1  06.06.2026  20:57:52
 10  12   6   8  $12    0.100    -2.4169    911.15   0.0   -216.50   0.8  06.06.2026  20:57:54
 10  12  13  15  $12    0.001     2.1900  25799.85   0.0    402.17   0.3  06.06.2026  20:58:02
 10  12  14  16  $12    0.010     6.4710  24395.14   0.0     77.48   0.4  06.06.2026  20:58:06
 10  14   6   2  $12    0.010     2.3365  17616.83   0.0    -65.98   3.6  06.06.2026  20:58:08
 10  14   9  13  $12    0.001    40.6156 173996.64   0.0    -49.78   0.5  06.06.2026  20:58:13
 10  15   9  14  $12    0.001    33.5864 133281.98   0.0    -15.83   0.4  06.06.2026  20:58:16
 10  16   9  15  $12    0.001    32.0546 121537.40   0.0    -11.06   0.9  06.06.2026  20:58:18
 11   3   9   1  $12    0.001     7.7019  65989.64   0.0     50.05   0.9  06.06.2026  20:58:20
 11   4   9   2  $12    0.001     7.6457  69734.85   0.0     50.77   0.3  06.06.2026  20:58:22
 11   4   9   3  $12    0.001     7.8475  41963.56   0.0     47.97   0.3  06.06.2026  20:58:24
 11   7   9   5  $12    0.001     7.4267 139990.91   0.1     44.89   0.0  06.06.2026  20:58:26
 11   7  15   3  $12    0.100     7.7410   1945.54   0.0     43.75   0.7  06.06.2026  20:58:32
 11   8   9   6  $12    0.001     7.4097 232782.91   0.0     40.35   1.1  06.06.2026  20:58:40
 11  12   1   2  $12    1.000     2.4866   7733.81   0.0   -258.66   0.2  06.06.2026  20:58:47
 11  12   5   6  $12    1.000     4.6375   3059.53   0.0    303.90   0.3  06.06.2026  20:58:49
 11  12  13  14  $12    0.010     4.2522   8015.14   0.3     13.41   9.9  06.06.2026  20:58:57
 11  15   7   3  $12    0.100    19.1672  14451.74   0.0     13.51   2.3  06.06.2026  20:59:00
 11  15   9  13  $12    0.001     7.0472 132835.94   0.0     31.87   1.5  06.06.2026  20:59:08
 11  16   9  14  $12    0.001     6.7143  80539.39   0.0     36.34   2.1  06.06.2026  20:59:10
 12   4   9   1  $12    0.010     7.4575  12470.01   0.1    103.65   0.9  06.06.2026  20:59:14
 12   8   9   5  $12    0.010     5.1078   6739.55   0.0    149.28   0.2  06.06.2026  20:59:16
 12   8  16   4  $12    0.100     5.3245   1338.19   0.0     -3.02   5.0  06.06.2026  20:59:20
 12  11   9  10  $12    0.010     6.7012  12631.50   0.4     54.73   1.2  06.06.2026  20:59:25
 12  16   8   4  $12    0.100    14.7498  11121.06   0.0      7.84   1.7  06.06.2026  20:59:29
 12  16   9  13  $12    0.010     6.9710   9197.96   0.1    131.42   0.6  06.06.2026  20:59:34
 13   1   9   5  $12    0.001     3.9569  99446.72   0.0     20.07   1.2  06.06.2026  20:59:39
 13   1  14   2  $12    0.001    11.8096  40499.37   0.0     10.28  11.8  06.06.2026  20:59:41
 13   1  15   3  $12    0.010    16.8664  12790.02   0.0     15.20   0.1  06.06.2026  20:59:45
 13   1  16   4  $12    0.010     3.0818   3960.72   0.0     94.27   0.7  06.06.2026  20:59:47
 13   2  14   3  $12    0.001    11.5585  39976.58   0.0     11.44   0.2  06.06.2026  20:59:52
 13   2  15   4  $12    0.010    16.6661  12896.63   0.0     32.09   0.0  06.06.2026  20:59:55
 13   3  14   4  $12    0.001    11.6314  40647.01   0.0     12.85   0.8  06.06.2026  21:00:00
 13   5  14   6  $12    0.001    12.2337  44023.56   0.0      8.65   3.4  06.06.2026  21:00:02
 13   5  15   7  $12    0.010    19.4508  16665.38   0.0      5.34   3.0  06.06.2026  21:00:06
 13   5  16   8  $12    0.010     4.3281   7237.11   0.0     57.07   0.0  06.06.2026  21:00:08
 13   6  14   7  $12    0.001    12.9149  47500.37   0.0     12.16   0.5  06.06.2026  21:00:13
 13   6  15   8  $12    0.010    19.2609  17567.37   0.0     30.71   0.1  06.06.2026  21:00:17
 13   7  15   8  $12    0.001     3.7488  20046.54   0.0     14.35   0.6  06.06.2026  21:00:22
 13   9   1   5  $12    0.010     3.5774  26973.05   0.0   -110.23   1.2  06.06.2026  21:00:25
 13   9  14  10  $12    0.001    39.1573 167749.57   0.0     -7.71   3.6  06.06.2026  21:00:31
 13   9  15  11  $12    0.001     7.7612 146294.38   0.2     47.12   2.0  06.06.2026  21:00:33
 13   9  16  12  $12    0.010     7.1301   9407.94   0.0    195.80   0.1  06.06.2026  21:00:37
 13  10  14  11  $12    0.001    17.9802  90378.48   0.0      8.49   2.4  06.06.2026  21:00:42
 13  10  15  12  $12    0.001     2.1083  66234.14   0.1     61.02   0.8  06.06.2026  21:00:44
 13  11  14  12  $12    0.001    11.4892 108283.18   0.0     20.10   2.2  06.06.2026  21:00:46
 13  14   1   2  $12    0.100     4.1269 222481.10   0.0   -311.61   0.0  06.06.2026  21:00:51
 13  14   2   3  $12    0.100     1.5336  63597.78   0.0    285.60   0.2  06.06.2026  21:00:57
 13  14   3   4  $12    0.100    -2.3582  73343.74   0.0   -501.71   0.4  06.06.2026  21:00:59
 13  14   5   6  $12    0.100    -6.7896 107504.45   0.0   -531.48   0.1  06.06.2026  21:01:01
 13  14   6   7  $12    0.100     4.0258  42494.89   0.0   -554.02   0.3  06.06.2026  21:01:03
 13  14   7   8  $12    0.100    -5.2543  34664.70   0.0   -533.79   0.1  06.06.2026  21:01:05
 13  14   9  10  $12    0.010     9.3830 176865.58   0.0   -260.91   1.3  06.06.2026  21:01:10
 13  14  10  11  $12    0.010    14.8492 111960.10   0.0    232.22   0.1  06.06.2026  21:01:12
 13  14  11  12  $12    0.010     5.4829  10334.93   0.2     68.39   0.7  06.06.2026  21:01:14
 13  14  16  15  $12    0.010     7.2066  13584.18   0.0     16.13   0.3  06.06.2026  21:01:16
 13  15   1   3  $12    0.100     6.2664  82683.51   0.0   -132.90   0.0  06.06.2026  21:01:19
 13  15   2   4  $12    0.100    -0.3202   3236.71   0.6  -5180.62   0.6  06.06.2026  21:01:25
 13  15   5   7  $12    0.100    -3.0763  11597.40   0.0   -516.82   0.1  06.06.2026  21:01:27
 13  15   6   8  $12    0.100    -1.3249   3277.79   0.2   -397.83   0.3  06.06.2026  21:01:32
 13  15   9  11  $12    0.001     3.0273 114128.40   0.1     58.91   2.0  06.06.2026  21:01:40
 13  15  10  12  $12    0.001     2.4125  28422.18   0.0    331.87   0.9  06.06.2026  21:01:42
 13  16   1   4  $12    0.100     4.9206  27825.06   0.0     54.93   0.3  06.06.2026  21:01:47
 13  16   5   8  $12    0.100    -7.2958  11205.60   0.0   -572.17   0.1  06.06.2026  21:01:49
 13  16   9  12  $12    0.001     3.8789  37911.32   0.1     54.97   1.0  06.06.2026  21:01:57
 13  16  14  15  $12    0.001    10.4425  65612.15   0.1     -9.16   4.9  06.06.2026  21:01:59
 14   2  10   6  $12    0.010     8.1015  20361.23   0.0     36.91   2.9  06.06.2026  21:02:03
 14   2  13   1  $12    0.001    12.3252  42267.55   0.0     12.43   4.8  06.06.2026  21:02:08
 14   3  13   2  $12    0.001    12.1759  42111.97   0.0      8.86   6.1  06.06.2026  21:02:10
 14   4  13   3  $12    0.001    12.2483  42802.62   0.0     14.92   3.3  06.06.2026  21:02:12
 14   6  13   5  $12    0.001    12.8119  46104.12   0.0     13.04   3.3  06.06.2026  21:02:14
 14   7  13   6  $12    0.001    13.5725  49919.25   0.0     10.17   1.3  06.06.2026  21:02:16
 14  10   2   6  $12    0.010     2.4379  18381.08   0.0    -68.67   0.9  06.06.2026  21:02:20
 14  10  13   9  $12    0.001    39.7033 170088.52   0.0     -9.48   2.0  06.06.2026  21:02:25
 14  11  13  10  $12    0.001    18.5661  93323.59   0.0     25.47   0.5  06.06.2026  21:02:27
 14  12  13  11  $12    0.001    12.1545 114553.66   0.0     25.31   1.3  06.06.2026  21:02:29
 14  15   1   2  $12    1.000     3.4584  23728.65   0.4   -447.55   0.5  06.06.2026  21:02:36
 14  15   5   6  $12    1.000    -6.4066  14491.38   0.2   -560.64   0.6  06.06.2026  21:02:38
 14  15   9  10  $12    0.100    16.3431  61611.91   0.1   -191.91   0.7  06.06.2026  21:02:43
 14  15  13  16  $12    0.001    10.5845  66504.68   0.1     20.04   7.3  06.06.2026  21:02:51
 14  16   1   3  $12    1.000    15.8703  26736.44   0.1    -82.93   2.2  06.06.2026  21:02:58
 14  16   2   4  $12    1.000    11.9118  15717.29   0.0    101.41   1.6  06.06.2026  21:03:00
 14  16   5   7  $12    1.000     1.6416    893.49   0.9    742.36   3.8  06.06.2026  21:03:06
 14  16   6   8  $12    1.000     2.0347    767.05   0.5   -131.89   6.9  06.06.2026  21:03:07
 14  16   9  11  $12    0.010     7.4828  61708.00   0.0     15.04   0.3  06.06.2026  21:03:15
 14  16  10  12  $12    0.010     7.2845  27461.88   0.0     76.54   1.1  06.06.2026  21:03:17
 15   3  11   7  $12    0.100     8.0604   2025.80   0.0     30.97   0.4  06.06.2026  21:03:21
 15   3  13   1  $12    0.010    18.2654  13850.92   0.0      2.85  25.2  06.06.2026  21:03:26
 15   4  13   2  $12    0.010    18.0295  13951.66   0.0     11.34   1.7  06.06.2026  21:03:28
 15   7  13   5  $12    0.010    20.4609  17530.82   0.0     -4.30   1.3  06.06.2026  21:03:30
 15   8  13   6  $12    0.010    20.4277  18631.57   0.0     13.93   2.0  06.06.2026  21:03:32
 15   8  13   7  $12    0.001     3.9327  21029.94   0.0     10.26  22.1  06.06.2026  21:03:37
 15  11   3   7  $12    0.010     2.1102  15910.50   0.0     13.91   3.5  06.06.2026  21:03:41
 15  11  13   9  $12    0.001     8.0458 151659.62   0.1     43.53   2.3  06.06.2026  21:03:46
 15  12  13  10  $12    0.001     2.2469  70588.15   0.5     44.26   0.1  06.06.2026  21:03:48
 15  16   1   2  $12    1.000     2.2795  19549.98   0.1   -307.84   0.7  06.06.2026  21:03:55
 15  16   5   6  $12    1.000    -2.0031   6229.90   0.6   -792.14   0.9  06.06.2026  21:03:57
 15  16   9  10  $12    0.100     3.2288  21301.74   0.1   -199.26   1.2  06.06.2026  21:04:02
 16   4  12   8  $12    0.100     5.3507   1344.78   0.0      0.25 109.8  06.06.2026  21:04:04
 16   4  13   1  $12    0.010     3.1403   4035.93   0.0     45.40   4.8  06.06.2026  21:04:09
 16   8  13   5  $12    0.010     4.3203   7224.15   0.0     32.49   4.2  06.06.2026  21:04:11
 16  12   4   8  $12    0.100    14.7733  11138.83   0.0      8.75   0.7  06.06.2026  21:04:15
 16  12  13   9  $12    0.010     7.0158   9257.08   0.2    130.81   1.6  06.06.2026  21:04:20
 16  15  13  14  $12    0.010     8.0993  15266.82   0.0     -8.83  21.7  06.06.2026  21:04:22
