//C:\Users\user\Desktop\GeoTom\GeoTomE724.ini
//- Cable direction:
//  cable I: normal
//  cable II: normal
//  cable III: normal
//  cable IV: normal
//- Cable arrangement: sequential
//- Optimization: Last measurement
//- Sorting: Multi-level
//- Current levels: 0.001 mA .. 10.0 mA
Type:         Flow
Name:         Hyprop
Comment:      Example of a measurements sequence
Comment:      
Comment:      
Spacing:      1.00000
First El:     0.00000
Nr of points: 312
IP present:   1

  1   2   4   3  $12    0.100     6.2304   1174.41   0.0     43.65   1.3  06.06.2026  18:45:03
  1   2   5   6  $12    1.000     9.0336   1702.79   0.1   -272.87   0.3  06.06.2026  18:45:07
  1   2   6   7  $12    1.000     1.9214    724.35   0.6    994.96   1.4  06.06.2026  18:45:09
  1   2   7   8  $12    1.000     7.4406   4908.84   0.0   -348.87   0.8  06.06.2026  18:45:11
  1   2   9  10  $12    0.100    -2.6907  42603.18   0.1   -619.23   0.3  06.06.2026  18:45:15
  1   2  10  11  $12    0.100     3.9903  90257.68   0.1   -602.29   0.4  06.06.2026  18:45:17
  1   2  11  12  $12    1.000     3.2629  10148.10   0.1   -360.67   0.1  06.06.2026  18:45:21
  1   2  13  14  $12    0.100     4.1631 224433.99   0.0   -368.43   2.2  06.06.2026  18:45:26
  1   2  14  15  $12    1.000     5.4534  37416.76   0.0   -312.81   0.6  06.06.2026  18:45:30
  1   2  15  16  $12    1.000     1.9185  16454.52   0.1     23.30   0.5  06.06.2026  18:45:35
  1   3   5   7  $12    1.000    19.0027    716.38   0.0    -21.36   2.5  06.06.2026  18:45:37
  1   3   6   8  $12    1.000    17.0333   1404.68   0.0    -32.65   2.3  06.06.2026  18:45:39
  1   3   9  11  $12    1.000     2.2579    851.21   4.4   -623.45   3.8  06.06.2026  18:45:46
  1   3  10  12  $12    1.000     8.3221   4529.55   0.2   -392.74  11.8  06.06.2026  18:45:48
  1   3  13  15  $12    0.100     5.0480  66607.25   0.4   -296.70   0.7  06.06.2026  18:45:53
  1   3  14  16  $12    1.000    13.8431  23321.13   0.0    -25.62   8.7  06.06.2026  18:45:56
  1   4   2   3  $12    0.010     4.9081   3083.86   0.0      3.63   7.8  06.06.2026  18:46:04
  1   4   5   8  $12    0.100     2.1643    211.54   0.0     71.32   2.5  06.06.2026  18:46:08
  1   4   9  12  $12    1.000    -4.5019    691.44   0.4   -816.99   0.8  06.06.2026  18:46:12
  1   4  13  16  $12    0.100     3.0925  17487.71   0.3    168.68   1.6  06.06.2026  18:46:17
  1   5   2   6  $12    0.010    12.5413   5372.69   0.0     12.31   0.6  06.06.2026  18:46:22
  1   5   3   7  $12    0.010     3.8927   7337.64   0.1     24.81  16.6  06.06.2026  18:46:24
  1   5   4   8  $12    0.010     2.6623   3512.80   0.0      0.60  43.1  06.06.2026  18:46:26
  1   5  13   9  $12    0.010     3.3108  24962.77   0.4    -94.18   6.4  06.06.2026  18:46:28
  1   6   2   7  $12    0.010    17.7247   7033.75   0.1     30.18   3.5  06.06.2026  18:46:30
  1   6   3   8  $12    0.010     4.7392   5684.77   0.6     -3.03  44.3  06.06.2026  18:46:32
  1   7   2   8  $12    0.001     2.5310   9596.33   0.0      1.39  56.7  06.06.2026  18:46:37
  1   9   2  10  $12    0.001    30.6317 110229.62   0.0     24.36   0.7  06.06.2026  18:46:40
  1   9   3  11  $12    0.001     7.2882  62444.87   0.0     47.75   2.8  06.06.2026  18:46:42
  1   9   4  12  $12    0.010     7.7615  12978.29   0.0    145.21   0.0  06.06.2026  18:46:45
  1  10   2  11  $12    0.001     8.1204  28744.78   0.0     48.49   0.2  06.06.2026  18:46:50
  1  10   3  12  $12    0.010     9.3179   7640.74   0.0     82.49   0.2  06.06.2026  18:46:54
  1  11   3  12  $12    0.010     7.5756   3706.84   0.0    104.75   0.1  06.06.2026  18:46:56
  1  13   2  14  $12    0.001    11.8372  40594.03   0.0     10.69   0.6  06.06.2026  18:47:01
  1  13   3  15  $12    0.010    17.3971  13192.46   0.0     37.53   0.5  06.06.2026  18:47:05
  1  13   4  16  $12    0.010     2.9076   3736.81   0.0     92.46   0.2  06.06.2026  18:47:07
  1  13   5   9  $12    0.001     3.9863 100187.02   0.0     31.59   5.8  06.06.2026  18:47:12
  1  14   2  15  $12    0.001     2.5841   8798.99   0.1     21.66  32.5  06.06.2026  18:47:14
  1  14   3  16  $12    0.010     4.1618   3104.06   0.0     36.83   0.5  06.06.2026  18:47:18
  1  15   2  16  $12    0.010     6.7274   2276.94   0.0     14.20  11.9  06.06.2026  18:47:20
  2   3   1   4  $12    0.010     5.0758   3189.20   0.1     20.60   8.8  06.06.2026  18:47:22
  2   3   5   6  $12    1.000    -6.5946    497.22   0.5    -63.31  29.2  06.06.2026  18:47:38
  2   3   9  10  $12    1.000     7.7436   8174.00   0.6  -1240.81   1.5  06.06.2026  18:47:41
  2   3  13  14  $12    1.000   -12.6777  52573.01   3.7    -45.24  32.2  06.06.2026  18:47:47
  2   4   5   7  $12    1.000    10.4682    123.33   0.0     70.05   0.4  06.06.2026  18:47:49
  2   4   6   8  $12    1.000     9.0730    342.04   0.0     90.75   0.1  06.06.2026  18:47:51
  2   4   9  11  $12    1.000   -12.6922   3140.05   0.0   -622.80   0.2  06.06.2026  18:47:53
  2   4  10  12  $12    0.100    -5.0568  19063.71   0.3   -555.55   1.7  06.06.2026  18:47:58
  2   4  13  15  $12    1.000    -8.1559   8244.05   0.3  -2213.78   0.2  06.06.2026  18:48:02
  2   4  14  16  $12    1.000     8.9417  11798.30   0.0    218.48   0.0  06.06.2026  18:48:04
  2   6   1   5  $12    0.010    12.1712   5214.14   0.0      8.26   1.4  06.06.2026  18:48:12
  2   6  14  10  $12    0.100    19.5084  14709.02   0.1    -26.38   3.3  06.06.2026  18:48:15
  2   7   1   6  $12    0.010    16.6263   6597.87   0.0     19.48   0.4  06.06.2026  18:48:20
  2   8   1   7  $12    0.001     2.8682  10874.92   0.1     23.46   1.4  06.06.2026  18:48:25
  2  10   1   9  $12    0.001    30.9386 111334.25   0.0      6.12   2.8  06.06.2026  18:48:28
  2  11   1  10  $12    0.001     8.4157  29790.17   0.4     11.84  33.6  06.06.2026  18:48:30
  2  14   1  13  $12    0.001    12.3615  42392.03   0.1     27.95   3.6  06.06.2026  18:48:32
  2  14   6  10  $12    0.010     6.6691  16761.25   0.0     59.97   0.8  06.06.2026  18:48:36
  2  15   1  14  $12    0.010    21.5462   7336.65   0.1     17.90   0.6  06.06.2026  18:48:38
  2  16   1  15  $12    0.010     6.5747   2225.28   0.0     11.53   1.4  06.06.2026  18:48:40
  3   4   5   6  $12    1.000    -3.8406     72.39   0.1   -694.46   0.5  06.06.2026  18:48:45
  3   4   9  10  $12    0.100     2.6872  17728.23   0.2   -598.42   0.7  06.06.2026  18:48:50
  3   4  13  14  $12    0.100    -2.1775  67724.43   0.1   -647.59   0.3  06.06.2026  18:48:52
  3   7   1   5  $12    0.010     3.7219   7015.58   0.0     28.35   1.4  06.06.2026  18:48:57
  3   7  15  11  $12    0.100    19.4491  14664.24   0.0     19.32   0.0  06.06.2026  18:49:01
  3   8   1   6  $12    0.010     4.6556   5584.49   0.0      3.86   4.5  06.06.2026  18:49:06
  3  11   1   9  $12    0.001     7.1769  61491.47   0.0     43.16   0.9  06.06.2026  18:49:11
  3  12   1  10  $12    0.010     7.9830   6546.09   0.1     71.01   3.2  06.06.2026  18:49:15
  3  12   1  11  $12    0.010     6.9662   3408.64   0.0     77.38   0.3  06.06.2026  18:49:17
  3  15   1  13  $12    0.010    14.7672  11198.23   0.0      8.62   8.3  06.06.2026  18:49:19
  3  15   7  11  $12    0.100     6.8118   1712.00   0.0     25.29   0.6  06.06.2026  18:49:23
  3  16   1  14  $12    0.010     3.9438   2941.43   0.0     25.72   0.7  06.06.2026  18:49:28
  3   4   1   2  $12    0.100    -5.1725    975.00   0.0     30.35   0.6  06.06.2026  18:49:34
  4   8   1   5  $12    0.010     2.6624   3513.00   0.0     -1.40   7.8  06.06.2026  18:49:39
  4   8  16  12  $12    0.100    15.1181  11398.76   0.0     19.17   0.0  06.06.2026  18:49:42
  4  12   1   9  $12    0.010     6.6960  11196.64   0.0     82.55   0.4  06.06.2026  18:49:47
  4  16   1  13  $12    0.010     2.7895   3585.03   0.4     44.52  32.8  06.06.2026  18:49:49
  4  16   8  12  $12    0.100     5.2872   1328.83   0.0     -2.49   5.0  06.06.2026  18:49:53
  5   1   6   2  $12    0.010    12.5133   5360.70   0.0     15.14   0.1  06.06.2026  18:49:58
  5   1   7   3  $12    0.010     3.7953   7154.01   0.2     38.66   8.6  06.06.2026  18:50:00
  5   1   8   4  $12    0.010     2.6672   3519.29   0.0     -0.62  24.6  06.06.2026  18:50:02
  5   1   9  13  $12    0.010     3.2580  24564.89   0.0   -108.86   4.0  06.06.2026  18:50:04
  5   2   6   3  $12    0.010    11.0475   5553.09   0.0     19.76   1.2  06.06.2026  18:50:06
  5   2   7   4  $12    0.010     3.9266  12335.63   0.0     27.85   1.1  06.06.2026  18:50:08
  5   3   6   4  $12    0.010    12.3349  11625.38   0.0     21.37   0.5  06.06.2026  18:50:10
  5   6   1   2  $12    1.000    21.8350   4115.80   0.5   -748.13   0.3  06.06.2026  18:50:16
  5   6   2   3  $12    1.000   -11.5521    871.01   2.3  -1257.07   0.3  06.06.2026  18:50:22
  5   6   3   4  $12    1.000     1.7757     33.47   0.7   -771.62   1.9  06.06.2026  18:50:28
  5   6   7   8  $12    0.010    -8.5744  16162.31   0.0     -6.05   4.6  06.06.2026  18:50:35
  5   6   9  10  $12    0.100    14.7646  27830.57   0.1   -549.25   0.1  06.06.2026  18:50:39
  5   6  10  11  $12    0.100   -15.1430  57087.94   0.1   -766.65   0.3  06.06.2026  18:50:41
  5   6  11  12  $12    1.000    -5.1237   3380.26   0.7   -823.19   0.2  06.06.2026  18:50:45
  5   6  13  14  $12    0.100   -12.8288 203126.08   0.1   -571.98   0.5  06.06.2026  18:50:50
  5   6  14  15  $12    1.000    -6.2893  14226.11   0.0   -535.23   0.3  06.06.2026  18:50:54
  5   6  15  16  $12    1.000     3.8858  12085.66   0.1   -253.29   0.6  06.06.2026  18:50:56
  5   7   1   3  $12    0.100     2.2547    850.00   0.0    -89.16   0.9  06.06.2026  18:51:01
  5   7   2   4  $12    0.100     0.5873     69.19   0.5    504.07   0.5  06.06.2026  18:51:06
  5   7   9  11  $12    0.100     0.5591    210.79   0.7   2662.56   1.4  06.06.2026  18:51:12
  5   7  10  12  $12    0.100    -5.8639   4835.78   0.4   -685.62   0.5  06.06.2026  18:51:14
  5   7  13  15  $12    0.100    -4.8011  18099.77   0.1   -546.94   0.6  06.06.2026  18:51:16
  5   7  14  16  $12    0.100     0.1452    790.15   0.4   1074.13   1.0  06.06.2026  18:51:30
  5   8   1   4  $12    0.100     2.0483    200.20   0.2     98.83   1.8  06.06.2026  18:51:32
  5   8   6   7  $12    0.010    22.9122  14396.13   0.0     -1.05  50.8  06.06.2026  18:51:37
  5   8   9  12  $12    0.100    -4.2541    415.79   0.0   -976.69   0.4  06.06.2026  18:51:41
  5   8  13  16  $12    0.100   -14.4997  22269.99   0.1   -584.16   0.1  06.06.2026  18:51:43
  5   9   1  13  $12    0.001     3.9580  99474.90   0.0     37.49   1.9  06.06.2026  18:51:51
  5   9   6  10  $12    0.001    31.0221 132898.19   0.0      8.68   1.5  06.06.2026  18:51:54
  5   9   7  11  $12    0.001     7.3441 138432.08   0.0     29.50   5.9  06.06.2026  18:51:56
  5   9   8  12  $12    0.010     5.2521   6930.04   0.0    201.32   0.2  06.06.2026  18:52:00
  5  10   6  11  $12    0.001     8.3041  32953.58   0.0     34.16   0.1  06.06.2026  18:52:05
  5  10   7  12  $12    0.010     7.9283   9510.08   0.0     18.21   0.5  06.06.2026  18:52:09
  5  11   6  12  $12    0.010    11.1348   4221.84   0.0     75.01   0.5  06.06.2026  18:52:11
  5  13   6  14  $12    0.001    12.3602  44478.92   0.0     -9.34   3.5  06.06.2026  18:52:15
  5  13   7  15  $12    0.001     2.0688  17725.20   0.0    -31.44   1.7  06.06.2026  18:52:17
  5  13   8  16  $12    0.010     4.0006   6689.55   0.0     60.94   0.3  06.06.2026  18:52:22
  5  14   6  15  $12    0.001     3.1627  11195.34   0.0      4.55   0.7  06.06.2026  18:52:27
  5  14   7  16  $12    0.010     5.4568   4474.63   0.0     47.96   0.6  06.06.2026  18:52:30
  5  15   7  16  $12    0.010     5.3230   2604.60   0.0     40.12   0.7  06.06.2026  18:52:33
  6   2   5   1  $12    0.010    11.8096   5059.21   0.0     11.59   0.9  06.06.2026  18:52:35
  6   2  10  14  $12    0.010     2.0781  15668.73   0.1    -25.06  10.8  06.06.2026  18:52:37
  6   3   5   2  $12    0.010    10.2584   5156.44   0.0     10.61   1.1  06.06.2026  18:52:39
  6   4   5   3  $12    0.010    11.5138  10851.48   0.0     13.79   4.9  06.06.2026  18:52:41
  6   7   1   2  $12    1.000     2.1074    794.45   0.2     55.11  45.5  06.06.2026  18:52:46
  6   7   5   8  $12    0.001     2.3316  14649.95   0.1      6.28  23.6  06.06.2026  18:52:57
  6   7   9  10  $12    0.100    -9.2693   6988.89   0.0   -597.80   0.1  06.06.2026  18:53:02
  6   7  13  14  $12    0.100     8.7312  92164.81   0.0   -573.81   0.1  06.06.2026  18:53:04
  6   8   1   3  $12    1.000    17.2399   1421.72   0.0    -33.62   0.1  06.06.2026  18:53:08
  6   8   2   4  $12    1.000     9.2899    350.22   0.0     86.63   0.4  06.06.2026  18:53:10
  6   8   9  11  $12    1.000   -17.6679    208.14   0.2   -332.06   0.6  06.06.2026  18:53:12
  6   8  10  12  $12    0.100    -5.7747   2177.03   0.0   -296.95   0.8  06.06.2026  18:53:17
  6   8  13  15  $12    0.100    -2.6664   6596.71   0.2   -471.43   0.6  06.06.2026  18:53:19
  6   8  14  16  $12    1.000     1.6529    623.12   0.2    605.28   0.7  06.06.2026  18:53:25
  6  10   2  14  $12    0.010     6.6451  16700.94   0.0     51.82   0.1  06.06.2026  18:53:33
  6  10   5   9  $12    0.001    31.0512 133023.22   0.0      0.08 148.6  06.06.2026  18:53:39
  6  11   5  10  $12    0.001     7.8537  31166.25   0.1      0.67 284.0  06.06.2026  18:53:41
  6  12   5  11  $12    0.010    10.1320   3841.63   0.0     43.76   1.1  06.06.2026  18:53:45
  6  14   5  13  $12    0.001    12.0293  43288.09   0.1     28.22   1.6  06.06.2026  18:53:50
  6  15   5  14  $12    0.001     2.7602   9770.74   0.2     -4.86  32.0  06.06.2026  18:53:52
  7   3   5   1  $12    0.010     3.6165   6817.00   0.1     29.11   2.1  06.06.2026  18:53:56
  7   3  11  15  $12    0.100    19.4603  14672.71   0.0     20.72   0.2  06.06.2026  18:54:00
  7   4   5   2  $12    0.010     3.7531  11790.74   0.0     31.61   1.0  06.06.2026  18:54:05
  7   8   1   2  $12    1.000     5.1155   3374.88   0.0   -127.91   0.4  06.06.2026  18:54:10
  7   8   9  10  $12    0.100    11.3408   2137.69   0.2   -576.06   0.1  06.06.2026  18:54:15
  7   8  13  14  $12    0.100   -11.3657  74983.58   0.1   -547.72   0.2  06.06.2026  18:54:17
  7  11   3  15  $12    0.100     6.8931   1732.42   0.0     57.45   0.7  06.06.2026  18:54:19
  7  11   5   9  $12    0.001     6.8064 128297.71   0.0     20.80   0.4  06.06.2026  18:54:27
  7  12   5  10  $12    0.010     6.6589   7987.50   0.0    -15.68   5.2  06.06.2026  18:54:31
  7  15   5  13  $12    0.010    16.7699  14368.41   0.2    -24.53   3.1  06.06.2026  18:54:33
  7  16   5  14  $12    0.010     5.3177   4360.53   0.3     37.26   6.9  06.06.2026  18:54:35
  7  16   5  15  $12    0.010     5.3553   2620.38   0.0     44.79   1.7  06.06.2026  18:54:37
  8   4   5   1  $12    0.010     2.6464   3491.86   0.1     -8.20   8.6  06.06.2026  18:54:39
  8   4  12  16  $12    0.100    14.9996  11309.39   0.0     19.82   0.0  06.06.2026  18:54:43
  7   8   5   6  $12    0.010    -8.7133  16424.23   0.0     23.50   1.8  06.06.2026  18:54:48
  8  12   4  16  $12    0.100     5.2609   1322.22   0.0     -5.95   1.5  06.06.2026  18:54:51
  8  12   5   9  $12    0.010     4.4549   5878.07   0.1    124.47   0.6  06.06.2026  18:54:56
  8  16   5  13  $12    0.010     3.8585   6452.01   0.0     41.96   2.9  06.06.2026  18:54:58
  9   1  10   2  $12    0.001    30.9516 111381.08   0.0     22.02   1.0  06.06.2026  18:55:04
  9   1  11   3  $12    0.001     7.1571  61321.52   0.2     53.85   3.1  06.06.2026  18:55:06
  9   1  12   4  $12    0.010     7.1879  12019.14   0.0    131.69   0.0  06.06.2026  18:55:10
  9   2  10   3  $12    0.001    30.7791 113204.25   0.0     21.19   0.4  06.06.2026  18:55:15
  9   2  11   4  $12    0.001     7.3846  67353.04   0.2     34.43   3.9  06.06.2026  18:55:17
  9   3  11   4  $12    0.001     7.5490  40367.71   0.0     43.04   0.1  06.06.2026  18:55:19
  9   5  10   6  $12    0.001    31.0757 133127.95   0.0     14.17   1.8  06.06.2026  18:55:22
  9   5  11   7  $12    0.001     6.9248 130528.90   0.0     44.46   7.6  06.06.2026  18:55:24
  9   5  12   8  $12    0.010     5.1527   6798.84   0.0    186.06   0.0  06.06.2026  18:55:27
  9   5  13   1  $12    0.001     3.9981 100483.57   0.1     21.82  17.5  06.06.2026  18:55:32
  9   6  10   7  $12    0.001    31.4875 158273.42   0.0     23.40   0.5  06.06.2026  18:55:35
  9   6  11   8  $12    0.001     7.1728 225340.68   0.1     58.83   3.6  06.06.2026  18:55:37
  9   7  10   8  $12    0.001    32.1959 303439.14   0.1     18.39   3.2  06.06.2026  18:55:39
  9  10   1   2  $12    0.100    -1.6959  26852.18   0.0   -391.35   0.0  06.06.2026  18:55:48
  9  10   2   3  $12    0.100    -0.3978   4198.70   0.2    274.59   0.1  06.06.2026  18:55:53
  9  10   3   4  $12    0.100     2.4917  16438.71   0.1   -445.67   0.2  06.06.2026  18:55:55
  9  10   5   6  $12    0.100     6.8299  12874.13   0.0   -499.37   0.1  06.06.2026  18:55:57
  9  10   6   7  $12    0.100    -3.9068   2945.68   0.1   -674.83   0.0  06.06.2026  18:55:59
  9  10   7   8  $12    0.100     5.0674    955.19   0.0   -599.61   0.1  06.06.2026  18:56:01
  9  10  12  11  $12    0.010     5.1414   9691.37   0.0     94.86   0.0  06.06.2026  18:56:06
  9  10  13  14  $12    0.010    11.2867 212749.68   0.0   -273.12   0.0  06.06.2026  18:56:08
  9  10  14  15  $12    0.100    13.5933  51245.37   0.5     11.46  54.1  06.06.2026  18:56:12
  9  10  15  16  $12    0.100     1.4452   9534.21   0.3    197.92   1.2  06.06.2026  18:56:18
  9  11   1   3  $12    0.100     1.5265   5754.75   0.1   -502.19   0.9  06.06.2026  18:56:23
  9  11   2   4  $12    0.100    -2.1168   5237.04   0.2   -464.06   0.7  06.06.2026  18:56:25
  9  11   5   7  $12    0.100     1.8486    696.91   0.1    243.71   0.1  06.06.2026  18:56:30
  9  11   6   8  $12    0.100    -1.7521    206.42   0.0   -361.91   0.1  06.06.2026  18:56:35
  9  11  13  15  $12    0.001     2.8006 105580.12   0.0    135.46   0.7  06.06.2026  18:56:43
  9  11  14  16  $12    0.010     6.0284  49714.45   0.0     25.13   0.8  06.06.2026  18:56:47
  9  12   1   4  $12    0.100    -0.3294    505.99   0.3   -889.89   0.5  06.06.2026  18:56:54
  9  12   5   8  $12    0.100    -2.4840    242.78   0.2  -1372.55   0.1  06.06.2026  18:56:56
  9  12  10  11  $12    0.001    23.4265 147192.83   0.0     21.31   2.5  06.06.2026  18:57:04
  9  12  13  16  $12    0.001     3.5832  35021.71   0.8    106.53   2.5  06.06.2026  18:57:06
  9  13   5   1  $12    0.010     3.2399  24428.36   0.0   -121.76   0.6  06.06.2026  18:57:10
  9  13  10  14  $12    0.001    39.2535 168161.58   0.0    -26.68   2.2  06.06.2026  18:57:15
  9  13  11  15  $12    0.001     7.7033 145204.46   0.0     35.16  12.8  06.06.2026  18:57:17
  9  13  12  16  $12    0.010     5.8603   7732.51   0.0    149.41   0.1  06.06.2026  18:57:21
  9  14  10  15  $12    0.001    32.6626 129616.01   0.0      0.39 170.4  06.06.2026  18:57:27
  9  14  11  16  $12    0.001     7.3846  88579.71   0.0     20.50  19.3  06.06.2026  18:57:29
  9  15  10  16  $12    0.001    30.9905 117502.75   0.0     15.82   1.4  06.06.2026  18:57:31
 10   2   9   1  $12    0.001    32.0592 115366.64   0.0    -21.25   2.2  06.06.2026  18:57:34
 10   3   9   2  $12    0.001    32.0222 117776.50   0.0    -26.91   0.2  06.06.2026  18:57:36
 10   6   9   5  $12    0.001    32.1584 137766.35   0.0    -23.87   0.6  06.06.2026  18:57:39
 10   6  14   2  $12    0.010     6.7088  16861.15   0.0     56.02   1.7  06.06.2026  18:57:43
 10   7   9   6  $12    0.001    32.1176 161440.43   0.0     -5.79   3.6  06.06.2026  18:57:48
 10   8   9   7  $12    0.001    33.2402 313281.57   0.0    -19.77   0.2  06.06.2026  18:57:51
 10  11   1   2  $12    0.100     3.0106  68098.04   0.1    -70.85  11.3  06.06.2026  18:57:56
 10  11   5   6  $12    0.100    -3.2897  12401.71   0.2  -1103.93   0.9  06.06.2026  18:57:58
 10  11   9  12  $12    0.001    24.1522 151752.59   0.0    -25.95   0.3  06.06.2026  18:58:06
 10  11  13  14  $12    0.010    12.3564  93164.86   0.0    353.83   0.2  06.06.2026  18:58:10
 10  12   1   3  $12    0.100     4.0472  22028.40   0.4    210.29   5.8  06.06.2026  18:58:14
 10  12   2   4  $12    0.100    -0.8656   3263.26   4.4   -329.30  10.5  06.06.2026  18:58:24
 10  12   5   7  $12    0.100    -2.5787   2126.60   0.0   -609.33   0.3  06.06.2026  18:58:26
 10  12   6   8  $12    0.100    -1.6205    610.91   0.6   -428.00   2.2  06.06.2026  18:58:31
 10  12  13  15  $12    0.010    22.3622  26344.82   0.0    222.65   0.6  06.06.2026  18:58:36
 10  12  14  16  $12    0.010     5.5325  20857.19   0.0     90.34   1.2  06.06.2026  18:58:38
 10  14   6   2  $12    0.010     2.1639  16315.25   0.2    -48.49   0.9  06.06.2026  18:58:40
 10  14   9  13  $12    0.001    40.8296 174913.81   0.0    -74.58   0.1  06.06.2026  18:58:46
 10  15   9  14  $12    0.001    32.8884 130511.92   0.0    -29.24   0.4  06.06.2026  18:58:48
 10  16   9  15  $12    0.001    31.5376 119577.15   0.0    -25.77   1.2  06.06.2026  18:58:51
 11   3   9   1  $12    0.001     7.1589  61337.41   0.0     48.84   3.3  06.06.2026  18:58:53
 11   4   9   2  $12    0.001     7.1431  65150.34   0.0     51.66   1.0  06.06.2026  18:58:55
 11   4   9   3  $12    0.001     7.3530  39319.42   0.0     50.27   2.5  06.06.2026  18:58:57
 11   7   9   5  $12    0.001     6.9171 130384.71   0.0     54.04   1.4  06.06.2026  18:58:59
 11   7  15   3  $12    0.100     6.9711   1752.03   0.0     60.75   0.0  06.06.2026  18:59:04
 11   8   9   6  $12    0.001     6.9181 217337.48   0.0     42.62   0.3  06.06.2026  18:59:12
 11  12   1   2  $12    1.000     2.2880   7116.05   0.1   -226.27   2.6  06.06.2026  18:59:19
 11  12   5   6  $12    1.000     2.5617   1690.04   0.2    576.04   0.9  06.06.2026  18:59:21
 11  12  13  14  $12    0.010     4.0845   7699.10   0.1     10.68   5.6  06.06.2026  18:59:29
 11  15   7   3  $12    0.100    17.9120  13505.35   0.0     17.01   0.5  06.06.2026  18:59:33
 11  15   9  13  $12    0.001     6.6184 124753.41   0.0     29.25   2.2  06.06.2026  18:59:40
 11  16   9  14  $12    0.001     6.2119  74512.84   0.0     27.31   3.0  06.06.2026  18:59:42
 12   4   9   1  $12    0.010     6.5431  10940.89   0.0     82.56   0.8  06.06.2026  18:59:46
 12   8   9   5  $12    0.010     4.3617   5755.16   0.0    123.51   0.2  06.06.2026  18:59:48
 12   8  16   4  $12    0.100     5.2624   1322.59   0.0     -4.85   7.1  06.06.2026  18:59:53
 12  11   9  10  $12    0.010     4.8910   9219.26   0.2     73.23   1.5  06.06.2026  18:59:58
 12  16   8   4  $12    0.100    14.3553  10823.67   0.0      8.13   1.6  06.06.2026  19:00:02
 12  16   9  13  $12    0.010     6.0325   7959.69   0.4    112.58   1.0  06.06.2026  19:00:07
 13   1   9   5  $12    0.001     3.9073  98201.02   0.0     23.24   7.9  06.06.2026  19:00:12
 13   1  14   2  $12    0.001    11.5695  39676.20   0.0     14.63   6.5  06.06.2026  19:00:14
 13   1  15   3  $12    0.010    15.5251  11772.93   0.0     20.16   0.6  06.06.2026  19:00:17
 13   1  16   4  $12    0.010     2.8024   3601.60   0.0     94.48   0.7  06.06.2026  19:00:19
 13   2  14   3  $12    0.001    11.4617  39641.74   0.0     10.71   0.9  06.06.2026  19:00:24
 13   2  15   4  $12    0.010    15.3145  11850.71   0.0     39.82   0.1  06.06.2026  19:00:28
 13   3  14   4  $12    0.001    11.5623  40405.29   0.0     13.48   2.1  06.06.2026  19:00:33
 13   5  14   6  $12    0.001    12.0901  43506.73   0.0      8.92   3.4  06.06.2026  19:00:35
 13   5  15   7  $12    0.010    18.1356  15538.51   0.0      5.00   3.7  06.06.2026  19:00:39
 13   5  16   8  $12    0.010     3.9734   6644.12   0.0     53.21   1.0  06.06.2026  19:00:41
 13   6  14   7  $12    0.001    12.7390  46853.43   0.0     12.95   0.0  06.06.2026  19:00:46
 13   6  15   8  $12    0.010    17.8476  16278.31   0.0     37.83   0.1  06.06.2026  19:00:49
 13   7  15   8  $12    0.001     3.5755  19119.85   0.0     18.29   2.1  06.06.2026  19:00:54
 13   9   1   5  $12    0.010     3.3361  25153.89   0.0   -123.20   0.2  06.06.2026  19:00:58
 13   9  14  10  $12    0.001    23.6756 101425.85   0.1    229.70   0.1  06.06.2026  19:01:03
 13   9  15  11  $12    0.001     7.3259 138089.39   0.2     58.63   3.9  06.06.2026  19:01:05
 13   9  16  12  $12    0.010     6.0198   7942.90   0.0    165.91   0.0  06.06.2026  19:01:09
 13  10  14  11  $12    0.001    17.5438  88185.01   0.0      0.33   8.5  06.06.2026  19:01:14
 13  10  15  12  $12    0.010    18.6194  58494.51   0.0     69.92   0.0  06.06.2026  19:01:18
 13  11  14  12  $12    0.001    11.4283 107709.19   0.0     18.42   0.5  06.06.2026  19:01:23
 13  14   1   2  $12    0.100     3.3516 180684.69   0.0   -244.18   0.2  06.06.2026  19:01:28
 13  14   2   3  $12    0.100     1.6331  67723.78   0.0     93.69   0.0  06.06.2026  19:01:34
 13  14   3   4  $12    0.100    -2.2726  70682.37   0.2   -476.16   0.0  06.06.2026  19:01:36
 13  14   5   6  $12    0.100    -6.4363 101909.39   0.0   -520.54   0.0  06.06.2026  19:01:38
 13  14   6   7  $12    0.100     4.3346  45755.05   0.0   -547.84   0.1  06.06.2026  19:01:40
 13  14   7   8  $12    0.100    -5.3511  35303.20   0.0   -530.89   0.2  06.06.2026  19:01:42
 13  14   9  10  $12    0.010    10.8389 204309.05   0.0   -292.92   0.5  06.06.2026  19:01:47
 13  14  10  11  $12    0.010    13.1513  99158.34   0.1    328.75   0.6  06.06.2026  19:01:49
 13  14  11  12  $12    0.010     5.2234   9845.83   0.2     96.91   4.3  06.06.2026  19:01:51
 13  14  16  15  $12    0.010     5.2637   9921.92   0.0     41.58   0.3  06.06.2026  19:01:53
 13  15   1   3  $12    0.100     5.3559  70669.04   0.0   -117.14   0.2  06.06.2026  19:01:57
 13  15   2   4  $12    0.100    -0.2096   2118.30   0.4  -5726.52   0.1  06.06.2026  19:02:02
 13  15   5   7  $12    0.100    -2.8209  10634.45   0.0   -500.31   0.1  06.06.2026  19:02:04
 13  15   6   8  $12    0.100    -1.0663   2637.93   0.2   -393.84   0.3  06.06.2026  19:02:09
 13  15   9  11  $12    0.001     2.9396 110821.12   0.0     75.06   3.5  06.06.2026  19:02:17
 13  15  10  12  $12    0.001     1.9884  23424.79   0.1    525.79   1.3  06.06.2026  19:02:21
 13  16   1   4  $12    0.100     4.1805  23640.45   0.0     76.82   0.0  06.06.2026  19:02:26
 13  16   5   8  $12    0.100    -6.8428  10509.73   0.0   -568.89   0.0  06.06.2026  19:02:28
 13  16   9  12  $12    0.001     3.7145  36305.41   0.0     61.24   1.0  06.06.2026  19:02:36
 13  16  14  15  $12    0.001    10.1402  63712.93   0.1     -6.63  10.2  06.06.2026  19:02:38
 14   2  10   6  $12    0.010     6.9865  17558.89   0.3     45.11   3.5  06.06.2026  19:02:42
 14   2  13   1  $12    0.001    11.7825  40406.59   0.1     17.33   8.6  06.06.2026  19:02:47
 14   3  13   2  $12    0.001    11.6766  40385.00   0.1     13.23   6.5  06.06.2026  19:02:49
 14   4  13   3  $12    0.001    11.7118  40927.91   0.0     15.39   5.4  06.06.2026  19:02:51
 14   6  13   5  $12    0.001    12.2032  43913.90   0.0     20.07   0.5  06.06.2026  19:02:53
 14   7  13   6  $12    0.001    12.9197  47518.29   0.0     10.51   7.4  06.06.2026  19:02:55
 14  10   2   6  $12    0.010     2.2567  17014.95   0.0    -61.33   1.1  06.06.2026  19:03:00
 14  10  13   9  $12    0.001    40.0988 171782.98   0.0    -40.55   0.1  06.06.2026  19:03:05
 14  11  13  10  $12    0.001    17.5988  88461.17   0.0     25.72   1.1  06.06.2026  19:03:07
 14  12  13  11  $12    0.001    11.7106 110369.89   0.0     20.49   7.2  06.06.2026  19:03:09
 14  15   1   2  $12    1.000     3.3886  23250.10   0.4   -282.73   0.6  06.06.2026  19:03:16
 14  15   5   6  $12    1.000    -6.3183  14291.76   0.0   -544.30   0.4  06.06.2026  19:03:18
 14  15   9  10  $12    0.100    17.5070  65999.74   0.1   -215.92   0.2  06.06.2026  19:03:23
 14  15  13  16  $12    0.001    10.2004  64090.85   0.2     20.71   6.0  06.06.2026  19:03:31
 14  16   1   3  $12    1.000    14.4616  24363.14   0.1    -67.17   6.9  06.06.2026  19:03:38
 14  16   2   4  $12    1.000    10.6274  14022.53   0.1     25.72   4.0  06.06.2026  19:03:40
 14  16   5   7  $12    1.000     2.4287   1321.92   0.1    -33.23  15.2  06.06.2026  19:03:42
 14  16   6   8  $12    1.000     2.8939   1090.96   0.3   -171.82   3.1  06.06.2026  19:03:44
 14  16   9  11  $12    0.010     6.4989  53594.14   0.2     20.19   0.7  06.06.2026  19:03:52
 14  16  10  12  $12    0.010     6.0140  22672.21   0.3    119.29   3.3  06.06.2026  19:03:54
 15   3  11   7  $12    0.100     6.9677   1751.18   0.1     41.70   0.7  06.06.2026  19:03:59
 15   3  13   1  $12    0.010    15.6431  11862.41   0.0      2.81  42.3  06.06.2026  19:04:04
 15   4  13   2  $12    0.010    15.4318  11941.47   0.0     15.76   3.1  06.06.2026  19:04:06
 15   7  13   5  $12    0.010    17.7819  15235.53   0.0     -5.50   4.9  06.06.2026  19:04:08
 15   8  13   6  $12    0.010    17.6591  16106.40   0.0     17.53   2.7  06.06.2026  19:04:10
 15   8  13   7  $12    0.001     3.6172  19342.36   0.0      9.48   7.2  06.06.2026  19:04:15
 15  11   3   7  $12    0.100    18.4333  13898.36   0.0      9.28   0.1  06.06.2026  19:04:20
 15  11  13   9  $12    0.001     7.2702 137039.37   0.1     41.68   2.7  06.06.2026  19:04:28
 15  12  13  10  $12    0.010    17.8618  56114.65   0.0     38.60   0.4  06.06.2026  19:04:32
 15  16   1   2  $12    1.000     2.3130  19837.75   0.2   -169.54   0.4  06.06.2026  19:04:37
 15  16   5   6  $12    1.000    -0.8810   2740.04   0.6  -1149.83   0.8  06.06.2026  19:04:42
 15  16   9  10  $12    1.000    18.3017  12074.29   0.2   -240.92   1.0  06.06.2026  19:04:44
 16   4  12   8  $12    0.100     5.2496   1319.37   0.0      1.69   5.2  06.06.2026  19:04:49
 16   4  13   1  $12    0.010     2.6828   3447.92   0.1     33.64   5.3  06.06.2026  19:04:54
 16   8  13   5  $12    0.010     3.8247   6395.38   0.0     24.50   4.5  06.06.2026  19:04:56
 16  12   4   8  $12    0.100    14.3541  10822.73   0.0      5.62   0.8  06.06.2026  19:05:00
 16  12  13   9  $12    0.010     5.7721   7616.10   0.1    104.53   0.7  06.06.2026  19:05:05
 16  15  13  14  $12    0.010     4.5928   8657.14   0.1    -22.62   8.5  06.06.2026  19:05:07
