//C:\Users\user\Desktop\GeoTom\GeoTomE724.ini
//- Cable direction:
//  cable I: normal
//  cable II: normal
//  cable III: normal
//  cable IV: normal
//- Cable arrangement: sequential
//- Optimization: Last measurement
//- Sorting: Multi-level
//- Current levels: 0.001 mA .. 10.0 mA
Type:         Flow
Name:         Hyprop
Comment:      Example of a measurements sequence
Comment:      
Comment:      
Spacing:      1.00000
First El:     0.00000
Nr of points: 312
IP present:   1

  1   2   4   3  $12    0.100    17.2729   3255.87   0.0     44.29   0.3  07.06.2026  10:45:02
  1   2   5   6  $12    0.100     2.5355   4779.34   0.0   -462.55   0.2  07.06.2026  10:45:05
  1   2   6   7  $12    1.000    -2.0465    771.50   0.9  -1770.50   0.1  07.06.2026  10:45:09
  1   2   7   8  $12    1.000    19.3941  12794.95   0.3   -367.16   0.7  07.06.2026  10:45:11
  1   2   9  10  $12    0.100    -7.8714 124632.73   0.1   -528.49   0.1  07.06.2026  10:45:16
  1   2  10  11  $12    0.100    10.2120 230989.45   0.0   -538.12   0.2  07.06.2026  10:45:18
  1   2  11  12  $12    1.000    10.9192  33960.51   0.0   -380.47   0.1  07.06.2026  10:45:21
  1   2  13  14  $12    1.000    21.8785 117946.29   0.0   -447.02   0.2  07.06.2026  10:45:23
  1   2  14  15  $12    1.000    -7.2604  49815.18   0.4    350.86   0.2  07.06.2026  10:45:26
  1   2  15  16  $12    1.000     1.2571  10781.91   0.3  -1322.53   0.5  07.06.2026  10:45:41
  1   3   5   7  $12    1.000    21.9860    828.85   0.0    -69.99   0.7  07.06.2026  10:45:43
  1   3   6   8  $12    1.000    20.6294   1701.24   0.1    -79.81   0.2  07.06.2026  10:45:45
  1   3   9  11  $12    1.000    10.9835   4140.67   0.0   -698.12   0.2  07.06.2026  10:45:47
  1   3  10  12  $12    0.100     5.2022  28314.80   0.0   -629.47   0.4  07.06.2026  10:45:52
  1   3  13  15  $12    0.100     4.0438  53356.29   0.1   -365.77   0.1  07.06.2026  10:45:54
  1   3  14  16  $12    1.000     2.6342   4437.85   0.5  -1146.06   0.8  07.06.2026  10:45:58
  1   4   2   3  $12    0.010     5.6309   3537.97   0.0      7.64   0.3  07.06.2026  10:46:06
  1   4   5   8  $12    1.000    17.9615    175.55   0.0    263.02   0.4  07.06.2026  10:46:11
  1   4   9  12  $12    1.000    -6.7882   1042.60   0.3   -892.31   0.1  07.06.2026  10:46:13
  1   4  13  16  $12    0.100     4.3259  24462.45   0.2    174.27   1.5  07.06.2026  10:46:18
  1   5   2   6  $12    0.010    20.4086   8743.01   0.0     19.34   0.2  07.06.2026  10:46:23
  1   5   3   7  $12    0.010     5.6548  10659.04   0.2     40.92  10.5  07.06.2026  10:46:25
  1   5   4   8  $12    0.010     3.3823   4462.89   0.0      1.17  48.1  07.06.2026  10:46:27
  1   5  13   9  $12    0.010     5.2393  39503.19   0.3    -88.06   2.2  07.06.2026  10:46:29
  1   6   2   7  $12    0.001     3.5956  14268.62   0.2     26.10   1.7  07.06.2026  10:46:34
  1   6   3   8  $12    0.010     7.4105   8888.98   0.0      6.50   4.5  07.06.2026  10:46:38
  1   7   2   8  $12    0.001     3.2801  12436.71   0.0     -0.26 148.7  07.06.2026  10:46:43
  1   9   2  10  $12    0.001    36.4704 131240.56   0.0     22.71   2.6  07.06.2026  10:46:46
  1   9   3  11  $12    0.001    10.7456  92068.06   0.0     42.18   3.7  07.06.2026  10:46:48
  1   9   4  12  $12    0.010    16.1030  26926.45   0.0    220.38   0.0  07.06.2026  10:46:51
  1  10   2  11  $12    0.001    12.3977  43885.82   0.0     41.27   0.6  07.06.2026  10:46:56
  1  10   3  12  $12    0.010    19.2383  15775.59   0.0    169.46   0.1  07.06.2026  10:47:00
  1  11   3  12  $12    0.010    14.8680   7275.06   0.0    184.41   0.0  07.06.2026  10:47:02
  1  13   2  14  $12    0.001    15.9392  54661.28   0.0     13.42   1.5  07.06.2026  10:47:07
  1  13   3  15  $12    0.001     2.5686  19477.77   0.7     69.32   9.8  07.06.2026  10:47:09
  1  13   4  16  $12    0.010     3.2983   4238.99   0.0    100.90   0.4  07.06.2026  10:47:13
  1  13   5   9  $12    0.001     4.3903 110340.88   0.0     23.01   0.7  07.06.2026  10:47:18
  1  14   2  15  $12    0.001     5.1768  17627.52   0.3      6.98  29.7  07.06.2026  10:47:20
  1  14   3  16  $12    0.010     5.6495   4213.64   0.0     67.65   0.2  07.06.2026  10:47:25
  1  15   2  16  $12    0.010     8.2033   2776.48   0.2     12.35   1.4  07.06.2026  10:47:27
  2   3   1   4  $12    0.010     5.8713   3689.05   0.0     24.65  11.4  07.06.2026  10:47:29
  2   3   5   6  $12    1.000    -1.7667    133.20   3.9   -516.58   1.4  07.06.2026  10:47:43
  2   3   9  10  $12    0.100     2.8206  29773.92   0.1   -457.87   1.2  07.06.2026  10:47:47
  2   3  13  14  $12    1.000     6.1903  25670.51   0.6    912.50   1.8  07.06.2026  10:47:52
  2   4   5   7  $12    1.000     8.6916    102.40   0.1    177.75   0.6  07.06.2026  10:47:54
  2   4   6   8  $12    1.000     3.7355    140.83   0.2    786.03   0.5  07.06.2026  10:47:56
  2   4   9  11  $12    1.000   -16.1265   3989.71   0.2   -462.00   0.4  07.06.2026  10:47:58
  2   4  10  12  $12    0.100    -9.5287  35922.46   0.1   -545.72   0.0  07.06.2026  10:48:03
  2   4  13  15  $12    0.100     0.7029   7105.18   0.9   3294.74   0.8  07.06.2026  10:48:06
  2   4  14  16  $12    1.000    16.9821  22407.39   0.0    304.11   0.3  07.06.2026  10:48:10
  2   6   1   5  $12    0.010    19.3049   8270.20   0.0      7.12   2.3  07.06.2026  10:48:17
  2   6  14  10  $12    0.010     4.4341  33432.44   0.3     34.79  13.8  07.06.2026  10:48:19
  2   7   1   6  $12    0.001     3.3515  13300.02   0.0      5.88   3.1  07.06.2026  10:48:24
  2   8   1   7  $12    0.001     3.6833  13965.64   0.0     28.61   7.3  07.06.2026  10:48:26
  2  10   1   9  $12    0.001    37.1540 133700.66   0.0      3.59   4.3  07.06.2026  10:48:29
  2  11   1  10  $12    0.001    12.4159  43950.06   0.2     15.84  12.7  07.06.2026  10:48:31
  2  14   1  13  $12    0.001    16.1389  55346.14   0.1     25.43  12.0  07.06.2026  10:48:33
  2  14   6  10  $12    0.010    14.1808  35640.30   0.0     80.49   0.7  07.06.2026  10:48:37
  2  15   1  14  $12    0.001     4.7885  16305.15   0.0     12.73   3.4  07.06.2026  10:48:42
  2  16   1  15  $12    0.010     7.5414   2552.44   0.0     15.18   0.5  07.06.2026  10:48:45
  3   4   5   6  $12    1.000    -6.6326    125.02   0.0   -659.13   0.1  07.06.2026  10:48:51
  3   4   9  10  $12    0.100     4.5238  29845.16   0.0   -550.63   0.3  07.06.2026  10:48:56
  3   4  13  14  $12    1.000    -4.5197  14056.92   0.2  -2502.64   0.2  07.06.2026  10:49:00
  3   7   1   5  $12    0.010     5.6253  10603.50   0.0     46.51   1.1  07.06.2026  10:49:08
  3   7  15  11  $12    0.010     3.9651  29895.88   0.0     18.53   1.0  07.06.2026  10:49:10
  3   8   1   6  $12    0.010     7.3831   8856.14   0.0      2.33   3.5  07.06.2026  10:49:12
  3  11   1   9  $12    0.001    10.1825  87243.45   0.0     35.08   0.7  07.06.2026  10:49:17
  3  12   1  10  $12    0.010    14.3516  11768.45   0.0    157.22   1.5  07.06.2026  10:49:21
  3  12   1  11  $12    0.010    11.8812   5813.57   0.0    153.07   0.0  07.06.2026  10:49:23
  3  15   1  13  $12    0.001     2.3746  18007.08   0.1     29.12  15.2  07.06.2026  10:49:28
  3  15   7  11  $12    0.100    14.2086   3571.02   0.0     -7.95   2.0  07.06.2026  10:49:34
  3  16   1  14  $12    0.010     4.9942   3724.91   0.0     31.78   1.5  07.06.2026  10:49:39
  3   4   1   2  $12    0.100    -9.5241   1795.25   0.0     32.25   0.2  07.06.2026  10:49:42
  4   8   1   5  $12    0.010     3.3968   4481.94   0.2      0.41  77.4  07.06.2026  10:49:47
  4   8  16  12  $12    0.010     2.0894  15753.74   0.0     47.23   0.4  07.06.2026  10:49:49
  4  12   1   9  $12    0.010    12.9470  21649.17   0.0    146.20   0.5  07.06.2026  10:49:51
  4  16   1  13  $12    0.010     3.0006   3856.36   0.4     51.22   8.3  07.06.2026  10:49:53
  4  16   8  12  $12    0.100     5.9766   1502.09   0.0      0.12 226.8  07.06.2026  10:49:57
  5   1   6   2  $12    0.010    19.8166   8489.43   0.0     16.78   0.6  07.06.2026  10:50:02
  5   1   7   3  $12    0.010     5.6138  10581.73   0.2     36.75  12.7  07.06.2026  10:50:04
  5   1   8   4  $12    0.010     3.3702   4446.88   0.2     13.31   3.0  07.06.2026  10:50:06
  5   1   9  13  $12    0.010     5.2784  39798.44   0.0    -66.59   2.4  07.06.2026  10:50:08
  5   2   6   3  $12    0.010    18.6814   9390.32   0.0     21.62   1.0  07.06.2026  10:50:10
  5   2   7   4  $12    0.010     5.9082  18561.24   0.0     47.88   1.4  07.06.2026  10:50:12
  5   3   6   4  $12    0.010    19.4329  18315.05   0.0     28.48   1.2  07.06.2026  10:50:14
  5   6   1   2  $12    0.100     1.8091   3410.05   0.0   -399.54   0.3  07.06.2026  10:50:22
  5   6   2   3  $12    0.100    -0.2840    214.14   1.7  -1547.67   3.0  07.06.2026  10:50:27
  5   6   3   4  $12    0.100    -1.2713    239.64   0.4   -406.45   3.8  07.06.2026  10:50:33
  5   6   7   8  $12    0.010   -21.9666  41406.00   0.0     -7.70   1.6  07.06.2026  10:50:38
  5   6   9  10  $12    0.010     2.5189  47479.53   0.5   -492.04   3.3  07.06.2026  10:50:40
  5   6  10  11  $12    0.010    -3.0322 114312.09   0.2   -547.96   0.1  07.06.2026  10:50:42
  5   6  11  12  $12    0.100    -3.6619  24158.49   0.0   -321.94   0.1  07.06.2026  10:50:46
  5   6  13  14  $12    0.100   -11.7777 186483.44   0.0   -547.79   0.3  07.06.2026  10:50:48
  5   6  14  15  $12    0.100    -2.3868  53987.98   0.1   -522.30   0.4  07.06.2026  10:50:50
  5   6  15  16  $12    0.100    -1.4182  44109.10   0.0   -592.53   0.2  07.06.2026  10:50:55
  5   7   1   3  $12    0.100     2.1305    803.20   0.0    -65.92   1.7  07.06.2026  10:50:57
  5   7   2   4  $12    0.100     0.4737     55.80   0.7    878.76   3.2  07.06.2026  10:51:03
  5   7   9  11  $12    0.100     0.9223    347.71   0.9   1816.08   0.7  07.06.2026  10:51:08
  5   7  10  12  $12    0.100   -16.0030  13197.17   0.1   -348.65   0.3  07.06.2026  10:51:10
  5   7  13  15  $12    0.100    -4.9782  18767.55   0.3   -422.82   0.0  07.06.2026  10:51:12
  5   7  14  16  $12    0.100    -1.3805   7513.77   0.7   -383.31   1.2  07.06.2026  10:51:18
  5   8   1   4  $12    0.100     1.9437    189.98   0.1    150.52   0.1  07.06.2026  10:51:22
  5   8   6   7  $12    0.001     3.2175  20215.87   0.1    -35.23   5.5  07.06.2026  10:51:30
  5   8   9  12  $12    0.100    -8.4606    826.93   0.1   -898.24   0.1  07.06.2026  10:51:35
  5   8  13  16  $12    0.100   -20.0526  30798.62   0.0   -548.52   0.3  07.06.2026  10:51:37
  5   9   1  13  $12    0.001     4.4750 112470.15   0.0     17.76  10.1  07.06.2026  10:51:45
  5   9   6  10  $12    0.001    37.8738 162250.83   0.1     -3.48   3.6  07.06.2026  10:51:48
  5   9   7  11  $12    0.001    10.5946 199703.27   0.0     16.28   8.4  07.06.2026  10:51:50
  5   9   8  12  $12    0.010    12.0262  15868.15   0.0    280.30   0.0  07.06.2026  10:51:54
  5  10   6  11  $12    0.001    12.7660  50659.58   0.0     26.04   0.1  07.06.2026  10:51:59
  5  10   7  12  $12    0.010    17.1059  20518.80   0.0    113.38   0.1  07.06.2026  10:52:02
  5  11   6  12  $12    0.010    21.6907   8224.20   0.0    133.75   0.2  07.06.2026  10:52:04
  5  13   6  14  $12    0.001    17.4187  62682.10   0.0    -22.55   0.4  07.06.2026  10:52:09
  5  13   7  15  $12    0.001     3.1278  26799.28   0.0    -54.70   2.5  07.06.2026  10:52:11
  5  13   8  16  $12    0.010     4.8946   8184.40   0.0     59.74   0.3  07.06.2026  10:52:16
  5  14   6  15  $12    0.001     6.2129  21992.67   0.0    -12.25   1.1  07.06.2026  10:52:21
  5  14   7  16  $12    0.010     8.4424   6922.83   0.0     71.59   0.2  07.06.2026  10:52:24
  5  15   7  16  $12    0.010     7.5217   3680.44   0.0     71.61   0.1  07.06.2026  10:52:26
  6   2   5   1  $12    0.010    18.1009   7754.42   0.0     10.51   2.9  07.06.2026  10:52:28
  6   2  10  14  $12    0.010     4.6849  35323.66   0.5      8.11  90.9  07.06.2026  10:52:30
  6   3   5   2  $12    0.010    16.9311   8510.51   0.0     12.35   1.9  07.06.2026  10:52:32
  6   4   5   3  $12    0.010    17.5000  16493.35   0.0     18.27   9.8  07.06.2026  10:52:35
  6   7   1   2  $12    1.000   -18.5336   6987.02   0.8  -1103.73   0.4  07.06.2026  10:52:41
  6   7   5   8  $12    0.001     3.1029  19496.11   0.0    -30.54   3.7  07.06.2026  10:52:52
  6   7   9  10  $12    0.100   -17.2390  12997.89   0.1   -602.37   0.4  07.06.2026  10:52:59
  6   7  13  14  $12    0.100     9.5021 100301.71   0.1   -564.33   0.2  07.06.2026  10:53:01
  6   8   1   3  $12    0.100     2.0682   1705.61   0.3    -84.17   2.3  07.06.2026  10:53:03
  6   8   2   4  $12    1.000     5.7508    216.80   0.8    531.60   2.6  07.06.2026  10:53:07
  6   8   9  11  $12    1.000    22.0195    259.41   0.3    390.80   0.6  07.06.2026  10:53:09
  6   8  10  12  $12    0.100    -5.4705   2062.34   0.0   -864.74   0.2  07.06.2026  10:53:14
  6   8  13  15  $12    0.100    -3.6344   8991.56   0.2   -519.70   0.0  07.06.2026  10:53:16
  6   8  14  16  $12    1.000    -8.7903   3313.88   0.0   -484.33   0.5  07.06.2026  10:53:20
  6  10   2  14  $12    0.010    14.6389  36791.63   0.0     53.17   0.6  07.06.2026  10:53:28
  6  10   5   9  $12    0.001    38.2309 163780.98   0.0    -13.39   0.3  07.06.2026  10:53:34
  6  11   5  10  $12    0.001    12.5968  49988.39   0.1     30.34   3.3  07.06.2026  10:53:36
  6  12   5  11  $12    0.001     2.1317   8082.50   0.7     38.30  31.2  07.06.2026  10:53:38
  6  14   5  13  $12    0.001    17.0599  61391.00   0.0     23.02   1.2  07.06.2026  10:53:40
  6  15   5  14  $12    0.001     5.8080  20559.25   0.0     17.85   2.9  07.06.2026  10:53:42
  7   3   5   1  $12    0.010     5.2509   9897.66   0.0     68.11   1.8  07.06.2026  10:53:46
  7   3  11  15  $12    0.010     3.9728  29953.87   0.4     43.81   1.7  07.06.2026  10:53:48
  7   4   5   2  $12    0.010     5.4621  17159.74   0.1     71.26   1.2  07.06.2026  10:53:50
  7   8   1   2  $12    0.100     2.1691  14310.27   0.1   -421.46   0.1  07.06.2026  10:53:54
  7   8   9  10  $12    0.010     2.3540   4437.17   0.4   -565.26   1.1  07.06.2026  10:53:59
  7   8  13  14  $12    0.100   -12.0866  79739.45   0.0   -574.48   0.3  07.06.2026  10:54:03
  7  11   3  15  $12    0.100    13.1649   3308.69   0.0     -7.90   1.4  07.06.2026  10:54:05
  7  11   5   9  $12    0.001     9.8889 186401.66   0.0     28.52   0.1  07.06.2026  10:54:13
  7  12   5  10  $12    0.010    13.1449  15767.56   0.0     61.14   1.0  07.06.2026  10:54:17
  7  15   5  13  $12    0.001     2.9976  25683.20   0.1    -21.47   4.2  07.06.2026  10:54:22
  7  16   5  14  $12    0.010     8.1647   6695.14   0.0     56.59   0.2  07.06.2026  10:54:26
  7  16   5  15  $12    0.010     7.4948   3667.27   0.0     63.65   0.3  07.06.2026  10:54:28
  8   4   5   1  $12    0.010     3.3064   4362.65   0.0     -1.17 110.6  07.06.2026  10:54:30
  8   4  12  16  $12    0.010     2.1771  16415.12   0.2     54.59  13.6  07.06.2026  10:54:32
  7   8   5   6  $12    0.010   -21.9978  41464.82   0.0     18.94   2.3  07.06.2026  10:54:34
  8  12   4  16  $12    0.100     5.9352   1491.68   0.0     -2.97   8.6  07.06.2026  10:54:37
  8  12   5   9  $12    0.010     8.2704  10912.58   0.2    207.82   0.1  07.06.2026  10:54:42
  8  16   5  13  $12    0.010     4.6528   7780.21   0.1     38.87  11.3  07.06.2026  10:54:44
  9   1  10   2  $12    0.001    36.8462 132593.01   0.0     23.23   2.4  07.06.2026  10:54:50
  9   1  11   3  $12    0.001    10.7179  91830.95   0.2     39.01   6.7  07.06.2026  10:54:52
  9   1  12   4  $12    0.010    13.8707  23193.73   0.0    208.19   0.0  07.06.2026  10:54:56
  9   2  10   3  $12    0.001    36.7429 135139.06   0.0     24.17   1.2  07.06.2026  10:55:01
  9   2  11   4  $12    0.001    10.6141  96808.86   0.1     62.10   2.4  07.06.2026  10:55:03
  9   3  11   4  $12    0.001    11.0300  58981.85   0.0     40.10   0.6  07.06.2026  10:55:05
  9   5  10   6  $12    0.001    38.0877 163167.32   0.0     -3.52   4.3  07.06.2026  10:55:08
  9   5  11   7  $12    0.001    10.4890 197713.65   0.2     37.08   2.3  07.06.2026  10:55:10
  9   5  12   8  $12    0.010    10.6893  14104.18   0.0    276.38   0.0  07.06.2026  10:55:13
  9   5  13   1  $12    0.001     4.4880 112794.87   0.2     25.35  21.6  07.06.2026  10:55:18
  9   6  10   7  $12    0.001    38.6538 194295.32   0.0     19.35   0.1  07.06.2026  10:55:21
  9   6  11   8  $12    0.001    10.5707 332088.86   0.1     38.99   1.4  07.06.2026  10:55:23
  9   7  10   8  $12    0.001    38.3724 361651.72   0.0     16.83   3.8  07.06.2026  10:55:25
  9  10   1   2  $12    0.100    -4.6148  73069.20   0.0   -315.71   0.2  07.06.2026  10:55:31
  9  10   2   3  $12    0.100     1.6263  17166.99   0.5   -627.78   0.2  07.06.2026  10:55:36
  9  10   3   4  $12    0.100     3.1103  20519.65   0.5   -371.34   0.1  07.06.2026  10:55:38
  9  10   5   6  $12    0.100    11.3669  21426.11   0.0   -395.49   0.2  07.06.2026  10:55:40
  9  10   6   7  $12    0.100    -4.1388   3120.59   0.5   -724.75   0.4  07.06.2026  10:55:42
  9  10   7   8  $12    0.100     9.6674   1822.26   0.1   -548.97   0.2  07.06.2026  10:55:44
  9  10  12  11  $12    0.010    10.8307  20415.36   0.0     54.85   0.1  07.06.2026  10:55:49
  9  10  13  14  $12    0.010     8.6643 163318.65   0.1   -309.55   0.2  07.06.2026  10:55:51
  9  10  14  15  $12    0.010     2.4690  93080.24   0.0   -234.54   0.7  07.06.2026  10:55:53
  9  10  15  16  $12    0.100     8.8979  58702.69   0.0   -317.81   0.0  07.06.2026  10:55:57
  9  11   1   3  $12    0.100     1.8389   6932.65   0.1   -506.97   0.3  07.06.2026  10:56:02
  9  11   2   4  $12    0.100    -3.4729   8591.91   0.0   -517.14   0.2  07.06.2026  10:56:04
  9  11   5   7  $12    0.100     0.5857    220.79   0.2   2415.94   0.6  07.06.2026  10:56:10
  9  11   6   8  $12    0.100     3.0673    361.36   0.1    583.11   0.4  07.06.2026  10:56:12
  9  11  13  15  $12    0.001     2.7807 104829.94   0.1    100.69   3.1  07.06.2026  10:56:19
  9  11  14  16  $12    0.010    11.7511  96907.90   0.0     24.97   0.5  07.06.2026  10:56:23
  9  12   1   4  $12    0.100    -0.3048    468.18   0.4  -1455.30   0.5  07.06.2026  10:56:30
  9  12   5   8  $12    0.100    -6.0582    592.12   0.2   -952.91   0.5  07.06.2026  10:56:32
  9  12  10  11  $12    0.001    25.5185 160337.21   0.0     15.65  11.1  07.06.2026  10:56:40
  9  12  13  16  $12    0.001     3.9608  38711.93   0.6     21.63  42.9  07.06.2026  10:56:42
  9  13   5   1  $12    0.010     5.2256  39400.24   0.1    -97.20   0.6  07.06.2026  10:56:46
  9  13  10  14  $12    0.001    47.9985 205625.03   0.0    -20.42   1.1  07.06.2026  10:56:52
  9  13  11  15  $12    0.001    11.6336 219288.19   0.2      9.97   3.1  07.06.2026  10:56:54
  9  13  12  16  $12    0.010     9.3440  12329.09   0.0    173.48   0.1  07.06.2026  10:56:58
  9  14  10  15  $12    0.001    39.7838 157875.25   0.0     -3.31   8.9  07.06.2026  10:57:03
  9  14  11  16  $12    0.001    10.4827 125741.35   0.0     21.34  10.9  07.06.2026  10:57:05
  9  15  10  16  $12    0.001    36.4995 138390.78   0.0     11.42   3.3  07.06.2026  10:57:08
 10   2   9   1  $12    0.001    37.5044 134961.48   0.0     -7.66   1.4  07.06.2026  10:57:10
 10   3   9   2  $12    0.001    37.6344 138417.81   0.0    -15.44   0.5  07.06.2026  10:57:13
 10   6   9   5  $12    0.001    38.2053 163671.23   0.0    -19.82   0.2  07.06.2026  10:57:15
 10   6  14   2  $12    0.010    14.4334  36275.18   0.0     57.77   0.2  07.06.2026  10:57:19
 10   7   9   6  $12    0.001    39.0146 196108.82   0.0     -2.76   1.8  07.06.2026  10:57:24
 10   8   9   7  $12    0.001    39.2068 369515.00   0.0    -14.00   0.7  07.06.2026  10:57:27
 10  11   1   2  $12    0.100     6.5550 148270.57   0.9   -140.03   7.0  07.06.2026  10:57:32
 10  11   5   6  $12    0.100    -2.3725   8944.07   0.5   1605.09   2.0  07.06.2026  10:57:34
 10  11   9  12  $12    0.001    26.1809 164499.69   0.0    -19.77   0.5  07.06.2026  10:57:43
 10  11  13  14  $12    0.010     9.3947  70834.17   0.0    421.20   0.1  07.06.2026  10:57:47
 10  12   1   3  $12    0.100     6.1627  33542.14   0.0   -191.47   0.6  07.06.2026  10:57:50
 10  12   2   4  $12    0.100    -4.4616  16819.72   0.0   -537.83   0.0  07.06.2026  10:57:52
 10  12   5   7  $12    0.100   -12.2862  10132.03   0.0   -102.81   0.8  07.06.2026  10:57:54
 10  12   6   8  $12    0.100     0.9601    361.95   0.8   2802.79   1.2  07.06.2026  10:57:57
 10  12  13  15  $12    0.001     2.4304  28632.17   0.5    343.95   2.1  07.06.2026  10:58:04
 10  12  14  16  $12    0.010    12.0810  45544.38   0.0    112.39   0.1  07.06.2026  10:58:08
 10  14   6   2  $12    0.010     5.1562  38877.05   0.0     -2.81   2.6  07.06.2026  10:58:10
 10  14   9  13  $12    0.001    48.9666 209772.64   0.0    -34.57   0.3  07.06.2026  10:58:16
 10  15   9  14  $12    0.001    40.0733 159023.95   0.0    -15.28   0.4  07.06.2026  10:58:18
 10  16   9  15  $12    0.001    37.0925 140638.92   0.0     -7.69   0.7  07.06.2026  10:58:21
 11   3   9   1  $12    0.001    10.9081  93460.76   0.0     45.97   2.0  07.06.2026  10:58:23
 11   4   9   2  $12    0.001    10.8650  99096.62   0.0     47.76   0.3  07.06.2026  10:58:25
 11   4   9   3  $12    0.001    11.1140  59431.02   0.0     46.84   0.1  07.06.2026  10:58:27
 11   7   9   5  $12    0.001    10.4461 196903.62   0.1     53.68   2.4  07.06.2026  10:58:29
 11   7  15   3  $12    0.100    13.3704   3360.35   0.0      3.62   2.7  07.06.2026  10:58:34
 11   8   9   6  $12    0.001    10.5162 330376.69   0.0     45.74   0.3  07.06.2026  10:58:42
 11  12   1   2  $12    1.000     3.5690  11100.28   0.4   -384.31   0.7  07.06.2026  10:58:49
 11  12   5   6  $12    0.100    -4.5944  30310.76   0.1      7.61  15.9  07.06.2026  10:58:54
 11  12  13  14  $12    0.010     5.2491   9894.28   0.0     35.29   2.6  07.06.2026  10:58:59
 11  15   7   3  $12    0.010     3.6224  27312.47   0.3      8.23   7.5  07.06.2026  10:59:01
 11  15   9  13  $12    0.001    10.4661 197281.28   0.0     25.18   1.8  07.06.2026  10:59:06
 11  16   9  14  $12    0.001     9.5921 115058.68   0.0     24.35   1.2  07.06.2026  10:59:08
 12   4   9   1  $12    0.010    10.0518  16807.98   0.2    133.44   0.5  07.06.2026  10:59:12
 12   8   9   5  $12    0.010     7.2676   9589.34   0.0    184.41   0.2  07.06.2026  10:59:14
 12   8  16   4  $12    0.100     5.9606   1498.05   0.0     -1.47   2.9  07.06.2026  10:59:18
 12  11   9  10  $12    0.010     9.4630  17837.27   0.1     68.29   0.4  07.06.2026  10:59:23
 12  16   8   4  $12    0.100    17.0150  12828.97   0.0     16.06   0.2  07.06.2026  10:59:27
 12  16   9  13  $12    0.010     9.3173  12293.87   0.2    165.31   0.6  07.06.2026  10:59:32
 13   1   9   5  $12    0.001     4.3913 110365.90   0.0     19.76   0.8  07.06.2026  10:59:36
 13   1  14   2  $12    0.001    16.1356  55335.00   0.0     13.74   4.9  07.06.2026  10:59:38
 13   1  15   3  $12    0.001     2.5534  19362.95   0.1     18.13  27.1  07.06.2026  10:59:40
 13   1  16   4  $12    0.010     3.0419   3909.43   0.0     94.49   0.1  07.06.2026  10:59:44
 13   2  14   3  $12    0.001    15.9130  55037.23   0.0     17.54   0.7  07.06.2026  10:59:49
 13   2  15   4  $12    0.001     2.5554  19774.02   0.0     30.45   0.4  07.06.2026  10:59:51
 13   3  14   4  $12    0.001    15.9781  55836.69   0.0     21.71   0.5  07.06.2026  10:59:53
 13   5  14   6  $12    0.001    17.4336  62735.76   0.0     -0.37  41.7  07.06.2026  10:59:55
 13   5  15   7  $12    0.001     3.0621  26236.08   0.0    -11.19   2.0  07.06.2026  10:59:57
 13   5  16   8  $12    0.010     4.8803   8160.55   0.0     60.51   0.1  07.06.2026  11:00:01
 13   6  14   7  $12    0.001    18.8195  69217.39   0.0     17.99   0.6  07.06.2026  11:00:06
 13   6  15   8  $12    0.001     3.0613  27921.27   0.0     28.72   3.3  07.06.2026  11:00:08
 13   7  15   8  $12    0.001     5.1527  27553.27   0.0     16.24   4.0  07.06.2026  11:00:10
 13   9   1   5  $12    0.010     5.3319  40201.46   0.0    -95.81   0.9  07.06.2026  11:00:14
 13   9  14  10  $12    0.001    46.2353 198071.36   0.0     32.70   1.0  07.06.2026  11:00:19
 13   9  15  11  $12    0.001    11.2958 212921.52   0.1     22.27   7.8  07.06.2026  11:00:21
 13   9  16  12  $12    0.010    10.0084  13205.75   0.0    212.75   0.0  07.06.2026  11:00:25
 13  10  14  11  $12    0.001    25.0823 126077.51   0.0     -0.73  18.7  07.06.2026  11:00:30
 13  10  15  12  $12    0.001     3.2814 103086.82   0.0     46.85   0.7  07.06.2026  11:00:32
 13  11  14  12  $12    0.001    15.8944 149801.65   0.0     28.70   0.1  07.06.2026  11:00:35
 13  14   1   2  $12    0.100     2.4233 130641.19   0.0   -837.52   0.1  07.06.2026  11:00:40
 13  14   2   3  $12    0.100     2.5525 105849.85   0.1    426.87   0.3  07.06.2026  11:00:42
 13  14   3   4  $12    0.100    -0.9758  30349.57   0.1  -1517.77   0.3  07.06.2026  11:00:47
 13  14   5   6  $12    0.100   -10.6085 167970.75   0.0   -485.27   0.0  07.06.2026  11:00:49
 13  14   6   7  $12    0.100     6.3115  66622.77   0.1   -524.65   0.2  07.06.2026  11:00:51
 13  14   7   8  $12    0.100    -9.3365  61595.94   0.0   -544.65   0.1  07.06.2026  11:00:53
 13  14   9  10  $12    0.010     9.7105 183039.47   0.4   -322.54   0.2  07.06.2026  11:00:58
 13  14  10  11  $12    0.010     9.7143  73244.31   0.3    426.73   0.6  07.06.2026  11:01:00
 13  14  11  12  $12    0.010     5.8816  11086.60   0.1     75.60   1.3  07.06.2026  11:01:02
 13  14  16  15  $12    0.010    19.0455  35899.98   0.0     -6.35   1.2  07.06.2026  11:01:04
 13  15   1   3  $12    0.100     4.3479  57369.27   0.0   -248.60   0.1  07.06.2026  11:01:08
 13  15   2   4  $12    0.100     4.4861  45345.52   0.0    591.41   0.0  07.06.2026  11:01:10
 13  15   5   7  $12    0.100    -5.5386  20880.18   0.0   -378.00   0.1  07.06.2026  11:01:12
 13  15   6   8  $12    0.100    -3.7083   9174.43   0.0   -550.08   0.2  07.06.2026  11:01:14
 13  15   9  11  $12    0.001     2.9462 111070.39   0.1     51.85   2.8  07.06.2026  11:01:22
 13  15  10  12  $12    0.001     2.4451  28805.62   0.2    327.68   0.7  07.06.2026  11:01:24
 13  16   1   4  $12    0.100     5.3949  30507.34   0.0     50.44   0.7  07.06.2026  11:01:30
 13  16   5   8  $12    0.100   -15.4101  23668.16   0.0   -487.24   0.0  07.06.2026  11:01:32
 13  16   9  12  $12    0.001     4.1492  40553.60   0.0     50.95   0.7  07.06.2026  11:01:39
 13  16  14  15  $12    0.001    13.8429  86977.33   0.0      2.90   5.0  07.06.2026  11:01:41
 14   2  10   6  $12    0.010    14.7155  36984.17   0.3     67.06   4.1  07.06.2026  11:01:46
 14   2  13   1  $12    0.001    16.8533  57796.38   0.1     12.80   3.4  07.06.2026  11:01:51
 14   3  13   2  $12    0.001    16.7031  57769.86   0.0     13.83   1.5  07.06.2026  11:01:53
 14   4  13   3  $12    0.001    16.7771  58628.77   0.0     13.21   5.0  07.06.2026  11:01:55
 14   6  13   5  $12    0.001    18.0611  64993.66   0.0     10.62   2.3  07.06.2026  11:01:57
 14   7  13   6  $12    0.001    19.7927  72796.65   0.0      9.99   9.2  07.06.2026  11:01:59
 14  10   2   6  $12    0.010     5.5109  41551.16   0.0    -17.58   1.3  07.06.2026  11:02:03
 14  10  13   9  $12    0.001    48.6816 208551.47   0.0    -15.66   1.8  07.06.2026  11:02:08
 14  11  13  10  $12    0.001    25.6061 128710.32   0.0     21.26   1.1  07.06.2026  11:02:10
 14  12  13  11  $12    0.001    16.7696 158049.50   0.0     27.23   2.2  07.06.2026  11:02:13
 14  15   1   2  $12    1.000   -19.3218 132571.72   0.3    232.60   1.9  07.06.2026  11:02:20
 14  15   5   6  $12    1.000   -14.1282  31957.26   0.5   -393.75   1.3  07.06.2026  11:02:22
 14  15   9  10  $12    0.010     2.4669  92999.26   0.1   -263.88   0.5  07.06.2026  11:02:30
 14  15  13  16  $12    0.001    13.5028  84840.82   0.0     14.66   9.7  07.06.2026  11:02:34
 14  16   1   3  $12    1.000    -2.0491   3452.08   0.9    780.23   0.7  07.06.2026  11:02:42
 14  16   2   4  $12    0.100     3.0798  40637.09   0.1    325.92   0.3  07.06.2026  11:02:46
 14  16   5   7  $12    1.000    -7.1093   3869.44   0.0   -150.34   1.0  07.06.2026  11:02:50
 14  16   6   8  $12    1.000    -4.9422   1863.18   0.0   -645.02   0.0  07.06.2026  11:02:52
 14  16   9  11  $12    0.010    11.7058  96533.81   0.0     25.65   0.5  07.06.2026  11:03:00
 14  16  10  12  $12    0.010    11.8107  44525.30   0.0    143.35   0.5  07.06.2026  11:03:02
 15   3  11   7  $12    0.100    15.3117   3848.25   0.0      7.32   2.4  07.06.2026  11:03:06
 15   3  13   1  $12    0.001     3.0892  23425.53   0.2     15.96  16.0  07.06.2026  11:03:14
 15   4  13   2  $12    0.001     3.0833  23859.52   0.1     19.75   7.6  07.06.2026  11:03:16
 15   7  13   5  $12    0.001     3.5337  30276.72   0.1     15.31  11.1  07.06.2026  11:03:18
 15   8  13   6  $12    0.001     3.5647  32512.76   0.1     11.27  15.2  07.06.2026  11:03:20
 15   8  13   7  $12    0.001     5.6850  30400.08   0.0     17.68   7.7  07.06.2026  11:03:22
 15  11   3   7  $12    0.010     3.9652  29896.67   0.0     23.04   2.1  07.06.2026  11:03:26
 15  11  13   9  $12    0.001    11.7857 222155.20   0.0     40.06   1.8  07.06.2026  11:03:31
 15  12  13  10  $12    0.001     3.7692 118411.43   0.1     65.93   1.2  07.06.2026  11:03:33
 15  16   1   2  $12    1.000    -2.6923  23090.96   1.5    792.48   1.5  07.06.2026  11:03:44
 15  16   5   6  $12    1.000   -10.2417  31853.61   0.2   -466.73   0.3  07.06.2026  11:03:46
 15  16   9  10  $12    0.100    11.7918  77794.76   0.4   -359.52   0.9  07.06.2026  11:03:51
 16   4  12   8  $12    0.100     6.0446   1519.17   0.0      1.90  39.8  07.06.2026  11:03:53
 16   4  13   1  $12    0.010     3.3517   4307.63   0.0     49.91   3.3  07.06.2026  11:03:58
 16   8  13   5  $12    0.010     5.1347   8585.94   0.0     29.70   4.2  07.06.2026  11:04:00
 16  12   4   8  $12    0.100    17.1473  12928.77   0.0     14.80   1.3  07.06.2026  11:04:04
 16  12  13   9  $12    0.010     9.3368  12319.60   0.2    153.14   0.7  07.06.2026  11:04:09
 16  15  13  14  $12    0.010    21.9724  41416.98   0.0     -7.71   2.0  07.06.2026  11:04:11
