//C:\Users\user\Desktop\GeoTom\GeoTomE724.ini
//- Cable direction:
//  cable I: normal
//  cable II: normal
//  cable III: normal
//  cable IV: normal
//- Cable arrangement: sequential
//- Optimization: Last measurement
//- Sorting: Multi-level
//- Current levels: 0.001 mA .. 10.0 mA
Type:         Flow
Name:         Hyprop
Comment:      Example of a measurements sequence
Comment:      
Comment:      
Spacing:      1.00000
First El:     0.00000
Nr of points: 312
IP present:   1

  1   2   4   3  $12    0.100     6.2198   1172.40   0.4     31.88   5.6  06.06.2026  06:45:03
  1   2   5   6  $12    1.000     4.0752    768.16   0.3   -193.56   0.7  06.06.2026  06:45:07
  1   2   6   7  $12    1.000     4.9693   1873.38   0.0    166.13   0.0  06.06.2026  06:45:09
  1   2   7   8  $12    1.000     2.7598   1820.76   0.0   -408.24   0.1  06.06.2026  06:45:11
  1   2   9  10  $12    1.000    -5.7946   9174.96   0.0   -600.47   0.2  06.06.2026  06:45:13
  1   2  10  11  $12    1.000    10.1632  22988.68   0.0   -619.82   0.1  06.06.2026  06:45:15
  1   2  11  12  $12   10.000    10.3511   3219.37   0.5   -107.74   9.6  06.06.2026  06:45:19
  1   2  13  14  $12    1.000     6.8592  36977.63   0.0     10.80   1.4  06.06.2026  06:45:24
  1   2  14  15  $12    1.000     2.1774  14939.34   0.5   -163.11   1.6  06.06.2026  06:45:26
  1   2  15  16  $12    1.000     2.4055  20630.50   0.0    -15.47  11.1  06.06.2026  06:45:29
  1   3   5   7  $12    1.000    18.0180    679.26   0.0      6.06   2.9  06.06.2026  06:45:31
  1   3   6   8  $12    1.000    15.6500   1290.61   0.0     -0.68  16.5  06.06.2026  06:45:33
  1   3   9  11  $12   10.000    -5.9002    222.43   0.5    228.09   1.5  06.06.2026  06:45:36
  1   3  10  12  $12   10.000    18.1447    987.58   0.2   -162.22   0.1  06.06.2026  06:45:38
  1   3  13  15  $12    1.000    22.8778  30186.52   0.0    -31.21   0.4  06.06.2026  06:45:43
  1   3  14  16  $12    1.000    12.7107  21413.49   0.0    -21.01   2.7  06.06.2026  06:45:45
  1   4   2   3  $12    0.010     3.6871   2316.65   0.0     -2.82  23.5  06.06.2026  06:45:53
  1   4   5   8  $12    0.100     2.3675    231.39   0.0     -7.72   5.6  06.06.2026  06:46:00
  1   4   9  12  $12   10.000     7.5676    116.23   0.1     13.83   2.5  06.06.2026  06:46:05
  1   4  13  16  $12    0.100     3.9954  22593.46   0.0    -31.67   1.3  06.06.2026  06:46:13
  1   5   2   6  $12    0.010    11.2404   4815.38   0.0     22.67   1.7  06.06.2026  06:46:18
  1   5   3   7  $12    0.010     3.7460   7061.01   0.9     12.40  98.1  06.06.2026  06:46:20
  1   5   4   8  $12    0.010     2.6851   3542.94   0.2      2.80  32.1  06.06.2026  06:46:22
  1   5  13   9  $12    0.100    14.7618  11130.16   0.0     89.09   0.5  06.06.2026  06:46:25
  1   6   2   7  $12    0.010    11.9170   4729.04   0.0     10.82   2.4  06.06.2026  06:46:30
  1   6   3   8  $12    0.010     4.4549   5343.72   0.7     15.56  25.8  06.06.2026  06:46:33
  1   7   2   8  $12    0.010    21.5139   8157.15   0.1      0.60 303.7  06.06.2026  06:46:35
  1   9   2  10  $12    0.001    20.1524  72519.58   0.0     22.25   3.0  06.06.2026  06:46:39
  1   9   3  11  $12    0.001     6.0680  51990.75   0.3     46.14  13.0  06.06.2026  06:46:41
  1   9   4  12  $12    0.010     8.0252  13419.23   0.0    159.24   0.0  06.06.2026  06:46:45
  1  10   2  11  $12    0.001     6.2026  21955.98   0.0     47.42   0.7  06.06.2026  06:46:50
  1  10   3  12  $12    0.010     8.5108   6978.95   0.0    150.64   0.1  06.06.2026  06:46:54
  1  11   3  12  $12    0.010     8.2663   4044.79   0.0    110.77   0.1  06.06.2026  06:46:56
  1  13   2  14  $12    0.010    20.4410   7009.98   0.0    174.88   0.9  06.06.2026  06:46:58
  1  13   3  15  $12    0.010     3.8473   2917.49   0.3    129.94   6.7  06.06.2026  06:47:00
  1  13   4  16  $12    0.100    13.9069   1787.31   0.0     32.73   0.1  06.06.2026  06:47:04
  1  13   5   9  $12    0.010     4.1977  10549.95   0.9    166.08   2.0  06.06.2026  06:47:09
  1  14   2  15  $12    0.010    15.9770   5440.31   0.2     60.13   1.6  06.06.2026  06:47:11
  1  14   3  16  $12    0.010     3.8684   2885.20   0.4     47.46   5.5  06.06.2026  06:47:13
  1  15   2  16  $12    0.010     6.1061   2066.65   0.2      9.96  19.2  06.06.2026  06:47:15
  2   3   1   4  $12    0.010     3.6424   2288.58   0.1     -0.98  94.4  06.06.2026  06:47:17
  2   3   5   6  $12   10.000    14.3523    108.21   0.1    102.02   0.4  06.06.2026  06:47:24
  2   3   9  10  $12   10.000     5.3555    565.32   0.6   -929.45   1.0  06.06.2026  06:47:26
  2   3  13  14  $12    1.000    11.1863  46388.29   0.0    -35.15   0.3  06.06.2026  06:47:31
  2   4   5   7  $12    1.000    12.8197    151.03   0.0      6.96   4.0  06.06.2026  06:47:33
  2   4   6   8  $12    1.000    11.5330    434.78   0.0     16.07   3.1  06.06.2026  06:47:35
  2   4   9  11  $12    1.000    -3.9114    967.68   0.1   -485.99   0.4  06.06.2026  06:47:37
  2   4  10  12  $12    1.000    -5.0013   1885.44   0.3   -841.43   0.2  06.06.2026  06:47:39
  2   4  13  15  $12    1.000    20.5754  20797.78   0.0    -27.87   0.3  06.06.2026  06:47:41
  2   4  14  16  $12    1.000    12.8792  16993.73   0.0      2.67  29.8  06.06.2026  06:47:43
  2   6   1   5  $12    0.010    11.1253   4766.08   0.0     14.76   0.6  06.06.2026  06:47:50
  2   6  14  10  $12    0.100    11.8111   8905.34   0.0     28.92   3.1  06.06.2026  06:47:54
  2   7   1   6  $12    0.010    11.3058   4486.52   0.0      9.60   2.8  06.06.2026  06:47:59
  2   8   1   7  $12    0.010    21.2698   8064.60   0.0     -0.02 1408.3  06.06.2026  06:48:01
  2  10   1   9  $12    0.001    20.2324  72807.22   0.0     10.33   4.6  06.06.2026  06:48:05
  2  11   1  10  $12    0.001     6.8999  24424.45   0.4    -37.63   4.8  06.06.2026  06:48:07
  2  14   1  13  $12    0.001     4.8840  16749.20   0.6     -6.27  50.2  06.06.2026  06:48:09
  2  14   6  10  $12    0.010     3.4512   8673.72   0.1     56.03   8.6  06.06.2026  06:48:14
  2  15   1  14  $12    0.010    12.5200   4263.17   0.1     19.55   4.9  06.06.2026  06:48:16
  2  16   1  15  $12    0.010     5.9834   2025.12   0.0      0.98 110.2  06.06.2026  06:48:17
  3   4   5   6  $12   10.000     5.6118     10.58   0.1    153.58   0.8  06.06.2026  06:48:25
  3   4   9  10  $12   10.000    -0.0035      0.23 427.9 144699.73 111.2  06.06.2026  06:48:36
  3   4  13  14  $12    1.000     4.7757  14853.18   0.0    -68.73   0.6  06.06.2026  06:48:41
  3   7   1   5  $12    0.010     3.6664   6911.04   0.0     16.50   4.5  06.06.2026  06:48:48
  3   7  15  11  $12    0.100    14.4019  10858.77   0.0     14.39   1.1  06.06.2026  06:48:52
  3   8   1   6  $12    0.010     4.4359   5320.90   0.0      1.28  23.3  06.06.2026  06:48:57
  3  11   1   9  $12    0.001     5.8792  50373.06   0.1     -0.57 231.6  06.06.2026  06:49:02
  3  12   1  10  $12    0.010     7.2505   5945.48   0.0     83.20   1.1  06.06.2026  06:49:05
  3  12   1  11  $12    0.010     7.2771   3560.76   0.0     62.27   0.1  06.06.2026  06:49:07
  3  15   1  13  $12    0.010     4.2186   3199.04   0.0    140.89   0.3  06.06.2026  06:49:09
  3  15   7  11  $12    0.100     6.2059   1559.70   0.0      5.19   7.4  06.06.2026  06:49:13
  3  16   1  14  $12    0.010     3.6315   2708.55   0.0     30.05   1.6  06.06.2026  06:49:18
  3   4   1   2  $12    0.100    -5.4287   1023.28   0.0     15.26   0.9  06.06.2026  06:49:25
  4   8   1   5  $12    0.010     2.7034   3566.99   0.0      2.60  56.5  06.06.2026  06:49:29
  4   8  16  12  $12    0.100    13.9826  10542.61   0.0     14.65   1.1  06.06.2026  06:49:33
  4  12   1   9  $12    0.010     7.0948  11863.52   0.0     74.18   0.7  06.06.2026  06:49:38
  4  16   1  13  $12    0.100    16.2920   2093.85   0.0     71.79   0.3  06.06.2026  06:49:42
  4  16   8  12  $12    0.100     5.2442   1318.00   0.1      4.04  63.3  06.06.2026  06:49:44
  5   1   6   2  $12    0.010    11.1611   4781.40   0.0     21.72   0.9  06.06.2026  06:49:49
  5   1   7   3  $12    0.010     3.6721   6921.74   0.5     20.59  16.6  06.06.2026  06:49:50
  5   1   8   4  $12    0.010     2.6836   3540.86   0.0      0.37  37.8  06.06.2026  06:49:52
  5   1   9  13  $12    0.100    14.9568  11277.16   0.0     85.83   0.4  06.06.2026  06:49:56
  5   2   6   3  $12    0.010     9.9919   5022.47   0.0     25.46   0.3  06.06.2026  06:50:01
  5   2   7   4  $12    0.010     3.5493  11150.45   0.1     15.95   1.4  06.06.2026  06:50:03
  5   3   6   4  $12    0.010    10.5180   9912.96   0.0     26.25   0.7  06.06.2026  06:50:05
  5   6   1   2  $12    1.000     2.5861    487.46   0.4    -72.15   3.1  06.06.2026  06:50:11
  5   6   2   3  $12    1.000     1.2707     95.81   0.8    232.89   9.0  06.06.2026  06:50:16
  5   6   3   4  $12    1.000     1.5763     29.71   0.7   -588.39   2.2  06.06.2026  06:50:21
  5   6   7   8  $12    0.010    -3.7716   7109.37   0.0    -10.60   3.7  06.06.2026  06:50:29
  5   6   9  10  $12    0.100     4.3187   8140.48   0.0   -447.90   0.5  06.06.2026  06:50:33
  5   6  10  11  $12    0.100    -2.6715  10071.36   0.0  -1390.90   0.1  06.06.2026  06:50:35
  5   6  11  12  $12    1.000     4.9595   3271.97   0.1    278.65   0.3  06.06.2026  06:50:39
  5   6  13  14  $12    1.000    21.2617  33665.05   0.0   -325.67   0.0  06.06.2026  06:50:41
  5   6  14  15  $12    1.000     0.3805    860.78   0.9      7.42  44.4  06.06.2026  06:50:46
  5   6  15  16  $12    1.000     1.5949   4960.33   0.4   -460.97   0.5  06.06.2026  06:50:52
  5   7   1   3  $12    1.000    17.9919    678.28   0.1    -14.64   7.7  06.06.2026  06:50:54
  5   7   2   4  $12    1.000    13.9044    163.81   0.1    -32.47   4.6  06.06.2026  06:50:56
  5   7   9  11  $12    0.100     1.7975    677.64   0.5   1102.57   0.6  06.06.2026  06:51:00
  5   7  10  12  $12    0.100    -0.7355    606.51   1.2  -5622.50   0.9  06.06.2026  06:51:07
  5   7  13  15  $12    1.000    22.3000   8406.91   0.2   -251.39   0.2  06.06.2026  06:51:10
  5   7  14  16  $12    1.000     6.9635   3790.11   0.9   -175.22   5.9  06.06.2026  06:51:12
  5   8   1   4  $12    0.100     2.3593    230.59   0.0      2.20  25.2  06.06.2026  06:51:17
  5   8   6   7  $12    0.010    19.8640  12480.93   0.0      2.09   3.2  06.06.2026  06:51:22
  5   8   9  12  $12    0.100     1.4975    146.37   0.2   1821.71   0.3  06.06.2026  06:51:26
  5   8  13  16  $12    0.100     0.4742    728.26   0.3    307.45   7.7  06.06.2026  06:51:31
  5   9   1  13  $12    0.010     7.8940  19839.86   0.0    241.84   0.1  06.06.2026  06:51:36
  5   9   6  10  $12    0.001    20.4871  87766.74   0.0      8.77   2.7  06.06.2026  06:51:41
  5   9   7  11  $12    0.001     6.1134 115235.30   0.0     13.11   1.3  06.06.2026  06:51:43
  5   9   8  12  $12    0.010     6.3784   8416.04   0.0    181.98   0.0  06.06.2026  06:51:46
  5  10   6  11  $12    0.001     6.5278  25904.51   0.0      8.64   1.7  06.06.2026  06:51:51
  5  10   7  12  $12    0.010     7.1499   8576.45   0.0    138.37   0.1  06.06.2026  06:51:55
  5  11   6  12  $12    0.010    11.4861   4355.05   0.0     87.29   0.1  06.06.2026  06:51:57
  5  13   6  14  $12    0.010    22.0533   7936.00   0.1    156.13   0.0  06.06.2026  06:51:59
  5  13   7  15  $12    0.010     4.5684   3914.17   0.1    102.23   1.9  06.06.2026  06:52:01
  5  13   8  16  $12    0.010     2.5304   4231.26   0.0     31.17   4.8  06.06.2026  06:52:03
  5  14   6  15  $12    0.010    18.8470   6671.50   0.0     58.39   0.1  06.06.2026  06:52:05
  5  14   7  16  $12    0.010     4.6642   3824.72   0.0     48.53   1.4  06.06.2026  06:52:07
  5  15   7  16  $12    0.010     4.9009   2398.05   0.0     28.41   0.8  06.06.2026  06:52:09
  6   2   5   1  $12    0.010    10.5916   4537.43   0.4     12.67  12.3  06.06.2026  06:52:11
  6   2  10  14  $12    0.100    12.0506   9085.96   0.1     21.94   0.5  06.06.2026  06:52:15
  6   3   5   2  $12    0.010     9.5532   4801.96   0.0     13.69   1.5  06.06.2026  06:52:20
  6   4   5   3  $12    0.010     9.9137   9343.49   0.1     13.72   7.0  06.06.2026  06:52:22
  6   7   1   2  $12    1.000     5.9347   2237.33   0.0     58.05   0.3  06.06.2026  06:52:27
  6   7   5   8  $12    0.010    19.6259  12331.34   0.0      0.88  29.3  06.06.2026  06:52:35
  6   7   9  10  $12    1.000   -10.7443    810.10   0.2   -558.08   0.3  06.06.2026  06:52:41
  6   7  13  14  $12    1.000     5.4920   5797.26   0.1     62.32   1.9  06.06.2026  06:52:43
  6   8   1   3  $12    1.000    15.8873   1310.18   0.0     -4.28   5.7  06.06.2026  06:52:44
  6   8   2   4  $12    1.000    11.4490    431.62   0.1     19.02   4.3  06.06.2026  06:52:47
  6   8   9  11  $12    1.000    -5.7882     68.19   0.0   -511.70   0.3  06.06.2026  06:52:49
  6   8  10  12  $12    1.000    -3.9899    150.42   0.0  -1570.76   0.3  06.06.2026  06:52:51
  6   8  13  15  $12    1.000     8.2826   2049.12   0.0   -106.41   0.8  06.06.2026  06:52:53
  6   8  14  16  $12    1.000     4.9527   1867.12   0.2     29.78   4.8  06.06.2026  06:52:55
  6  10   2  14  $12    0.010     3.5690   8969.92   0.0     63.23   0.1  06.06.2026  06:53:03
  6  10   5   9  $12    0.001    19.9815  85600.66   0.0     -4.20   2.0  06.06.2026  06:53:07
  6  11   5  10  $12    0.001     6.0403  23969.85   0.2     15.40  12.4  06.06.2026  06:53:10
  6  12   5  11  $12    0.010    11.0673   4196.25   0.0     58.51   0.4  06.06.2026  06:53:15
  6  14   5  13  $12    0.001     3.5820  12889.98   0.0    117.40   0.0  06.06.2026  06:53:20
  6  15   5  14  $12    0.010    18.1078   6409.85   0.0     41.68   0.3  06.06.2026  06:53:23
  7   3   5   1  $12    0.010     3.6251   6833.19   0.2     17.90  33.9  06.06.2026  06:53:25
  7   3  11  15  $12    0.100    14.3435  10814.77   0.0     15.58   0.5  06.06.2026  06:53:29
  7   4   5   2  $12    0.010     3.5211  11061.99   0.0     21.28   3.3  06.06.2026  06:53:34
  7   8   1   2  $12    1.000     0.7908    521.73   0.9   -200.00   1.5  06.06.2026  06:53:43
  7   8   9  10  $12    1.000    11.3585    214.10   0.3   -530.23   0.9  06.06.2026  06:53:45
  7   8  13  14  $12    1.000    11.3294   7474.42   0.3   -338.58   0.4  06.06.2026  06:53:47
  7  11   3  15  $12    0.100     6.1736   1551.58   0.0     27.89   1.6  06.06.2026  06:53:51
  7  11   5   9  $12    0.001     5.3732 101282.08   0.0     14.93   3.8  06.06.2026  06:53:59
  7  12   5  10  $12    0.010     6.2224   7463.83   0.0     85.95   1.7  06.06.2026  06:54:03
  7  15   5  13  $12    0.010     5.5194   4728.99   0.4    150.57   6.5  06.06.2026  06:54:05
  7  16   5  14  $12    0.010     4.6842   3841.11   0.1     50.38   4.8  06.06.2026  06:54:07
  7  16   5  15  $12    0.010     4.9446   2419.44   0.1     34.71   2.8  06.06.2026  06:54:09
  8   4   5   1  $12    0.010     2.6749   3529.50   0.4      2.54 206.4  06.06.2026  06:54:11
  8   4  12  16  $12    0.100    13.9106  10488.35   0.0     14.81   0.5  06.06.2026  06:54:15
  7   8   5   6  $12    0.010    -4.6773   8816.48   0.1     44.96   0.6  06.06.2026  06:54:20
  8  12   4  16  $12    0.100     5.2339   1315.43   0.0      0.40  50.3  06.06.2026  06:54:24
  8  12   5   9  $12    0.010     5.7123   7537.24   0.0     96.14   0.2  06.06.2026  06:54:29
  8  16   5  13  $12    0.010     2.7367   4576.11   0.1     53.30   2.4  06.06.2026  06:54:30
  9   1  10   2  $12    0.001    20.0655  72206.64   0.0     23.74   0.9  06.06.2026  06:54:35
  9   1  11   3  $12    0.001     5.8290  49942.55   0.2     45.19   3.0  06.06.2026  06:54:37
  9   1  12   4  $12    0.010     7.3171  12235.15   0.0    140.35   0.1  06.06.2026  06:54:42
  9   2  10   3  $12    0.001    20.0707  73819.28   0.0     24.36   2.2  06.06.2026  06:54:46
  9   2  11   4  $12    0.001     5.8461  53321.20   0.5     46.67  16.7  06.06.2026  06:54:48
  9   3  11   4  $12    0.001     6.0872  32550.89   0.0     36.63   2.5  06.06.2026  06:54:50
  9   5  10   6  $12    0.001    20.3822  87316.93   0.0     21.39   4.3  06.06.2026  06:54:52
  9   5  11   7  $12    0.001     5.7269 107949.97   0.5     42.81   6.5  06.06.2026  06:54:54
  9   5  12   8  $12    0.010     6.1324   8091.51   0.0    168.20   0.1  06.06.2026  06:54:58
  9   5  13   1  $12    0.010     8.2347  20695.94   0.0    236.41   0.3  06.06.2026  06:55:00
  9   6  10   7  $12    0.001    20.5321 103205.34   0.0     22.78   0.7  06.06.2026  06:55:05
  9   6  11   8  $12    0.001     5.7979 182146.28   0.2     50.82   3.9  06.06.2026  06:55:07
  9   7  10   8  $12    0.001    21.4087 201771.90   0.0     20.72   6.7  06.06.2026  06:55:09
  9  10   1   2  $12    0.100    -0.4900   7758.78   0.5   -645.31   0.0  06.06.2026  06:55:18
  9  10   2   3  $12    0.100     0.4975   5251.05   0.3   -675.02   2.2  06.06.2026  06:55:23
  9  10   3   4  $12    0.100     0.2059   1358.72   0.6   -556.55   0.6  06.06.2026  06:55:37
  9  10   5   6  $12    0.100     3.8321   7223.28   0.4   -484.98   1.0  06.06.2026  06:55:39
  9  10   6   7  $12    0.100    -2.3032   1736.54   0.2   -642.21   0.9  06.06.2026  06:55:41
  9  10   7   8  $12    0.100     2.9902    563.64   0.2   -640.17   0.3  06.06.2026  06:55:42
  9  10  12  11  $12    0.100     4.7863    902.20   0.7    893.64   0.5  06.06.2026  06:55:45
  9  10  13  14  $12    0.100    10.8377  20428.57   0.0    418.19   0.1  06.06.2026  06:55:47
  9  10  14  15  $12    0.100     9.6767  36480.18   0.0    -77.39   1.6  06.06.2026  06:55:49
  9  10  15  16  $12    0.100     1.3157   8680.43   0.2     14.38  16.6  06.06.2026  06:55:54
  9  11   1   3  $12    1.000    -5.6168   2117.47   0.7   -912.41   0.2  06.06.2026  06:55:58
  9  11   2   4  $12    1.000     2.6160    647.19   0.8   -262.30   2.7  06.06.2026  06:56:00
  9  11   5   7  $12    0.100     2.6854   1012.39   0.0    192.72   0.4  06.06.2026  06:56:04
  9  11   6   8  $12    1.000    -1.7260     20.33   0.5    151.52   3.9  06.06.2026  06:56:12
  9  11  13  15  $12    0.010     5.4748  20639.37   0.0    278.76   0.0  06.06.2026  06:56:20
  9  11  14  16  $12    0.010     3.3578  27690.34   0.3     49.24   2.6  06.06.2026  06:56:21
  9  12   1   4  $12    1.000    -0.9977    153.24   4.9  -1684.85   1.3  06.06.2026  06:56:34
  9  12   5   8  $12    0.100     0.9906     96.82   0.5   2537.19   0.5  06.06.2026  06:56:40
  9  12  10  11  $12    0.001    15.8082  99326.10   0.0     19.69   4.6  06.06.2026  06:56:48
  9  12  13  16  $12    0.010     7.3486   7182.38   0.0    269.04   0.2  06.06.2026  06:56:52
  9  13   5   1  $12    0.100    13.9999  10555.70   0.0    171.41   0.2  06.06.2026  06:56:56
  9  13  10  14  $12    0.001    22.5044  96408.75   0.0     23.26   1.6  06.06.2026  06:57:04
  9  13  11  15  $12    0.001     6.1343 115628.57   0.6     28.77  27.7  06.06.2026  06:57:06
  9  13  12  16  $12    0.010     5.6722   7484.27   0.0    135.33   0.1  06.06.2026  06:57:09
  9  14  10  15  $12    0.001    23.0693  91546.66   0.0     13.49   2.7  06.06.2026  06:57:14
  9  14  11  16  $12    0.001     6.3125  75720.01   0.6     -1.08 977.5  06.06.2026  06:57:16
  9  15  10  16  $12    0.001    22.2848  84494.44   0.1     18.08  13.4  06.06.2026  06:57:18
 10   2   9   1  $12    0.001    22.7882  82004.57   0.0     -2.00  48.1  06.06.2026  06:57:20
 10   3   9   2  $12    0.001    22.8979  84217.56   0.0     -8.59   1.2  06.06.2026  06:57:22
 10   6   9   5  $12    0.001    23.0793  98871.42   0.0     -5.50   1.0  06.06.2026  06:57:24
 10   6  14   2  $12    0.010     4.1633  10463.47   0.0     64.82   0.1  06.06.2026  06:57:32
 10   7   9   6  $12    0.001    22.9514 115366.43   0.0      2.04  13.3  06.06.2026  06:57:37
 10   8   9   7  $12    0.001    23.8571 224847.80   0.0      0.24  66.5  06.06.2026  06:57:39
 10  11   1   2  $12    0.100     0.2748   6215.73   0.7  -1361.74   0.9  06.06.2026  06:57:48
 10  11   5   6  $12    0.100    -0.5154   1942.85   0.7  -3886.48   0.7  06.06.2026  06:57:53
 10  11   9  12  $12    0.001    15.7161  98747.30   0.0    -13.06   2.4  06.06.2026  06:58:00
 10  11  13  14  $12    0.100    20.3341  15331.54   0.2    372.33   0.1  06.06.2026  06:58:06
 10  12   1   3  $12    0.100     0.1568    853.23   1.0     83.86  12.1  06.06.2026  06:58:19
 10  12   2   4  $12    0.100    -0.4228   1594.07   0.9  -1000.32   2.1  06.06.2026  06:58:25
 10  12   5   7  $12    0.100     2.5251   2082.37   0.2    367.54   1.0  06.06.2026  06:58:27
 10  12   6   8  $12    0.100    -0.4392    165.56   0.7  -1105.57   0.7  06.06.2026  06:58:32
 10  12  13  15  $12    0.010     4.7526   5598.97   0.0    315.44   0.1  06.06.2026  06:58:37
 10  12  14  16  $12    0.010     3.1068  11712.32   0.1     90.45   2.4  06.06.2026  06:58:39
 10  14   6   2  $12    0.100    11.8051   8900.87   0.0     18.71   0.9  06.06.2026  06:58:43
 10  14   9  13  $12    0.001    23.6037 101118.13   0.0    -15.82   0.4  06.06.2026  06:58:51
 10  15   9  14  $12    0.001    22.5985  89678.36   0.0    -17.75   0.8  06.06.2026  06:58:53
 10  16   9  15  $12    0.001    21.9697  83299.96   0.0    -17.13   1.0  06.06.2026  06:58:55
 11   3   9   1  $12    0.001     6.5562  56173.24   0.2      8.59  18.0  06.06.2026  06:58:57
 11   4   9   2  $12    0.001     6.0254  54956.00   0.1     30.75   8.7  06.06.2026  06:58:59
 11   4   9   3  $12    0.001     6.1772  33031.89   0.1     47.87   4.7  06.06.2026  06:59:01
 11   7   9   5  $12    0.001     5.8907 111036.62   0.1     51.64   4.6  06.06.2026  06:59:03
 11   7  15   3  $12    0.100     6.4545   1622.19   0.0     31.94   0.3  06.06.2026  06:59:08
 11   8   9   6  $12    0.001     5.7723 181342.38   0.0     48.79   1.5  06.06.2026  06:59:16
 11  12   1   2  $12   10.000     8.8681   2758.15   0.5     66.56   4.7  06.06.2026  06:59:25
 11  12   5   6  $12    1.000     3.9613   2613.42   0.1    167.00   0.7  06.06.2026  06:59:30
 11  12  13  14  $12    0.100     3.5463    668.47   0.1    447.78   0.2  06.06.2026  06:59:35
 11  15   7   3  $12    0.100    13.0553   9843.45   0.0      6.37   5.6  06.06.2026  06:59:37
 11  15   9  13  $12    0.001     4.2376  79877.79   0.1    -49.32   3.2  06.06.2026  06:59:44
 11  16   9  14  $12    0.001     4.2925  51488.96   0.1    -24.22  10.6  06.06.2026  06:59:46
 12   4   9   1  $12    0.010     6.4465  10779.47   0.1     60.56   1.8  06.06.2026  06:59:50
 12   8   9   5  $12    0.010     5.1395   6781.40   0.2     72.73   1.2  06.06.2026  06:59:52
 12   8  16   4  $12    0.100     5.2131   1310.18   0.0      2.46  13.9  06.06.2026  06:59:56
 12  11   9  10  $12    0.100     4.5468    857.04   0.6    209.67   2.8  06.06.2026  06:59:59
 12  16   8   4  $12    0.100    13.4505  10141.44   0.2      3.08  56.0  06.06.2026  07:00:01
 12  16   9  13  $12    0.010     5.5724   7352.57   0.0     97.55   1.1  06.06.2026  07:00:06
 13   1   9   5  $12    0.010     6.3974  16078.33   0.2    189.19   1.1  06.06.2026  07:00:08
 13   1  14   2  $12    0.010    21.6380   7420.48   0.1    170.18   0.6  06.06.2026  07:00:10
 13   1  15   3  $12    0.010     3.8068   2886.75   0.2    120.55   3.6  06.06.2026  07:00:12
 13   1  16   4  $12    0.100    13.8985   1786.22   0.0     30.00   0.4  06.06.2026  07:00:15
 13   2  14   3  $12    0.010    16.4513   5689.91   0.7    150.69   1.9  06.06.2026  07:00:20
 13   2  15   4  $12    0.010     3.4765   2690.22   0.1    116.93   0.9  06.06.2026  07:00:22
 13   3  14   4  $12    0.010    20.6446   7214.42   0.0    155.70   0.1  06.06.2026  07:00:24
 13   5  14   6  $12    0.001     2.7306   9826.25   0.1    157.86   0.2  06.06.2026  07:00:29
 13   5  15   7  $12    0.010     4.8917   4191.16   0.0    116.34   0.6  06.06.2026  07:00:33
 13   5  16   8  $12    0.010     2.6014   4349.86   0.0     40.70   0.0  06.06.2026  07:00:35
 13   6  14   7  $12    0.001     3.0623  11263.16   0.1    143.98   0.2  06.06.2026  07:00:40
 13   6  15   8  $12    0.010     5.6349   5139.44   0.0     90.32   0.4  06.06.2026  07:00:44
 13   7  15   8  $12    0.010    20.1464  10773.08   0.0     29.47   0.1  06.06.2026  07:00:46
 13   9   1   5  $12    0.100    14.9734  11289.67   0.0    125.78   0.1  06.06.2026  07:00:49
 13   9  14  10  $12    0.001    21.8465  93590.09   0.0     38.86   2.9  06.06.2026  07:00:57
 13   9  15  11  $12    0.001     5.0715  95595.07   0.4     53.09  19.1  06.06.2026  07:00:59
 13   9  16  12  $12    0.010     5.4542   7196.64   0.0    120.72   0.1  06.06.2026  07:01:03
 13  10  14  11  $12    0.001     6.5930  33140.11   0.0     64.42   0.2  06.06.2026  07:01:08
 13  10  15  12  $12    0.010     6.9201  21740.07   0.0    155.81   0.1  06.06.2026  07:01:12
 13  11  14  12  $12    0.010    21.2080  19988.11   0.0    185.71   0.3  06.06.2026  07:01:14
 13  14   1   2  $12    1.000     7.0651  38087.51   0.1     13.49   0.8  06.06.2026  07:01:19
 13  14   2   3  $12    1.000    11.4277  47389.57   0.0    -11.60   6.1  06.06.2026  07:01:21
 13  14   3   4  $12    1.000     5.6573  17595.05   0.2      3.23 144.9  06.06.2026  07:01:23
 13  14   5   6  $12    1.000     1.3336   2111.64   0.6   -243.46   2.2  06.06.2026  07:01:29
 13  14   6   7  $12    1.000     9.4092   9932.13   0.0     29.98   3.2  06.06.2026  07:01:31
 13  14   7   8  $12    1.000     1.7712   1168.53   0.2   -287.98   0.3  06.06.2026  07:01:36
 13  14   9  10  $12    0.100    -4.6569   8778.10   0.1    -34.55   3.9  06.06.2026  07:01:41
 13  14  10  11  $12    0.100   -14.5463  10967.65   0.1     15.36  41.1  06.06.2026  07:01:43
 13  14  11  12  $12    0.100    -3.6309    684.41   0.9     64.16   4.2  06.06.2026  07:01:45
 13  14  16  15  $12    0.010     7.0904  13365.01   0.0     26.31   0.4  06.06.2026  07:01:50
 13  15   1   3  $12    0.100     2.5106  33126.72   0.0    -13.31   7.3  06.06.2026  07:01:54
 13  15   2   4  $12    0.100     2.2393  22635.26   0.9     26.13  24.7  06.06.2026  07:01:56
 13  15   5   7  $12    1.000    13.0225   4909.37   0.0     26.34   0.1  06.06.2026  07:02:00
 13  15   6   8  $12    1.000    12.5461   3103.91   0.0     21.12   1.7  06.06.2026  07:02:02
 13  15   9  11  $12    0.100     8.2181   3098.16   0.0     29.21   1.2  06.06.2026  07:02:06
 13  15  10  12  $12    0.100     7.4188    874.00   0.1    115.67   4.2  06.06.2026  07:02:08
 13  16   1   4  $12    0.100     4.3307  24489.59   0.6     -6.23 112.6  06.06.2026  07:02:10
 13  16   5   8  $12    1.000    17.3031   2657.57   0.0     90.27   0.2  06.06.2026  07:02:14
 13  16   9  12  $12    0.100    14.0747   1375.64   0.0     21.42   0.4  06.06.2026  07:02:19
 13  16  14  15  $12    0.010     5.0462   3170.60   0.0     -5.31   4.1  06.06.2026  07:02:24
 14   2  10   6  $12    0.010     3.9874  10021.39   0.8     22.31  26.9  06.06.2026  07:02:26
 14   2  13   1  $12    0.010     9.2969   3188.25   0.1      3.88  48.4  06.06.2026  07:02:28
 14   3  13   2  $12    0.010     8.3888   2901.37   0.0      8.09  11.0  06.06.2026  07:02:30
 14   4  13   3  $12    0.010     8.7547   3059.42   0.1      7.84  19.6  06.06.2026  07:02:32
 14   6  13   5  $12    0.010    13.8001   4966.04   0.0     21.94   3.5  06.06.2026  07:02:34
 14   7  13   6  $12    0.010    14.8771   5471.73   0.0     24.36   1.4  06.06.2026  07:02:36
 14  10   2   6  $12    0.100    11.9918   9041.57   0.0      5.70  10.0  06.06.2026  07:02:40
 14  10  13   9  $12    0.001    22.0331  94389.46   0.0     -0.32  99.2  06.06.2026  07:02:48
 14  11  13  10  $12    0.001     5.5569  27932.21   0.3     48.74   3.9  06.06.2026  07:02:50
 14  12  13  11  $12    0.010    10.1624   9577.82   0.0     46.76   1.0  06.06.2026  07:02:54
 14  15   1   2  $12    1.000     3.2692  22430.69   0.0   -180.13   0.3  06.06.2026  07:03:00
 14  15   5   6  $12    1.000    -2.2369   5059.71   0.2   -800.22   0.4  06.06.2026  07:03:02
 14  15   9  10  $12    0.100     7.7458  29200.88   0.0    -88.41   0.7  06.06.2026  07:03:07
 14  15  13  16  $12    0.010     5.5043   3458.44   0.2     -4.87  16.2  06.06.2026  07:03:11
 14  16   1   3  $12    1.000    14.0285  23633.46   0.0    -14.14   0.7  06.06.2026  07:03:17
 14  16   2   4  $12    1.000    12.9049  17027.64   0.0     38.53   4.6  06.06.2026  07:03:19
 14  16   5   7  $12    1.000     5.9626   3245.32   0.0     87.46   0.1  06.06.2026  07:03:21
 14  16   6   8  $12    1.000     5.2726   1987.71   0.0     84.79   0.7  06.06.2026  07:03:23
 14  16   9  11  $12    0.010     3.1167  25702.19   0.0     -2.58  22.3  06.06.2026  07:03:31
 14  16  10  12  $12    0.010     3.0483  11491.85   0.5     21.64  12.8  06.06.2026  07:03:33
 15   3  11   7  $12    0.100     6.1275   1540.02   0.0      9.88   3.3  06.06.2026  07:03:37
 15   3  13   1  $12    0.010     2.5272   1916.40   0.2      4.93  25.0  06.06.2026  07:03:42
 15   4  13   2  $12    0.010     2.4283   1879.11   0.4     -3.19 131.0  06.06.2026  07:03:44
 15   7  13   5  $12    0.010     3.7233   3190.08   0.0     16.29  16.1  06.06.2026  07:03:46
 15   8  13   6  $12    0.010     4.3553   3972.38   0.1      7.76   1.4  06.06.2026  07:03:48
 15   8  13   7  $12    0.010    18.9979  10158.92   0.0      2.35   5.9  06.06.2026  07:03:50
 15  11   3   7  $12    0.100    13.7024  10331.39   0.0      8.87   6.4  06.06.2026  07:03:54
 15  11  13   9  $12    0.001     5.3131 100148.70   0.0     57.39   0.4  06.06.2026  07:04:02
 15  12  13  10  $12    0.010     6.2539  19647.14   0.1     94.60   0.7  06.06.2026  07:04:06
 15  16   1   2  $12    1.000     2.5677  22021.81   0.0     -5.09  11.0  06.06.2026  07:04:11
 15  16   5   6  $12   10.000     6.1609   1916.14   0.1     63.28   3.9  06.06.2026  07:04:15
 15  16   9  10  $12    1.000     6.1027   4026.18   0.3    -48.12   1.9  06.06.2026  07:04:20
 16   4  12   8  $12    0.100     5.2107   1309.60   0.0      2.18   7.3  06.06.2026  07:04:25
 16   4  13   1  $12    0.100    12.9793   1668.10   0.3     12.16  19.6  06.06.2026  07:04:27
 16   8  13   5  $12    0.010     2.4193   4045.45   0.0      4.55  22.2  06.06.2026  07:04:31
 16  12   4   8  $12    0.100    13.4289  10125.13   0.0      4.80   6.9  06.06.2026  07:04:35
 16  12  13   9  $12    0.010     5.3640   7077.58   0.0     91.52   0.9  06.06.2026  07:04:40
 16  15  13  14  $12    0.010     5.3203  10028.56   0.3    -44.04  10.0  06.06.2026  07:04:42
