//C:\Users\user\Desktop\GeoTom\GeoTomE724.ini
//- Cable direction:
//  cable I: normal
//  cable II: normal
//  cable III: normal
//  cable IV: normal
//- Cable arrangement: sequential
//- Optimization: Last measurement
//- Sorting: Multi-level
//- Current levels: 0.001 mA .. 10.0 mA
Type:         Flow
Name:         Hyprop
Comment:      Example of a measurements sequence
Comment:      
Comment:      
Spacing:      1.00000
First El:     0.00000
Nr of points: 312
IP present:   1

  1   2   4   3  $12    0.100     6.0724   1144.63   0.0     68.26   0.4  06.06.2026  14:45:03
  1   2   5   6  $12    1.000     7.0508   1329.04   0.0   -245.74   0.2  06.06.2026  14:45:07
  1   2   6   7  $12    1.000     3.4286   1292.54   0.1    425.58   0.1  06.06.2026  14:45:09
  1   2   7   8  $12    1.000     7.0495   4650.77   0.0   -362.13   0.0  06.06.2026  14:45:11
  1   2   9  10  $12    1.000   -21.5191  34072.51   0.0   -552.12   0.2  06.06.2026  14:45:13
  1   2  10  11  $12    0.100     4.1220  93237.55   0.6   -591.46   1.0  06.06.2026  14:45:18
  1   2  11  12  $12    1.000     4.1275  12837.11   0.0   -333.98   0.0  06.06.2026  14:45:22
  1   2  13  14  $12    0.100     3.0213 162876.53   0.1   -379.53   1.3  06.06.2026  14:45:26
  1   2  14  15  $12    1.000     5.1580  35389.98   0.0   -314.54   0.1  06.06.2026  14:45:30
  1   2  15  16  $12    1.000     2.0562  17634.90   0.0     68.84   0.5  06.06.2026  14:45:32
  1   3   5   7  $12    1.000    18.9763    715.39   0.0    -24.85   0.2  06.06.2026  14:45:34
  1   3   6   8  $12    1.000    19.4106   1600.73   0.0    -66.26   1.1  06.06.2026  14:45:36
  1   3   9  11  $12    1.000    11.2284   4233.01   0.5   -576.45   0.5  06.06.2026  14:45:38
  1   3  10  12  $12    0.100     6.3264  34433.18   0.2   -585.12   0.0  06.06.2026  14:45:43
  1   3  13  15  $12    0.100     5.6128  74059.14   0.0   -381.56   0.5  06.06.2026  14:45:45
  1   3  14  16  $12    1.000    13.7997  23248.08   0.1   -165.43   0.8  06.06.2026  14:45:49
  1   4   2   3  $12    0.010     5.0068   3145.87   0.0      3.38  23.9  06.06.2026  14:45:57
  1   4   5   8  $12    0.100     2.3424    228.94   0.0     25.08   7.3  06.06.2026  14:46:00
  1   4   9  12  $12    1.000    -2.6421    405.80   0.3   -794.40   0.7  06.06.2026  14:46:04
  1   4  13  16  $12    0.100     3.2805  18550.89   0.6     51.43   3.3  06.06.2026  14:46:09
  1   5   2   6  $12    0.010    12.0749   5172.85   0.0     12.06   2.2  06.06.2026  14:46:14
  1   5   3   7  $12    0.010     3.7125   6997.83   0.1     12.15   8.0  06.06.2026  14:46:16
  1   5   4   8  $12    0.010     2.5719   3393.49   0.0     -0.54  28.3  06.06.2026  14:46:18
  1   5  13   9  $12    0.010     2.6751  20169.51   0.2    -62.16   3.2  06.06.2026  14:46:20
  1   6   2   7  $12    0.010    16.6618   6611.93   0.0     16.28   1.2  06.06.2026  14:46:22
  1   6   3   8  $12    0.010     4.6070   5526.18   0.0     -9.17   4.8  06.06.2026  14:46:24
  1   7   2   8  $12    0.001     2.3762   9009.38   0.0      5.14   6.6  06.06.2026  14:46:29
  1   9   2  10  $12    0.001    28.8018 103644.82   0.0     18.52   1.5  06.06.2026  14:46:32
  1   9   3  11  $12    0.001     7.1234  61033.14   0.0     40.78   0.8  06.06.2026  14:46:34
  1   9   4  12  $12    0.010     7.1198  11905.28   0.0    136.87   0.0  06.06.2026  14:46:38
  1  10   2  11  $12    0.001     7.8694  27856.37   0.0     48.83   0.6  06.06.2026  14:46:43
  1  10   3  12  $12    0.010     8.8162   7229.32   0.0     55.64   0.6  06.06.2026  14:46:46
  1  11   3  12  $12    0.010     7.1697   3508.19   0.0     97.28   0.1  06.06.2026  14:46:48
  1  13   2  14  $12    0.001     8.3467  28623.87   0.0     27.34   0.3  06.06.2026  14:46:53
  1  13   3  15  $12    0.010    10.1102   7666.71   0.0     27.64   0.3  06.06.2026  14:46:57
  1  13   4  16  $12    0.010     2.5742   3308.40   0.0     75.96   0.3  06.06.2026  14:46:59
  1  13   5   9  $12    0.001     2.8148  70744.12   0.1     42.65   2.4  06.06.2026  14:47:04
  1  14   2  15  $12    0.001     2.0597   7013.54   0.3     -0.99  58.9  06.06.2026  14:47:06
  1  14   3  16  $12    0.010     4.1826   3119.55   0.0     35.40   0.5  06.06.2026  14:47:10
  1  15   2  16  $12    0.010     6.4076   2168.71   0.0     18.44   2.2  06.06.2026  14:47:12
  2   3   1   4  $12    0.010     5.1785   3253.77   0.0     16.56   0.8  06.06.2026  14:47:14
  2   3   5   6  $12    1.000     3.1932    240.76   0.9   -431.31   1.1  06.06.2026  14:47:22
  2   3   9  10  $12    1.000    -8.6029   9080.97   0.4   -753.95   1.5  06.06.2026  14:47:24
  2   3  13  14  $12    1.000     8.8239  36591.65   0.4   -284.06   3.0  06.06.2026  14:47:27
  2   4   5   7  $12    1.000    11.6506    137.26   0.0     36.52   1.0  06.06.2026  14:47:29
  2   4   6   8  $12    1.000     8.7230    328.85   0.0    111.96   0.1  06.06.2026  14:47:31
  2   4   9  11  $12    1.000   -12.6883   3139.09   0.0   -486.33   0.1  06.06.2026  14:47:33
  2   4  10  12  $12    0.100    -4.8748  18377.64   0.2   -550.45   0.7  06.06.2026  14:47:37
  2   4  13  15  $12    1.000    -2.2218   2245.85   0.6  -4692.97   1.0  06.06.2026  14:47:41
  2   4  14  16  $12    1.000     8.5695  11307.15   0.0    179.26   0.6  06.06.2026  14:47:43
  2   6   1   5  $12    0.010    11.7161   5019.17   0.0     10.25   2.7  06.06.2026  14:47:51
  2   6  14  10  $12    0.100    18.2438  13755.52   0.0    -25.91   3.3  06.06.2026  14:47:55
  2   7   1   6  $12    0.010    15.7751   6260.06   0.0     15.29   0.2  06.06.2026  14:48:00
  2   8   1   7  $12    0.001     2.5277   9583.81   0.1     12.60   1.3  06.06.2026  14:48:05
  2  10   1   9  $12    0.001    29.1032 104729.51   0.0      3.19  11.4  06.06.2026  14:48:07
  2  11   1  10  $12    0.001     8.1002  28673.42   0.4      8.25  36.3  06.06.2026  14:48:09
  2  14   1  13  $12    0.001     9.0968  31196.22   0.1     39.73   4.2  06.06.2026  14:48:11
  2  14   6  10  $12    0.010     6.1262  15396.73   0.0     40.11   4.6  06.06.2026  14:48:15
  2  15   1  14  $12    0.010    15.9679   5437.19   0.1     20.42   3.3  06.06.2026  14:48:17
  2  16   1  15  $12    0.010     6.1556   2083.40   0.0     11.22   0.6  06.06.2026  14:48:19
  3   4   5   6  $12    1.000    -1.7142     32.31   0.2  -1083.24   0.3  06.06.2026  14:48:28
  3   4   9  10  $12    1.000    21.7552  14352.66   0.6   -768.95   0.7  06.06.2026  14:48:31
  3   4  13  14  $12    1.000    -5.6135  17459.01   0.7  -2531.25   2.1  06.06.2026  14:48:33
  3   7   1   5  $12    0.010     3.6520   6883.88   0.1      6.49  23.6  06.06.2026  14:48:41
  3   7  15  11  $12    0.100    17.5030  13196.99   0.0     17.34   0.2  06.06.2026  14:48:45
  3   8   1   6  $12    0.010     4.5640   5474.63   0.0      0.28  30.1  06.06.2026  14:48:50
  3  11   1   9  $12    0.001     6.8604  58779.79   0.0     27.85   1.4  06.06.2026  14:48:55
  3  12   1  10  $12    0.010     7.2771   5967.31   0.0     26.21   6.5  06.06.2026  14:48:59
  3  12   1  11  $12    0.010     6.1919   3029.75   0.0     63.41   0.3  06.06.2026  14:49:01
  3  15   1  13  $12    0.010     8.9391   6778.63   0.0     15.14   4.3  06.06.2026  14:49:03
  3  15   7  11  $12    0.100     5.3430   1342.84   0.0    106.01   0.0  06.06.2026  14:49:06
  3  16   1  14  $12    0.010     3.9417   2939.91   0.0     21.51   1.5  06.06.2026  14:49:11
  3   4   1   2  $12    0.100    -5.9707   1125.45   0.0     68.14   0.4  06.06.2026  14:49:16
  4   8   1   5  $12    0.010     2.5875   3414.07   0.0     -0.40 370.2  06.06.2026  14:49:21
  4   8  16  12  $12    0.100    14.2440  10739.71   0.0     13.56   0.1  06.06.2026  14:49:25
  4  12   1   9  $12    0.010     6.0980  10196.75   0.0     72.33   2.0  06.06.2026  14:49:29
  4  16   1  13  $12    0.010     2.4661   3169.46   0.1     83.83   3.4  06.06.2026  14:49:31
  4  16   8  12  $12    0.100     5.2077   1308.84   0.0      0.77   9.3  06.06.2026  14:49:35
  5   1   6   2  $12    0.010    12.0572   5165.29   0.0     15.91   0.9  06.06.2026  14:49:40
  5   1   7   3  $12    0.010     3.6802   6937.09   0.0     12.42   1.2  06.06.2026  14:49:42
  5   1   8   4  $12    0.010     2.5705   3391.63   0.0      3.02   5.9  06.06.2026  14:49:44
  5   1   9  13  $12    0.010     2.6635  20082.44   0.2    -22.75   7.2  06.06.2026  14:49:46
  5   2   6   3  $12    0.010    10.8099   5433.64   0.0     17.93   1.2  06.06.2026  14:49:48
  5   2   7   4  $12    0.010     3.7527  11789.59   0.0     20.50   5.5  06.06.2026  14:49:50
  5   3   6   4  $12    0.010    12.4587  11742.09   0.0     17.95   0.5  06.06.2026  14:49:52
  5   6   1   2  $12    1.000     6.0911   1148.14   0.1     -0.71 -3023.0  06.06.2026  14:49:58
  5   6   2   3  $12    1.000    10.2564    773.31   0.2   -341.63   0.2  06.06.2026  14:50:00
  5   6   3   4  $12    1.000    -1.7682     33.33   0.3   -649.43   0.3  06.06.2026  14:50:05
  5   6   7   8  $12    0.010    -8.3457  15731.25   0.0     -4.21   9.9  06.06.2026  14:50:13
  5   6   9  10  $12    0.100     9.6039  18102.83   0.0   -514.64   0.1  06.06.2026  14:50:17
  5   6  10  11  $12    0.100    -7.9782  30077.00   0.1   -921.87   0.2  06.06.2026  14:50:19
  5   6  11  12  $12    1.000     3.6555   2411.65   0.1    576.90   0.6  06.06.2026  14:50:23
  5   6  13  14  $12    1.000   -15.9622  25274.03   0.1   -840.07   0.9  06.06.2026  14:50:25
  5   6  14  15  $12    1.000    -2.1057   4763.09   6.6   -191.84  34.7  06.06.2026  14:50:31
  5   6  15  16  $12    1.000     2.9898   9298.79   0.0   -375.43   0.1  06.06.2026  14:50:33
  5   7   1   3  $12    1.000    19.8009    746.48   0.8    -28.38  44.5  06.06.2026  14:50:35
  5   7   2   4  $12    1.000    10.8362    127.66   0.3     33.66  12.5  06.06.2026  14:50:37
  5   7   9  11  $12    0.100     3.1538   1188.95   0.2    333.52   0.4  06.06.2026  14:50:43
  5   7  10  12  $12    0.100    -0.8913    735.06   0.3  -3344.44   0.2  06.06.2026  14:50:45
  5   7  13  15  $12    0.100    -2.2245   8386.12   0.3   -673.57   1.2  06.06.2026  14:50:47
  5   7  14  16  $12    0.100     0.2028   1103.72   0.7    761.24   0.8  06.06.2026  14:50:52
  5   8   1   4  $12    0.100     2.2854    223.37   0.0     42.91   2.2  06.06.2026  14:50:54
  5   8   6   7  $12    0.010    21.5426  13535.62   0.0      0.50  81.8  06.06.2026  14:50:59
  5   8   9  12  $12    0.100    -0.2460     24.05   1.1 -13672.14   0.9  06.06.2026  14:51:03
  5   8  13  16  $12    0.100    -7.5497  11595.55   0.0   -635.77   0.0  06.06.2026  14:51:05
  5   9   1  13  $12    0.001     2.9029  72958.99   0.1     53.50   2.9  06.06.2026  14:51:13
  5   9   6  10  $12    0.001    29.1254 124772.97   0.0      9.66   7.4  06.06.2026  14:51:16
  5   9   7  11  $12    0.001     6.9948 131847.94   0.0     22.20   4.6  06.06.2026  14:51:18
  5   9   8  12  $12    0.010     4.8471   6395.53   0.0    177.69   0.5  06.06.2026  14:51:22
  5  10   6  11  $12    0.001     8.0397  31903.97   0.0     33.62   0.5  06.06.2026  14:51:26
  5  10   7  12  $12    0.010     7.0225   8423.65   0.0     32.42   1.0  06.06.2026  14:51:30
  5  11   6  12  $12    0.010    10.7868   4089.88   0.0     71.15   0.1  06.06.2026  14:51:32
  5  13   6  14  $12    0.001     8.8326  31784.46   0.0      7.86   2.9  06.06.2026  14:51:37
  5  13   7  15  $12    0.010    11.6187   9954.88   0.0     16.34   1.4  06.06.2026  14:51:41
  5  13   8  16  $12    0.010     3.5654   5961.92   0.1     58.43   1.5  06.06.2026  14:51:43
  5  14   6  15  $12    0.010    22.9217   8113.88   0.0     36.25   0.3  06.06.2026  14:51:45
  5  14   7  16  $12    0.010     5.3569   4392.69   0.0     45.89   0.7  06.06.2026  14:51:47
  5  15   7  16  $12    0.010     5.0498   2470.92   0.0     33.96   2.4  06.06.2026  14:51:49
  6   2   5   1  $12    0.010    11.4176   4891.31   0.0     10.48   1.0  06.06.2026  14:51:51
  6   2  10  14  $12    0.100    18.7818  14161.15   0.0    -50.64   0.3  06.06.2026  14:51:55
  6   3   5   2  $12    0.010    10.1542   5104.07   0.0      5.91   3.2  06.06.2026  14:52:00
  6   4   5   3  $12    0.010    11.7276  11053.00   0.0     12.17   2.7  06.06.2026  14:52:02
  6   7   1   2  $12    1.000     5.5844   2105.27   0.2     51.93   0.6  06.06.2026  14:52:07
  6   7   5   8  $12    0.010    21.6905  13628.57   0.0      0.19  34.3  06.06.2026  14:52:15
  6   7   9  10  $12    0.100    -5.7500   4335.43   0.1   -608.16   0.0  06.06.2026  14:52:19
  6   7  13  14  $12    0.100     4.7003  49615.39   0.1   -525.32   0.1  06.06.2026  14:52:21
  6   8   1   3  $12    1.000    19.8356   1635.78   0.0    -76.52   0.3  06.06.2026  14:52:25
  6   8   2   4  $12    1.000     9.5460    359.87   0.0     79.00   0.8  06.06.2026  14:52:27
  6   8   9  11  $12    1.000    -5.6633     66.72   0.2   -891.23   0.3  06.06.2026  14:52:29
  6   8  10  12  $12    0.100    -3.4089   1285.14   0.2   -381.19   2.2  06.06.2026  14:52:34
  6   8  13  15  $12    1.000   -13.4300   3322.59   0.0   -503.19   0.3  06.06.2026  14:52:37
  6   8  14  16  $12    1.000     2.3777    896.35   0.0    350.43   0.5  06.06.2026  14:52:39
  6  10   2  14  $12    0.010     6.1775  15525.67   0.0     39.12   0.1  06.06.2026  14:52:48
  6  10   5   9  $12    0.001    29.7634 127506.21   0.0    -14.43   0.4  06.06.2026  14:52:53
  6  11   5  10  $12    0.001     7.6323  30287.59   0.2     41.32   2.0  06.06.2026  14:52:55
  6  12   5  11  $12    0.010    10.3905   3939.62   0.0     47.84   0.4  06.06.2026  14:53:00
  6  14   5  13  $12    0.001     8.9985  32381.46   0.0     39.76   2.5  06.06.2026  14:53:04
  6  15   5  14  $12    0.001     2.2891   8102.97   0.0     12.25   1.7  06.06.2026  14:53:07
  7   3   5   1  $12    0.010     3.6090   6802.74   0.0     11.76   6.5  06.06.2026  14:53:11
  7   3  11  15  $12    0.100    17.4977  13192.95   0.0     17.19   0.1  06.06.2026  14:53:14
  7   4   5   2  $12    0.010     3.6574  11490.08   0.0     24.44   1.6  06.06.2026  14:53:19
  7   8   1   2  $12    1.000     3.8701   2553.24   0.9   -374.34   1.3  06.06.2026  14:53:25
  7   8   9  10  $12    0.100     6.7971   1281.23   0.1   -576.90   0.3  06.06.2026  14:53:30
  7   8  13  14  $12    0.100    -5.2321  34517.86   0.2   -524.10   0.5  06.06.2026  14:53:32
  7  11   3  15  $12    0.100     5.5939   1405.91   0.0    125.56   0.3  06.06.2026  14:53:34
  7  11   5   9  $12    0.001     6.5716 123872.08   0.0     28.86   1.0  06.06.2026  14:53:41
  7  12   5  10  $12    0.010     5.7932   6949.01   0.0     31.69   6.1  06.06.2026  14:53:45
  7  15   5  13  $12    0.010    10.6125   9092.74   0.0     22.69   7.6  06.06.2026  14:53:47
  7  16   5  14  $12    0.010     5.3108   4354.92   0.0     47.18   0.6  06.06.2026  14:53:49
  7  16   5  15  $12    0.010     5.1244   2507.44   0.0     38.36   2.4  06.06.2026  14:53:51
  8   4   5   1  $12    0.010     2.5683   3388.86   0.0     10.73   9.7  06.06.2026  14:53:53
  8   4  12  16  $12    0.100    14.1883  10697.73   0.0     14.58   0.1  06.06.2026  14:53:57
  7   8   5   6  $12    0.010    -9.0461  17051.59   0.1     32.65   1.2  06.06.2026  14:54:02
  8  12   4  16  $12    0.100     5.1736   1300.27   0.0     -0.74  14.8  06.06.2026  14:54:06
  8  12   5   9  $12    0.010     4.2627   5624.48   0.1     98.98   0.8  06.06.2026  14:54:11
  8  16   5  13  $12    0.010     3.5726   5973.80   0.0     35.47   2.5  06.06.2026  14:54:13
  9   1  10   2  $12    0.001    29.0172 104419.96   0.0     20.97   0.3  06.06.2026  14:54:18
  9   1  11   3  $12    0.001     7.0426  60340.65   0.5     34.13   2.6  06.06.2026  14:54:20
  9   1  12   4  $12    0.010     6.5865  11013.55   0.0    122.31   0.0  06.06.2026  14:54:24
  9   2  10   3  $12    0.001    28.9390 106436.72   0.0     18.89   0.4  06.06.2026  14:54:30
  9   2  11   4  $12    0.001     7.0111  63946.20   0.0     31.24   5.3  06.06.2026  14:54:32
  9   3  11   4  $12    0.001     7.3493  39299.64   0.0     37.32   0.8  06.06.2026  14:54:34
  9   5  10   6  $12    0.001    29.2278 125211.47   0.0     14.51   4.7  06.06.2026  14:54:36
  9   5  11   7  $12    0.001     6.9051 130158.55   0.0     50.30   1.0  06.06.2026  14:54:38
  9   5  12   8  $12    0.010     4.7918   6322.70   0.0    169.43   0.1  06.06.2026  14:54:42
  9   5  13   1  $12    0.001     2.9315  73676.38   0.0     49.12   6.4  06.06.2026  14:54:47
  9   6  10   7  $12    0.001    29.6583 149079.09   0.0     19.00   1.8  06.06.2026  14:54:49
  9   6  11   8  $12    0.001     6.9622 218724.73   0.0     53.70   2.2  06.06.2026  14:54:51
  9   7  10   8  $12    0.001    30.2441 285043.88   0.0     19.05   2.1  06.06.2026  14:54:54
  9  10   1   2  $12    0.100    -1.6967  26864.12   0.1   -470.02   0.1  06.06.2026  14:55:03
  9  10   2   3  $12    0.100    -3.1009  32732.22   0.0   -481.42   0.0  06.06.2026  14:55:05
  9  10   3   4  $12    0.100     4.5651  30117.74   0.0   -543.37   0.2  06.06.2026  14:55:07
  9  10   5   6  $12    0.100     5.4887  10346.01   0.0   -478.54   0.0  06.06.2026  14:55:09
  9  10   6   7  $12    0.100    -2.6126   1969.85   0.1   -653.05   0.0  06.06.2026  14:55:11
  9  10   7   8  $12    0.100     4.8178    908.14   0.0   -527.54   0.0  06.06.2026  14:55:13
  9  10  12  11  $12    0.010     5.4232  10222.56   0.0     75.91   0.1  06.06.2026  14:55:18
  9  10  13  14  $12    0.010     6.7065 126414.56   0.0   -211.88   0.8  06.06.2026  14:55:20
  9  10  14  15  $12    0.100    13.3777  50432.58   0.0   -165.39   0.2  06.06.2026  14:55:24
  9  10  15  16  $12    0.100     0.7853   5181.10   0.0    345.21   0.1  06.06.2026  14:55:29
  9  11   1   3  $12    0.100     2.8787  10852.32   0.2   -619.17   0.6  06.06.2026  14:55:31
  9  11   2   4  $12    0.100    -2.0395   5045.67   0.0   -478.08   0.3  06.06.2026  14:55:33
  9  11   5   7  $12    0.100     3.6296   1368.33   0.1    156.50   0.3  06.06.2026  14:55:35
  9  11   6   8  $12    1.000     5.6002     65.98   0.6    494.44   2.8  06.06.2026  14:55:39
  9  11  13  15  $12    0.010    21.4588  80897.75   0.0     65.67   0.3  06.06.2026  14:55:47
  9  11  14  16  $12    0.010     5.3469  44093.92   0.2     26.10   4.8  06.06.2026  14:55:49
  9  12   1   4  $12    0.100    -0.1128    173.17   0.8  -1232.65   1.3  06.06.2026  14:56:04
  9  12   5   8  $12    0.100     0.5311     51.91   0.3   5620.86   0.3  06.06.2026  14:56:06
  9  12  10  11  $12    0.001    21.9841 138130.47   0.0     17.56   2.4  06.06.2026  14:56:14
  9  12  13  16  $12    0.001     2.7330  26712.33   0.7    156.68   1.2  06.06.2026  14:56:16
  9  13   5   1  $12    0.010     2.6320  19845.10   0.1    -64.65   2.2  06.06.2026  14:56:20
  9  13  10  14  $12    0.001    34.9981 149931.36   0.0    -25.10   0.7  06.06.2026  14:56:26
  9  13  11  15  $12    0.001     6.8732 129557.10   0.2     38.71   3.4  06.06.2026  14:56:28
  9  13  12  16  $12    0.010     5.2835   6971.42   0.0    114.06   0.0  06.06.2026  14:56:31
  9  14  10  15  $12    0.001    30.1965 119829.56   0.0      6.69  12.1  06.06.2026  14:56:37
  9  14  11  16  $12    0.001     6.9522  83392.79   0.1     21.96   3.4  06.06.2026  14:56:39
  9  15  10  16  $12    0.001    29.2128 110762.49   0.0     16.49   6.7  06.06.2026  14:56:41
 10   2   9   1  $12    0.001    30.1977 108668.15   0.0    -20.30   2.2  06.06.2026  14:56:44
 10   3   9   2  $12    0.001    30.2149 111129.38   0.0    -26.73   1.3  06.06.2026  14:56:46
 10   6   9   5  $12    0.001    30.4012 130238.54   0.0    -25.91   0.4  06.06.2026  14:56:49
 10   6  14   2  $12    0.010     6.3207  15885.55   0.0     35.58   0.0  06.06.2026  14:56:53
 10   7   9   6  $12    0.001    30.4091 152852.67   0.0    -11.78   0.6  06.06.2026  14:56:58
 10   8   9   7  $12    0.001    31.3594 295555.61   0.0    -21.69   0.4  06.06.2026  14:57:01
 10  11   1   2  $12    0.100     1.5293  34591.33   0.1   -434.35   0.1  06.06.2026  14:57:09
 10  11   5   6  $12    0.100    -1.4686   5536.57   0.1  -1891.93   0.0  06.06.2026  14:57:11
 10  11   9  12  $12    0.001    22.9206 144014.60   0.0    -32.60   0.3  06.06.2026  14:57:19
 10  11  13  14  $12    0.010     9.7020  73151.48   0.0    280.60   0.1  06.06.2026  14:57:23
 10  12   1   3  $12    0.100     5.4746  29797.29   0.0   -427.38   0.1  06.06.2026  14:57:27
 10  12   2   4  $12    0.100    -1.5532   5855.45   0.1   -717.93   0.0  06.06.2026  14:57:32
 10  12   5   7  $12    0.100     1.2178   1004.29   0.0   1306.67   0.2  06.06.2026  14:57:38
 10  12   6   8  $12    0.100    -1.8991    715.93   0.0   -494.30   0.0  06.06.2026  14:57:43
 10  12  13  15  $12    0.010    17.6981  20850.04   0.0    204.59   0.5  06.06.2026  14:57:48
 10  12  14  16  $12    0.010     5.0232  18937.10   0.2     88.95   1.4  06.06.2026  14:57:50
 10  14   6   2  $12    0.010     2.0904  15761.41   0.0    -72.26   0.6  06.06.2026  14:57:52
 10  14   9  13  $12    0.001    36.5045 156385.02   0.0    -63.24   0.0  06.06.2026  14:57:58
 10  15   9  14  $12    0.001    30.8870 122569.69   0.0    -35.48   0.1  06.06.2026  14:58:00
 10  16   9  15  $12    0.001    30.0934 114101.41   0.0    -31.53   0.2  06.06.2026  14:58:02
 11   3   9   1  $12    0.001     6.9138  59237.14   0.0     54.13   0.5  06.06.2026  14:58:04
 11   4   9   2  $12    0.001     6.8993  62927.00   0.1     53.15   1.1  06.06.2026  14:58:07
 11   4   9   3  $12    0.001     7.1306  38129.99   0.0     39.34   2.2  06.06.2026  14:58:09
 11   7   9   5  $12    0.001     6.6110 124614.55   0.0     51.61   1.6  06.06.2026  14:58:11
 11   7  15   3  $12    0.100     5.6731   1425.82   0.0    113.28   0.2  06.06.2026  14:58:16
 11   8   9   6  $12    0.001     6.7297 211419.78   0.0     52.02   0.3  06.06.2026  14:58:24
 11  12   1   2  $12    1.000     2.4941   7757.01   0.0   -302.32   0.4  06.06.2026  14:58:31
 11  12   5   6  $12    1.000     3.8797   2559.60   0.0    430.42   0.7  06.06.2026  14:58:33
 11  12  13  14  $12    0.010     2.9191   5502.28   0.0     35.24   3.4  06.06.2026  14:58:41
 11  15   7   3  $12    0.100    16.2284  12235.95   0.0     15.69   0.2  06.06.2026  14:58:45
 11  15   9  13  $12    0.001     6.1271 115493.66   0.0     32.04   4.0  06.06.2026  14:58:52
 11  16   9  14  $12    0.001     6.1225  73440.28   0.1     43.81   0.5  06.06.2026  14:58:55
 12   4   9   1  $12    0.010     5.8361   9758.70   0.0     67.50   0.6  06.06.2026  14:58:58
 12   8   9   5  $12    0.010     4.0777   5380.40   0.0     90.75   0.6  06.06.2026  14:59:00
 12   8  16   4  $12    0.100     5.1905   1304.53   0.0     -2.82  35.7  06.06.2026  14:59:04
 12  11   9  10  $12    0.010     5.2050   9811.21   0.1     76.50   1.1  06.06.2026  14:59:09
 12  16   8   4  $12    0.100    13.6816  10315.70   0.0      4.09   2.0  06.06.2026  14:59:13
 12  16   9  13  $12    0.010     5.3745   7091.50   0.1     88.25   0.9  06.06.2026  14:59:18
 13   1   9   5  $12    0.001     2.8791  72360.37   0.0     41.66   1.2  06.06.2026  14:59:23
 13   1  14   2  $12    0.001     8.6656  29717.57   0.1     23.62  14.7  06.06.2026  14:59:25
 13   1  15   3  $12    0.010     9.7373   7383.96   0.0      8.87   2.9  06.06.2026  14:59:29
 13   1  16   4  $12    0.010     2.5259   3246.32   0.0     69.14   0.8  06.06.2026  14:59:31
 13   2  14   3  $12    0.001     8.4684  29288.96   0.0     26.56   0.3  06.06.2026  14:59:35
 13   2  15   4  $12    0.010     9.3599   7242.91   0.0     48.80   0.0  06.06.2026  14:59:39
 13   3  14   4  $12    0.001     8.6099  30088.09   0.0     29.90   0.4  06.06.2026  14:59:44
 13   5  14   6  $12    0.001     9.0470  32556.16   0.0     27.13   0.6  06.06.2026  14:59:46
 13   5  15   7  $12    0.010    11.3964   9764.37   0.0     19.20   0.1  06.06.2026  14:59:50
 13   5  16   8  $12    0.010     3.6216   6055.82   0.0     44.78   1.2  06.06.2026  14:59:52
 13   6  14   7  $12    0.001     9.6026  35318.09   0.0     27.25   0.0  06.06.2026  14:59:57
 13   6  15   8  $12    0.010    11.7189  10688.49   0.0     43.39   0.0  06.06.2026  15:00:01
 13   7  15   8  $12    0.001     2.8321  15144.17   0.0     19.50   1.3  06.06.2026  15:00:06
 13   9   1   5  $12    0.010     2.7129  20454.57   0.0    -65.99   1.3  06.06.2026  15:00:09
 13   9  14  10  $12    0.001    23.9781 102721.77   0.1    126.83   0.5  06.06.2026  15:00:15
 13   9  15  11  $12    0.001     6.8682 129461.90   0.1     41.63   1.3  06.06.2026  15:00:17
 13   9  16  12  $12    0.010     5.2333   6905.18   0.0    123.81   0.0  06.06.2026  15:00:20
 13  10  14  11  $12    0.001    14.4187  72476.40   0.0      8.11   0.9  06.06.2026  15:00:25
 13  10  15  12  $12    0.010    11.9217  37453.07   0.0     77.69   0.0  06.06.2026  15:00:29
 13  11  14  12  $12    0.001     8.4314  79463.69   0.0     32.50   1.0  06.06.2026  15:00:34
 13  14   1   2  $12    0.100     3.2840 177037.64   0.0   -322.38   0.0  06.06.2026  15:00:40
 13  14   2   3  $12    0.100     3.1356 130030.52   0.0   -366.08   0.0  06.06.2026  15:00:42
 13  14   3   4  $12    0.100    -3.9402 122547.12   0.0   -597.76   0.0  06.06.2026  15:00:44
 13  14   5   6  $12    0.100    -4.4820  70966.53   0.0   -550.28   0.3  06.06.2026  15:00:46
 13  14   6   7  $12    0.100     3.3230  35076.41   0.0   -497.95   0.0  06.06.2026  15:00:48
 13  14   7   8  $12    0.100    -4.8636  32086.56   0.0   -505.61   0.0  06.06.2026  15:00:50
 13  14   9  10  $12    0.010     6.6655 125642.45   0.0   -281.25   0.4  06.06.2026  15:00:55
 13  14  10  11  $12    0.010     9.5089  71695.67   0.1    245.75   0.7  06.06.2026  15:00:57
 13  14  11  12  $12    0.010     3.6808   6938.16   0.3     96.90   3.9  06.06.2026  15:00:59
 13  14  16  15  $12    0.010     5.5552  10471.40   0.0     37.35   0.3  06.06.2026  15:01:01
 13  15   1   3  $12    0.100     6.5025  85798.19   0.0   -318.90   0.0  06.06.2026  15:01:05
 13  15   2   4  $12    0.100    -0.8361   8451.06   0.2  -1570.85   0.4  06.06.2026  15:01:10
 13  15   5   7  $12    0.100    -1.4607   5506.71   0.0   -732.65   0.0  06.06.2026  15:01:15
 13  15   6   8  $12    0.100    -1.9429   4806.67   0.1   -424.50   0.0  06.06.2026  15:01:21
 13  15   9  11  $12    0.001     2.4473  92260.93   0.0     70.21   2.9  06.06.2026  15:01:28
 13  15  10  12  $12    0.010    21.2551  25040.61   0.0    189.39   0.1  06.06.2026  15:01:32
 13  16   1   4  $12    0.100     3.4892  19730.79   0.0     75.27   0.0  06.06.2026  15:01:39
 13  16   5   8  $12    0.100    -6.3103   9691.99   0.0   -533.76   0.1  06.06.2026  15:01:41
 13  16   9  12  $12    0.001     3.1696  30979.37   0.1     56.91   2.4  06.06.2026  15:01:49
 13  16  14  15  $12    0.001     8.6077  54083.55   0.2     -5.36  11.7  06.06.2026  15:01:51
 14   2  10   6  $12    0.010     6.5341  16421.86   0.1     28.86   8.1  06.06.2026  15:01:55
 14   2  13   1  $12    0.001     9.8423  33752.82   0.2     17.11   3.3  06.06.2026  15:02:00
 14   3  13   2  $12    0.001     9.7318  33658.90   0.0     12.70   3.5  06.06.2026  15:02:02
 14   4  13   3  $12    0.001     9.8617  34462.62   0.0     14.14   7.7  06.06.2026  15:02:04
 14   6  13   5  $12    0.001    10.3446  37225.64   0.0     18.90   2.2  06.06.2026  15:02:06
 14   7  13   6  $12    0.001    10.8738  39993.29   0.1     12.82  11.2  06.06.2026  15:02:08
 14  10   2   6  $12    0.010     2.1508  16216.41   0.0    -74.46   0.6  06.06.2026  15:02:12
 14  10  13   9  $12    0.001    36.7984 157643.94   0.0    -41.63   0.2  06.06.2026  15:02:18
 14  11  13  10  $12    0.001    15.6789  78810.69   0.0     25.85   1.2  06.06.2026  15:02:20
 14  12  13  11  $12    0.001     9.7909  92277.13   0.4     16.12  16.8  06.06.2026  15:02:22
 14  15   1   2  $12    1.000     3.0687  21055.00   0.3   -315.12   0.4  06.06.2026  15:02:29
 14  15   5   6  $12    1.000    -4.3003   9727.15   0.0   -617.04   0.1  06.06.2026  15:02:31
 14  15   9  10  $12    0.100    14.2672  53786.15   0.0   -201.39   0.2  06.06.2026  15:02:36
 14  15  13  16  $12    0.001     8.6983  54653.07   0.0     24.40   5.4  06.06.2026  15:02:44
 14  16   1   3  $12    1.000    13.4549  22667.11   0.1   -149.87   0.6  06.06.2026  15:02:51
 14  16   2   4  $12    1.000     8.7252  11512.64   0.1    152.22   0.2  06.06.2026  15:02:53
 14  16   5   7  $12    1.000     2.1557   1173.32   0.3    640.01   0.4  06.06.2026  15:02:55
 14  16   6   8  $12    1.000     0.8081    304.66   0.9   1287.82   0.8  06.06.2026  15:03:00
 14  16   9  11  $12    0.010     5.8960  48622.33   0.0     15.12   4.3  06.06.2026  15:03:08
 14  16  10  12  $12    0.010     5.7102  21526.94   0.0     70.58   1.1  06.06.2026  15:03:10
 15   3  11   7  $12    0.100     5.6474   1419.34   0.0    101.84   0.4  06.06.2026  15:03:14
 15   3  13   1  $12    0.010    11.1118   8426.28   0.0    -15.94   5.3  06.06.2026  15:03:19
 15   4  13   2  $12    0.010    10.6970   8277.62   0.1     14.77   3.1  06.06.2026  15:03:21
 15   7  13   5  $12    0.010    12.6582  10845.51   0.0     -2.03 100.4  06.06.2026  15:03:23
 15   8  13   6  $12    0.010    13.0341  11888.12   0.0     11.75  12.2  06.06.2026  15:03:25
 15   8  13   7  $12    0.001     3.0004  16044.47   0.0     11.43  14.8  06.06.2026  15:03:30
 15  11   3   7  $12    0.100    16.6520  12555.32   0.0      8.64   0.7  06.06.2026  15:03:36
 15  11  13   9  $12    0.001     6.7443 127128.00   0.0     43.65   0.3  06.06.2026  15:03:43
 15  12  13  10  $12    0.010    13.0418  40972.09   0.0     39.07   0.4  06.06.2026  15:03:47
 15  16   1   2  $12    1.000     2.2207  19045.98   0.2    -17.40   8.7  06.06.2026  15:03:53
 15  16   5   6  $12   10.000     4.6905   1458.83   0.4    151.61   1.1  06.06.2026  15:03:57
 15  16   9  10  $12    1.000     6.6024   4355.80   0.3     57.67   1.5  06.06.2026  15:04:02
 16   4  12   8  $12    0.100     5.1837   1302.81   0.0      1.20  12.3  06.06.2026  15:04:07
 16   4  13   1  $12    0.010     2.6998   3469.73   0.2     34.21  20.3  06.06.2026  15:04:12
 16   8  13   5  $12    0.010     3.8030   6359.21   0.2     24.46  15.8  06.06.2026  15:04:14
 16  12   4   8  $12    0.100    13.7102  10337.24   0.0      3.78   2.9  06.06.2026  15:04:17
 16  12  13   9  $12    0.010     5.3257   7027.10   0.0     77.50   0.3  06.06.2026  15:04:22
 16  15  13  14  $12    0.010     3.7388   7047.42   0.1    -20.11   5.5  06.06.2026  15:04:24
