//C:\Users\user\Desktop\GeoTom\GeoTomE724.ini
//- Cable direction:
//  cable I: normal
//  cable II: normal
//  cable III: normal
//  cable IV: normal
//- Cable arrangement: sequential
//- Optimization: Last measurement
//- Sorting: Multi-level
//- Current levels: 0.001 mA .. 10.0 mA
Type:         Flow
Name:         Hyprop
Comment:      Example of a measurements sequence
Comment:      
Comment:      
Spacing:      1.00000
First El:     0.00000
Nr of points: 312
IP present:   1

  1   2   4   3  $12    0.100     6.3277   1192.74   0.4     30.66  10.0  06.06.2026  09:45:02
  1   2   5   6  $12    1.000     4.9575    934.46   0.1   -304.38   0.3  06.06.2026  09:45:07
  1   2   6   7  $12    1.000     4.1389   1560.32   0.0    295.53   0.1  06.06.2026  09:45:09
  1   2   7   8  $12    1.000     3.8789   2559.06   0.1   -486.75   0.9  06.06.2026  09:45:11
  1   2   9  10  $12    1.000   -11.4304  18098.51   0.0   -722.39   0.6  06.06.2026  09:45:13
  1   2  10  11  $12    1.000    15.4525  34952.77   0.1   -757.64   0.2  06.06.2026  09:45:15
  1   2  11  12  $12   10.000     7.2417   2252.29   0.9    -26.76  87.5  06.06.2026  09:45:20
  1   2  13  14  $12    1.000     7.2597  39136.66   0.0    -14.68   1.3  06.06.2026  09:45:25
  1   2  14  15  $12    1.000     2.4175  16587.23   0.2   -177.79   2.7  06.06.2026  09:45:27
  1   2  15  16  $12    1.000     2.3945  20536.50   0.1     -5.60   4.5  06.06.2026  09:45:29
  1   3   5   7  $12    1.000    17.2919    651.89   0.0      2.71   3.4  06.06.2026  09:45:31
  1   3   6   8  $12    1.000    15.3267   1263.94   0.0     -4.51   2.1  06.06.2026  09:45:33
  1   3   9  11  $12   10.000    -4.5127    170.12   5.3   1130.49  16.6  06.06.2026  09:45:51
  1   3  10  12  $12   10.000    16.8313    916.10   0.5   -512.81   1.1  06.06.2026  09:45:53
  1   3  13  15  $12    1.000    22.0367  29076.68   0.0    -35.31   0.6  06.06.2026  09:45:58
  1   3  14  16  $12    1.000    12.8848  21706.82   0.0    -22.43   3.1  06.06.2026  09:46:00
  1   4   2   3  $12    0.010     3.5520   2231.79   0.0     -1.32   7.9  06.06.2026  09:46:08
  1   4   5   8  $12    0.100     2.2801    222.85   0.0    -13.55   5.4  06.06.2026  09:46:11
  1   4   9  12  $12   10.000     1.7058     26.20   0.7    187.12   3.3  06.06.2026  09:46:17
  1   4  13  16  $12    0.100     3.8041  21511.62   0.0    -33.08   1.6  06.06.2026  09:46:25
  1   5   2   6  $12    0.010    11.1022   4756.16   0.0     17.51   2.1  06.06.2026  09:46:30
  1   5   3   7  $12    0.010     3.6205   6824.42   0.9     16.16  32.4  06.06.2026  09:46:31
  1   5   4   8  $12    0.010     2.5732   3395.30   0.0     -0.43 149.9  06.06.2026  09:46:34
  1   5  13   9  $12    0.100    19.7091  14860.33   0.0     80.17   0.4  06.06.2026  09:46:38
  1   6   2   7  $12    0.010    13.2311   5250.54   0.0     11.99   1.7  06.06.2026  09:46:42
  1   6   3   8  $12    0.010     4.3899   5265.75   0.3      0.06 -3165.7  06.06.2026  09:46:44
  1   7   2   8  $12    0.010    21.3492   8094.72   0.0      2.02  55.1  06.06.2026  09:46:46
  1   9   2  10  $12    0.001    26.0884  93880.46   0.0     17.83   3.2  06.06.2026  09:46:52
  1   9   3  11  $12    0.001     7.1267  61061.51   0.0     36.10   3.5  06.06.2026  09:46:54
  1   9   4  12  $12    0.010     7.1174  11901.21   0.0    132.04   0.0  06.06.2026  09:46:57
  1  10   2  11  $12    0.001     7.8982  27958.11   0.0     38.07   0.0  06.06.2026  09:47:02
  1  10   3  12  $12    0.010     8.0869   6631.35   0.0    125.55   0.2  06.06.2026  09:47:06
  1  11   3  12  $12    0.010     7.6796   3757.69   0.0     96.21   0.0  06.06.2026  09:47:08
  1  13   2  14  $12    0.001     2.7752   9517.23   0.1    155.82   0.6  06.06.2026  09:47:13
  1  13   3  15  $12    0.010     3.6836   2793.30   0.1    116.59   0.4  06.06.2026  09:47:17
  1  13   4  16  $12    0.100    13.6639   1756.08   0.0     34.27   0.2  06.06.2026  09:47:21
  1  13   5   9  $12    0.010     6.4631  16243.57   0.8    151.97   2.2  06.06.2026  09:47:25
  1  14   2  15  $12    0.010    13.3530   4546.80   0.1     53.22   3.9  06.06.2026  09:47:27
  1  14   3  16  $12    0.010     3.6201   2700.01   0.1     47.60   6.5  06.06.2026  09:47:29
  1  15   2  16  $12    0.010     5.7044   1930.72   0.1      7.55  15.7  06.06.2026  09:47:31
  2   3   1   4  $12    0.010     3.5499   2230.46   0.0     -0.80  32.1  06.06.2026  09:47:33
  2   3   5   6  $12   10.000    -2.2905     17.27   0.5   -787.50   3.9  06.06.2026  09:47:50
  2   3   9  10  $12    1.000     3.6297   3831.47   0.8   -730.07   0.2  06.06.2026  09:47:55
  2   3  13  14  $12    1.000    10.0257  41575.49   0.0    -44.44   0.7  06.06.2026  09:47:58
  2   4   5   7  $12    1.000    12.0785    142.30   0.0     15.55   0.6  06.06.2026  09:48:00
  2   4   6   8  $12    1.000    10.8655    409.62   0.0     29.62   0.8  06.06.2026  09:48:02
  2   4   9  11  $12    1.000    -5.9297   1467.02   0.1   -542.39   0.4  06.06.2026  09:48:04
  2   4  10  12  $12    1.000   -12.3608   4659.92   0.1   -709.25   0.3  06.06.2026  09:48:06
  2   4  13  15  $12    1.000    18.2715  18468.92   0.0    -17.98   4.2  06.06.2026  09:48:08
  2   4  14  16  $12    1.000    12.0717  15928.17   0.0     20.15   3.9  06.06.2026  09:48:10
  2   6   1   5  $12    0.010    10.8248   4637.32   0.0     13.50   2.2  06.06.2026  09:48:17
  2   6  14  10  $12    0.100    13.9503  10518.31   0.0     33.29   1.8  06.06.2026  09:48:21
  2   7   1   6  $12    0.010    12.4962   4958.89   0.0     13.15   0.5  06.06.2026  09:48:26
  2   8   1   7  $12    0.010    21.1550   8021.08   0.0      0.38  20.2  06.06.2026  09:48:28
  2  10   1   9  $12    0.001    26.4431  95156.92   0.0      2.60   5.0  06.06.2026  09:48:33
  2  11   1  10  $12    0.001     8.9507  31683.88   0.2    -56.01   5.6  06.06.2026  09:48:35
  2  14   1  13  $12    0.001     5.1504  17662.68   0.7      2.03 244.7  06.06.2026  09:48:37
  2  14   6  10  $12    0.010     4.6493  11685.09   0.3     54.85   2.3  06.06.2026  09:48:42
  2  15   1  14  $12    0.010    10.7508   3660.73   0.3     20.70   7.8  06.06.2026  09:48:44
  2  16   1  15  $12    0.010     5.6345   1907.05   0.1      2.95   9.7  06.06.2026  09:48:46
  3   4   5   6  $12   10.000     3.5953      6.78   0.7    536.80   6.5  06.06.2026  09:48:53
  3   4   9  10  $12   10.000    11.4600    756.06   0.7   -756.23   3.3  06.06.2026  09:48:55
  3   4  13  14  $12    1.000     4.3163  13424.46   0.0    -75.85   0.7  06.06.2026  09:49:00
  3   7   1   5  $12    0.010     3.5788   6745.87   0.0     18.91   1.8  06.06.2026  09:49:07
  3   7  15  11  $12    0.100    15.6910  11830.73   0.0     19.43   0.4  06.06.2026  09:49:11
  3   8   1   6  $12    0.010     4.3678   5239.21   0.0      1.88   6.1  06.06.2026  09:49:16
  3  11   1   9  $12    0.001     7.1706  61437.42   0.0    -13.63   3.2  06.06.2026  09:49:21
  3  12   1  10  $12    0.010     6.6870   5483.40   0.0     77.19   0.9  06.06.2026  09:49:25
  3  12   1  11  $12    0.010     6.6108   3234.73   0.0     53.47   0.7  06.06.2026  09:49:27
  3  15   1  13  $12    0.010     3.8867   2947.36   0.2    116.52   0.5  06.06.2026  09:49:29
  3  15   7  11  $12    0.100     5.8768   1477.00   0.0      3.70   7.5  06.06.2026  09:49:32
  3  16   1  14  $12    0.010     3.4243   2554.00   0.0     26.11   2.1  06.06.2026  09:49:37
  3   4   1   2  $12    0.100    -5.2037    980.88   0.0     14.82   7.3  06.06.2026  09:49:41
  4   8   1   5  $12    0.010     2.5797   3403.77   0.0      0.11 1018.2  06.06.2026  09:49:46
  4   8  16  12  $12    0.100    13.4935  10173.87   0.0     12.39   0.7  06.06.2026  09:49:50
  4  12   1   9  $12    0.010     6.2893  10516.63   0.0     63.41   0.9  06.06.2026  09:49:54
  4  16   1  13  $12    0.100    15.9060   2044.23   0.0     67.96   0.4  06.06.2026  09:49:58
  4  16   8  12  $12    0.100     5.0704   1274.34   0.1      2.26 135.6  06.06.2026  09:50:00
  5   1   6   2  $12    0.010    11.0210   4721.39   0.0     18.07   1.3  06.06.2026  09:50:05
  5   1   7   3  $12    0.010     3.5788   6745.79   0.8     12.10 118.5  06.06.2026  09:50:07
  5   1   8   4  $12    0.010     2.5634   3382.36   0.0      2.03  26.1  06.06.2026  09:50:09
  5   1   9  13  $12    0.010     2.0521  15472.71   0.4     73.05  16.4  06.06.2026  09:50:11
  5   2   6   3  $12    0.010     9.8441   4948.21   0.1     22.62   8.9  06.06.2026  09:50:13
  5   2   7   4  $12    0.010     3.4769  10922.97   0.1     21.26   4.8  06.06.2026  09:50:15
  5   3   6   4  $12    0.010    10.3768   9779.89   0.0     21.39   0.5  06.06.2026  09:50:17
  5   6   1   2  $12    1.000     3.2346    609.71   0.9   -187.45   4.2  06.06.2026  09:50:26
  5   6   2   3  $12    1.000     0.7797     58.79   5.8    663.27   6.1  06.06.2026  09:50:36
  5   6   3   4  $12    1.000     1.6109     30.36   0.8   -160.26  11.6  06.06.2026  09:50:41
  5   6   7   8  $12    0.010    -5.0717   9559.96   0.0     -9.87   8.2  06.06.2026  09:50:49
  5   6   9  10  $12    0.100     8.3757  15787.89   0.0   -539.57   0.0  06.06.2026  09:50:52
  5   6  10  11  $12    0.100    -3.7380  14092.00   0.0  -1896.92   0.0  06.06.2026  09:50:54
  5   6  11  12  $12    0.100     2.1533  14206.23   0.4    193.95   1.6  06.06.2026  09:50:56
  5   6  13  14  $12    0.100    -0.4311   6826.49   0.6     99.21   9.1  06.06.2026  09:51:00
  5   6  14  15  $12    1.000     0.2794    631.98   0.7   1062.47   4.6  06.06.2026  09:51:08
  5   6  15  16  $12    1.000     1.9883   6183.95   0.2   -522.38   1.2  06.06.2026  09:51:13
  5   7   1   3  $12    1.000    18.3271    690.91   0.0    -30.17   3.6  06.06.2026  09:51:15
  5   7   2   4  $12    1.000    14.3182    168.68   0.0    -78.33   0.3  06.06.2026  09:51:17
  5   7   9  11  $12    0.100     7.1934   2711.86   0.1    274.69   0.2  06.06.2026  09:51:22
  5   7  10  12  $12    0.100     1.9141   1578.48   0.6   3008.23   0.4  06.06.2026  09:51:24
  5   7  13  15  $12    1.000    21.2743   8020.22   0.1   -216.77   2.2  06.06.2026  09:51:27
  5   7  14  16  $12    1.000     6.8202   3712.11   0.1    -57.66   1.0  06.06.2026  09:51:29
  5   8   1   4  $12    0.100     2.3026    225.05   0.0     -0.51 139.2  06.06.2026  09:51:34
  5   8   6   7  $12    0.010    20.0909  12623.49   0.0      1.15   6.2  06.06.2026  09:51:39
  5   8   9  12  $12    0.100     6.0432    590.66   0.0    605.81   0.1  06.06.2026  09:51:43
  5   8  13  16  $12    0.100    -0.0119     18.20 175.8  -3987.65 207.8  06.06.2026  09:51:47
  5   9   1  13  $12    0.010    11.1162  27937.98   0.0    214.09   0.1  06.06.2026  09:51:52
  5   9   6  10  $12    0.001    26.5887 113905.68   0.0      4.30   9.7  06.06.2026  09:51:58
  5   9   7  11  $12    0.001     7.1138 134092.56   0.1     14.08   2.5  06.06.2026  09:52:00
  5   9   8  12  $12    0.010     5.3716   7087.69   0.0    158.38   0.1  06.06.2026  09:52:04
  5  10   6  11  $12    0.001     8.1808  32464.18   0.0     16.01   1.2  06.06.2026  09:52:08
  5  10   7  12  $12    0.010     6.9178   8298.08   0.0     86.82   0.1  06.06.2026  09:52:12
  5  11   6  12  $12    0.010    11.2127   4251.38   0.0     76.54   0.2  06.06.2026  09:52:14
  5  13   6  14  $12    0.001     3.0422  10947.43   0.0    106.58   0.5  06.06.2026  09:52:19
  5  13   7  15  $12    0.010     4.5589   3906.07   0.0     99.36   0.5  06.06.2026  09:52:23
  5  13   8  16  $12    0.010     2.4937   4169.86   0.1     36.95   6.5  06.06.2026  09:52:25
  5  14   6  15  $12    0.010    17.0648   6040.65   0.0     49.40   0.2  06.06.2026  09:52:27
  5  14   7  16  $12    0.010     4.6153   3784.61   0.0     53.11   1.0  06.06.2026  09:52:29
  5  15   7  16  $12    0.010     4.7377   2318.21   0.0     32.47   0.6  06.06.2026  09:52:31
  6   2   5   1  $12    0.010    10.6786   4574.70   0.1      6.44  24.8  06.06.2026  09:52:33
  6   2  10  14  $12    0.100    14.1953  10702.98   0.1      6.76   2.0  06.06.2026  09:52:37
  6   3   5   2  $12    0.010     9.5828   4816.85   0.0     11.82   6.4  06.06.2026  09:52:41
  6   4   5   3  $12    0.010     9.9372   9365.59   0.1     12.00  15.1  06.06.2026  09:52:43
  6   7   1   2  $12    1.000     5.8405   2201.81   0.0     64.95   0.8  06.06.2026  09:52:49
  6   7   5   8  $12    0.010    19.6883  12370.52   0.0     -1.65   7.7  06.06.2026  09:52:57
  6   7   9  10  $12    0.100    -2.1564   1625.86   0.3   -765.28   0.5  06.06.2026  09:53:00
  6   7  13  14  $12    1.000     1.5189   1603.32   0.8    801.57   1.0  06.06.2026  09:53:08
  6   8   1   3  $12    1.000    15.5445   1281.91   0.0     -6.01   1.6  06.06.2026  09:53:10
  6   8   2   4  $12    1.000    11.0606    416.97   0.1     23.54   3.4  06.06.2026  09:53:12
  6   8   9  11  $12    1.000    -1.5203     17.91   0.4  -2123.63   0.7  06.06.2026  09:53:14
  6   8  10  12  $12    1.000   -20.8854    787.36   0.1   -387.83   0.2  06.06.2026  09:53:16
  6   8  13  15  $12    1.000     6.8686   1699.30   0.1   -110.07   1.9  06.06.2026  09:53:18
  6   8  14  16  $12    1.000     4.6213   1742.21   0.2     51.74   2.8  06.06.2026  09:53:20
  6  10   2  14  $12    0.010     4.8187  12110.78   0.0     57.67   0.1  06.06.2026  09:53:28
  6  10   5   9  $12    0.001    26.8251 114918.42   0.0     -8.51   1.2  06.06.2026  09:53:33
  6  11   5  10  $12    0.001     8.3792  33251.60   0.2    -17.07  22.9  06.06.2026  09:53:35
  6  12   5  11  $12    0.010    10.3052   3907.28   0.1     47.76   0.7  06.06.2026  09:53:40
  6  14   5  13  $12    0.001     4.0309  14505.48   0.0     90.72   0.4  06.06.2026  09:53:45
  6  15   5  14  $12    0.010    15.8390   5606.71   0.0     31.89   0.1  06.06.2026  09:53:48
  7   3   5   1  $12    0.010     3.5733   6735.52   0.2     29.10  17.6  06.06.2026  09:53:50
  7   3  11  15  $12    0.100    15.6010  11762.90   0.0     22.61   0.4  06.06.2026  09:53:54
  7   4   5   2  $12    0.010     3.4304  10776.97   0.0     22.89   1.3  06.06.2026  09:53:59
  7   8   1   2  $12    1.000     0.7199    474.93   0.9   -247.72   2.2  06.06.2026  09:54:08
  7   8   9  10  $12    1.000    16.3475    308.14   0.4   -603.81   0.8  06.06.2026  09:54:10
  7   8  13  14  $12    1.000    11.6438   7681.81   0.5   -232.42   5.5  06.06.2026  09:54:12
  7  11   3  15  $12    0.100     5.5762   1401.46   0.0     19.46   2.8  06.06.2026  09:54:17
  7  11   5   9  $12    0.001     5.3474 100796.57   0.2     37.51   0.5  06.06.2026  09:54:25
  7  12   5  10  $12    0.010     6.0743   7286.25   0.0     22.15   3.9  06.06.2026  09:54:29
  7  15   5  13  $12    0.010     5.2327   4483.35   0.2    133.99   7.8  06.06.2026  09:54:32
  7  16   5  14  $12    0.010     4.5477   3729.17   0.1     52.35   5.4  06.06.2026  09:54:34
  7  16   5  15  $12    0.010     4.6850   2292.42   0.1     37.51   3.2  06.06.2026  09:54:36
  8   4   5   1  $12    0.010     2.5903   3417.78   0.2     -6.09  54.2  06.06.2026  09:54:38
  8   4  12  16  $12    0.100    13.4658  10153.01   0.0     13.18   0.4  06.06.2026  09:54:41
  7   8   5   6  $12    0.010    -5.8792  11082.05   0.1     35.74   1.3  06.06.2026  09:54:46
  8  12   4  16  $12    0.100     5.0353   1265.50   0.0     -0.23   7.4  06.06.2026  09:54:50
  8  12   5   9  $12    0.010     4.7119   6217.17   0.1     84.48   0.5  06.06.2026  09:54:55
  8  16   5  13  $12    0.010     2.7108   4532.88   0.4     43.84  23.1  06.06.2026  09:54:57
  9   1  10   2  $12    0.001    26.1781  94203.17   0.0     20.11   0.7  06.06.2026  09:55:02
  9   1  11   3  $12    0.001     6.5934  56491.79   0.1     52.81   9.1  06.06.2026  09:55:04
  9   1  12   4  $12    0.010     6.6058  11045.74   0.0    119.24   0.4  06.06.2026  09:55:08
  9   2  10   3  $12    0.001    26.0344  95753.63   0.0     18.11   0.9  06.06.2026  09:55:13
  9   2  11   4  $12    0.001     6.6737  60868.99   0.2     41.98  17.1  06.06.2026  09:55:16
  9   3  11   4  $12    0.001     6.9411  37116.67   0.1     40.70   1.7  06.06.2026  09:55:17
  9   5  10   6  $12    0.001    26.1719 112120.27   0.0     20.06   1.7  06.06.2026  09:55:20
  9   5  11   7  $12    0.001     6.4403 121396.75   0.1     61.27   9.1  06.06.2026  09:55:22
  9   5  12   8  $12    0.010     5.1826   6838.26   0.0    152.60   0.2  06.06.2026  09:55:26
  9   5  13   1  $12    0.010    11.3112  28428.15   0.0    211.70   0.2  06.06.2026  09:55:28
  9   6  10   7  $12    0.001    26.5585 133497.69   0.0     18.62   1.3  06.06.2026  09:55:33
  9   6  11   8  $12    0.001     6.6249 208126.78   0.1     49.94   8.2  06.06.2026  09:55:35
  9   7  10   8  $12    0.001    27.3002 257298.60   0.0     15.07   3.4  06.06.2026  09:55:37
  9  10   1   2  $12    0.100    -0.8804  13940.51   0.4   -642.62   0.5  06.06.2026  09:55:46
  9  10   2   3  $12    0.100     0.6538   6901.82   0.1   -672.33   0.2  06.06.2026  09:55:51
  9  10   3   4  $12    0.100     0.3399   2242.44   1.5   -540.59   9.8  06.06.2026  09:55:57
  9  10   5   6  $12    0.100     4.9173   9268.82   0.0   -495.53   0.2  06.06.2026  09:55:59
  9  10   6   7  $12    0.100    -2.6393   1989.99   0.2   -769.24   0.1  06.06.2026  09:56:01
  9  10   7   8  $12    0.100     4.0813    769.30   0.1   -606.32   0.2  06.06.2026  09:56:03
  9  10  12  11  $12    0.010     5.7012  10746.58   0.0     65.24   0.4  06.06.2026  09:56:08
  9  10  13  14  $12    0.100     9.7194  18320.72   0.0    475.13   0.0  06.06.2026  09:56:11
  9  10  14  15  $12    0.100     8.4636  31907.15   0.1   -110.31   0.5  06.06.2026  09:56:13
  9  10  15  16  $12    0.100     0.7541   4975.37   0.3     69.29  11.7  06.06.2026  09:56:19
  9  11   1   3  $12    1.000    -1.0243    386.16   0.3   -401.62   0.5  06.06.2026  09:56:25
  9  11   2   4  $12    1.000     4.3567   1077.84   0.6   -460.43   0.5  06.06.2026  09:56:27
  9  11   5   7  $12    0.100     5.7793   2178.74   0.0     76.01   0.3  06.06.2026  09:56:32
  9  11   6   8  $12    1.000     6.7381     79.38   0.2    162.20   0.6  06.06.2026  09:56:36
  9  11  13  15  $12    0.010     7.8528  29604.54   0.0    243.99   0.1  06.06.2026  09:56:44
  9  11  14  16  $12    0.010     4.0646  33519.47   0.2     52.14   5.0  06.06.2026  09:56:46
  9  12   1   4  $12    1.000     1.1188    171.83   0.6    493.76   1.3  06.06.2026  09:56:55
  9  12   5   8  $12    0.100     4.2919    419.48   0.0    629.11   0.1  06.06.2026  09:57:00
  9  12  10  11  $12    0.001    19.8637 124807.53   0.0     13.48   4.5  06.06.2026  09:57:08
  9  12  13  16  $12    0.010     9.8268   9604.61   0.0    230.91   0.0  06.06.2026  09:57:12
  9  13   5   1  $12    0.100    19.3797  14611.96   0.0    131.75   0.1  06.06.2026  09:57:15
  9  13  10  14  $12    0.001    26.7029 114394.90   0.0     16.15   1.2  06.06.2026  09:57:24
  9  13  11  15  $12    0.001     6.4316 121232.22   0.9     20.52  56.1  06.06.2026  09:57:26
  9  13  12  16  $12    0.010     5.0412   6651.75   0.0    127.90   0.6  06.06.2026  09:57:30
  9  14  10  15  $12    0.001    26.8741 106645.11   0.0      9.87   6.0  06.06.2026  09:57:35
  9  14  11  16  $12    0.001     6.9074  82855.19   0.9      5.08 132.4  06.06.2026  09:57:37
  9  15  10  16  $12    0.001    26.2197  99413.86   0.0     17.70   7.1  06.06.2026  09:57:40
 10   2   9   1  $12    0.001    27.1366  97652.47   0.0    -15.33   0.8  06.06.2026  09:57:42
 10   3   9   2  $12    0.001    27.2470 100213.31   0.0    -22.89   0.6  06.06.2026  09:57:45
 10   6   9   5  $12    0.001    27.3028 116965.00   0.0    -19.22   0.5  06.06.2026  09:57:47
 10   6  14   2  $12    0.010     4.8541  12199.72   0.0     53.93   2.1  06.06.2026  09:57:51
 10   7   9   6  $12    0.001    27.2926 137187.52   0.0     -9.23   1.4  06.06.2026  09:57:57
 10   8   9   7  $12    0.001    28.1714 265509.22   0.0    -13.53   0.4  06.06.2026  09:57:59
 10  11   1   2  $12    0.100     0.2155   4875.35   1.4  -1810.43   1.6  06.06.2026  09:58:08
 10  11   5   6  $12    0.100     1.0258   3867.25   0.6   2317.17   0.2  06.06.2026  09:58:10
 10  11   9  12  $12    0.001    20.4901 128742.86   0.0    -26.67   0.3  06.06.2026  09:58:18
 10  11  13  14  $12    0.010     2.8748  21675.72   0.1    430.61   0.2  06.06.2026  09:58:21
 10  12   1   3  $12    0.100     0.2652   1443.24   0.7   -147.48   3.5  06.06.2026  09:58:28
 10  12   2   4  $12    0.100    -0.2744   1034.61   2.0  -1513.78   3.2  06.06.2026  09:58:34
 10  12   5   7  $12    0.100     4.6705   3851.59   0.0    256.85   0.0  06.06.2026  09:58:36
 10  12   6   8  $12    0.100    -0.4470    168.53   0.3  -1400.86   0.5  06.06.2026  09:58:41
 10  12  13  15  $12    0.010     7.1710   8448.19   0.0    278.96   0.0  06.06.2026  09:58:46
 10  12  14  16  $12    0.010     3.8755  14610.30   0.1     91.44   2.4  06.06.2026  09:58:48
 10  14   6   2  $12    0.100    13.8609  10450.89   0.0     32.39   0.2  06.06.2026  09:58:52
 10  14   9  13  $12    0.001    28.6976 122940.43   0.0    -26.66   0.3  06.06.2026  09:59:00
 10  15   9  14  $12    0.001    27.5226 109218.82   0.0    -26.83   0.5  06.06.2026  09:59:02
 10  16   9  15  $12    0.001    27.0602 102600.97   0.0    -22.09   0.8  06.06.2026  09:59:05
 11   3   9   1  $12    0.001     7.1071  60893.17   0.1     21.25   6.2  06.06.2026  09:59:07
 11   4   9   2  $12    0.001     6.5854  60063.59   0.0     57.33   3.2  06.06.2026  09:59:09
 11   4   9   3  $12    0.001     6.7477  36082.61   0.1     61.33   2.1  06.06.2026  09:59:11
 11   7   9   5  $12    0.001     6.4747 122045.41   0.0     60.52   1.8  06.06.2026  09:59:13
 11   7  15   3  $12    0.100     5.8750   1476.55   0.0     31.04   0.7  06.06.2026  09:59:18
 11   8   9   6  $12    0.001     6.3984 201012.76   0.0     61.97   2.7  06.06.2026  09:59:26
 11  12   1   2  $12   10.000     4.5070   1401.76   0.5   1355.08   0.5  06.06.2026  09:59:35
 11  12   5   6  $12    1.000     5.2260   3447.78   0.3    146.96   0.2  06.06.2026  09:59:39
 11  12  13  14  $12    0.100     4.3726    824.22   0.1    358.13   0.0  06.06.2026  09:59:44
 11  15   7   3  $12    0.100    13.0825   9863.98   0.0      8.10   4.1  06.06.2026  09:59:46
 11  15   9  13  $12    0.001     3.6590  68970.92   0.0    -52.13   1.1  06.06.2026  09:59:54
 11  16   9  14  $12    0.001     3.6884  44243.41   0.1    -52.62   2.5  06.06.2026  09:59:56
 12   4   9   1  $12    0.010     5.7440   9604.84   0.1     56.10   1.3  06.06.2026  10:00:00
 12   8   9   5  $12    0.010     4.3824   5782.44   0.0     72.91   1.7  06.06.2026  10:00:02
 12   8  16   4  $12    0.100     5.0209   1261.90   0.0      0.80  42.3  06.06.2026  10:00:06
 12  11   9  10  $12    0.010     2.9121   5489.15   0.2     68.41   2.9  06.06.2026  10:00:11
 12  16   8   4  $12    0.100    13.0443   9835.19   0.0      5.64   8.5  06.06.2026  10:00:15
 12  16   9  13  $12    0.010     4.9589   6543.12   0.1     93.43   0.3  06.06.2026  10:00:20
 13   1   9   5  $12    0.010     8.2603  20760.51   0.0    174.22   0.7  06.06.2026  10:00:22
 13   1  14   2  $12    0.001     2.6848   9207.03   0.0    150.15   0.6  06.06.2026  10:00:27
 13   1  15   3  $12    0.010     3.4923   2648.28   0.0    104.09   0.7  06.06.2026  10:00:31
 13   1  16   4  $12    0.100    13.5188   1737.44   0.0     30.60   0.7  06.06.2026  10:00:34
 13   2  14   3  $12    0.010    17.7992   6156.11   0.6    125.93   2.1  06.06.2026  10:00:39
 13   2  15   4  $12    0.010     3.1463   2434.67   0.1    100.05   1.3  06.06.2026  10:00:41
 13   3  14   4  $12    0.010    22.2464   7774.18   0.0    147.08   0.4  06.06.2026  10:00:43
 13   5  14   6  $12    0.001     2.9448  10596.97   0.1    141.13   0.2  06.06.2026  10:00:48
 13   5  15   7  $12    0.010     4.6249   3962.62   0.0    101.96   0.2  06.06.2026  10:00:52
 13   5  16   8  $12    0.010     2.5225   4217.90   0.0     36.33   1.5  06.06.2026  10:00:54
 13   6  14   7  $12    0.001     3.4242  12594.24   0.1    130.06   0.1  06.06.2026  10:00:59
 13   6  15   8  $12    0.010     5.3488   4878.51   0.0     76.89   0.2  06.06.2026  10:01:03
 13   7  15   8  $12    0.010    19.9059  10644.45   0.0     24.73   0.1  06.06.2026  10:01:05
 13   9   1   5  $12    0.010     2.0209  15237.35   0.3     84.39   4.8  06.06.2026  10:01:07
 13   9  14  10  $12    0.001    26.5402 113698.15   0.0     31.36   1.6  06.06.2026  10:01:12
 13   9  15  11  $12    0.001     4.9026  92411.64   0.7     69.21  17.3  06.06.2026  10:01:14
 13   9  16  12  $12    0.010     4.9955   6591.47   0.0    120.04   0.2  06.06.2026  10:01:18
 13  10  14  11  $12    0.001     7.1735  36058.14   0.0     70.65   0.3  06.06.2026  10:01:23
 13  10  15  12  $12    0.010     6.5827  20680.04   0.0    149.50   0.0  06.06.2026  10:01:26
 13  11  14  12  $12    0.010    23.0281  21703.50   0.0    172.69   0.2  06.06.2026  10:01:29
 13  14   1   2  $12    1.000     7.5372  40632.76   0.7      0.00 -934.9  06.06.2026  10:01:34
 13  14   2   3  $12    1.000    11.7862  48876.23   0.1    -12.23   7.1  06.06.2026  10:01:36
 13  14   3   4  $12    1.000     6.0258  18741.33   0.1     -2.87 102.1  06.06.2026  10:01:38
 13  14   5   6  $12    1.000     2.0469   3241.04   0.9   -266.66   4.1  06.06.2026  10:01:40
 13  14   6   7  $12    1.000     8.8140   9303.87   0.0     55.59   3.1  06.06.2026  10:01:42
 13  14   7   8  $12    1.000     2.4790   1635.49   0.2   -292.91   3.8  06.06.2026  10:01:44
 13  14   9  10  $12    0.100    -1.1742   2213.25   0.7   -235.70   3.6  06.06.2026  10:01:50
 13  14  10  11  $12    0.100    -9.4105   7095.35   0.6   -119.79   6.2  06.06.2026  10:01:52
 13  14  11  12  $12    0.100    -1.8427    347.34   0.3     12.93  56.4  06.06.2026  10:01:56
 13  14  16  15  $12    0.010     6.0203  11347.99   0.0     37.10   0.3  06.06.2026  10:02:01
 13  15   1   3  $12    0.100     2.5282  33359.42   0.0    -22.59   6.4  06.06.2026  10:02:04
 13  15   2   4  $12    0.100     2.1745  21980.04   0.6     17.42  25.8  06.06.2026  10:02:06
 13  15   5   7  $12    1.000    12.6928   4785.09   0.0     47.89   0.1  06.06.2026  10:02:10
 13  15   6   8  $12    1.000    12.0217   2974.18   0.0     37.08   0.2  06.06.2026  10:02:12
 13  15   9  11  $12    0.100    19.2772   7267.34   0.1     74.85   0.0  06.06.2026  10:02:17
 13  15  10  12  $12    0.100    17.6149   2075.21   0.0    155.40   1.1  06.06.2026  10:02:19
 13  16   1   4  $12    0.100     4.2791  24197.64   0.8      0.79 612.5  06.06.2026  10:02:21
 13  16   5   8  $12    1.000    15.8930   2440.99   0.1    146.46   0.1  06.06.2026  10:02:25
 13  16   9  12  $12    0.010     2.4477   2392.33   0.2     -2.77 101.6  06.06.2026  10:02:32
 13  16  14  15  $12    0.010     6.8428   4299.46   0.2      5.82  69.2  06.06.2026  10:02:34
 14   2  10   6  $12    0.010     4.7068  11829.49   0.7     40.48  24.2  06.06.2026  10:02:37
 14   2  13   1  $12    0.010    11.0231   3780.22   0.1     10.58  10.5  06.06.2026  10:02:38
 14   3  13   2  $12    0.010    10.1215   3500.65   0.0     15.19   7.3  06.06.2026  10:02:40
 14   4  13   3  $12    0.010    10.5307   3680.03   0.1     15.79   7.1  06.06.2026  10:02:42
 14   6  13   5  $12    0.010    15.5606   5599.58   0.0     18.45   0.7  06.06.2026  10:02:44
 14   7  13   6  $12    0.010    18.2389   6708.19   0.0     25.81   0.2  06.06.2026  10:02:46
 14  10   2   6  $12    0.100    14.5175  10945.93   0.0     12.87   5.2  06.06.2026  10:02:50
 14  10  13   9  $12    0.001    26.9162 115308.75   0.0    -19.35   1.4  06.06.2026  10:02:59
 14  11  13  10  $12    0.001     6.3695  32016.72   0.4     56.67  14.0  06.06.2026  10:03:01
 14  12  13  11  $12    0.010    11.7695  11092.45   0.0     51.36   1.0  06.06.2026  10:03:05
 14  15   1   2  $12    1.000     3.1865  21863.20   0.0   -213.67   0.1  06.06.2026  10:03:10
 14  15   5   6  $12    1.000    -2.5658   5803.71   0.2   -849.58   0.7  06.06.2026  10:03:12
 14  15   9  10  $12    0.100     7.6083  28682.79   0.0   -153.36   0.8  06.06.2026  10:03:17
 14  15  13  16  $12    0.010     7.8072   4905.42   0.1     33.88   0.0  06.06.2026  10:03:22
 14  16   1   3  $12    1.000    13.5772  22873.21   0.0    -22.52   0.5  06.06.2026  10:03:27
 14  16   2   4  $12    1.000    11.9178  15725.19   0.1     48.70   3.7  06.06.2026  10:03:29
 14  16   5   7  $12    1.000     5.8924   3207.12   0.0    124.14   0.3  06.06.2026  10:03:31
 14  16   6   8  $12    1.000     4.9283   1857.93   0.0    101.48   0.2  06.06.2026  10:03:33
 14  16   9  11  $12    0.010     3.6671  30241.49   0.0     -0.03 -2555.0  06.06.2026  10:03:41
 14  16  10  12  $12    0.010     3.6400  13722.37   0.0     38.08  19.7  06.06.2026  10:03:43
 15   3  11   7  $12    0.100     5.6185   1412.09   0.0     15.20   9.4  06.06.2026  10:03:47
 15   3  13   1  $12    0.010     2.7838   2110.99   0.0     44.20   0.9  06.06.2026  10:03:52
 15   4  13   2  $12    0.010     2.7366   2117.63   0.2     44.66   9.1  06.06.2026  10:03:54
 15   7  13   5  $12    0.010     4.0216   3445.70   0.1     49.34   1.0  06.06.2026  10:03:56
 15   8  13   6  $12    0.010     4.7151   4300.48   0.0     33.76   1.0  06.06.2026  10:03:58
 15   8  13   7  $12    0.010    19.3861  10366.53   0.0      9.09   0.9  06.06.2026  10:04:00
 15  11   3   7  $12    0.100    14.1011  10631.96   0.0     11.44   2.0  06.06.2026  10:04:03
 15  11  13   9  $12    0.001     5.3694 101210.77   0.0     69.76   0.8  06.06.2026  10:04:11
 15  12  13  10  $12    0.010     6.3992  20103.71   0.0    114.21   3.4  06.06.2026  10:04:16
 15  16   1   2  $12    1.000     2.6092  22377.88   0.0    -13.88   2.2  06.06.2026  10:04:21
 15  16   5   6  $12   10.000     5.6895   1769.54   0.0    136.40   1.5  06.06.2026  10:04:25
 15  16   9  10  $12    1.000     4.6240   3050.63   0.1    -99.21   3.9  06.06.2026  10:04:30
 16   4  12   8  $12    0.100     5.0211   1261.94   0.0      2.69   3.8  06.06.2026  10:04:35
 16   4  13   1  $12    0.100    13.7999   1773.56   0.0     45.59   0.7  06.06.2026  10:04:37
 16   8  13   5  $12    0.010     2.4617   4116.24   0.0     22.67   3.5  06.06.2026  10:04:41
 16  12   4   8  $12    0.100    13.0364   9829.24   0.0      4.15   4.3  06.06.2026  10:04:45
 16  12  13   9  $12    0.010     4.9140   6483.84   0.1     95.57   0.7  06.06.2026  10:04:50
 16  15  13  14  $12    0.010     4.0643   7661.10   0.6    -88.31   5.3  06.06.2026  10:04:52
