//C:\Users\user\Desktop\GeoTom\GeoTomE724.ini
//- Cable direction:
//  cable I: normal
//  cable II: normal
//  cable III: normal
//  cable IV: normal
//- Cable arrangement: sequential
//- Optimization: Last measurement
//- Sorting: Multi-level
//- Current levels: 0.001 mA .. 50.0 mA
Type:         Flow
Name:         Hyprop
Comment:      Example of a measurements sequence
Comment:      
Comment:      
Spacing:      1.00000
First El:     0.00000
Nr of points: 289
IP present:   1

  1   5   2   6  $12    0.010    14.2093   6087.24   0.0    114.13   0.1  19.07.2025  13:25:05
  1   5   3   7  $12    0.010     3.1161   5873.70   0.0     10.19   1.2  19.07.2025  13:25:08
  1   5   4   8  $12    0.010     2.0242   2670.85   0.1   -122.62   2.1  19.07.2025  13:25:10
  1   5  14   2  $12    0.100   -15.8428   1420.31   0.0    -15.55   0.8  19.07.2025  13:25:13
  1   5  15   3  $12    0.100    -8.2901  18230.92   0.0    -42.96   0.4  19.07.2025  13:25:15
  1   5  16   4  $12    0.100    -7.1442    698.74   0.1   -454.13   0.1  19.07.2025  13:25:17
  1   5  13   9  $12    0.100     8.5674   6459.70   0.0    500.52   0.0  19.07.2025  13:25:19
  1   5  14  10  $12    0.100    -0.8335    957.35   0.3 -10932.00   0.2  19.07.2025  13:25:22
  1   5  15  11  $12    0.100    10.0049  16501.42   0.0     -3.89   0.8  19.07.2025  13:25:24
  1   5  16  12  $12    0.100     9.7255  22055.80   0.0    -11.45   0.5  19.07.2025  13:25:26
  1   5  10   6  $12    0.010    12.2821  10852.12   0.1     48.63   0.5  19.07.2025  13:25:31
  1   5  11   7  $12    0.100    12.2987   2897.81   0.0     41.21   0.0  19.07.2025  13:25:34
  1   5  12   8  $12    0.100     3.9172   1776.73   0.0     10.27   1.3  19.07.2025  13:25:36
  2   6   1   5  $12    0.010    11.4387   4900.32   0.1     63.62   0.4  19.07.2025  13:25:41
  2   6   3   7  $12    0.010     9.0968   3897.04   0.1      6.67  10.5  19.07.2025  13:25:43
  2   6   4   8  $12    0.010     3.7098   6992.85   0.0      8.41  26.1  19.07.2025  13:25:45
  2   6  13   1  $12    0.100   -17.0365   1256.46   0.0     28.62   0.0  19.07.2025  13:25:49
  2   6  15   3  $12    0.010    -6.2036   5561.59   0.0      6.91   2.7  19.07.2025  13:25:54
  2   6  16   4  $12    0.010    -2.2046  48481.42   0.1     23.10   9.9  19.07.2025  13:25:56
  2   6  13   9  $12    0.100    13.6079   6172.08   0.0    -22.73   1.3  19.07.2025  13:26:00
  2   6  14  10  $12    0.100    13.6680  10305.41   0.0    -47.71   0.8  19.07.2025  13:26:02
  2   6  15  11  $12    0.100    11.4060  13101.41   0.0      0.14  93.9  19.07.2025  13:26:04
  2   6  16  12  $12    0.100    12.2610  20222.56   0.0      0.79   9.4  19.07.2025  13:26:06
  2   6   9   5  $12    0.010     8.7686  11569.92   0.0     91.07   0.3  19.07.2025  13:26:11
  2   6  11   7  $12    0.100    17.2168   1521.23   0.0      7.70   0.7  19.07.2025  13:26:15
  2   6  12   8  $12    1.000    16.2003    381.71   0.0     37.28   0.0  19.07.2025  13:26:18
  3   7   1   5  $12    0.010     3.1742   5983.26   0.0      8.14  14.0  19.07.2025  13:26:26
  3   7   2   6  $12    0.010     9.1712   3928.95   0.0      3.51  34.8  19.07.2025  13:26:28
  3   7   4   8  $12    0.010     9.2808   3975.87   0.1     12.37   1.5  19.07.2025  13:26:30
  3   7  13   1  $12    0.100    -8.1272   1276.61   0.0     21.58   0.6  19.07.2025  13:26:34
  3   7  14   2  $12    0.010    -6.0304   4447.50   0.0      6.61   2.0  19.07.2025  13:26:39
  3   7  16   4  $12    0.010    -4.1806   3747.90   0.0     10.19  39.8  19.07.2025  13:26:41
  3   7  13   9  $12    0.100    11.0299   2598.85   0.0    -13.64   2.5  19.07.2025  13:26:45
  3   7  14  10  $12    0.100    11.4757   5205.02   0.0    -31.74   3.8  19.07.2025  13:26:47
  3   7  15  11  $12    0.100    11.8397   8926.90   0.0      1.91   4.9  19.07.2025  13:26:49
  3   7  16  12  $12    0.100    13.3666  15353.51   0.0      1.88   4.1  19.07.2025  13:26:51
  3   7   9   5  $12    0.100    12.4794   2352.31   0.0     28.13   0.4  19.07.2025  13:26:53
  3   7  10   6  $12    0.100    18.7893   2479.19   0.0     28.80   1.1  19.07.2025  13:26:55
  3   7  12   8  $12    0.010     3.7604   3322.58   0.0     24.25   0.2  19.07.2025  13:27:00
  4   8   1   5  $12    0.010     2.0996   2770.30   0.1   -156.76   1.6  19.07.2025  13:27:02
  4   8   2   6  $12    0.010     3.6631   6904.80   0.0      3.29  16.6  19.07.2025  13:27:04
  4   8   3   7  $12    0.010     9.1797   3932.58   0.0     10.71   0.1  19.07.2025  13:27:06
  4   8  13   1  $12    0.100    -2.2713    510.83   0.0    220.03   0.1  19.07.2025  13:27:21
  4   8  14   2  $12    0.100   -20.1781   3169.57   0.0     16.15   0.3  19.07.2025  13:27:23
  4   8  15   3  $12    0.010    -4.0325   2974.02   0.0     14.68   0.9  19.07.2025  13:27:28
  4   8  13   9  $12    0.100    13.0391   1152.10   0.0   -203.29   0.5  19.07.2025  13:27:32
  4   8  14  10  $12    0.100    17.9378   4226.49   0.1   -317.12   0.3  19.07.2025  13:27:34
  4   8  15  11  $12    0.100    12.3497   5601.43   0.0      0.64  21.8  19.07.2025  13:27:36
  4   8  16  12  $12    0.100    14.8644  11207.49   0.0      2.24   6.4  19.07.2025  13:27:38
  4   8   9   5  $12    0.100     5.1644    221.24   0.0   -133.90   1.0  19.07.2025  13:27:40
  4   8  10   6  $12    0.100    -1.1479    216.38   0.9  -5006.34   1.2  19.07.2025  13:27:42
  4   8  11   7  $12    0.010     3.9620   5227.74   0.0      9.14   1.6  19.07.2025  13:27:47
  5   9   6  10  $12    0.001     2.4096  10322.77   0.5     24.93  42.4  19.07.2025  13:27:52
  5   9   7  11  $12    0.010     2.2801   4297.80   0.0     22.17   1.9  19.07.2025  13:27:56
  5   9   8  12  $12    0.100    12.4880   1647.75   0.0     13.21   0.7  19.07.2025  13:28:00
  5   9   2   6  $12    0.010    -8.0072  10565.29   0.0    121.81   0.1  19.07.2025  13:28:04
  5   9   3   7  $12    0.100   -11.9592   2254.25   0.0     15.30   0.2  19.07.2025  13:28:08
  5   9   4   8  $12    0.100    -5.2343    224.23   0.2   -102.98   1.1  19.07.2025  13:28:10
  5   9   1  13  $12    0.100     8.1058   2037.22   0.0     33.70   4.5  19.07.2025  13:28:12
  5   9   2  14  $12    0.100     7.6613   1723.09   0.0     21.63   0.8  19.07.2025  13:28:14
  5   9   3  15  $12    0.100     6.2562    982.73   0.0     20.58   2.0  19.07.2025  13:28:16
  5   9   4  16  $12    0.100     4.6700    344.41   0.2    163.80   0.6  19.07.2025  13:28:18
  5   9  14  10  $12    0.010    14.3562  12684.75   0.0    -14.08   7.8  19.07.2025  13:28:23
  5   9  15  11  $12    0.100     3.7413    881.51   0.0     -4.25   0.5  19.07.2025  13:28:27
  5   9  16  12  $12    0.100     2.6610   1206.94   0.0      6.53   1.9  19.07.2025  13:28:29
  6  10   5   9  $12    0.010    22.3669   9581.97   0.0     19.70   0.3  19.07.2025  13:28:34
  6  10   7  11  $12    0.010     4.2231   1809.18   0.3    -28.73   3.2  19.07.2025  13:28:36
  6  10   8  12  $12    0.010     2.0760   3913.19   0.0    -13.63   4.9  19.07.2025  13:28:38
  6  10   1   5  $12    0.010    -8.6563   7648.52   0.3     -7.86  42.4  19.07.2025  13:28:40
  6  10   3   7  $12    0.100   -18.1631   2396.56   0.0     21.03   0.5  19.07.2025  13:28:44
  6  10   4   8  $12    0.100    -0.1213     22.87   0.5  31565.93   0.6  19.07.2025  13:28:58
  6  10   1  13  $12    0.100    13.9950   3147.61   0.0   -147.04   0.0  19.07.2025  13:29:00
  6  10   2  14  $12    0.100     8.6895   2183.90   0.0    -76.11   0.3  19.07.2025  13:29:02
  6  10   3  15  $12    0.100     8.1842   1840.72   0.0    -97.21   0.0  19.07.2025  13:29:04
  6  10   4  16  $12    0.100    11.1173   1746.30   0.0   -308.22   0.1  19.07.2025  13:29:06
  6  10  13   9  $12    0.010    12.9443  17079.62   0.0     72.92   1.0  19.07.2025  13:29:11
  6  10  15  11  $12    0.100    14.2469   1258.82   0.0     -2.97   1.0  19.07.2025  13:29:14
  6  10  16  12  $12    0.100     7.9144   1864.78   0.0    -40.95   0.3  19.07.2025  13:29:16
  7  11   5   9  $12    0.100    22.8636   4309.69   0.0     12.71   0.4  19.07.2025  13:29:18
  7  11   6  10  $12    0.010     4.0863   1750.55   0.1    -11.10  30.8  19.07.2025  13:29:23
  7  11   8  12  $12    0.010     7.6956   3296.80   0.1      3.59  62.7  19.07.2025  13:29:25
  7  11   1   5  $12    0.100   -13.2428   3120.27   0.0     34.16   3.2  19.07.2025  13:29:29
  7  11   2   6  $12    0.100   -17.1771   1517.72   0.0     13.21   3.5  19.07.2025  13:29:31
  7  11   4   8  $12    0.010    -4.0175   5301.02   0.0     16.33   8.3  19.07.2025  13:29:36
  7  11   1  13  $12    0.100     6.7995   1068.06   0.0      6.84   0.9  19.07.2025  13:29:40
  7  11   2  14  $12    0.100     9.6636   2173.43   0.0      3.24   8.0  19.07.2025  13:29:42
  7  11   3  15  $12    0.100    10.5826   2659.70   0.0      3.19   2.7  19.07.2025  13:29:44
  7  11   4  16  $12    0.100     9.4497   2125.33   0.0      7.31   4.4  19.07.2025  13:29:46
  7  11  13   9  $12    0.100     2.8223    531.99   0.0    -54.74   8.6  19.07.2025  13:29:48
  7  11  14  10  $12    0.100    14.0120   1848.84   0.0    -27.02   3.5  19.07.2025  13:29:50
  7  11  16  12  $12    0.010     2.5890   2287.59   0.0     -2.47   7.6  19.07.2025  13:29:55
  8  12   5   9  $12    0.100    13.0717   1724.77   0.0      8.62   1.2  19.07.2025  13:29:59
  8  12   6  10  $12    0.100    20.1652   3801.05   0.1    -12.69   8.8  19.07.2025  13:30:01
  8  12   7  11  $12    0.010     7.4848   3206.48   0.0      5.29   5.4  19.07.2025  13:30:06
  8  12   1   5  $12    0.100    -4.3168   1957.97   0.0     45.29   1.0  19.07.2025  13:30:09
  8  12   2   6  $12    1.000   -16.5311    389.50   0.0     31.01   0.2  19.07.2025  13:30:13
  8  12   3   7  $12    0.010    -3.5936   3175.21   0.0     18.36   0.4  19.07.2025  13:30:21
  8  12   1  13  $12    0.100     6.4605    476.47   0.0      3.00   1.0  19.07.2025  13:30:25
  8  12   2  14  $12    0.100    11.0810   1740.61   0.0      2.72   8.4  19.07.2025  13:30:27
  8  12   3  15  $12    0.100    12.7105   2858.72   0.0      2.01   4.9  19.07.2025  13:30:29
  8  12  16   4  $12    0.100   -12.0094   3018.30   0.0     10.55   4.0  19.07.2025  13:30:31
  8  12   9  13  $12    0.100    -2.2592     96.78   0.2    -49.08   9.4  19.07.2025  13:30:33
  8  12  10  14  $12    0.100    -7.1734   1352.16   0.1    -48.71   3.4  19.07.2025  13:30:35
  8  12  11  15  $12    0.010    -2.5386   3349.62   0.0      9.32   9.0  19.07.2025  13:30:40
  9  13  10  14  $12    0.010    18.3146   7845.95   0.0     38.24   1.8  19.07.2025  13:30:42
  9  13  11  15  $12    0.010     2.1646   4080.18   0.7     33.45   7.4  19.07.2025  13:30:44
  9  13  12  16  $12    0.100    15.7204   2074.26   0.0      1.57   1.3  19.07.2025  13:30:48
  9  13   6  10  $12    0.010   -12.8708  16982.60   0.0     60.11   0.9  19.07.2025  13:30:52
  9  13   7  11  $12    0.100    -2.8135    530.33   0.0    -64.81   0.1  19.07.2025  13:31:00
  9  13   8  12  $12    0.100    -2.1931     93.95   0.0     17.18   1.3  19.07.2025  13:31:02
  9  13   5   1  $12    0.100     9.4019   7088.88   0.1    376.25   0.1  19.07.2025  13:31:04
  9  13   6   2  $12    0.100    13.4801   6114.14   0.0    -19.31   0.2  19.07.2025  13:31:06
  9  13   7   3  $12    0.100    10.9185   2572.62   0.0    -12.70   0.3  19.07.2025  13:31:08
  9  13   8   4  $12    0.100    12.5475   1108.66   0.0   -146.96   0.6  19.07.2025  13:31:10
  9  13   2  14  $12    0.010     4.0692   3001.09   0.0     13.58   1.7  19.07.2025  13:31:15
  9  13   3  15  $12    0.100     8.3092   1305.21   0.0     41.56   0.5  19.07.2025  13:31:19
  9  13   4  16  $12    0.100     0.9649    217.02   0.0   1822.81   0.1  19.07.2025  13:31:23
 10  14   9  13  $12    0.010    18.2408   7814.36   0.0     45.29   0.6  19.07.2025  13:31:28
 10  14  11  15  $12    0.010     4.0352   1728.66   0.0      7.69  49.4  19.07.2025  13:31:30
 10  14  12  16  $12    0.010     2.2902   4316.90   0.0     -2.36  34.5  19.07.2025  13:31:32
 10  14   5   9  $12    0.010   -14.6954  12984.48   0.0    -19.69   4.3  19.07.2025  13:31:34
 10  14   7  11  $12    0.100   -13.7906   1819.63   0.0    -22.05   0.8  19.07.2025  13:31:38
 10  14   8  12  $12    0.100    -6.3499   1196.92   0.0     28.55   0.3  19.07.2025  13:31:40
 10  14   5   1  $12    0.100     0.6628    761.30   0.5  11507.63   0.4  19.07.2025  13:31:42
 10  14   6   2  $12    0.100    13.8006  10405.41   0.0    -47.47   0.3  19.07.2025  13:31:44
 10  14   7   3  $12    0.100    11.7108   5311.64   0.0    -34.61   0.0  19.07.2025  13:31:46
 10  14   8   4  $12    0.100    17.2382   4061.66   0.0   -231.44   0.1  19.07.2025  13:31:48
 10  14   1  13  $12    0.010     3.9522   3543.13   0.0     28.40   0.5  19.07.2025  13:31:53
 10  14   3  15  $12    0.100    13.0585    963.08   0.0     55.95   0.1  19.07.2025  13:31:57
 10  14   4  16  $12    0.100    -0.1179     18.52   3.4 -28187.49   3.4  19.07.2025  13:32:11
 11  15   9  13  $12    0.100    22.3710   4216.83   0.0     -0.15 177.3  19.07.2025  13:32:13
 11  15  10  14  $12    0.010     3.9857   1707.49   0.1     -1.52 240.0  19.07.2025  13:32:18
 11  15  12  16  $12    0.010     8.5499   3662.78   0.2     -8.66  13.0  19.07.2025  13:32:20
 11  15   5   9  $12    0.100    -3.9275    925.38   0.0     15.32   9.4  19.07.2025  13:32:24
 11  15   6  10  $12    0.100    -8.7578    773.81   0.2    342.46   0.2  19.07.2025  13:32:26
 11  15   8  12  $12    0.010    -2.5555   3371.86   0.0     13.16   2.3  19.07.2025  13:32:31
 11  15   5   1  $12    0.100    10.0123  16513.72   0.0     -4.56   7.9  19.07.2025  13:32:34
 11  15   6   2  $12    0.100    11.4622  13166.04   0.0      0.54  31.3  19.07.2025  13:32:36
 11  15   7   3  $12    0.100    11.8914   8965.91   0.0      0.25  29.3  19.07.2025  13:32:39
 11  15   8   4  $12    0.100    12.6396   5732.89   0.0      1.98   7.3  19.07.2025  13:32:41
 11  15   1  13  $12    0.100     8.3599  18384.48   0.0      1.26  34.3  19.07.2025  13:32:43
 11  15   2  14  $12    0.100    13.2958   1191.97   0.0      5.91   2.5  19.07.2025  13:32:45
 11  15   4  16  $12    0.010     4.5809   3378.43   0.1     -3.94  19.2  19.07.2025  13:32:49
 12  16   9  13  $12    0.100    15.9157   2100.02   0.0      1.84  10.5  19.07.2025  13:32:53
 12  16  10  14  $12    0.100    22.7183   4282.29   0.1      6.87   6.6  19.07.2025  13:32:55
 12  16  11  15  $12    0.010     8.4052   3600.78   0.0      1.48   5.5  19.07.2025  13:33:00
 12  16   5   9  $12    0.100    -2.8719   1302.60   0.1      9.99  14.9  19.07.2025  13:33:04
 12  16   6  10  $12    0.100    -6.0851   1433.77   0.1    135.48   3.5  19.07.2025  13:33:06
 12  16   7  11  $12    0.010    -2.5074   2215.47   0.0      8.54   6.8  19.07.2025  13:33:11
 12  16   5   1  $12    0.100     9.6731  21936.93   0.0      0.99  38.9  19.07.2025  13:33:15
 12  16   6   2  $12    0.100    12.2923  20274.08   0.0      1.66  12.0  19.07.2025  13:33:17
 12  16   7   3  $12    0.100    13.4059  15398.59   0.0      1.07   0.7  19.07.2025  13:33:19
 12  16   8   4  $12    0.100    15.2069  11465.75   0.0      5.25   4.0  19.07.2025  13:33:21
 12  16  13   1  $12    0.100    -3.3323    325.92   0.0      8.74   3.3  19.07.2025  13:33:23
 12  16  14   2  $12    0.100    -3.3617   7392.87   0.1      5.55  48.5  19.07.2025  13:33:25
 12  16  15   3  $12    0.010    -4.4945   4029.31   0.0      5.32   5.6  19.07.2025  13:33:30
 13   1  14   2  $12    0.010     6.5025   2229.93   0.0      3.93  11.2  19.07.2025  13:33:32
 13   1  15   3  $12    0.010     2.3305   1767.24   0.0      1.80  21.3  19.07.2025  13:33:34
 13   1  16   4  $12    0.100    12.1258   1558.40   0.0      3.98  26.9  19.07.2025  13:33:38
 13   1  10  14  $12    0.010    -3.9829   3570.68   0.2     21.93  14.4  19.07.2025  13:33:42
 13   1  11  15  $12    0.100    -8.2853  18220.25   0.0      6.25   0.8  19.07.2025  13:33:48
 13   1  12  16  $12    0.100    -3.3662    329.23   0.0      4.91   2.2  19.07.2025  13:33:50
 13   1   9   5  $12    0.100     8.4370   2120.46   0.0     -4.90   3.6  19.07.2025  13:33:52
 13   1  10   6  $12    0.100     8.4221   1894.21   0.4     -8.68  11.0  19.07.2025  13:33:54
 13   1  11   7  $12    0.100     6.9121   1085.74   0.2     -8.82  29.0  19.07.2025  13:33:56
 13   1  12   8  $12    0.100     6.3997    471.99   0.0     -0.58  75.8  19.07.2025  13:33:58
 13   1   6   2  $12    0.100    16.0810   1185.99   0.0     11.49   0.8  19.07.2025  13:34:00
 13   1   7   3  $12    0.100     7.8462   1232.48   0.0      5.10   1.7  19.07.2025  13:34:02
 13   1   8   4  $12    0.100     2.2356    502.80   0.1    -51.55   4.8  19.07.2025  13:34:04
 14   2  13   1  $12    0.010     6.5954   2261.81   0.0      8.38   3.9  19.07.2025  13:34:09
 14   2  15   3  $12    0.010     8.4161   2886.20   0.1     -5.04  15.0  19.07.2025  13:34:11
 14   2  16   4  $12    0.010     3.4327   2603.08   0.3      6.69   9.1  19.07.2025  13:34:13
 14   2   9  13  $12    0.010    -4.0669   2999.36   0.1     12.63   1.4  19.07.2025  13:34:15
 14   2  11  15  $12    0.100   -13.2938   1191.79   0.0      6.86   0.2  19.07.2025  13:34:19
 14   2  12  16  $12    0.100    -3.3377   7340.05   0.0     10.30   2.1  19.07.2025  13:34:21
 14   2   9   5  $12    0.100     7.8547   1766.60   0.0     16.05   7.3  19.07.2025  13:34:23
 14   2  10   6  $12    0.100     8.8342   2220.29   0.1   -114.79   1.9  19.07.2025  13:34:25
 14   2  11   7  $12    0.100     9.6953   2180.56   0.2     16.35  11.8  19.07.2025  13:34:27
 14   2  12   8  $12    0.100    11.0782   1740.16   0.0     -1.13   6.5  19.07.2025  13:34:29
 14   2   5   1  $12    0.100    17.2513   1546.58   0.0     -3.91  29.3  19.07.2025  13:34:31
 14   2   7   3  $12    0.010     6.0989   4498.00   0.0      0.88  10.4  19.07.2025  13:34:36
 14   2   8   4  $12    0.100    19.5297   3067.72   0.0     12.81   3.8  19.07.2025  13:34:40
 15   3  13   1  $12    0.010     2.3667   1794.72   0.0      4.49   4.0  19.07.2025  13:34:45
 15   3  14   2  $12    0.010     8.3855   2875.71   0.0      2.50   7.8  19.07.2025  13:34:47
 15   3  16   4  $12    0.010     9.7424   3341.05   0.0      5.36  10.8  19.07.2025  13:34:49
 15   3   9  13  $12    0.100    -8.3855   1317.20   0.0     40.20   2.1  19.07.2025  13:34:53
 15   3  10  14  $12    0.100   -13.5325    998.03   0.1     48.64   3.1  19.07.2025  13:34:55
 15   3  12  16  $12    0.010    -4.4850   4020.84   0.0      7.60   0.8  19.07.2025  13:35:00
 15   3   9   5  $12    0.100     6.4734   1016.83   0.0     19.22   1.7  19.07.2025  13:35:03
 15   3  10   6  $12    0.100     7.4765   1681.53   0.0    -82.88   1.1  19.07.2025  13:35:05
 15   3  11   7  $12    0.100    10.6144   2667.70   0.1     -7.71  19.2  19.07.2025  13:35:08
 15   3  12   8  $12    0.100    12.7160   2859.96   0.0      0.12  83.6  19.07.2025  13:35:10
 15   3   5   1  $12    0.100     8.5409  18782.45   0.0    -26.76   3.0  19.07.2025  13:35:12
 15   3   6   2  $12    0.010     6.2626   5614.46   0.0      1.63   2.6  19.07.2025  13:35:17
 15   3   8   4  $12    0.010     3.9696   2927.59   0.0     -1.11  81.2  19.07.2025  13:35:19
 16   4  13   1  $12    0.100    11.8646   1524.83   0.0     35.15   0.1  19.07.2025  13:35:22
 16   4  14   2  $12    0.010     3.4228   2595.53   0.0      8.53   3.0  19.07.2025  13:35:27
 16   4  15   3  $12    0.010     9.7535   3344.83   0.0      3.56   1.7  19.07.2025  13:35:29
 16   4   9  13  $12    1.000   -13.8657    311.85   0.2    618.25   0.1  19.07.2025  13:35:35
 16   4  10  14  $12    0.100     2.0629    324.04   0.6  -2486.65   1.0  19.07.2025  13:35:40
 16   4  11  15  $12    0.010    -4.5404   3348.61   0.0      7.25   3.0  19.07.2025  13:35:44
 16   4   9   5  $12    0.100     4.6182    340.60   0.0    200.56   0.4  19.07.2025  13:35:48
 16   4  10   6  $12    0.100    13.3614   2098.81   0.1   -398.80   0.1  19.07.2025  13:35:50
 16   4  11   7  $12    0.100     9.5376   2145.11   0.6     23.27   6.8  19.07.2025  13:35:52
 16   4  12   8  $12    0.100    12.2120   3069.20   0.0     -0.99   6.1  19.07.2025  13:35:54
 16   4   5   1  $12    0.100     6.4297    628.85   0.0   -449.40   0.2  19.07.2025  13:35:56
 16   4   6   2  $12    0.010     2.3431  51527.61   0.0      5.22   2.8  19.07.2025  13:36:01
 16   4   7   3  $12    0.010     4.3291   3881.10   0.0      1.99   2.3  19.07.2025  13:36:03
  1   4   2   3  $12    0.010     3.5508   2231.05   0.0      1.72   2.4  19.07.2025  13:36:05
  2   3   1   4  $12    0.010     3.5530   2232.45   0.2      9.50  13.8  19.07.2025  13:36:07
  1   2   3   4  $12    0.010    -3.2501   6126.37   0.0      6.70  19.4  19.07.2025  13:36:09
  3   4   1   2  $12    0.010    -3.1767   5987.99   0.0      1.79 206.5  19.07.2025  13:36:11
  5   8   6   7  $12    0.010    13.0670   8210.24   0.0    109.98   0.0  19.07.2025  13:36:14
  6   7   5   8  $12    0.010    12.5538   7887.76   0.1     63.33   0.4  19.07.2025  13:36:16
  5   6   7   8  $12    0.100    -4.7738    899.85   0.0    -77.35   0.1  19.07.2025  13:36:19
  7   8   5   6  $12    0.100    -4.8354    911.45   0.1    -29.28  21.3  19.07.2025  13:36:21
  9  12  10  11  $12    0.010    14.8168   9309.68   0.0     46.97   2.3  19.07.2025  13:36:26
 10  11   9  12  $12    0.010    14.9363   9384.75   0.1     55.26   1.5  19.07.2025  13:36:28
  9  10  11  12  $12    0.100    -6.0345   1137.48   0.0    -13.36   0.9  19.07.2025  13:36:32
 11  12   9  10  $12    0.100    -5.8650   1105.52   0.0     11.13   4.7  19.07.2025  13:36:34
 13  16  14  15  $12    0.010     7.8312   4920.49   0.0      1.71   3.6  19.07.2025  13:36:39
 14  15  13  16  $12    0.010     7.8649   4941.66   0.0     -1.17  23.1  19.07.2025  13:36:41
 13  14  15  16  $12    0.100    -3.9820    750.59   0.0     11.75   0.9  19.07.2025  13:36:45
  1   9  10   2  $12    0.010   -16.8608   6067.44   0.0     42.54   1.3  19.07.2025  13:36:50
  1   9  11   3  $12    0.010    -2.7610   2365.59   0.2    -21.47  35.2  19.07.2025  13:36:52
  1   9  12   4  $12    0.010    -2.2337   3735.07   0.2    -38.79   9.5  19.07.2025  13:36:54
  2  10   9   1  $12    0.010   -17.0136   6122.43   0.0     49.32   1.6  19.07.2025  13:36:56
  2  10  11   3  $12    0.010    -9.6368   3467.87   0.0     -4.85   2.0  19.07.2025  13:36:58
  2  10  12   4  $12    0.010    -5.5913   4790.59   0.0    -83.89   1.6  19.07.2025  13:37:00
  3  11   9   1  $12    0.010    -2.8537   2445.00   0.2     -0.21 1466.9  19.07.2025  13:37:02
  3  11  10   2  $12    0.010    -9.5942   3452.52   0.0      8.83  30.3  19.07.2025  13:37:04
  3  11  12   4  $12    0.010    -8.9726   3228.83   0.0      1.42 181.3  19.07.2025  13:37:06
 12   4   9   1  $12    0.010     2.3293   3894.89   0.0    -69.58   2.5  19.07.2025  13:37:08
 12   4  10   2  $12    0.010     5.4090   4634.44   0.1    -92.03   2.2  19.07.2025  13:37:10
 12   4  11   3  $12    0.010     9.0239   3247.30   0.1     10.10   9.1  19.07.2025  13:37:12
 13   5  14   6  $12    0.010    16.3901   5898.06   0.0     84.43   0.1  19.07.2025  13:37:14
 13   5  15   7  $12    0.010     3.8622   3309.08   0.0     19.19   2.9  19.07.2025  13:37:16
 13   5  16   8  $12    0.010     2.3810   3981.36   0.0      4.61   6.5  19.07.2025  13:37:18
 14   6  13   5  $12    0.010    16.3604   5887.39   0.0     43.73   0.2  19.07.2025  13:37:20
 14   6  15   7  $12    0.010     5.2495   1889.04   0.0      2.96   0.8  19.07.2025  13:37:22
 14   6  16   8  $12    0.010     2.8859   2472.64   0.0     -0.84  23.1  19.07.2025  13:37:24
 15   7  13   5  $12    0.010     3.9026   3343.76   0.0     16.53   4.7  19.07.2025  13:37:26
 15   7  14   6  $12    0.010     5.2597   1892.74   0.0      5.71   1.6  19.07.2025  13:37:28
 15   7  16   8  $12    0.010    10.8697   3911.53   0.0      7.88   1.2  19.07.2025  13:37:30
 16   8  13   5  $12    0.010     2.3889   3994.64   0.1      6.88  50.3  19.07.2025  13:37:32
 16   8  14   6  $12    0.010     2.8910   2477.03   0.0      3.18  24.6  19.07.2025  13:37:35
 16   8  15   7  $12    0.010    10.8109   3890.37   0.0      6.15   1.0  19.07.2025  13:37:37
  1   2   5   6  $12    1.000     3.1945    602.15   0.2   -424.93   0.2  19.07.2025  13:37:42
  2   3   6   7  $12    1.000    13.5299   2550.32   0.0     -4.94   7.1  19.07.2025  13:37:44
  3   4   7   8  $12    1.000     6.9457   1309.23   0.1    -63.56  10.9  19.07.2025  13:37:46
  1   2   9  10  $12    1.000     0.4362    690.60   1.0   2948.29   1.4  19.07.2025  13:37:51
  2   3  10  11  $12    1.000     3.0657   4854.18   0.0     24.22 122.4  19.07.2025  13:37:53
  3   4  11  12  $12    1.000     0.0825    130.59   2.8   3276.06   9.6  19.07.2025  13:38:09
  1   2  13  14  $12    1.000     3.8809  20921.99   0.0    -12.54   3.5  19.07.2025  13:38:11
  2   3  14  15  $12    1.000    13.3152  71781.67   0.0     -1.10   6.9  19.07.2025  13:38:13
  3   4  15  16  $12    1.000     8.2904  44693.09   0.0      0.61  79.3  19.07.2025  13:38:15
  5   6   9  10  $12    0.100     9.2091  17358.65   0.9   -667.44   0.3  19.07.2025  13:38:20
  6   7  10  11  $12    1.000    17.9539   3384.23   0.0    -53.46   1.2  19.07.2025  13:38:23
  7   8  11  12  $12    1.000     2.4487    461.57   0.7    -38.11   5.8  19.07.2025  13:38:25
  5   6  13  14  $12    1.000    18.7171  29635.90   0.4   -236.66   2.8  19.07.2025  13:38:27
  6   7  14  15  $12    1.000     5.4421   8616.77   0.0      1.94   5.6  19.07.2025  13:38:29
  7   8  15  16  $12   10.000    16.9764   2687.97   0.0      2.16   6.1  19.07.2025  13:38:33
  9  10  13  14  $12    0.100     0.0677    127.70   6.1   5095.77   6.7  19.07.2025  13:38:42
 10  11  14  15  $12    0.100     0.8883   1674.48   0.0    161.43   0.1  19.07.2025  13:38:47
 11  12  15  16  $12   10.000    14.8500    279.92   0.0      7.10   1.1  19.07.2025  13:38:53
  1   2   6   7  $12    0.100     3.5911  13538.16   0.0     -1.11  15.5  19.07.2025  13:39:00
  2   3   7   8  $12    1.000     7.8819   2971.40   0.0     -7.04   0.8  19.07.2025  13:39:04
  1   2   7   8  $12    1.000    19.3709  12779.68   0.0     -0.14  24.8  19.07.2025  13:39:06
  2   3   7   8  $12    1.000     7.8677   2966.05   0.0     -6.23   0.5  19.07.2025  13:39:08
  1   2  10  11  $12    1.000     3.9035   8829.49   0.5     63.36   3.7  19.07.2025  13:39:10
  2   3  11  12  $12    1.000     0.4994   1129.63   0.8    -35.50 163.6  19.07.2025  13:39:16
  1   2  11  12  $12   10.000    11.0745   3444.36   0.0    -16.54   2.9  19.07.2025  13:39:20
  2   3  11  12  $12    1.000     0.5253   1188.16   0.1    -39.88   1.3  19.07.2025  13:39:25
  1   2  14  15  $12    0.100     2.5640 175924.26   0.0     -1.78   8.0  19.07.2025  13:39:30
  2   3  15  16  $12    1.000     6.4600  44323.58   0.0     -0.21  64.3  19.07.2025  13:39:34
  1   2  15  16  $12    1.000    11.1362  95510.19   0.0     -0.81   0.2  19.07.2025  13:39:36
  2   3  15  16  $12    1.000     6.4669  44371.25   0.0     -0.35  11.3  19.07.2025  13:39:38
  5   6  10  11  $12    0.100    -9.3046  35077.67   0.6   -653.74   0.2  19.07.2025  13:39:43
  6   7  11  12  $12    1.000     3.2479   1224.42   0.0     -8.87   1.2  19.07.2025  13:39:48
  5   6  11  12  $12    1.000     1.5590   1028.55   0.9   -284.95   8.5  19.07.2025  13:39:53
  6   7  11  12  $12    1.000     3.2373   1220.41   0.0     -5.74   0.0  19.07.2025  13:39:55
  5   6  14  15  $12    0.100     0.1930   4364.80   0.2    126.38   1.7  19.07.2025  13:40:03
  6   7  15  16  $12    1.000     2.4930   5639.07   0.0      1.62   9.8  19.07.2025  13:40:06
  5   6  15  16  $12    0.100     0.1144   3557.94   1.5   -887.07   1.2  19.07.2025  13:40:12
  6   7  15  16  $12    1.000     2.4919   5636.44   0.0      0.24  85.5  19.07.2025  13:40:16
  9  10  14  15  $12    0.100     0.5437   2049.75   0.0    -73.08   0.3  19.07.2025  13:40:21
 10  11  15  16  $12    0.100     0.7253   2734.19   0.3   -343.68   3.7  19.07.2025  13:40:26
  9  10  15  16  $12    0.100     0.1503    991.42   0.1    338.92   0.3  19.07.2025  13:40:40
 10  11  15  16  $12    0.100     0.7151   2695.76   0.0   -348.48   0.1  19.07.2025  13:40:45
