//C:\Users\user\Desktop\GeoTom\GeoTomE724.ini
//- Cable direction:
//  cable I: normal
//  cable II: normal
//  cable III: normal
//  cable IV: normal
//- Cable arrangement: sequential
//- Optimization: Last measurement
//- Sorting: Multi-level
//- Current levels: 0.001 mA .. 50.0 mA
Type:         Flow
Name:         Hyprop
Comment:      Example of a measurements sequence
Comment:      
Comment:      
Spacing:      1.00000
First El:     0.00000
Nr of points: 289
IP present:   1

  1   5   2   6  $12    0.001     3.1540  13511.73   0.0     91.71   0.2  20.07.2025  19:25:08
  1   5   3   7  $12    0.010     4.6445   8754.67   0.0     38.34   0.2  20.07.2025  19:25:12
  1   5   4   8  $12    0.010     4.0492   5342.76   0.1   -451.79   1.1  20.07.2025  19:25:14
  1   5  14   2  $12    0.010    -3.0117   2699.97   0.0    -60.25   3.3  20.07.2025  19:25:16
  1   5  15   3  $12    0.100   -11.0201  24234.37   0.0   -143.36   0.1  20.07.2025  19:25:20
  1   5  16   4  $12    0.100   -19.2061   1878.44   0.1   -588.15   0.8  20.07.2025  19:25:22
  1   5  13   9  $12    0.100    -5.5663   4196.93   0.1  -2125.41   0.1  20.07.2025  19:25:24
  1   5  14  10  $12    0.100   -19.1987  22052.49   0.1  -1134.90   0.1  20.07.2025  19:25:26
  1   5  15  11  $12    0.100    10.5365  17378.27   0.0     19.33   1.4  20.07.2025  19:25:28
  1   5  16  12  $12    0.100    10.7093  24287.02   0.0     -9.47   2.7  20.07.2025  19:25:30
  1   5  10   6  $12    0.001     3.2103  28365.05   0.0    -82.04   5.6  20.07.2025  19:25:38
  1   5  11   7  $12    0.010     2.4276   5720.01   0.0    118.56   0.5  20.07.2025  19:25:42
  1   5  12   8  $12    0.100     5.0221   2277.87   0.0     92.83   0.3  20.07.2025  19:25:46
  2   6   1   5  $12    0.010    20.9761   8986.16   0.1     89.68   0.7  20.07.2025  19:25:50
  2   6   3   7  $12    0.010    13.0284   5581.33   0.0     19.40   0.9  20.07.2025  19:25:52
  2   6   4   8  $12    0.010     4.2076   7931.05   0.2     77.32   0.4  20.07.2025  19:25:54
  2   6  13   1  $12    0.010    -3.0075   2218.07   0.2     88.13   1.3  20.07.2025  19:25:57
  2   6  15   3  $12    0.010    -9.3916   8419.64   0.0      7.99   2.5  20.07.2025  19:25:59
  2   6  16   4  $12    0.010    -2.9902  65757.07   0.2    103.12   6.0  20.07.2025  19:26:01
  2   6  13   9  $12    0.100    19.3043   8755.81   0.0   -120.37   0.5  20.07.2025  19:26:04
  2   6  14  10  $12    0.100    22.7137  17125.71   0.0   -265.63   0.3  20.07.2025  19:26:06
  2   6  15  11  $12    0.100    12.0265  13814.17   0.0      6.28   0.6  20.07.2025  19:26:08
  2   6  16  12  $12    0.100    13.2709  21888.17   0.0      3.13   1.0  20.07.2025  19:26:11
  2   6   9   5  $12    0.010    17.1597  22641.72   0.0    102.81   0.0  20.07.2025  19:26:16
  2   6  11   7  $12    0.010     2.3479   2074.56   0.3     91.65   0.8  20.07.2025  19:26:18
  2   6  12   8  $12    0.100    -1.9936    469.73   0.0   -125.98   0.6  20.07.2025  19:26:23
  3   7   1   5  $12    0.010     4.5766   8626.72   0.0     43.25   6.3  20.07.2025  19:26:28
  3   7   2   6  $12    0.010    12.7408   5458.14   0.1     21.12  10.3  20.07.2025  19:26:30
  3   7   4   8  $12    0.010    12.6238   5408.03   0.0     60.41   0.5  20.07.2025  19:26:32
  3   7  13   1  $12    0.100   -11.5655   1816.71   0.0     59.79   0.1  20.07.2025  19:26:36
  3   7  14   2  $12    0.010    -9.0397   6666.84   0.0      7.32   4.1  20.07.2025  19:26:41
  3   7  16   4  $12    0.010    -5.4149   4854.49   0.1     14.66  21.3  20.07.2025  19:26:43
  3   7  13   9  $12    0.100    12.5875   2965.86   0.0    -61.00   1.5  20.07.2025  19:26:47
  3   7  14  10  $12    0.100    13.8758   6293.62   0.0   -145.18   0.5  20.07.2025  19:26:49
  3   7  15  11  $12    0.100    11.9612   9018.51   0.0      5.00   1.1  20.07.2025  19:26:51
  3   7  16  12  $12    0.100    13.7995  15850.70   0.0      3.60   0.5  20.07.2025  19:26:53
  3   7   9   5  $12    0.100    20.2323   3813.71   0.0     76.27   0.3  20.07.2025  19:26:55
  3   7  10   6  $12    0.100    20.6508   2724.81   0.0    150.83   1.3  20.07.2025  19:26:57
  3   7  12   8  $12    0.010     5.8196   5142.02   0.0    130.09   0.0  20.07.2025  19:27:02
  4   8   1   5  $12    0.010     4.2230   5572.17   0.3   -426.85   0.3  20.07.2025  19:27:04
  4   8   2   6  $12    0.010     3.9382   7423.36   0.1     93.48   4.2  20.07.2025  19:27:06
  4   8   3   7  $12    0.010    11.9242   5108.34   0.0     52.70   0.2  20.07.2025  19:27:08
  4   8  13   1  $12    0.100     5.1038   1147.89   0.1   -511.31   0.5  20.07.2025  19:27:12
  4   8  14   2  $12    0.010    -2.1727   3412.84   0.0    212.08   0.2  20.07.2025  19:27:17
  4   8  15   3  $12    0.010    -4.8675   3589.83   0.0     50.38   0.7  20.07.2025  19:27:19
  4   8  13   9  $12    0.010     3.9589   3497.96   0.1   -442.90   0.8  20.07.2025  19:27:21
  4   8  14  10  $12    0.010     7.7602  18284.43   0.0   -561.43   0.5  20.07.2025  19:27:23
  4   8  15  11  $12    0.100    13.5834   6160.99   0.0    -41.19   0.2  20.07.2025  19:27:27
  4   8  16  12  $12    0.100    14.6503  11046.07   0.0     10.98   0.6  20.07.2025  19:27:29
  4   8   9   5  $12    0.100    13.1571    563.65   0.0   -435.94   0.0  20.07.2025  19:27:31
  4   8  10   6  $12    0.010    -5.9675  11248.56   0.3   -727.66   1.1  20.07.2025  19:27:36
  4   8  11   7  $12    0.010     5.6425   7445.06   0.0     72.42   0.9  20.07.2025  19:27:38
  5   9   6  10  $12    0.001     4.2234  18092.99   0.2     43.00  19.7  20.07.2025  19:27:42
  5   9   7  11  $12    0.010     3.4953   6588.49   0.0     66.30   0.4  20.07.2025  19:27:46
  5   9   8  12  $12    0.100    13.1098   1729.80   0.0     52.65   0.0  20.07.2025  19:27:50
  5   9   2   6  $12    0.010   -15.6752  20682.89   0.0     97.63   0.3  20.07.2025  19:27:55
  5   9   3   7  $12    0.010    -2.2184   4181.56   0.0     79.89   1.3  20.07.2025  19:27:57
  5   9   4   8  $12    0.100    -5.0849    217.84   0.2   -213.55   0.2  20.07.2025  19:28:05
  5   9   1  13  $12    0.100     8.8256   2218.13   0.0     26.30   4.2  20.07.2025  19:28:07
  5   9   2  14  $12    0.100     7.8302   1761.09   0.0     51.15   1.4  20.07.2025  19:28:09
  5   9   3  15  $12    0.100     6.7343   1057.81   0.0     25.55   0.7  20.07.2025  19:28:11
  5   9   4  16  $12    0.100     5.1601    380.56   0.4    303.88   0.5  20.07.2025  19:28:13
  5   9  14  10  $12    0.001     2.4867  21971.88   0.4      1.48 649.7  20.07.2025  19:28:21
  5   9  15  11  $12    0.100     4.6331   1091.66   0.0     -9.71   0.9  20.07.2025  19:28:27
  5   9  16  12  $12    0.100     3.2791   1487.29   0.0     -5.26   1.3  20.07.2025  19:28:29
  6  10   5   9  $12    0.001     4.1212  17655.17   0.0     28.71   0.6  20.07.2025  19:28:37
  6  10   7  11  $12    0.010     5.5546   2379.58   0.0    -16.25   2.6  20.07.2025  19:28:41
  6  10   8  12  $12    0.010     2.2300   4203.43   0.0     -4.53   3.2  20.07.2025  19:28:43
  6  10   1   5  $12    0.010   -18.9860  16775.54   0.0    -71.47   0.3  20.07.2025  19:28:45
  6  10   3   7  $12    0.010    -2.3623   3116.97   0.1    155.68   3.1  20.07.2025  19:28:47
  6  10   4   8  $12    0.010     5.4834  10335.96   0.0   -750.09   0.3  20.07.2025  19:28:49
  6  10   1  13  $12    0.010     1.0642   2393.40   0.1   -256.80   1.7  20.07.2025  19:28:53
  6  10   2  14  $12    0.100    14.4624   3634.80   0.0   -216.71   0.0  20.07.2025  19:28:57
  6  10   3  15  $12    0.100    15.8440   3563.46   0.0   -224.55   0.0  20.07.2025  19:28:59
  6  10   4  16  $12    0.010     6.7096  10539.35   0.5   -588.36   0.9  20.07.2025  19:29:04
  6  10  13   9  $12    0.010    19.6784  25965.05   0.1    152.91   0.3  20.07.2025  19:29:06
  6  10  15  11  $12    0.010     2.0021   1769.03   0.0    -17.49   3.4  20.07.2025  19:29:08
  6  10  16  12  $12    0.100     9.0217   2125.69   0.0   -129.79   0.7  20.07.2025  19:29:11
  7  11   5   9  $12    0.010     3.5219   6638.62   0.1     40.96   0.8  20.07.2025  19:29:16
  7  11   6  10  $12    0.010     5.7498   2463.19   0.3     -8.58  74.8  20.07.2025  19:29:18
  7  11   8  12  $12    0.010    10.1597   4352.39   0.0     69.43   2.2  20.07.2025  19:29:20
  7  11   1   5  $12    0.010    -2.4269   5718.29   0.1    113.78   2.8  20.07.2025  19:29:22
  7  11   2   6  $12    0.010    -2.3323   2060.78   0.2     89.48   5.7  20.07.2025  19:29:24
  7  11   4   8  $12    0.010    -6.6277   8745.04   0.0     84.32   1.7  20.07.2025  19:29:26
  7  11   1  13  $12    0.100     7.2524   1139.20   0.0     20.12   0.9  20.07.2025  19:29:30
  7  11   2  14  $12    0.100    12.1393   2730.25   0.0     16.61   0.9  20.07.2025  19:29:32
  7  11   3  15  $12    0.100    13.3017   3343.08   0.0      7.37   3.5  20.07.2025  19:29:34
  7  11   4  16  $12    0.100    10.4208   2343.73   0.1     74.09   1.8  20.07.2025  19:29:36
  7  11  13   9  $12    0.100     3.8897    733.20   0.0   -161.28   2.3  20.07.2025  19:29:38
  7  11  14  10  $12    0.100    19.4787   2570.15   0.0    -65.70   0.9  20.07.2025  19:29:40
  7  11  16  12  $12    0.010     2.5152   2222.40   0.0     -1.88  24.5  20.07.2025  19:29:45
  8  12   5   9  $12    0.100    13.6087   1795.62   0.0     26.56   0.4  20.07.2025  19:29:49
  8  12   6  10  $12    0.100    20.8110   3922.77   0.0     17.23   4.2  20.07.2025  19:29:51
  8  12   7  11  $12    0.010     9.4306   4040.04   0.0     44.77   0.1  20.07.2025  19:29:56
  8  12   1   5  $12    0.100    -4.2577   1931.16   0.1     35.88   6.4  20.07.2025  19:30:00
  8  12   2   6  $12    0.100     2.0491    482.80   0.2   -133.62   2.4  20.07.2025  19:30:02
  8  12   3   7  $12    0.010    -5.2578   4645.68   0.0     83.10   0.1  20.07.2025  19:30:07
  8  12   1  13  $12    0.100     7.1041    523.94   0.0     12.82   0.6  20.07.2025  19:30:11
  8  12   2  14  $12    0.100    14.5622   2287.43   0.0      1.23   9.8  20.07.2025  19:30:13
  8  12   3  15  $12    0.100    16.2699   3659.26   0.0      1.24   6.5  20.07.2025  19:30:15
  8  12  16   4  $12    0.100   -15.1004   3795.15   0.0      6.07   8.4  20.07.2025  19:30:17
  8  12   9  13  $12    0.100    -2.1662     92.80   0.6     21.19  35.6  20.07.2025  19:30:19
  8  12  10  14  $12    0.100    -8.2530   1555.65   0.1     15.43   9.2  20.07.2025  19:30:21
  8  12  11  15  $12    0.010    -2.4943   3291.09   0.0     10.94   1.3  20.07.2025  19:30:26
  9  13  10  14  $12    0.001     2.7033  11581.11   0.6    129.20   1.8  20.07.2025  19:30:31
  9  13  11  15  $12    0.010     2.5155   4741.51   0.0      4.03   7.9  20.07.2025  19:30:35
  9  13  12  16  $12    0.100    16.7251   2206.82   0.0     14.22   0.8  20.07.2025  19:30:39
  9  13   6  10  $12    0.010   -18.9218  24966.72   0.0    154.97   0.9  20.07.2025  19:30:44
  9  13   7  11  $12    0.100    -3.9445    743.53   0.0   -180.66   0.4  20.07.2025  19:30:48
  9  13   8  12  $12    0.100    -1.4423     61.79   0.0    260.50   0.0  20.07.2025  19:30:54
  9  13   5   1  $12    0.100    -0.7135    537.94   5.7 -18948.05   6.2  20.07.2025  19:31:00
  9  13   6   2  $12    0.100    19.3314   8768.07   0.0   -103.86   0.5  20.07.2025  19:31:02
  9  13   7   3  $12    0.100    12.5281   2951.87   0.0    -50.63   0.2  20.07.2025  19:31:04
  9  13   8   4  $12    0.010     3.9449   3485.65   0.3   -435.29   1.7  20.07.2025  19:31:09
  9  13   2  14  $12    0.010     4.6506   3429.89   0.0    101.26   1.4  20.07.2025  19:31:11
  9  13   3  15  $12    0.100     7.2358   1136.60   0.0    259.10   0.1  20.07.2025  19:31:15
  9  13   4  16  $12    0.100   -15.6759   3525.65   0.2   -832.43   0.2  20.07.2025  19:31:17
 10  14   9  13  $12    0.001     2.4002  10282.46   0.2    229.67   1.7  20.07.2025  19:31:25
 10  14  11  15  $12    0.010     4.6896   2009.01   0.0     36.19   0.6  20.07.2025  19:31:28
 10  14  12  16  $12    0.010     2.4038   4531.02   0.0      4.08   5.7  20.07.2025  19:31:31
 10  14   5   9  $12    0.001    -2.4096  21290.34   0.0      5.37   2.6  20.07.2025  19:31:35
 10  14   7  11  $12    0.010    -2.1341   2815.92   0.0   -107.82   0.1  20.07.2025  19:31:39
 10  14   8  12  $12    0.100    -3.6212    682.57   0.0    448.04   0.4  20.07.2025  19:31:43
 10  14   5   1  $12    0.100   -17.7765  20418.90   0.1  -1018.00   0.1  20.07.2025  19:31:45
 10  14   6   2  $12    0.010     2.2419  16903.23   0.2   -236.92   0.4  20.07.2025  19:31:50
 10  14   7   3  $12    0.100    15.4227   6995.24   0.0   -105.86   0.1  20.07.2025  19:31:53
 10  14   8   4  $12    0.010     7.0609  16636.91   0.0   -542.66   0.1  20.07.2025  19:31:58
 10  14   1  13  $12    0.010     4.7472   4255.91   0.0     63.51   1.4  20.07.2025  19:32:01
 10  14   3  15  $12    0.100     8.3327    614.54   0.0    568.81   0.3  20.07.2025  19:32:04
 10  14   4  16  $12    0.100   -21.6579   3402.01   0.0   -824.41   0.3  20.07.2025  19:32:06
 11  15   9  13  $12    0.010     2.5518   4810.07   0.0    -31.93   8.2  20.07.2025  19:32:11
 11  15  10  14  $12    0.010     4.6553   1994.31   0.1      7.09  11.2  20.07.2025  19:32:13
 11  15  12  16  $12    0.010     8.4116   3603.54   0.0      1.11  65.0  20.07.2025  19:32:15
 11  15   5   9  $12    0.100    -4.8101   1133.36   0.0     16.74   1.7  20.07.2025  19:32:19
 11  15   6  10  $12    0.100   -18.5276   1637.05   0.0     -9.22   8.9  20.07.2025  19:32:21
 11  15   8  12  $12    0.010    -2.4947   3291.64   0.0     10.59   3.7  20.07.2025  19:32:26
 11  15   5   1  $12    0.100    11.1807  18440.81   0.1    -11.11   2.6  20.07.2025  19:32:30
 11  15   6   2  $12    0.100    12.0802  13875.83   0.0      1.09  20.9  20.07.2025  19:32:32
 11  15   7   3  $12    0.100    11.9724   9026.95   0.0     -0.18  44.7  20.07.2025  19:32:34
 11  15   8   4  $12    0.100    12.0911   5484.13   0.0     12.17  21.2  20.07.2025  19:32:36
 11  15   1  13  $12    0.100     8.9726  19731.87   0.0      6.36   7.7  20.07.2025  19:32:38
 11  15   2  14  $12    0.100    14.6449   1312.92   0.0     37.63   1.0  20.07.2025  19:32:40
 11  15   4  16  $12    0.010     4.6608   3437.35   0.3    -13.82  43.8  20.07.2025  19:32:45
 12  16   9  13  $12    0.100    17.1120   2257.88   0.0      5.13  11.8  20.07.2025  19:32:49
 12  16  10  14  $12    0.010     2.4588   4634.66   0.7      9.61 167.3  20.07.2025  19:32:54
 12  16  11  15  $12    0.010     8.3208   3564.61   0.1     -4.83  31.7  20.07.2025  19:32:56
 12  16   5   9  $12    0.100    -3.4581   1568.47   0.0      7.10   2.0  20.07.2025  19:32:59
 12  16   6  10  $12    0.100    -8.0786   1903.48   0.1     34.51   5.9  20.07.2025  19:33:01
 12  16   7  11  $12    0.010    -2.4642   2177.28   0.0      7.71   4.5  20.07.2025  19:33:06
 12  16   5   1  $12    0.100    10.5122  23839.89   0.0     10.07   6.6  20.07.2025  19:33:10
 12  16   6   2  $12    0.100    13.2766  21897.51   0.1     -0.10 920.5  20.07.2025  19:33:12
 12  16   7   3  $12    0.100    13.8002  15851.49   0.0      1.59   3.2  20.07.2025  19:33:15
 12  16   8   4  $12    0.100    15.4923  11680.94   0.0     -4.40  45.4  20.07.2025  19:33:17
 12  16  13   1  $12    0.100    -3.1398    307.09   0.0     -2.06  11.6  20.07.2025  19:33:19
 12  16  14   2  $12    0.100    -2.7364   6017.63   0.1     12.18  26.0  20.07.2025  19:33:21
 12  16  15   3  $12    0.010    -4.4243   3966.41   0.0     11.88   2.7  20.07.2025  19:33:25
 13   1  14   2  $12    0.010     8.7048   2985.20   0.0     41.15   1.3  20.07.2025  19:33:28
 13   1  15   3  $12    0.010     2.7064   2052.33   0.0     17.72   5.6  20.07.2025  19:33:30
 13   1  16   4  $12    0.100    11.5105   1479.32   0.1    105.61   1.0  20.07.2025  19:33:34
 13   1  10  14  $12    0.010    -4.8415   4340.43   0.6     45.81  12.2  20.07.2025  19:33:39
 13   1  11  15  $12    0.100    -8.8967  19564.94   0.0     15.60   0.5  20.07.2025  19:33:43
 13   1  12  16  $12    0.100    -3.2626    319.10   0.0     12.68   0.4  20.07.2025  19:33:45
 13   1   9   5  $12    0.100     8.6982   2186.09   0.0      2.70  17.4  20.07.2025  19:33:47
 13   1  10   6  $12    0.100    10.2206   2298.71   0.2   -178.20   0.1  20.07.2025  19:33:49
 13   1  11   7  $12    0.100     6.9509   1091.85   0.2     27.04   3.2  20.07.2025  19:33:51
 13   1  12   8  $12    0.100     6.6019    486.90   0.0      5.69   3.0  20.07.2025  19:33:53
 13   1   6   2  $12    0.100    22.4580   1656.30   0.0     10.75   0.7  20.07.2025  19:33:55
 13   1   7   3  $12    0.100     9.3417   1467.38   0.0      7.32   0.9  20.07.2025  19:33:57
 13   1   8   4  $12    1.000     9.8337    221.17   0.1    919.60   0.2  20.07.2025  19:34:01
 14   2  13   1  $12    0.010     8.3772   2872.86   0.0     27.61   3.6  20.07.2025  19:34:09
 14   2  15   3  $12    0.010    11.7745   4037.93   0.0     18.47   0.7  20.07.2025  19:34:11
 14   2  16   4  $12    0.010     4.0885   3100.37   0.1     89.47   1.8  20.07.2025  19:34:13
 14   2   9  13  $12    0.010    -4.5567   3360.58   0.1    108.61   1.6  20.07.2025  19:34:15
 14   2  11  15  $12    0.100   -14.4536   1295.77   0.0     75.87   0.0  20.07.2025  19:34:19
 14   2  12  16  $12    0.100    -2.6534   5835.21   0.0     11.91   1.0  20.07.2025  19:34:21
 14   2   9   5  $12    0.100     8.9821   2020.16   0.0     24.21   2.0  20.07.2025  19:34:23
 14   2  10   6  $12    0.100    18.4040   4625.43   0.0   -363.91   0.5  20.07.2025  19:34:25
 14   2  11   7  $12    0.100    12.1001   2721.42   0.0     17.29   4.7  20.07.2025  19:34:27
 14   2  12   8  $12    0.100    14.4924   2276.46   0.0      3.84   2.9  20.07.2025  19:34:29
 14   2   5   1  $12    0.010     3.0584   2741.85   0.6    -39.59   4.9  20.07.2025  19:34:34
 14   2   7   3  $12    0.010     9.1660   6759.97   0.0      4.78  20.3  20.07.2025  19:34:36
 14   2   8   4  $12    0.010     2.2831   3586.31   0.3    135.54   6.6  20.07.2025  19:34:38
 15   3  13   1  $12    0.010     2.7239   2065.54   0.0     20.30   2.3  20.07.2025  19:34:40
 15   3  14   2  $12    0.010    11.8291   4056.63   0.0     14.07   0.9  20.07.2025  19:34:42
 15   3  16   4  $12    0.010    11.0096   3775.61   0.0     12.44  13.8  20.07.2025  19:34:44
 15   3   9  13  $12    0.100    -8.0598   1266.04   0.0    207.69   0.1  20.07.2025  19:34:48
 15   3  10  14  $12    0.100   -11.7400    865.83   0.0    327.46   0.4  20.07.2025  19:34:50
 15   3  12  16  $12    0.010    -4.3912   3936.69   0.0     12.85   0.7  20.07.2025  19:34:55
 15   3   9   5  $12    0.100     7.5134   1180.20   0.0      4.52   5.8  20.07.2025  19:34:58
 15   3  10   6  $12    0.100    11.3821   2559.94   0.1   -276.51   1.0  20.07.2025  19:35:00
 15   3  11   7  $12    0.100    13.3908   3365.47   0.0      8.84   0.7  20.07.2025  19:35:02
 15   3  12   8  $12    0.100    16.3288   3672.49   0.0      6.25   1.3  20.07.2025  19:35:05
 15   3   5   1  $12    0.100    11.3846  25036.14   0.0    -88.51   0.4  20.07.2025  19:35:07
 15   3   6   2  $12    0.010     9.4669   8487.08   0.0      2.49   5.3  20.07.2025  19:35:11
 15   3   8   4  $12    0.010     4.9359   3640.24   0.1     20.31   7.3  20.07.2025  19:35:13
 16   4  13   1  $12    0.100     7.1684    921.28   0.0    260.70   0.0  20.07.2025  19:35:17
 16   4  14   2  $12    0.010     3.9552   2999.27   0.0    109.97   0.4  20.07.2025  19:35:22
 16   4  15   3  $12    0.010    10.9339   3749.64   0.0     22.01   0.3  20.07.2025  19:35:24
 16   4   9  13  $12    0.010     2.5980   5843.15   0.0   -691.92   0.0  20.07.2025  19:35:26
 16   4  10  14  $12    0.010     5.9651   9369.98   0.1   -700.22   0.1  20.07.2025  19:35:28
 16   4  11  15  $12    0.010    -4.5675   3368.57   0.2     -1.20  37.9  20.07.2025  19:35:30
 16   4   9   5  $12    0.100     1.3193     97.30   0.4   3034.84   0.5  20.07.2025  19:35:34
 16   4  10   6  $12    0.010     6.8641  10782.09   0.2   -582.51   0.4  20.07.2025  19:35:39
 16   4  11   7  $12    0.100    10.7910   2426.99   0.0     48.03   0.0  20.07.2025  19:35:43
 16   4  12   8  $12    0.100    16.6987   4196.85   0.0    -48.09   0.1  20.07.2025  19:35:45
 16   4   5   1  $12    0.010     2.8186   2756.68   0.2   -630.06   0.8  20.07.2025  19:35:49
 16   4   6   2  $12    0.010     3.0742  67604.97   0.1     96.40   2.4  20.07.2025  19:35:51
 16   4   7   3  $12    0.010     5.4299   4867.93   0.0     12.81   0.8  20.07.2025  19:35:54
  1   4   2   3  $12    0.010     4.8361   3038.59   0.0    -30.60   1.9  20.07.2025  19:35:56
  2   3   1   4  $12    0.010     4.9459   3107.60   0.2    -13.55   9.5  20.07.2025  19:35:58
  1   2   3   4  $12    0.010    -5.4377  10249.84   0.0    -20.49   1.5  20.07.2025  19:36:00
  3   4   1   2  $12    0.010    -5.3853  10151.06   0.1    -38.59   4.5  20.07.2025  19:36:02
  5   8   6   7  $12    0.001     2.8339  17806.19   0.0    116.98   0.2  20.07.2025  19:36:07
  6   7   5   8  $12    0.001     2.9075  18268.32   0.3    104.97  10.8  20.07.2025  19:36:09
  5   6   7   8  $12    0.100    -1.2055    227.24   0.7  -1188.82   0.8  20.07.2025  19:36:18
  7   8   5   6  $12    1.000   -14.9433    281.67   0.7   -254.41   0.4  20.07.2025  19:36:22
  9  12  10  11  $12    0.010    19.8694  12484.33   0.1    164.97   1.2  20.07.2025  19:36:30
 10  11   9  12  $12    0.010    19.7370  12401.12   0.0    189.06   0.4  20.07.2025  19:36:32
  9  10  11  12  $12    0.100    -8.7726   1653.60   0.0    -31.39   0.6  20.07.2025  19:36:36
 11  12   9  10  $12    0.100    -8.1927   1544.29   0.0     -2.35  44.6  20.07.2025  19:36:38
 13  16  14  15  $12    0.010     8.7950   5526.05   0.0     17.71   0.3  20.07.2025  19:36:43
 14  15  13  16  $12    0.010     8.9272   5609.11   0.0     15.15   0.5  20.07.2025  19:36:45
 13  14  15  16  $12    0.100    -5.0211    946.45   0.0    188.12   0.1  20.07.2025  19:36:49
  1   9  10   2  $12    0.001    -2.3832   8576.03   0.6    210.91   3.1  20.07.2025  19:36:57
  1   9  11   3  $12    0.010    -3.3992   2912.44   0.0    -17.83   5.1  20.07.2025  19:37:03
  1   9  12   4  $12    0.010    -4.8637   8132.77   0.3   -302.87   0.6  20.07.2025  19:37:05
  2  10   9   1  $12    0.001    -2.3280   8377.60   0.6    215.06   3.6  20.07.2025  19:37:10
  2  10  11   3  $12    0.010   -13.7856   4960.81   0.0    -25.61   1.0  20.07.2025  19:37:14
  2  10  12   4  $12    0.010   -11.8706  10170.74   0.0   -313.36   0.8  20.07.2025  19:37:16
  3  11   9   1  $12    0.010    -3.5701   3058.86   0.4    -35.76   4.2  20.07.2025  19:37:18
  3  11  10   2  $12    0.010   -13.7590   4951.24   0.1    -17.98  10.5  20.07.2025  19:37:20
  3  11  12   4  $12    0.010   -10.3772   3734.28   0.0     21.65   7.6  20.07.2025  19:37:22
 12   4   9   1  $12    0.010     5.2190   8726.81   0.2   -352.35   0.4  20.07.2025  19:37:24
 12   4  10   2  $12    0.010    11.7593  10075.32   0.0   -305.95   0.0  20.07.2025  19:37:26
 12   4  11   3  $12    0.010    10.1862   3665.56   0.0     19.21   6.1  20.07.2025  19:37:28
 13   5  14   6  $12    0.001     2.5522   9184.15   0.0     64.01   0.5  20.07.2025  19:37:33
 13   5  15   7  $12    0.010     5.0067   4289.75   0.0     55.30   0.2  20.07.2025  19:37:37
 13   5  16   8  $12    0.010     2.4863   4157.49   0.0     32.39   1.1  20.07.2025  19:37:39
 14   6  13   5  $12    0.010    22.9500   8258.69   0.1     62.28   0.9  20.07.2025  19:37:41
 14   6  15   7  $12    0.010     6.1470   2212.02   0.1     56.02   1.3  20.07.2025  19:37:43
 14   6  16   8  $12    0.010     2.9119   2494.90   0.0     13.26   6.0  20.07.2025  19:37:45
 15   7  13   5  $12    0.010     5.2338   4484.32   0.0     35.67   4.4  20.07.2025  19:37:47
 15   7  14   6  $12    0.010     6.2516   2249.68   0.1     28.72   9.1  20.07.2025  19:37:49
 15   7  16   8  $12    0.010    13.3428   4801.48   0.0     47.42   0.0  20.07.2025  19:37:51
 16   8  13   5  $12    0.010     2.4221   4050.01   0.2     24.20  21.5  20.07.2025  19:37:53
 16   8  14   6  $12    0.010     3.0085   2577.70   0.3     -0.01 -1532.1  20.07.2025  19:37:55
 16   8  15   7  $12    0.010    13.0883   4709.88   0.0     34.61   0.3  20.07.2025  19:37:57
  1   2   5   6  $12    0.100     2.0353   3836.52   0.3   -725.68   1.2  20.07.2025  19:38:01
  2   3   6   7  $12    1.000    16.2480   3062.67   0.0     -9.01   3.0  20.07.2025  19:38:05
  3   4   7   8  $12    0.100     4.1687   7857.73   0.1   -366.14   0.0  20.07.2025  19:38:10
  1   2   9  10  $12    0.100    -1.4605  23124.85   0.9   -970.26   1.8  20.07.2025  19:38:15
  2   3  10  11  $12    0.100    -4.5355  71813.20   0.1   -673.98   2.6  20.07.2025  19:38:17
  3   4  11  12  $12    0.100     0.4298   6804.59   1.1   -150.47  10.1  20.07.2025  19:38:22
  1   2  13  14  $12    1.000     3.2680  17617.56   0.6    185.75   0.5  20.07.2025  19:38:27
  2   3  14  15  $12    1.000    11.8994  64149.43   0.0     31.98   1.7  20.07.2025  19:38:29
  3   4  15  16  $12    0.100    -0.9139  49270.71   0.0   -789.42   0.3  20.07.2025  19:38:34
  5   6   9  10  $12    0.010     2.4306  45814.83   0.4   -663.02   1.9  20.07.2025  19:38:39
  6   7  10  11  $12    0.100     1.8739   3532.16   0.1    -37.36  45.4  20.07.2025  19:38:45
  7   8  11  12  $12    1.000     2.7567    519.62   0.0     -0.43 141.3  20.07.2025  19:38:49
  5   6  13  14  $12    0.100     1.3490  21359.99   0.9   -156.50   0.9  20.07.2025  19:38:55
  6   7  14  15  $12    1.000     7.0189  11113.54   0.0     -6.75   6.7  20.07.2025  19:38:59
  7   8  15  16  $12   10.000    20.3290   3218.82   0.7    -15.61 118.6  20.07.2025  19:39:03
  9  10  13  14  $12    0.100    -3.9855   7512.45   0.8   -858.29   0.0  20.07.2025  19:39:12
 10  11  14  15  $12    0.100    -1.9027   3586.47   0.2  -1083.54   0.4  20.07.2025  19:39:17
 11  12  15  16  $12   10.000    17.2914    325.94   0.0      2.59   0.9  20.07.2025  19:39:23
  1   2   6   7  $12    0.100     6.3322  23871.75   0.0     -3.60   1.3  20.07.2025  19:39:31
  2   3   7   8  $12    1.000     7.0059   2641.15   0.0     84.07   0.4  20.07.2025  19:39:35
  1   2   7   8  $12    0.100     2.8987  19124.01   0.0    -21.11   1.0  20.07.2025  19:39:40
  2   3   7   8  $12    1.000     7.0620   2662.31   0.0     80.68   0.0  20.07.2025  19:39:44
  1   2  10  11  $12    0.100     6.7608 152926.68   0.2   -554.04   0.6  20.07.2025  19:39:49
  2   3  11  12  $12    1.000     0.3735    844.75   1.5     88.45   7.7  20.07.2025  19:39:56
  1   2  11  12  $12    1.000     1.9324   6010.14   0.0    -38.93   0.5  20.07.2025  19:40:01
  2   3  11  12  $12    1.000     0.2493    564.00   0.5    118.74   2.7  20.07.2025  19:40:07
  1   2  14  15  $12    0.100     3.3341 228760.21   0.0      0.29  69.8  20.07.2025  19:40:11
  2   3  15  16  $12    1.000     7.4240  50937.93   0.0    -79.94   0.1  20.07.2025  19:40:15
  1   2  15  16  $12    1.000    12.9698 111235.76   0.0     38.50   0.5  20.07.2025  19:40:17
  2   3  15  16  $12    1.000     7.4121  50856.32   0.0    -80.31   0.1  20.07.2025  19:40:19
  5   6  10  11  $12    0.010    -5.2015 196093.78   0.1   -676.11   1.2  20.07.2025  19:40:28
  6   7  11  12  $12    1.000     4.3195   1628.40   0.0     -5.21   0.2  20.07.2025  19:40:33
  5   6  11  12  $12    0.100    -0.0567    374.14   0.8   -444.31   1.8  20.07.2025  19:40:39
  6   7  11  12  $12    1.000     4.3166   1627.31   0.0     -5.05   3.1  20.07.2025  19:40:42
  5   6  14  15  $12    0.100    -0.8933  20206.32   0.3   -565.92   0.1  20.07.2025  19:40:48
  6   7  15  16  $12    1.000     3.3988   7687.81   0.0      0.60  40.5  20.07.2025  19:40:52
  5   6  15  16  $12    0.100     0.7149  22235.43   0.8   -514.18   0.5  20.07.2025  19:40:57
  6   7  15  16  $12    1.000     3.4063   7704.97   0.0     -4.84   2.9  20.07.2025  19:41:01
  9  10  14  15  $12    0.100     1.5075   5683.29   0.3   -375.81   0.0  20.07.2025  19:41:06
 10  11  15  16  $12    0.100     3.7124  13995.50   0.0   -259.10   0.6  20.07.2025  19:41:08
  9  10  15  16  $12    0.100    -0.5636   3718.34   0.0   -661.78   0.2  20.07.2025  19:41:14
 10  11  15  16  $12    0.100     3.7072  13975.94   0.0   -171.42   1.4  20.07.2025  19:41:15
