//C:\Users\user\Desktop\GeoTom\GeoTomE724.ini
//- Cable direction:
//  cable I: normal
//  cable II: normal
//  cable III: normal
//  cable IV: normal
//- Cable arrangement: sequential
//- Optimization: Last measurement
//- Sorting: Multi-level
//- Current levels: 0.001 mA .. 50.0 mA
Type:         Flow
Name:         Hyprop
Comment:      Example of a measurements sequence
Comment:      
Comment:      
Spacing:      1.00000
First El:     0.00000
Nr of points: 289
IP present:   1

  1   5   2   6  $12    0.010    20.9084   8957.14   0.0    113.97   0.1  20.07.2025  05:25:05
  1   5   3   7  $12    0.010     3.6549   6889.27   0.0     10.72   0.6  20.07.2025  05:25:08
  1   5   4   8  $12    0.010     3.9401   5198.82   0.0   -419.88   0.9  20.07.2025  05:25:10
  1   5  14   2  $12    0.100   -17.2666   1547.96   0.0    -65.06   0.2  20.07.2025  05:25:13
  1   5  15   3  $12    0.100    -8.8794  19526.84   0.0   -115.40   0.1  20.07.2025  05:25:15
  1   5  16   4  $12    0.100   -17.4410   1705.80   0.1   -597.36   0.4  20.07.2025  05:25:17
  1   5  13   9  $12    0.100    -0.1992    150.20  14.2 -47251.54  11.8  20.07.2025  05:25:33
  1   5  14  10  $12    0.100   -14.0641  16154.69   0.1  -1291.06   0.6  20.07.2025  05:25:35
  1   5  15  11  $12    0.100    10.4900  17301.60   0.0     15.92   0.4  20.07.2025  05:25:37
  1   5  16  12  $12    0.100    10.6402  24130.15   0.0    -17.32   0.3  20.07.2025  05:25:39
  1   5  10   6  $12    0.010    18.8511  16656.34   0.0    -13.37   3.1  20.07.2025  05:25:44
  1   5  11   7  $12    0.100    14.4629   3407.73   0.1     63.94   0.1  20.07.2025  05:25:47
  1   5  12   8  $12    0.100     4.1529   1883.61   0.1     31.17   2.1  20.07.2025  05:25:49
  2   6   1   5  $12    0.010    14.3897   6164.54   0.0     73.14   0.8  20.07.2025  05:25:54
  2   6   3   7  $12    0.010    11.0003   4712.50   0.1     13.89   3.3  20.07.2025  05:25:56
  2   6   4   8  $12    0.010     4.0740   7679.25   0.1     42.63   6.4  20.07.2025  05:25:58
  2   6  13   1  $12    0.100   -19.1259   1410.55   0.0     67.33   0.1  20.07.2025  05:26:02
  2   6  15   3  $12    0.010    -8.1835   7336.50   0.0      5.84   3.0  20.07.2025  05:26:07
  2   6  16   4  $12    0.010    -2.7447  60359.46   0.1     48.16   3.9  20.07.2025  05:26:09
  2   6  13   9  $12    0.100    16.4714   7470.90   0.0    -70.04   0.2  20.07.2025  05:26:13
  2   6  14  10  $12    0.100    18.0704  13624.76   0.0   -157.88   0.8  20.07.2025  05:26:15
  2   6  15  11  $12    0.100    12.0558  13847.80   0.0      2.91   4.3  20.07.2025  05:26:17
  2   6  16  12  $12    0.100    13.1346  21663.35   0.0      2.19   0.9  20.07.2025  05:26:19
  2   6   9   5  $12    0.010    10.3871  13705.47   0.2     97.34   0.8  20.07.2025  05:26:24
  2   6  11   7  $12    0.100    14.5466   1285.30   0.0     22.82   1.4  20.07.2025  05:26:28
  2   6  12   8  $12    1.000   -16.5168    389.17   0.0    -43.91   0.3  20.07.2025  05:26:32
  3   7   1   5  $12    0.010     3.5366   6666.29   0.0      0.49 2035.4  20.07.2025  05:26:40
  3   7   2   6  $12    0.010    10.7510   4605.74   0.1      6.78  26.4  20.07.2025  05:26:42
  3   7   4   8  $12    0.010    10.8572   4651.20   0.0     34.49   2.1  20.07.2025  05:26:44
  3   7  13   1  $12    0.100    -8.6849   1364.21   0.0     47.52   0.1  20.07.2025  05:26:48
  3   7  14   2  $12    0.010    -7.8991   5825.62   0.0      7.83   5.0  20.07.2025  05:26:52
  3   7  16   4  $12    0.010    -4.9848   4468.93   0.2     15.07   7.0  20.07.2025  05:26:55
  3   7  13   9  $12    0.100    12.1068   2852.59   0.0    -38.55   1.6  20.07.2025  05:26:58
  3   7  14  10  $12    0.100    12.9258   5862.71   0.0    -92.42   0.9  20.07.2025  05:27:00
  3   7  15  11  $12    0.100    12.1855   9187.62   0.0      2.79   0.6  20.07.2025  05:27:02
  3   7  16  12  $12    0.100    13.9186  15987.52   0.0      1.49   1.4  20.07.2025  05:27:04
  3   7   9   5  $12    0.100    13.7921   2599.74   0.0     24.27   4.3  20.07.2025  05:27:06
  3   7  10   6  $12    0.100    16.5615   2185.24   0.1    100.73   1.2  20.07.2025  05:27:08
  3   7  12   8  $12    0.010     4.5078   3983.01   0.0     65.49   0.3  20.07.2025  05:27:13
  4   8   1   5  $12    0.010     3.8998   5145.63   0.0   -431.77   0.5  20.07.2025  05:27:15
  4   8   2   6  $12    0.010     3.8579   7272.02   0.1     43.85  10.9  20.07.2025  05:27:17
  4   8   3   7  $12    0.010    10.6163   4548.02   0.0     26.46   0.2  20.07.2025  05:27:19
  4   8  13   1  $12    0.100     6.9318   1559.03   0.3   -472.54   0.1  20.07.2025  05:27:23
  4   8  14   2  $12    0.100   -22.7258   3569.76   0.0     64.51   0.1  20.07.2025  05:27:25
  4   8  15   3  $12    0.010    -4.6252   3411.15   0.0     37.36   0.3  20.07.2025  05:27:30
  4   8  13   9  $12    0.010     2.9555   2611.41   0.6   -415.71   0.7  20.07.2025  05:27:32
  4   8  14  10  $12    0.010     5.8774  13848.37   0.1   -521.36   0.5  20.07.2025  05:27:34
  4   8  15  11  $12    0.100    13.2258   5998.80   0.0    -30.54   0.1  20.07.2025  05:27:38
  4   8  16  12  $12    0.100    14.7926  11153.36   0.0     12.82   0.0  20.07.2025  05:27:40
  4   8   9   5  $12    0.100    15.8638    679.60   0.1   -430.54   0.2  20.07.2025  05:27:42
  4   8  10   6  $12    0.010    -3.9403   7427.30   0.1   -723.12   0.8  20.07.2025  05:27:47
  4   8  11   7  $12    0.010     4.6395   6121.63   0.0     20.77   4.3  20.07.2025  05:27:49
  5   9   6  10  $12    0.001     3.2209  13798.18   0.2     -3.39  93.3  20.07.2025  05:27:54
  5   9   7  11  $12    0.010     2.5334   4775.33   0.0     33.95   0.6  20.07.2025  05:27:58
  5   9   8  12  $12    0.100    12.4977   1649.03   0.0     22.27   0.1  20.07.2025  05:28:01
  5   9   2   6  $12    0.010    -9.4806  12509.31   0.0    105.80   0.1  20.07.2025  05:28:06
  5   9   3   7  $12    0.100   -13.0572   2461.23   0.1     21.23   0.2  20.07.2025  05:28:10
  5   9   4   8  $12    0.100    -6.3607    272.49   0.6   -439.37   1.8  20.07.2025  05:28:12
  5   9   1  13  $12    0.100     8.2237   2066.83   0.0     43.17   1.4  20.07.2025  05:28:14
  5   9   2  14  $12    0.100     7.6228   1714.44   0.0     43.65   2.0  20.07.2025  05:28:16
  5   9   3  15  $12    0.100     6.4370   1011.12   0.0     28.07   0.4  20.07.2025  05:28:18
  5   9   4  16  $12    0.100     4.1056    302.79   0.0    568.83   0.3  20.07.2025  05:28:20
  5   9  14  10  $12    0.010    19.5403  17265.30   0.0    -20.06   2.6  20.07.2025  05:28:25
  5   9  15  11  $12    0.100     4.3363   1021.73   0.0     -6.19   3.0  20.07.2025  05:28:29
  5   9  16  12  $12    0.100     3.1010   1406.50   0.0      0.89   6.0  20.07.2025  05:28:31
  6  10   5   9  $12    0.001     3.0767  13180.71   0.0    -21.60   2.2  20.07.2025  05:28:39
  6  10   7  11  $12    0.010     4.5342   1942.45   0.0    -22.37   1.5  20.07.2025  05:28:43
  6  10   8  12  $12    0.010     2.1297   4014.46   0.0    -16.25   1.5  20.07.2025  05:28:45
  6  10   1   5  $12    0.010   -12.2064  10785.28   0.1    -97.04   1.2  20.07.2025  05:28:47
  6  10   3   7  $12    0.100   -15.5349   2049.78   0.0     66.45   0.2  20.07.2025  05:28:51
  6  10   4   8  $12    0.100    22.6209   4263.95   0.0   -724.49   0.0  20.07.2025  05:28:53
  6  10   1  13  $12    0.010     1.2103   2722.08   0.2   -325.54   0.6  20.07.2025  05:28:58
  6  10   2  14  $12    0.100    11.5193   2895.12   0.0   -152.22   0.1  20.07.2025  05:29:01
  6  10   3  15  $12    0.100    11.9802   2694.46   0.0   -189.87   0.0  20.07.2025  05:29:03
  6  10   4  16  $12    0.010     5.2313   8217.34   0.0   -545.72   0.1  20.07.2025  05:29:08
  6  10  13   9  $12    0.010    16.3446  21566.26   0.0    111.75   0.5  20.07.2025  05:29:10
  6  10  15  11  $12    0.100    15.4225   1362.69   0.0     32.68   0.0  20.07.2025  05:29:14
  6  10  16  12  $12    0.100     9.5564   2251.68   0.0    -60.05   0.0  20.07.2025  05:29:16
  7  11   5   9  $12    0.010     2.5898   4881.61   0.0     22.41   3.7  20.07.2025  05:29:21
  7  11   6  10  $12    0.010     4.6462   1990.41   0.0     -3.05 191.3  20.07.2025  05:29:23
  7  11   8  12  $12    0.010     8.5178   3649.00   0.0     26.34   8.9  20.07.2025  05:29:25
  7  11   1   5  $12    0.100   -14.9781   3529.12   0.0     49.70   0.7  20.07.2025  05:29:29
  7  11   2   6  $12    0.100   -14.9893   1324.42   0.0     30.70   3.1  20.07.2025  05:29:31
  7  11   4   8  $12    0.010    -4.8976   6462.22   0.0     38.80   1.7  20.07.2025  05:29:36
  7  11   1  13  $12    0.100     6.9942   1098.65   0.0     15.21   0.4  20.07.2025  05:29:40
  7  11   2  14  $12    0.100    11.4729   2580.36   0.0      6.85   6.4  20.07.2025  05:29:42
  7  11   3  15  $12    0.100    12.5236   3147.54   0.0      4.95   3.8  20.07.2025  05:29:44
  7  11   4  16  $12    0.100    10.4774   2356.47   0.1     42.76   2.2  20.07.2025  05:29:46
  7  11  13   9  $12    0.100     3.2713    616.63   0.3    -88.64   3.8  20.07.2025  05:29:48
  7  11  14  10  $12    0.100    17.3879   2294.28   0.0    -39.10   2.7  20.07.2025  05:29:50
  7  11  16  12  $12    0.010     2.5955   2293.32   0.0     -2.11  18.1  20.07.2025  05:29:55
  8  12   5   9  $12    0.100    13.4390   1773.23   0.0     12.25   1.2  20.07.2025  05:29:59
  8  12   6  10  $12    0.100    20.3722   3840.07   0.1      1.58  47.7  20.07.2025  05:30:01
  8  12   7  11  $12    0.010     8.3537   3578.70   0.0     17.41   0.3  20.07.2025  05:30:06
  8  12   1   5  $12    0.100    -4.5238   2051.86   0.2     47.72   2.7  20.07.2025  05:30:12
  8  12   2   6  $12    1.000    11.6785    275.17   0.0    -78.29   0.2  20.07.2025  05:30:16
  8  12   3   7  $12    0.010    -4.1786   3692.11   0.0     37.34   0.1  20.07.2025  05:30:23
  8  12   1  13  $12    0.100     6.7136    495.14   0.0      6.89   4.5  20.07.2025  05:30:27
  8  12   2  14  $12    0.100    13.4595   2114.22   0.0      3.67  10.9  20.07.2025  05:30:29
  8  12   3  15  $12    0.100    15.1859   3415.44   0.0      1.11   8.7  20.07.2025  05:30:31
  8  12  16   4  $12    0.100   -14.3884   3616.20   0.0     23.70   2.8  20.07.2025  05:30:33
  8  12   9  13  $12    0.100    -2.3554    100.90   0.3    -83.46   4.8  20.07.2025  05:30:35
  8  12  10  14  $12    0.100    -8.0169   1511.15   0.0    -47.76   7.1  20.07.2025  05:30:37
  8  12  11  15  $12    0.010    -2.5647   3384.04   0.0     10.95   1.6  20.07.2025  05:30:42
  9  13  10  14  $12    0.010    22.3122   9558.54   0.0     81.09   0.0  20.07.2025  05:30:44
  9  13  11  15  $12    0.010     2.3980   4520.09   0.0     -2.13  90.6  20.07.2025  05:30:46
  9  13  12  16  $12    0.100    16.8603   2224.66   0.0      6.50   1.7  20.07.2025  05:30:50
  9  13   6  10  $12    0.010   -16.2947  21500.41   0.0    100.31   1.0  20.07.2025  05:30:55
  9  13   7  11  $12    0.100    -3.3549    632.37   0.0   -122.26   0.6  20.07.2025  05:30:59
  9  13   8  12  $12    0.100    -2.2450     96.18   0.0     18.32   0.5  20.07.2025  05:31:01
  9  13   5   1  $12    0.100     5.2760   3977.98   0.1   1538.17   0.2  20.07.2025  05:31:03
  9  13   6   2  $12    0.100    15.9773   7246.77   0.0    -58.15   0.5  20.07.2025  05:31:05
  9  13   7   3  $12    0.100    11.8853   2800.41   0.0    -33.45   0.2  20.07.2025  05:31:07
  9  13   8   4  $12    0.010     2.5613   2263.12   0.0   -374.50   0.5  20.07.2025  05:31:12
  9  13   2  14  $12    0.010     4.4785   3302.96   0.1     39.87   5.1  20.07.2025  05:31:14
  9  13   3  15  $12    0.100     8.6726   1362.29   0.0    101.74   0.2  20.07.2025  05:31:18
  9  13   4  16  $12    0.100   -10.4837   2357.89   0.1   -933.12   0.2  20.07.2025  05:31:20
 10  14   9  13  $12    0.010    22.4965   9637.49   0.0     71.50   1.1  20.07.2025  05:31:25
 10  14  11  15  $12    0.010     4.3955   1883.04   0.2     20.01  10.2  20.07.2025  05:31:27
 10  14  12  16  $12    0.010     2.4291   4578.78   0.0     -2.78  11.5  20.07.2025  05:31:29
 10  14   5   9  $12    0.010   -20.6153  18215.09   0.0    -41.63   0.5  20.07.2025  05:31:31
 10  14   7  11  $12    0.100   -16.6295   2194.21   0.0    -27.35   0.2  20.07.2025  05:31:34
 10  14   8  12  $12    0.100    -6.1394   1157.25   0.0     75.69   0.0  20.07.2025  05:31:36
 10  14   5   1  $12    0.100   -12.1761  13985.96   0.0  -1148.93   0.0  20.07.2025  05:31:38
 10  14   6   2  $12    0.100    17.3836  13106.90   0.0   -115.13   0.1  20.07.2025  05:31:40
 10  14   7   3  $12    0.100    13.0812   5933.20   0.0    -70.99   0.0  20.07.2025  05:31:42
 10  14   8   4  $12    0.010     5.5589  13097.87   0.3   -490.76   0.4  20.07.2025  05:31:47
 10  14   1  13  $12    0.010     4.2656   3824.17   0.0     58.84   0.3  20.07.2025  05:31:50
 10  14   3  15  $12    0.100    10.2497    755.93   0.0    227.79   0.0  20.07.2025  05:31:53
 10  14   4  16  $12    0.100   -18.3963   2889.69   0.0   -800.52   0.1  20.07.2025  05:31:55
 11  15   9  13  $12    0.010     2.4585   4634.24   0.0     -3.95  89.3  20.07.2025  05:32:00
 11  15  10  14  $12    0.010     4.3047   1844.12   0.1     15.29   1.9  20.07.2025  05:32:02
 11  15  12  16  $12    0.010     8.6935   3724.29   0.1      3.06  63.4  20.07.2025  05:32:04
 11  15   5   9  $12    0.100    -4.5604   1074.53   0.0     13.47   6.8  20.07.2025  05:32:08
 11  15   6  10  $12    0.100   -17.2368   1523.00   0.0     -9.32   9.1  20.07.2025  05:32:10
 11  15   8  12  $12    0.010    -2.5744   3396.82   0.0     11.59   2.8  20.07.2025  05:32:15
 11  15   5   1  $12    0.100    10.8810  17946.48   0.0     -5.72   9.8  20.07.2025  05:32:19
 11  15   6   2  $12    0.100    12.0981  13896.47   0.0      4.54   4.5  20.07.2025  05:32:21
 11  15   7   3  $12    0.100    12.2185   9212.56   0.0      0.47  32.1  20.07.2025  05:32:23
 11  15   8   4  $12    0.100    12.6209   5724.45   0.0      5.99  13.8  20.07.2025  05:32:25
 11  15   1  13  $12    0.100     8.7070  19147.63   0.0      4.40   4.5  20.07.2025  05:32:27
 11  15   2  14  $12    0.100    13.6864   1226.99   0.0     10.40   0.9  20.07.2025  05:32:29
 11  15   4  16  $12    0.010     4.7816   3526.46   0.0     -6.94  85.6  20.07.2025  05:32:34
 12  16   9  13  $12    0.100    17.0609   2251.13   0.0      3.15  11.5  20.07.2025  05:32:37
 12  16  10  14  $12    0.010     2.4505   4619.11   0.8    -15.54  26.5  20.07.2025  05:32:43
 12  16  11  15  $12    0.010     8.6042   3686.02   0.1      8.71  11.7  20.07.2025  05:32:45
 12  16   5   9  $12    0.100    -3.3887   1536.98   0.0      1.11  82.2  20.07.2025  05:32:49
 12  16   6  10  $12    0.100    -7.9402   1870.86   0.1     29.84   1.5  20.07.2025  05:32:51
 12  16   7  11  $12    0.010    -2.5387   2243.08   0.0      9.09   0.6  20.07.2025  05:32:56
 12  16   5   1  $12    0.100    10.2954  23348.21   0.1      6.06  13.0  20.07.2025  05:33:00
 12  16   6   2  $12    0.100    13.1588  21703.28   0.0      3.57  11.9  20.07.2025  05:33:02
 12  16   7   3  $12    0.100    13.9381  16009.98   0.0      0.25  50.0  20.07.2025  05:33:04
 12  16   8   4  $12    0.100    15.6583  11806.06   0.0     -2.46  50.4  20.07.2025  05:33:06
 12  16  13   1  $12    0.100    -3.3684    329.45   0.1      0.14 143.0  20.07.2025  05:33:08
 12  16  14   2  $12    0.100    -3.0567   6722.08   0.0     18.91  10.6  20.07.2025  05:33:10
 12  16  15   3  $12    0.010    -4.5944   4118.93   0.0      6.39   1.5  20.07.2025  05:33:15
 13   1  14   2  $12    0.010     7.1897   2465.62   0.0     18.60   1.9  20.07.2025  05:33:17
 13   1  15   3  $12    0.010     2.4197   1834.93   0.1     11.88   1.9  20.07.2025  05:33:19
 13   1  16   4  $12    0.100    12.1289   1558.81   0.0     46.35   3.3  20.07.2025  05:33:22
 13   1  10  14  $12    0.010    -4.4522   3991.42   0.1     25.41  19.0  20.07.2025  05:33:27
 13   1  11  15  $12    0.100    -8.6590  19042.14   0.0      7.58   1.7  20.07.2025  05:33:31
 13   1  12  16  $12    0.100    -3.4203    334.52   0.0      9.86   1.4  20.07.2025  05:33:33
 13   1   9   5  $12    0.100     8.4398   2121.14   0.0     13.59   1.4  20.07.2025  05:33:35
 13   1  10   6  $12    0.100     8.8708   1995.12   0.1    -85.94   0.5  20.07.2025  05:33:37
 13   1  11   7  $12    0.100     6.9252   1087.81   0.1      9.09   5.6  20.07.2025  05:33:39
 13   1  12   8  $12    0.100     6.5595    483.77   0.0      0.61  13.5  20.07.2025  05:33:41
 13   1   6   2  $12    0.100    16.5950   1223.90   0.0     17.35   0.8  20.07.2025  05:33:43
 13   1   7   3  $12    0.100     8.0251   1260.58   0.0      9.67   1.3  20.07.2025  05:33:45
 13   1   8   4  $12    1.000    16.4711    370.45   0.2    209.06   0.5  20.07.2025  05:33:49
 14   2  13   1  $12    0.010     7.2324   2480.27   0.0     15.44   3.6  20.07.2025  05:33:57
 14   2  15   3  $12    0.010    10.4516   3584.24   0.0      1.87  48.1  20.07.2025  05:33:59
 14   2  16   4  $12    0.010     3.9162   2969.69   0.1     43.65   1.5  20.07.2025  05:34:01
 14   2   9  13  $12    0.010    -4.4009   3245.73   0.0     47.73   5.5  20.07.2025  05:34:03
 14   2  11  15  $12    0.100   -13.6353   1222.41   0.0     21.06   0.0  20.07.2025  05:34:07
 14   2  12  16  $12    0.100    -3.0268   6656.34   0.0     11.18   1.6  20.07.2025  05:34:09
 14   2   9   5  $12    0.100     7.5913   1707.36   0.0    104.61   0.8  20.07.2025  05:34:11
 14   2  10   6  $12    0.100    12.9798   3262.18   0.2   -242.61   1.6  20.07.2025  05:34:13
 14   2  11   7  $12    0.100    11.4008   2564.14   0.0     10.34   4.2  20.07.2025  05:34:15
 14   2  12   8  $12    0.100    13.4363   2110.57   0.0      1.97   5.7  20.07.2025  05:34:17
 14   2   5   1  $12    0.100    20.1308   1804.73   0.0    -50.71   0.3  20.07.2025  05:34:19
 14   2   7   3  $12    0.010     7.9577   5868.86   0.0      1.85   3.6  20.07.2025  05:34:24
 14   2   8   4  $12    0.010     2.2614   3552.16   0.9     74.04  10.9  20.07.2025  05:34:26
 15   3  13   1  $12    0.010     2.4650   1869.24   0.0      9.84   4.6  20.07.2025  05:34:28
 15   3  14   2  $12    0.010    10.4668   3589.45   0.0      4.09   1.6  20.07.2025  05:34:30
 15   3  16   4  $12    0.010    10.7629   3690.99   0.0     10.66  12.7  20.07.2025  05:34:32
 15   3   9  13  $12    0.100    -8.6294   1355.51   0.0     97.07   0.8  20.07.2025  05:34:36
 15   3  10  14  $12    0.100   -12.6269    931.24   0.2    152.60   0.6  20.07.2025  05:34:38
 15   3  12  16  $12    0.010    -4.5985   4122.56   0.0      7.77   2.0  20.07.2025  05:34:43
 15   3   9   5  $12    0.100     6.7016   1052.68   0.0     71.17   1.0  20.07.2025  05:34:46
 15   3  10   6  $12    0.100     9.5866   2156.12   0.1   -165.31   0.6  20.07.2025  05:34:48
 15   3  11   7  $12    0.100    12.4715   3134.42   0.0      4.66   8.5  20.07.2025  05:34:51
 15   3  12   8  $12    0.100    15.1928   3417.01   0.0      1.98   4.2  20.07.2025  05:34:53
 15   3   5   1  $12    0.100     9.1165  20048.31   0.0    -95.50   1.1  20.07.2025  05:34:55
 15   3   6   2  $12    0.010     8.2277   7376.19   0.0      2.18   0.7  20.07.2025  05:35:00
 15   3   8   4  $12    0.010     4.6434   3424.57   0.1     20.88  17.6  20.07.2025  05:35:02
 16   4  13   1  $12    0.100     7.0454    905.47   0.2    259.14   0.3  20.07.2025  05:35:05
 16   4  14   2  $12    0.010     3.8922   2951.54   0.0     61.32   0.6  20.07.2025  05:35:10
 16   4  15   3  $12    0.010    10.7710   3693.77   0.0     13.78   1.0  20.07.2025  05:35:12
 16   4   9  13  $12    0.100    17.9455   4036.12   0.0   -521.42   0.0  20.07.2025  05:35:16
 16   4  10  14  $12    0.100    23.0796   3625.33   0.0   -771.37   0.2  20.07.2025  05:35:18
 16   4  11  15  $12    0.010    -4.6948   3462.48   0.0      7.12   0.3  20.07.2025  05:35:23
 16   4   9   5  $12    0.100    -3.5430    261.30   0.2  -1645.83   0.3  20.07.2025  05:35:27
 16   4  10   6  $12    0.010     5.2034   8173.44   0.1   -546.71   0.7  20.07.2025  05:35:32
 16   4  11   7  $12    0.100    10.6961   2405.65   0.0     25.65   0.5  20.07.2025  05:35:35
 16   4  12   8  $12    0.100    15.1674   3811.97   0.0    -21.67   0.1  20.07.2025  05:35:37
 16   4   5   1  $12    0.100    21.5526   2107.94   0.0   -536.10   0.0  20.07.2025  05:35:40
 16   4   6   2  $12    0.010     2.8050  61686.11   0.0     64.69   0.8  20.07.2025  05:35:44
 16   4   7   3  $12    0.010     5.0896   4562.81   0.0     11.58   0.4  20.07.2025  05:35:46
  1   4   2   3  $12    0.010     4.0247   2528.78   0.0    -15.33   3.3  20.07.2025  05:35:48
  2   3   1   4  $12    0.010     4.0058   2516.90   0.2     -3.04 152.9  20.07.2025  05:35:50
  1   2   3   4  $12    0.010    -4.5596   8594.72   0.1    -13.40  30.5  20.07.2025  05:35:53
  3   4   1   2  $12    0.010    -4.5327   8543.88   0.0    -32.93  13.6  20.07.2025  05:35:55
  5   8   6   7  $12    0.010    18.0103  11316.23   0.0    120.12   0.0  20.07.2025  05:35:57
  6   7   5   8  $12    0.010    18.1454  11401.09   0.0     81.27   0.8  20.07.2025  05:35:59
  5   6   7   8  $12    0.100    -3.1688    597.30   0.2   -168.46   0.8  20.07.2025  05:36:03
  7   8   5   6  $12    0.100    -2.5525    481.13   0.3    -76.55  10.7  20.07.2025  05:36:05
  9  12  10  11  $12    0.010    18.2248  11450.99   0.0     83.33   1.9  20.07.2025  05:36:09
 10  11   9  12  $12    0.010    18.3876  11553.27   0.0     95.33   0.4  20.07.2025  05:36:11
  9  10  11  12  $12    0.100    -7.5787   1428.54   0.0    -19.19   0.4  20.07.2025  05:36:15
 11  12   9  10  $12    0.100    -7.5435   1421.91   0.0     -3.73  30.3  20.07.2025  05:36:17
 13  16  14  15  $12    0.010     8.4561   5313.11   0.0      4.27   2.0  20.07.2025  05:36:22
 14  15  13  16  $12    0.010     8.5093   5346.56   0.0      4.74   2.7  20.07.2025  05:36:24
 13  14  15  16  $12    0.100    -4.1544    783.08   0.0     51.24   0.4  20.07.2025  05:36:28
  1   9  10   2  $12    0.010   -20.8159   7490.69   0.0     72.57   0.9  20.07.2025  05:36:33
  1   9  11   3  $12    0.010    -3.0822   2640.81   0.2    -17.09   5.7  20.07.2025  05:36:35
  1   9  12   4  $12    0.010    -3.5652   5961.57   0.2   -203.08   1.1  20.07.2025  05:36:37
  2  10   9   1  $12    0.010   -21.3604   7686.65   0.0     75.20   0.8  20.07.2025  05:36:39
  2  10  11   3  $12    0.010   -12.1931   4387.76   0.0    -15.15   0.5  20.07.2025  05:36:41
  2  10  12   4  $12    0.010    -9.9316   8509.34   0.0   -257.15   0.1  20.07.2025  05:36:43
  3  11   9   1  $12    0.010    -3.1839   2727.98   0.2    -17.47  31.9  20.07.2025  05:36:45
  3  11  10   2  $12    0.010   -12.1973   4389.27   0.0     -8.64  15.9  20.07.2025  05:36:47
  3  11  12   4  $12    0.010    -9.9459   3579.09   0.1     11.42  14.5  20.07.2025  05:36:49
 12   4   9   1  $12    0.010     3.7890   6335.75   0.2   -266.61   1.2  20.07.2025  05:36:51
 12   4  10   2  $12    0.010     9.8714   8457.80   0.1   -273.55   0.9  20.07.2025  05:36:53
 12   4  11   3  $12    0.010    10.0169   3604.62   0.0     11.35   2.4  20.07.2025  05:36:55
 13   5  14   6  $12    0.010    20.8031   7486.12   0.0     96.45   0.0  20.07.2025  05:36:57
 13   5  15   7  $12    0.010     4.2698   3658.33   0.0     34.03   2.1  20.07.2025  05:36:59
 13   5  16   8  $12    0.010     2.4981   4177.15   0.0     16.42   3.8  20.07.2025  05:37:01
 14   6  13   5  $12    0.010    20.9643   7544.10   0.0     54.80   0.2  20.07.2025  05:37:03
 14   6  15   7  $12    0.010     5.4042   1944.72   0.0     15.36   1.7  20.07.2025  05:37:05
 14   6  16   8  $12    0.010     2.9119   2494.94   0.0      2.57   9.8  20.07.2025  05:37:07
 15   7  13   5  $12    0.010     4.4072   3776.11   0.0     32.31   2.3  20.07.2025  05:37:10
 15   7  14   6  $12    0.010     5.4707   1968.64   0.0      9.58   4.0  20.07.2025  05:37:12
 15   7  16   8  $12    0.010    12.0732   4344.59   0.0     20.05   0.8  20.07.2025  05:37:14
 16   8  13   5  $12    0.010     2.5845   4321.58   0.1     24.72  13.3  20.07.2025  05:37:16
 16   8  14   6  $12    0.010     2.9239   2505.17   0.3    -10.63  13.8  20.07.2025  05:37:18
 16   8  15   7  $12    0.010    11.9052   4284.15   0.0     13.80   0.6  20.07.2025  05:37:20
  1   2   5   6  $12    1.000    10.7168   2020.07   0.3   -791.02   0.2  20.07.2025  05:37:25
  2   3   6   7  $12    1.000    15.5671   2934.32   0.0     -9.49   1.4  20.07.2025  05:37:27
  3   4   7   8  $12    0.100     2.5313   4771.42   0.0   -289.12   0.0  20.07.2025  05:37:32
  1   2   9  10  $12    1.000   -13.0642  20685.39   0.2   -754.60   0.4  20.07.2025  05:37:36
  2   3  10  11  $12    1.000   -17.8567  28273.69   0.1   -691.34   0.2  20.07.2025  05:37:38
  3   4  11  12  $12    0.100     0.4574   7241.61   0.1   -301.73   0.2  20.07.2025  05:37:44
  1   2  13  14  $12    1.000     4.5906  24747.72   0.1     94.08   0.7  20.07.2025  05:37:48
  2   3  14  15  $12    1.000    13.0972  70606.72   0.0      3.86   2.1  20.07.2025  05:37:50
  3   4  15  16  $12    0.100     0.3823  20607.28   0.1    772.59   0.2  20.07.2025  05:37:55
  5   6   9  10  $12    0.100    23.1172  43574.89   0.0   -543.25   0.1  20.07.2025  05:37:57
  6   7  10  11  $12    0.100     2.4066   4536.35   0.5   -169.84   3.8  20.07.2025  05:37:59
  7   8  11  12  $12    1.000     2.6227    494.37   0.0     -3.66   8.7  20.07.2025  05:38:03
  5   6  13  14  $12    0.100     1.5141  23973.68   0.9   -471.92   0.6  20.07.2025  05:38:09
  6   7  14  15  $12    1.000     6.7008  10609.75   0.0      0.42  18.2  20.07.2025  05:38:13
  7   8  15  16  $12   10.000    18.0974   2865.48   0.0     -6.43   0.5  20.07.2025  05:38:17
  9  10  13  14  $12    0.100    -3.3722   6356.44   0.4   -361.20   0.2  20.07.2025  05:38:25
 10  11  14  15  $12    0.100    -0.7802   1470.74   0.3  -1081.45   0.0  20.07.2025  05:38:31
 11  12  15  16  $12   10.000    16.1948    305.27   0.0      5.44   1.4  20.07.2025  05:38:36
  1   2   6   7  $12    0.100     5.4834  20671.96   0.0     -1.23   6.4  20.07.2025  05:38:44
  2   3   7   8  $12    1.000     7.9062   2980.57   0.0      9.13   2.6  20.07.2025  05:38:48
  1   2   7   8  $12    0.100     2.5445  16787.00   0.0    -10.01   1.3  20.07.2025  05:38:53
  2   3   7   8  $12    1.000     7.9036   2979.60   0.0      8.68   0.6  20.07.2025  05:38:57
  1   2  10  11  $12    0.100     2.9624  67007.49   0.2   -525.75   1.4  20.07.2025  05:39:02
  2   3  11  12  $12    1.000     0.5620   1271.23   0.7    -77.65   8.1  20.07.2025  05:39:09
  1   2  11  12  $12    1.000     1.4837   4614.64   0.0    -23.42   0.8  20.07.2025  05:39:14
  2   3  11  12  $12    1.000     0.5583   1262.82   0.0    -30.86   1.2  20.07.2025  05:39:19
  1   2  14  15  $12    0.100     3.1833 218412.02   0.0      0.09  72.1  20.07.2025  05:39:24
  2   3  15  16  $12    1.000     6.2466  42859.75   0.0    -10.18   2.5  20.07.2025  05:39:28
  1   2  15  16  $12    1.000    13.7784 118170.98   0.0      1.70   2.8  20.07.2025  05:39:30
  2   3  15  16  $12    1.000     6.2471  42862.63   0.0     -8.32   0.6  20.07.2025  05:39:32
  5   6  10  11  $12    0.010    -3.8069 143515.07   0.2   -659.97   0.5  20.07.2025  05:39:40
  6   7  11  12  $12    1.000     3.9959   1506.42   0.0     -5.55   1.5  20.07.2025  05:39:46
  5   6  11  12  $12    0.100     0.0789    520.29   1.2    311.11   3.5  20.07.2025  05:39:51
  6   7  11  12  $12    1.000     3.9937   1505.60   0.0     -3.80   0.7  20.07.2025  05:39:55
  5   6  14  15  $12    0.100    -0.3363   7605.87   1.2   -983.59   0.8  20.07.2025  05:40:00
  6   7  15  16  $12    1.000     3.1227   7063.37   0.0      0.39  42.9  20.07.2025  05:40:04
  5   6  15  16  $12    0.100     0.5046  15694.77   0.6   -619.32   0.5  20.07.2025  05:40:09
  6   7  15  16  $12    1.000     3.1281   7075.51   0.0     -1.62  11.0  20.07.2025  05:40:13
  9  10  14  15  $12    0.100     1.1672   4400.12   0.3   -362.69   0.2  20.07.2025  05:40:18
 10  11  15  16  $12    0.100     1.6197   6106.22   0.0   -437.99   0.4  20.07.2025  05:40:24
  9  10  15  16  $12    0.100    -0.3674   2423.84   0.6   -828.42   0.4  20.07.2025  05:40:29
 10  11  15  16  $12    0.100     1.6644   6274.47   0.1   -430.86   0.0  20.07.2025  05:40:34
