//C:\Users\user\Desktop\GeoTom\GeoTomE724.ini
//- Cable direction:
//  cable I: normal
//  cable II: normal
//  cable III: normal
//  cable IV: normal
//- Cable arrangement: sequential
//- Optimization: Last measurement
//- Sorting: Multi-level
//- Current levels: 0.001 mA .. 50.0 mA
Type:         Flow
Name:         Hyprop
Comment:      Example of a measurements sequence
Comment:      
Comment:      
Spacing:      1.00000
First El:     0.00000
Nr of points: 289
IP present:   1

  1   5   2   6  $12    0.001     4.7700  20434.68   0.0     79.87   0.3  21.07.2025  04:25:08
  1   5   3   7  $12    0.010     6.8897  12986.76   0.0     45.27   0.1  21.07.2025  04:25:12
  1   5   4   8  $12    0.010     7.1504   9434.78   0.0   -304.35   0.2  21.07.2025  04:25:14
  1   5  14   2  $12    0.010    -3.8403   3442.84   0.0    -25.04   0.7  21.07.2025  04:25:16
  1   5  15   3  $12    0.100   -15.0875  33179.07   0.0   -132.51   0.0  21.07.2025  04:25:20
  1   5  16   4  $12    0.010    -5.5130   5391.93   0.1   -391.90   0.3  21.07.2025  04:25:25
  1   5  13   9  $12    0.100   -13.2420   9984.20   0.1   -676.99   0.1  21.07.2025  04:25:29
  1   5  14  10  $12    0.100   -19.3014  22170.50   0.1   -618.66   0.1  21.07.2025  04:25:31
  1   5  15  11  $12    0.100     9.7774  16126.17   0.0     93.83   0.0  21.07.2025  04:25:33
  1   5  16  12  $12    0.100    11.0568  25075.01   0.0     -2.45   1.2  21.07.2025  04:25:35
  1   5  10   6  $12    0.001     5.1248  45281.37   0.0      8.42  12.6  21.07.2025  04:25:43
  1   5  11   7  $12    0.010     4.5447  10708.29   0.0     85.49   0.0  21.07.2025  04:25:46
  1   5  12   8  $12    0.100     9.8648   4474.33   0.0    -22.58   3.2  21.07.2025  04:25:50
  2   6   1   5  $12    0.001     3.8363  16434.54   0.1    100.87   0.3  21.07.2025  04:25:58
  2   6   3   7  $12    0.010    14.7654   6325.48   0.0     39.93   0.4  21.07.2025  04:26:02
  2   6   4   8  $12    0.010     3.3688   6350.10   0.1    207.53   0.2  21.07.2025  04:26:04
  2   6  13   1  $12    0.010    -3.8451   2835.82   0.4     66.27  11.8  21.07.2025  04:26:06
  2   6  15   3  $12    0.010    -9.7131   8707.87   0.0      9.64   2.3  21.07.2025  04:26:08
  2   6  16   4  $12    0.010    -2.1136  46480.73   0.1    262.98   0.6  21.07.2025  04:26:10
  2   6  13   9  $12    0.010     2.4008  10889.40   0.7    -60.60   4.2  21.07.2025  04:26:12
  2   6  14  10  $12    0.010     3.0701  23147.95   0.1   -196.14   1.0  21.07.2025  04:26:14
  2   6  15  11  $12    0.100    12.7220  14613.09   0.0     -5.70   1.0  21.07.2025  04:26:18
  2   6  16  12  $12    0.100    13.8201  22793.92   0.0      3.52   1.4  21.07.2025  04:26:20
  2   6   9   5  $12    0.001     3.3893  44720.17   0.0    115.94   0.4  21.07.2025  04:26:28
  2   6  11   7  $12    0.010     3.8360   3389.36   0.0    122.85   0.8  21.07.2025  04:26:31
  2   6  12   8  $12    0.100    -2.5192    593.58   0.0   -288.16   0.0  21.07.2025  04:26:35
  3   7   1   5  $12    0.010     6.5792  12401.49   0.0     55.09   1.3  21.07.2025  04:26:40
  3   7   2   6  $12    0.010    14.9492   6404.22   0.1     27.75   2.1  21.07.2025  04:26:42
  3   7   4   8  $12    0.010    15.4251   6608.09   0.0     96.41   0.2  21.07.2025  04:26:44
  3   7  13   1  $12    0.100   -11.5634   1816.37   0.0     70.70   0.1  21.07.2025  04:26:48
  3   7  14   2  $12    0.010    -9.3704   6910.78   0.0      4.84   6.7  21.07.2025  04:26:53
  3   7  16   4  $12    0.010    -5.9717   5353.69   0.1     15.86   3.0  21.07.2025  04:26:55
  3   7  13   9  $12    0.100    13.7078   3229.81   0.0    -39.12   1.3  21.07.2025  04:26:59
  3   7  14  10  $12    0.100    16.1076   7305.89   0.0   -114.49   1.4  21.07.2025  04:27:01
  3   7  15  11  $12    0.100    12.4789   9408.85   0.0      1.91   6.6  21.07.2025  04:27:03
  3   7  16  12  $12    0.100    14.4355  16581.30   0.0      4.43   2.4  21.07.2025  04:27:05
  3   7   9   5  $12    0.010     4.0785   7687.71   0.0     76.62   0.0  21.07.2025  04:27:10
  3   7  10   6  $12    0.010     4.0207   5305.20   0.4    176.04   2.4  21.07.2025  04:27:12
  3   7  12   8  $12    0.010     8.0382   7102.30   0.0    169.25   0.0  21.07.2025  04:27:14
  4   8   1   5  $12    0.010     7.4942   9888.31   0.2   -251.80   0.6  21.07.2025  04:27:16
  4   8   2   6  $12    0.010     3.4502   6503.55   0.2    215.99   1.9  21.07.2025  04:27:18
  4   8   3   7  $12    0.010    13.9118   5959.79   0.0     77.17   0.1  21.07.2025  04:27:20
  4   8  13   1  $12    0.100     7.4555   1676.80   0.4   2638.57   0.6  21.07.2025  04:27:24
  4   8  14   2  $12    0.010    -1.2231   1921.21   0.1    326.42   0.5  21.07.2025  04:27:29
  4   8  15   3  $12    0.010    -4.6276   3412.87   0.0     88.43   0.5  21.07.2025  04:27:31
  4   8  13   9  $12    0.010     7.0346   6215.60   0.0   -124.54   0.7  21.07.2025  04:27:33
  4   8  14  10  $12    0.010    14.9280  35173.30   0.0   -265.46   0.5  21.07.2025  04:27:35
  4   8  15  11  $12    0.100    16.7611   7602.27   0.0      7.09  11.9  21.07.2025  04:27:39
  4   8  16  12  $12    0.100    11.3917   8589.14   0.1    538.05   0.4  21.07.2025  04:27:41
  4   8   9   5  $12    0.010     2.1044    901.51   0.2   -926.94   0.2  21.07.2025  04:27:45
  4   8  10   6  $12    0.010   -15.0764  28418.37   0.1   -310.65   0.4  21.07.2025  04:27:48
  4   8  11   7  $12    0.010     7.1945   9492.87   0.0    106.93   0.3  21.07.2025  04:27:50
  5   9   6  10  $12    0.001     7.2581  31093.42   0.0     28.36  12.4  21.07.2025  04:27:54
  5   9   7  11  $12    0.010     5.5356  10434.30   0.0     78.69   0.2  21.07.2025  04:27:58
  5   9   8  12  $12    0.100    15.0064   1980.05   0.0     77.24   0.2  21.07.2025  04:28:02
  5   9   2   6  $12    0.001    -3.7789  49861.11   0.0    114.59   0.4  21.07.2025  04:28:10
  5   9   3   7  $12    0.010    -4.2716   8051.72   0.0     72.05   0.2  21.07.2025  04:28:13
  5   9   4   8  $12    0.100    -3.7287    159.74   0.6    543.17   2.3  21.07.2025  04:28:17
  5   9   1  13  $12    0.100     7.9448   1996.75   0.0    112.35   0.6  21.07.2025  04:28:19
  5   9   2  14  $12    0.100     9.3856   2110.91   0.0    -13.76   2.0  21.07.2025  04:28:21
  5   9   3  15  $12    0.100     7.2631   1140.88   0.0      7.72   6.9  21.07.2025  04:28:23
  5   9   4  16  $12    0.100     8.2148    605.85   0.3    -60.05   5.4  21.07.2025  04:28:25
  5   9  14  10  $12    0.001     3.2232  28478.94   0.1    -52.55  15.6  21.07.2025  04:28:33
  5   9  15  11  $12    0.100     5.4294   1279.28   0.0    -27.33   0.8  21.07.2025  04:28:38
  5   9  16  12  $12    0.100     3.3197   1505.70   0.0    -10.55   2.1  21.07.2025  04:28:41
  6  10   5   9  $12    0.001     6.6451  28467.34   0.0     38.34   0.4  21.07.2025  04:28:48
  6  10   7  11  $12    0.010     8.1869   3507.26   0.0     58.70   0.1  21.07.2025  04:28:53
  6  10   8  12  $12    0.010     2.2014   4149.60   0.0    116.20   0.2  21.07.2025  04:28:55
  6  10   1   5  $12    0.001    -4.1595  36751.83   0.0     30.64   2.1  21.07.2025  04:29:00
  6  10   3   7  $12    0.010    -3.6243   4782.19   0.0    195.19   0.2  21.07.2025  04:29:04
  6  10   4   8  $12    0.010    13.1678  24820.73   0.1   -418.39   1.2  21.07.2025  04:29:06
  6  10   1  13  $12    0.010     2.6502   5960.64   0.1   -399.87   0.4  21.07.2025  04:29:08
  6  10   2  14  $12    0.010     2.5075   6302.08   0.2   -193.96   1.0  21.07.2025  04:29:10
  6  10   3  15  $12    0.100    17.9669   4040.92   0.1     33.88   5.6  21.07.2025  04:29:13
  6  10   4  16  $12    0.010    14.0340  22044.56   0.2   -321.08   0.1  21.07.2025  04:29:18
  6  10  13   9  $12    0.010    22.9907  30335.52   0.0    103.95   0.6  21.07.2025  04:29:20
  6  10  15  11  $12    0.010     2.7534   2432.79   0.0    104.56   0.2  21.07.2025  04:29:22
  6  10  16  12  $12    0.100     8.7673   2065.74   0.0     43.57   1.3  21.07.2025  04:29:26
  7  11   5   9  $12    0.010     5.4706  10311.90   0.0     56.10   1.6  21.07.2025  04:29:31
  7  11   6  10  $12    0.010     8.0948   3467.82   0.1     44.05   2.1  21.07.2025  04:29:33
  7  11   8  12  $12    0.010    11.7725   5043.33   0.0     93.60   0.9  21.07.2025  04:29:35
  7  11   1   5  $12    0.010    -4.3545  10260.12   0.2     62.49   1.1  21.07.2025  04:29:37
  7  11   2   6  $12    0.010    -4.2487   3754.02   0.2    100.98   1.8  21.07.2025  04:29:39
  7  11   4   8  $12    0.010    -8.6963  11474.46   0.0    123.03   2.8  21.07.2025  04:29:41
  7  11   1  13  $12    0.100     6.9862   1097.38   0.0     51.05   0.3  21.07.2025  04:29:45
  7  11   2  14  $12    0.100    12.9921   2922.04   0.0      1.27   6.1  21.07.2025  04:29:47
  7  11   3  15  $12    0.100    13.7835   3464.17   0.0      4.87   1.2  21.07.2025  04:29:49
  7  11   4  16  $12    0.100     7.0524   1586.14   0.2     65.51   1.3  21.07.2025  04:29:51
  7  11  13   9  $12    0.100     4.9445    932.03   0.2    -18.46   5.3  21.07.2025  04:29:53
  7  11  14  10  $12    0.010     2.7794   3667.39   0.1     -6.55  33.8  21.07.2025  04:29:58
  7  11  16  12  $12    0.010     2.4647   2177.78   0.1      3.49  92.3  21.07.2025  04:30:00
  8  12   5   9  $12    0.100    14.9310   1970.10   0.0     35.59   0.3  21.07.2025  04:30:04
  8  12   6  10  $12    0.100    22.6728   4273.72   0.0     79.12   1.2  21.07.2025  04:30:06
  8  12   7  11  $12    0.010    10.7494   4605.03   0.0     59.29   0.4  21.07.2025  04:30:11
  8  12   1   5  $12    0.100    -5.9010   2676.50   0.0    -47.49   2.2  21.07.2025  04:30:15
  8  12   2   6  $12    0.100     2.0265    477.48   0.1   -316.38   2.1  21.07.2025  04:30:17
  8  12   3   7  $12    0.010    -6.4264   5678.16   0.1     99.66   0.4  21.07.2025  04:30:22
  8  12   1  13  $12    0.100     7.0686    521.32   0.0     14.69   0.3  21.07.2025  04:30:26
  8  12   2  14  $12    0.100    15.7967   2481.34   0.0     -6.86   4.8  21.07.2025  04:30:28
  8  12   3  15  $12    0.100    17.1135   3848.99   0.0     -1.00  12.0  21.07.2025  04:30:30
  8  12  16   4  $12    0.100   -14.6761   3688.50   0.1    -58.47   0.5  21.07.2025  04:30:32
  8  12   9  13  $12    0.100    -1.6641     71.29   0.2    139.18   2.8  21.07.2025  04:30:36
  8  12  10  14  $12    0.100    -7.8233   1474.66   0.0   -123.95   6.7  21.07.2025  04:30:38
  8  12  11  15  $12    0.010    -2.5049   3305.18   0.0     13.32   0.5  21.07.2025  04:30:43
  9  13  10  14  $12    0.001     2.9544  12656.65   0.1    144.38   2.9  21.07.2025  04:30:48
  9  13  11  15  $12    0.010     2.5112   4733.57   0.0     45.76   0.5  21.07.2025  04:30:52
  9  13  12  16  $12    0.100    16.4144   2165.83   0.0      1.11  87.2  21.07.2025  04:30:55
  9  13   6  10  $12    0.010   -23.0710  30441.46   0.1     92.31   0.5  21.07.2025  04:31:01
  9  13   7  11  $12    0.100     1.2214    230.23   0.8  -5780.13   0.6  21.07.2025  04:31:06
  9  13   8  12  $12    0.100     3.9670    169.94   0.5  -1408.01   0.0  21.07.2025  04:31:08
  9  13   5   1  $12    0.100    21.4591  16179.79   0.1  -1088.99   0.1  21.07.2025  04:31:10
  9  13   6   2  $12    0.100    15.9931   7253.95   0.4    513.20   1.6  21.07.2025  04:31:12
  9  13   7   3  $12    0.100     4.4002   1036.77   0.9   2504.61   1.4  21.07.2025  04:31:14
  9  13   8   4  $12    0.010     7.4391   6573.00   0.1   -220.12   0.8  21.07.2025  04:31:19
  9  13   2  14  $12    0.010     4.8368   3567.20   0.0     65.89   0.2  21.07.2025  04:31:21
  9  13   3  15  $12    0.100    16.2406   2551.07   0.2   -744.84   0.1  21.07.2025  04:31:24
  9  13   4  16  $12    0.010    -5.7800  12999.67   0.3   -261.90   1.5  21.07.2025  04:31:29
 10  14   9  13  $12    0.001     3.1832  13636.62   0.1     67.07   4.7  21.07.2025  04:31:34
 10  14  11  15  $12    0.010     5.4470   2333.49   0.0    117.46   0.1  21.07.2025  04:31:38
 10  14  12  16  $12    0.010     2.3481   4426.15   0.0     33.68   0.9  21.07.2025  04:31:40
 10  14   5   9  $12    0.001    -3.2564  28772.90   0.0    -23.47   0.6  21.07.2025  04:31:45
 10  14   7  11  $12    0.010    -3.0455   4018.40   0.0     20.65   2.4  21.07.2025  04:31:49
 10  14   8  12  $12    0.100     0.2499     47.10   0.5 -15888.43   0.6  21.07.2025  04:31:53
 10  14   5   1  $12    0.100     5.0409   5790.15   0.3  -2770.70   0.1  21.07.2025  04:31:55
 10  14   6   2  $12    0.010     2.9785  22457.19   0.0   -192.31   0.2  21.07.2025  04:32:00
 10  14   7   3  $12    0.100    10.5156   4769.54   0.0    598.69   0.2  21.07.2025  04:32:04
 10  14   8   4  $12    0.010    13.9630  32899.64   0.2   -316.83   0.6  21.07.2025  04:32:09
 10  14   1  13  $12    0.010     4.0771   3655.13   0.1    203.06   0.4  21.07.2025  04:32:11
 10  14   3  15  $12    0.100    13.7509   1014.14   0.3   -569.60   0.3  21.07.2025  04:32:15
 10  14   4  16  $12    0.010   -12.4028  19482.20   0.1   -295.38   0.0  21.07.2025  04:32:20
 11  15   9  13  $12    0.010     2.7236   5133.89   0.0     -3.48  34.4  21.07.2025  04:32:22
 11  15  10  14  $12    0.010     5.5070   2359.17   0.1     34.19   3.0  21.07.2025  04:32:24
 11  15  12  16  $12    0.010     8.5705   3671.61   0.0     15.07   3.1  21.07.2025  04:32:26
 11  15   5   9  $12    0.100    -5.1706   1218.29   0.0     -0.78 152.7  21.07.2025  04:32:30
 11  15   6  10  $12    0.010    -2.4772   2188.81   0.1     27.45  11.0  21.07.2025  04:32:35
 11  15   8  12  $12    0.010    -2.5946   3423.44   0.7     -7.58  62.4  21.07.2025  04:32:37
 11  15   5   1  $12    0.100    11.3979  18798.95   0.0     34.09   0.5  21.07.2025  04:32:40
 11  15   6   2  $12    0.100    12.4671  14320.22   0.0      3.84  30.6  21.07.2025  04:32:42
 11  15   7   3  $12    0.100    12.4013   9350.33   0.0     -1.82   7.5  21.07.2025  04:32:44
 11  15   8   4  $12    0.100    13.1574   5967.78   0.0    -35.44   0.7  21.07.2025  04:32:46
 11  15   1  13  $12    0.100     9.1849  20198.62   0.1     12.23   3.3  21.07.2025  04:32:49
 11  15   2  14  $12    0.100    15.0582   1349.98   0.0     62.48   0.2  21.07.2025  04:32:51
 11  15   4  16  $12    0.010     4.6837   3454.23   0.1      7.48  29.7  21.07.2025  04:32:55
 12  16   9  13  $12    0.100    17.2075   2270.48   0.0     11.23   0.5  21.07.2025  04:32:59
 12  16  10  14  $12    0.010     2.4087   4540.30   0.8     31.94  31.1  21.07.2025  04:33:04
 12  16  11  15  $12    0.010     8.4413   3616.26   0.1      7.01   3.2  21.07.2025  04:33:06
 12  16   5   9  $12    0.100    -3.5788   1623.23   0.0     -1.16  25.3  21.07.2025  04:33:11
 12  16   6  10  $12    0.100    -8.2206   1936.94   0.3     64.81   3.5  21.07.2025  04:33:13
 12  16   7  11  $12    0.010    -2.4700   2182.42   0.0     11.18   0.5  21.07.2025  04:33:18
 12  16   5   1  $12    0.100    10.5573  23942.15   0.0     19.42   4.3  21.07.2025  04:33:22
 12  16   6   2  $12    0.100    13.7837  22733.93   0.0     -5.07  21.8  21.07.2025  04:33:24
 12  16   7   3  $12    0.100    14.4688  16619.46   0.0     -0.41   7.3  21.07.2025  04:33:26
 12  16   8   4  $12    0.100    17.7157  13357.36   0.0    -18.19   4.0  21.07.2025  04:33:28
 12  16  13   1  $12    0.100    -3.0565    298.94   0.0      4.25  36.5  21.07.2025  04:33:30
 12  16  14   2  $12    0.100    -2.3469   5161.08   0.2     13.99   1.1  21.07.2025  04:33:32
 12  16  15   3  $12    0.010    -4.4048   3948.89   0.0     30.16   0.0  21.07.2025  04:33:37
 13   1  14   2  $12    0.010     9.6172   3298.09   0.0     43.83   0.5  21.07.2025  04:33:39
 13   1  15   3  $12    0.010     2.7462   2082.46   0.2     37.37   0.7  21.07.2025  04:33:41
 13   1  16   4  $12    0.100     8.7688   1126.96   0.1    242.32   0.9  21.07.2025  04:33:44
 13   1  10  14  $12    0.010    -4.7103   4222.78   0.3     87.47   8.5  21.07.2025  04:33:49
 13   1  11  15  $12    0.100    -9.0311  19860.50   0.0     26.47   0.4  21.07.2025  04:33:53
 13   1  12  16  $12    0.100    -3.0886    302.08   0.0     15.03   1.2  21.07.2025  04:33:55
 13   1   9   5  $12    0.100     9.1040   2288.07   0.0     22.30   9.6  21.07.2025  04:33:57
 13   1  10   6  $12    0.100    13.7166   3084.99   0.1   -111.84   2.9  21.07.2025  04:33:59
 13   1  11   7  $12    0.100     7.3184   1149.57   0.0      8.19  16.4  21.07.2025  04:34:01
 13   1  12   8  $12    0.100     7.1532    527.56   0.0    -13.38   0.1  21.07.2025  04:34:03
 13   1   6   2  $12    0.010     3.9404   2906.07   0.0     33.89   0.9  21.07.2025  04:34:08
 13   1   7   3  $12    0.100    11.0995   1743.51   0.0      1.90   6.6  21.07.2025  04:34:12
 13   1   8   4  $12    1.000   -21.7896    490.07   0.4   -902.34   1.2  21.07.2025  04:34:16
 14   2  13   1  $12    0.010     9.4594   3243.99   0.0     21.32   1.8  21.07.2025  04:34:24
 14   2  15   3  $12    0.010    12.1616   4170.65   0.2     22.71   1.4  21.07.2025  04:34:26
 14   2  16   4  $12    0.010     3.3282   2523.85   0.5     97.16   1.1  21.07.2025  04:34:28
 14   2   9  13  $12    0.010    -4.7508   3503.77   0.3     60.48   5.9  21.07.2025  04:34:30
 14   2  11  15  $12    0.100   -14.7591   1323.15   0.0    104.73   0.2  21.07.2025  04:34:34
 14   2  12  16  $12    0.100    -2.2608   4971.68   0.0     24.55   0.6  21.07.2025  04:34:36
 14   2   9   5  $12    0.100     8.8178   1983.21   0.0     91.48   2.2  21.07.2025  04:34:38
 14   2  10   6  $12    0.010     2.3266   5847.31   0.4   -159.75   2.2  21.07.2025  04:34:43
 14   2  11   7  $12    0.100    13.0844   2942.82   0.0      6.10   1.5  21.07.2025  04:34:46
 14   2  12   8  $12    0.100    16.0620   2523.01   0.0    -12.00   0.2  21.07.2025  04:34:48
 14   2   5   1  $12    0.010     3.8673   3467.07   0.1     -3.14 150.1  21.07.2025  04:34:53
 14   2   7   3  $12    0.010     9.3289   6880.14   0.1      8.71   4.5  21.07.2025  04:34:55
 14   2   8   4  $12    0.100    14.6942   2308.16   0.0    287.01   0.2  21.07.2025  04:34:59
 15   3  13   1  $12    0.010     2.8029   2125.51   0.1     24.32   3.4  21.07.2025  04:35:04
 15   3  14   2  $12    0.010    12.2069   4186.18   0.0     15.70   1.0  21.07.2025  04:35:06
 15   3  16   4  $12    0.010    11.0882   3802.57   0.0     29.31   1.2  21.07.2025  04:35:08
 15   3   9  13  $12    0.100    -6.4709   1016.45   0.1    196.74   1.1  21.07.2025  04:35:12
 15   3  10  14  $12    0.100    -7.7394    570.79   0.2    524.56   0.4  21.07.2025  04:35:14
 15   3  12  16  $12    0.010    -4.3782   3925.09   0.0     32.16   0.0  21.07.2025  04:35:19
 15   3   9   5  $12    0.100     7.4704   1173.45   0.0     59.86   0.4  21.07.2025  04:35:24
 15   3  10   6  $12    0.100    16.2498   3654.74   0.0   -186.92   0.5  21.07.2025  04:35:26
 15   3  11   7  $12    0.100    13.9828   3514.27   0.0      3.45   5.8  21.07.2025  04:35:28
 15   3  12   8  $12    0.100    17.4065   3914.88   0.0     -3.26   1.7  21.07.2025  04:35:30
 15   3   5   1  $12    0.100    13.5795  29862.85   0.0    -66.52   5.2  21.07.2025  04:35:32
 15   3   6   2  $12    0.010     9.7347   8727.18   0.0      1.14  10.9  21.07.2025  04:35:37
 15   3   8   4  $12    0.010     4.9740   3668.37   0.0     43.14   3.4  21.07.2025  04:35:39
 16   4  13   1  $12    0.100     7.5803    974.22   0.5  -2234.86   0.0  21.07.2025  04:35:43
 16   4  14   2  $12    0.010     3.1923   2420.78   0.0    104.30   2.5  21.07.2025  04:35:48
 16   4  15   3  $12    0.010    10.9370   3750.69   0.0     28.76   1.0  21.07.2025  04:35:50
 16   4   9  13  $12    0.010     6.3488  14279.14   0.0   -212.01   1.3  21.07.2025  04:35:52
 16   4  10  14  $12    0.010    14.0813  22118.91   0.0   -273.24   0.6  21.07.2025  04:35:54
 16   4  11  15  $12    0.010    -4.3215   3187.17   0.0     49.94   1.9  21.07.2025  04:35:56
 16   4   9   5  $12    0.010     0.3881    286.24   1.4   1858.56   2.8  21.07.2025  04:36:00
 16   4  10   6  $12    0.010    16.3441  25673.22   0.0   -267.52   0.3  21.07.2025  04:36:02
 16   4  11   7  $12    0.100    13.2144   2972.05   0.1   -464.75   0.1  21.07.2025  04:36:06
 16   4  12   8  $12    0.100    15.6721   3938.83   0.1    229.80   1.2  21.07.2025  04:36:08
 16   4   5   1  $12    0.010     7.3261   7165.28   0.1   -201.46   0.5  21.07.2025  04:36:13
 16   4   6   2  $12    0.010     1.6735  36802.70   0.9    542.75   2.0  21.07.2025  04:36:17
 16   4   7   3  $12    0.010     5.8811   5272.39   0.0     16.80   1.0  21.07.2025  04:36:19
  1   4   2   3  $12    0.010     6.9053   4338.75   0.0    -44.18   0.5  21.07.2025  04:36:21
  2   3   1   4  $12    0.010     6.9986   4397.33   0.0    -26.06   5.3  21.07.2025  04:36:23
  1   2   3   4  $12    0.010    -6.2929  11861.92   0.0    -52.37   2.7  21.07.2025  04:36:25
  3   4   1   2  $12    0.010    -6.4045  12072.18   0.0    -42.32   5.2  21.07.2025  04:36:28
  5   8   6   7  $12    0.001     4.7867  30075.49   0.0    114.67   0.1  21.07.2025  04:36:33
  6   7   5   8  $12    0.001     4.6672  29324.91   0.1    122.78   3.1  21.07.2025  04:36:35
  5   6   7   8  $12    0.100     5.4708   1031.23   0.0    520.45   0.0  21.07.2025  04:36:40
  7   8   5   6  $12    0.100    -3.5436    667.96   0.3    133.62   2.7  21.07.2025  04:36:42
  9  12  10  11  $12    0.001     2.6476  16635.29   0.3     60.22   1.4  21.07.2025  04:36:50
 10  11   9  12  $12    0.001     2.6128  16416.90   0.9    102.11   4.3  21.07.2025  04:36:52
  9  10  11  12  $12    0.100   -14.4555   2724.79   0.1    227.65   1.2  21.07.2025  04:36:57
 11  12   9  10  $12    0.100   -12.9420   2439.51   0.1     34.29   2.2  21.07.2025  04:36:59
 13  16  14  15  $12    0.010     9.1119   5725.16   0.0     30.09   0.2  21.07.2025  04:37:04
 14  15  13  16  $12    0.010     9.2501   5812.01   0.0     27.97   1.5  21.07.2025  04:37:06
 13  14  15  16  $12    0.100    -5.4427   1025.93   0.0    242.24   0.1  21.07.2025  04:37:10
  1   9  10   2  $12    0.001    -3.2105  11553.22   0.4     60.49  12.9  21.07.2025  04:37:18
  1   9  11   3  $12    0.010    -3.7069   3176.06   0.0     15.88   4.0  21.07.2025  04:37:22
  1   9  12   4  $12    0.010    -8.4791  14178.24   0.0   -155.79   0.5  21.07.2025  04:37:24
  2  10   9   1  $12    0.001    -3.1520  11342.77   0.0     78.16   4.5  21.07.2025  04:37:28
  2  10  11   3  $12    0.010   -15.2765   5497.34   0.0     -5.98   1.2  21.07.2025  04:37:32
  2  10  12   4  $12    0.010   -19.7957  16960.91   0.0   -229.08   0.1  21.07.2025  04:37:34
  3  11   9   1  $12    0.010    -3.7149   3182.89   0.0     18.07  10.3  21.07.2025  04:37:36
  3  11  10   2  $12    0.010   -15.1287   5444.13   0.0     -2.95  25.2  21.07.2025  04:37:38
  3  11  12   4  $12    0.010   -10.4566   3762.84   0.0     16.14  12.9  21.07.2025  04:37:40
 12   4   9   1  $12    0.010     8.0833  13516.35   0.0   -113.22   1.0  21.07.2025  04:37:42
 12   4  10   2  $12    0.010    19.1706  16425.33   0.0   -180.98   0.3  21.07.2025  04:37:45
 12   4  11   3  $12    0.010    10.5430   3793.95   0.0     13.30   0.7  21.07.2025  04:37:47
 13   5  14   6  $12    0.001     4.9267  17729.03   0.0    109.58   0.2  21.07.2025  04:37:51
 13   5  15   7  $12    0.010     7.4076   6346.81   0.0     70.79   0.1  21.07.2025  04:37:55
 13   5  16   8  $12    0.010     2.9771   4978.06   0.0     12.68   1.1  21.07.2025  04:37:57
 14   6  13   5  $12    0.001     4.7259  17006.53   0.2     98.33   2.2  21.07.2025  04:38:02
 14   6  15   7  $12    0.010     8.4691   3047.64   0.0     77.72   0.2  21.07.2025  04:38:06
 14   6  16   8  $12    0.010     3.1739   2719.35   0.0     32.15   0.4  21.07.2025  04:38:08
 15   7  13   5  $12    0.010     7.4129   6351.39   0.0     57.33   2.3  21.07.2025  04:38:10
 15   7  14   6  $12    0.010     8.7472   3147.72   0.0     75.30   1.1  21.07.2025  04:38:12
 15   7  16   8  $12    0.010    15.3200   5512.97   0.0     78.74   0.0  21.07.2025  04:38:14
 16   8  13   5  $12    0.010     2.8928   4837.23   0.1     57.20   7.0  21.07.2025  04:38:16
 16   8  14   6  $12    0.010     3.2456   2780.79   0.2      2.30 106.8  21.07.2025  04:38:18
 16   8  15   7  $12    0.010    14.9396   5376.08   0.0     52.91   0.2  21.07.2025  04:38:20
  1   2   5   6  $12    0.100     2.5423   4792.10   0.3   -434.92   0.7  21.07.2025  04:38:24
  2   3   6   7  $12    1.000    14.3560   2706.04   0.5    116.16   5.0  21.07.2025  04:38:28
  3   4   7   8  $12    0.100   -10.2307  19284.40   0.2  -2288.59   0.3  21.07.2025  04:38:34
  1   2   9  10  $12    0.100    -2.0138  31885.27   0.2   -587.39   0.7  21.07.2025  04:38:36
  2   3  10  11  $12    0.100    -5.4462  86233.88   0.7   -267.27   4.7  21.07.2025  04:38:38
  3   4  11  12  $12    0.100     1.3109  20756.72   0.6   -848.10   1.1  21.07.2025  04:38:43
  1   2  13  14  $12    1.000     1.1881   6405.10   0.2   1230.65   5.8  21.07.2025  04:38:51
  2   3  14  15  $12    1.000    -8.6934  46865.88   9.9  -2093.14  32.3  21.07.2025  04:38:58
  3   4  15  16  $12    0.100   -10.1675 548126.26   0.0   -762.37   0.2  21.07.2025  04:39:03
  5   6   9  10  $12    0.010     4.4740  84332.27   0.1   -444.01   0.3  21.07.2025  04:39:08
  6   7  10  11  $12    0.100     2.0298   3826.15   0.3      6.61 211.4  21.07.2025  04:39:12
  7   8  11  12  $12    1.000     2.9924    564.05   0.0     15.80   1.3  21.07.2025  04:39:15
  5   6  13  14  $12    0.100     6.9570 110155.14   0.2   -397.73   0.0  21.07.2025  04:39:21
  6   7  14  15  $12    1.000     7.7829  12323.09   0.0    -51.33   0.8  21.07.2025  04:39:24
  7   8  15  16  $12    1.000     2.1625   3424.06   0.2   -100.52   0.6  21.07.2025  04:39:27
  9  10  13  14  $12    0.100   -16.2257  30584.79   0.0   -730.74   0.0  21.07.2025  04:39:32
 10  11  14  15  $12    0.100    -4.4755   8436.15   0.0   -327.48   0.0  21.07.2025  04:39:34
 11  12  15  16  $12   10.000    18.6467    351.48   0.0     11.75   0.5  21.07.2025  04:39:39
  1   2   6   7  $12    0.100     6.6504  25071.41   0.0      1.50  22.0  21.07.2025  04:39:48
  2   3   7   8  $12    0.100     0.6154   2320.11   0.8    227.41   4.2  21.07.2025  04:39:52
  1   2   7   8  $12    0.100     3.2812  21647.13   0.0    -46.61   0.8  21.07.2025  04:39:54
  2   3   7   8  $12    1.000   -14.9469   5634.84   3.5   -794.43   2.5  21.07.2025  04:40:02
  1   2  10  11  $12    0.100    10.2282 231357.55   0.0   -324.51   0.1  21.07.2025  04:40:07
  2   3  11  12  $12    1.000     6.2580  14155.26   0.6   -291.94   1.4  21.07.2025  04:40:11
  1   2  11  12  $12    1.000    -5.0919  15836.81   0.9   -428.42   2.3  21.07.2025  04:40:17
  2   3  11  12  $12    1.000     4.3617   9866.04   0.8  -1059.50   1.1  21.07.2025  04:40:20
  1   2  14  15  $12    0.100     3.8161 261830.13   0.0    -40.13   0.5  21.07.2025  04:40:25
  2   3  15  16  $12    1.000    11.0892  76085.47   0.6   -296.65   2.2  21.07.2025  04:40:29
  1   2  15  16  $12    1.000     3.1475  26995.06   0.9   1830.30   8.6  21.07.2025  04:40:35
  2   3  15  16  $12    1.000    11.1478  76487.45   0.4   -240.18   4.4  21.07.2025  04:40:37
  5   6  10  11  $12    0.010    -7.5916 286196.21   0.1   -332.42   0.5  21.07.2025  04:40:45
  6   7  11  12  $12    1.000     4.9174   1853.80   0.0     -7.02   0.1  21.07.2025  04:40:50
  5   6  11  12  $12    0.100    -0.1605   1059.03   0.4   -265.76   1.0  21.07.2025  04:40:56
  6   7  11  12  $12    1.000     4.9173   1853.79   0.0     -7.10   0.8  21.07.2025  04:41:00
  5   6  14  15  $12    0.100    -2.4041  54379.07   0.2   -489.95   0.2  21.07.2025  04:41:05
  6   7  15  16  $12    1.000     3.5787   8094.93   0.0     66.59   0.5  21.07.2025  04:41:09
  5   6  15  16  $12    0.100     1.3713  42650.99   0.1   -588.44   0.2  21.07.2025  04:41:14
  6   7  15  16  $12    1.000     3.5922   8125.36   0.0     58.73   0.7  21.07.2025  04:41:18
  9  10  14  15  $12    0.100     9.7499  36756.23   0.5   -834.98   0.3  21.07.2025  04:41:23
 10  11  15  16  $12    0.100     4.9127  18520.29   0.0   -481.77   0.0  21.07.2025  04:41:25
  9  10  15  16  $12    0.100    -3.7540  24766.57   0.2   -947.30   0.1  21.07.2025  04:41:27
 10  11  15  16  $12    0.100     4.8635  18335.06   0.0   -468.48   0.0  21.07.2025  04:41:29
