//C:\Users\user\Desktop\GeoTom\GeoTomE724.ini
//- Cable direction:
//  cable I: normal
//  cable II: normal
//  cable III: normal
//  cable IV: normal
//- Cable arrangement: sequential
//- Optimization: Last measurement
//- Sorting: Multi-level
//- Current levels: 0.001 mA .. 50.0 mA
Type:         Flow
Name:         Hyprop
Comment:      Example of a measurements sequence
Comment:      
Comment:      
Spacing:      1.00000
First El:     0.00000
Nr of points: 289
IP present:   1

  1   5   2   6  $12    0.010    19.3037   8269.70   0.0    124.81   0.0  20.07.2025  04:25:05
  1   5   3   7  $12    0.010     3.5363   6665.85   0.0     14.27   0.7  20.07.2025  04:25:08
  1   5   4   8  $12    0.010     3.5052   4624.98   0.1   -371.44   0.2  20.07.2025  04:25:10
  1   5  14   2  $12    0.100   -16.7698   1503.42   0.0    -58.45   0.5  20.07.2025  04:25:13
  1   5  15   3  $12    0.100    -8.6239  18965.01   0.0   -107.25   0.0  20.07.2025  04:25:15
  1   5  16   4  $12    0.100   -16.8596   1648.94   0.0   -572.06   0.2  20.07.2025  04:25:17
  1   5  13   9  $12    0.100     1.7772   1339.95   0.6   4602.14   0.6  20.07.2025  04:25:20
  1   5  14  10  $12    0.100   -11.0780  12724.72   0.2  -1465.90   0.3  20.07.2025  04:25:22
  1   5  15  11  $12    0.100    10.7010  17649.56   0.0      4.52   2.5  20.07.2025  04:25:24
  1   5  16  12  $12    0.100    10.4023  23590.63   0.0    -12.09   0.0  20.07.2025  04:25:26
  1   5  10   6  $12    0.010    18.0965  15989.57   0.1     -6.37  12.4  20.07.2025  04:25:31
  1   5  11   7  $12    0.100    14.2388   3354.94   0.0     61.33   0.1  20.07.2025  04:25:35
  1   5  12   8  $12    0.100     4.0924   1856.19   0.0     32.32   0.9  20.07.2025  04:25:37
  2   6   1   5  $12    0.010    14.0601   6023.35   0.1     73.49   1.7  20.07.2025  04:25:42
  2   6   3   7  $12    0.010    10.9501   4691.00   0.0      6.10  32.5  20.07.2025  04:25:44
  2   6   4   8  $12    0.010     4.0441   7622.92   0.2     44.73   4.1  20.07.2025  04:25:46
  2   6  13   1  $12    0.100   -18.9559   1398.01   0.0     80.73   0.2  20.07.2025  04:25:49
  2   6  15   3  $12    0.010    -8.0869   7249.91   0.0      5.77   0.5  20.07.2025  04:25:54
  2   6  16   4  $12    0.010    -2.7323  60086.16   0.2     74.55   4.2  20.07.2025  04:25:56
  2   6  13   9  $12    0.100    16.1525   7326.26   0.0    -62.55   0.8  20.07.2025  04:26:00
  2   6  14  10  $12    0.100    17.5708  13248.07   0.0   -142.74   1.7  20.07.2025  04:26:02
  2   6  15  11  $12    0.100    12.0275  13815.31   0.0      3.23   5.0  20.07.2025  04:26:04
  2   6  16  12  $12    0.100    13.1058  21615.81   0.0      2.70   1.3  20.07.2025  04:26:06
  2   6   9   5  $12    0.010    10.7489  14182.85   0.1    110.35   0.3  20.07.2025  04:26:11
  2   6  11   7  $12    0.100    14.4584   1277.50   0.0     21.99   0.4  20.07.2025  04:26:15
  2   6  12   8  $12    1.000   -14.8178    349.14   0.0    -44.21   0.2  20.07.2025  04:26:19
  3   7   1   5  $12    0.010     3.5878   6762.86   0.1     17.09  28.1  20.07.2025  04:26:26
  3   7   2   6  $12    0.010    10.8244   4637.18   0.0      1.80  18.4  20.07.2025  04:26:29
  3   7   4   8  $12    0.010    10.7732   4615.22   0.1     30.57   3.0  20.07.2025  04:26:31
  3   7  13   1  $12    0.100    -8.8668   1392.79   0.0     58.71   0.3  20.07.2025  04:26:34
  3   7  14   2  $12    0.010    -7.7974   5750.64   0.0      6.25   2.6  20.07.2025  04:26:39
  3   7  16   4  $12    0.010    -4.9543   4441.57   0.0     10.74  15.8  20.07.2025  04:26:41
  3   7  13   9  $12    0.100    12.0506   2839.36   0.0    -39.44   1.1  20.07.2025  04:26:45
  3   7  14  10  $12    0.100    12.9153   5857.94   0.1    -85.56   2.9  20.07.2025  04:26:47
  3   7  15  11  $12    0.100    12.1917   9192.34   0.0      2.03   2.3  20.07.2025  04:26:49
  3   7  16  12  $12    0.100    13.8925  15957.60   0.0      1.85   0.5  20.07.2025  04:26:51
  3   7   9   5  $12    0.100    14.8572   2800.51   0.0     41.02   0.6  20.07.2025  04:26:53
  3   7  10   6  $12    0.100    16.4990   2176.99   0.0     89.05   0.4  20.07.2025  04:26:55
  3   7  12   8  $12    0.010     4.4456   3928.04   0.0     61.65   0.1  20.07.2025  04:27:00
  4   8   1   5  $12    0.010     3.8016   5016.16   0.0   -413.44   0.6  20.07.2025  04:27:02
  4   8   2   6  $12    0.010     3.9090   7368.28   0.0     57.48   0.9  20.07.2025  04:27:04
  4   8   3   7  $12    0.010    10.5323   4512.02   0.0     24.81   0.1  20.07.2025  04:27:06
  4   8  13   1  $12    0.100     4.3966    988.84   0.4   -572.23   0.2  20.07.2025  04:27:10
  4   8  14   2  $12    0.100   -22.9195   3600.19   0.0     58.02   0.2  20.07.2025  04:27:12
  4   8  15   3  $12    0.010    -4.6403   3422.25   0.0     34.14   0.9  20.07.2025  04:27:17
  4   8  13   9  $12    0.010     2.8230   2494.34   0.2   -412.59   0.1  20.07.2025  04:27:19
  4   8  14  10  $12    0.010     5.4611  12867.33   0.3   -530.77   1.1  20.07.2025  04:27:21
  4   8  15  11  $12    0.100    13.0725   5929.28   0.0    -25.93   0.3  20.07.2025  04:27:25
  4   8  16  12  $12    0.100    14.8287  11180.58   0.0     11.01   0.2  20.07.2025  04:27:27
  4   8   9   5  $12    0.100    12.7429    545.90   0.0   -430.63   0.1  20.07.2025  04:27:29
  4   8  10   6  $12    0.100   -22.8758   4311.98   0.0   -803.21   0.1  20.07.2025  04:27:31
  4   8  11   7  $12    0.010     4.5722   6032.90   0.0     21.62   0.8  20.07.2025  04:27:36
  5   9   6  10  $12    0.001     3.2146  13771.52   0.8     34.92   9.9  20.07.2025  04:27:41
  5   9   7  11  $12    0.010     2.6365   4969.65   0.0     42.59   0.4  20.07.2025  04:27:44
  5   9   8  12  $12    0.100    12.8102   1690.27   0.0     21.09   0.0  20.07.2025  04:27:48
  5   9   2   6  $12    0.010    -9.6177  12690.26   0.0    109.42   0.1  20.07.2025  04:27:53
  5   9   3   7  $12    0.100   -13.6072   2564.89   0.0     21.75   0.3  20.07.2025  04:27:57
  5   9   4   8  $12    0.100    -7.5048    321.50   0.4   -371.94   0.7  20.07.2025  04:27:59
  5   9   1  13  $12    0.100     8.3656   2102.49   0.1     46.15   1.2  20.07.2025  04:28:01
  5   9   2  14  $12    0.100     7.6032   1710.04   0.0     51.73   2.0  20.07.2025  04:28:03
  5   9   3  15  $12    0.100     6.4928   1019.89   0.0     38.61   0.5  20.07.2025  04:28:05
  5   9   4  16  $12    0.100     2.7274    201.15   0.6   1026.43   0.9  20.07.2025  04:28:07
  5   9  14  10  $12    0.010    19.2399  16999.89   0.0    -34.17   1.3  20.07.2025  04:28:12
  5   9  15  11  $12    0.100     4.3173   1017.24   0.0    -11.79   1.1  20.07.2025  04:28:16
  5   9  16  12  $12    0.100     3.1043   1407.99   0.0      1.41  12.1  20.07.2025  04:28:18
  6  10   5   9  $12    0.001     3.0742  13169.75   0.0    -20.55   5.7  20.07.2025  04:28:26
  6  10   7  11  $12    0.010     4.4939   1925.19   0.0    -19.81   0.7  20.07.2025  04:28:31
  6  10   8  12  $12    0.010     2.1129   3982.68   0.0     -6.14   0.6  20.07.2025  04:28:33
  6  10   1   5  $12    0.010   -12.4517  11001.98   0.0   -101.79   0.6  20.07.2025  04:28:35
  6  10   3   7  $12    0.100   -15.6210   2061.14   0.0     61.39   0.1  20.07.2025  04:28:39
  6  10   4   8  $12    0.100    20.6288   3888.44   0.0   -742.91   0.0  20.07.2025  04:28:41
  6  10   1  13  $12    0.100    22.2572   5005.85   0.0   -156.85   0.1  20.07.2025  04:28:43
  6  10   2  14  $12    0.100    11.2722   2833.02   0.0   -147.25   0.0  20.07.2025  04:28:45
  6  10   3  15  $12    0.100    11.6462   2619.33   0.0   -185.61   0.1  20.07.2025  04:28:47
  6  10   4  16  $12    0.010     4.8048   7547.30   0.0   -542.45   0.3  20.07.2025  04:28:52
  6  10  13   9  $12    0.010    16.2281  21412.51   0.0    111.52   1.0  20.07.2025  04:28:54
  6  10  15  11  $12    0.100    15.7544   1392.02   0.0     27.90   0.2  20.07.2025  04:28:57
  6  10  16  12  $12    0.100     9.5697   2254.81   0.0    -58.42   0.1  20.07.2025  04:28:59
  7  11   5   9  $12    0.010     2.6481   4991.53   0.0     13.80   1.2  20.07.2025  04:29:04
  7  11   6  10  $12    0.010     4.4317   1898.55   0.5    -50.24   8.9  20.07.2025  04:29:06
  7  11   8  12  $12    0.010     8.4186   3606.51   0.2     33.72   2.9  20.07.2025  04:29:08
  7  11   1   5  $12    0.100   -15.6980   3698.76   0.0     49.52   2.7  20.07.2025  04:29:12
  7  11   2   6  $12    0.100   -14.8779   1314.57   0.0     29.47   2.1  20.07.2025  04:29:14
  7  11   4   8  $12    0.010    -4.8144   6352.45   0.0     37.71   9.5  20.07.2025  04:29:19
  7  11   1  13  $12    0.100     7.0115   1101.37   0.0     14.79   0.5  20.07.2025  04:29:23
  7  11   2  14  $12    0.100    11.3926   2562.31   0.0      5.37   3.0  20.07.2025  04:29:25
  7  11   3  15  $12    0.100    12.4313   3124.32   0.0      3.50   2.2  20.07.2025  04:29:27
  7  11   4  16  $12    0.100    10.6926   2404.86   0.0     31.43   2.1  20.07.2025  04:29:29
  7  11  13   9  $12    0.100     3.2352    609.81   0.1   -100.74   0.9  20.07.2025  04:29:31
  7  11  14  10  $12    0.100    17.3641   2291.13   0.1    -34.94   2.7  20.07.2025  04:29:33
  7  11  16  12  $12    0.010     2.6027   2299.65   0.0     -1.53   8.0  20.07.2025  04:29:38
  8  12   5   9  $12    0.100    13.8059   1821.64   0.0     14.85   3.1  20.07.2025  04:29:42
  8  12   6  10  $12    0.100    20.5851   3880.19   0.0     -7.06  18.1  20.07.2025  04:29:44
  8  12   7  11  $12    0.010     8.3039   3557.38   0.0     15.89   0.6  20.07.2025  04:29:49
  8  12   1   5  $12    0.100    -4.7749   2165.72   0.1     44.83   0.2  20.07.2025  04:29:53
  8  12   2   6  $12    1.000    10.6220    250.27   0.0    -82.40   0.1  20.07.2025  04:29:56
  8  12   3   7  $12    0.010    -4.1341   3652.79   0.0     34.65   0.3  20.07.2025  04:30:04
  8  12   1  13  $12    0.100     6.7512    497.91   0.0      8.14   2.1  20.07.2025  04:30:08
  8  12   2  14  $12    0.100    13.3225   2092.69   0.0      2.41   9.5  20.07.2025  04:30:10
  8  12   3  15  $12    0.100    15.0596   3387.04   0.0      2.36   2.1  20.07.2025  04:30:12
  8  12  16   4  $12    0.100   -14.4076   3621.02   0.0     20.20   4.6  20.07.2025  04:30:14
  8  12   9  13  $12    0.100    -2.2783     97.60   0.1    -93.41   3.9  20.07.2025  04:30:16
  8  12  10  14  $12    0.100    -8.2128   1548.08   0.0    -50.92   2.3  20.07.2025  04:30:18
  8  12  11  15  $12    0.010    -2.5658   3385.47   0.0      9.63   1.1  20.07.2025  04:30:23
  9  13  10  14  $12    0.010    22.2212   9519.54   0.0     74.43   1.9  20.07.2025  04:30:25
  9  13  11  15  $12    0.010     2.4479   4614.11   0.2     -8.46  15.7  20.07.2025  04:30:27
  9  13  12  16  $12    0.100    16.7957   2216.14   0.0      6.09   0.3  20.07.2025  04:30:31
  9  13   6  10  $12    0.010   -16.2494  21440.55   0.1     96.82   1.4  20.07.2025  04:30:36
  9  13   7  11  $12    0.100    -3.3286    627.43   0.0   -115.40   0.1  20.07.2025  04:30:40
  9  13   8  12  $12    0.100    -2.2377     95.86   0.0     18.68   0.6  20.07.2025  04:30:42
  9  13   5   1  $12    0.100     5.1996   3920.37   0.3   1596.97   0.3  20.07.2025  04:30:44
  9  13   6   2  $12    0.100    15.8099   7170.85   0.0    -56.78   0.3  20.07.2025  04:30:46
  9  13   7   3  $12    0.100    11.8302   2787.42   0.0    -32.75   0.5  20.07.2025  04:30:48
  9  13   8   4  $12    0.010     2.4837   2194.50   0.0   -377.39   0.2  20.07.2025  04:30:53
  9  13   2  14  $12    0.010     4.4173   3257.78   0.0     39.09   2.0  20.07.2025  04:30:55
  9  13   3  15  $12    0.100     8.6434   1357.70   0.0     98.36   0.0  20.07.2025  04:30:59
  9  13   4  16  $12    0.100   -10.0359   2257.18   0.0   -931.05   0.1  20.07.2025  04:31:01
 10  14   9  13  $12    0.010    22.3672   9582.09   0.0     64.52   0.9  20.07.2025  04:31:06
 10  14  11  15  $12    0.010     4.3445   1861.19   0.2    -12.76  30.4  20.07.2025  04:31:08
 10  14  12  16  $12    0.010     2.4293   4579.21   0.1      5.31   7.9  20.07.2025  04:31:10
 10  14   5   9  $12    0.010   -20.2772  17916.40   0.0    -42.63   0.3  20.07.2025  04:31:12
 10  14   7  11  $12    0.100   -16.7344   2208.05   0.0    -26.43   0.2  20.07.2025  04:31:15
 10  14   8  12  $12    0.100    -6.3619   1199.20   0.0     65.91   0.1  20.07.2025  04:31:17
 10  14   5   1  $12    0.100   -14.5102  16667.07   0.0  -1038.77   0.0  20.07.2025  04:31:19
 10  14   6   2  $12    0.100    16.9807  12803.18   0.0   -110.25   0.1  20.07.2025  04:31:21
 10  14   7   3  $12    0.100    12.9345   5866.68   0.0    -69.03   0.0  20.07.2025  04:31:23
 10  14   8   4  $12    0.010     5.3715  12656.36   0.1   -489.91   1.1  20.07.2025  04:31:28
 10  14   1  13  $12    0.010     4.2478   3808.16   0.0     49.01   3.0  20.07.2025  04:31:31
 10  14   3  15  $12    0.100    10.4823    773.08   0.0    206.55   0.0  20.07.2025  04:31:34
 10  14   4  16  $12    0.100   -16.9288   2659.17   0.0   -824.17   0.0  20.07.2025  04:31:36
 11  15   9  13  $12    0.010     2.4357   4591.10   0.0    -12.59   6.7  20.07.2025  04:31:41
 11  15  10  14  $12    0.010     4.3154   1848.73   0.3    -25.89  13.4  20.07.2025  04:31:43
 11  15  12  16  $12    0.010     8.6100   3688.51   0.1     -7.55  19.8  20.07.2025  04:31:45
 11  15   5   9  $12    0.100    -4.4907   1058.10   0.1     16.06   7.3  20.07.2025  04:31:49
 11  15   6  10  $12    0.100   -17.3523   1533.20   0.1      3.41  61.9  20.07.2025  04:31:51
 11  15   8  12  $12    0.010    -2.5806   3404.96   0.0      9.89   3.4  20.07.2025  04:31:56
 11  15   5   1  $12    0.100    10.7786  17777.61   0.0     -6.67  15.5  20.07.2025  04:32:00
 11  15   6   2  $12    0.100    12.0949  13892.74   0.0      1.83  18.1  20.07.2025  04:32:02
 11  15   7   3  $12    0.100    12.2092   9205.53   0.0      0.49  19.9  20.07.2025  04:32:04
 11  15   8   4  $12    0.100    12.6405   5733.33   0.0      6.46  10.6  20.07.2025  04:32:06
 11  15   1  13  $12    0.100     8.6862  19102.00   0.0     -1.84  33.1  20.07.2025  04:32:08
 11  15   2  14  $12    0.100    13.6077   1219.94   0.0      9.73   1.3  20.07.2025  04:32:10
 11  15   4  16  $12    0.010     4.7744   3521.16   0.0    -12.94  12.9  20.07.2025  04:32:15
 12  16   9  13  $12    0.100    16.9818   2240.70   0.0      3.27   4.1  20.07.2025  04:32:19
 12  16  10  14  $12    0.010     2.4389   4597.13   0.3     13.67  10.6  20.07.2025  04:32:24
 12  16  11  15  $12    0.010     8.7009   3727.46   0.1     -1.73  66.2  20.07.2025  04:32:26
 12  16   5   9  $12    0.100    -3.3755   1531.04   0.0      3.71  20.7  20.07.2025  04:32:30
 12  16   6  10  $12    0.100    -8.1363   1917.07   0.1      7.95  29.1  20.07.2025  04:32:32
 12  16   7  11  $12    0.010    -2.5402   2244.47   0.0      9.96   4.3  20.07.2025  04:32:37
 12  16   5   1  $12    0.100    10.2427  23228.68   0.0      4.37   8.4  20.07.2025  04:32:40
 12  16   6   2  $12    0.100    13.1257  21648.66   0.0     -1.18  11.4  20.07.2025  04:32:42
 12  16   7   3  $12    0.100    13.9210  15990.30   0.0      0.72   2.9  20.07.2025  04:32:44
 12  16   8   4  $12    0.100    15.5608  11732.58   0.1     -2.87  30.0  20.07.2025  04:32:46
 12  16  13   1  $12    0.100    -3.3379    326.46   0.0      3.78  27.0  20.07.2025  04:32:48
 12  16  14   2  $12    0.100    -3.0756   6763.65   0.0     17.54   5.4  20.07.2025  04:32:50
 12  16  15   3  $12    0.010    -4.5970   4121.19   0.0      6.11   1.6  20.07.2025  04:32:55
 13   1  14   2  $12    0.010     7.1278   2444.40   0.0     17.85   0.0  20.07.2025  04:32:57
 13   1  15   3  $12    0.010     2.4322   1844.34   0.0      6.32   6.7  20.07.2025  04:32:59
 13   1  16   4  $12    0.100    12.1154   1557.07   0.0     43.24   1.6  20.07.2025  04:33:03
 13   1  10  14  $12    0.010    -4.4274   3969.17   0.2     30.03   0.8  20.07.2025  04:33:08
 13   1  11  15  $12    0.100    -8.6192  18954.52   0.0      8.94   1.3  20.07.2025  04:33:12
 13   1  12  16  $12    0.100    -3.4207    334.56   0.0     10.84   2.0  20.07.2025  04:33:14
 13   1   9   5  $12    0.100     8.4368   2120.40   0.0     19.74   5.5  20.07.2025  04:33:16
 13   1  10   6  $12    0.100     8.7825   1975.26   0.1    -49.55   3.3  20.07.2025  04:33:18
 13   1  11   7  $12    0.100     7.0078   1100.78   0.0      4.06  38.7  20.07.2025  04:33:20
 13   1  12   8  $12    0.100     6.5185    480.74   0.0      1.85  25.5  20.07.2025  04:33:22
 13   1   6   2  $12    0.100    16.0940   1186.95   0.0     19.40   0.8  20.07.2025  04:33:24
 13   1   7   3  $12    0.100     7.9000   1240.93   0.0     10.74   0.7  20.07.2025  04:33:27
 13   1   8   4  $12    0.100     2.0656    464.57   0.4    157.01   8.8  20.07.2025  04:33:29
 14   2  13   1  $12    0.010     7.2281   2478.79   0.2     18.09   2.0  20.07.2025  04:33:34
 14   2  15   3  $12    0.010    10.3227   3540.03   0.0     -0.61 249.3  20.07.2025  04:33:36
 14   2  16   4  $12    0.010     3.9463   2992.56   0.2     49.47   8.0  20.07.2025  04:33:38
 14   2   9  13  $12    0.010    -4.4117   3253.67   0.1     44.83   4.7  20.07.2025  04:33:40
 14   2  11  15  $12    0.100   -13.5808   1217.53   0.0     19.59   0.5  20.07.2025  04:33:43
 14   2  12  16  $12    0.100    -3.0313   6666.11   0.0      9.94   0.8  20.07.2025  04:33:45
 14   2   9   5  $12    0.100     7.7890   1751.82   0.0     93.05   0.3  20.07.2025  04:33:47
 14   2  10   6  $12    0.100    12.3618   3106.85   0.0   -226.01   0.3  20.07.2025  04:33:50
 14   2  11   7  $12    0.100    11.3842   2560.41   0.0     10.91   7.8  20.07.2025  04:33:52
 14   2  12   8  $12    0.100    13.3160   2091.67   0.0      2.64   6.2  20.07.2025  04:33:54
 14   2   5   1  $12    0.100    20.1611   1807.45   0.0    -22.38   1.8  20.07.2025  04:33:56
 14   2   7   3  $12    0.010     7.8635   5799.41   0.0      2.08   3.2  20.07.2025  04:34:00
 14   2   8   4  $12    0.010     2.2516   3536.81   0.4    136.08   9.6  20.07.2025  04:34:02
 15   3  13   1  $12    0.010     2.4995   1895.40   0.4      8.60   4.2  20.07.2025  04:34:04
 15   3  14   2  $12    0.010    10.3506   3549.59   0.0      3.80   6.9  20.07.2025  04:34:06
 15   3  16   4  $12    0.010    10.7026   3670.31   0.1     16.01   6.4  20.07.2025  04:34:08
 15   3   9  13  $12    0.100    -8.6001   1350.91   0.0     91.50   1.2  20.07.2025  04:34:12
 15   3  10  14  $12    0.100   -12.7122    937.54   0.1    145.25   0.6  20.07.2025  04:34:14
 15   3  12  16  $12    0.010    -4.6005   4124.39   0.0      8.06   1.7  20.07.2025  04:34:19
 15   3   9   5  $12    0.100     6.8300   1072.86   0.0     66.44   0.7  20.07.2025  04:34:23
 15   3  10   6  $12    0.100     9.5052   2137.80   0.1   -160.46   1.0  20.07.2025  04:34:25
 15   3  11   7  $12    0.100    12.3637   3107.35   0.0      7.55   8.2  20.07.2025  04:34:27
 15   3  12   8  $12    0.100    15.0460   3383.98   0.0      2.55   2.7  20.07.2025  04:34:29
 15   3   5   1  $12    0.100     9.1979  20227.27   0.0    -76.75   2.1  20.07.2025  04:34:31
 15   3   6   2  $12    0.010     8.1247   7283.79   0.0      2.01   4.1  20.07.2025  04:34:36
 15   3   8   4  $12    0.010     4.5603   3363.27   0.2     19.71   7.2  20.07.2025  04:34:38
 16   4  13   1  $12    0.100     8.6288   1108.97   0.2    130.93   0.4  20.07.2025  04:34:42
 16   4  14   2  $12    0.010     3.9101   2965.10   0.0     54.00   1.9  20.07.2025  04:34:47
 16   4  15   3  $12    0.010    10.7788   3696.46   0.0     12.75   0.9  20.07.2025  04:34:49
 16   4   9  13  $12    0.100    16.6660   3748.35   0.1   -533.02   0.0  20.07.2025  04:34:53
 16   4  10  14  $12    0.100    21.5167   3379.83   0.0   -790.32   0.0  20.07.2025  04:34:55
 16   4  11  15  $12    0.010    -4.6943   3462.06   0.0      7.49   1.5  20.07.2025  04:35:00
 16   4   9   5  $12    0.100    -2.7679    204.13   0.1  -2175.56   0.1  20.07.2025  04:35:03
 16   4  10   6  $12    0.010     4.7413   7447.60   0.3   -542.73   0.8  20.07.2025  04:35:08
 16   4  11   7  $12    0.100    10.6716   2400.14   0.0     26.57   0.5  20.07.2025  04:35:12
 16   4  12   8  $12    0.100    14.9902   3767.44   0.0    -18.05   0.3  20.07.2025  04:35:14
 16   4   5   1  $12    0.100    21.6274   2115.26   0.1   -538.80   0.1  20.07.2025  04:35:16
 16   4   6   2  $12    0.010     2.8211  62039.14   0.0     57.66   0.8  20.07.2025  04:35:21
 16   4   7   3  $12    0.010     5.0797   4553.94   0.0     11.05   0.8  20.07.2025  04:35:23
  1   4   2   3  $12    0.010     4.0233   2527.93   0.0     -4.33   4.5  20.07.2025  04:35:25
  2   3   1   4  $12    0.010     4.1097   2582.21   0.2     28.18   2.8  20.07.2025  04:35:27
  1   2   3   4  $12    0.010    -4.5527   8581.62   0.0    -14.51   8.9  20.07.2025  04:35:29
  3   4   1   2  $12    0.010    -4.5375   8552.98   0.3     -5.10  76.4  20.07.2025  04:35:31
  5   8   6   7  $12    0.010    18.3117  11505.56   0.0    123.78   0.0  20.07.2025  04:35:33
  6   7   5   8  $12    0.010    17.5813  11046.64   0.0     82.70   1.2  20.07.2025  04:35:35
  5   6   7   8  $12    0.100    -2.8983    546.32   0.0   -211.09   0.4  20.07.2025  04:35:39
  7   8   5   6  $12    0.100    -2.4866    468.71   0.1    -63.45   3.5  20.07.2025  04:35:41
  9  12  10  11  $12    0.010    18.0205  11322.59   0.0     83.31   0.5  20.07.2025  04:35:46
 10  11   9  12  $12    0.010    18.1544  11406.76   0.0     94.81   0.7  20.07.2025  04:35:48
  9  10  11  12  $12    0.100    -7.5472   1422.62   0.0    -17.87   0.4  20.07.2025  04:35:52
 11  12   9  10  $12    0.100    -7.6304   1438.30   0.4    -11.70  31.4  20.07.2025  04:35:54
 13  16  14  15  $12    0.010     8.4239   5292.90   0.0      4.30   2.2  20.07.2025  04:35:59
 14  15  13  16  $12    0.010     8.5006   5341.05   0.0      5.19   9.6  20.07.2025  04:36:01
 13  14  15  16  $12    0.100    -4.1348    779.39   0.0     45.10   0.8  20.07.2025  04:36:04
  1   9  10   2  $12    0.010   -20.5383   7390.80   0.0     71.44   0.5  20.07.2025  04:36:09
  1   9  11   3  $12    0.010    -3.0980   2654.39   0.1      9.43  53.7  20.07.2025  04:36:11
  1   9  12   4  $12    0.010    -3.5734   5975.20   0.3   -231.86   1.6  20.07.2025  04:36:13
  2  10   9   1  $12    0.010   -20.9402   7535.44   0.0     76.15   0.2  20.07.2025  04:36:15
  2  10  11   3  $12    0.010   -12.0801   4347.09   0.0    -13.93   2.8  20.07.2025  04:36:17
  2  10  12   4  $12    0.010    -9.5651   8195.34   0.0   -252.44   0.4  20.07.2025  04:36:20
  3  11   9   1  $12    0.010    -3.1491   2698.13   0.1      5.74  44.4  20.07.2025  04:36:22
  3  11  10   2  $12    0.010   -12.0823   4347.87   0.1     -7.64  22.9  20.07.2025  04:36:24
  3  11  12   4  $12    0.010    -9.9094   3565.95   0.1     19.94   5.7  20.07.2025  04:36:26
 12   4   9   1  $12    0.010     3.7843   6327.81   0.2   -251.80   0.8  20.07.2025  04:36:28
 12   4  10   2  $12    0.010     9.4842   8126.07   0.0   -250.17   0.6  20.07.2025  04:36:30
 12   4  11   3  $12    0.010     9.9996   3598.41   0.1     16.67  10.6  20.07.2025  04:36:32
 13   5  14   6  $12    0.010    21.1541   7612.39   0.0     98.58   0.0  20.07.2025  04:36:34
 13   5  15   7  $12    0.010     4.3248   3705.49   0.0     33.13   0.2  20.07.2025  04:36:36
 13   5  16   8  $12    0.010     2.5145   4204.67   0.0     15.70   2.3  20.07.2025  04:36:38
 14   6  13   5  $12    0.010    20.8414   7499.88   0.0     54.69   1.0  20.07.2025  04:36:40
 14   6  15   7  $12    0.010     5.2198   1878.37   0.1      9.53   7.5  20.07.2025  04:36:42
 14   6  16   8  $12    0.010     2.8847   2471.57   0.0      2.62   3.2  20.07.2025  04:36:44
 15   7  13   5  $12    0.010     4.4716   3831.29   0.0     34.42   3.7  20.07.2025  04:36:46
 15   7  14   6  $12    0.010     5.3277   1917.19   0.0      7.30  11.6  20.07.2025  04:36:48
 15   7  16   8  $12    0.010    11.9877   4313.82   0.0     19.11   0.9  20.07.2025  04:36:50
 16   8  13   5  $12    0.010     2.5819   4317.27   0.6      6.46  11.9  20.07.2025  04:36:52
 16   8  14   6  $12    0.010     2.9220   2503.61   0.1     -8.81   4.2  20.07.2025  04:36:54
 16   8  15   7  $12    0.010    11.8678   4270.68   0.0     13.84   0.6  20.07.2025  04:36:56
  1   2   5   6  $12    1.000     9.7797   1843.44   0.8   -875.64   0.4  20.07.2025  04:37:02
  2   3   6   7  $12    1.000    15.6334   2946.83   0.0     -9.95   5.6  20.07.2025  04:37:04
  3   4   7   8  $12    0.100     2.2163   4177.69   0.0   -296.57   0.0  20.07.2025  04:37:09
  1   2   9  10  $12    1.000   -11.6836  18499.40   0.0   -779.92   0.3  20.07.2025  04:37:14
  2   3  10  11  $12    1.000   -14.2356  22540.09   0.2   -700.67   0.5  20.07.2025  04:37:16
  3   4  11  12  $12    0.100     0.2647   4191.06   0.0   -352.47   0.7  20.07.2025  04:37:21
  1   2  13  14  $12    1.000     4.5829  24706.31   0.0     86.87   0.2  20.07.2025  04:37:25
  2   3  14  15  $12    1.000    13.0679  70448.60   0.0      1.53   3.7  20.07.2025  04:37:27
  3   4  15  16  $12    0.100     0.6529  35196.59   0.0    283.53   0.2  20.07.2025  04:37:32
  5   6   9  10  $12    0.100    22.1770  41802.74   0.1   -544.96   0.1  20.07.2025  04:37:34
  6   7  10  11  $12    0.100     2.3557   4440.47   0.5   -150.23   8.3  20.07.2025  04:37:36
  7   8  11  12  $12    1.000     2.6085    491.70   0.0     -1.84  10.5  20.07.2025  04:37:40
  5   6  13  14  $12    0.100     1.5656  24788.81   0.9   -478.48   0.8  20.07.2025  04:37:47
  6   7  14  15  $12    1.000     6.6516  10531.95   0.0      0.72   3.4  20.07.2025  04:37:51
  7   8  15  16  $12   10.000    18.0322   2855.15   0.0     -6.54   0.6  20.07.2025  04:37:55
  9  10  13  14  $12    0.100    -3.5239   6642.39   0.5   -348.19   0.2  20.07.2025  04:38:04
 10  11  14  15  $12    0.100    -0.5631   1061.41   0.4  -1406.33   0.3  20.07.2025  04:38:09
 11  12  15  16  $12   10.000    16.0680    302.87   0.0      6.10   1.0  20.07.2025  04:38:14
  1   2   6   7  $12    0.100     5.4175  20423.36   0.0     -1.72   2.4  20.07.2025  04:38:23
  2   3   7   8  $12    1.000     7.8786   2970.16   0.0      7.90   0.5  20.07.2025  04:38:26
  1   2   7   8  $12    0.100     2.5194  16621.64   0.0    -11.05   1.0  20.07.2025  04:38:31
  2   3   7   8  $12    1.000     7.8813   2971.18   0.0      7.78   0.5  20.07.2025  04:38:35
  1   2  10  11  $12    0.100     3.0110  68106.33   0.3   -506.31   1.4  20.07.2025  04:38:40
  2   3  11  12  $12    1.000     0.5604   1267.56   0.4     -3.09 228.8  20.07.2025  04:38:47
  1   2  11  12  $12    1.000     1.4635   4551.83   0.0    -19.47   1.1  20.07.2025  04:38:52
  2   3  11  12  $12    1.000     0.5467   1236.56   0.0    -30.24   1.6  20.07.2025  04:38:58
  1   2  14  15  $12    0.100     3.1592 216759.10   0.0     -0.57  57.9  20.07.2025  04:39:03
  2   3  15  16  $12    1.000     6.2539  42909.51   0.0    -11.31   0.9  20.07.2025  04:39:06
  1   2  15  16  $12    1.000    13.6594 117150.58   0.0      3.22   5.5  20.07.2025  04:39:09
  2   3  15  16  $12    1.000     6.2642  42980.47   0.0    -11.89   1.3  20.07.2025  04:39:11
  5   6  10  11  $12    0.010    -3.0727 115837.74   0.1   -677.70   0.5  20.07.2025  04:39:18
  6   7  11  12  $12    1.000     3.9685   1496.10   0.0     -4.36   2.6  20.07.2025  04:39:24
  5   6  11  12  $12    0.100     0.0474    312.55   0.6    552.99   1.1  20.07.2025  04:39:38
  6   7  11  12  $12    1.000     3.9761   1498.94   0.0     -7.17   1.8  20.07.2025  04:39:41
  5   6  14  15  $12    0.100    -0.3289   7439.01   0.9   -980.14   0.3  20.07.2025  04:39:47
  6   7  15  16  $12    1.000     3.0934   6997.01   0.0      2.76   2.6  20.07.2025  04:39:50
  5   6  15  16  $12    0.100     0.4440  13807.76   1.2   -646.98   0.4  20.07.2025  04:39:56
  6   7  15  16  $12    1.000     3.0930   6996.27   0.0      1.72   9.8  20.07.2025  04:40:00
  9  10  14  15  $12    0.100     1.0787   4066.47   0.2   -357.98   0.1  20.07.2025  04:40:05
 10  11  15  16  $12    0.100     1.5991   6028.36   0.0   -430.49   1.0  20.07.2025  04:40:10
  9  10  15  16  $12    0.100    -0.3523   2324.50   0.5   -834.67   0.2  20.07.2025  04:40:16
 10  11  15  16  $12    0.100     1.6367   6170.22   0.1   -432.98   0.0  20.07.2025  04:40:21
