//C:\Users\user\Desktop\GeoTom\GeoTomE724.ini
//- Cable direction:
//  cable I: normal
//  cable II: normal
//  cable III: normal
//  cable IV: normal
//- Cable arrangement: sequential
//- Optimization: Last measurement
//- Sorting: Multi-level
//- Current levels: 0.001 mA .. 50.0 mA
Type:         Flow
Name:         Hyprop
Comment:      Example of a measurements sequence
Comment:      
Comment:      
Spacing:      1.00000
First El:     0.00000
Nr of points: 289
IP present:   1

  1   5   2   6  $12    0.010     6.2018   2656.83   0.0      5.04   1.6  18.07.2025  09:25:05
  1   5   3   7  $12    0.010     3.1740   5982.89   0.0      1.39  37.6  18.07.2025  09:25:07
  1   5   4   8  $12    0.100    18.4893   2439.61   0.0     14.55   2.5  18.07.2025  09:25:11
  1   5  14   2  $12    0.100   -22.4072   2008.81   0.0      5.59   2.0  18.07.2025  09:25:13
  1   5  15   3  $12    0.100   -10.3848  22837.42   0.0      4.84   8.2  18.07.2025  09:25:15
  1   5  16   4  $12    0.100    -4.4849    438.65   0.1     48.73   3.7  18.07.2025  09:25:17
  1   5  13   9  $12    0.100    13.8195  10419.68   0.0    -10.64   0.8  18.07.2025  09:25:19
  1   5  14  10  $12    0.100    13.4252  15420.76   0.0    -21.43   2.6  18.07.2025  09:25:21
  1   5  15  11  $12    0.100    10.1757  16783.18   0.0      1.93   4.5  18.07.2025  09:25:23
  1   5  16  12  $12    0.100     9.9795  22631.99   0.0      2.11   5.2  18.07.2025  09:25:25
  1   5  10   6  $12    0.010     2.6003   2297.52   0.0      3.22  83.2  18.07.2025  09:25:30
  1   5  11   7  $12    0.100    10.8903   2565.97   0.0      3.45   4.6  18.07.2025  09:25:34
  1   5  12   8  $12    0.100     4.0417   1833.21   0.0     -0.08 935.2  18.07.2025  09:25:36
  2   6   1   5  $12    0.010     6.2145   2662.29   0.0      2.90   5.6  18.07.2025  09:25:40
  2   6   3   7  $12    0.010     7.7626   3325.49   0.0      1.09  41.8  18.07.2025  09:25:42
  2   6   4   8  $12    0.010     3.6519   6883.62   0.1     -1.57 170.2  18.07.2025  09:25:44
  2   6  13   1  $12    0.010    -2.1773   1605.76   0.9      6.34 227.2  18.07.2025  09:25:46
  2   6  15   3  $12    0.010    -4.2028   3767.81   0.4      9.34  25.8  18.07.2025  09:25:48
  2   6  16   4  $12    0.100   -16.8763  37112.85   0.0      2.88   8.0  18.07.2025  09:25:52
  2   6  13   9  $12    0.100    12.2616   5561.48   0.0      1.61  15.7  18.07.2025  09:25:54
  2   6  14  10  $12    0.100    12.2024   9200.42   0.0      1.68  30.1  18.07.2025  09:25:56
  2   6  15  11  $12    0.100    11.3636  13052.72   0.0      1.82   1.8  18.07.2025  09:25:58
  2   6  16  12  $12    0.100    12.0043  19799.09   0.0      1.65   8.6  18.07.2025  09:26:00
  2   6   9   5  $12    0.010     2.7983   3692.32   0.0     -0.46 123.5  18.07.2025  09:26:05
  2   6  11   7  $12    0.010     2.3890   2110.90   0.3     -8.01  28.7  18.07.2025  09:26:07
  2   6  12   8  $12    0.100     7.3715   1736.86   0.0     -2.17   2.8  18.07.2025  09:26:11
  3   7   1   5  $12    0.010     3.1880   6009.16   0.0     -0.03 246.5  18.07.2025  09:26:16
  3   7   2   6  $12    0.010     7.7344   3313.39   0.0      1.32  36.1  18.07.2025  09:26:18
  3   7   4   8  $12    0.010     8.3715   3586.35   0.1      0.03 -3013.2  18.07.2025  09:26:20
  3   7  13   1  $12    0.100    -9.4134   1478.65   0.0     11.35   0.5  18.07.2025  09:26:24
  3   7  14   2  $12    0.010    -4.1771   3080.66   0.0      7.02   0.1  18.07.2025  09:26:29
  3   7  16   4  $12    0.010    -3.7583   3369.29   0.3     10.94   4.0  18.07.2025  09:26:31
  3   7  13   9  $12    0.100    10.9823   2587.64   0.0     -2.50   6.3  18.07.2025  09:26:34
  3   7  14  10  $12    0.100    11.5028   5217.30   0.0     -5.39   5.4  18.07.2025  09:26:36
  3   7  15  11  $12    0.100    12.2538   9239.18   0.0      2.11   2.3  18.07.2025  09:26:38
  3   7  16  12  $12    0.100    13.6895  15724.33   0.0      2.01   6.8  18.07.2025  09:26:40
  3   7   9   5  $12    0.100    11.1807   2107.52   0.0      5.84   0.8  18.07.2025  09:26:42
  3   7  10   6  $12    0.010     2.3906   3154.26   0.1     -2.22 166.7  18.07.2025  09:26:47
  3   7  12   8  $12    0.010     3.2095   2835.86   0.0     -1.89   1.4  18.07.2025  09:26:49
  4   8   1   5  $12    0.100    18.7528   2474.37   0.0      6.40   1.8  18.07.2025  09:26:53
  4   8   2   6  $12    0.010     3.6289   6840.25   0.0     -0.77  31.0  18.07.2025  09:26:58
  4   8   3   7  $12    0.010     8.3474   3576.02   0.0      3.52   3.6  18.07.2025  09:27:00
  4   8  13   1  $12    0.100    -2.9029    652.88   0.0    167.61   0.6  18.07.2025  09:27:03
  4   8  14   2  $12    0.100   -15.7266   2470.33   0.0      4.68  14.2  18.07.2025  09:27:06
  4   8  15   3  $12    0.010    -3.6366   2682.00   0.0     10.14   1.8  18.07.2025  09:27:11
  4   8  13   9  $12    0.100    10.2635    906.85   0.0    -51.39   0.3  18.07.2025  09:27:14
  4   8  14  10  $12    0.100    11.8393   2789.57   0.0    -90.15   0.1  18.07.2025  09:27:16
  4   8  15  11  $12    0.100    12.5710   5701.81   0.0      1.62   3.9  18.07.2025  09:27:18
  4   8  16  12  $12    0.100    14.9399  11264.42   0.0      2.62   2.9  18.07.2025  09:27:20
  4   8   9   5  $12    0.100     5.5721    238.71   0.0     29.32   0.7  18.07.2025  09:27:22
  4   8  10   6  $12    0.100     8.5400   1609.75   0.0    123.18   0.9  18.07.2025  09:27:24
  4   8  11   7  $12    0.010     3.4320   4528.46   0.0     -0.63  22.6  18.07.2025  09:27:29
  5   9   6  10  $12    0.010    12.1764   5216.35   0.0      0.82  46.4  18.07.2025  09:27:31
  5   9   7  11  $12    0.010     2.2135   4172.30   0.1     -1.14  95.1  18.07.2025  09:27:33
  5   9   8  12  $12    0.100    13.8960   1833.54   0.0      1.22   3.9  18.07.2025  09:27:37
  5   9   2   6  $12    0.010    -2.7294   3601.31   0.0     13.59   1.1  18.07.2025  09:27:42
  5   9   3   7  $12    0.100   -11.1439   2100.57   0.0      8.73   0.3  18.07.2025  09:27:45
  5   9   4   8  $12    0.100    -5.4632    234.04   0.1     44.17   5.1  18.07.2025  09:27:47
  5   9   1  13  $12    0.100     9.7953   2461.82   0.0    -18.08   5.6  18.07.2025  09:27:49
  5   9   2  14  $12    0.100     8.2262   1850.15   0.0     -2.52  43.7  18.07.2025  09:27:51
  5   9   3  15  $12    0.100     6.8237   1071.87   0.0     -5.15   8.7  18.07.2025  09:27:53
  5   9   4  16  $12    0.100     5.8251    429.60   0.2    -32.63   7.4  18.07.2025  09:27:55
  5   9  14  10  $12    0.010     8.6017   7600.23   0.0      3.20  34.5  18.07.2025  09:28:00
  5   9  15  11  $12    0.100     3.8711    912.10   0.0     -6.72   2.1  18.07.2025  09:28:04
  5   9  16  12  $12    0.100     2.5723   1166.71   0.0     -9.80   8.7  18.07.2025  09:28:06
  6  10   5   9  $12    0.010    12.2163   5233.44   0.0      2.15   8.8  18.07.2025  09:28:11
  6  10   7  11  $12    0.010     4.8788   2090.07   0.3      2.21 285.2  18.07.2025  09:28:13
  6  10   8  12  $12    0.010     2.5068   4725.16   0.1     -1.61  68.7  18.07.2025  09:28:15
  6  10   1   5  $12    0.010    -2.5514   2254.34   0.2     22.45  21.1  18.07.2025  09:28:17
  6  10   3   7  $12    0.010    -2.3225   3064.46   0.1     13.12  42.1  18.07.2025  09:28:19
  6  10   4   8  $12    0.100    -8.2816   1561.04   0.0    112.33   0.2  18.07.2025  09:28:23
  6  10   1  13  $12    0.100    10.6390   2392.82   0.0   -101.75   0.8  18.07.2025  09:28:25
  6  10   2  14  $12    0.100     8.2539   2074.42   0.1    -11.39   9.3  18.07.2025  09:28:26
  6  10   3  15  $12    0.100     7.6288   1715.79   0.0    -24.59   0.5  18.07.2025  09:28:28
  6  10   4  16  $12    0.100     7.9705   1252.00   0.0   -118.24   1.9  18.07.2025  09:28:30
  6  10  13   9  $12    0.010     8.5434  11272.76   0.0      9.06   3.8  18.07.2025  09:28:35
  6  10  15  11  $12    0.100    16.8918   1492.51   0.0      0.31  21.7  18.07.2025  09:28:39
  6  10  16  12  $12    0.100     8.5331   2010.57   0.0     -3.90   4.3  18.07.2025  09:28:41
  7  11   5   9  $12    0.100    21.8760   4123.54   0.0      2.04   3.1  18.07.2025  09:28:43
  7  11   6  10  $12    0.010     4.8286   2068.55   0.0     -1.81  13.7  18.07.2025  09:28:48
  7  11   8  12  $12    0.010     7.0056   3001.17   0.2      1.28 322.5  18.07.2025  09:28:50
  7  11   1   5  $12    0.100   -10.8551   2557.67   0.0      5.86   1.6  18.07.2025  09:28:54
  7  11   2   6  $12    0.010    -2.3085   2039.73   0.0      7.61   3.1  18.07.2025  09:28:58
  7  11   4   8  $12    0.010    -3.4315   4527.79   0.3     -0.21 1224.4  18.07.2025  09:29:00
  7  11   1  13  $12    0.100     7.4105   1164.04   0.0      5.64   5.5  18.07.2025  09:29:04
  7  11   2  14  $12    0.100     8.1464   1832.21   0.0      1.16  94.4  18.07.2025  09:29:06
  7  11   3  15  $12    0.100     8.9123   2239.91   0.0      1.84   8.9  18.07.2025  09:29:08
  7  11   4  16  $12    0.100     8.0756   1816.27   0.0      4.88  19.2  18.07.2025  09:29:10
  7  11  13   9  $12    0.100     3.6060    679.71   0.2    -12.81  13.5  18.07.2025  09:29:12
  7  11  14  10  $12    0.100    16.7134   2205.28   0.0      5.59  10.9  18.07.2025  09:29:14
  7  11  16  12  $12    0.010     2.7332   2415.00   0.0     -1.43   8.5  18.07.2025  09:29:19
  8  12   5   9  $12    0.100    13.9555   1841.38   0.0      2.33   6.5  18.07.2025  09:29:23
  8  12   6  10  $12    0.010     2.4968   4706.36   0.0     -0.82 282.1  18.07.2025  09:29:28
  8  12   7  11  $12    0.010     6.9661   2984.28   0.1      0.14 521.6  18.07.2025  09:29:30
  8  12   1   5  $12    0.100    -4.0400   1832.41   0.0      8.01   1.6  18.07.2025  09:29:33
  8  12   2   6  $12    0.100    -7.2260   1702.58   0.0      4.61   4.4  18.07.2025  09:29:35
  8  12   3   7  $12    0.010    -3.1433   2777.31   0.0      7.96   1.7  18.07.2025  09:29:40
  8  12   1  13  $12    0.100     7.1189    525.03   0.0      4.89   9.5  18.07.2025  09:29:44
  8  12   2  14  $12    0.100     8.8760   1394.23   0.0      0.56 187.9  18.07.2025  09:29:46
  8  12   3  15  $12    0.100    10.3975   2338.49   0.0      1.69   6.6  18.07.2025  09:29:48
  8  12  16   4  $12    0.100   -10.0006   2513.43   0.0      4.05  23.6  18.07.2025  09:29:50
  8  12   9  13  $12    0.100    -2.7651    118.46   0.2     -3.18 105.4  18.07.2025  09:29:52
  8  12  10  14  $12    0.100    -8.7178   1643.27   0.0      6.90  19.8  18.07.2025  09:29:54
  8  12  11  15  $12    0.010    -2.7134   3580.20   0.0      9.68   1.8  18.07.2025  09:29:59
  9  13  10  14  $12    0.010    13.5516   5805.51   0.0      6.51   9.2  18.07.2025  09:30:01
  9  13  11  15  $12    0.010     2.4719   4659.42   0.0     -0.44 303.0  18.07.2025  09:30:03
  9  13  12  16  $12    0.100    16.2674   2146.44   0.0      0.67   5.3  18.07.2025  09:30:07
  9  13   6  10  $12    0.010    -8.5322  11257.98   0.0     11.52   3.7  18.07.2025  09:30:12
  9  13   7  11  $12    0.100    -3.5821    675.21   0.0     -8.60   3.6  18.07.2025  09:30:15
  9  13   8  12  $12    0.100    -2.7599    118.24   0.0      1.77  25.7  18.07.2025  09:30:17
  9  13   5   1  $12    0.100    13.7318  10353.54   0.0     -1.05   2.1  18.07.2025  09:30:19
  9  13   6   2  $12    0.100    12.2204   5542.79   0.0      2.46  15.5  18.07.2025  09:30:21
  9  13   7   3  $12    0.100    10.9454   2578.96   0.0     -2.12   7.5  18.07.2025  09:30:23
  9  13   8   4  $12    0.100    10.2477    905.46   0.0    -36.70   2.0  18.07.2025  09:30:25
  9  13   2  14  $12    0.010     3.7866   2792.66   0.0      4.07   4.1  18.07.2025  09:30:30
  9  13   3  15  $12    0.100     9.9342   1560.46   0.0     11.83   0.2  18.07.2025  09:30:34
  9  13   4  16  $12    0.100     3.2665    734.67   0.3    111.30   1.9  18.07.2025  09:30:36
 10  14   9  13  $12    0.010    13.6138   5832.13   0.0      7.94   2.3  18.07.2025  09:30:41
 10  14  11  15  $12    0.010     4.8136   2062.13   0.2     -1.67 207.8  18.07.2025  09:30:43
 10  14  12  16  $12    0.010     2.5745   4852.74   0.1     -4.88  16.3  18.07.2025  09:30:45
 10  14   5   9  $12    0.010    -8.6631   7654.44   0.0      1.67  55.0  18.07.2025  09:30:47
 10  14   7  11  $12    0.100   -16.4940   2176.34   0.0     -2.80   0.5  18.07.2025  09:30:50
 10  14   8  12  $12    0.100    -8.5848   1618.20   0.0      1.03  12.4  18.07.2025  09:30:52
 10  14   5   1  $12    0.100    13.3473  15331.33   0.0     -4.45   0.9  18.07.2025  09:30:54
 10  14   6   2  $12    0.100    12.2082   9204.78   0.0      3.51   1.4  18.07.2025  09:30:56
 10  14   7   3  $12    0.100    11.5410   5234.63   0.0     -6.03   3.1  18.07.2025  09:30:58
 10  14   8   4  $12    0.100    12.1629   2865.81   0.0    -75.95   0.6  18.07.2025  09:31:00
 10  14   1  13  $12    0.010     3.6184   3243.90   0.0     25.62   6.5  18.07.2025  09:31:05
 10  14   3  15  $12    0.100    19.5612   1442.65   0.0     14.78   0.6  18.07.2025  09:31:09
 10  14   4  16  $12    0.100     4.7121    740.18   0.1    198.38   1.0  18.07.2025  09:31:11
 11  15   9  13  $12    0.010     2.4914   4696.14   0.1     -5.31   6.6  18.07.2025  09:31:16
 11  15  10  14  $12    0.010     4.8099   2060.55   0.4     -3.97 159.0  18.07.2025  09:31:18
 11  15  12  16  $12    0.010     8.4951   3639.30   0.1      1.10  21.0  18.07.2025  09:31:20
 11  15   5   9  $12    0.100    -3.8393    904.61   0.0      2.88  15.3  18.07.2025  09:31:24
 11  15   6  10  $12    0.100   -16.9808   1500.38   0.0      5.38  40.9  18.07.2025  09:31:26
 11  15   8  12  $12    0.010    -2.7116   3577.83   0.0      9.72   1.0  18.07.2025  09:31:31
 11  15   5   1  $12    0.100    10.2388  16887.19   0.0      0.55  20.0  18.07.2025  09:31:34
 11  15   6   2  $12    0.100    11.3822  13074.05   0.0      0.04 720.7  18.07.2025  09:31:36
 11  15   7   3  $12    0.100    12.2743   9254.58   0.0      0.83  18.1  18.07.2025  09:31:38
 11  15   8   4  $12    0.100    12.6932   5757.20   0.0      3.56  13.3  18.07.2025  09:31:40
 11  15   1  13  $12    0.100    10.5004  23091.53   0.0      5.27  13.1  18.07.2025  09:31:42
 11  15   2  14  $12    0.100    19.3275   1732.71   0.0      6.93   4.5  18.07.2025  09:31:44
 11  15   4  16  $12    0.010     4.4983   3317.52   0.1     -3.89   8.0  18.07.2025  09:31:49
 12  16   9  13  $12    0.100    16.3567   2158.22   0.0      0.70  38.7  18.07.2025  09:31:53
 12  16  10  14  $12    0.010     2.5915   4884.91   0.0     -6.11   7.1  18.07.2025  09:31:58
 12  16  11  15  $12    0.010     8.4814   3633.41   0.0      0.02 -2898.4  18.07.2025  09:32:00
 12  16   5   9  $12    0.100    -2.5419   1152.90   0.0      6.06   4.4  18.07.2025  09:32:03
 12  16   6  10  $12    0.100    -8.5588   2016.61   0.0      7.28  20.0  18.07.2025  09:32:05
 12  16   7  11  $12    0.010    -2.6860   2373.24   0.0     10.27   2.1  18.07.2025  09:32:10
 12  16   5   1  $12    0.100    10.0273  22740.26   0.0      1.15   4.7  18.07.2025  09:32:14
 12  16   6   2  $12    0.100    12.0069  19803.46   0.0      0.54  75.2  18.07.2025  09:32:16
 12  16   7   3  $12    0.100    13.7010  15737.56   0.0      1.64   3.2  18.07.2025  09:32:18
 12  16   8   4  $12    0.100    15.0995  11384.75   0.0      2.42  13.6  18.07.2025  09:32:20
 12  16  13   1  $12    0.100    -3.7635    368.09   0.0      6.32  19.5  18.07.2025  09:32:22
 12  16  14   2  $12    0.100    -5.0398  11083.03   0.1      5.31  22.9  18.07.2025  09:32:24
 12  16  15   3  $12    0.010    -4.3612   3909.81   0.0      4.42   2.8  18.07.2025  09:32:29
 13   1  14   2  $12    0.010     6.8567   2351.43   0.0      6.11   5.3  18.07.2025  09:32:31
 13   1  15   3  $12    0.010     2.7364   2075.06   0.0      2.03  95.9  18.07.2025  09:32:33
 13   1  16   4  $12    0.100    13.7226   1763.63   0.0     23.00   0.6  18.07.2025  09:32:36
 13   1  10  14  $12    0.010    -3.6066   3233.35   0.0     28.29   7.1  18.07.2025  09:32:41
 13   1  11  15  $12    0.100   -10.3961  22862.26   0.0      7.15   1.4  18.07.2025  09:32:45
 13   1  12  16  $12    0.100    -3.7384    365.63   0.0      4.51  15.9  18.07.2025  09:32:47
 13   1   9   5  $12    0.100     9.6693   2430.16   0.0     -5.46   2.1  18.07.2025  09:32:49
 13   1  10   6  $12    0.100    10.2428   2303.71   0.0    -70.17   0.4  18.07.2025  09:32:51
 13   1  11   7  $12    0.100     7.3905   1160.90   0.0      3.46  22.8  18.07.2025  09:32:53
 13   1  12   8  $12    0.100     7.0908    522.95   0.0      1.88   2.0  18.07.2025  09:32:55
 13   1   6   2  $12    0.100    21.8641   1612.50   0.0      2.90  10.7  18.07.2025  09:32:57
 13   1   7   3  $12    0.100     9.3319   1465.85   0.0      4.26   9.3  18.07.2025  09:32:59
 13   1   8   4  $12    0.100     2.8836    648.55   0.3    103.35   1.9  18.07.2025  09:33:01
 14   2  13   1  $12    0.010     6.8814   2359.89   0.0      4.50  22.2  18.07.2025  09:33:06
 14   2  15   3  $12    0.010     6.9860   2395.76   0.0      1.75  61.1  18.07.2025  09:33:08
 14   2  16   4  $12    0.010     2.9773   2257.71   0.3      1.22 187.3  18.07.2025  09:33:10
 14   2   9  13  $12    0.010    -3.7364   2755.59   0.3     15.01  39.5  18.07.2025  09:33:12
 14   2  11  15  $12    0.100   -19.4053   1739.69   0.0      6.61   0.6  18.07.2025  09:33:16
 14   2  12  16  $12    0.100    -5.0401  11083.76   0.0      5.88   1.4  18.07.2025  09:33:18
 14   2   9   5  $12    0.100     8.2011   1844.51   0.0      0.54   4.7  18.07.2025  09:33:20
 14   2  10   6  $12    0.100     8.1967   2060.06   0.0     -7.27  17.6  18.07.2025  09:33:22
 14   2  11   7  $12    0.100     8.1727   1838.12   0.0      0.80  36.8  18.07.2025  09:33:24
 14   2  12   8  $12    0.100     8.8791   1394.72   0.0      0.83   5.5  18.07.2025  09:33:26
 14   2   5   1  $12    0.100    22.5286   2019.70   0.0      4.72  11.8  18.07.2025  09:33:28
 14   2   7   3  $12    0.010     4.2282   3118.30   0.0     -1.33   8.7  18.07.2025  09:33:32
 14   2   8   4  $12    0.100    15.7871   2479.83   0.0      3.27   9.6  18.07.2025  09:33:36
 15   3  13   1  $12    0.010     2.7515   2086.53   0.0      0.92 155.3  18.07.2025  09:33:41
 15   3  14   2  $12    0.010     6.9827   2394.63   0.0      2.41  29.8  18.07.2025  09:33:43
 15   3  16   4  $12    0.010     9.0995   3120.55   0.1     -1.11  76.9  18.07.2025  09:33:45
 15   3   9  13  $12    0.100    -9.9188   1558.04   0.0     14.52   1.3  18.07.2025  09:33:49
 15   3  10  14  $12    0.100   -19.5002   1438.16   0.0     11.56   2.3  18.07.2025  09:33:51
 15   3  12  16  $12    0.010    -4.3682   3916.15   0.0      4.71   2.2  18.07.2025  09:33:56
 15   3   9   5  $12    0.100     6.8146   1070.43   0.0     -0.18  79.6  18.07.2025  09:33:59
 15   3  10   6  $12    0.100     7.5602   1700.36   0.0    -12.33   9.4  18.07.2025  09:34:01
 15   3  11   7  $12    0.100     8.9085   2238.95   0.0      0.93  52.7  18.07.2025  09:34:03
 15   3  12   8  $12    0.100    10.3931   2337.51   0.0      1.28   2.8  18.07.2025  09:34:05
 15   3   5   1  $12    0.100    10.4993  23089.18   0.0      3.86  31.9  18.07.2025  09:34:07
 15   3   6   2  $12    0.010     4.2606   3819.63   0.0     -0.58   5.3  18.07.2025  09:34:12
 15   3   8   4  $12    0.010     3.6594   2698.81   0.1     -1.41 207.6  18.07.2025  09:34:14
 16   4  13   1  $12    0.100    13.7884   1772.08   0.0     32.46   0.5  18.07.2025  09:34:18
 16   4  14   2  $12    0.010     2.9876   2265.52   0.0     -0.25  12.5  18.07.2025  09:34:23
 16   4  15   3  $12    0.010     9.0866   3116.15   0.0      2.09  20.4  18.07.2025  09:34:25
 16   4   9  13  $12    0.100    -3.2640    734.10   0.0    171.48   0.4  18.07.2025  09:34:29
 16   4  10  14  $12    0.100    -4.9353    775.24   0.1    234.35   0.2  18.07.2025  09:34:31
 16   4  11  15  $12    0.010    -4.4257   3263.99   0.0      6.65   2.0  18.07.2025  09:34:35
 16   4   9   5  $12    0.100     5.7258    422.28   0.0    -21.06   1.1  18.07.2025  09:34:39
 16   4  10   6  $12    0.100     7.7939   1224.26   0.0   -139.67   0.6  18.07.2025  09:34:41
 16   4  11   7  $12    0.100     8.1062   1823.17   0.0      2.96  23.3  18.07.2025  09:34:43
 16   4  12   8  $12    0.100    10.0948   2537.10   0.0      1.21   2.6  18.07.2025  09:34:45
 16   4   5   1  $12    0.100     4.8074    470.19   0.2      7.49  26.7  18.07.2025  09:34:47
 16   4   6   2  $12    0.100    16.9417  37256.78   0.0     -0.79   9.4  18.07.2025  09:34:49
 16   4   7   3  $12    0.010     3.8413   3443.70   0.0      1.02   4.9  18.07.2025  09:34:54
  1   4   2   3  $12    0.010     3.8769   2435.95   0.0      3.96   3.6  18.07.2025  09:34:56
  2   3   1   4  $12    0.010     3.8777   2436.44   0.0     -3.64  24.9  18.07.2025  09:34:58
  1   2   3   4  $12    0.100   -18.6015   3506.29   0.0     19.06   0.1  18.07.2025  09:35:02
  3   4   1   2  $12    0.100   -18.3980   3467.93   0.2     29.18   6.3  18.07.2025  09:35:04
  5   8   6   7  $12    0.010     4.4356   2786.97   0.0      0.99  37.7  18.07.2025  09:35:09
  6   7   5   8  $12    0.010     4.4673   2806.90   0.0     -0.09 577.6  18.07.2025  09:35:11
  5   6   7   8  $12    0.100    -8.4102   1585.29   0.0      2.33  10.4  18.07.2025  09:35:14
  7   8   5   6  $12    0.100    -8.0729   1521.70   0.3      3.62  59.4  18.07.2025  09:35:16
  9  12  10  11  $12    0.010    10.3113   6478.77   0.0      6.97   2.0  18.07.2025  09:35:21
 10  11   9  12  $12    0.010    10.3411   6497.50   0.0      6.57   7.7  18.07.2025  09:35:23
  9  10  11  12  $12    0.100    -6.8337   1288.12   0.0      0.65  15.4  18.07.2025  09:35:27
 11  12   9  10  $12    0.100    -6.8537   1291.88   0.0      6.48  10.8  18.07.2025  09:35:29
 13  16  14  15  $12    0.010     7.0709   4442.80   0.0      0.61  14.9  18.07.2025  09:35:34
 14  15  13  16  $12    0.010     7.1022   4462.46   0.0     -1.02  19.4  18.07.2025  09:35:36
 13  14  15  16  $12    0.100    -6.8096   1283.58   0.0      9.97   1.8  18.07.2025  09:35:40
  1   9  10   2  $12    0.010   -12.9514   4660.62   0.0      6.81  11.0  18.07.2025  09:35:44
  1   9  11   3  $12    0.010    -3.0969   2653.42   0.2     12.35  12.3  18.07.2025  09:35:46
  1   9  12   4  $12    0.010    -2.2690   3794.10   0.1     -3.49  87.6  18.07.2025  09:35:48
  2  10   9   1  $12    0.010   -12.9859   4673.03   0.0      3.75   2.7  18.07.2025  09:35:50
  2  10  11   3  $12    0.010    -7.7890   2802.90   0.0      4.33  13.2  18.07.2025  09:35:52
  2  10  12   4  $12    0.010    -4.4864   3843.98   0.1    -10.18  23.3  18.07.2025  09:35:54
  3  11   9   1  $12    0.010    -3.1152   2669.09   0.0      8.62   6.4  18.07.2025  09:35:56
  3  11  10   2  $12    0.010    -7.8079   2809.70   0.0      6.39  37.5  18.07.2025  09:35:58
  3  11  12   4  $12    0.010    -8.6718   3120.60   0.1      6.17  16.5  18.07.2025  09:36:00
 12   4   9   1  $12    0.010     2.3360   3906.17   0.0    -11.29   4.8  18.07.2025  09:36:03
 12   4  10   2  $12    0.010     4.5322   3883.17   0.2    -19.89  25.3  18.07.2025  09:36:05
 12   4  11   3  $12    0.010     8.7050   3132.54   0.0      2.10  13.4  18.07.2025  09:36:07
 13   5  14   6  $12    0.010     8.6093   3098.09   0.0      3.30  12.1  18.07.2025  09:36:09
 13   5  15   7  $12    0.010     3.9180   3356.91   0.1      1.59  53.7  18.07.2025  09:36:11
 13   5  16   8  $12    0.010     2.5117   4199.91   0.0     -3.75   4.1  18.07.2025  09:36:13
 14   6  13   5  $12    0.010     8.6464   3111.45   0.0      3.25  11.5  18.07.2025  09:36:15
 14   6  15   7  $12    0.010     6.2685   2255.75   0.0      0.58  49.9  18.07.2025  09:36:17
 14   6  16   8  $12    0.010     3.3419   2863.30   0.0     -2.80   4.1  18.07.2025  09:36:19
 15   7  13   5  $12    0.010     3.9294   3366.72   0.0      0.75  50.9  18.07.2025  09:36:20
 15   7  14   6  $12    0.010     6.2583   2252.07   0.0      0.62   1.3  18.07.2025  09:36:23
 15   7  16   8  $12    0.010    10.0053   3600.44   0.0      0.20  46.2  18.07.2025  09:36:24
 16   8  13   5  $12    0.010     2.5156   4206.39   0.0     -1.65  29.1  18.07.2025  09:36:26
 16   8  14   6  $12    0.010     3.3396   2861.32   0.0     -2.67  13.0  18.07.2025  09:36:28
 16   8  15   7  $12    0.010    10.0041   3600.01   0.0     -0.20  24.8  18.07.2025  09:36:30
  1   2   5   6  $12    1.000     3.3328    628.22   0.2    346.41   0.4  18.07.2025  09:36:36
  2   3   6   7  $12    1.000     9.0665   1709.00   0.0      1.35  39.1  18.07.2025  09:36:38
  3   4   7   8  $12    1.000     5.8654   1105.60   0.0    -42.40   0.9  18.07.2025  09:36:40
  1   2   9  10  $12    1.000     8.2040  12989.84   0.0   -394.82   0.2  18.07.2025  09:36:42
  2   3  10  11  $12    1.000     3.1676   5015.44   0.0   -172.26   0.5  18.07.2025  09:36:44
  3   4  11  12  $12    1.000     0.6158    974.96   0.5    -52.92  13.1  18.07.2025  09:36:49
  1   2  13  14  $12    1.000     4.9347  26602.76   0.3   -108.74   0.2  18.07.2025  09:36:51
  2   3  14  15  $12    1.000    13.0488  70345.68   0.0      0.47  24.4  18.07.2025  09:36:53
  3   4  15  16  $12    1.000     8.7370  47100.73   0.0     18.29   0.7  18.07.2025  09:36:55
  5   6   9  10  $12    1.000    10.0518   1894.72   0.2   -278.98   0.3  18.07.2025  09:36:57
  6   7  10  11  $12    1.000     9.0831   1712.12   0.0      7.63  10.4  18.07.2025  09:36:59
  7   8  11  12  $12    1.000     2.1713    409.27   0.1     -6.88  16.1  18.07.2025  09:37:01
  5   6  13  14  $12   10.000     4.7432    751.03   3.4   -360.97   9.0  18.07.2025  09:37:14
  6   7  14  15  $12    1.000     3.0082   4763.08   0.0     -0.48   8.5  18.07.2025  09:37:19
  7   8  15  16  $12   10.000    17.2401   2729.74   0.0      8.71   0.0  18.07.2025  09:37:22
  9  10  13  14  $12    1.000     0.0950     17.91  45.6   6349.34  68.8  18.07.2025  09:37:28
 10  11  14  15  $12    1.000     9.3501   1762.45   0.3     31.20  11.7  18.07.2025  09:37:30
 11  12  15  16  $12   10.000    17.1822    323.88   0.0      6.43   0.3  18.07.2025  09:37:33
  1   2   6   7  $12    1.000    13.4331   5064.17   0.4     16.60  24.0  18.07.2025  09:37:39
  2   3   7   8  $12    1.000     7.7924   2937.65   0.0      0.48  79.9  18.07.2025  09:37:41
  1   2   7   8  $12    1.000    11.3723   7502.69   0.0    -30.76   0.4  18.07.2025  09:37:43
  2   3   7   8  $12    1.000     7.7895   2936.59   0.0     -0.18  51.6  18.07.2025  09:37:45
  1   2  10  11  $12    1.000    -6.9030  15614.29   2.9   -767.28   0.8  18.07.2025  09:37:51
  2   3  11  12  $12   10.000     5.5242   1249.54   0.0     -0.62 199.4  18.07.2025  09:37:55
  1   2  11  12  $12    1.000     0.6696   2082.65   0.6   1710.77   0.2  18.07.2025  09:38:01
  2   3  11  12  $12   10.000     5.5297   1250.78   0.0     -1.08   6.1  18.07.2025  09:38:05
  1   2  14  15  $12    1.000    12.3568  84783.12   0.1    248.87   0.6  18.07.2025  09:38:10
  2   3  15  16  $12    1.000     7.8871  54115.36   0.0      3.69   4.3  18.07.2025  09:38:12
  1   2  15  16  $12    1.000    14.5105 124450.05   0.2    -51.06   4.4  18.07.2025  09:38:14
  2   3  15  16  $12    1.000     7.8880  54121.26   0.0      3.94   3.5  18.07.2025  09:38:16
  5   6  10  11  $12    1.000     4.6487   1752.51   0.9    605.25   2.6  18.07.2025  09:38:18
  6   7  11  12  $12    1.000     2.2011    829.81   0.1     -1.71 446.6  18.07.2025  09:38:20
  5   6  11  12  $12   10.000    14.8393    979.00   0.1     10.95  45.7  18.07.2025  09:38:24
  6   7  11  12  $12   10.000    21.1624    797.80   0.0      0.17  39.4  18.07.2025  09:38:26
  5   6  14  15  $12   10.000     9.0283   2042.15   0.2    -74.46  20.4  18.07.2025  09:38:28
  6   7  15  16  $12   10.000    15.7039   3552.13   0.0      7.08   1.1  18.07.2025  09:38:30
  5   6  15  16  $12   10.000     7.8432   2439.37   0.9    -34.24  24.9  18.07.2025  09:38:32
  6   7  15  16  $12   10.000    15.6714   3544.78   0.0      7.05   0.2  18.07.2025  09:38:34
  9  10  14  15  $12    1.000     7.2903   2748.36   0.0    -52.66   0.8  18.07.2025  09:38:39
 10  11  15  16  $12    1.000     7.1932   2711.78   0.1   -229.66   0.1  18.07.2025  09:38:41
  9  10  15  16  $12    1.000     1.5265   1007.10   0.3    173.46   0.4  18.07.2025  09:38:47
 10  11  15  16  $12    1.000     7.2081   2717.39   0.1   -187.26   0.4  18.07.2025  09:38:49
