//C:\Users\user\Desktop\GeoTom\GeoTomE724.ini
//- Cable direction:
//  cable I: normal
//  cable II: normal
//  cable III: normal
//  cable IV: normal
//- Cable arrangement: sequential
//- Optimization: Last measurement
//- Sorting: Multi-level
//- Current levels: 0.001 mA .. 50.0 mA
Type:         Flow
Name:         Hyprop
Comment:      Example of a measurements sequence
Comment:      
Comment:      
Spacing:      1.00000
First El:     0.00000
Nr of points: 289
IP present:   1

  1   5   2   6  $12    0.001    15.6452  67024.06   0.0      8.34   0.5  22.07.2025  04:25:08
  1   5   3   7  $12    0.001     2.4990  47104.24   0.1     43.58   4.1  22.07.2025  04:25:10
  1   5   4   8  $12    0.010    12.0639  15917.98   0.0   -222.65   1.0  22.07.2025  04:25:14
  1   5  14   2  $12    0.010   -14.5937  13083.27   0.0    -43.48   1.4  22.07.2025  04:25:16
  1   5  15   3  $12    0.010    -2.4999  54975.46   0.0    -81.80   2.6  22.07.2025  04:25:18
  1   5  16   4  $12    0.010    -6.3208   6182.05   0.2   -559.36   0.3  22.07.2025  04:25:20
  1   5  13   9  $12    0.100    18.2867  13787.86   0.0  -1125.63   0.5  22.07.2025  04:25:24
  1   5  14  10  $12    0.100     2.4280   2788.86   4.6  -2916.18   3.1  22.07.2025  04:25:31
  1   5  15  11  $12    0.100     0.7883   1300.12   2.1  19852.56   2.2  22.07.2025  04:25:37
  1   5  16  12  $12    0.010     1.3910  31545.02   0.0     -9.15   6.6  22.07.2025  04:25:42
  1   5  10   6  $12    0.001    15.8465 140015.18   0.0    -56.50   0.9  22.07.2025  04:25:47
  1   5  11   7  $12    0.001     2.0812  49037.12   0.0     67.03   1.2  22.07.2025  04:25:49
  1   5  12   8  $12    0.010     4.6677  21171.01   0.0    193.26   0.0  22.07.2025  04:25:53
  2   6   1   5  $12    0.001    15.4852  66338.53   0.0     33.07   0.8  22.07.2025  04:25:58
  2   6   3   7  $12    0.001     4.5872  19651.52   0.3     38.69   0.7  22.07.2025  04:26:00
  2   6   4   8  $12    0.010     8.3286  15698.99   0.0    291.40   0.1  22.07.2025  04:26:03
  2   6  13   1  $12    0.010   -13.9190  10265.37   0.0     56.67   0.8  22.07.2025  04:26:05
  2   6  15   3  $12    0.010   -13.6376  12226.17   0.0     16.08   6.5  22.07.2025  04:26:07
  2   6  16   4  $12    0.100   -20.5291  45145.91   0.0    273.85   1.7  22.07.2025  04:26:11
  2   6  13   9  $12    0.010     2.8221  12800.09   0.0    -73.13   1.2  22.07.2025  04:26:16
  2   6  14  10  $12    0.010     6.4795  48854.19   0.0   -125.07   2.5  22.07.2025  04:26:18
  2   6  15  11  $12    0.100    16.5218  18977.71   0.0    -11.01   0.1  22.07.2025  04:26:22
  2   6  16  12  $12    0.100    16.9176  27902.89   0.0      9.70   0.4  22.07.2025  04:26:24
  2   6   9   5  $12    0.001    12.4639 164457.24   0.0     13.45   0.7  22.07.2025  04:26:32
  2   6  11   7  $12    0.001     2.5858  22847.39   0.5     87.42   2.0  22.07.2025  04:26:34
  2   6  12   8  $12    0.010     4.1891   9870.36   0.0    343.33   0.0  22.07.2025  04:26:38
  3   7   1   5  $12    0.010    21.9375  41351.26   0.1     63.89   0.2  22.07.2025  04:26:40
  3   7   2   6  $12    0.001     4.1755  17887.93   0.0     47.79   0.5  22.07.2025  04:26:45
  3   7   4   8  $12    0.001     4.0291  17260.58   0.0    141.71   0.6  22.07.2025  04:26:47
  3   7  13   1  $12    0.010    -2.1830   3429.05   0.0     67.04   0.7  22.07.2025  04:26:51
  3   7  14   2  $12    0.010   -12.8458   9473.88   0.0     17.44   3.9  22.07.2025  04:26:53
  3   7  16   4  $12    0.010   -16.5217  14811.79   0.0     60.18   0.9  22.07.2025  04:26:55
  3   7  13   9  $12    0.100    14.2387   3354.92   0.0    -45.42   0.4  22.07.2025  04:26:58
  3   7  14  10  $12    0.010     2.9364  13318.38   0.2   -286.19   0.7  22.07.2025  04:27:03
  3   7  15  11  $12    0.100    14.2784  10765.66   0.0      5.78   0.6  22.07.2025  04:27:07
  3   7  16  12  $12    0.100    16.7731  19266.38   0.0      9.53   0.6  22.07.2025  04:27:09
  3   7   9   5  $12    0.010    18.0235  33973.57   0.1     76.87   0.1  22.07.2025  04:27:14
  3   7  10   6  $12    0.001     2.5533  33690.28   0.1    123.09   5.6  22.07.2025  04:27:19
  3   7  12   8  $12    0.001     2.0260  17901.45   0.6    275.75   0.9  22.07.2025  04:27:21
  4   8   1   5  $12    0.010    11.4575  15117.86   0.0   -148.52   1.9  22.07.2025  04:27:25
  4   8   2   6  $12    0.010     6.3962  12056.64   0.1    270.84   1.2  22.07.2025  04:27:27
  4   8   3   7  $12    0.001     3.6210  15512.25   0.0    151.22   0.3  22.07.2025  04:27:32
  4   8  13   1  $12    0.010     2.6810   6029.81   0.0   -583.19   0.0  22.07.2025  04:27:35
  4   8  14   2  $12    0.010     0.6005    943.26   0.5  -1965.09   1.0  22.07.2025  04:27:40
  4   8  15   3  $12    0.010   -15.5645  11478.92   0.0     81.32   0.4  22.07.2025  04:27:42
  4   8  13   9  $12    0.010     5.4077   4778.11   0.0   -290.44   0.4  22.07.2025  04:27:44
  4   8  14  10  $12    0.001     2.8946  68201.78   0.1   -313.63   1.2  22.07.2025  04:27:49
  4   8  15  11  $12    0.100    11.1150   5041.41   0.6    369.38   1.2  22.07.2025  04:27:54
  4   8  16  12  $12    0.100     1.4426   1087.70   0.8   7385.29   0.7  22.07.2025  04:27:57
  4   8   9   5  $12    0.010     9.7587   4180.60   0.2   -161.83   1.5  22.07.2025  04:28:01
  4   8  10   6  $12    0.001    -2.8172  53103.72   0.1   -411.02   1.3  22.07.2025  04:28:07
  4   8  11   7  $12    0.010    14.4790  19104.65   0.0    211.83   0.0  22.07.2025  04:28:11
  5   9   6  10  $12    0.001    17.9307  76814.74   0.1    -35.03   5.3  22.07.2025  04:28:15
  5   9   7  11  $12    0.001     2.2231  41904.52   0.2     54.85   5.0  22.07.2025  04:28:17
  5   9   8  12  $12    0.010     4.3263   5708.44   0.0    191.07   0.0  22.07.2025  04:28:21
  5   9   2   6  $12    0.001   -13.3029 175527.77   0.0     13.77   2.0  22.07.2025  04:28:26
  5   9   3   7  $12    0.001    -2.0996  39576.94   0.1     67.47  13.2  22.07.2025  04:28:28
  5   9   4   8  $12    0.010    -9.5184   4077.67   0.1   -333.59   0.4  22.07.2025  04:28:32
  5   9   1  13  $12    0.100    18.4164   4628.56   0.4   -730.59   0.8  22.07.2025  04:28:36
  5   9   2  14  $12    0.010     0.1875    421.77   3.2   2469.51   4.0  22.07.2025  04:28:41
  5   9   3  15  $12    0.010     0.6309    991.01   0.2    346.05   0.6  22.07.2025  04:28:45
  5   9   4  16  $12    0.010    -3.3199   2448.49   0.7   -593.79   0.7  22.07.2025  04:28:47
  5   9  14  10  $12    0.001     4.4682  39479.92   0.1   -174.85   1.3  22.07.2025  04:28:52
  5   9  15  11  $12    0.100    10.8308   2551.94   0.9   -423.97   1.7  22.07.2025  04:28:58
  5   9  16  12  $12    0.100    -1.2169    551.95   0.3  -2686.28   0.2  22.07.2025  04:29:01
  6  10   5   9  $12    0.001    16.5228  70783.59   0.0      4.56   2.5  22.07.2025  04:29:09
  6  10   7  11  $12    0.001     3.9426  16890.27   0.2     53.81   7.8  22.07.2025  04:29:11
  6  10   8  12  $12    0.010     5.6636  10675.64   0.0    334.91   0.0  22.07.2025  04:29:15
  6  10   1   5  $12    0.001   -13.7289 121304.52   0.0      0.37  42.7  22.07.2025  04:29:20
  6  10   3   7  $12    0.001    -2.7618  36440.63   0.1    105.89   8.0  22.07.2025  04:29:22
  6  10   4   8  $12    0.001     2.1963  41399.06   0.4   -363.72   2.0  22.07.2025  04:29:24
  6  10   1  13  $12    0.010     7.9063  17781.97   0.0   -357.86   0.3  22.07.2025  04:29:27
  6  10   2  14  $12    0.010     8.3099  20885.14   0.1   -233.68   1.3  22.07.2025  04:29:29
  6  10   3  15  $12    0.010     3.9534   8891.50   0.0   -281.39   0.2  22.07.2025  04:29:31
  6  10   4  16  $12    0.001     2.5153  39509.65   0.2   -197.18   0.9  22.07.2025  04:29:36
  6  10  13   9  $12    0.001     2.4807  32731.70   0.4    123.69   1.2  22.07.2025  04:29:38
  6  10  15  11  $12    0.010     9.3312   8244.75   0.0    139.09   0.0  22.07.2025  04:29:42
  6  10  16  12  $12    0.010     1.5088   3554.95   0.0    -60.71   1.0  22.07.2025  04:29:48
  7  11   5   9  $12    0.010    20.3418  38343.37   0.2     60.27   1.6  22.07.2025  04:29:49
  7  11   6  10  $12    0.001     3.8845  16641.13   0.3     49.73   1.7  22.07.2025  04:29:54
  7  11   8  12  $12    0.001     2.4156  10348.54   0.0    179.23   1.5  22.07.2025  04:29:56
  7  11   1   5  $12    0.001    -2.1058  49617.59   0.8     74.83  15.5  22.07.2025  04:29:58
  7  11   2   6  $12    0.001    -2.6803  23682.53   0.1     76.55   0.1  22.07.2025  04:30:00
  7  11   4   8  $12    0.010   -19.6181  25885.46   0.0    198.71   0.1  22.07.2025  04:30:04
  7  11   1  13  $12    0.100     9.0225   1417.26   0.0     68.84   0.1  22.07.2025  04:30:08
  7  11   2  14  $12    0.100    15.0066   3375.13   0.0      3.19   2.6  22.07.2025  04:30:10
  7  11   3  15  $12    0.100    16.1171   4050.66   0.0     10.36   1.5  22.07.2025  04:30:12
  7  11   4  16  $12    0.100     7.9861   1796.14   0.1     79.13  10.3  22.07.2025  04:30:14
  7  11  13   9  $12    0.100     5.9026   1112.62   0.1    -13.95   6.8  22.07.2025  04:30:16
  7  11  14  10  $12    0.010     7.6526  10097.31   0.0      9.31  12.3  22.07.2025  04:30:21
  7  11  16  12  $12    0.010     2.7165   2400.25   0.4      5.49  59.3  22.07.2025  04:30:23
  8  12   5   9  $12    0.010     4.2038   5546.81   0.4    149.10   0.4  22.07.2025  04:30:25
  8  12   6  10  $12    0.010     6.2122  11709.79   0.1    110.65   1.4  22.07.2025  04:30:27
  8  12   7  11  $12    0.010    20.7194   8876.16   0.0    123.49   0.0  22.07.2025  04:30:29
  8  12   1   5  $12    0.010    -3.0846  13990.58   0.6    205.98   1.7  22.07.2025  04:30:31
  8  12   2   6  $12    0.010    -3.2067   7555.50   0.1    235.30   0.9  22.07.2025  04:30:33
  8  12   3   7  $12    0.010   -15.7851  13947.25   0.0    161.30   0.3  22.07.2025  04:30:35
  8  12   1  13  $12    0.100     9.6123    708.92   0.0     11.00   0.7  22.07.2025  04:30:39
  8  12   2  14  $12    0.100    19.5231   3066.68   0.0    -47.00   1.5  22.07.2025  04:30:41
  8  12   3  15  $12    0.100    20.2195   4547.55   0.0     -6.92   1.7  22.07.2025  04:30:43
  8  12  16   4  $12    0.100   -18.8081   4727.00   0.0   -142.31   1.0  22.07.2025  04:30:45
  8  12   9  13  $12    0.100    -2.0781     89.03   0.3    264.44   1.2  22.07.2025  04:30:47
  8  12  10  14  $12    0.100    -9.0638   1708.48   0.1    450.38   0.7  22.07.2025  04:30:49
  8  12  11  15  $12    0.010    -2.7000   3562.54   0.0     22.11   1.0  22.07.2025  04:30:54
  9  13  10  14  $12    0.001     2.9783  12758.82   0.4    379.71   2.2  22.07.2025  04:30:59
  9  13  11  15  $12    0.010     3.0268   5705.29   0.0     72.05   1.0  22.07.2025  04:31:03
  9  13  12  16  $12    0.100    17.1898   2268.14   0.0     18.83   0.3  22.07.2025  04:31:07
  9  13   6  10  $12    0.001    -2.2656  29893.96   0.7    260.54   3.2  22.07.2025  04:31:15
  9  13   7  11  $12    0.100    -6.7703   1276.16   0.0    106.25   0.1  22.07.2025  04:31:20
  9  13   8  12  $12    0.100     5.1769    221.78   0.9  -1356.78   0.1  22.07.2025  04:31:31
  9  13   5   1  $12    0.010     0.2077   1565.94   2.4   2771.20   3.5  22.07.2025  04:31:36
  9  13   6   2  $12    0.010     3.0510  13838.20   0.2    -29.19   9.8  22.07.2025  04:31:38
  9  13   7   3  $12    0.010     1.4689   3460.95   0.0    -17.36   7.3  22.07.2025  04:31:51
  9  13   8   4  $12    0.010     5.6313   4975.63   0.1   -167.91   1.4  22.07.2025  04:31:53
  9  13   2  14  $12    0.010     5.8528   4316.49   0.0    107.92   1.1  22.07.2025  04:31:55
  9  13   3  15  $12    0.100    21.4599   3370.91   0.8   -806.71   0.4  22.07.2025  04:31:59
  9  13   4  16  $12    0.010    -4.3971   9889.60   0.0   -179.22   0.3  22.07.2025  04:32:04
 10  14   9  13  $12    0.001     3.8848  16642.52   0.0     63.59   2.8  22.07.2025  04:32:09
 10  14  11  15  $12    0.010    11.4843   4919.88   0.0    201.26   0.0  22.07.2025  04:32:12
 10  14  12  16  $12    0.010     2.7305   5146.83   0.0     44.53   0.7  22.07.2025  04:32:14
 10  14   5   9  $12    0.001    -4.5187  39925.64   0.0    -53.88   0.2  22.07.2025  04:32:19
 10  14   7  11  $12    0.010    -9.6445  12725.66   0.0     74.40   0.0  22.07.2025  04:32:23
 10  14   8  12  $12    0.100     8.6554   1631.51   0.1   -246.74   0.4  22.07.2025  04:32:27
 10  14   5   1  $12    0.010   -10.3452 118830.12   0.0   -343.40   0.5  22.07.2025  04:32:32
 10  14   6   2  $12    0.010     7.1344  53791.88   0.0   -128.89   1.1  22.07.2025  04:32:34
 10  14   7   3  $12    0.010     2.3917  10848.10   0.3   -121.01   1.6  22.07.2025  04:32:36
 10  14   8   4  $12    0.001     3.4170  80510.75   0.1   -357.89   0.8  22.07.2025  04:32:41
 10  14   1  13  $12    0.010     4.6284   4149.37   0.0    176.05   0.3  22.07.2025  04:32:45
 10  14   3  15  $12    0.010    -0.7767    572.85   0.4  -2332.64   0.3  22.07.2025  04:32:50
 10  14   4  16  $12    0.001    -3.1404  49328.71   0.1   -372.94   1.6  22.07.2025  04:32:55
 11  15   9  13  $12    0.010     3.1493   5936.33   0.2     26.83   4.4  22.07.2025  04:32:59
 11  15  10  14  $12    0.010    11.3405   4858.25   0.0     63.89   1.6  22.07.2025  04:33:01
 11  15  12  16  $12    0.010    10.3359   4427.89   0.0     98.91   3.0  22.07.2025  04:33:03
 11  15   5   9  $12    0.100    -5.4321   1279.90   0.0     22.96   3.5  22.07.2025  04:33:07
 11  15   6  10  $12    0.010    -6.9391   6131.23   0.1     50.23   2.9  22.07.2025  04:33:12
 11  15   8  12  $12    0.010    -2.7102   3576.01   0.7     32.51  46.3  22.07.2025  04:33:14
 11  15   5   1  $12    0.100    13.8055  22769.92   0.0     41.02   2.1  22.07.2025  04:33:17
 11  15   6   2  $12    0.100    14.9518  17174.29   0.0     -8.56   9.7  22.07.2025  04:33:19
 11  15   7   3  $12    0.100    13.9104  10488.17   0.0     -2.31   7.1  22.07.2025  04:33:21
 11  15   8   4  $12    0.100    14.3558   6511.31   0.0    -78.43   0.8  22.07.2025  04:33:23
 11  15   1  13  $12    0.100    10.5140  23121.48   0.0     37.78   0.6  22.07.2025  04:33:25
 11  15   2  14  $12    0.100    18.5897   1666.58   0.0    157.51   0.1  22.07.2025  04:33:28
 11  15   4  16  $12    0.010     5.6583   4173.04   0.0    116.04   0.7  22.07.2025  04:33:32
 12  16   9  13  $12    0.100    17.6862   2333.64   0.0      3.68   5.7  22.07.2025  04:33:36
 12  16  10  14  $12    0.010     2.5975   4896.13   0.5    104.39   7.6  22.07.2025  04:33:41
 12  16  11  15  $12    0.010     9.5893   4108.07   0.1     59.83   1.5  22.07.2025  04:33:43
 12  16   5   9  $12    0.100    -2.6306   1193.17   0.0    -54.53   1.2  22.07.2025  04:33:48
 12  16   6  10  $12    0.100    -9.5184   2242.72   0.2    227.42   2.3  22.07.2025  04:33:50
 12  16   7  11  $12    0.010    -2.6033   2300.22   0.0     25.44   1.4  22.07.2025  04:33:55
 12  16   5   1  $12    0.100    12.7547  28925.57   0.1     23.51   6.4  22.07.2025  04:33:59
 12  16   6   2  $12    0.100    16.8280  27755.07   0.0      8.70   8.3  22.07.2025  04:34:01
 12  16   7   3  $12    0.100    16.6867  19167.11   0.0      3.15  13.5  22.07.2025  04:34:03
 12  16   8   4  $12    0.100    20.3618  15352.45   0.0    -16.59   2.4  22.07.2025  04:34:05
 12  16  13   1  $12    0.100    -2.3142    226.34   0.5    -15.30  23.0  22.07.2025  04:34:07
 12  16  14   2  $12    1.000    -9.5249   2094.64   0.0    160.25   0.5  22.07.2025  04:34:11
 12  16  15   3  $12    0.010    -5.2358   4693.92   0.0    124.06   0.7  22.07.2025  04:34:19
 13   1  14   2  $12    0.010    21.1114   7239.88   0.0     57.54   0.5  22.07.2025  04:34:21
 13   1  15   3  $12    0.010     4.1869   3175.01   0.0     36.54   0.6  22.07.2025  04:34:23
 13   1  16   4  $12    0.100     3.1524    405.15   0.0   1047.76   0.7  22.07.2025  04:34:26
 13   1  10  14  $12    0.010    -2.5332   2270.99   0.2    758.57   1.3  22.07.2025  04:34:32
 13   1  11  15  $12    0.100   -10.1861  22400.46   0.0     57.92   0.1  22.07.2025  04:34:36
 13   1  12  16  $12    0.100    -2.5819    252.52   0.0     25.39   0.8  22.07.2025  04:34:38
 13   1   9   5  $12    0.100    10.2878   2585.61   0.2    136.77   1.2  22.07.2025  04:34:40
 13   1  10   6  $12    0.010     5.4048  12155.80   0.3   -177.49   3.4  22.07.2025  04:34:45
 13   1  11   7  $12    0.100     8.9981   1413.42   0.0      8.35   3.3  22.07.2025  04:34:49
 13   1  12   8  $12    0.100     9.6304    710.25   0.0    -48.56   0.6  22.07.2025  04:34:51
 13   1   6   2  $12    0.010    12.2110   9005.73   0.0      0.86   8.5  22.07.2025  04:34:56
 13   1   7   3  $12    0.010     2.1015   3301.11   0.3      6.59  37.9  22.07.2025  04:34:58
 13   1   8   4  $12    0.100    -9.3157   2095.20   0.1   -431.71   0.9  22.07.2025  04:35:02
 14   2  13   1  $12    0.010    20.9528   7185.50   0.0     38.35   0.5  22.07.2025  04:35:07
 14   2  15   3  $12    0.010    16.7603   5747.73   0.1     43.78   4.2  22.07.2025  04:35:09
 14   2  16   4  $12    0.010     2.0754   1573.80   0.3    449.44   1.1  22.07.2025  04:35:11
 14   2   9  13  $12    0.010    -6.0863   4488.72   0.0    115.58   2.6  22.07.2025  04:35:13
 14   2  11  15  $12    0.100   -14.3777   1288.97   0.1    493.91   0.3  22.07.2025  04:35:17
 14   2  12  16  $12    0.100    -6.4616  14209.71   0.1  -1055.00   0.0  22.07.2025  04:35:19
 14   2   9   5  $12    0.010     0.3630    816.39   0.4   1031.77   1.9  22.07.2025  04:35:24
 14   2  10   6  $12    0.010     8.8172  22160.01   0.1   -208.64   0.4  22.07.2025  04:35:26
 14   2  11   7  $12    0.100    22.3144   5018.73   0.0   -403.13   0.1  22.07.2025  04:35:30
 14   2  12   8  $12    0.100    22.1505   3479.39   0.0    -32.46   1.6  22.07.2025  04:35:32
 14   2   5   1  $12    0.010    14.6595  13142.28   0.0     -3.53  14.4  22.07.2025  04:35:37
 14   2   7   3  $12    0.010    13.3471   9843.59   0.0      9.21  12.3  22.07.2025  04:35:39
 14   2   8   4  $12    0.100     2.5891    406.69   0.9   4723.94   0.7  22.07.2025  04:35:43
 15   3  13   1  $12    0.010     4.1872   3175.18   0.0     36.23   0.4  22.07.2025  04:35:48
 15   3  14   2  $12    0.010    16.2994   5589.66   0.0     34.32   1.2  22.07.2025  04:35:50
 15   3  16   4  $12    0.010    22.4976   7715.25   0.0     78.98   0.3  22.07.2025  04:35:52
 15   3   9  13  $12    0.100    -8.3586   1312.97   0.0    168.29   0.2  22.07.2025  04:35:55
 15   3  10  14  $12    0.100     5.4698    403.40   0.3  -2546.99   0.5  22.07.2025  04:35:57
 15   3  12  16  $12    0.010    -4.9940   4477.14   0.0    131.66   0.3  22.07.2025  04:36:02
 15   3   9   5  $12    0.100     7.5756   1189.97   0.3    269.42   0.7  22.07.2025  04:36:06
 15   3  10   6  $12    0.010     4.1559   9347.02   0.8   -329.75   0.9  22.07.2025  04:36:11
 15   3  11   7  $12    0.100    16.7098   4199.64   0.0     12.71   1.5  22.07.2025  04:36:15
 15   3  12   8  $12    0.100    21.4418   4822.47   0.0     -4.85   1.7  22.07.2025  04:36:17
 15   3   5   1  $12    0.010     2.5713  56546.83   0.0    -53.51   1.3  22.07.2025  04:36:22
 15   3   6   2  $12    0.010    13.1011  11745.21   0.0      7.98  20.1  22.07.2025  04:36:24
 15   3   8   4  $12    0.010    14.8310  10937.97   0.0     65.88   0.7  22.07.2025  04:36:26
 16   4  13   1  $12    0.010    -0.3330    427.99   0.6  -1864.27   0.3  22.07.2025  04:36:30
 16   4  14   2  $12    0.010     1.8816   1426.81   0.4    241.91   0.4  22.07.2025  04:36:35
 16   4  15   3  $12    0.001     2.3520   8065.82   0.0     77.25   1.2  22.07.2025  04:36:39
 16   4   9  13  $12    0.010     4.2959   9661.79   0.3   -138.75   5.9  22.07.2025  04:36:43
 16   4  10  14  $12    0.001     3.5501  55765.57   0.3   -341.56   0.9  22.07.2025  04:36:48
 16   4  11  15  $12    0.010    -5.0783   3745.25   0.0    161.10   0.0  22.07.2025  04:36:52
 16   4   9   5  $12    0.010    -2.6672   1967.10   0.5   -548.97   1.0  22.07.2025  04:36:54
 16   4  10   6  $12    0.001     3.2834  51575.18   0.6   -301.35   2.5  22.07.2025  04:36:59
 16   4  11   7  $12    0.100    22.2102   4995.29   0.1   -412.99   0.7  22.07.2025  04:37:04
 16   4  12   8  $12    0.100     3.7945    953.67  10.6   3469.93 110.5  22.07.2025  04:37:11
 16   4   5   1  $12    0.010     8.2351   8054.30   0.0   -103.81   1.7  22.07.2025  04:37:16
 16   4   6   2  $12    0.010     1.1448  25174.68   0.7    429.79   1.2  22.07.2025  04:37:20
 16   4   7   3  $12    0.010    18.3517  16452.35   0.0     51.95   0.2  22.07.2025  04:37:22
  1   4   2   3  $12    0.001     3.3025  20750.03   0.0    -54.85   1.1  22.07.2025  04:37:27
  2   3   1   4  $12    0.001     3.1233  19623.97   0.1    -12.41  18.4  22.07.2025  04:37:29
  1   2   3   4  $12    0.010   -11.0292  20789.46   0.1   -107.26   3.8  22.07.2025  04:37:33
  3   4   1   2  $12    0.010   -11.1096  20941.06   0.1   -108.95   0.2  22.07.2025  04:37:35
  5   8   6   7  $12    0.001    13.2468  83232.28   0.0     38.21   0.4  22.07.2025  04:37:40
  6   7   5   8  $12    0.001    13.0320  81882.49   0.0     56.29   1.0  22.07.2025  04:37:42
  5   6   7   8  $12    0.010    -7.7706  14647.18   0.0     12.41   4.0  22.07.2025  04:37:45
  7   8   5   6  $12    0.010    -7.6050  14335.15   0.2     41.42   2.3  22.07.2025  04:37:47
  9  12  10  11  $12    0.001     3.1594  19851.38   0.7     79.86  13.8  22.07.2025  04:37:52
 10  11   9  12  $12    0.001     3.1651  19887.20   0.4     40.30  12.8  22.07.2025  04:37:54
  9  10  11  12  $12    0.010    -7.8989  14889.00   0.0     59.19   0.6  22.07.2025  04:37:58
 11  12   9  10  $12    0.010    -6.3886  12042.28   0.0     52.64   5.6  22.07.2025  04:38:00
 13  16  14  15  $12    0.010    12.2754   7712.86   0.1    114.45   3.1  22.07.2025  04:38:02
 14  15  13  16  $12    0.010    12.5715   7898.93   0.0    102.18   0.3  22.07.2025  04:38:04
 13  14  15  16  $12    0.100    -7.2510   1366.78   0.0    383.58   0.1  22.07.2025  04:38:08
  1   9  10   2  $12    0.001    -4.9950  17974.62   0.8     60.24   6.5  22.07.2025  04:38:16
  1   9  11   3  $12    0.010    -5.3362   4572.03   0.0     28.53   2.1  22.07.2025  04:38:20
  1   9  12   4  $12    0.010    -6.2367  10428.60   0.1   -136.81   3.1  22.07.2025  04:38:22
  2  10   9   1  $12    0.001    -5.2375  18847.27   0.0     20.88   2.2  22.07.2025  04:38:27
  2  10  11   3  $12    0.001    -2.7640   9946.27   0.0     18.41   6.3  22.07.2025  04:38:29
  2  10  12   4  $12    0.001    -3.5929  30784.07   0.0   -211.22   1.8  22.07.2025  04:38:31
  3  11   9   1  $12    0.010    -5.4555   4674.24   0.0     30.34   1.4  22.07.2025  04:38:34
  3  11  10   2  $12    0.001    -2.7146   9768.48   0.2     15.79  11.9  22.07.2025  04:38:39
  3  11  12   4  $12    0.001    -2.1575   7763.90   0.2     60.91   2.4  22.07.2025  04:38:41
 12   4   9   1  $12    0.010     5.8932   9854.25   0.1    -56.77   4.4  22.07.2025  04:38:45
 12   4  10   2  $12    0.001     3.7107  31793.58   0.5   -189.62   1.3  22.07.2025  04:38:50
 12   4  11   3  $12    0.001     2.4281   8737.64   0.3     29.46  12.0  22.07.2025  04:38:52
 13   5  14   6  $12    0.001    15.2546  54894.63   0.0     33.52   1.0  22.07.2025  04:38:54
 13   5  15   7  $12    0.001     2.4924  21354.72   0.0     61.40   1.6  22.07.2025  04:38:56
 13   5  16   8  $12    0.010     6.9679  11651.24   0.0    113.36   0.1  22.07.2025  04:39:00
 14   6  13   5  $12    0.001    14.8268  53355.15   0.1     39.45   1.1  22.07.2025  04:39:05
 14   6  15   7  $12    0.001     3.5113  12635.45   0.0     79.54   3.4  22.07.2025  04:39:07
 14   6  16   8  $12    0.010     8.3657   7167.69   0.0    167.72   0.0  22.07.2025  04:39:11
 15   7  13   5  $12    0.010    22.6765  19429.22   0.0     69.81   1.0  22.07.2025  04:39:13
 15   7  14   6  $12    0.001     3.5035  12607.36   0.0     77.01   0.9  22.07.2025  04:39:18
 15   7  16   8  $12    0.001     3.0043  10811.00   0.0    186.20   0.0  22.07.2025  04:39:20
 16   8  13   5  $12    0.010     6.0488  10114.41   0.0     99.56   0.5  22.07.2025  04:39:24
 16   8  14   6  $12    0.010     7.7010   6598.23   0.0     88.87   0.7  22.07.2025  04:39:26
 16   8  15   7  $12    0.001     2.9180  10500.51   0.1    146.39   0.1  22.07.2025  04:39:31
  1   2   5   6  $12    0.100     7.1249  13430.09   0.1   -205.45   1.4  22.07.2025  04:39:36
  2   3   6   7  $12    0.100    -0.2354    443.73   1.3  -4449.55   2.3  22.07.2025  04:39:42
  3   4   7   8  $12    0.010     1.5449  29121.20   0.0   -191.45   0.2  22.07.2025  04:39:47
  1   2   9  10  $12    0.010    -4.9625 785749.38   0.9   -500.01   0.7  22.07.2025  04:39:50
  2   3  10  11  $12    0.010    -6.1200 969023.49   0.3   -225.78   0.7  22.07.2025  04:39:52
  3   4  11  12  $12    0.100     0.9207  14577.97  13.0  -1323.88 254.4  22.07.2025  04:40:01
  1   2  13  14  $12    0.100    -3.5914 193609.22   0.0   -540.96   0.6  22.07.2025  04:40:03
  2   3  14  15  $12    0.100    -0.1230   6630.89   0.4  -6236.54   0.3  22.07.2025  04:40:17
  3   4  15  16  $12    0.010    -0.5661 305185.89   0.0   -865.71   0.1  22.07.2025  04:40:22
  5   6   9  10  $12    0.010    10.7319 202291.18   0.0   -340.13   0.9  22.07.2025  04:40:24
  6   7  10  11  $12    0.010    -2.8785  54257.83   0.5   -837.19   0.5  22.07.2025  04:40:26
  7   8  11  12  $12    1.000     5.6854   1071.68   0.0    -25.71   0.1  22.07.2025  04:40:31
  5   6  13  14  $12    0.100    19.1416 303081.30   0.3   -955.48   0.0  22.07.2025  04:40:37
  6   7  14  15  $12    0.100     0.2539   4019.67   1.6   1020.10   3.2  22.07.2025  04:40:41
  7   8  15  16  $12    1.000     4.2367   6708.22   0.1   -194.42   0.3  22.07.2025  04:40:45
  9  10  13  14  $12    0.010    -3.6206  68247.01   0.0   -614.36   0.1  22.07.2025  04:40:54
 10  11  14  15  $12    0.010    -1.1199  21110.37   0.3   -652.13   0.1  22.07.2025  04:40:59
 11  12  15  16  $12    1.000     3.3687    634.98   0.0     45.12   1.3  22.07.2025  04:41:05
  1   2   6   7  $12    0.100     9.6834  36505.42   0.0    -70.20   0.9  22.07.2025  04:41:10
  2   3   7   8  $12    0.100    -0.7355   2772.83   0.3   -987.24   2.6  22.07.2025  04:41:15
  1   2   7   8  $12    0.100     5.3352  35198.33   0.1    -99.16   0.0  22.07.2025  04:41:17
  2   3   7   8  $12    0.100    -0.9990   3766.32   0.1   -712.49   0.2  22.07.2025  04:41:23
  1   2  10  11  $12    0.010     6.0026 1357758.32   0.1   -396.86   1.4  22.07.2025  04:41:28
  2   3  11  12  $12    0.100     0.2472   5591.64   0.7    557.34   2.1  22.07.2025  04:41:44
  1   2  11  12  $12    0.100    -0.1246   3876.68   0.6  -1349.78   0.2  22.07.2025  04:41:57
  2   3  11  12  $12    0.100     0.6393  14461.09   0.1   -401.44   0.0  22.07.2025  04:42:15
  1   2  14  15  $12    0.100     5.9604 408957.33   0.1   -112.41   0.2  22.07.2025  04:42:17
  2   3  15  16  $12    0.100     3.7000 253867.49   0.8   -672.48   0.9  22.07.2025  04:42:20
  1   2  15  16  $12    0.100     0.7060  60551.07   0.1   1022.23   0.5  22.07.2025  04:42:25
  2   3  15  16  $12    0.100     5.0567 346953.03   0.4   -836.45   0.1  22.07.2025  04:42:27
  5   6  10  11  $12    0.010   -10.1865 384022.87   0.5   -153.87   0.6  22.07.2025  04:42:32
  6   7  11  12  $12    1.000     7.3777   2781.31   0.0    -36.84   2.3  22.07.2025  04:42:37
  5   6  11  12  $12    0.100     0.1949   1285.65   4.8   8646.01   5.5  22.07.2025  04:42:43
  6   7  11  12  $12    1.000     7.7928   2937.82   0.1    -26.28   2.5  22.07.2025  04:42:47
  5   6  14  15  $12    0.100    -7.9926 180788.41   0.1   -820.54   0.0  22.07.2025  04:42:52
  6   7  15  16  $12    1.000    11.7140  26496.45   0.2    -47.02   0.2  22.07.2025  04:42:56
  5   6  15  16  $12    0.100    15.3499 477408.95   0.1  -1032.85   0.0  22.07.2025  04:43:01
  6   7  15  16  $12    1.000    12.4296  28115.09   0.1    -41.98   0.7  22.07.2025  04:43:05
  9  10  14  15  $12    0.010     1.1754  44312.49   0.1   -533.58   0.0  22.07.2025  04:43:14
 10  11  15  16  $12    0.010     1.1335  42730.75   0.0   -671.62   0.6  22.07.2025  04:43:19
  9  10  15  16  $12    0.010    -0.9130  60233.41   0.1   -625.53   0.1  22.07.2025  04:43:24
 10  11  15  16  $12    0.010     1.1785  44428.63   0.1   -636.79   0.0  22.07.2025  04:43:30
