//C:\Users\user\Desktop\GeoTom\GeoTomE724.ini
//- Cable direction:
//  cable I: normal
//  cable II: normal
//  cable III: normal
//  cable IV: normal
//- Cable arrangement: sequential
//- Optimization: Last measurement
//- Sorting: Multi-level
//- Current levels: 0.001 mA .. 50.0 mA
Type:         Flow
Name:         Hyprop
Comment:      Example of a measurements sequence
Comment:      
Comment:      
Spacing:      1.00000
First El:     0.00000
Nr of points: 289
IP present:   1

  1   5   2   6  $12    0.010     6.4100   2746.04   0.0      3.06   1.3  17.07.2025  19:25:05
  1   5   3   7  $12    0.010     3.3424   6300.34   0.0      1.59  14.5  17.07.2025  19:25:07
  1   5   4   8  $12    0.100    19.1558   2527.55   0.0      9.60   0.3  17.07.2025  19:25:11
  1   5  14   2  $12    0.010    -2.5381   2275.44   0.0     11.56   1.7  17.07.2025  19:25:16
  1   5  15   3  $12    0.100   -11.4273  25129.95   0.0      8.43   1.0  17.07.2025  19:25:20
  1   5  16   4  $12    0.100    -4.8160    471.02   0.2     28.80   6.0  17.07.2025  19:25:22
  1   5  13   9  $12    0.100    12.9309   9749.69   0.0    -21.88   1.3  17.07.2025  19:25:24
  1   5  14  10  $12    0.100    13.1483  15102.67   0.0    -37.34   0.7  17.07.2025  19:25:26
  1   5  15  11  $12    0.100    10.1137  16680.88   0.0      1.56  12.0  17.07.2025  19:25:27
  1   5  16  12  $12    0.100     9.9467  22557.39   0.0      3.20   1.5  17.07.2025  19:25:30
  1   5  10   6  $12    0.010     2.5527   2255.53   0.0     14.23   6.6  17.07.2025  19:25:34
  1   5  11   7  $12    0.100    11.6455   2743.91   0.0      1.64   5.1  17.07.2025  19:25:38
  1   5  12   8  $12    0.100     4.4062   1998.53   0.0     -1.44  24.5  17.07.2025  19:25:40
  2   6   1   5  $12    0.010     6.4229   2751.57   0.0      0.75  44.8  17.07.2025  19:25:45
  2   6   3   7  $12    0.010     7.0434   3017.36   0.1     -1.62  63.2  17.07.2025  19:25:47
  2   6   4   8  $12    0.010     3.3560   6325.98   0.1     -1.53  22.2  17.07.2025  19:25:49
  2   6  13   1  $12    0.010    -2.4955   1840.47   0.5     11.52  78.0  17.07.2025  19:25:51
  2   6  15   3  $12    0.010    -3.4790   3118.97   0.2      6.12  38.6  17.07.2025  19:25:53
  2   6  16   4  $12    0.100   -13.9408  30657.50   0.0      3.43   5.4  17.07.2025  19:25:57
  2   6  13   9  $12    0.100    11.2310   5094.00   0.0      0.64  78.1  17.07.2025  19:25:59
  2   6  14  10  $12    0.100    11.4876   8661.44   0.0      0.80  26.1  17.07.2025  19:26:01
  2   6  15  11  $12    0.100    10.9218  12545.28   0.0      1.52   8.8  17.07.2025  19:26:03
  2   6  16  12  $12    0.100    11.3837  18775.57   0.0      1.71   3.6  17.07.2025  19:26:05
  2   6   9   5  $12    0.010     2.7984   3692.40   0.0     -0.53  65.2  17.07.2025  19:26:10
  2   6  11   7  $12    0.010     2.4300   2147.05   0.0     -8.70   4.1  17.07.2025  19:26:12
  2   6  12   8  $12    0.100     8.1874   1929.12   0.0     -1.82   6.1  17.07.2025  19:26:15
  3   7   1   5  $12    0.010     3.3542   6322.49   0.0     -0.79 107.0  17.07.2025  19:26:20
  3   7   2   6  $12    0.010     7.0266   3010.17   0.0     -0.97  53.6  17.07.2025  19:26:22
  3   7   4   8  $12    0.010     7.8576   3366.19   0.0      2.28  45.0  17.07.2025  19:26:24
  3   7  13   1  $12    0.100   -10.4721   1644.95   0.0      7.06   4.0  17.07.2025  19:26:28
  3   7  14   2  $12    0.010    -3.4703   2559.34   0.0      7.70   1.2  17.07.2025  19:26:33
  3   7  16   4  $12    0.010    -3.5364   3170.38   0.3      7.98  30.2  17.07.2025  19:26:35
  3   7  13   9  $12    0.100    10.1947   2402.06   0.0     -0.48  22.7  17.07.2025  19:26:38
  3   7  14  10  $12    0.100    10.9974   4988.06   0.0     -1.86  17.9  17.07.2025  19:26:40
  3   7  15  11  $12    0.100    11.8678   8948.10   0.0      1.98   2.7  17.07.2025  19:26:42
  3   7  16  12  $12    0.100    13.1856  15145.61   0.0      1.99   1.7  17.07.2025  19:26:44
  3   7   9   5  $12    0.100    12.5460   2364.86   0.0      5.05   4.6  17.07.2025  19:26:46
  3   7  10   6  $12    0.010     2.4262   3201.23   0.0     -8.57  27.6  17.07.2025  19:26:51
  3   7  12   8  $12    0.010     2.9622   2617.32   0.1     -3.48  24.7  17.07.2025  19:26:53
  4   8   1   5  $12    0.100    19.2152   2535.38   0.0     20.14   2.1  17.07.2025  19:26:57
  4   8   2   6  $12    0.010     3.3595   6332.56   0.0     -1.93   9.8  17.07.2025  19:27:02
  4   8   3   7  $12    0.010     7.8369   3357.30   0.0      1.96   7.7  17.07.2025  19:27:04
  4   8  13   1  $12    0.100    -3.5392    795.99   0.0    134.95   1.3  17.07.2025  19:27:08
  4   8  14   2  $12    0.100   -13.2788   2085.83   0.0      4.04   7.2  17.07.2025  19:27:10
  4   8  15   3  $12    0.010    -3.4577   2550.08   0.0      7.59   2.0  17.07.2025  19:27:15
  4   8  13   9  $12    0.100     8.9328    789.28   0.0    -18.83   1.8  17.07.2025  19:27:18
  4   8  14  10  $12    0.100    10.1763   2397.74   0.0    -28.29   1.6  17.07.2025  19:27:20
  4   8  15  11  $12    0.100    11.9711   5429.69   0.0      1.51   3.7  17.07.2025  19:27:22
  4   8  16  12  $12    0.100    14.1985  10705.42   0.0      2.23   5.1  17.07.2025  19:27:24
  4   8   9   5  $12    0.100     6.7349    288.52   0.0     12.93   0.8  17.07.2025  19:27:26
  4   8  10   6  $12    0.100     9.9119   1868.35   0.0     27.95   3.9  17.07.2025  19:27:28
  4   8  11   7  $12    0.010     3.1634   4174.00   0.0     -0.13 138.9  17.07.2025  19:27:33
  5   9   6  10  $12    0.010     9.5347   4084.65   0.0     -2.72   9.5  17.07.2025  19:27:35
  5   9   7  11  $12    0.010     2.4383   4596.08   0.1     -5.98  11.4  17.07.2025  19:27:37
  5   9   8  12  $12    0.100    15.3706   2028.10   0.0      1.69   3.7  17.07.2025  19:27:41
  5   9   2   6  $12    0.010    -2.7422   3618.24   0.0     11.03   0.4  17.07.2025  19:27:46
  5   9   3   7  $12    0.100   -12.5340   2362.61   0.0      6.96   0.3  17.07.2025  19:27:49
  5   9   4   8  $12    0.100    -6.6823    286.27   0.0     19.28   7.4  17.07.2025  19:27:51
  5   9   1  13  $12    0.100    10.1595   2553.36   0.1    -25.43   1.6  17.07.2025  19:27:53
  5   9   2  14  $12    0.100     8.6490   1945.23   0.0     -0.52 174.0  17.07.2025  19:27:55
  5   9   3  15  $12    0.100     7.3770   1158.78   0.0     -3.56  11.8  17.07.2025  19:27:57
  5   9   4  16  $12    0.100     6.0949    449.51   0.1    -16.86  16.7  17.07.2025  19:27:59
  5   9  14  10  $12    0.010     5.9233   5233.68   0.0     -3.43   7.9  17.07.2025  19:28:04
  5   9  15  11  $12    0.100     4.1868    986.49   0.0     -5.61   1.5  17.07.2025  19:28:08
  5   9  16  12  $12    0.100     2.5869   1173.31   0.0     -7.87   7.3  17.07.2025  19:28:10
  6  10   5   9  $12    0.010     9.5536   4092.77   0.0     -0.19  78.5  17.07.2025  19:28:15
  6  10   7  11  $12    0.010     5.2566   2251.91   0.0      0.50 148.2  17.07.2025  19:28:17
  6  10   8  12  $12    0.010     2.7171   5121.54   0.0     -1.93   4.8  17.07.2025  19:28:19
  6  10   1   5  $12    0.010    -2.4788   2190.16   0.1     34.24  11.2  17.07.2025  19:28:21
  6  10   3   7  $12    0.010    -2.3904   3154.04   0.1      6.04  15.8  17.07.2025  19:28:23
  6  10   4   8  $12    0.100    -9.9479   1875.13   0.0     16.38   0.6  17.07.2025  19:28:27
  6  10   1  13  $12    0.100    10.5524   2373.34   0.0    -75.65   2.0  17.07.2025  19:28:29
  6  10   2  14  $12    0.100     8.4252   2117.49   0.0     -0.09 688.1  17.07.2025  19:28:31
  6  10   3  15  $12    0.100     7.9013   1777.07   0.0     -6.38   4.6  17.07.2025  19:28:33
  6  10   4  16  $12    0.100     7.0249   1103.47   0.0    -22.50   1.6  17.07.2025  19:28:35
  6  10  13   9  $12    0.010     5.9844   7896.25   0.0     -2.46  10.0  17.07.2025  19:28:40
  6  10  15  11  $12    0.010     2.0600   1820.12   0.1     -0.25 522.9  17.07.2025  19:28:42
  6  10  16  12  $12    0.100    10.0039   2357.10   0.0      1.73   4.6  17.07.2025  19:28:45
  7  11   5   9  $12    0.010     2.4308   4582.00   0.0     -3.58  14.4  17.07.2025  19:28:50
  7  11   6  10  $12    0.010     5.2481   2248.28   0.0     -1.43  25.0  17.07.2025  19:28:52
  7  11   8  12  $12    0.010     6.6236   2837.55   0.0      0.29 410.0  17.07.2025  19:28:54
  7  11   1   5  $12    0.100   -11.5697   2726.05   0.0      3.93   9.5  17.07.2025  19:28:58
  7  11   2   6  $12    0.010    -2.3668   2091.23   0.0      5.76   1.8  17.07.2025  19:29:03
  7  11   4   8  $12    0.010    -3.1291   4128.79   0.4     11.24  25.2  17.07.2025  19:29:05
  7  11   1  13  $12    0.100     7.4813   1175.15   0.0      6.21   6.0  17.07.2025  19:29:08
  7  11   2  14  $12    0.100     7.8241   1759.71   0.0     -0.33  93.9  17.07.2025  19:29:10
  7  11   3  15  $12    0.100     8.4378   2120.66   0.0      0.86  58.2  17.07.2025  19:29:12
  7  11   4  16  $12    0.100     7.7741   1748.46   0.1      1.68  33.8  17.07.2025  19:29:14
  7  11  13   9  $12    0.100     5.0289    947.93   0.0     -6.01  22.5  17.07.2025  19:29:16
  7  11  14  10  $12    0.100    20.7488   2737.74   0.0      4.19   4.2  17.07.2025  19:29:18
  7  11  16  12  $12    0.010     2.6925   2379.00   0.0     -2.24   6.3  17.07.2025  19:29:23
  8  12   5   9  $12    0.100    15.3967   2031.55   0.0      1.36   3.8  17.07.2025  19:29:27
  8  12   6  10  $12    0.010     2.7212   5129.34   0.0     -2.66  11.6  17.07.2025  19:29:32
  8  12   7  11  $12    0.010     6.6185   2835.36   0.0      1.10  89.2  17.07.2025  19:29:34
  8  12   1   5  $12    0.100    -4.3973   1994.45   0.0      2.98  28.8  17.07.2025  19:29:38
  8  12   2   6  $12    0.100    -8.0706   1901.60   0.0      2.46   6.8  17.07.2025  19:29:40
  8  12   3   7  $12    0.010    -2.9120   2572.98   0.0      8.98   0.6  17.07.2025  19:29:44
  8  12   1  13  $12    0.100     7.3386    541.23   0.0      3.70   1.2  17.07.2025  19:29:48
  8  12   2  14  $12    0.100     8.2982   1303.48   0.0     -0.07 441.6  17.07.2025  19:29:50
  8  12   3  15  $12    0.100     9.7152   2185.05   0.0      1.16  14.7  17.07.2025  19:29:52
  8  12  16   4  $12    0.100    -9.5661   2404.23   0.0      3.22  16.4  17.07.2025  19:29:54
  8  12   9  13  $12    0.100    -3.6240    155.25   0.0      0.58  42.2  17.07.2025  19:29:56
  8  12  10  14  $12    0.100   -10.5787   1994.04   0.0      6.76   2.4  17.07.2025  19:29:58
  8  12  11  15  $12    0.010    -2.6676   3519.75   0.0      9.60   1.6  17.07.2025  19:30:03
  9  13  10  14  $12    0.010    10.4918   4494.69   0.0      0.83  42.6  17.07.2025  19:30:05
  9  13  11  15  $12    0.010     2.4994   4711.23   0.1      0.44  69.5  17.07.2025  19:30:07
  9  13  12  16  $12    0.100    16.0104   2112.52   0.0      1.44   3.7  17.07.2025  19:30:11
  9  13   6  10  $12    0.010    -5.9774   7887.05   0.0      3.97  17.6  17.07.2025  19:30:16
  9  13   7  11  $12    0.100    -4.9710    937.01   0.0      0.18  90.0  17.07.2025  19:30:19
  9  13   8  12  $12    0.100    -3.6338    155.67   0.0      1.68  17.0  17.07.2025  19:30:21
  9  13   5   1  $12    0.100    12.8856   9715.52   0.0    -17.60   0.5  17.07.2025  19:30:23
  9  13   6   2  $12    0.100    11.1995   5079.74   0.0      1.45   9.0  17.07.2025  19:30:25
  9  13   7   3  $12    0.100    10.1712   2396.53   0.0      0.44  24.6  17.07.2025  19:30:27
  9  13   8   4  $12    0.100     8.8713    783.85   0.0     -1.88  55.8  17.07.2025  19:30:29
  9  13   2  14  $12    0.010     3.3818   2494.10   0.0      2.43   2.6  17.07.2025  19:30:34
  9  13   3  15  $12    0.100     9.6068   1509.03   0.0      7.22   1.7  17.07.2025  19:30:38
  9  13   4  16  $12    0.100     3.4989    786.95   0.0      5.45   7.7  17.07.2025  19:30:40
 10  14   9  13  $12    0.010    10.5180   4505.90   0.0      1.63  19.0  17.07.2025  19:30:45
 10  14  11  15  $12    0.010     5.2692   2257.33   0.2      3.67 123.6  17.07.2025  19:30:47
 10  14  12  16  $12    0.010     2.7205   5128.10   0.1     -2.28  31.1  17.07.2025  19:30:49
 10  14   5   9  $12    0.010    -5.8864   5201.07   0.1     -0.33 449.4  17.07.2025  19:30:51
 10  14   7  11  $12    0.010    -2.0344   2684.30   0.2     10.72  12.1  17.07.2025  19:30:53
 10  14   8  12  $12    0.100   -10.4855   1976.47   0.0      4.45   1.3  17.07.2025  19:30:56
 10  14   5   1  $12    0.100    13.4626  15463.77   0.0    -48.47   1.3  17.07.2025  19:30:58
 10  14   6   2  $12    0.100    11.4921   8664.85   0.0      2.44   4.6  17.07.2025  19:31:00
 10  14   7   3  $12    0.100    10.9990   4988.78   0.0      0.03 386.0  17.07.2025  19:31:02
 10  14   8   4  $12    0.100    10.2097   2405.61   0.0     -5.42   5.2  17.07.2025  19:31:04
 10  14   1  13  $12    0.010     3.2737   2934.89   0.0     26.32   3.2  17.07.2025  19:31:09
 10  14   3  15  $12    0.010     2.1024   1550.54   0.2      1.25 254.6  17.07.2025  19:31:11
 10  14   4  16  $12    0.100     6.2452    980.99   0.0     17.81   2.6  17.07.2025  19:31:15
 11  15   9  13  $12    0.010     2.5117   4734.48   0.0     -2.81  16.1  17.07.2025  19:31:20
 11  15  10  14  $12    0.010     5.2750   2259.82   0.0      2.19  12.7  17.07.2025  19:31:22
 11  15  12  16  $12    0.010     8.2054   3515.18   0.0     -0.48  24.6  17.07.2025  19:31:24
 11  15   5   9  $12    0.100    -4.1141    969.35   0.0      1.73   6.2  17.07.2025  19:31:28
 11  15   6  10  $12    0.100   -20.5166   1812.79   0.0      4.57   6.6  17.07.2025  19:31:30
 11  15   8  12  $12    0.010    -2.6712   3524.56   0.0      9.59   1.9  17.07.2025  19:31:35
 11  15   5   1  $12    0.100    10.1721  16777.24   0.0      1.82  15.3  17.07.2025  19:31:38
 11  15   6   2  $12    0.100    10.9266  12550.79   0.0      0.48  23.6  17.07.2025  19:31:40
 11  15   7   3  $12    0.100    11.8747   8953.34   0.0      1.01   1.7  17.07.2025  19:31:42
 11  15   8   4  $12    0.100    12.1040   5489.97   0.0      1.99  17.9  17.07.2025  19:31:44
 11  15   1  13  $12    0.100    10.5725  23250.18   0.0      3.62  21.4  17.07.2025  19:31:46
 11  15   2  14  $12    0.100    21.0954   1891.21   0.0      6.65   3.1  17.07.2025  19:31:48
 11  15   4  16  $12    0.010     4.3011   3172.07   0.0     -3.78   5.1  17.07.2025  19:31:53
 12  16   9  13  $12    0.100    16.0744   2120.97   0.0      1.49  11.4  17.07.2025  19:31:57
 12  16  10  14  $12    0.010     2.7435   5171.36   0.1     -0.63  60.2  17.07.2025  19:32:02
 12  16  11  15  $12    0.010     8.1998   3512.79   0.0      0.14  22.6  17.07.2025  19:32:04
 12  16   5   9  $12    0.100    -2.5084   1137.74   0.0      2.85  12.1  17.07.2025  19:32:07
 12  16   6  10  $12    0.100    -9.9996   2356.10   0.0      5.97   3.4  17.07.2025  19:32:09
 12  16   7  11  $12    0.010    -2.6435   2335.70   0.0     10.00   0.4  17.07.2025  19:32:15
 12  16   5   1  $12    0.100    10.0121  22705.87   0.0      2.22  11.1  17.07.2025  19:32:18
 12  16   6   2  $12    0.100    11.3933  18791.33   0.0      1.39   4.7  17.07.2025  19:32:20
 12  16   7   3  $12    0.100    13.2005  15162.65   0.0      1.69   6.2  17.07.2025  19:32:22
 12  16   8   4  $12    0.100    14.3585  10826.09   0.0      4.96   4.8  17.07.2025  19:32:24
 12  16  13   1  $12    0.100    -3.5214    344.41   0.2      6.50  50.5  17.07.2025  19:32:26
 12  16  14   2  $12    0.100    -5.6135  12344.66   0.0      6.94   8.9  17.07.2025  19:32:28
 12  16  15   3  $12    0.010    -4.1608   3730.19   0.0      4.90   0.6  17.07.2025  19:32:33
 13   1  14   2  $12    0.010     6.7992   2331.72   0.0      4.42  16.3  17.07.2025  19:32:35
 13   1  15   3  $12    0.010     2.8534   2163.76   0.0      2.49  59.8  17.07.2025  19:32:37
 13   1  16   4  $12    0.100    14.5236   1866.57   0.0      5.03   4.5  17.07.2025  19:32:41
 13   1  10  14  $12    0.010    -3.2432   2907.58   0.0     24.82   5.1  17.07.2025  19:32:46
 13   1  11  15  $12    0.100   -10.4387  22955.84   0.0      9.60   0.2  17.07.2025  19:32:49
 13   1  12  16  $12    0.100    -3.4823    340.58   0.0      8.05  13.6  17.07.2025  19:32:51
 13   1   9   5  $12    0.100    10.1079   2540.40   0.0     -9.45   1.5  17.07.2025  19:32:53
 13   1  10   6  $12    0.100    10.2141   2297.26   0.0    -50.33   1.6  17.07.2025  19:32:55
 13   1  11   7  $12    0.100     7.4917   1176.79   0.0      2.87  18.3  17.07.2025  19:32:57
 13   1  12   8  $12    0.100     7.3405    541.37   0.0      1.14  23.5  17.07.2025  19:32:59
 13   1   6   2  $12    0.010     2.5228   1860.56   0.0     -2.01  11.0  17.07.2025  19:33:04
 13   1   7   3  $12    0.100    10.4617   1643.32   0.0      2.43   0.8  17.07.2025  19:33:08
 13   1   8   4  $12    0.100     3.6993    832.01   0.1      8.34  14.3  17.07.2025  19:33:10
 14   2  13   1  $12    0.010     6.8250   2340.55   0.0      3.79  16.3  17.07.2025  19:33:15
 14   2  15   3  $12    0.010     6.4177   2200.86   0.0      1.48  47.5  17.07.2025  19:33:17
 14   2  16   4  $12    0.010     2.7362   2074.89   0.1     -4.67  62.3  17.07.2025  19:33:19
 14   2   9  13  $12    0.010    -3.3517   2471.88   0.4     12.56  18.0  17.07.2025  19:33:21
 14   2  11  15  $12    0.010    -2.1174   1898.21   0.4     10.46  34.9  17.07.2025  19:33:23
 14   2  12  16  $12    0.100    -5.6331  12387.85   0.0      5.66   0.6  17.07.2025  19:33:26
 14   2   9   5  $12    0.100     8.6648   1948.79   0.0      0.18 120.9  17.07.2025  19:33:28
 14   2  10   6  $12    0.100     8.4238   2117.14   0.0     -3.31   5.1  17.07.2025  19:33:30
 14   2  11   7  $12    0.100     7.8279   1760.58   0.0     -0.33  64.3  17.07.2025  19:33:32
 14   2  12   8  $12    0.100     8.3128   1305.77   0.0      0.23  26.7  17.07.2025  19:33:34
 14   2   5   1  $12    0.010     2.5661   2300.50   0.0     -2.92  29.7  17.07.2025  19:33:39
 14   2   7   3  $12    0.010     3.5113   2589.64   0.1     -0.93 177.3  17.07.2025  19:33:41
 14   2   8   4  $12    0.100    13.2812   2086.21   0.0      0.81  26.8  17.07.2025  19:33:45
 15   3  13   1  $12    0.010     2.8693   2175.85   0.0      0.42 341.1  17.07.2025  19:33:50
 15   3  14   2  $12    0.010     6.4079   2197.52   0.0      0.74  34.0  17.07.2025  19:33:51
 15   3  16   4  $12    0.010     8.6268   2958.46   0.0      0.17 737.7  17.07.2025  19:33:54
 15   3   9  13  $12    0.100    -9.5686   1503.03   0.0     12.01   1.4  17.07.2025  19:33:57
 15   3  10  14  $12    0.100   -20.7216   1528.23   0.0     10.37   1.6  17.07.2025  19:33:59
 15   3  12  16  $12    0.010    -4.1699   3738.30   0.0      5.06   1.0  17.07.2025  19:34:04
 15   3   9   5  $12    0.100     7.3818   1159.52   0.0     -1.23  11.7  17.07.2025  19:34:08
 15   3  10   6  $12    0.100     7.8968   1776.05   0.1     -2.95  15.4  17.07.2025  19:34:10
 15   3  11   7  $12    0.100     8.4416   2121.60   0.0     -0.33 203.6  17.07.2025  19:34:12
 15   3  12   8  $12    0.100     9.7115   2184.21   0.0      0.64   4.3  17.07.2025  19:34:14
 15   3   5   1  $12    0.100    11.5009  25291.84   0.0      5.11   4.8  17.07.2025  19:34:16
 15   3   6   2  $12    0.010     3.5347   3168.87   0.0     -1.25   8.6  17.07.2025  19:34:21
 15   3   8   4  $12    0.010     3.4654   2555.78   0.1     -2.32 126.1  17.07.2025  19:34:23
 16   4  13   1  $12    0.100    14.4194   1853.18   0.0     31.19   0.6  17.07.2025  19:34:26
 16   4  14   2  $12    0.010     2.7450   2081.61   0.0     -2.45   4.1  17.07.2025  19:34:31
 16   4  15   3  $12    0.010     8.6415   2963.49   0.0      1.02  34.6  17.07.2025  19:34:33
 16   4   9  13  $12    0.100    -3.4395    773.57   0.0     53.87   0.5  17.07.2025  19:34:37
 16   4  10  14  $12    0.100    -6.1923    972.68   0.0     53.06   1.2  17.07.2025  19:34:39
 16   4  11  15  $12    0.010    -4.2394   3126.56   0.0      6.18   4.0  17.07.2025  19:34:44
 16   4   9   5  $12    0.100     6.1002    449.89   0.0    -13.08   0.7  17.07.2025  19:34:47
 16   4  10   6  $12    0.100     7.0836   1112.69   0.0    -46.08   0.7  17.07.2025  19:34:49
 16   4  11   7  $12    0.100     7.8001   1754.33   0.0      1.46   4.5  17.07.2025  19:34:51
 16   4  12   8  $12    0.100     9.6712   2430.64   0.0     -0.61  24.9  17.07.2025  19:34:54
 16   4   5   1  $12    0.100     4.8818    477.46   0.0     82.03   1.9  17.07.2025  19:34:55
 16   4   6   2  $12    0.100    13.9784  30740.16   0.0     -0.77  16.0  17.07.2025  19:34:57
 16   4   7   3  $12    0.010     3.6082   3234.76   0.0     -0.12  62.4  17.07.2025  19:35:02
  1   4   2   3  $12    0.010     4.0392   2537.91   0.0      3.20  18.8  17.07.2025  19:35:04
  2   3   1   4  $12    0.010     4.0620   2552.21   0.0     -0.42 647.3  17.07.2025  19:35:06
  1   2   3   4  $12    0.100   -14.0922   2656.32   0.0     16.28   1.3  17.07.2025  19:35:10
  3   4   1   2  $12    0.100   -13.7965   2600.57   0.2     30.00   5.4  17.07.2025  19:35:12
  5   8   6   7  $12    0.010     3.9098   2456.61   0.0      1.49  20.9  17.07.2025  19:35:17
  6   7   5   8  $12    0.010     3.9296   2469.05   0.0      2.05  58.0  17.07.2025  19:35:19
  5   6   7   8  $12    0.100    -8.1068   1528.10   0.0     -1.78   4.5  17.07.2025  19:35:23
  7   8   5   6  $12    0.100    -7.6968   1450.81   0.0     -4.33  31.7  17.07.2025  19:35:25
  9  12  10  11  $12    0.010     7.4424   4676.22   0.0      0.48  31.8  17.07.2025  19:35:30
 10  11   9  12  $12    0.010     7.4337   4670.72   0.0     -2.01  17.1  17.07.2025  19:35:31
  9  10  11  12  $12    0.100    -8.2988   1564.28   0.0      1.21   3.1  17.07.2025  19:35:35
 11  12   9  10  $12    0.100    -8.4415   1591.19   0.0      7.36   4.3  17.07.2025  19:35:37
 13  16  14  15  $12    0.010     6.4332   4042.09   0.0      0.30  37.8  17.07.2025  19:35:42
 14  15  13  16  $12    0.010     6.4699   4065.16   0.0     -1.65   8.9  17.07.2025  19:35:44
 13  14  15  16  $12    0.100    -7.8550   1480.64   0.0      9.11   0.3  17.07.2025  19:35:48
  1   9  10   2  $12    0.010   -10.6164   3820.37   0.0      0.68   9.6  17.07.2025  19:35:53
  1   9  11   3  $12    0.010    -3.2727   2804.06   0.0      9.82  21.9  17.07.2025  19:35:55
  1   9  12   4  $12    0.010    -2.3379   3909.27   0.3     13.86  29.2  17.07.2025  19:35:57
  2  10   9   1  $12    0.010   -10.6241   3823.12   0.0     -2.09  17.9  17.07.2025  19:35:59
  2  10  11   3  $12    0.010    -7.3870   2658.27   0.0      5.94   5.2  17.07.2025  19:36:01
  2  10  12   4  $12    0.010    -4.1988   3597.52   0.1      8.62  22.8  17.07.2025  19:36:03
  3  11   9   1  $12    0.010    -3.3005   2827.90   0.0      7.98  22.9  17.07.2025  19:36:05
  3  11  10   2  $12    0.010    -7.4149   2668.30   0.1      4.94  21.5  17.07.2025  19:36:07
  3  11  12   4  $12    0.010    -8.3133   2991.59   0.1      5.05  37.7  17.07.2025  19:36:09
 12   4   9   1  $12    0.010     2.3770   3974.63   0.1     -0.34 810.9  17.07.2025  19:36:11
 12   4  10   2  $12    0.010     4.2614   3651.16   0.2     -2.76  49.9  17.07.2025  19:36:13
 12   4  11   3  $12    0.010     8.3627   3009.34   0.0      2.63  19.2  17.07.2025  19:36:15
 13   5  14   6  $12    0.010     8.1510   2933.18   0.0      0.68 105.8  17.07.2025  19:36:17
 13   5  15   7  $12    0.010     4.0053   3431.73   0.1     -1.28  68.1  17.07.2025  19:36:19
 13   5  16   8  $12    0.010     2.5448   4255.23   0.0     -4.03   0.9  17.07.2025  19:36:21
 14   6  13   5  $12    0.010     8.1782   2942.96   0.0      2.22   8.9  17.07.2025  19:36:23
 14   6  15   7  $12    0.010     6.4307   2314.12   0.0      0.41  54.4  17.07.2025  19:36:25
 14   6  16   8  $12    0.010     3.3648   2882.93   0.0     -2.67  19.7  17.07.2025  19:36:27
 15   7  13   5  $12    0.010     4.0133   3438.57   0.0     -0.41  20.4  17.07.2025  19:36:29
 15   7  14   6  $12    0.010     6.4056   2305.10   0.0     -0.05 416.9  17.07.2025  19:36:31
 15   7  16   8  $12    0.010     9.4564   3402.95   0.0      0.31  46.0  17.07.2025  19:36:33
 16   8  13   5  $12    0.010     2.5485   4261.52   0.0     -2.89  21.8  17.07.2025  19:36:35
 16   8  14   6  $12    0.010     3.3680   2885.69   0.0     -2.18  12.6  17.07.2025  19:36:37
 16   8  15   7  $12    0.010     9.4527   3401.59   0.0      0.11  63.3  17.07.2025  19:36:39
  1   2   5   6  $12    1.000     3.2645    615.35   0.9    104.70   3.0  17.07.2025  19:36:44
  2   3   6   7  $12    1.000     7.0502   1328.94   0.0      4.30  11.5  17.07.2025  19:36:46
  3   4   7   8  $12    1.000     6.2736   1182.54   0.0     -5.58   5.6  17.07.2025  19:36:48
  1   2   9  10  $12    1.000     4.5049   7132.86   0.3   -413.91   0.7  17.07.2025  19:36:50
  2   3  10  11  $12    1.000     2.1768   3446.61   0.6   -134.72   2.2  17.07.2025  19:36:52
  3   4  11  12  $12    1.000     0.5777    914.63   0.3    -23.83   9.0  17.07.2025  19:36:58
  1   2  13  14  $12    1.000     4.3225  23302.45   0.9   -106.65   1.3  17.07.2025  19:37:00
  2   3  14  15  $12    1.000    12.3748  66712.24   0.0      1.20   6.7  17.07.2025  19:37:02
  3   4  15  16  $12    1.000     8.9299  48141.01   0.0     19.92   1.3  17.07.2025  19:37:04
  5   6   9  10  $12    1.000     5.9967   1130.35   0.0    -92.22   0.9  17.07.2025  19:37:06
  6   7  10  11  $12    1.000     6.4140   1209.01   0.0    -13.79   8.5  17.07.2025  19:37:08
  7   8  11  12  $12    1.000     2.2244    419.29   0.1     -2.90  42.9  17.07.2025  19:37:10
  5   6  13  14  $12   10.000     6.0329    955.22   0.9    -14.32   3.2  17.07.2025  19:37:14
  6   7  14  15  $12   10.000    21.9138   3469.76   0.0      1.94   1.3  17.07.2025  19:37:16
  7   8  15  16  $12   10.000    17.1469   2714.98   0.0      4.65   3.9  17.07.2025  19:37:18
  9  10  13  14  $12    1.000     4.4155    832.30   0.1     83.83   0.7  17.07.2025  19:37:23
 10  11  14  15  $12    1.000     7.3195   1379.69   0.0     45.46   0.2  17.07.2025  19:37:25
 11  12  15  16  $12   10.000    18.7949    354.28   0.0      6.55   0.5  17.07.2025  19:37:29
  1   2   6   7  $12    0.100     0.7210   2717.92   0.0    -19.34   2.7  17.07.2025  19:37:38
  2   3   7   8  $12    1.000     7.6529   2885.07   0.0      1.12  14.8  17.07.2025  19:37:41
  1   2   7   8  $12    0.100     0.6343   4184.77   0.0     81.89   0.1  17.07.2025  19:37:47
  2   3   7   8  $12    1.000     7.6597   2887.63   0.0      0.80  28.2  17.07.2025  19:37:50
  1   2  10  11  $12    0.100    -3.2349  73170.83   0.1   -570.09   0.3  17.07.2025  19:37:56
  2   3  11  12  $12   10.000     5.9364   1342.79   0.0      2.40   4.8  17.07.2025  19:38:01
  1   2  11  12  $12    0.100     0.0908   2824.00   0.7   -313.92   1.4  17.07.2025  19:38:09
  2   3  11  12  $12   10.000     5.9186   1338.76   0.0      1.34   2.1  17.07.2025  19:38:15
  1   2  14  15  $12    0.100     0.9233  63348.78   0.1     91.16   0.5  17.07.2025  19:38:24
  2   3  15  16  $12    1.000     8.3907  57570.75   0.0      4.06   1.2  17.07.2025  19:38:27
  1   2  15  16  $12    0.100     0.9078  77854.08   0.1   -175.94   0.0  17.07.2025  19:38:33
  2   3  15  16  $12    1.000     8.3947  57598.21   0.0      3.41   2.9  17.07.2025  19:38:36
  5   6  10  11  $12    1.000     4.6789   1763.91   0.2    172.23   0.8  17.07.2025  19:38:38
  6   7  11  12  $12   10.000    19.0029    716.39   0.0      1.36   1.1  17.07.2025  19:38:42
  5   6  11  12  $12   10.000    12.5690    829.22   0.0    -27.22   1.9  17.07.2025  19:38:44
  6   7  11  12  $12   10.000    18.9772    715.42   0.0      0.30   1.2  17.07.2025  19:38:46
  5   6  14  15  $12   10.000    11.4396   2587.57   0.0    -14.62   1.4  17.07.2025  19:38:48
  6   7  15  16  $12   10.000    12.4159   2808.40   0.0      9.59   1.0  17.07.2025  19:38:50
  5   6  15  16  $12   10.000     7.7712   2416.97   0.1    -27.49   1.5  17.07.2025  19:38:52
  6   7  15  16  $12   10.000    12.4050   2805.94   0.0      9.36   0.5  17.07.2025  19:38:54
  9  10  14  15  $12    1.000     8.0763   3044.68   0.0     -9.09   0.6  17.07.2025  19:38:59
 10  11  15  16  $12    1.000     4.8367   1823.38   0.0    -99.05   0.5  17.07.2025  19:39:01
  9  10  15  16  $12    1.000     3.2496   2143.85   0.0     22.47   2.2  17.07.2025  19:39:03
 10  11  15  16  $12    1.000     4.8363   1823.25   0.0    -98.37   0.5  17.07.2025  19:39:05
