//C:\Users\user\Desktop\GeoTom\GeoTomE724.ini
//- Cable direction:
//  cable I: normal
//  cable II: normal
//  cable III: normal
//  cable IV: normal
//- Cable arrangement: sequential
//- Optimization: Last measurement
//- Sorting: Multi-level
//- Current levels: 0.001 mA .. 50.0 mA
Type:         Flow
Name:         Hyprop
Comment:      Example of a measurements sequence
Comment:      
Comment:      
Spacing:      1.00000
First El:     0.00000
Nr of points: 289
IP present:   1

  1   5   2   6  $12    0.010     6.5824   2819.91   0.0      2.77   5.5  17.07.2025  13:25:05
  1   5   3   7  $12    0.010     3.4147   6436.55   0.0      0.77  41.2  17.07.2025  13:25:07
  1   5   4   8  $12    0.100    19.6375   2591.11   0.0      4.60   1.8  17.07.2025  13:25:11
  1   5  14   2  $12    0.010    -2.7288   2446.34   0.0     10.20   1.7  17.07.2025  13:25:16
  1   5  15   3  $12    0.100   -12.0035  26397.15   0.0      8.18   1.6  17.07.2025  13:25:20
  1   5  16   4  $12    0.100    -5.1667    505.32   0.1     12.31  14.3  17.07.2025  13:25:22
  1   5  13   9  $12    0.100    12.7627   9622.83   0.0    -23.79   0.4  17.07.2025  13:25:24
  1   5  14  10  $12    0.100    12.7026  14590.78   0.0    -36.52   0.3  17.07.2025  13:25:26
  1   5  15  11  $12    0.100    10.1784  16787.68   0.0      0.80  22.9  17.07.2025  13:25:28
  1   5  16  12  $12    0.100     9.9273  22513.50   0.1      3.72 140.2  17.07.2025  13:25:30
  1   5  10   6  $12    0.010     2.5668   2267.92   0.0     14.81   3.2  17.07.2025  13:25:35
  1   5  11   7  $12    0.100    11.7109   2759.31   0.0      0.28  18.3  17.07.2025  13:25:38
  1   5  12   8  $12    0.100     4.3964   1994.06   0.2      5.51 203.7  17.07.2025  13:25:40
  2   6   1   5  $12    0.010     6.6028   2828.64   0.0      1.88  35.2  17.07.2025  13:25:45
  2   6   3   7  $12    0.010     6.8476   2933.53   0.0     -0.34 622.7  17.07.2025  13:25:47
  2   6   4   8  $12    0.010     3.3038   6227.52   0.0     -4.94  46.9  17.07.2025  13:25:49
  2   6  13   1  $12    0.010    -2.6886   1982.87   0.3     13.02  62.0  17.07.2025  13:25:51
  2   6  15   3  $12    0.010    -3.3098   2967.20   0.2     10.36  29.7  17.07.2025  13:25:53
  2   6  16   4  $12    0.100   -13.1696  28961.44   0.0      4.03   3.6  17.07.2025  13:25:57
  2   6  13   9  $12    0.100    10.9098   4948.33   0.0      1.13  35.6  17.07.2025  13:25:59
  2   6  14  10  $12    0.100    11.1892   8436.49   0.0      0.59  27.9  17.07.2025  13:26:01
  2   6  15  11  $12    0.100    10.7994  12404.62   0.0      2.20   5.5  17.07.2025  13:26:03
  2   6  16  12  $12    0.100    11.1945  18463.58   0.4     -2.03 215.7  17.07.2025  13:26:05
  2   6   9   5  $12    0.010     2.8078   3704.76   0.0     -0.28 352.0  17.07.2025  13:26:10
  2   6  11   7  $12    0.010     2.4494   2164.23   0.0     -7.70   5.6  17.07.2025  13:26:12
  2   6  12   8  $12    0.100     8.3986   1978.87   0.0     -2.35   8.4  17.07.2025  13:26:16
  3   7   1   5  $12    0.010     3.4286   6462.71   0.2      1.75  60.1  17.07.2025  13:26:21
  3   7   2   6  $12    0.010     6.8422   2931.18   0.0      0.08 348.1  17.07.2025  13:26:23
  3   7   4   8  $12    0.010     7.7883   3336.52   0.1      1.25  60.0  17.07.2025  13:26:25
  3   7  13   1  $12    0.100   -11.1762   1755.55   0.0      6.80   4.7  17.07.2025  13:26:29
  3   7  14   2  $12    0.010    -3.2863   2423.67   0.0      8.54   1.5  17.07.2025  13:26:33
  3   7  16   4  $12    0.010    -3.5218   3157.33   0.1      6.76  45.9  17.07.2025  13:26:35
  3   7  13   9  $12    0.100     9.9167   2336.57   0.0      0.39  21.6  17.07.2025  13:26:39
  3   7  14  10  $12    0.100    10.7424   4872.40   0.0      0.40  81.6  17.07.2025  13:26:41
  3   7  15  11  $12    0.100    11.7216   8837.91   0.0      2.07  14.9  17.07.2025  13:26:43
  3   7  16  12  $12    0.100    13.0024  14935.16   0.4     -1.89 177.7  17.07.2025  13:26:45
  3   7   9   5  $12    0.100    12.8025   2413.21   0.1      5.86  52.2  17.07.2025  13:26:47
  3   7  10   6  $12    0.010     2.4556   3240.10   0.0     -5.53  17.6  17.07.2025  13:26:52
  3   7  12   8  $12    0.010     2.8924   2555.67   0.9     -5.58 314.2  17.07.2025  13:26:54
  4   8   1   5  $12    0.010     2.0518   2707.30   0.9     18.35  97.8  17.07.2025  13:26:56
  4   8   2   6  $12    0.010     3.2903   6202.10   0.0     -2.16  48.6  17.07.2025  13:26:58
  4   8   3   7  $12    0.010     7.7905   3337.43   0.0      1.37  29.3  17.07.2025  13:27:00
  4   8  13   1  $12    0.100    -4.0267    905.65   0.0     96.27   0.2  17.07.2025  13:27:04
  4   8  14   2  $12    0.100   -12.6276   1983.53   0.0      3.74   7.5  17.07.2025  13:27:06
  4   8  15   3  $12    0.010    -3.4506   2544.87   0.0      7.87   2.4  17.07.2025  13:27:11
  4   8  13   9  $12    0.100     8.6085    760.62   0.0    -10.52   1.3  17.07.2025  13:27:14
  4   8  14  10  $12    0.100     9.7584   2299.26   0.0    -14.00   2.6  17.07.2025  13:27:16
  4   8  15  11  $12    0.100    11.7563   5332.26   0.0      0.38  15.4  17.07.2025  13:27:18
  4   8  16  12  $12    0.100    13.9064  10485.21   0.2     -1.33 258.8  17.07.2025  13:27:20
  4   8   9   5  $12    0.100     7.0909    303.77   0.4      9.56  87.8  17.07.2025  13:27:22
  4   8  10   6  $12    0.100    10.2966   1940.86   0.0     10.43   1.4  17.07.2025  13:27:24
  4   8  11   7  $12    0.010     3.1444   4148.88   0.0     -1.65   7.1  17.07.2025  13:27:29
  5   9   6  10  $12    0.010     8.2917   3552.16   0.0     -0.61  71.4  17.07.2025  13:27:31
  5   9   7  11  $12    0.010     2.5413   4790.20   0.1     -4.16  49.4  17.07.2025  13:27:33
  5   9   8  12  $12    0.100    16.0405   2116.49   0.0      1.42  30.2  17.07.2025  13:27:37
  5   9   2   6  $12    0.010    -2.7437   3620.24   0.0     11.53   8.3  17.07.2025  13:27:42
  5   9   3   7  $12    0.100   -12.8155   2415.67   0.0      6.76   0.4  17.07.2025  13:27:46
  5   9   4   8  $12    0.100    -6.9960    299.71   0.1     13.30   1.9  17.07.2025  13:27:48
  5   9   1  13  $12    0.100    10.2331   2571.85   0.0    -18.90   0.1  17.07.2025  13:27:50
  5   9   2  14  $12    0.100     8.8011   1979.45   0.0     -1.01  31.7  17.07.2025  13:27:52
  5   9   3  15  $12    0.100     7.5879   1191.90   0.0     -1.18  15.2  17.07.2025  13:27:54
  5   9   4  16  $12    0.100     6.2230    458.95   0.1     -5.85  23.3  17.07.2025  13:27:56
  5   9  14  10  $12    0.010     4.6585   4116.13   0.0     -3.46   5.0  17.07.2025  13:28:00
  5   9  15  11  $12    0.100     4.7615   1121.91   0.0     -5.07   2.2  17.07.2025  13:28:04
  5   9  16  12  $12    0.100     2.8823   1307.33   0.3    -17.38 106.1  17.07.2025  13:28:06
  6  10   5   9  $12    0.010     8.3158   3562.48   0.0     -0.42 214.8  17.07.2025  13:28:11
  6  10   7  11  $12    0.010     5.6220   2408.47   0.0     -0.98  22.9  17.07.2025  13:28:13
  6  10   8  12  $12    0.010     2.8253   5325.54   0.6     -6.54 280.7  17.07.2025  13:28:15
  6  10   1   5  $12    0.010    -2.4615   2174.88   0.4     38.90  44.0  17.07.2025  13:28:17
  6  10   3   7  $12    0.010    -2.4087   3178.22   0.1      9.46  10.0  17.07.2025  13:28:19
  6  10   4   8  $12    0.100   -10.3215   1945.56   0.0      6.35   3.9  17.07.2025  13:28:23
  6  10   1  13  $12    0.100    10.1288   2278.06   0.0    -50.47   0.6  17.07.2025  13:28:25
  6  10   2  14  $12    0.100     8.5540   2149.84   0.0     -1.91   9.2  17.07.2025  13:28:27
  6  10   3  15  $12    0.100     8.1286   1828.20   0.0     -2.79   7.3  17.07.2025  13:28:29
  6  10   4  16  $12    0.100     7.0482   1107.13   0.0     -6.20  19.4  17.07.2025  13:28:31
  6  10  13   9  $12    0.010     4.7478   6264.63   0.0     -5.04   0.3  17.07.2025  13:28:36
  6  10  15  11  $12    0.010     2.3741   2097.67   0.1     -0.94 116.4  17.07.2025  13:28:38
  6  10  16  12  $12    0.100    11.2387   2648.06   0.0      2.68   8.0  17.07.2025  13:28:42
  7  11   5   9  $12    0.010     2.5404   4788.58   0.0     -4.11  29.7  17.07.2025  13:28:47
  7  11   6  10  $12    0.010     5.6168   2406.25   0.0     -2.00  81.1  17.07.2025  13:28:49
  7  11   8  12  $12    0.010     6.6559   2851.39   0.2      0.50 1564.7  17.07.2025  13:28:51
  7  11   1   5  $12    0.100   -11.6223   2738.43   0.0      3.62  16.2  17.07.2025  13:28:55
  7  11   2   6  $12    0.010    -2.3833   2105.86   0.0      5.82   3.1  17.07.2025  13:29:00
  7  11   4   8  $12    0.010    -3.1032   4094.62   0.2      8.32  45.9  17.07.2025  13:29:02
  7  11   1  13  $12    0.100     7.5347   1183.54   0.0      6.90  13.9  17.07.2025  13:29:05
  7  11   2  14  $12    0.100     7.8061   1755.66   0.0      1.03  85.1  17.07.2025  13:29:08
  7  11   3  15  $12    0.100     8.4111   2113.94   0.0      1.07  23.7  17.07.2025  13:29:10
  7  11   4  16  $12    0.100     7.7927   1752.66   0.1      1.11  79.5  17.07.2025  13:29:12
  7  11  13   9  $12    0.100     6.0200   1134.75   0.0     -3.94  36.2  17.07.2025  13:29:14
  7  11  14  10  $12    0.010     2.4433   3223.92   0.0     -3.55  27.5  17.07.2025  13:29:18
  7  11  16  12  $12    0.010     2.7543   2433.67   0.1     -2.37 241.6  17.07.2025  13:29:21
  8  12   5   9  $12    0.100    16.0699   2120.37   0.0      1.86  28.7  17.07.2025  13:29:25
  8  12   6  10  $12    0.010     2.8904   5448.18   0.0     -0.56 218.3  17.07.2025  13:29:30
  8  12   7  11  $12    0.010     6.5812   2819.40   0.0      0.80 166.2  17.07.2025  13:29:32
  8  12   1   5  $12    0.100    -4.4363   2012.17   0.0      3.15  13.9  17.07.2025  13:29:35
  8  12   2   6  $12    0.100    -8.3027   1956.27   0.0      2.82  11.2  17.07.2025  13:29:37
  8  12   3   7  $12    0.010    -2.9035   2565.42   0.0      8.83   1.3  17.07.2025  13:29:42
  8  12   1  13  $12    0.100     7.4329    548.18   0.0      3.55  15.1  17.07.2025  13:29:46
  8  12   2  14  $12    0.100     8.2205   1291.27   0.0      0.76 103.7  17.07.2025  13:29:48
  8  12   3  15  $12    0.100     9.6094   2161.25   0.0      0.78  27.4  17.07.2025  13:29:50
  8  12  16   4  $12    0.100    -9.5470   2399.42   0.0      1.27  28.2  17.07.2025  13:29:52
  8  12   9  13  $12    0.100    -4.1545    177.98   0.1      2.84  49.5  17.07.2025  13:29:54
  8  12  10  14  $12    0.100   -12.1033   2281.42   0.0      5.66   9.1  17.07.2025  13:29:56
  8  12  11  15  $12    0.010    -2.6517   3498.89   0.0      9.08   1.1  17.07.2025  13:30:00
  9  13  10  14  $12    0.010     9.1768   3931.33   0.0      0.61  93.5  17.07.2025  13:30:02
  9  13  11  15  $12    0.010     2.6030   4906.56   0.1     -1.04 193.2  17.07.2025  13:30:04
  9  13  12  16  $12    0.100    16.2888   2149.26   0.0      0.43  49.2  17.07.2025  13:30:09
  9  13   6  10  $12    0.010    -4.7222   6230.82   0.0      5.31  10.7  17.07.2025  13:30:14
  9  13   7  11  $12    0.100    -5.9609   1123.61   0.0      0.09 242.4  17.07.2025  13:30:17
  9  13   8  12  $12    0.100    -4.1541    177.96   0.8     -8.49  37.7  17.07.2025  13:30:19
  9  13   5   1  $12    0.100    12.5345   9450.77   0.2    -20.64   8.1  17.07.2025  13:30:21
  9  13   6   2  $12    0.100    10.9025   4945.01   0.0      0.25 114.2  17.07.2025  13:30:23
  9  13   7   3  $12    0.100     9.9022   2333.15   0.0      0.14  99.3  17.07.2025  13:30:25
  9  13   8   4  $12    0.100     8.5618    756.50   0.2     -1.20 201.1  17.07.2025  13:30:27
  9  13   2  14  $12    0.010     3.3439   2466.16   0.0      0.36  55.6  17.07.2025  13:30:32
  9  13   3  15  $12    0.100     9.9304   1559.87   0.0      6.39   0.9  17.07.2025  13:30:36
  9  13   4  16  $12    0.100     3.5368    795.46   0.3      1.84 117.7  17.07.2025  13:30:38
 10  14   9  13  $12    0.010     9.1981   3940.46   0.0      1.30  10.9  17.07.2025  13:30:43
 10  14  11  15  $12    0.010     5.7140   2447.87   0.0      2.67   4.0  17.07.2025  13:30:45
 10  14  12  16  $12    0.010     2.8509   5373.89   0.5    -26.10  18.1  17.07.2025  13:30:47
 10  14   5   9  $12    0.010    -4.5995   4064.00   0.5      0.55 1934.5  17.07.2025  13:30:49
 10  14   7  11  $12    0.010    -2.3655   3121.22   0.2     16.64  21.2  17.07.2025  13:30:51
 10  14   8  12  $12    0.100   -11.9957   2261.14   0.0      4.24  14.1  17.07.2025  13:30:55
 10  14   5   1  $12    0.100    12.6341  14512.06   0.0    -36.39   1.9  17.07.2025  13:30:57
 10  14   6   2  $12    0.100    11.1966   8442.04   0.0      2.04  15.3  17.07.2025  13:30:59
 10  14   7   3  $12    0.100    10.7496   4875.66   0.0      0.89  25.5  17.07.2025  13:31:01
 10  14   8   4  $12    0.100     9.7610   2299.88   0.1      4.06  27.2  17.07.2025  13:31:03
 10  14   1  13  $12    0.010     3.2803   2940.84   0.0     21.67   7.1  17.07.2025  13:31:08
 10  14   3  15  $12    0.010     2.2380   1650.51   0.1      3.41  32.5  17.07.2025  13:31:10
 10  14   4  16  $12    0.100     6.6364   1042.45   0.0      1.92  17.6  17.07.2025  13:31:14
 11  15   9  13  $12    0.010     2.6119   4923.35   0.0     -2.52  22.5  17.07.2025  13:31:19
 11  15  10  14  $12    0.010     5.7322   2455.67   0.0     -0.24 808.5  17.07.2025  13:31:20
 11  15  12  16  $12    0.010     8.0576   3451.87   0.8     -6.39  93.1  17.07.2025  13:31:22
 11  15   5   9  $12    0.100    -4.6945   1106.12   0.0      1.88  72.3  17.07.2025  13:31:27
 11  15   6  10  $12    0.010    -2.3422   2069.51   0.0      9.14   7.9  17.07.2025  13:31:32
 11  15   8  12  $12    0.010    -2.6175   3453.76   0.4    -14.67  46.1  17.07.2025  13:31:34
 11  15   5   1  $12    0.100    10.1922  16810.28   0.0      4.99   4.1  17.07.2025  13:31:38
 11  15   6   2  $12    0.100    10.8096  12416.43   0.0      0.76  22.5  17.07.2025  13:31:40
 11  15   7   3  $12    0.100    11.7238   8839.55   0.0      1.17   9.1  17.07.2025  13:31:42
 11  15   8   4  $12    0.100    11.8759   5386.52   0.0      3.74  10.0  17.07.2025  13:31:44
 11  15   1  13  $12    0.100    10.9813  24149.06   0.0      1.53  50.6  17.07.2025  13:31:46
 11  15   2  14  $12    0.100    22.6847   2033.70   0.0      6.54   0.9  17.07.2025  13:31:48
 11  15   4  16  $12    0.010     4.1929   3092.31   0.0     -5.06  13.6  17.07.2025  13:31:53
 12  16   9  13  $12    0.100    16.3170   2152.97   0.0      1.54   8.9  17.07.2025  13:31:57
 12  16  10  14  $12    0.010     2.8745   5418.26   0.0     -2.76  10.8  17.07.2025  13:32:01
 12  16  11  15  $12    0.010     8.0248   3437.80   0.0      0.12  58.3  17.07.2025  13:32:03
 12  16   5   9  $12    0.100    -2.7187   1233.13   0.0      4.20  11.5  17.07.2025  13:32:07
 12  16   6  10  $12    0.100   -11.2282   2645.59   0.0      5.96   8.7  17.07.2025  13:32:09
 12  16   7  11  $12    0.010    -2.6254   2319.74   0.0      9.84   0.7  17.07.2025  13:32:14
 12  16   5   1  $12    0.100    10.0692  22835.22   0.0      3.39   8.0  17.07.2025  13:32:18
 12  16   6   2  $12    0.100    11.2208  18506.80   0.0      1.65  10.8  17.07.2025  13:32:20
 12  16   7   3  $12    0.100    13.0344  14971.94   0.0      2.05   6.1  17.07.2025  13:32:22
 12  16   8   4  $12    0.100    14.1273  10651.70   0.0      3.99  14.4  17.07.2025  13:32:24
 12  16  13   1  $12    0.100    -3.4835    340.70   0.3      6.42  35.4  17.07.2025  13:32:26
 12  16  14   2  $12    0.100    -5.9970  13188.01   0.0      7.17  13.6  17.07.2025  13:32:28
 12  16  15   3  $12    0.010    -4.0347   3617.12   0.0      5.05   0.5  17.07.2025  13:32:32
 13   1  14   2  $12    0.010     6.9640   2388.21   0.0      3.08  17.2  17.07.2025  13:32:34
 13   1  15   3  $12    0.010     2.9743   2255.44   0.1      1.71  62.5  17.07.2025  13:32:36
 13   1  16   4  $12    0.100    15.0296   1931.60   0.0     -0.06 487.8  17.07.2025  13:32:40
 13   1  10  14  $12    0.010    -3.2230   2889.43   0.0     25.66   1.1  17.07.2025  13:32:45
 13   1  11  15  $12    0.100   -10.8213  23797.34   0.0      8.27   0.7  17.07.2025  13:32:49
 13   1  12  16  $12    0.100    -3.3661    329.22   0.2      8.66 108.5  17.07.2025  13:32:51
 13   1   9   5  $12    0.100    10.2348   2572.27   0.3    -12.62  14.8  17.07.2025  13:32:53
 13   1  10   6  $12    0.100    10.0392   2257.92   0.0    -48.68   1.3  17.07.2025  13:32:55
 13   1  11   7  $12    0.100     7.5020   1178.42   0.0      3.65  12.4  17.07.2025  13:32:57
 13   1  12   8  $12    0.100     7.4018    545.89   0.9     -6.23  71.3  17.07.2025  13:32:59
 13   1   6   2  $12    0.010     2.7237   2008.72   0.0     -2.76  27.3  17.07.2025  13:33:04
 13   1   7   3  $12    0.100    11.1647   1753.75   0.0      1.49   1.5  17.07.2025  13:33:08
 13   1   8   4  $12    0.100     4.2205    949.22   0.2     -7.98  23.2  17.07.2025  13:33:10
 14   2  13   1  $12    0.010     6.9778   2392.95   0.0      1.59  33.3  17.07.2025  13:33:15
 14   2  15   3  $12    0.010     6.3928   2192.32   0.0      1.03  44.1  17.07.2025  13:33:17
 14   2  16   4  $12    0.010     2.7157   2059.34   0.6    -15.30  13.4  17.07.2025  13:33:19
 14   2   9  13  $12    0.010    -3.3198   2448.37   0.1      7.19   2.9  17.07.2025  13:33:21
 14   2  11  15  $12    0.010    -2.2642   2029.90   0.3     15.40  36.4  17.07.2025  13:33:23
 14   2  12  16  $12    0.100    -5.9973  13188.65   0.0      5.85   7.1  17.07.2025  13:33:27
 14   2   9   5  $12    0.100     8.8213   1983.99   0.4     -4.27 134.4  17.07.2025  13:33:29
 14   2  10   6  $12    0.100     8.5690   2153.63   0.1     -1.94  49.5  17.07.2025  13:33:31
 14   2  11   7  $12    0.100     7.8250   1759.91   0.0      0.62  90.1  17.07.2025  13:33:33
 14   2  12   8  $12    0.100     8.2051   1288.85   0.4     -1.99 427.2  17.07.2025  13:33:35
 14   2   5   1  $12    0.010     2.7585   2472.98   0.0     -4.14  51.2  17.07.2025  13:33:40
 14   2   7   3  $12    0.010     3.3367   2460.88   0.0     -1.47  99.4  17.07.2025  13:33:42
 14   2   8   4  $12    0.100    12.6016   1979.46   0.0     -0.21   7.9  17.07.2025  13:33:46
 15   3  13   1  $12    0.010     2.9924   2269.15   0.0      3.89  67.4  17.07.2025  13:33:50
 15   3  14   2  $12    0.010     6.3809   2188.24   0.0      1.64  47.8  17.07.2025  13:33:52
 15   3  16   4  $12    0.010     8.5130   2919.42   0.2     -2.33  68.7  17.07.2025  13:33:54
 15   3   9  13  $12    0.100    -9.8896   1553.45   0.0     10.41   0.5  17.07.2025  13:33:58
 15   3  10  14  $12    0.100   -22.0799   1628.41   0.0      8.92   2.5  17.07.2025  13:34:00
 15   3  12  16  $12    0.010    -4.0568   3636.95   0.0      4.19  13.4  17.07.2025  13:34:05
 15   3   9   5  $12    0.100     7.6068   1194.87   0.0      0.04 1590.7  17.07.2025  13:34:09
 15   3  10   6  $12    0.100     8.1332   1829.24   0.0     -1.14  71.3  17.07.2025  13:34:11
 15   3  11   7  $12    0.100     8.4106   2113.83   0.0      0.43  96.7  17.07.2025  13:34:13
 15   3  12   8  $12    0.100     9.6172   2162.99   0.6     -3.48 115.3  17.07.2025  13:34:15
 15   3   5   1  $12    0.100    12.1253  26664.99   0.3      1.97 139.0  17.07.2025  13:34:17
 15   3   6   2  $12    0.010     3.3482   3001.71   0.0     -1.16  27.7  17.07.2025  13:34:22
 15   3   8   4  $12    0.010     3.4537   2547.16   0.0     -0.92 206.8  17.07.2025  13:34:24
 16   4  13   1  $12    0.100    14.9794   1925.15   0.0     26.21   1.8  17.07.2025  13:34:28
 16   4  14   2  $12    0.010     2.7115   2056.20   0.0     -2.66   6.5  17.07.2025  13:34:33
 16   4  15   3  $12    0.010     8.5277   2924.47   0.0      0.83  43.7  17.07.2025  13:34:35
 16   4   9  13  $12    0.100    -3.4885    784.60   0.0     29.99   1.5  17.07.2025  13:34:38
 16   4  10  14  $12    0.100    -6.5495   1028.79   0.0     25.50   3.0  17.07.2025  13:34:40
 16   4  11  15  $12    0.010    -4.1491   3060.00   0.0      5.23   2.2  17.07.2025  13:34:45
 16   4   9   5  $12    0.100     6.2631    461.91   0.0     -8.80   3.1  17.07.2025  13:34:49
 16   4  10   6  $12    0.100     7.1144   1117.53   0.0    -21.45   2.9  17.07.2025  13:34:51
 16   4  11   7  $12    0.100     7.8340   1761.94   0.1      0.17 282.6  17.07.2025  13:34:53
 16   4  12   8  $12    0.100     9.6757   2431.76   0.4      1.85 373.4  17.07.2025  13:34:55
 16   4   5   1  $12    0.100     5.2542    513.88   0.9     63.08   8.6  17.07.2025  13:34:57
 16   4   6   2  $12    0.100    13.2088  29047.65   0.0     -0.16 341.5  17.07.2025  13:34:59
 16   4   7   3  $12    0.010     3.5908   3219.19   0.0     -1.59   6.2  17.07.2025  13:35:04
  1   4   2   3  $12    0.010     4.2063   2642.88   0.0      2.13  20.3  17.07.2025  13:35:06
  2   3   1   4  $12    0.010     4.2269   2655.84   0.1     -3.22  87.5  17.07.2025  13:35:08
  1   2   3   4  $12    0.100   -12.7774   2408.48   0.0     18.23   0.9  17.07.2025  13:35:11
  3   4   1   2  $12    0.100   -12.5878   2372.74   0.2     34.54   9.2  17.07.2025  13:35:14
  5   8   6   7  $12    0.010     3.8362   2410.35   0.0      1.44  19.9  17.07.2025  13:35:18
  6   7   5   8  $12    0.010     3.8596   2425.08   0.0      0.88  34.3  17.07.2025  13:35:20
  5   6   7   8  $12    0.100    -8.0158   1510.95   0.0     -0.87  10.5  17.07.2025  13:35:24
  7   8   5   6  $12    0.100    -7.7339   1457.80   0.0     -3.23  17.1  17.07.2025  13:35:26
  9  12  10  11  $12    0.010     5.9241   3722.22   0.0     -0.75  19.6  17.07.2025  13:35:31
 10  11   9  12  $12    0.010     5.8753   3691.57   0.8      1.26 477.8  17.07.2025  13:35:33
  9  10  11  12  $12    0.100    -9.7093   1830.17   0.0      3.94   2.2  17.07.2025  13:35:37
 11  12   9  10  $12    0.100    -9.9659   1878.52   0.3      5.72 109.9  17.07.2025  13:35:39
 13  16  14  15  $12    0.010     6.2128   3903.63   0.0     -0.54   2.4  17.07.2025  13:35:44
 14  15  13  16  $12    0.010     6.2436   3922.97   0.0     -1.65  12.3  17.07.2025  13:35:46
 13  14  15  16  $12    0.100    -8.6747   1635.14   0.0      9.05   1.0  17.07.2025  13:35:49
  1   9  10   2  $12    0.010    -9.5314   3429.93   0.0     -0.44  22.0  17.07.2025  13:35:54
  1   9  11   3  $12    0.010    -3.4367   2944.56   0.2      8.36  54.9  17.07.2025  13:35:56
  1   9  12   4  $12    0.010    -2.4079   4026.39   0.7    -33.10  15.2  17.07.2025  13:35:58
  2  10   9   1  $12    0.010    -9.5085   3421.68   0.5      4.61  75.8  17.07.2025  13:36:00
  2  10  11   3  $12    0.010    -7.5316   2710.29   0.0      6.37  18.4  17.07.2025  13:36:02
  2  10  12   4  $12    0.010    -4.1643   3567.93   0.7      0.42 2855.3  17.07.2025  13:36:04
  3  11   9   1  $12    0.010    -3.4889   2989.25   0.2     26.27   9.8  17.07.2025  13:36:07
  3  11  10   2  $12    0.010    -7.5667   2722.90   0.0      7.54  28.2  17.07.2025  13:36:09
  3  11  12   4  $12    0.010    -8.2476   2967.95   0.8     -7.71  33.7  17.07.2025  13:36:11
 12   4   9   1  $12    0.010     2.4842   4153.88   0.7    -26.24  22.2  17.07.2025  13:36:13
 12   4  10   2  $12    0.010     4.2956   3680.44   0.2     -7.12  15.5  17.07.2025  13:36:15
 12   4  11   3  $12    0.010     8.3149   2992.17   0.0     -0.39 153.4  17.07.2025  13:36:17
 13   5  14   6  $12    0.010     8.0937   2912.56   0.0      1.61  48.1  17.07.2025  13:36:19
 13   5  15   7  $12    0.010     4.0653   3483.11   0.0     -1.10  38.2  17.07.2025  13:36:21
 13   5  16   8  $12    0.010     2.5624   4284.61   0.0     -3.81  10.5  17.07.2025  13:36:23
 14   6  13   5  $12    0.010     8.1286   2925.12   0.0      1.83   4.5  17.07.2025  13:36:25
 14   6  15   7  $12    0.010     6.5833   2369.05   0.0      0.17 162.1  17.07.2025  13:36:27
 14   6  16   8  $12    0.010     3.4003   2913.33   0.0     -2.49   9.0  17.07.2025  13:36:29
 15   7  13   5  $12    0.010     4.0613   3479.70   0.0      0.65  36.6  17.07.2025  13:36:31
 15   7  14   6  $12    0.010     6.5594   2360.45   0.0      0.87  13.3  17.07.2025  13:36:33
 15   7  16   8  $12    0.010     9.3068   3349.08   0.0      0.11 162.1  17.07.2025  13:36:35
 16   8  13   5  $12    0.010     2.5667   4291.81   0.0     -2.31  13.5  17.07.2025  13:36:37
 16   8  14   6  $12    0.010     3.4026   2915.33   0.0     -2.57   6.3  17.07.2025  13:36:39
 16   8  15   7  $12    0.010     9.3012   3347.10   0.0      0.17  84.9  17.07.2025  13:36:41
  1   2   5   6  $12    1.000     9.4500   1781.29   0.6   -213.75   0.9  17.07.2025  13:36:46
  2   3   6   7  $12    1.000     6.7032   1263.52   0.0      2.59  12.1  17.07.2025  13:36:48
  3   4   7   8  $12    1.000     6.3538   1197.66   0.0     -1.59   8.8  17.07.2025  13:36:50
  1   2   9  10  $12    1.000     9.4506  14963.66   0.4   -294.49   0.5  17.07.2025  13:36:52
  2   3  10  11  $12   10.000    16.6864   2642.06   0.0    -50.81   0.6  17.07.2025  13:36:56
  3   4  11  12  $12    1.000     6.0231   9536.76   0.9  -1092.15   0.0  17.07.2025  13:37:02
  1   2  13  14  $12    1.000    14.5725  78559.89   0.5   -125.08   2.0  17.07.2025  13:37:05
  2   3  14  15  $12    1.000    12.1203  65340.25   0.0     -0.35  86.6  17.07.2025  13:37:07
  3   4  15  16  $12    1.000     9.1852  49516.90   0.0     15.05   1.2  17.07.2025  13:37:09
  5   6   9  10  $12    1.000     5.9824   1127.66   0.0    -32.28   0.5  17.07.2025  13:37:11
  6   7  10  11  $12    1.000     5.1647    973.53   0.1    -15.23   9.9  17.07.2025  13:37:13
  7   8  11  12  $12    1.000     2.2025    415.17   0.9     25.19  14.7  17.07.2025  13:37:15
  5   6  13  14  $12   10.000     6.4999   1029.17   0.7    -26.55   3.1  17.07.2025  13:37:19
  6   7  14  15  $12   10.000    19.9548   3159.58   0.0      1.32   4.9  17.07.2025  13:37:21
  7   8  15  16  $12   10.000    16.9447   2682.95   0.0      3.94   2.2  17.07.2025  13:37:23
  9  10  13  14  $12    1.000     5.1921    978.69   0.0      3.79  17.0  17.07.2025  13:37:28
 10  11  14  15  $12    1.000     6.6764   1258.46   0.0     18.76   1.1  17.07.2025  13:37:30
 11  12  15  16  $12    1.000     2.0201    380.78   0.0     -5.68   6.1  17.07.2025  13:37:32
  1   2   6   7  $12    1.000     5.4902   2069.77   0.8     71.43  13.0  17.07.2025  13:37:35
  2   3   7   8  $12    1.000     7.5021   2828.22   0.0      1.09   9.1  17.07.2025  13:37:37
  1   2   7   8  $12    0.100     0.5388   3554.56   0.0     45.25   0.7  17.07.2025  13:37:42
  2   3   7   8  $12    1.000     7.5127   2832.22   0.0      1.35   6.6  17.07.2025  13:37:46
  1   2  10  11  $12    0.100    -1.5740  35602.00   0.0   -554.30   0.2  17.07.2025  13:37:51
  2   3  11  12  $12   10.000     6.1889   1399.89   0.0      5.99   3.7  17.07.2025  13:37:57
  1   2  11  12  $12    0.100     0.0844   2624.54   0.9   -569.98   1.5  17.07.2025  13:38:05
  2   3  11  12  $12   10.000     6.1687   1395.33   0.0      6.33   0.9  17.07.2025  13:38:11
  1   2  14  15  $12    0.100     0.9053  62115.02   0.0     24.46   1.1  17.07.2025  13:38:19
  2   3  15  16  $12    1.000     8.8202  60517.61   0.0      4.11   0.1  17.07.2025  13:38:23
  1   2  15  16  $12    0.100     0.6057  51950.35   0.0   -136.63   0.5  17.07.2025  13:38:29
  2   3  15  16  $12    1.000     8.8240  60543.63   0.0      4.32   2.0  17.07.2025  13:38:32
  5   6  10  11  $12    1.000     4.1562   1566.85   0.0    105.44   1.0  17.07.2025  13:38:34
  6   7  11  12  $12   10.000    19.1848    723.25   0.0      3.88   5.4  17.07.2025  13:38:38
  5   6  11  12  $12   10.000    13.6279    899.08   1.0    -31.08  36.5  17.07.2025  13:38:44
  6   7  11  12  $12   10.000    19.1901    723.45   0.0      2.50   1.5  17.07.2025  13:38:46
  5   6  14  15  $12   10.000    10.6054   2398.89   0.2    -10.43  41.2  17.07.2025  13:38:48
  6   7  15  16  $12   10.000    12.1120   2739.67   0.0     11.65   3.1  17.07.2025  13:38:50
  5   6  15  16  $12   10.000     8.4618   2631.76   0.0    -31.75   1.4  17.07.2025  13:38:52
  6   7  15  16  $12   10.000    12.0952   2735.88   0.0     10.83   0.6  17.07.2025  13:38:54
  9  10  14  15  $12    1.000     8.4454   3183.83   0.1     -3.86  48.3  17.07.2025  13:39:00
 10  11  15  16  $12    1.000     4.1433   1561.99   0.0    -56.26   0.3  17.07.2025  13:39:02
  9  10  15  16  $12    1.000     3.7254   2457.78   0.0     11.72   3.4  17.07.2025  13:39:04
 10  11  15  16  $12    1.000     4.1727   1573.09   0.0    -60.76   0.4  17.07.2025  13:39:06
