//C:\Users\user\Desktop\GeoTom\GeoTomE724.ini
//- Cable direction:
//  cable I: normal
//  cable II: normal
//  cable III: normal
//  cable IV: normal
//- Cable arrangement: sequential
//- Optimization: Last measurement
//- Sorting: Multi-level
//- Current levels: 0.001 mA .. 50.0 mA
Type:         Flow
Name:         Hyprop
Comment:      Example of a measurements sequence
Comment:      
Comment:      
Spacing:      1.00000
First El:     0.00000
Nr of points: 289
IP present:   1

  1   5   2   6  $12    0.010     6.2604   2681.97   0.0      5.61   0.6  18.07.2025  16:25:05
  1   5   3   7  $12    0.010     3.0294   5710.33   0.0     -0.38 106.5  18.07.2025  16:25:08
  1   5   4   8  $12    0.100    18.5109   2442.46   0.0    -32.16   0.5  18.07.2025  16:25:11
  1   5  14   2  $12    0.100   -20.0153   1794.38   0.0      3.96   3.2  18.07.2025  16:25:13
  1   5  15   3  $12    0.100    -9.6432  21206.59   0.0     -3.96   6.5  18.07.2025  16:25:16
  1   5  16   4  $12    0.100    -5.0181    490.79   0.0   -112.83   0.4  18.07.2025  16:25:18
  1   5  13   9  $12    0.100    12.6556   9542.10   0.0     62.44   0.5  18.07.2025  16:25:20
  1   5  14  10  $12    0.100    10.7105  12302.61   0.0    148.64   0.4  18.07.2025  16:25:22
  1   5  15  11  $12    0.100    10.0629  16597.15   0.0     -1.50   3.1  18.07.2025  16:25:24
  1   5  16  12  $12    0.100     9.8606  22362.22   0.0     -3.41   1.9  18.07.2025  16:25:26
  1   5  10   6  $12    0.010     3.1404   2774.80   0.3    -46.60   4.2  18.07.2025  16:25:31
  1   5  11   7  $12    0.100    10.2792   2421.97   0.0      8.64   0.6  18.07.2025  16:25:34
  1   5  12   8  $12    0.100     3.5997   1632.70   0.0      5.95   3.0  18.07.2025  16:25:36
  2   6   1   5  $12    0.010     6.2536   2679.03   0.0      2.24  36.3  18.07.2025  16:25:41
  2   6   3   7  $12    0.010     7.9712   3414.85   0.0      1.39  83.2  18.07.2025  16:25:43
  2   6   4   8  $12    0.010     3.6062   6797.54   0.1     -5.04  59.0  18.07.2025  16:25:45
  2   6  13   1  $12    0.010    -2.0184   1488.58   0.4     -1.56  72.2  18.07.2025  16:25:47
  2   6  15   3  $12    0.010    -4.5605   4088.48   0.0      7.36  10.8  18.07.2025  16:25:49
  2   6  16   4  $12    0.100   -18.1396  39891.09   0.0      3.03   2.0  18.07.2025  16:25:53
  2   6  13   9  $12    0.100    12.6042   5716.85   0.0      2.36  20.5  18.07.2025  16:25:55
  2   6  14  10  $12    0.100    12.4737   9404.92   0.0      2.40  29.4  18.07.2025  16:25:57
  2   6  15  11  $12    0.100    11.4236  13121.64   0.0      1.59   1.0  18.07.2025  16:25:59
  2   6  16  12  $12    0.100    12.0988  19955.03   0.0      2.06   1.5  18.07.2025  16:26:01
  2   6   9   5  $12    0.010     3.0171   3980.92   0.0     -0.14 104.1  18.07.2025  16:26:06
  2   6  11   7  $12    0.010     2.1316   1883.40   0.1     -4.40  71.6  18.07.2025  16:26:08
  2   6  12   8  $12    0.100     5.6777   1337.77   0.0     -1.82   2.8  18.07.2025  16:26:12
  3   7   1   5  $12    0.010     3.0441   5737.92   0.0      1.35  49.7  18.07.2025  16:26:17
  3   7   2   6  $12    0.010     7.8911   3380.56   0.0      1.25  10.2  18.07.2025  16:26:19
  3   7   4   8  $12    0.010     8.7644   3754.67   0.0     -0.35 154.1  18.07.2025  16:26:21
  3   7  13   1  $12    0.100    -8.8366   1388.05   0.0     12.94   1.3  18.07.2025  16:26:25
  3   7  14   2  $12    0.010    -4.5037   3321.49   0.0      6.29   3.9  18.07.2025  16:26:30
  3   7  16   4  $12    0.010    -3.8309   3434.46   0.0      4.80   8.3  18.07.2025  16:26:32
  3   7  13   9  $12    0.100    10.9065   2569.77   0.0     -3.70   9.2  18.07.2025  16:26:35
  3   7  14  10  $12    0.100    11.3586   5151.89   0.0     -9.91   6.1  18.07.2025  16:26:37
  3   7  15  11  $12    0.100    12.0737   9103.38   0.0      1.98   3.7  18.07.2025  16:26:39
  3   7  16  12  $12    0.100    13.4978  15504.22   0.0      1.95   0.2  18.07.2025  16:26:42
  3   7   9   5  $12    0.100    10.4762   1974.71   0.0      5.10   4.1  18.07.2025  16:26:44
  3   7  10   6  $12    0.100    21.9959   2902.30   0.0      4.85   5.0  18.07.2025  16:26:46
  3   7  12   8  $12    0.010     3.5687   3153.24   0.0     -0.90  15.9  18.07.2025  16:26:50
  4   8   1   5  $12    0.100    18.6998   2467.39   0.0    -30.13   0.6  18.07.2025  16:26:54
  4   8   2   6  $12    0.010     3.6003   6786.48   0.0     -0.81  16.6  18.07.2025  16:26:59
  4   8   3   7  $12    0.010     8.7209   3736.02   0.0      3.12   6.6  18.07.2025  16:27:01
  4   8  13   1  $12    0.100    -2.6889    604.77   0.0    155.43   0.2  18.07.2025  16:27:05
  4   8  14   2  $12    0.100   -16.3728   2571.83   0.0      6.11   1.2  18.07.2025  16:27:07
  4   8  15   3  $12    0.010    -3.6421   2686.10   0.0     11.36   0.3  18.07.2025  16:27:12
  4   8  13   9  $12    0.100    10.8529    958.93   0.0    -89.18   0.2  18.07.2025  16:27:16
  4   8  14  10  $12    0.100    13.1127   3089.61   0.0   -156.22   0.2  18.07.2025  16:27:18
  4   8  15  11  $12    0.100    12.5276   5682.12   0.0      1.16   3.6  18.07.2025  16:27:20
  4   8  16  12  $12    0.100    14.8831  11221.61   0.0      2.49   1.8  18.07.2025  16:27:22
  4   8   9   5  $12    0.100     5.1026    218.60   0.0    -11.30   1.2  18.07.2025  16:27:24
  4   8  10   6  $12    0.100     6.3377   1194.62   0.0    304.54   0.1  18.07.2025  16:27:26
  4   8  11   7  $12    0.010     3.7980   5011.36   0.0     -0.62   2.0  18.07.2025  16:27:31
  5   9   6  10  $12    0.010    13.5048   5785.46   0.0     -2.83  34.7  18.07.2025  16:27:33
  5   9   7  11  $12    0.010     2.1096   3976.48   0.0      1.95  20.6  18.07.2025  16:27:35
  5   9   8  12  $12    0.100    13.0812   1726.02   0.0      1.91   2.2  18.07.2025  16:27:39
  5   9   2   6  $12    0.010    -2.9447   3885.47   0.0     10.29   0.8  18.07.2025  16:27:43
  5   9   3   7  $12    0.100   -10.4940   1978.08   0.0      5.86   0.4  18.07.2025  16:27:47
  5   9   4   8  $12    0.100    -4.9856    213.58   0.0     16.12   7.0  18.07.2025  16:27:49
  5   9   1  13  $12    0.100     9.2528   2325.47   0.0      3.32  11.9  18.07.2025  16:27:51
  5   9   2  14  $12    0.100     7.9357   1784.81   0.0     -3.41   6.7  18.07.2025  16:27:53
  5   9   3  15  $12    0.100     6.4910   1019.60   0.0     -1.27  17.1  18.07.2025  16:27:55
  5   9   4  16  $12    0.100     5.5811    411.61   0.0     -3.78  38.0  18.07.2025  16:27:57
  5   9  14  10  $12    0.010     9.7461   8611.42   0.0     -2.31  34.2  18.07.2025  16:28:02
  5   9  15  11  $12    0.100     3.8105    897.83   0.0     -7.14   2.4  18.07.2025  16:28:06
  5   9  16  12  $12    0.100     2.5832   1171.68   0.0     -5.74   0.9  18.07.2025  16:28:08
  6  10   5   9  $12    0.010    13.6259   5837.34   0.0      0.46  43.5  18.07.2025  16:28:13
  6  10   7  11  $12    0.010     4.5482   1948.44   0.0     -7.26  25.2  18.07.2025  16:28:15
  6  10   8  12  $12    0.010     2.3429   4416.18   0.0     -3.91   5.7  18.07.2025  16:28:17
  6  10   1   5  $12    0.010    -3.1160   2753.19   0.3    -42.37   5.8  18.07.2025  16:28:19
  6  10   3   7  $12    0.010    -2.2067   2911.71   0.4     -2.31  56.8  18.07.2025  16:28:21
  6  10   4   8  $12    0.100    -5.7280   1079.71   0.0    317.85   0.1  18.07.2025  16:28:25
  6  10   1  13  $12    0.100    10.2018   2294.48   0.0   -102.61   0.0  18.07.2025  16:28:27
  6  10   2  14  $12    0.100     7.9929   2008.84   0.0    -22.99   5.4  18.07.2025  16:28:29
  6  10   3  15  $12    0.100     7.3605   1655.46   0.0    -41.56   0.2  18.07.2025  16:28:31
  6  10   4  16  $12    0.100     9.2247   1449.01   0.0   -200.81   0.3  18.07.2025  16:28:33
  6  10  13   9  $12    0.010     9.5414  12589.63   0.0     23.81   0.8  18.07.2025  16:28:38
  6  10  15  11  $12    0.100    15.7652   1392.97   0.0     -1.20   4.3  18.07.2025  16:28:42
  6  10  16  12  $12    0.100     8.0035   1885.78   0.0     -9.05   2.5  18.07.2025  16:28:44
  7  11   5   9  $12    0.100    20.9031   3940.14   0.0      4.16   0.9  18.07.2025  16:28:46
  7  11   6  10  $12    0.010     4.5312   1941.18   0.0     -4.87  13.5  18.07.2025  16:28:51
  7  11   8  12  $12    0.010     7.3441   3146.19   0.1      7.81   5.8  18.07.2025  16:28:53
  7  11   1   5  $12    0.100   -10.3227   2432.24   0.0      9.60   3.1  18.07.2025  16:28:56
  7  11   2   6  $12    0.100   -21.0937   1863.79   0.0      2.87   1.2  18.07.2025  16:28:58
  7  11   4   8  $12    0.010    -3.8001   5014.14   0.0      6.48  15.5  18.07.2025  16:29:03
  7  11   1  13  $12    0.100     7.1964   1130.40   0.0      4.80   2.0  18.07.2025  16:29:07
  7  11   2  14  $12    0.100     8.4917   1909.87   0.0     -1.10   9.7  18.07.2025  16:29:09
  7  11   3  15  $12    0.100     9.3723   2355.51   0.0      0.26  62.3  18.07.2025  16:29:11
  7  11   4  16  $12    0.100     8.4653   1903.93   0.0      5.69   5.7  18.07.2025  16:29:13
  7  11  13   9  $12    0.100     3.4177    644.22   0.1    -15.45   4.8  18.07.2025  16:29:15
  7  11  14  10  $12    0.100    15.6862   2069.75   0.0      2.42   7.5  18.07.2025  16:29:17
  7  11  16  12  $12    0.010     2.7010   2386.53   0.0     -1.52   5.9  18.07.2025  16:29:22
  8  12   5   9  $12    0.100    13.2200   1744.34   0.0      2.79   1.2  18.07.2025  16:29:26
  8  12   6  10  $12    0.010     2.3468   4423.55   0.1     -3.72 117.3  18.07.2025  16:29:31
  8  12   7  11  $12    0.010     7.3324   3141.21   0.0     -0.76  59.0  18.07.2025  16:29:33
  8  12   1   5  $12    0.100    -3.6199   1641.88   0.0     14.04  12.1  18.07.2025  16:29:37
  8  12   2   6  $12    0.100    -5.5776   1314.19   0.0      4.17   2.7  18.07.2025  16:29:39
  8  12   3   7  $12    0.010    -3.4973   3090.08   0.0      7.13   2.5  18.07.2025  16:29:44
  8  12   1  13  $12    0.100     6.8600    505.93   0.0      4.28   7.4  18.07.2025  16:29:47
  8  12   2  14  $12    0.100     9.2943   1459.94   0.0      0.52  56.5  18.07.2025  16:29:49
  8  12   3  15  $12    0.100    10.9064   2452.96   0.0      1.97   2.4  18.07.2025  16:29:51
  8  12  16   4  $12    0.100   -10.3376   2598.13   0.0      5.70   7.8  18.07.2025  16:29:53
  8  12   9  13  $12    0.100    -2.7078    116.00   0.1    -14.81   2.7  18.07.2025  16:29:56
  8  12  10  14  $12    0.100    -8.3458   1573.14   0.0      4.56   4.8  18.07.2025  16:29:58
  8  12  11  15  $12    0.010    -2.6813   3537.88   0.0     10.34   0.7  18.07.2025  16:30:03
  9  13  10  14  $12    0.010    14.4618   6195.43   0.0     12.26   8.9  18.07.2025  16:30:05
  9  13  11  15  $12    0.010     2.3627   4453.67   0.0      0.95  55.3  18.07.2025  16:30:07
  9  13  12  16  $12    0.100    16.0039   2111.66   0.0      0.30  11.7  18.07.2025  16:30:10
  9  13   6  10  $12    0.010    -9.4274  12439.12   0.0     21.00   5.4  18.07.2025  16:30:15
  9  13   7  11  $12    0.100    -3.3584    633.05   0.0    -15.92   0.8  18.07.2025  16:30:19
  9  13   8  12  $12    0.100    -2.6748    114.59   0.0     -1.05  15.1  18.07.2025  16:30:21
  9  13   5   1  $12    0.100    12.8515   9689.79   0.0     54.26   0.1  18.07.2025  16:30:23
  9  13   6   2  $12    0.100    12.5310   5683.64   0.0      1.15   8.7  18.07.2025  16:30:25
  9  13   7   3  $12    0.100    10.8334   2552.56   0.0     -3.36   1.7  18.07.2025  16:30:27
  9  13   8   4  $12    0.100    10.7368    948.67   0.0    -65.92   0.6  18.07.2025  16:30:29
  9  13   2  14  $12    0.010     3.8326   2826.60   0.0      5.60   2.1  18.07.2025  16:30:34
  9  13   3  15  $12    0.100     9.1081   1430.70   0.0     16.12   0.2  18.07.2025  16:30:38
  9  13   4  16  $12    0.100     2.5473    572.92   0.1    279.01   0.6  18.07.2025  16:30:40
 10  14   9  13  $12    0.010    14.6170   6261.91   0.0     16.76   1.1  18.07.2025  16:30:45
 10  14  11  15  $12    0.010     4.3908   1881.02   0.1     -6.17  39.8  18.07.2025  16:30:47
 10  14  12  16  $12    0.010     2.4770   4668.94   0.0     -1.63  36.5  18.07.2025  16:30:49
 10  14   5   9  $12    0.010    -9.8097   8667.61   0.0     -2.75  13.5  18.07.2025  16:30:51
 10  14   7  11  $12    0.100   -15.4402   2037.28   0.0     -8.16   0.4  18.07.2025  16:30:55
 10  14   8  12  $12    0.100    -8.1215   1530.87   0.0     -3.73   0.4  18.07.2025  16:30:57
 10  14   5   1  $12    0.100    10.5212  12085.13   0.0    178.84   0.1  18.07.2025  16:30:59
 10  14   6   2  $12    0.100    12.4673   9400.14   0.0      1.85   3.2  18.07.2025  16:31:01
 10  14   7   3  $12    0.100    11.4247   5181.85   0.0    -10.63   1.0  18.07.2025  16:31:03
 10  14   8   4  $12    0.100    13.5072   3182.56   0.0   -145.41   0.0  18.07.2025  16:31:05
 10  14   1  13  $12    0.010     3.6836   3302.39   0.0     22.79   1.3  18.07.2025  16:31:10
 10  14   3  15  $12    0.100    16.9528   1250.28   0.0     20.57   0.3  18.07.2025  16:31:14
 10  14   4  16  $12    0.100     2.8030    440.30   0.0    680.25   0.1  18.07.2025  16:31:16
 11  15   9  13  $12    0.010     2.3786   4483.57   0.1     -7.66   8.1  18.07.2025  16:31:21
 11  15  10  14  $12    0.010     4.5383   1944.20   0.3     -9.84  13.4  18.07.2025  16:31:23
 11  15  12  16  $12    0.010     8.5508   3663.13   0.0     -5.41   2.4  18.07.2025  16:31:25
 11  15   5   9  $12    0.100    -3.8572    908.84   0.0      6.02   2.5  18.07.2025  16:31:29
 11  15   6  10  $12    0.100   -15.9625   1410.40   0.0      1.11  60.3  18.07.2025  16:31:31
 11  15   8  12  $12    0.010    -2.6828   3539.84   0.0      8.44   1.3  18.07.2025  16:31:35
 11  15   5   1  $12    0.100    10.0917  16644.61   0.0     -0.11 223.3  18.07.2025  16:31:39
 11  15   6   2  $12    0.100    11.4293  13128.19   0.0      1.27   9.1  18.07.2025  16:31:41
 11  15   7   3  $12    0.100    12.0866   9113.05   0.0      0.54   7.8  18.07.2025  16:31:43
 11  15   8   4  $12    0.100    12.6149   5721.73   0.0      1.97   6.2  18.07.2025  16:31:45
 11  15   1  13  $12    0.100     9.4995  20890.54   0.0      5.71   2.2  18.07.2025  16:31:47
 11  15   2  14  $12    0.100    16.5948   1487.73   0.0      6.99   1.2  18.07.2025  16:31:49
 11  15   4  16  $12    0.010     4.5688   3369.49   0.0     -4.65  19.6  18.07.2025  16:31:54
 12  16   9  13  $12    0.100    16.1233   2127.42   0.0      0.40  13.9  18.07.2025  16:31:58
 12  16  10  14  $12    0.010     2.5041   4720.06   0.1     -3.25  91.5  18.07.2025  16:32:03
 12  16  11  15  $12    0.010     8.5387   3657.96   0.0     -0.25 172.1  18.07.2025  16:32:05
 12  16   5   9  $12    0.100    -2.6165   1186.76   0.0     10.32   1.5  18.07.2025  16:32:09
 12  16   6  10  $12    0.100    -8.0871   1905.48   0.0     10.49   4.4  18.07.2025  16:32:11
 12  16   7  11  $12    0.010    -2.6564   2347.11   0.0      9.80   0.6  18.07.2025  16:32:16
 12  16   5   1  $12    0.100     9.8730  22390.38   0.0      0.62  26.3  18.07.2025  16:32:19
 12  16   6   2  $12    0.100    12.0940  19947.03   0.0      1.01  17.9  18.07.2025  16:32:21
 12  16   7   3  $12    0.100    13.5007  15507.51   0.0      1.62   2.4  18.07.2025  16:32:24
 12  16   8   4  $12    0.100    15.0276  11330.51   0.0      1.92   4.5  18.07.2025  16:32:26
 12  16  13   1  $12    0.100    -3.6105    353.12   0.0      5.04  22.0  18.07.2025  16:32:28
 12  16  14   2  $12    0.100    -4.3795   9631.09   0.0      8.76   2.0  18.07.2025  16:32:30
 12  16  15   3  $12    0.010    -4.4460   3985.81   0.0      4.39   2.1  18.07.2025  16:32:34
 13   1  14   2  $12    0.010     6.6872   2293.28   0.0      5.52   4.5  18.07.2025  16:32:36
 13   1  15   3  $12    0.010     2.5722   1950.52   0.0     -0.12 226.5  18.07.2025  16:32:39
 13   1  16   4  $12    0.100    13.1477   1689.73   0.0     14.66   2.0  18.07.2025  16:32:42
 13   1  10  14  $12    0.010    -3.7125   3328.30   0.1     26.88   9.4  18.07.2025  16:32:47
 13   1  11  15  $12    0.100    -9.4202  20716.08   0.0      6.61   0.8  18.07.2025  16:32:51
 13   1  12  16  $12    0.100    -3.5877    350.89   0.0      6.25   1.2  18.07.2025  16:32:53
 13   1   9   5  $12    0.100     9.2361   2321.28   0.0      0.88  13.0  18.07.2025  16:32:55
 13   1  10   6  $12    0.100     9.3522   2103.40   0.0    -43.90   2.8  18.07.2025  16:32:57
 13   1  11   7  $12    0.100     7.1676   1125.89   0.0      0.83  35.6  18.07.2025  16:32:59
 13   1  12   8  $12    0.100     6.8179    502.83   0.0      1.23   3.0  18.07.2025  16:33:01
 13   1   6   2  $12    0.100    19.6113   1446.35   0.0      5.29   0.6  18.07.2025  16:33:03
 13   1   7   3  $12    0.100     8.6418   1357.46   0.0      2.58   3.9  18.07.2025  16:33:05
 13   1   8   4  $12    0.100     2.7516    618.86   0.0     55.51   2.4  18.07.2025  16:33:07
 14   2  13   1  $12    0.010     6.6984   2297.13   0.0      2.96  15.6  18.07.2025  16:33:12
 14   2  15   3  $12    0.010     7.0545   2419.24   0.0      1.21  16.8  18.07.2025  16:33:14
 14   2  16   4  $12    0.010     3.0389   2304.47   0.0      3.37  22.1  18.07.2025  16:33:16
 14   2   9  13  $12    0.010    -3.8324   2826.39   0.0     16.78   9.4  18.07.2025  16:33:18
 14   2  11  15  $12    0.100   -16.6467   1492.38   0.0      6.94   1.5  18.07.2025  16:33:22
 14   2  12  16  $12    0.100    -4.3907   9655.63   0.0      5.82   1.3  18.07.2025  16:33:24
 14   2   9   5  $12    0.100     7.9387   1785.49   0.0      0.66   6.6  18.07.2025  16:33:26
 14   2  10   6  $12    0.100     7.9282   1992.56   0.0    -12.83   0.5  18.07.2025  16:33:28
 14   2  11   7  $12    0.100     8.5034   1912.49   0.0     -0.32  20.4  18.07.2025  16:33:30
 14   2  12   8  $12    0.100     9.2950   1460.05   0.0      0.81   5.4  18.07.2025  16:33:32
 14   2   5   1  $12    0.100    20.4415   1832.59   0.0      7.07   0.4  18.07.2025  16:33:34
 14   2   7   3  $12    0.010     4.5510   3356.38   0.0     -1.58   9.7  18.07.2025  16:33:39
 14   2   8   4  $12    0.100    16.4253   2580.07   0.0      4.12  11.6  18.07.2025  16:33:43
 15   3  13   1  $12    0.010     2.5709   1949.53   0.0      2.99  26.8  18.07.2025  16:33:48
 15   3  14   2  $12    0.010     7.0601   2421.18   0.0      0.51  11.1  18.07.2025  16:33:50
 15   3  16   4  $12    0.010     9.2082   3157.84   0.0     -0.23 256.5  18.07.2025  16:33:52
 15   3   9  13  $12    0.100    -9.1130   1431.46   0.0     18.62   0.8  18.07.2025  16:33:56
 15   3  10  14  $12    0.100   -16.9270   1248.38   0.0     16.41   3.3  18.07.2025  16:33:58
 15   3  12  16  $12    0.010    -4.4512   3990.51   0.0      5.15   1.6  18.07.2025  16:34:03
 15   3   9   5  $12    0.100     6.5303   1025.78   0.0     -1.01   5.2  18.07.2025  16:34:06
 15   3  10   6  $12    0.100     7.2366   1627.59   0.0    -24.63   4.4  18.07.2025  16:34:08
 15   3  11   7  $12    0.100     9.3712   2355.24   0.0     -0.29  30.7  18.07.2025  16:34:10
 15   3  12   8  $12    0.100    10.9008   2451.68   0.0      1.35   3.3  18.07.2025  16:34:12
 15   3   5   1  $12    0.100     9.8540  21670.05   0.0      0.61  75.4  18.07.2025  16:34:15
 15   3   6   2  $12    0.010     4.6271   4148.18   0.0     -0.51  11.0  18.07.2025  16:34:19
 15   3   8   4  $12    0.010     3.6772   2711.97   0.0      3.76  50.4  18.07.2025  16:34:21
 16   4  13   1  $12    0.100    13.1645   1691.90   0.0     26.60   0.8  18.07.2025  16:34:25
 16   4  14   2  $12    0.010     3.0292   2297.09   0.0      0.69  19.0  18.07.2025  16:34:30
 16   4  15   3  $12    0.010     9.2337   3166.56   0.0      1.99   3.2  18.07.2025  16:34:32
 16   4   9  13  $12    0.100    -2.5569    575.06   0.3    373.55   0.5  18.07.2025  16:34:36
 16   4  10  14  $12    0.100    -3.0582    480.38   0.3    684.85   0.5  18.07.2025  16:34:38
 16   4  11  15  $12    0.010    -4.4941   3314.47   0.0      6.84   0.9  18.07.2025  16:34:43
 16   4   9   5  $12    0.100     5.3270    392.87   0.0     20.90   0.6  18.07.2025  16:34:47
 16   4  10   6  $12    0.100     8.8034   1382.83   0.0   -229.98   0.1  18.07.2025  16:34:49
 16   4  11   7  $12    0.100     8.4685   1904.64   0.0      6.24   4.4  18.07.2025  16:34:51
 16   4  12   8  $12    0.100    10.4644   2629.99   0.0      1.47   1.5  18.07.2025  16:34:53
 16   4   5   1  $12    0.100     5.2895    517.33   0.0   -142.22   0.5  18.07.2025  16:34:55
 16   4   6   2  $12    0.100    18.1894  40000.64   0.0     -0.69  28.8  18.07.2025  16:34:57
 16   4   7   3  $12    0.010     3.8789   3477.48   0.0      1.83   4.1  18.07.2025  16:35:02
  1   4   2   3  $12    0.010     3.7116   2332.04   0.0      5.07   4.1  18.07.2025  16:35:04
  2   3   1   4  $12    0.010     3.7593   2362.07   0.0     -2.72  23.1  18.07.2025  16:35:06
  1   2   3   4  $12    0.010    -2.0978   3954.20   0.0      9.11   5.3  18.07.2025  16:35:08
  3   4   1   2  $12    0.010    -2.1695   4089.40   0.1     16.29  18.7  18.07.2025  16:35:10
  5   8   6   7  $12    0.010     5.3444   3357.98   0.0      2.41   8.0  18.07.2025  16:35:12
  6   7   5   8  $12    0.010     5.3584   3366.81   0.0      1.85  30.7  18.07.2025  16:35:14
  5   6   7   8  $12    0.100    -7.8099   1472.13   0.0     -2.02   2.1  18.07.2025  16:35:18
  7   8   5   6  $12    0.100    -7.5423   1421.69   0.0      3.44  31.3  18.07.2025  16:35:20
  9  12  10  11  $12    0.010    11.2309   7056.59   0.0     15.13   4.2  18.07.2025  16:35:25
 10  11   9  12  $12    0.010    11.2575   7073.30   0.0     18.51   4.3  18.07.2025  16:35:27
  9  10  11  12  $12    0.100    -6.4452   1214.89   0.0     -1.20   4.2  18.07.2025  16:35:30
 11  12   9  10  $12    0.100    -6.4268   1211.43   0.4     -1.39 208.0  18.07.2025  16:35:32
 13  16  14  15  $12    0.010     7.3491   4617.56   0.0      1.19   2.1  18.07.2025  16:35:37
 14  15  13  16  $12    0.010     7.3846   4639.86   0.0     -1.49   3.9  18.07.2025  16:35:39
 13  14  15  16  $12    0.100    -5.5091   1038.45   0.0     10.90   1.6  18.07.2025  16:35:43
  1   9  10   2  $12    0.010   -13.5751   4885.06   0.0     16.42   0.8  18.07.2025  16:35:48
  1   9  11   3  $12    0.010    -2.9723   2546.66   0.1     -1.85 106.5  18.07.2025  16:35:50
  1   9  12   4  $12    0.010    -2.2907   3830.44   0.0     -3.99  30.1  18.07.2025  16:35:52
  2  10   9   1  $12    0.010   -13.5990   4893.68   0.0     14.59   0.6  18.07.2025  16:35:54
  2  10  11   3  $12    0.010    -8.0574   2899.51   0.0      3.46   6.5  18.07.2025  16:35:56
  2  10  12   4  $12    0.010    -4.6915   4019.67   0.1    -33.21   3.0  18.07.2025  16:35:58
  3  11   9   1  $12    0.010    -3.0043   2574.09   0.0     11.67   0.8  18.07.2025  16:36:00
  3  11  10   2  $12    0.010    -8.0505   2897.01   0.0      3.41  24.6  18.07.2025  16:36:02
  3  11  12   4  $12    0.010    -8.6787   3123.08   0.0     10.35   4.1  18.07.2025  16:36:04
 12   4   9   1  $12    0.010     2.3157   3872.14   0.1    -25.27   4.6  18.07.2025  16:36:06
 12   4  10   2  $12    0.010     4.6720   4002.95   0.0    -30.20   7.0  18.07.2025  16:36:08
 12   4  11   3  $12    0.010     8.7374   3144.21   0.0      4.66   7.3  18.07.2025  16:36:10
 13   5  14   6  $12    0.010     8.8971   3201.68   0.0      6.05   0.6  18.07.2025  16:36:12
 13   5  15   7  $12    0.010     3.7211   3188.22   0.0      2.94   3.9  18.07.2025  16:36:14
 13   5  16   8  $12    0.010     2.4044   4020.47   0.0     -0.44  21.2  18.07.2025  16:36:16
 14   6  13   5  $12    0.010     8.9586   3223.79   0.0      3.61   9.7  18.07.2025  16:36:18
 14   6  15   7  $12    0.010     5.8184   2093.79   0.0      2.71   4.5  18.07.2025  16:36:21
 14   6  16   8  $12    0.010     3.1583   2706.03   0.0     -2.15   8.0  18.07.2025  16:36:23
 15   7  13   5  $12    0.010     3.7453   3208.98   0.0      1.69 131.9  18.07.2025  16:36:25
 15   7  14   6  $12    0.010     5.8086   2090.24   0.0     -0.16  87.9  18.07.2025  16:36:27
 15   7  16   8  $12    0.010    10.4803   3771.40   0.0     -0.53   6.0  18.07.2025  16:36:29
 16   8  13   5  $12    0.010     2.4239   4053.07   0.1     -0.67 721.9  18.07.2025  16:36:31
 16   8  14   6  $12    0.010     3.1640   2710.93   0.0     -1.97   2.8  18.07.2025  16:36:33
 16   8  15   7  $12    0.010    10.4603   3764.18   0.0      0.21  59.4  18.07.2025  16:36:35
  1   2   5   6  $12    1.000     1.7166    323.57   0.3   1471.33   0.6  18.07.2025  16:36:40
  2   3   6   7  $12    1.000    11.1699   2105.48   0.0      0.95  17.9  18.07.2025  16:36:42
  3   4   7   8  $12    1.000     5.3416   1006.86   0.2    -44.48   5.6  18.07.2025  16:36:44
  1   2   9  10  $12    1.000     7.2287  11445.65   0.1   -438.27   0.1  18.07.2025  16:36:46
  2   3  10  11  $12    1.000     3.5516   5623.43   0.0   -190.12   2.4  18.07.2025  16:36:48
  3   4  11  12  $12    1.000     0.5868    929.12   0.2    -32.34   2.6  18.07.2025  16:36:54
  1   2  13  14  $12    1.000     3.2369  17450.23   0.2    -44.64   1.0  18.07.2025  16:36:56
  2   3  14  15  $12    1.000    13.3935  72203.94   0.0     -0.36  30.0  18.07.2025  16:36:58
  3   4  15  16  $12    1.000     8.4006  45287.43   0.0     23.72   1.2  18.07.2025  16:37:00
  5   6   9  10  $12    1.000    11.9537   2253.23   0.7   -498.21   2.0  18.07.2025  16:37:02
  6   7  10  11  $12    1.000    11.5483   2176.80   0.0     -5.75  17.9  18.07.2025  16:37:04
  7   8  11  12  $12    1.000     2.2069    415.98   0.0     -7.14   3.3  18.07.2025  16:37:06
  5   6  13  14  $12    1.000     2.4385   3861.09   0.5   -241.74   0.9  18.07.2025  16:37:09
  6   7  14  15  $12    1.000     3.8612   6113.71   0.0      1.43   8.4  18.07.2025  16:37:11
  7   8  15  16  $12   10.000    16.2488   2572.78   0.0      8.47   0.5  18.07.2025  16:37:14
  9  10  13  14  $12    0.100     0.3669    691.54   0.6     98.42   2.8  18.07.2025  16:37:23
 10  11  14  15  $12    1.000     9.4796   1786.86   0.1    102.47   0.7  18.07.2025  16:37:27
 11  12  15  16  $12   10.000    15.7480    296.84   0.0      5.94   0.3  18.07.2025  16:37:31
  1   2   6   7  $12    1.000    19.8777   7493.72   0.0     -1.17  10.4  18.07.2025  16:37:36
  2   3   7   8  $12    1.000     7.5506   2846.52   0.0      0.57  45.1  18.07.2025  16:37:38
  1   2   7   8  $12    1.000    12.3735   8163.19   0.0     10.72   0.1  18.07.2025  16:37:40
  2   3   7   8  $12    1.000     7.5612   2850.49   0.0     -1.44   4.8  18.07.2025  16:37:42
  1   2  10  11  $12    1.000    -7.0343  15911.14   0.2   -819.09   0.6  18.07.2025  16:37:44
  2   3  11  12  $12   10.000     5.4299   1228.21   0.0     -4.75   8.1  18.07.2025  16:37:48
  1   2  11  12  $12    1.000     0.8425   2620.43   0.0     -4.64  12.5  18.07.2025  16:37:53
  2   3  11  12  $12   10.000     5.4464   1231.96   0.0     -6.88   0.7  18.07.2025  16:37:57
  1   2  14  15  $12    1.000    17.3259 118877.21   0.0     25.80   0.9  18.07.2025  16:38:03
  2   3  15  16  $12    1.000     7.3143  50185.45   0.0      3.13   4.1  18.07.2025  16:38:05
  1   2  15  16  $12    1.000    10.7058  91818.44   0.0    -50.60   0.3  18.07.2025  16:38:07
  2   3  15  16  $12    1.000     7.3236  50249.08   0.0      3.49   1.0  18.07.2025  16:38:09
  5   6  10  11  $12    0.100    -0.9331   3517.68   0.8  -1292.68   1.1  18.07.2025  16:38:14
  6   7  11  12  $12    1.000     2.5975    979.24   0.0     -3.92  26.3  18.07.2025  16:38:18
  5   6  11  12  $12   10.000    15.5154   1023.61   0.2    -44.46   5.8  18.07.2025  16:38:22
  6   7  11  12  $12    1.000     2.6018    980.85   0.0     -4.14   1.8  18.07.2025  16:38:27
  5   6  14  15  $12   10.000     8.1695   1847.89   0.9   -309.87   1.4  18.07.2025  16:38:31
  6   7  15  16  $12   10.000    19.4894   4408.39   0.0      7.59   0.1  18.07.2025  16:38:33
  5   6  15  16  $12   10.000     9.7119   3020.58   0.9   -178.70   1.5  18.07.2025  16:38:35
  6   7  15  16  $12   10.000    19.4018   4388.58   0.0      8.17   1.2  18.07.2025  16:38:37
  9  10  14  15  $12    0.100     0.6218   2344.05   0.0    -27.66   2.7  18.07.2025  16:38:46
 10  11  15  16  $12    1.000     8.8276   3327.94   0.3   -244.06   0.1  18.07.2025  16:38:50
  9  10  15  16  $12    0.100     0.2101   1385.96   0.1     71.32   1.3  18.07.2025  16:38:55
 10  11  15  16  $12    1.000     8.7083   3282.94   0.2   -243.95   0.0  18.07.2025  16:38:59
