//C:\Users\user\Desktop\GeoTom\GeoTomE724.ini
//- Cable direction:
//  cable I: normal
//  cable II: normal
//  cable III: normal
//  cable IV: normal
//- Cable arrangement: sequential
//- Optimization: Last measurement
//- Sorting: Multi-level
//- Current levels: 0.001 mA .. 50.0 mA
Type:         Flow
Name:         Hyprop
Comment:      Example of a measurements sequence
Comment:      
Comment:      
Spacing:      1.00000
First El:     0.00000
Nr of points: 289
IP present:   1

  1   5   2   6  $12    0.010    17.3331   7425.48   0.1    117.92   0.3  19.07.2025  21:25:05
  1   5   3   7  $12    0.010     3.3170   6252.43   0.0     10.60   1.9  19.07.2025  21:25:08
  1   5   4   8  $12    0.010     2.6255   3464.22   0.0   -268.53   0.7  19.07.2025  21:25:10
  1   5  14   2  $12    0.100   -15.6020   1398.73   0.0    -43.06   0.0  19.07.2025  21:25:13
  1   5  15   3  $12    0.100    -8.2262  18090.44   0.0    -75.97   0.8  19.07.2025  21:25:15
  1   5  16   4  $12    0.100   -11.3015   1105.33   0.1   -578.62   0.1  19.07.2025  21:25:17
  1   5  13   9  $12    0.100     5.9898   4516.21   0.1   1097.69   0.2  19.07.2025  21:25:19
  1   5  14  10  $12    0.100    -6.6409   7628.09   0.3  -2073.10   0.4  19.07.2025  21:25:21
  1   5  15  11  $12    0.100    10.4724  17272.57   0.0     -5.27   4.3  19.07.2025  21:25:23
  1   5  16  12  $12    0.100    10.0667  22829.66   0.0    -11.99   0.2  19.07.2025  21:25:26
  1   5  10   6  $12    0.010    15.7269  13895.86   0.1     13.90   7.8  19.07.2025  21:25:30
  1   5  11   7  $12    0.100    12.8026   3016.54   0.0     54.13   0.1  19.07.2025  21:25:34
  1   5  12   8  $12    0.100     3.7720   1710.84   0.0     40.20   0.5  19.07.2025  21:25:36
  2   6   1   5  $12    0.010    12.4633   5339.26   0.1     68.61   0.6  19.07.2025  21:25:41
  2   6   3   7  $12    0.010    10.1197   4335.25   0.0      1.41  19.1  19.07.2025  21:25:43
  2   6   4   8  $12    0.010     3.9425   7431.48   0.2     26.00   6.3  19.07.2025  21:25:45
  2   6  13   1  $12    0.100   -17.6429   1301.18   0.0     61.78   0.1  19.07.2025  21:25:49
  2   6  15   3  $12    0.010    -7.2081   6462.05   0.0      5.78   1.1  19.07.2025  21:25:54
  2   6  16   4  $12    0.010    -2.5386  55826.70   0.0     47.28   3.6  19.07.2025  21:25:56
  2   6  13   9  $12    0.100    15.1852   6887.49   0.0    -52.98   0.2  19.07.2025  21:26:00
  2   6  14  10  $12    0.100    15.8464  11947.87   0.0   -109.85   0.7  19.07.2025  21:26:02
  2   6  15  11  $12    0.100    11.7588  13506.73   0.0      2.36   1.1  19.07.2025  21:26:04
  2   6  16  12  $12    0.100    12.7456  21021.72   0.0      1.19   2.9  19.07.2025  21:26:06
  2   6   9   5  $12    0.010     9.3869  12385.75   0.1    109.11   0.1  19.07.2025  21:26:11
  2   6  11   7  $12    0.100    15.7375   1390.53   0.0     12.44   1.3  19.07.2025  21:26:14
  2   6  12   8  $12   10.000    -8.3563     19.69   0.1   -410.00   2.9  19.07.2025  21:26:20
  3   7   1   5  $12    0.010     3.3224   6262.54   0.3      9.69  50.0  19.07.2025  21:26:31
  3   7   2   6  $12    0.010     9.8858   4235.08   0.2     14.75  13.9  19.07.2025  21:26:34
  3   7   4   8  $12    0.010    10.1482   4347.47   0.1     11.11   7.1  19.07.2025  21:26:36
  3   7  13   1  $12    0.100    -8.5460   1342.40   0.0     42.94   0.2  19.07.2025  21:26:39
  3   7  14   2  $12    0.010    -6.9555   5129.75   0.0      4.79  18.9  19.07.2025  21:26:44
  3   7  16   4  $12    0.010    -4.7257   4236.64   0.1     18.17   3.4  19.07.2025  21:26:46
  3   7  13   9  $12    0.100    11.7149   2760.26   0.0    -28.09   0.4  19.07.2025  21:26:50
  3   7  14  10  $12    0.100    12.2763   5568.15   0.2    -62.40   1.2  19.07.2025  21:26:52
  3   7  15  11  $12    0.100    12.0818   9109.43   0.0      1.53  13.1  19.07.2025  21:26:54
  3   7  16  12  $12    0.100    13.7267  15767.14   0.0      0.86   0.8  19.07.2025  21:26:56
  3   7   9   5  $12    0.100    13.0327   2456.60   0.0     31.31   0.1  19.07.2025  21:26:58
  3   7  10   6  $12    0.100    16.3527   2157.69   0.0     41.97   1.1  19.07.2025  21:27:00
  3   7  12   8  $12    0.010     4.0492   3577.78   0.0     38.83   0.1  19.07.2025  21:27:05
  4   8   1   5  $12    0.010     2.6916   3551.43   0.1   -314.51   0.6  19.07.2025  21:27:07
  4   8   2   6  $12    0.010     3.7850   7134.47   0.2     37.50  19.4  19.07.2025  21:27:09
  4   8   3   7  $12    0.010     9.9585   4266.20   0.1     23.86   4.9  19.07.2025  21:27:11
  4   8  13   1  $12    0.100    -0.7976    179.38   0.9   1407.98   0.9  19.07.2025  21:27:19
  4   8  14   2  $12    0.010    -2.3028   3617.19   0.1     48.55   1.5  19.07.2025  21:27:24
  4   8  15   3  $12    0.010    -4.5198   3333.37   0.2     37.01   4.2  19.07.2025  21:27:26
  4   8  13   9  $12    0.010     2.0216   1786.26   0.1   -343.40   0.2  19.07.2025  21:27:28
  4   8  14  10  $12    0.010     3.3149   7810.64   0.0   -436.33   0.7  19.07.2025  21:27:30
  4   8  15  11  $12    0.100    12.3671   5609.31   0.0     -0.29  12.0  19.07.2025  21:27:33
  4   8  16  12  $12    0.100    15.0963  11382.31   0.0      4.69   0.9  19.07.2025  21:27:35
  4   8   9   5  $12    0.100     4.8936    209.64   0.0   -266.46   0.1  19.07.2025  21:27:37
  4   8  10   6  $12    0.100   -14.5414   2740.99   0.0   -906.37   0.0  19.07.2025  21:27:40
  4   8  11   7  $12    0.010     4.2314   5583.22   0.0     13.53   0.5  19.07.2025  21:27:44
  5   9   6  10  $12    0.001     2.4261  10393.43   0.3     -4.44  83.3  19.07.2025  21:27:49
  5   9   7  11  $12    0.010     2.4231   4567.52   0.0     27.52   0.8  19.07.2025  21:27:53
  5   9   8  12  $12    0.100    12.5649   1657.90   0.0     16.12   0.3  19.07.2025  21:27:57
  5   9   2   6  $12    0.010    -5.3149   7012.83   0.0     34.13   0.1  19.07.2025  21:28:02
  5   9   3   7  $12    0.100   -12.3466   2327.28   0.0     17.62   0.2  19.07.2025  21:28:05
  5   9   4   8  $12    0.100    -5.7054    244.42   0.0   -216.61   1.7  19.07.2025  21:28:08
  5   9   1  13  $12    0.100     8.2709   2078.70   0.1     39.13   0.8  19.07.2025  21:28:10
  5   9   2  14  $12    0.100     7.7406   1740.93   0.0     28.80   1.7  19.07.2025  21:28:12
  5   9   3  15  $12    0.100     6.4592   1014.61   0.0     27.39   2.1  19.07.2025  21:28:14
  5   9   4  16  $12    0.100     4.1908    309.07   0.8    351.20   1.4  19.07.2025  21:28:16
  5   9  14  10  $12    0.010    17.2627  15252.89   0.0    -24.30   3.6  19.07.2025  21:28:21
  5   9  15  11  $12    0.100     4.1326    973.73   0.0     -8.99   1.9  19.07.2025  21:28:24
  5   9  16  12  $12    0.100     2.9580   1341.64   0.0      0.64  26.0  19.07.2025  21:28:27
  6  10   5   9  $12    0.001     2.4395  10450.66   0.3    -28.54  20.9  19.07.2025  21:28:34
  6  10   7  11  $12    0.010     4.2242   1809.64   0.0    -23.76   0.4  19.07.2025  21:28:38
  6  10   8  12  $12    0.010     2.0752   3911.67   0.0    -17.46   1.8  19.07.2025  21:28:40
  6  10   1   5  $12    0.010    -7.8077   6898.68   0.0   -181.98   0.8  19.07.2025  21:28:42
  6  10   3   7  $12    0.100   -16.0868   2122.60   0.0     33.79   0.6  19.07.2025  21:28:46
  6  10   4   8  $12    0.100     9.6015   1809.84   0.1   -876.61   0.0  19.07.2025  21:28:48
  6  10   1  13  $12    0.100    17.7581   3993.96   0.0   -130.07   0.1  19.07.2025  21:28:50
  6  10   2  14  $12    0.100    10.2464   2575.19   0.0   -114.90   0.0  19.07.2025  21:28:52
  6  10   3  15  $12    0.100    10.0342   2256.79   0.0   -143.99   0.0  19.07.2025  21:28:54
  6  10   4  16  $12    0.100    18.5195   2909.03   0.0   -395.66   0.2  19.07.2025  21:28:56
  6  10  13   9  $12    0.010    14.7461  19457.06   0.0     97.85   0.6  19.07.2025  21:29:01
  6  10  15  11  $12    0.100    15.3656   1357.67   0.0      7.87   0.3  19.07.2025  21:29:05
  6  10  16  12  $12    0.100     8.9875   2117.62   0.0    -59.73   0.0  19.07.2025  21:29:07
  7  11   5   9  $12    0.010     2.4659   4648.19   0.0      8.95   5.4  19.07.2025  21:29:12
  7  11   6  10  $12    0.010     4.2953   1840.12   0.5    -41.55   1.7  19.07.2025  21:29:14
  7  11   8  12  $12    0.010     7.9710   3414.76   0.2     23.76   3.7  19.07.2025  21:29:16
  7  11   1   5  $12    0.100   -14.2398   3355.18   0.0     39.75   0.2  19.07.2025  21:29:20
  7  11   2   6  $12    0.100   -14.6799   1297.07   0.0      0.25 143.7  19.07.2025  21:29:22
  7  11   4   8  $12    0.010    -4.3558   5747.28   0.1     22.00  14.2  19.07.2025  21:29:27
  7  11   1  13  $12    0.100     6.9393   1090.02   0.0     10.68   1.2  19.07.2025  21:29:31
  7  11   2  14  $12    0.100    10.5993   2383.88   0.0      3.51   3.5  19.07.2025  21:29:33
  7  11   3  15  $12    0.100    11.6030   2916.14   0.0      3.30   2.3  19.07.2025  21:29:35
  7  11   4  16  $12    0.100    10.4065   2340.52   0.1     26.67   2.3  19.07.2025  21:29:37
  7  11  13   9  $12    0.100     2.9707    559.96   0.5    -60.51  13.6  19.07.2025  21:29:39
  7  11  14  10  $12    0.100    15.8828   2095.68   0.2    -25.13   7.4  19.07.2025  21:29:41
  7  11  16  12  $12    0.010     2.6032   2300.12   0.0     -1.66  27.2  19.07.2025  21:29:46
  8  12   5   9  $12    0.100    13.3531   1761.90   0.0     11.51   4.0  19.07.2025  21:29:50
  8  12   6  10  $12    0.100    20.1086   3790.37   0.0     -3.04  54.7  19.07.2025  21:29:52
  8  12   7  11  $12    0.010     7.9110   3389.08   0.0     10.45   6.5  19.07.2025  21:29:57
  8  12   1   5  $12    0.100    -4.4207   2005.11   0.1     46.01   7.9  19.07.2025  21:30:00
  8  12   2   6  $12   10.000    13.5241     31.87   0.1     33.22   0.3  19.07.2025  21:30:06
  8  12   3   7  $12    0.010    -3.8219   3376.96   0.0     24.22   9.9  19.07.2025  21:30:17
  8  12   1  13  $12    0.100     6.6299    488.96   0.0      7.97   4.5  19.07.2025  21:30:20
  8  12   2  14  $12    0.100    12.3057   1932.97   0.0      2.14   9.5  19.07.2025  21:30:22
  8  12   3  15  $12    0.100    14.0112   3151.26   0.0      1.72   1.8  19.07.2025  21:30:24
  8  12  16   4  $12    0.100   -13.5326   3401.10   0.0      8.36   0.1  19.07.2025  21:30:26
  8  12   9  13  $12    0.100    -2.3805    101.98   0.1    -42.28   6.7  19.07.2025  21:30:28
  8  12  10  14  $12    0.100    -7.9192   1492.74   0.0     -2.53  68.1  19.07.2025  21:30:30
  8  12  11  15  $12    0.010    -2.5657   3385.43   0.0      9.90   1.1  19.07.2025  21:30:35
  9  13  10  14  $12    0.010    20.4943   8779.73   0.0     67.86   0.5  19.07.2025  21:30:37
  9  13  11  15  $12    0.010     2.3425   4415.53   0.2     20.85  11.5  19.07.2025  21:30:39
  9  13  12  16  $12    0.100    16.3313   2154.87   0.0      5.11   1.6  19.07.2025  21:30:43
  9  13   6  10  $12    0.010   -14.6768  19365.55   0.0     90.61   1.0  19.07.2025  21:30:48
  9  13   7  11  $12    0.100    -3.0428    573.55   0.0    -86.92   0.2  19.07.2025  21:30:53
  9  13   8  12  $12    0.100    -2.3397    100.23   0.0      3.09   5.0  19.07.2025  21:30:55
  9  13   5   1  $12    0.100     7.4756   5636.50   0.0    792.68   0.0  19.07.2025  21:30:57
  9  13   6   2  $12    0.100    14.5554   6601.86   0.0    -32.41   0.6  19.07.2025  21:30:59
  9  13   7   3  $12    0.100    11.4437   2696.35   0.0    -23.41   0.2  19.07.2025  21:31:01
  9  13   8   4  $12    0.100    17.5129   1547.39   0.0   -274.75   0.5  19.07.2025  21:31:03
  9  13   2  14  $12    0.010     4.2898   3163.76   0.0     21.35   0.8  19.07.2025  21:31:08
  9  13   3  15  $12    0.100     8.6171   1353.58   0.0     67.32   0.1  19.07.2025  21:31:11
  9  13   4  16  $12    0.100    -3.5073    788.83   0.5  -1362.97   0.5  19.07.2025  21:31:13
 10  14   9  13  $12    0.010    20.6286   8837.29   0.0     61.55   0.1  19.07.2025  21:31:18
 10  14  11  15  $12    0.010     4.2639   1826.66   0.0      6.69  51.0  19.07.2025  21:31:20
 10  14  12  16  $12    0.010     2.3635   4455.01   0.0      3.23   0.9  19.07.2025  21:31:22
 10  14   5   9  $12    0.010   -17.6463  15591.79   0.0    -21.45   0.6  19.07.2025  21:31:24
 10  14   7  11  $12    0.100   -15.5104   2046.55   0.0    -27.93   0.5  19.07.2025  21:31:28
 10  14   8  12  $12    0.100    -6.8645   1293.93   0.0     22.51   0.9  19.07.2025  21:31:30
 10  14   5   1  $12    0.100    -7.4211   8524.16   0.1  -1612.01   0.0  19.07.2025  21:31:32
 10  14   6   2  $12    0.100    13.8929  10474.97   0.0    -55.92   0.3  19.07.2025  21:31:34
 10  14   7   3  $12    0.100    12.4785   5659.85   0.0    -54.36   0.0  19.07.2025  21:31:36
 10  14   8   4  $12    0.010     3.2593   7679.49   0.0   -420.07   0.6  19.07.2025  21:31:41
 10  14   1  13  $12    0.010     4.0639   3643.31   0.0     33.68   4.9  19.07.2025  21:31:43
 10  14   3  15  $12    0.100    11.8243    872.05   0.0    113.22   0.1  19.07.2025  21:31:47
 10  14   4  16  $12    0.100    -6.7404   1058.78   0.0  -1158.62   0.0  19.07.2025  21:31:49
 11  15   9  13  $12    0.010     2.3631   4454.38   0.3    -15.58  10.9  19.07.2025  21:31:54
 11  15  10  14  $12    0.010     4.0898   1752.07   0.2    -29.84  10.4  19.07.2025  21:31:56
 11  15  12  16  $12    0.010     8.5534   3664.26   0.2     12.17   8.1  19.07.2025  21:31:58
 11  15   5   9  $12    0.100    -4.4121   1039.58   0.0      6.79  11.4  19.07.2025  21:32:02
 11  15   6  10  $12    0.100   -16.1617   1428.01   0.1      3.90  43.0  19.07.2025  21:32:04
 11  15   8  12  $12    0.010    -2.5781   3401.70   0.0      7.99   2.1  19.07.2025  21:32:09
 11  15   5   1  $12    0.100    10.4172  17181.54   0.0     -8.30   7.8  19.07.2025  21:32:12
 11  15   6   2  $12    0.100    11.7944  13547.58   0.0      0.21 252.6  19.07.2025  21:32:15
 11  15   7   3  $12    0.100    12.1201   9138.35   0.0      0.50  10.6  19.07.2025  21:32:17
 11  15   8   4  $12    0.100    12.5843   5707.83   0.1     11.08   2.2  19.07.2025  21:32:19
 11  15   1  13  $12    0.100     8.6385  18996.95   0.0      2.10  24.0  19.07.2025  21:32:21
 11  15   2  14  $12    0.100    13.5232   1212.36   0.0      3.71   3.7  19.07.2025  21:32:23
 11  15   4  16  $12    0.010     4.7295   3488.02   0.0     -0.25 807.3  19.07.2025  21:32:28
 12  16   9  13  $12    0.100    16.6398   2195.57   0.0      2.09   7.8  19.07.2025  21:32:31
 12  16  10  14  $12    0.010     2.4315   4583.32   0.0    -11.84  57.0  19.07.2025  21:32:36
 12  16  11  15  $12    0.010     8.6274   3695.95   0.1     -7.86   3.8  19.07.2025  21:32:38
 12  16   5   9  $12    0.100    -3.1977   1450.35   0.0      6.89  11.2  19.07.2025  21:32:42
 12  16   6  10  $12    0.100    -7.7139   1817.55   0.2     20.90  10.1  19.07.2025  21:32:44
 12  16   7  11  $12    0.010    -2.5376   2242.16   0.0      9.06   4.1  19.07.2025  21:32:49
 12  16   5   1  $12    0.100    10.0376  22763.69   0.0      0.37 222.4  19.07.2025  21:32:53
 12  16   6   2  $12    0.100    12.7308  20997.34   0.0      0.80  20.1  19.07.2025  21:32:55
 12  16   7   3  $12    0.100    13.7386  15780.76   0.0      0.85   3.2  19.07.2025  21:32:57
 12  16   8   4  $12    0.100    15.3767  11593.79   0.0     -0.31 140.5  19.07.2025  21:32:59
 12  16  13   1  $12    0.100    -3.3849    331.06   0.2     19.66   7.7  19.07.2025  21:33:01
 12  16  14   2  $12    0.100    -3.2420   7129.55   0.0      9.94   3.1  19.07.2025  21:33:03
 12  16  15   3  $12    0.010    -4.5703   4097.33   0.0      5.76   2.3  19.07.2025  21:33:08
 13   1  14   2  $12    0.010     6.7782   2324.48   0.0      9.43   4.0  19.07.2025  21:33:10
 13   1  15   3  $12    0.010     2.3813   1805.79   0.0      3.79   9.4  19.07.2025  21:33:12
 13   1  16   4  $12    0.100    12.3436   1586.39   0.0     14.61   6.4  19.07.2025  21:33:16
 13   1  10  14  $12    0.010    -4.2403   3801.41   0.2     21.41  19.0  19.07.2025  21:33:20
 13   1  11  15  $12    0.100    -8.5469  18795.68   0.0      4.91   2.1  19.07.2025  21:33:24
 13   1  12  16  $12    0.100    -3.4329    335.75   0.0      6.82   4.7  19.07.2025  21:33:26
 13   1   9   5  $12    0.100     8.4657   2127.66   0.0      0.52  50.9  19.07.2025  21:33:28
 13   1  10   6  $12    0.100     8.5087   1913.69   0.2    -18.45   8.9  19.07.2025  21:33:30
 13   1  11   7  $12    0.100     6.9530   1092.17   0.0      2.96  55.2  19.07.2025  21:33:32
 13   1  12   8  $12    0.100     6.4656    476.85   0.0     -0.38  16.4  19.07.2025  21:33:34
 13   1   6   2  $12    0.100    15.4646   1140.53   0.0     14.82   0.2  19.07.2025  21:33:36
 13   1   7   3  $12    0.100     7.7732   1221.01   0.0      9.12   1.4  19.07.2025  21:33:38
 13   1   8   4  $12    0.100     2.3545    529.54   0.2    -10.26  18.2  19.07.2025  21:33:40
 14   2  13   1  $12    0.010     6.8555   2350.99   0.0     16.45   3.3  19.07.2025  21:33:46
 14   2  15   3  $12    0.010     9.3783   3216.17   0.1      6.66  18.8  19.07.2025  21:33:48
 14   2  16   4  $12    0.010     3.8455   2916.13   0.0     18.01   6.0  19.07.2025  21:33:50
 14   2   9  13  $12    0.010    -4.2041   3100.59   0.1     28.57  15.3  19.07.2025  21:33:52
 14   2  11  15  $12    0.100   -13.4923   1209.59   0.0      7.81   0.8  19.07.2025  21:33:56
 14   2  12  16  $12    0.100    -3.2038   7045.60   0.0     11.86   0.7  19.07.2025  21:33:58
 14   2   9   5  $12    0.100     7.9972   1798.65   0.0     35.59   1.3  19.07.2025  21:34:00
 14   2  10   6  $12    0.100    10.3287   2595.89   0.1   -162.35   2.1  19.07.2025  21:34:02
 14   2  11   7  $12    0.100    10.6397   2392.98   0.1     -0.31  35.8  19.07.2025  21:34:04
 14   2  12   8  $12    0.100    12.2851   1929.73   0.0      1.40   2.7  19.07.2025  21:34:06
 14   2   5   1  $12    0.100    18.0090   1614.51   0.0     -0.79  37.3  19.07.2025  21:34:08
 14   2   7   3  $12    0.010     7.0527   5201.41   0.0      2.11   2.3  19.07.2025  21:34:13
 14   2   8   4  $12    0.010     2.3049   3620.56   0.1     24.89   7.2  19.07.2025  21:34:15
 15   3  13   1  $12    0.010     2.4512   1858.77   0.2     -3.46  10.6  19.07.2025  21:34:17
 15   3  14   2  $12    0.010     9.4555   3242.63   0.0      3.05   1.9  19.07.2025  21:34:19
 15   3  16   4  $12    0.010    10.4484   3583.13   0.0      6.14  24.3  19.07.2025  21:34:21
 15   3   9  13  $12    0.100    -8.5702   1346.20   0.0     64.97   1.3  19.07.2025  21:34:25
 15   3  10  14  $12    0.100   -13.3782    986.65   0.0     79.40   0.6  19.07.2025  21:34:27
 15   3  12  16  $12    0.010    -4.5759   4102.27   0.0      6.93   0.6  19.07.2025  21:34:32
 15   3   9   5  $12    0.100     6.7468   1059.79   0.0     27.51   2.6  19.07.2025  21:34:35
 15   3  10   6  $12    0.100     8.5305   1918.59   0.3   -128.77   1.6  19.07.2025  21:34:37
 15   3  11   7  $12    0.100    11.6385   2925.09   0.0      7.37  13.8  19.07.2025  21:34:40
 15   3  12   8  $12    0.100    13.9847   3145.29   0.0      1.28   1.5  19.07.2025  21:34:42
 15   3   5   1  $12    0.100     8.7767  19300.94   0.0    -37.44   3.8  19.07.2025  21:34:44
 15   3   6   2  $12    0.010     7.2710   6518.48   0.0      2.63   6.3  19.07.2025  21:34:49
 15   3   8   4  $12    0.010     4.4967   3316.36   0.0     17.10  12.1  19.07.2025  21:34:51
 16   4  13   1  $12    0.100    11.6202   1493.42   0.0     52.87   0.2  19.07.2025  21:34:54
 16   4  14   2  $12    0.010     3.8240   2899.81   0.0     23.64   0.1  19.07.2025  21:34:59
 16   4  15   3  $12    0.010    10.4773   3593.07   0.0      7.07   1.5  19.07.2025  21:35:01
 16   4   9  13  $12    0.100     6.6772   1501.76   0.0   -941.58   0.1  19.07.2025  21:35:05
 16   4  10  14  $12    0.100    14.7798   2321.60   0.2   -881.17   0.2  19.07.2025  21:35:07
 16   4  11  15  $12    0.010    -4.6485   3428.32   0.0      7.47   0.6  19.07.2025  21:35:12
 16   4   9   5  $12    0.100     3.5279    260.18   0.2    664.59   0.4  19.07.2025  21:35:16
 16   4  10   6  $12    0.010     2.9023   4558.87   0.1   -486.99   0.9  19.07.2025  21:35:20
 16   4  11   7  $12    0.100    10.1821   2290.05   0.0     29.95   0.5  19.07.2025  21:35:24
 16   4  12   8  $12    0.100    13.4498   3380.29   0.0      2.04   0.2  19.07.2025  21:35:26
 16   4   5   1  $12    0.100    13.1321   1284.38   0.0   -567.90   0.2  19.07.2025  21:35:28
 16   4   6   2  $12    0.010     2.6936  59234.68   0.0     23.67   2.0  19.07.2025  21:35:33
 16   4   7   3  $12    0.010     4.8157   4317.27   0.0      6.86   4.3  19.07.2025  21:35:35
  1   4   2   3  $12    0.010     3.7511   2356.86   0.0      3.94   6.6  19.07.2025  21:35:37
  2   3   1   4  $12    0.010     3.9336   2471.57   0.0     17.92   7.1  19.07.2025  21:35:39
  1   2   3   4  $12    0.010    -3.8885   7329.66   0.1      0.69 322.4  19.07.2025  21:35:41
  3   4   1   2  $12    0.010    -3.7669   7100.46   0.0    -11.39  31.3  19.07.2025  21:35:44
  5   8   6   7  $12    0.010    10.3502   6503.23   0.0     69.05   0.1  19.07.2025  21:35:46
  6   7   5   8  $12    0.010    10.3875   6526.69   0.0     47.69   4.3  19.07.2025  21:35:48
  5   6   7   8  $12    0.100    -2.9031    547.22   0.1   -145.00   0.4  19.07.2025  21:35:51
  7   8   5   6  $12    0.100    -2.8189    531.35   0.6    -71.22   5.3  19.07.2025  21:35:53
  9  12  10  11  $12    0.010    16.6579  10466.47   0.0     68.73   0.6  19.07.2025  21:35:58
 10  11   9  12  $12    0.010    16.7129  10501.01   0.0     81.91   0.5  19.07.2025  21:36:00
  9  10  11  12  $12    0.100    -6.9845   1316.56   0.0    -21.21   0.5  19.07.2025  21:36:04
 11  12   9  10  $12    0.100    -6.7720   1276.50   0.1      1.39  38.8  19.07.2025  21:36:06
 13  16  14  15  $12    0.010     8.1459   5118.25   0.0      1.97   9.0  19.07.2025  21:36:11
 14  15  13  16  $12    0.010     8.2018   5153.32   0.0     -1.04   3.6  19.07.2025  21:36:13
 13  14  15  16  $12    0.100    -4.0122    756.28   0.0     12.95   2.2  19.07.2025  21:36:17
  1   9  10   2  $12    0.010   -18.6824   6722.95   0.0     62.38   1.7  19.07.2025  21:36:22
  1   9  11   3  $12    0.010    -2.9350   2514.68   0.3     23.20  15.2  19.07.2025  21:36:24
  1   9  12   4  $12    0.010    -2.8283   4729.37   0.4   -145.02   1.4  19.07.2025  21:36:26
  2  10   9   1  $12    0.010   -19.0393   6851.40   0.0     71.67   0.7  19.07.2025  21:36:28
  2  10  11   3  $12    0.010   -10.9392   3936.54   0.0    -10.07   0.6  19.07.2025  21:36:30
  2  10  12   4  $12    0.010    -7.3330   6282.93   0.0   -166.61   1.3  19.07.2025  21:36:32
  3  11   9   1  $12    0.010    -2.9897   2561.58   0.3     19.91  19.2  19.07.2025  21:36:34
  3  11  10   2  $12    0.010   -10.9279   3932.46   0.1    -10.95  20.1  19.07.2025  21:36:36
  3  11  12   4  $12    0.010    -9.6594   3476.00   0.3     14.32   3.0  19.07.2025  21:36:38
 12   4   9   1  $12    0.010     3.0390   5081.63   0.3   -199.01   2.9  19.07.2025  21:36:40
 12   4  10   2  $12    0.010     7.2758   6233.87   0.1   -199.06   2.1  19.07.2025  21:36:42
 12   4  11   3  $12    0.010     9.7366   3503.77   0.0      2.39   7.7  19.07.2025  21:36:44
 13   5  14   6  $12    0.010    14.0436   5053.67   0.0     49.13   0.1  19.07.2025  21:36:46
 13   5  15   7  $12    0.010     4.0697   3486.93   0.0     24.34   2.3  19.07.2025  21:36:48
 13   5  16   8  $12    0.010     2.4435   4085.79   0.0     12.36   1.0  19.07.2025  21:36:50
 14   6  13   5  $12    0.010    13.6155   4899.61   0.0     25.74   1.7  19.07.2025  21:36:52
 14   6  15   7  $12    0.010     5.1099   1838.81   0.0      2.47   8.2  19.07.2025  21:36:54
 14   6  16   8  $12    0.010     2.8500   2441.84   0.0     -1.62  19.3  19.07.2025  21:36:56
 15   7  13   5  $12    0.010     4.1620   3566.02   0.1     13.32  13.9  19.07.2025  21:36:58
 15   7  14   6  $12    0.010     5.1090   1838.51   0.0      5.66   5.0  19.07.2025  21:37:00
 15   7  16   8  $12    0.010    11.4000   4102.34   0.0     10.81   0.6  19.07.2025  21:37:02
 16   8  13   5  $12    0.010     2.4756   4139.60   0.5     32.46   6.2  19.07.2025  21:37:04
 16   8  14   6  $12    0.010     2.8526   2444.09   0.0      3.73  17.3  19.07.2025  21:37:06
 16   8  15   7  $12    0.010    11.3584   4087.37   0.0      7.30   0.5  19.07.2025  21:37:08
  1   2   5   6  $12    1.000     4.9035    924.28   0.1  -1018.17   0.2  19.07.2025  21:37:14
  2   3   6   7  $12    1.000    14.9226   2812.83   0.0     -7.18   3.3  19.07.2025  21:37:16
  3   4   7   8  $12    0.100     0.9726   1833.26   0.0   -234.91   0.0  19.07.2025  21:37:22
  1   2   9  10  $12    1.000    -4.4107   6983.78   0.2  -1095.70   0.2  19.07.2025  21:37:25
  2   3  10  11  $12    1.000    -5.5734   8824.75   0.3   -926.75   0.7  19.07.2025  21:37:27
  3   4  11  12  $12    0.100     0.0364    575.90   0.1   -463.61   1.6  19.07.2025  21:37:33
  1   2  13  14  $12    1.000     4.2893  23123.32   0.0     32.07   1.3  19.07.2025  21:37:37
  2   3  14  15  $12    1.000    13.1894  71103.44   0.0     -2.57   4.0  19.07.2025  21:37:39
  3   4  15  16  $12    1.000    -0.2375   1280.25   1.1 -20506.98   0.8  19.07.2025  21:37:41
  5   6   9  10  $12    0.100    17.2202  32459.26   0.0   -553.51   0.1  19.07.2025  21:37:46
  6   7  10  11  $12    0.100     2.2537   4248.15   0.7    -57.42  19.4  19.07.2025  21:37:48
  7   8  11  12  $12    1.000     2.5393    478.65   0.0     -9.86   5.0  19.07.2025  21:37:52
  5   6  13  14  $12    0.100     0.6835  10822.44   0.3   -763.04   0.6  19.07.2025  21:37:57
  6   7  14  15  $12    1.000     6.1505   9738.45   0.0      2.62   2.0  19.07.2025  21:38:01
  7   8  15  16  $12   10.000    17.8400   2824.72   0.0     -1.11   9.1  19.07.2025  21:38:05
  9  10  13  14  $12    0.100    -1.6461   3102.83   0.7   -456.65   0.4  19.07.2025  21:38:14
 10  11  14  15  $12    0.100     0.3699    697.33   0.0   1076.46   0.0  19.07.2025  21:38:19
 11  12  15  16  $12   10.000    15.5542    293.19   0.0      5.14   1.3  19.07.2025  21:38:24
  1   2   6   7  $12    0.100     4.5950  17322.80   0.0     -1.70   3.2  19.07.2025  21:38:33
  2   3   7   8  $12    1.000     7.8961   2976.75   0.0     -2.90   1.3  19.07.2025  21:38:36
  1   2   7   8  $12    1.000    22.8355  15065.39   0.0     -7.11   0.5  19.07.2025  21:38:38
  2   3   7   8  $12    1.000     7.8984   2977.63   0.0     -3.08   2.3  19.07.2025  21:38:40
  1   2  10  11  $12    1.000    19.8909  44992.20   0.1   -488.50   0.5  19.07.2025  21:38:42
  2   3  11  12  $12    1.000     0.5422   1226.47   0.9    -11.27 118.4  19.07.2025  21:38:51
  1   2  11  12  $12    1.000     1.3074   4066.16   0.0     -9.54  10.2  19.07.2025  21:38:56
  2   3  11  12  $12    1.000     0.5355   1211.34   0.0    -39.77   1.5  19.07.2025  21:39:02
  1   2  14  15  $12    0.100     2.9131 199875.44   0.0      0.17  81.9  19.07.2025  21:39:06
  2   3  15  16  $12    1.000     6.4288  44109.40   0.0     -4.46   2.9  19.07.2025  21:39:10
  1   2  15  16  $12    1.000    12.6660 108630.20   0.0     -1.33   7.2  19.07.2025  21:39:12
  2   3  15  16  $12    1.000     6.4299  44117.17   0.0     -5.66   1.6  19.07.2025  21:39:14
  5   6  10  11  $12    0.100   -18.9186  71321.61   0.7   -548.43   0.8  19.07.2025  21:39:20
  6   7  11  12  $12    1.000     3.6517   1376.68   0.0     -5.38   2.0  19.07.2025  21:39:24
  5   6  11  12  $12    0.100     0.1822   1202.14   0.1   -163.44   0.2  19.07.2025  21:39:30
  6   7  11  12  $12    1.000     3.6414   1372.76   0.0     -2.31   3.4  19.07.2025  21:39:33
  5   6  14  15  $12    0.100     0.2208   4994.58   0.7    250.48   1.4  19.07.2025  21:39:39
  6   7  15  16  $12    1.000     2.8451   6435.42   0.0     -1.74  10.7  19.07.2025  21:39:42
  5   6  15  16  $12    0.100     0.0201    625.09  29.4  -5456.93  25.1  19.07.2025  21:39:48
  6   7  15  16  $12    1.000     2.8430   6430.73   0.0     -1.31  11.5  19.07.2025  21:39:52
  9  10  14  15  $12    0.100     0.7015   2644.48   0.2   -228.71   0.3  19.07.2025  21:39:57
 10  11  15  16  $12    0.100     1.0572   3985.64   0.0   -382.69   0.7  19.07.2025  21:40:02
  9  10  15  16  $12    0.100    -0.0886    584.51   1.2  -1738.28   0.9  19.07.2025  21:40:16
 10  11  15  16  $12    0.100     1.0825   4081.08   0.1   -400.98   0.0  19.07.2025  21:40:21
