//C:\Users\user\Desktop\GeoTom\GeoTomE724.ini
//- Cable direction:
//  cable I: normal
//  cable II: normal
//  cable III: normal
//  cable IV: normal
//- Cable arrangement: sequential
//- Optimization: Last measurement
//- Sorting: Multi-level
//- Current levels: 0.001 mA .. 50.0 mA
Type:         Flow
Name:         Hyprop
Comment:      Example of a measurements sequence
Comment:      
Comment:      
Spacing:      1.00000
First El:     0.00000
Nr of points: 289
IP present:   1

  1   5   2   6  $12    0.001     7.7770  33316.42   0.0     64.87   0.5  21.07.2025  15:25:08
  1   5   3   7  $12    0.010    11.1069  20936.04   0.0     53.52   0.6  21.07.2025  15:25:12
  1   5   4   8  $12    0.010     7.4720   9859.12   0.2   -289.30   0.3  21.07.2025  15:25:14
  1   5  14   2  $12    0.010    -7.8583   7045.02   0.0    -13.45   2.0  21.07.2025  15:25:16
  1   5  15   3  $12    0.010    -2.1292  46822.94   0.2    -98.74   2.4  21.07.2025  15:25:18
  1   5  16   4  $12    0.010    -4.9372   4828.75   0.1   -473.71   1.5  21.07.2025  15:25:20
  1   5  13   9  $12    0.100    -2.7142   2046.48   3.2   -256.93   9.3  21.07.2025  15:25:29
  1   5  14  10  $12    0.010   -11.6713 134062.29   0.0   -422.87   1.2  21.07.2025  15:25:34
  1   5  15  11  $12    0.100    10.1481  16737.55   0.0    200.10   0.1  21.07.2025  15:25:37
  1   5  16  12  $12    0.100    12.0701  27372.96   0.0    -18.82   2.0  21.07.2025  15:25:39
  1   5  10   6  $12    0.001     9.2857  82045.69   0.1    -71.53   2.8  21.07.2025  15:25:47
  1   5  11   7  $12    0.010     8.5373  20115.59   0.0     87.32   0.2  21.07.2025  15:25:51
  1   5  12   8  $12    0.100    14.1660   6425.24   0.1     47.09   0.1  21.07.2025  15:25:55
  2   6   1   5  $12    0.001     6.9899  29944.84   0.0     74.15   0.1  21.07.2025  15:26:02
  2   6   3   7  $12    0.001     2.2760   9750.18   0.2     30.77  14.1  21.07.2025  15:26:04
  2   6   4   8  $12    0.010     4.1941   7905.73   0.0    189.62   0.9  21.07.2025  15:26:08
  2   6  13   1  $12    0.010    -7.4466   5491.93   0.0     75.35   2.0  21.07.2025  15:26:10
  2   6  15   3  $12    0.010   -10.9205   9790.23   0.0      5.33   1.8  21.07.2025  15:26:12
  2   6  16   4  $12    0.010    -2.3313  51268.36   0.2    139.39   1.6  21.07.2025  15:26:14
  2   6  13   9  $12    0.010     2.3541  10677.62   0.4    -15.89   7.2  21.07.2025  15:26:16
  2   6  14  10  $12    0.010     5.9309  44718.27   0.1   -198.26   1.9  21.07.2025  15:26:18
  2   6  15  11  $12    0.100    13.7672  15813.68   0.0    -16.83   0.2  21.07.2025  15:26:22
  2   6  16  12  $12    0.100    14.6950  24237.06   0.0      3.57   1.1  21.07.2025  15:26:24
  2   6   9   5  $12    0.001     5.6778  74916.38   0.0     71.09   0.5  21.07.2025  15:26:32
  2   6  11   7  $12    0.010     8.8315   7803.27   0.0     85.67   0.1  21.07.2025  15:26:36
  2   6  12   8  $12    0.100     2.9040    684.24   0.3    994.49   0.2  21.07.2025  15:26:40
  3   7   1   5  $12    0.010    10.6657  20104.42   0.0     70.93   0.1  21.07.2025  15:26:45
  3   7   2   6  $12    0.010    20.3357   8711.81   0.1     48.70   1.1  21.07.2025  15:26:47
  3   7   4   8  $12    0.010    21.3775   9158.11   0.0    121.95   0.5  21.07.2025  15:26:49
  3   7  13   1  $12    0.100   -16.1765   2541.00   0.0     93.67   0.4  21.07.2025  15:26:53
  3   7  14   2  $12    0.010   -10.4753   7725.62   0.0      6.09   4.7  21.07.2025  15:26:58
  3   7  16   4  $12    0.010    -8.7446   7839.53   0.0     39.43   1.8  21.07.2025  15:27:00
  3   7  13   9  $12    0.100    14.1038   3323.13   0.0    -48.02   0.5  21.07.2025  15:27:03
  3   7  14  10  $12    0.010     3.2038  14531.21   0.4   -313.99   4.7  21.07.2025  15:27:08
  3   7  15  11  $12    0.100    13.0065   9806.68   0.0     -1.75   2.2  21.07.2025  15:27:12
  3   7  16  12  $12    0.100    15.0638  17302.95   0.0      5.62   1.4  21.07.2025  15:27:14
  3   7   9   5  $12    0.010     7.4380  14020.27   0.0     96.00   0.0  21.07.2025  15:27:19
  3   7  10   6  $12    0.010     7.0088   9247.94   0.2    258.47   0.3  21.07.2025  15:27:21
  3   7  12   8  $12    0.010    10.9542   9678.81   0.0    207.81   0.1  21.07.2025  15:27:23
  4   8   1   5  $12    0.010     5.8600   7732.02   0.3   -138.53   1.2  21.07.2025  15:27:25
  4   8   2   6  $12    0.010     3.8035   7169.47   0.1    178.49   2.8  21.07.2025  15:27:27
  4   8   3   7  $12    0.010    19.1348   8197.35   0.0    103.26   0.1  21.07.2025  15:27:29
  4   8  13   1  $12    0.010     1.5074   3390.27   0.2   -710.37   0.4  21.07.2025  15:27:33
  4   8  14   2  $12    0.010    -0.8157   1281.36   0.0    764.47   0.2  21.07.2025  15:27:38
  4   8  15   3  $12    0.010    -7.4828   5518.66   0.0     93.73   1.0  21.07.2025  15:27:40
  4   8  13   9  $12    0.010     4.7750   4219.04   0.1   -165.21   0.9  21.07.2025  15:27:42
  4   8  14  10  $12    0.001     3.0413  71658.38   0.0   -387.85   1.0  21.07.2025  15:27:47
  4   8  15  11  $12    0.100    16.9856   7704.09   0.1    -71.13   3.4  21.07.2025  15:27:53
  4   8  16  12  $12    0.100    13.5272  10199.25   0.3    306.89   1.7  21.07.2025  15:27:55
  4   8   9   5  $12    0.010     2.0353    871.93   0.4   -311.12   3.2  21.07.2025  15:28:00
  4   8  10   6  $12    0.010   -22.9111  43186.43   0.0   -330.52   0.5  21.07.2025  15:28:02
  4   8  11   7  $12    0.010     9.0699  11967.39   0.0    149.87   0.1  21.07.2025  15:28:04
  5   9   6  10  $12    0.001    10.8603  46525.54   0.0    -14.11  13.6  21.07.2025  15:28:09
  5   9   7  11  $12    0.010     9.0331  17026.92   0.0     78.63   0.0  21.07.2025  15:28:12
  5   9   8  12  $12    0.100    18.3798   2425.15   0.0    102.14   0.1  21.07.2025  15:28:16
  5   9   2   6  $12    0.001    -6.4097  84574.13   0.0     59.32   0.2  21.07.2025  15:28:24
  5   9   3   7  $12    0.010    -8.2439  15539.32   0.0     68.98   0.1  21.07.2025  15:28:28
  5   9   4   8  $12    0.010    -3.3779   1447.11   0.1   -461.94   1.2  21.07.2025  15:28:30
  5   9   1  13  $12    0.100     7.1255   1790.82   0.0    340.99   0.2  21.07.2025  15:28:34
  5   9   2  14  $12    0.100     7.3240   1647.23   0.0     30.80   4.3  21.07.2025  15:28:36
  5   9   3  15  $12    0.100     6.0670    953.00   0.0    124.63   0.2  21.07.2025  15:28:38
  5   9   4  16  $12    0.100    -4.8250    355.85   0.1   -285.03   1.0  21.07.2025  15:28:40
  5   9  14  10  $12    0.001     4.6763  41318.71   0.2   -119.42   2.9  21.07.2025  15:28:47
  5   9  15  11  $12    0.100     6.4854   1528.09   0.0    -33.36   0.1  21.07.2025  15:28:53
  5   9  16  12  $12    0.100     2.3984   1087.82   0.0      3.80   3.1  21.07.2025  15:28:55
  6  10   5   9  $12    0.001    10.9042  46713.46   0.0      6.49   5.5  21.07.2025  15:29:03
  6  10   7  11  $12    0.001     2.1313   9130.64   0.7      8.23  33.0  21.07.2025  15:29:05
  6  10   8  12  $12    0.010     2.8068   5290.66   0.0    268.37   0.0  21.07.2025  15:29:09
  6  10   1   5  $12    0.001    -7.5610  66806.60   0.0     -1.43   7.7  21.07.2025  15:29:14
  6  10   3   7  $12    0.010    -7.9238  10455.25   0.0    148.33   0.0  21.07.2025  15:29:18
  6  10   4   8  $12    0.001     2.5125  47359.24   0.2   -378.67   0.3  21.07.2025  15:29:23
  6  10   1  13  $12    0.010     6.3550  14292.97   0.0   -411.81   0.0  21.07.2025  15:29:27
  6  10   2  14  $12    0.010     6.5862  16552.86   0.0   -253.88   0.4  21.07.2025  15:29:29
  6  10   3  15  $12    0.010     4.4213   9943.92   0.1   -341.51   0.7  21.07.2025  15:29:31
  6  10   4  16  $12    0.001     2.4772  38911.99   0.1   -286.22   2.1  21.07.2025  15:29:36
  6  10  13   9  $12    0.001     2.8717  37891.44   0.1    136.56   2.6  21.07.2025  15:29:38
  6  10  15  11  $12    0.010     7.5376   6660.05   0.0    145.93   0.0  21.07.2025  15:29:42
  6  10  16  12  $12    0.010     1.4083   3318.24   0.0    -39.30   2.4  21.07.2025  15:29:47
  7  11   5   9  $12    0.010     9.5097  17925.40   0.2     78.51   2.5  21.07.2025  15:29:49
  7  11   6  10  $12    0.010    17.7389   7599.31   0.0     20.45   2.4  21.07.2025  15:29:51
  7  11   8  12  $12    0.010    15.0200   6434.57   0.0    126.95   0.1  21.07.2025  15:29:53
  7  11   1   5  $12    0.010    -8.1225  19138.31   0.2     81.30   1.9  21.07.2025  15:29:55
  7  11   2   6  $12    0.010    -8.8920   7856.69   0.1     98.12   1.1  21.07.2025  15:29:57
  7  11   4   8  $12    0.010   -11.6258  15339.83   0.2    158.96   0.3  21.07.2025  15:29:59
  7  11   1  13  $12    0.100     7.7108   1211.21   0.0     59.68   0.5  21.07.2025  15:30:03
  7  11   2  14  $12    0.100    13.5616   3050.13   0.0      1.06  15.1  21.07.2025  15:30:05
  7  11   3  15  $12    0.100    14.2601   3583.95   0.0      9.78   4.1  21.07.2025  15:30:07
  7  11   4  16  $12    0.100     7.2085   1621.27   0.1     15.75  13.7  21.07.2025  15:30:09
  7  11  13   9  $12    0.100     5.7429   1082.51   0.2     33.50   1.5  21.07.2025  15:30:11
  7  11  14  10  $12    0.010     6.6989   8838.99   0.0     -7.69  30.3  21.07.2025  15:30:16
  7  11  16  12  $12    0.010     2.5386   2243.02   0.5    -17.74  15.2  21.07.2025  15:30:18
  8  12   5   9  $12    0.100    16.6230   2193.36   0.0     47.95   3.7  21.07.2025  15:30:22
  8  12   6  10  $12    0.010     2.8174   5310.73   0.2     77.06   4.1  21.07.2025  15:30:28
  8  12   7  11  $12    0.010    12.9117   5531.36   0.1     86.72   1.1  21.07.2025  15:30:30
  8  12   1   5  $12    0.100    -6.6697   3025.17   0.1    -33.75   3.8  21.07.2025  15:30:34
  8  12   2   6  $12    0.100     1.0616    250.13   0.8  -1094.01   0.1  21.07.2025  15:30:38
  8  12   3   7  $12    0.010    -7.7570   6853.87   0.2    127.40   0.2  21.07.2025  15:30:43
  8  12   1  13  $12    0.100     8.1657    602.23   0.0      8.84   2.0  21.07.2025  15:30:47
  8  12   2  14  $12    0.100    17.3588   2726.71   0.0    -10.91   2.1  21.07.2025  15:30:49
  8  12   3  15  $12    0.100    18.0956   4069.88   0.0     -5.12   1.6  21.07.2025  15:30:51
  8  12  16   4  $12    0.100   -16.2720   4089.61   0.0    -41.17   2.2  21.07.2025  15:30:53
  8  12   9  13  $12    0.100    -1.5732     67.40   0.4    211.60   3.0  21.07.2025  15:30:57
  8  12  10  14  $12    0.100    -8.7642   1652.02   0.1    -51.62  29.4  21.07.2025  15:30:59
  8  12  11  15  $12    0.010    -2.5335   3342.87   0.0     19.21   1.1  21.07.2025  15:31:04
  9  13  10  14  $12    0.001     3.0556  13090.21   0.4    364.97   0.9  21.07.2025  15:31:09
  9  13  11  15  $12    0.010     2.6888   5068.27   0.0     68.42   0.7  21.07.2025  15:31:13
  9  13  12  16  $12    0.100    15.9286   2101.73   0.0     25.08   4.2  21.07.2025  15:31:17
  9  13   6  10  $12    0.001    -2.4162  31880.40   0.2    355.05   3.4  21.07.2025  15:31:25
  9  13   7  11  $12    0.100    -7.0309   1325.29   0.0     -0.92  33.1  21.07.2025  15:31:30
  9  13   8  12  $12    0.100    -0.2518     10.79   0.3   4217.63   0.2  21.07.2025  15:31:36
  9  13   5   1  $12    0.100    -0.4429    333.95  44.9 -24859.92  79.1  21.07.2025  15:31:42
  9  13   6   2  $12    0.100    22.6506  10273.55   0.2    154.14   1.5  21.07.2025  15:31:44
  9  13   7   3  $12    0.100     9.8211   2314.04   0.8    572.25   2.8  21.07.2025  15:31:46
  9  13   8   4  $12    0.010     6.4476   5696.94   0.2   -243.73   0.0  21.07.2025  15:31:51
  9  13   2  14  $12    0.010     4.8977   3612.10   0.1    139.66   0.3  21.07.2025  15:31:53
  9  13   3  15  $12    0.100    16.5894   2605.86   0.6   -871.33   0.2  21.07.2025  15:31:57
  9  13   4  16  $12    0.010    -4.7882  10769.01   0.2   -296.83   0.3  21.07.2025  15:32:02
 10  14   9  13  $12    0.001     3.8423  16460.22   0.0     95.71   1.3  21.07.2025  15:32:06
 10  14  11  15  $12    0.010     9.5199   4078.31   0.0    190.84   0.0  21.07.2025  15:32:10
 10  14  12  16  $12    0.010     2.2898   4316.11   0.0    104.24   0.2  21.07.2025  15:32:12
 10  14   5   9  $12    0.001    -4.3021  38011.85   0.0      7.21   3.2  21.07.2025  15:32:17
 10  14   7  11  $12    0.010    -8.2165  10841.42   0.0     31.52   1.9  21.07.2025  15:32:21
 10  14   8  12  $12    0.010    -0.4302    810.94   0.2   1242.50   0.5  21.07.2025  15:32:27
 10  14   5   1  $12    0.010    -7.6314  87657.31   0.1   -234.27   1.8  21.07.2025  15:32:29
 10  14   6   2  $12    0.010     5.8693  44253.15   0.1   -182.83   0.8  21.07.2025  15:32:31
 10  14   7   3  $12    0.010     2.6533  12034.64   0.0   -147.73   1.0  21.07.2025  15:32:33
 10  14   8   4  $12    0.001     2.9467  69429.12   0.2   -358.65   1.4  21.07.2025  15:32:38
 10  14   1  13  $12    0.010     2.7967   2507.29   0.0    535.86   0.1  21.07.2025  15:32:42
 10  14   3  15  $12    0.010    -1.5389   1134.93   0.1  -1225.28   0.3  21.07.2025  15:32:47
 10  14   4  16  $12    0.001    -2.7591  43339.40   0.0   -379.00   0.5  21.07.2025  15:32:52
 11  15   9  13  $12    0.010     2.8864   5440.81   0.1     13.04  15.1  21.07.2025  15:32:56
 11  15  10  14  $12    0.010    10.1169   4334.06   0.1     48.71   2.5  21.07.2025  15:32:58
 11  15  12  16  $12    0.010     8.9973   3854.43   0.1     37.82   3.5  21.07.2025  15:33:00
 11  15   5   9  $12    0.100    -5.7525   1355.39   0.0     18.24   1.1  21.07.2025  15:33:04
 11  15   6  10  $12    0.010    -5.7871   5113.30   0.1     45.72   4.1  21.07.2025  15:33:09
 11  15   8  12  $12    0.010    -2.6138   3448.89   0.5      6.92  71.6  21.07.2025  15:33:11
 11  15   5   1  $12    0.100    12.1649  20064.05   0.0     46.66   0.2  21.07.2025  15:33:15
 11  15   6   2  $12    0.100    13.2317  15198.47   0.0     -2.66  43.4  21.07.2025  15:33:17
 11  15   7   3  $12    0.100    12.7176   9588.86   0.0     -1.93   9.5  21.07.2025  15:33:19
 11  15   8   4  $12    0.100    13.1384   5959.16   0.0    -74.80   0.4  21.07.2025  15:33:21
 11  15   1  13  $12    0.100     9.3692  20603.97   0.0     25.86   0.7  21.07.2025  15:33:23
 11  15   2  14  $12    0.100    16.3958   1469.89   0.0    114.25   0.1  21.07.2025  15:33:25
 11  15   4  16  $12    0.010     4.8609   3584.96   0.0     44.92   1.8  21.07.2025  15:33:30
 12  16   9  13  $12    0.100    16.9644   2238.40   0.0      4.66   9.8  21.07.2025  15:33:33
 12  16  10  14  $12    0.010     2.5504   4807.43   0.5     98.43   8.0  21.07.2025  15:33:38
 12  16  11  15  $12    0.010     8.5263   3652.66   0.0     29.55   5.6  21.07.2025  15:33:40
 12  16   5   9  $12    0.100    -3.0828   1398.26   0.0      4.49  16.5  21.07.2025  15:33:44
 12  16   6  10  $12    0.100    -8.8501   2085.25   0.2    151.12   1.8  21.07.2025  15:33:46
 12  16   7  11  $12    0.010    -2.4811   2192.27   0.0     19.70   3.2  21.07.2025  15:33:51
 12  16   5   1  $12    0.100    11.3137  25657.71   0.0     11.05   1.5  21.07.2025  15:33:55
 12  16   6   2  $12    0.100    14.7827  24381.59   0.1     -4.32   3.0  21.07.2025  15:33:57
 12  16   7   3  $12    0.100    15.0953  17339.12   0.0      3.17  26.7  21.07.2025  15:33:59
 12  16   8   4  $12    0.100    18.1253  13666.18   0.0     -4.19   5.3  21.07.2025  15:34:01
 12  16  13   1  $12    0.100    -2.6156    255.82   0.1    -12.07  11.9  21.07.2025  15:34:03
 12  16  14   2  $12    1.000   -17.6957   3891.48   0.0     37.97   1.7  21.07.2025  15:34:07
 12  16  15   3  $12    0.010    -4.5211   4053.17   0.0     58.79   0.5  21.07.2025  15:34:15
 13   1  14   2  $12    0.010    13.5713   4654.12   0.0     65.18   0.4  21.07.2025  15:34:17
 13   1  15   3  $12    0.010     3.3301   2525.26   0.1     54.91   1.1  21.07.2025  15:34:19
 13   1  16   4  $12    0.100     6.7004    861.14   0.3    356.75   0.5  21.07.2025  15:34:23
 13   1  10  14  $12    0.010    -2.1099   1891.57   0.4    857.39   2.2  21.07.2025  15:34:28
 13   1  11  15  $12    0.100    -9.2408  20321.68   0.0     47.08   0.2  21.07.2025  15:34:32
 13   1  12  16  $12    0.100    -2.7914    273.01   0.0     28.16   0.5  21.07.2025  15:34:34
 13   1   9   5  $12    0.100    11.7500   2953.09   0.1    -23.80   4.8  21.07.2025  15:34:36
 13   1  10   6  $12    0.010     4.4660  10044.53   0.8   -324.42   0.6  21.07.2025  15:34:41
 13   1  11   7  $12    0.100     7.7666   1219.98   0.0     14.11   0.3  21.07.2025  15:34:45
 13   1  12   8  $12    0.100     8.0815    596.02   0.0    -27.61   0.3  21.07.2025  15:34:48
 13   1   6   2  $12    0.010     6.9375   5116.47   0.1     24.37   0.4  21.07.2025  15:34:52
 13   1   7   3  $12    0.100    14.9353   2346.03   0.0      3.50   5.7  21.07.2025  15:34:56
 13   1   8   4  $12    0.100    -5.2389   1178.27   0.2   -510.60   0.4  21.07.2025  15:34:58
 14   2  13   1  $12    0.010    14.4114   4942.21   0.0     45.78   0.8  21.07.2025  15:35:03
 14   2  15   3  $12    0.010    13.7182   4704.50   0.2     32.78   5.0  21.07.2025  15:35:05
 14   2  16   4  $12    0.010     3.0785   2334.50   0.0    134.34   2.5  21.07.2025  15:35:07
 14   2   9  13  $12    0.010    -5.0070   3692.72   0.1    107.27   2.4  21.07.2025  15:35:09
 14   2  11  15  $12    0.100   -15.7338   1410.54   0.0    201.45   0.0  21.07.2025  15:35:13
 14   2  12  16  $12    1.000    -5.6378   1239.83   0.3    142.10   3.7  21.07.2025  15:35:17
 14   2   9   5  $12    0.100    11.7832   2650.14   0.3     -3.79  82.6  21.07.2025  15:35:22
 14   2  10   6  $12    0.010     7.3881  18568.41   0.2   -226.12   0.6  21.07.2025  15:35:27
 14   2  11   7  $12    0.100    13.5699   3052.01   0.0     17.80   0.2  21.07.2025  15:35:30
 14   2  12   8  $12    0.100    18.0389   2833.55   0.0    -31.24   0.1  21.07.2025  15:35:32
 14   2   5   1  $12    0.010     7.4995   6723.31   0.0     35.25   0.6  21.07.2025  15:35:37
 14   2   7   3  $12    0.010    10.4147   7680.91   0.1     -7.17  21.9  21.07.2025  15:35:39
 14   2   8   4  $12    0.100     8.1085   1273.68   0.3    931.92   0.1  21.07.2025  15:35:43
 15   3  13   1  $12    0.010     3.4896   2646.20   0.0     41.14   1.5  21.07.2025  15:35:48
 15   3  14   2  $12    0.010    13.3834   4589.68   0.0     21.57   1.9  21.07.2025  15:35:50
 15   3  16   4  $12    0.010    14.2450   4885.14   0.0     56.38   0.7  21.07.2025  15:35:52
 15   3   9  13  $12    0.100    -5.2628    826.67   0.0    348.96   0.2  21.07.2025  15:35:56
 15   3  10  14  $12    0.100    13.3892    987.46   0.0  -1017.60   0.4  21.07.2025  15:35:58
 15   3  12  16  $12    0.010    -4.4514   3990.66   0.0     64.18   0.0  21.07.2025  15:36:03
 15   3   9   5  $12    0.100     9.2335   1450.39   0.0    -13.68   3.0  21.07.2025  15:36:07
 15   3  10   6  $12    0.010     4.3190   9713.78   0.1   -359.87   0.9  21.07.2025  15:36:12
 15   3  11   7  $12    0.100    14.4811   3639.49   0.0     14.28   1.1  21.07.2025  15:36:16
 15   3  12   8  $12    0.100    18.5388   4169.56   0.0     -8.08   0.4  21.07.2025  15:36:18
 15   3   5   1  $12    0.100    19.3253  42498.59   0.0     -3.07  31.2  21.07.2025  15:36:20
 15   3   6   2  $12    0.010    10.7366   9625.42   0.0      5.13   0.7  21.07.2025  15:36:25
 15   3   8   4  $12    0.010     7.7035   5681.38   0.1     54.81   5.5  21.07.2025  15:36:27
 16   4  13   1  $12    0.100    -3.2354    415.82   6.8   3628.78  12.4  21.07.2025  15:36:35
 16   4  14   2  $12    0.010     2.7282   2068.87   0.2    208.53   0.5  21.07.2025  15:36:40
 16   4  15   3  $12    0.010    13.9305   4777.29   0.0     48.36   1.0  21.07.2025  15:36:42
 16   4   9  13  $12    0.010     4.7443  10670.33   0.1   -253.15   0.9  21.07.2025  15:36:44
 16   4  10  14  $12    0.001     3.2584  51182.94   0.3   -480.33   2.2  21.07.2025  15:36:49
 16   4  11  15  $12    0.010    -4.4636   3291.93   0.0     80.61   0.1  21.07.2025  15:36:53
 16   4   9   5  $12    0.010     3.0944   2282.14   0.6   -316.94   0.5  21.07.2025  15:36:55
 16   4  10   6  $12    0.001     3.1166  48955.40   0.3   -396.62   1.2  21.07.2025  15:37:00
 16   4  11   7  $12    0.100    13.2778   2986.31   0.3   -712.84   0.4  21.07.2025  15:37:05
 16   4  12   8  $12    0.100    17.9038   4499.73   0.1    104.52   3.2  21.07.2025  15:37:07
 16   4   5   1  $12    0.010     1.7375   1699.40   0.0    269.89   0.9  21.07.2025  15:37:12
 16   4   6   2  $12    0.010     2.0519  45122.75   0.6    213.00   4.9  21.07.2025  15:37:15
 16   4   7   3  $12    0.010     8.7083   7806.98   0.1     32.68   7.8  21.07.2025  15:37:17
  1   4   2   3  $12    0.010    12.7563   8015.02   0.0    -18.39   5.8  21.07.2025  15:37:19
  2   3   1   4  $12    0.010    12.7674   8021.96   0.3     -0.51 372.6  21.07.2025  15:37:21
  1   2   3   4  $12    0.010    -7.3307  13818.12   0.0    -69.62   0.8  21.07.2025  15:37:23
  3   4   1   2  $12    0.010    -7.3401  13835.80   0.0    -78.79   0.8  21.07.2025  15:37:25
  5   8   6   7  $12    0.001     6.6456  41755.79   0.0     97.28   0.0  21.07.2025  15:37:30
  6   7   5   8  $12    0.001     6.5336  41051.89   0.2    111.34   1.8  21.07.2025  15:37:32
  5   6   7   8  $12    0.010    -2.5748   4853.29   0.1     37.06   0.4  21.07.2025  15:37:37
  7   8   5   6  $12    0.010    -2.3347   4400.79   0.2     11.41  40.5  21.07.2025  15:37:39
  9  12  10  11  $12    0.001     3.1850  20012.23   0.8    129.58   1.4  21.07.2025  15:37:44
 10  11   9  12  $12    0.001     3.3685  21165.02   0.4     64.42   7.9  21.07.2025  15:37:46
  9  10  11  12  $12    0.010    -5.9467  11209.28   0.0     52.64   0.2  21.07.2025  15:37:49
 11  12   9  10  $12    0.010    -5.0848   9584.57   0.1     44.86  20.1  21.07.2025  15:37:51
 13  16  14  15  $12    0.010    10.1170   6356.71   0.0     62.54   1.9  21.07.2025  15:37:53
 14  15  13  16  $12    0.010    10.3436   6499.10   0.0     58.26   0.1  21.07.2025  15:37:55
 13  14  15  16  $12    0.100    -6.3111   1189.62   0.0    356.89   0.0  21.07.2025  15:37:59
  1   9  10   2  $12    0.001    -4.3359  15603.10   0.3    113.37   3.4  21.07.2025  15:38:07
  1   9  11   3  $12    0.010    -4.6483   3982.63   0.0      7.25  18.5  21.07.2025  15:38:11
  1   9  12   4  $12    0.010    -6.6563  11130.32   0.1   -171.09   3.0  21.07.2025  15:38:13
  2  10   9   1  $12    0.001    -4.6133  16601.09   0.0     27.10   1.3  21.07.2025  15:38:18
  2  10  11   3  $12    0.001    -2.2949   8258.37   0.1      6.05  16.3  21.07.2025  15:38:20
  2  10  12   4  $12    0.001    -2.9007  24853.17   0.0   -168.90   1.6  21.07.2025  15:38:22
  3  11   9   1  $12    0.010    -4.6720   4002.93   0.0     20.69   2.3  21.07.2025  15:38:25
  3  11  10   2  $12    0.010   -22.1142   7957.91   0.0    -32.31   2.5  21.07.2025  15:38:27
  3  11  12   4  $12    0.010   -13.7361   4942.99   0.0     32.99   1.5  21.07.2025  15:38:29
 12   4   9   1  $12    0.010     6.2594  10466.64   0.1    -87.56   2.3  21.07.2025  15:38:32
 12   4  10   2  $12    0.001     3.3855  29007.20   0.4   -281.17   0.9  21.07.2025  15:38:37
 12   4  11   3  $12    0.010    13.9233   5010.36   0.0     26.73   0.5  21.07.2025  15:38:40
 13   5  14   6  $12    0.001     7.2196  25980.16   0.0     96.28   0.0  21.07.2025  15:38:45
 13   5  15   7  $12    0.010    10.5423   9032.66   0.0     74.92   0.2  21.07.2025  15:38:49
 13   5  16   8  $12    0.010     3.4374   5747.80   0.0     30.09   1.7  21.07.2025  15:38:51
 14   6  13   5  $12    0.001     7.1770  25826.83   0.1     88.93   0.4  21.07.2025  15:38:56
 14   6  15   7  $12    0.010    14.5707   5243.36   0.0     88.49   0.0  21.07.2025  15:39:00
 14   6  16   8  $12    0.010     3.9539   3387.70   0.0     69.62   0.1  21.07.2025  15:39:02
 15   7  13   5  $12    0.010    11.1525   9555.43   0.1     86.04   3.6  21.07.2025  15:39:04
 15   7  14   6  $12    0.010    14.6757   5281.12   0.0     80.22   0.2  21.07.2025  15:39:06
 15   7  16   8  $12    0.010    19.0952   6871.51   0.0    112.21   0.0  21.07.2025  15:39:08
 16   8  13   5  $12    0.010     3.3694   5634.08   0.0     65.78   1.0  21.07.2025  15:39:10
 16   8  14   6  $12    0.010     3.9286   3366.00   0.2     31.30   3.3  21.07.2025  15:39:12
 16   8  15   7  $12    0.010    18.0292   6487.89   0.0     76.18   0.0  21.07.2025  15:39:14
  1   2   5   6  $12    0.100     2.4054   4534.04   0.4   -192.74   1.0  21.07.2025  15:39:18
  2   3   6   7  $12    0.100     1.1947   2251.89   0.5    132.07   5.0  21.07.2025  15:39:24
  3   4   7   8  $12    0.100    -8.4908  16004.83   0.7  -2380.07   0.3  21.07.2025  15:39:26
  1   2   9  10  $12    0.100   -14.1882 224651.33   0.1   -505.63   0.2  21.07.2025  15:39:28
  2   3  10  11  $12    0.010    -2.9121 461091.72   0.1   -248.32   0.9  21.07.2025  15:39:32
  3   4  11  12  $12    0.100    -2.7379  43350.97   0.5   -392.04   1.9  21.07.2025  15:39:36
  1   2  13  14  $12    0.100    -0.7012  37803.08   0.1   -730.09   0.1  21.07.2025  15:39:42
  2   3  14  15  $12    0.100     0.9173  49453.74   0.4    290.59   0.2  21.07.2025  15:39:47
  3   4  15  16  $12    0.100   -10.1053 544774.67   0.1   -954.99   0.1  21.07.2025  15:39:49
  5   6   9  10  $12    0.010    11.4066 215009.31   0.0   -385.27   0.2  21.07.2025  15:39:54
  6   7  10  11  $12    0.100    -5.1988   9799.53   0.4  -1476.84   1.0  21.07.2025  15:40:02
  7   8  11  12  $12    1.000     4.0982    772.49   0.0    -39.65   1.3  21.07.2025  15:40:06
  5   6  13  14  $12    0.100    16.6275 263273.16   0.1   -876.64   0.0  21.07.2025  15:40:11
  6   7  14  15  $12    1.000     7.1463  11315.13   0.4   -123.40   2.2  21.07.2025  15:40:15
  7   8  15  16  $12    1.000     2.9872   4729.83   0.2   -203.75   0.7  21.07.2025  15:40:17
  9  10  13  14  $12    0.010    -2.4704  46566.00   0.1   -654.12   0.1  21.07.2025  15:40:26
 10  11  14  15  $12    0.010    -0.8407  15847.64   0.5   -787.82   0.8  21.07.2025  15:40:31
 11  12  15  16  $12    1.000     2.3989    452.19   0.0     39.08   0.6  21.07.2025  15:40:37
  1   2   6   7  $12    0.100     7.4327  28020.54   0.0    -16.94   0.7  21.07.2025  15:40:42
  2   3   7   8  $12    0.100     0.0920    346.81   2.0   2899.72   1.7  21.07.2025  15:40:56
  1   2   7   8  $12    0.100     3.8577  25450.36   0.0    -71.24   0.4  21.07.2025  15:40:58
  2   3   7   8  $12    0.100     0.0239     89.99   0.8  12269.60   1.1  21.07.2025  15:41:12
  1   2  10  11  $12    0.010     3.7032 837634.50   0.2   -411.37   0.8  21.07.2025  15:41:17
  2   3  11  12  $12    0.100     0.2444   5529.07   1.0   -394.98   2.7  21.07.2025  15:41:24
  1   2  11  12  $12    0.100     0.1195   3716.33   0.1    384.75   0.2  21.07.2025  15:41:37
  2   3  11  12  $12    0.100     0.2304   5211.22   0.1   -405.06   0.4  21.07.2025  15:41:43
  1   2  14  15  $12    0.100     4.3126 295899.42   0.1    -64.44   1.3  21.07.2025  15:41:45
  2   3  15  16  $12    0.100     1.1579  79443.01   0.7   -282.61   4.3  21.07.2025  15:41:50
  1   2  15  16  $12    0.100     1.3307 114129.00   0.0    168.29   0.8  21.07.2025  15:41:55
  2   3  15  16  $12    0.100     1.1433  78445.79   0.0   -294.84   0.5  21.07.2025  15:42:01
  5   6  10  11  $12    0.010   -13.1569 496002.64   0.3   -341.18   0.5  21.07.2025  15:42:05
  6   7  11  12  $12    1.000     6.2151   2343.03   0.1     10.76   3.1  21.07.2025  15:42:11
  5   6  11  12  $12    0.100    -0.8737   5764.17   0.2  -2770.96   0.1  21.07.2025  15:42:16
  6   7  11  12  $12    1.000     6.2500   2356.21   0.0     12.54   2.8  21.07.2025  15:42:20
  5   6  14  15  $12    0.100    -7.1358 161408.12   0.1   -768.24   0.0  21.07.2025  15:42:26
  6   7  15  16  $12    1.000     4.4302  10020.89   0.1     48.33   3.4  21.07.2025  15:42:29
  5   6  15  16  $12    0.100     9.1989 286102.65   0.1   -967.56   0.0  21.07.2025  15:42:35
  6   7  15  16  $12    1.000     4.4135   9983.01   0.0     40.65   2.1  21.07.2025  15:42:38
  9  10  14  15  $12    0.010     0.9205  34700.36   0.1   -669.98   0.0  21.07.2025  15:42:47
 10  11  15  16  $12    0.010     0.7817  29471.21   0.4   -869.62   0.8  21.07.2025  15:42:52
  9  10  15  16  $12    0.010    -0.5424  35786.92   0.2   -925.38   0.1  21.07.2025  15:42:58
 10  11  15  16  $12    0.010     0.7568  28529.43   0.0   -897.02   0.2  21.07.2025  15:43:03
