//C:\Users\user\Desktop\GeoTom\GeoTomE724.ini
//- Cable direction:
//  cable I: normal
//  cable II: normal
//  cable III: normal
//  cable IV: normal
//- Cable arrangement: sequential
//- Optimization: Last measurement
//- Sorting: Multi-level
//- Current levels: 0.001 mA .. 50.0 mA
Type:         Flow
Name:         Hyprop
Comment:      Example of a measurements sequence
Comment:      
Comment:      
Spacing:      1.00000
First El:     0.00000
Nr of points: 289
IP present:   1

  1   5   2   6  $12    0.010    13.7819   5904.16   0.0     75.84   0.0  19.07.2025  08:25:05
  1   5   3   7  $12    0.010     3.2201   6069.74   0.0      4.44   4.3  19.07.2025  08:25:08
  1   5   4   8  $12    0.010     2.2394   2954.87   0.0   -148.95   2.7  19.07.2025  08:25:10
  1   5  14   2  $12    0.100   -17.2432   1545.86   0.0    -10.80   0.7  19.07.2025  08:25:13
  1   5  15   3  $12    0.100    -8.8553  19473.89   0.0    -36.12   0.1  19.07.2025  08:25:15
  1   5  16   4  $12    0.100    -8.8705    867.57   0.1   -473.80   0.1  19.07.2025  08:25:17
  1   5  13   9  $12    0.100     9.2016   6937.85   0.0    444.96   0.1  19.07.2025  08:25:19
  1   5  14  10  $12    0.100    -0.8410    966.06   0.3 -11274.67   0.4  19.07.2025  08:25:22
  1   5  15  11  $12    0.100    10.2958  16981.21   0.0     -3.52   3.8  19.07.2025  08:25:24
  1   5  16  12  $12    0.100    10.0519  22796.08   0.0    -11.65   0.3  19.07.2025  08:25:26
  1   5  10   6  $12    0.010    11.6828  10322.64   0.0      5.77   7.7  19.07.2025  08:25:31
  1   5  11   7  $12    0.100    12.5734   2962.53   0.0     31.72   0.2  19.07.2025  08:25:34
  1   5  12   8  $12    0.100     4.0519   1837.82   0.0     18.85   1.2  19.07.2025  08:25:36
  2   6   1   5  $12    0.010    11.3398   4857.97   0.1     37.19   0.4  19.07.2025  08:25:41
  2   6   3   7  $12    0.010     9.0336   3869.97   0.0     -1.26 112.2  19.07.2025  08:25:43
  2   6   4   8  $12    0.010     3.7893   7142.73   0.1      4.79  21.1  19.07.2025  08:25:45
  2   6  13   1  $12    0.100   -18.5154   1365.53   0.0     25.23   0.3  19.07.2025  08:25:49
  2   6  15   3  $12    0.010    -5.9162   5303.92   0.0      6.09   1.1  19.07.2025  08:25:54
  2   6  16   4  $12    0.010    -2.1246  46722.01   0.0     13.20  23.7  19.07.2025  08:25:56
  2   6  13   9  $12    0.100    13.7543   6238.51   0.0    -12.85   1.4  19.07.2025  08:26:00
  2   6  14  10  $12    0.100    13.6663  10304.11   0.0    -33.68   0.8  19.07.2025  08:26:02
  2   6  15  11  $12    0.100    11.8179  13574.62   0.0      0.24  18.5  19.07.2025  08:26:04
  2   6  16  12  $12    0.100    12.6431  20852.64   0.0      1.19   2.1  19.07.2025  08:26:06
  2   6   9   5  $12    0.010     8.3171  10974.15   0.0     55.07   0.7  19.07.2025  08:26:11
  2   6  11   7  $12    0.100    19.0894   1686.69   0.0      4.57   2.1  19.07.2025  08:26:15
  2   6  12   8  $12    0.100     2.7753    653.92   0.0      8.11   1.4  19.07.2025  08:26:17
  3   7   1   5  $12    0.010     3.2728   6168.99   0.1      3.59  66.1  19.07.2025  08:26:22
  3   7   2   6  $12    0.010     9.0400   3872.74   0.0      2.28  30.9  19.07.2025  08:26:24
  3   7   4   8  $12    0.010     9.3538   4007.14   0.0      4.64  17.5  19.07.2025  08:26:26
  3   7  13   1  $12    0.100    -8.6304   1355.65   0.0     19.38   0.5  19.07.2025  08:26:29
  3   7  14   2  $12    0.010    -5.7656   4252.19   0.0      6.21   0.4  19.07.2025  08:26:34
  3   7  16   4  $12    0.010    -4.1837   3750.70   0.1     11.64   8.0  19.07.2025  08:26:36
  3   7  13   9  $12    0.100    11.3624   2677.20   0.0     -7.98   1.7  19.07.2025  08:26:40
  3   7  14  10  $12    0.100    11.7626   5335.12   0.1    -22.17   9.1  19.07.2025  08:26:42
  3   7  15  11  $12    0.100    12.3204   9289.38   0.0      2.54   4.7  19.07.2025  08:26:44
  3   7  16  12  $12    0.100    13.8685  15929.92   0.0      1.59   0.6  19.07.2025  08:26:46
  3   7   9   5  $12    0.100    12.4003   2337.41   0.0     14.46   2.1  19.07.2025  08:26:48
  3   7  10   6  $12    0.100    20.6449   2724.03   0.0     21.48   0.4  19.07.2025  08:26:50
  3   7  12   8  $12    0.010     3.7452   3309.15   0.0      7.62   1.4  19.07.2025  08:26:55
  4   8   1   5  $12    0.010     2.3002   3035.00   0.2   -200.60   2.1  19.07.2025  08:26:57
  4   8   2   6  $12    0.010     3.7008   6975.88   0.0      6.43  10.9  19.07.2025  08:26:59
  4   8   3   7  $12    0.010     9.2387   3957.84   0.0      4.91   3.2  19.07.2025  08:27:01
  4   8  13   1  $12    1.000    -4.4019     99.00   4.7   1479.34   8.6  19.07.2025  08:27:11
  4   8  14   2  $12    0.100   -19.6053   3079.60   0.0     12.16   0.2  19.07.2025  08:27:16
  4   8  15   3  $12    0.010    -4.0421   2981.10   0.0     13.97   0.5  19.07.2025  08:27:21
  4   8  13   9  $12    0.100    12.9898   1147.74   0.0   -191.34   0.0  19.07.2025  08:27:25
  4   8  14  10  $12    0.100    18.3544   4324.66   0.0   -319.48   0.3  19.07.2025  08:27:27
  4   8  15  11  $12    0.100    12.7550   5785.27   0.0      0.52   6.7  19.07.2025  08:27:29
  4   8  16  12  $12    0.100    15.3066  11540.89   0.0      2.22   0.3  19.07.2025  08:27:31
  4   8   9   5  $12    0.100     5.9493    254.87   0.1   -180.06   1.2  19.07.2025  08:27:33
  4   8  10   6  $12    0.100    -0.3014     56.81   0.5 -19591.64   0.6  19.07.2025  08:27:36
  4   8  11   7  $12    0.010     3.9930   5268.63   0.0      2.72   2.6  19.07.2025  08:27:41
  5   9   6  10  $12    0.001     2.4490  10491.51   0.1     33.82  11.5  19.07.2025  08:27:46
  5   9   7  11  $12    0.010     2.3128   4359.47   0.0     14.22   3.1  19.07.2025  08:27:49
  5   9   8  12  $12    0.100    13.1890   1740.25   0.0      9.60   0.4  19.07.2025  08:27:53
  5   9   2   6  $12    0.010    -8.9620  11825.11   0.0     86.06   0.0  19.07.2025  08:27:58
  5   9   3   7  $12    0.100   -12.3628   2330.33   0.0      8.99   0.4  19.07.2025  08:28:02
  5   9   4   8  $12    0.100    -6.5764    281.73   0.2   -178.05   1.5  19.07.2025  08:28:04
  5   9   1  13  $12    0.100     8.7040   2187.54   0.1     48.92   2.3  19.07.2025  08:28:06
  5   9   2  14  $12    0.100     8.0526   1811.11   0.0     20.03   2.7  19.07.2025  08:28:08
  5   9   3  15  $12    0.100     6.5691   1031.87   0.0     20.36   1.0  19.07.2025  08:28:10
  5   9   4  16  $12    0.100     3.9992    294.95   0.3    268.40   1.5  19.07.2025  08:28:12
  5   9  14  10  $12    0.010    13.7697  12166.55   0.0    -21.81   4.1  19.07.2025  08:28:17
  5   9  15  11  $12    0.100     3.7504    883.67   0.0     -7.97   1.2  19.07.2025  08:28:21
  5   9  16  12  $12    0.100     2.6589   1205.97   0.0      5.80   1.8  19.07.2025  08:28:23
  6  10   5   9  $12    0.010    22.4951   9636.89   0.0      7.67   0.2  19.07.2025  08:28:28
  6  10   7  11  $12    0.010     4.4853   1921.50   0.3    -21.88   3.1  19.07.2025  08:28:30
  6  10   8  12  $12    0.010     2.1860   4120.59   0.0    -10.14   6.0  19.07.2025  08:28:32
  6  10   1   5  $12    0.010    -9.4959   8390.36   0.1    -25.57   8.2  19.07.2025  08:28:34
  6  10   3   7  $12    0.100   -20.2642   2673.80   0.0     12.80   0.7  19.07.2025  08:28:37
  6  10   4   8  $12    0.100    -0.8595    162.02   0.7   4668.25   1.0  19.07.2025  08:28:39
  6  10   1  13  $12    0.100    13.4184   3017.92   0.0   -135.39   0.6  19.07.2025  08:28:42
  6  10   2  14  $12    0.100     8.5371   2145.60   0.0    -55.15   0.4  19.07.2025  08:28:44
  6  10   3  15  $12    0.100     8.0524   1811.05   0.0    -76.60   0.0  19.07.2025  08:28:46
  6  10   4  16  $12    0.100    11.3739   1786.61   0.1   -309.03   0.3  19.07.2025  08:28:48
  6  10  13   9  $12    0.010    12.4058  16369.10   0.0     60.19   0.9  19.07.2025  08:28:53
  6  10  15  11  $12    0.100    14.5104   1282.10   0.0      0.13  13.7  19.07.2025  08:28:56
  6  10  16  12  $12    0.100     7.9395   1870.71   0.0    -30.87   0.2  19.07.2025  08:28:58
  7  11   5   9  $12    0.100    22.9165   4319.65   0.0      7.87   7.1  19.07.2025  08:29:00
  7  11   6  10  $12    0.010     4.3423   1860.25   0.0    -16.29   3.1  19.07.2025  08:29:05
  7  11   8  12  $12    0.010     7.6440   3274.67   0.1     -8.67  28.3  19.07.2025  08:29:07
  7  11   1   5  $12    0.100   -12.9891   3060.49   0.0     25.77   1.3  19.07.2025  08:29:11
  7  11   2   6  $12    0.100   -19.0965   1687.31   0.0     10.27   1.3  19.07.2025  08:29:13
  7  11   4   8  $12    0.010    -4.0213   5305.97   0.0     10.01  10.6  19.07.2025  08:29:18
  7  11   1  13  $12    0.100     7.1251   1119.20   0.0      7.39   1.1  19.07.2025  08:29:22
  7  11   2  14  $12    0.100     9.6635   2173.42   0.0      3.96   6.7  19.07.2025  08:29:24
  7  11   3  15  $12    0.100    10.6306   2671.76   0.0      1.83   5.0  19.07.2025  08:29:26
  7  11   4  16  $12    0.100     9.4980   2136.20   0.0      8.25  10.4  19.07.2025  08:29:29
  7  11  13   9  $12    0.100     2.9490    555.88   0.0    -35.24   7.9  19.07.2025  08:29:31
  7  11  14  10  $12    0.100    14.6051   1927.10   0.1    -12.52   2.8  19.07.2025  08:29:33
  7  11  16  12  $12    0.010     2.6978   2383.73   0.0      0.01 -2758.3  19.07.2025  08:29:37
  8  12   5   9  $12    0.100    13.4854   1779.35   0.0      7.30   1.6  19.07.2025  08:29:41
  8  12   6  10  $12    0.100    21.5852   4068.72   0.0     -1.38  27.0  19.07.2025  08:29:43
  8  12   7  11  $12    0.010     7.6171   3263.15   0.0      2.67   1.5  19.07.2025  08:29:48
  8  12   1   5  $12    0.100    -4.2728   1938.01   0.0     42.24   2.4  19.07.2025  08:29:52
  8  12   2   6  $12    0.100    -2.6939    634.74   0.1     27.71   3.2  19.07.2025  08:29:54
  8  12   3   7  $12    0.010    -3.6248   3202.74   0.0     11.43   0.5  19.07.2025  08:29:59
  8  12   1  13  $12    0.100     6.7808    500.09   0.0      4.25   1.3  19.07.2025  08:30:03
  8  12   2  14  $12    0.100    10.9550   1720.80   0.0     -0.32 122.3  19.07.2025  08:30:05
  8  12   3  15  $12    0.100    12.6650   2848.48   0.0      0.73  14.8  19.07.2025  08:30:07
  8  12  16   4  $12    0.100   -12.0940   3039.54   0.1      5.66   8.1  19.07.2025  08:30:09
  8  12   9  13  $12    0.100    -2.3885    102.32   0.8    -48.17  14.5  19.07.2025  08:30:11
  8  12  10  14  $12    0.100    -7.7843   1467.30   0.2    -29.60  12.7  19.07.2025  08:30:13
  8  12  11  15  $12    0.010    -2.6536   3501.37   0.0     10.22   1.5  19.07.2025  08:30:18
  9  13  10  14  $12    0.010    17.7717   7613.37   0.0     37.47   3.5  19.07.2025  08:30:20
  9  13  11  15  $12    0.010     2.2954   4326.68   0.2     16.01   4.2  19.07.2025  08:30:22
  9  13  12  16  $12    0.100    16.1729   2133.97   0.0     -0.08  35.8  19.07.2025  08:30:26
  9  13   6  10  $12    0.010   -12.2819  16205.57   0.0     53.16   2.1  19.07.2025  08:30:31
  9  13   7  11  $12    0.100    -2.8626    539.59   0.0    -52.54   0.9  19.07.2025  08:30:34
  9  13   8  12  $12    0.100    -2.3531    100.81   0.0      5.25   1.8  19.07.2025  08:30:37
  9  13   5   1  $12    0.100    10.0238   7557.75   0.1    321.51   0.2  19.07.2025  08:30:39
  9  13   6   2  $12    0.100    13.5657   6152.98   0.0     -9.06   2.5  19.07.2025  08:30:41
  9  13   7   3  $12    0.100    11.2368   2647.60   0.0     -8.73   0.1  19.07.2025  08:30:43
  9  13   8   4  $12    0.100    12.8437   1134.83   0.0   -135.35   0.1  19.07.2025  08:30:45
  9  13   2  14  $12    0.010     4.1243   3041.71   0.0     10.59   2.0  19.07.2025  08:30:50
  9  13   3  15  $12    0.100     8.6860   1364.39   0.0     31.34   0.0  19.07.2025  08:30:53
  9  13   4  16  $12    0.100     0.9480    213.20   0.1   1792.11   0.0  19.07.2025  08:30:57
 10  14   9  13  $12    0.010    18.0002   7711.27   0.0     30.59   0.5  19.07.2025  08:31:02
 10  14  11  15  $12    0.010     4.1358   1771.76   0.0      3.68   4.6  19.07.2025  08:31:04
 10  14  12  16  $12    0.010     2.4008   4525.39   0.0     -5.13   0.8  19.07.2025  08:31:06
 10  14   5   9  $12    0.010   -13.9304  12308.56   0.0    -26.27   0.5  19.07.2025  08:31:08
 10  14   7  11  $12    0.100   -14.0303   1851.25   0.0    -17.75   0.3  19.07.2025  08:31:12
 10  14   8  12  $12    0.100    -6.9983   1319.14   0.0     13.29   0.9  19.07.2025  08:31:14
 10  14   5   1  $12    0.100     0.8463    972.12   0.7   8792.30   0.8  19.07.2025  08:31:16
 10  14   6   2  $12    0.100    13.9385  10509.40   0.0    -32.92   0.8  19.07.2025  08:31:18
 10  14   7   3  $12    0.100    11.8911   5393.41   0.0    -21.14   0.1  19.07.2025  08:31:20
 10  14   8   4  $12    0.100    17.6633   4161.82   0.0   -232.73   0.1  19.07.2025  08:31:22
 10  14   1  13  $12    0.010     4.0100   3595.00   0.0     23.65   0.5  19.07.2025  08:31:27
 10  14   3  15  $12    0.100    14.4029   1062.23   0.0     37.92   0.1  19.07.2025  08:31:31
 10  14   4  16  $12    0.100    -0.2357     37.02   1.4 -15295.92   1.5  19.07.2025  08:31:33
 11  15   9  13  $12    0.100    23.0489   4344.62   0.0      1.27   8.8  19.07.2025  08:31:36
 11  15  10  14  $12    0.010     4.1277   1768.30   0.2      4.61  35.3  19.07.2025  08:31:40
 11  15  12  16  $12    0.010     8.8186   3777.87   0.1     -4.14  18.6  19.07.2025  08:31:42
 11  15   5   9  $12    0.100    -3.9082    920.84   0.0      9.26  11.3  19.07.2025  08:31:46
 11  15   6  10  $12    0.100   -14.7099   1299.72   0.1     -2.75  69.4  19.07.2025  08:31:48
 11  15   8  12  $12    0.010    -2.6775   3532.94   0.0      9.87   1.7  19.07.2025  08:31:53
 11  15   5   1  $12    0.100    10.3288  17035.63   0.0     -4.48  20.0  19.07.2025  08:31:57
 11  15   6   2  $12    0.100    11.8386  13598.32   0.0     -0.46  49.9  19.07.2025  08:31:59
 11  15   7   3  $12    0.100    12.3560   9316.20   0.0     -0.01 1207.4  19.07.2025  08:32:01
 11  15   8   4  $12    0.100    13.0113   5901.52   0.0      5.50   8.9  19.07.2025  08:32:03
 11  15   1  13  $12    0.100     8.8351  19429.51   0.0      0.08 132.3  19.07.2025  08:32:05
 11  15   2  14  $12    0.100    14.3080   1282.72   0.0      4.13  10.1  19.07.2025  08:32:07
 11  15   4  16  $12    0.010     4.7507   3503.68   0.0     -4.03  25.4  19.07.2025  08:32:12
 12  16   9  13  $12    0.100    16.3366   2155.57   0.0      1.42  11.5  19.07.2025  08:32:16
 12  16  10  14  $12    0.010     2.4540   4625.69   0.5     -6.92  88.0  19.07.2025  08:32:21
 12  16  11  15  $12    0.010     8.7718   3757.83   0.0      4.34  33.3  19.07.2025  08:32:23
 12  16   5   9  $12    0.100    -2.8136   1276.16   0.0     10.29   8.8  19.07.2025  08:32:26
 12  16   6  10  $12    0.100    -7.5708   1783.82   0.1      0.25 606.8  19.07.2025  08:32:28
 12  16   7  11  $12    0.010    -2.6261   2320.33   0.0      9.47   1.0  19.07.2025  08:32:33
 12  16   5   1  $12    0.100    10.0064  22692.82   0.0      0.98  50.4  19.07.2025  08:32:37
 12  16   6   2  $12    0.100    12.6607  20881.70   0.0      0.44  26.7  19.07.2025  08:32:39
 12  16   7   3  $12    0.100    13.8963  15961.95   0.0      1.46   2.2  19.07.2025  08:32:41
 12  16   8   4  $12    0.100    15.5718  11740.84   0.0      4.42   5.0  19.07.2025  08:32:43
 12  16  13   1  $12    0.100    -3.5048    342.79   0.0      8.46  10.4  19.07.2025  08:32:45
 12  16  14   2  $12    0.100    -3.6530   8033.31   0.0     11.28   5.8  19.07.2025  08:32:47
 12  16  15   3  $12    0.010    -4.6363   4156.46   0.0      4.93   3.2  19.07.2025  08:32:52
 13   1  14   2  $12    0.010     6.7371   2310.39   0.0      2.97   3.0  19.07.2025  08:32:54
 13   1  15   3  $12    0.010     2.4523   1859.65   0.1      2.84  20.0  19.07.2025  08:32:56
 13   1  16   4  $12    0.100    12.6903   1630.96   0.0     -1.84  29.6  19.07.2025  08:33:00
 13   1  10  14  $12    0.010    -3.9982   3584.37   0.1     23.29   6.2  19.07.2025  08:33:05
 13   1  11  15  $12    0.100    -8.7335  19206.00   0.0      5.73   1.6  19.07.2025  08:33:09
 13   1  12  16  $12    0.100    -3.5144    343.72   0.0      5.13   3.1  19.07.2025  08:33:11
 13   1   9   5  $12    0.100     8.8937   2235.24   0.0     -4.55   6.9  19.07.2025  08:33:13
 13   1  10   6  $12    0.100     9.2410   2078.40   0.0     -4.91  12.1  19.07.2025  08:33:15
 13   1  11   7  $12    0.100     7.1316   1120.22   0.1     -7.69   2.1  19.07.2025  08:33:17
 13   1  12   8  $12    0.100     6.7085    494.76   0.0     -3.56   0.5  19.07.2025  08:33:19
 13   1   6   2  $12    0.100    17.5366   1293.34   0.0      7.19   1.6  19.07.2025  08:33:21
 13   1   7   3  $12    0.100     8.3185   1306.66   0.0      2.30   6.6  19.07.2025  08:33:23
 13   1   8   4  $12    0.100     2.3369    525.58   0.1    -34.89   0.5  19.07.2025  08:33:25
 14   2  13   1  $12    0.010     6.8351   2344.01   0.0      9.98   2.9  19.07.2025  08:33:30
 14   2  15   3  $12    0.010     8.2800   2839.50   0.0      4.11  39.3  19.07.2025  08:33:32
 14   2  16   4  $12    0.010     3.3855   2567.26   0.1     16.82   8.4  19.07.2025  08:33:34
 14   2   9  13  $12    0.010    -4.1421   3054.83   0.2     23.50  13.5  19.07.2025  08:33:36
 14   2  11  15  $12    0.100   -14.2982   1281.84   0.0      6.81   1.3  19.07.2025  08:33:40
 14   2  12  16  $12    0.100    -3.6660   8061.89   0.0      8.09   0.4  19.07.2025  08:33:42
 14   2   9   5  $12    0.100     8.1399   1830.75   0.0     19.21   1.3  19.07.2025  08:33:44
 14   2  10   6  $12    0.100     8.7398   2196.56   0.1    -58.51   3.6  19.07.2025  08:33:46
 14   2  11   7  $12    0.100     9.7096   2183.79   0.0     -0.46  58.4  19.07.2025  08:33:48
 14   2  12   8  $12    0.100    10.9488   1719.83   0.0      1.51   3.0  19.07.2025  08:33:50
 14   2   5   1  $12    0.100    18.4131   1650.74   0.0      7.55   3.8  19.07.2025  08:33:52
 14   2   7   3  $12    0.010     5.8105   4285.31   0.0      0.14  32.6  19.07.2025  08:33:57
 14   2   8   4  $12    0.100    19.1142   3002.45   0.0      9.55   1.1  19.07.2025  08:34:01
 15   3  13   1  $12    0.010     2.4839   1883.57   0.0      4.62   6.3  19.07.2025  08:34:06
 15   3  14   2  $12    0.010     8.2113   2815.95   0.0      2.93   4.1  19.07.2025  08:34:08
 15   3  16   4  $12    0.010     9.9036   3396.30   0.0      6.79   6.2  19.07.2025  08:34:10
 15   3   9  13  $12    0.100    -8.7814   1379.37   0.0     27.96   1.0  19.07.2025  08:34:13
 15   3  10  14  $12    0.100   -14.7726   1089.49   0.1     35.63   1.3  19.07.2025  08:34:15
 15   3  12  16  $12    0.010    -4.6396   4159.46   0.0      6.31   1.2  19.07.2025  08:34:20
 15   3   9   5  $12    0.100     6.7237   1056.15   0.0     15.68   1.1  19.07.2025  08:34:24
 15   3  10   6  $12    0.100     7.6726   1725.64   0.1    -63.57   1.2  19.07.2025  08:34:26
 15   3  11   7  $12    0.100    10.6585   2678.78   0.0      2.76  18.7  19.07.2025  08:34:28
 15   3  12   8  $12    0.100    12.6352   2841.78   0.0      1.64   6.6  19.07.2025  08:34:30
 15   3   5   1  $12    0.100     9.1003  20012.59   0.0    -16.46   4.4  19.07.2025  08:34:32
 15   3   6   2  $12    0.010     5.9644   5347.14   0.0      0.50  11.7  19.07.2025  08:34:37
 15   3   8   4  $12    0.010     4.0077   2955.68   0.1      5.71  25.2  19.07.2025  08:34:39
 16   4  13   1  $12    0.100    12.5411   1611.78   0.0     33.36   0.1  19.07.2025  08:34:43
 16   4  14   2  $12    0.010     3.3970   2576.01   0.0      6.94   4.4  19.07.2025  08:34:48
 16   4  15   3  $12    0.010     9.9077   3397.73   0.0      5.91   0.6  19.07.2025  08:34:50
 16   4   9  13  $12    1.000   -15.8244    355.90   0.7    517.88   1.9  19.07.2025  08:34:55
 16   4  10  14  $12    0.100     1.5790    248.03   0.3  -3147.89   0.8  19.07.2025  08:35:00
 16   4  11  15  $12    0.010    -4.6893   3458.38   0.0      7.60   0.6  19.07.2025  08:35:05
 16   4   9   5  $12    0.100     4.2054    310.15   0.0    314.52   0.4  19.07.2025  08:35:09
 16   4  10   6  $12    0.100    13.3803   2101.77   0.0   -397.91   0.3  19.07.2025  08:35:11
 16   4  11   7  $12    0.100     9.5496   2147.79   0.0     13.58   2.1  19.07.2025  08:35:13
 16   4  12   8  $12    0.100    12.1881   3063.21   0.0     -1.15   4.9  19.07.2025  08:35:15
 16   4   5   1  $12    0.100     7.3657    720.40   0.1   -443.33   0.6  19.07.2025  08:35:17
 16   4   6   2  $12    0.100    22.4012  49262.79   0.0      4.71   1.8  19.07.2025  08:35:19
 16   4   7   3  $12    0.010     4.3248   3877.23   0.0      2.54   6.2  19.07.2025  08:35:24
  1   4   2   3  $12    0.010     3.6931   2320.42   0.0      6.51   1.0  19.07.2025  08:35:26
  2   3   1   4  $12    0.010     3.6929   2320.34   0.3     25.20   3.4  19.07.2025  08:35:28
  1   2   3   4  $12    0.010    -3.0066   5667.31   0.1     14.16   6.6  19.07.2025  08:35:30
  3   4   1   2  $12    0.010    -2.9735   5604.97   0.6     45.27   7.1  19.07.2025  08:35:32
  5   8   6   7  $12    0.010    13.4184   8431.03   0.0     77.08   0.0  19.07.2025  08:35:34
  6   7   5   8  $12    0.010    12.9261   8121.72   0.0     36.64   0.2  19.07.2025  08:35:36
  5   6   7   8  $12    0.100    -5.8744   1107.30   0.0    -49.98   0.2  19.07.2025  08:35:40
  7   8   5   6  $12    0.100    -6.0164   1134.06   0.0      1.44 216.0  19.07.2025  08:35:42
  9  12  10  11  $12    0.010    14.3222   8998.93   0.0     38.23   1.1  19.07.2025  08:35:47
 10  11   9  12  $12    0.010    14.3789   9034.55   0.0     48.46   0.8  19.07.2025  08:35:49
  9  10  11  12  $12    0.100    -6.1212   1153.82   0.0     -8.15   2.3  19.07.2025  08:35:53
 11  12   9  10  $12    0.100    -6.0672   1143.63   0.1     -0.70 181.4  19.07.2025  08:35:55
 13  16  14  15  $12    0.010     7.9658   5005.07   0.0      1.29   1.3  19.07.2025  08:36:00
 14  15  13  16  $12    0.010     8.0082   5031.69   0.0      0.13 117.6  19.07.2025  08:36:02
 13  14  15  16  $12    0.100    -4.3895    827.41   0.0      7.75   1.4  19.07.2025  08:36:05
  1   9  10   2  $12    0.010   -16.4807   5930.66   0.0     33.48   3.5  19.07.2025  08:36:10
  1   9  11   3  $12    0.010    -2.9456   2523.82   0.3    -14.36  16.0  19.07.2025  08:36:12
  1   9  12   4  $12    0.010    -2.4456   4089.42   0.3    -50.07   7.0  19.07.2025  08:36:14
  2  10   9   1  $12    0.010   -16.6077   5976.36   0.0     37.99   1.4  19.07.2025  08:36:16
  2  10  11   3  $12    0.010    -9.3983   3382.03   0.0     -2.18  10.4  19.07.2025  08:36:18
  2  10  12   4  $12    0.010    -5.6379   4830.58   0.1    -86.26   2.4  19.07.2025  08:36:21
  3  11   9   1  $12    0.010    -3.0326   2598.32   0.1      9.17  20.0  19.07.2025  08:36:23
  3  11  10   2  $12    0.010    -9.3808   3375.74   0.1      0.40 187.1  19.07.2025  08:36:25
  3  11  12   4  $12    0.010    -9.2169   3316.74   0.1     16.12   5.2  19.07.2025  08:36:27
 12   4   9   1  $12    0.010     2.4622   4117.20   0.3    -86.72   8.6  19.07.2025  08:36:29
 12   4  10   2  $12    0.010     5.5691   4771.56   0.0    -87.11   1.2  19.07.2025  08:36:31
 12   4  11   3  $12    0.010     9.3030   3347.72   0.0      2.25  15.8  19.07.2025  08:36:33
 13   5  14   6  $12    0.010    16.7349   6022.13   0.0     60.31   0.1  19.07.2025  08:36:35
 13   5  15   7  $12    0.010     3.9299   3367.09   0.0     10.99   4.6  19.07.2025  08:36:37
 13   5  16   8  $12    0.010     2.4642   4120.50   0.0      1.78  10.0  19.07.2025  08:36:39
 14   6  13   5  $12    0.010    16.5666   5961.59   0.0     23.95   2.1  19.07.2025  08:36:41
 14   6  15   7  $12    0.010     5.5780   2007.26   0.0      1.00  41.3  19.07.2025  08:36:43
 14   6  16   8  $12    0.010     3.0342   2599.72   0.0     -1.24   4.2  19.07.2025  08:36:45
 15   7  13   5  $12    0.010     3.9631   3395.58   0.0     23.00   3.6  19.07.2025  08:36:47
 15   7  14   6  $12    0.010     5.5713   2004.85   0.0      5.12  11.2  19.07.2025  08:36:49
 15   7  16   8  $12    0.010    11.0329   3970.24   0.0      3.02   0.2  19.07.2025  08:36:51
 16   8  13   5  $12    0.010     2.4652   4122.09   0.1     18.93   6.2  19.07.2025  08:36:53
 16   8  14   6  $12    0.010     3.0578   2619.88   0.0     -5.54  18.4  19.07.2025  08:36:55
 16   8  15   7  $12    0.010    10.9917   3955.41   0.0      2.04   4.7  19.07.2025  08:36:57
  1   2   5   6  $12    1.000     0.2918     55.00   1.5   4110.03   1.7  19.07.2025  08:37:06
  2   3   6   7  $12    1.000    13.3660   2519.43   0.0     -0.30 121.7  19.07.2025  08:37:08
  3   4   7   8  $12    1.000     7.3752   1390.20   0.0    -82.97   0.1  19.07.2025  08:37:10
  1   2   9  10  $12    1.000     5.3031   8396.66   0.0   -294.24   0.0  19.07.2025  08:37:12
  2   3  10  11  $12    1.000     2.4980   3955.23   0.5    188.72   6.1  19.07.2025  08:37:14
  3   4  11  12  $12    1.000     0.4659    737.73   1.1    118.06   7.9  19.07.2025  08:37:20
  1   2  13  14  $12    1.000     3.8449  20727.94   0.0    -28.47   0.9  19.07.2025  08:37:22
  2   3  14  15  $12    1.000    14.0043  75497.07   0.0     -0.63   9.7  19.07.2025  08:37:24
  3   4  15  16  $12    1.000     6.0624  32682.02   0.0    156.16   0.4  19.07.2025  08:37:26
  5   6   9  10  $12    0.100     7.1842  13541.89   0.3   -546.81   0.3  19.07.2025  08:37:31
  6   7  10  11  $12    1.000    17.2096   3243.92   0.0    -43.68   1.7  19.07.2025  08:37:35
  7   8  11  12  $12    1.000     2.4446    460.80   0.2    -18.37   5.6  19.07.2025  08:37:37
  5   6  13  14  $12    1.000    17.1748  27193.87   0.7   -258.05   1.2  19.07.2025  08:37:39
  6   7  14  15  $12    1.000     5.2712   8346.26   0.0      0.61  66.1  19.07.2025  08:37:41
  7   8  15  16  $12   10.000    17.6140   2788.93   0.0      4.16   2.9  19.07.2025  08:37:45
  9  10  13  14  $12    0.100     0.2097    395.20   1.6   1433.69   1.4  19.07.2025  08:37:53
 10  11  14  15  $12    0.100     1.0294   1940.46   0.0    109.90   1.0  19.07.2025  08:37:59
 11  12  15  16  $12   10.000    15.4603    291.42   0.0      7.27   1.0  19.07.2025  08:38:04
  1   2   6   7  $12    0.100     3.2738  12342.01   0.0     -4.32   2.0  19.07.2025  08:38:12
  2   3   7   8  $12    1.000     8.1314   3065.46   0.0     -4.81   1.3  19.07.2025  08:38:16
  1   2   7   8  $12    1.000    18.5063  12209.26   0.0      1.79   1.8  19.07.2025  08:38:18
  2   3   7   8  $12    1.000     8.1270   3063.79   0.0     -4.69   3.1  19.07.2025  08:38:20
  1   2  10  11  $12    1.000    -1.2136   2745.10   0.9  -3126.82   0.8  19.07.2025  08:38:23
  2   3  11  12  $12   10.000     5.2424   1185.81   0.0    -18.93   3.0  19.07.2025  08:38:28
  1   2  11  12  $12    1.000     1.1006   3423.05   0.0      1.74   8.6  19.07.2025  08:38:33
  2   3  11  12  $12   10.000     5.2326   1183.58   0.0    -16.05   1.9  19.07.2025  08:38:37
  1   2  14  15  $12    0.100     2.4636 169035.77   0.0      0.13  72.9  19.07.2025  08:38:45
  2   3  15  16  $12    1.000     6.9138  47437.46   0.0      1.52   6.9  19.07.2025  08:38:49
  1   2  15  16  $12    1.000    10.9579  93980.57   0.0     -6.71   0.7  19.07.2025  08:38:51
  2   3  15  16  $12    1.000     6.9199  47479.38   0.0      1.69   4.4  19.07.2025  08:38:53
  5   6  10  11  $12    0.100   -13.8079  52054.49   0.9   -814.52   0.2  19.07.2025  08:39:01
  6   7  11  12  $12    1.000     3.2089   1209.74   0.0     -4.82   1.1  19.07.2025  08:39:09
  5   6  11  12  $12    1.000     1.7615   1162.12   0.3   -692.70   1.8  19.07.2025  08:39:14
  6   7  11  12  $12    1.000     3.2103   1210.25   0.0     -3.92  10.7  19.07.2025  08:39:16
  5   6  14  15  $12    1.000     1.4034   3174.51   0.3    -15.80  17.7  19.07.2025  08:39:22
  6   7  15  16  $12    1.000     2.4702   5587.47   0.1      6.09  11.1  19.07.2025  08:39:24
  5   6  15  16  $12    1.000     4.4341  13790.82   0.8   -321.96   0.4  19.07.2025  08:39:26
  6   7  15  16  $12    1.000     2.4685   5583.70   0.0      1.12  17.6  19.07.2025  08:39:29
  9  10  14  15  $12    0.100     0.5862   2209.86   0.1    -70.43   1.2  19.07.2025  08:39:34
 10  11  15  16  $12    0.100     0.7862   2964.07   0.5   -335.18   2.0  19.07.2025  08:39:39
  9  10  15  16  $12    0.100     0.1432    944.41   0.2    491.50   0.6  19.07.2025  08:39:53
 10  11  15  16  $12    0.100     0.8162   3076.93   0.1   -338.12   0.1  19.07.2025  08:39:58
