//C:\Users\user\Desktop\GeoTom\GeoTomE724.ini
//- Cable direction:
//  cable I: normal
//  cable II: normal
//  cable III: normal
//  cable IV: normal
//- Cable arrangement: sequential
//- Optimization: Last measurement
//- Sorting: Multi-level
//- Current levels: 0.001 mA .. 50.0 mA
Type:         Flow
Name:         Hyprop
Comment:      Example of a measurements sequence
Comment:      
Comment:      
Spacing:      1.00000
First El:     0.00000
Nr of points: 289
IP present:   1

  1   5   2   6  $12    0.010     6.2391   2672.81   0.0      3.95   1.9  18.07.2025  05:25:05
  1   5   3   7  $12    0.010     3.2465   6119.55   0.0      0.92  57.3  18.07.2025  05:25:08
  1   5   4   8  $12    0.100    18.9069   2494.70   0.0     12.14   1.2  18.07.2025  05:25:11
  1   5  14   2  $12    0.100   -23.0351   2065.10   0.0      6.15   1.6  18.07.2025  05:25:13
  1   5  15   3  $12    0.100   -10.6217  23358.40   0.0      5.13   9.8  18.07.2025  05:25:15
  1   5  16   4  $12    0.100    -4.6748    457.22   0.0     41.88   4.2  18.07.2025  05:25:17
  1   5  13   9  $12    0.100    13.5320  10202.92   0.0     -8.83   8.0  18.07.2025  05:25:19
  1   5  14  10  $12    0.100    13.2227  15188.18   0.0    -19.32   0.1  18.07.2025  05:25:21
  1   5  15  11  $12    0.100    10.2360  16882.61   0.0      2.00   2.5  18.07.2025  05:25:23
  1   5  16  12  $12    0.100    10.0377  22763.95   0.0      2.29   1.9  18.07.2025  05:25:25
  1   5  10   6  $12    0.010     2.6098   2305.92   0.0      2.26  17.7  18.07.2025  05:25:30
  1   5  11   7  $12    0.100    11.3614   2676.97   0.0      2.22   2.8  18.07.2025  05:25:34
  1   5  12   8  $12    0.100     4.2231   1915.46   0.0     -1.68  18.7  18.07.2025  05:25:36
  2   6   1   5  $12    0.010     6.2563   2680.19   0.0      2.07  13.0  18.07.2025  05:25:41
  2   6   3   7  $12    0.010     7.5994   3255.57   0.0      0.45  58.0  18.07.2025  05:25:43
  2   6   4   8  $12    0.010     3.5789   6745.99   0.1      1.02 195.8  18.07.2025  05:25:45
  2   6  13   1  $12    0.010    -2.2661   1671.28   0.3     28.52  14.8  18.07.2025  05:25:47
  2   6  15   3  $12    0.010    -3.9870   3574.37   0.2      8.29  67.6  18.07.2025  05:25:49
  2   6  16   4  $12    0.100   -15.9493  35074.33   0.0      3.60   0.1  18.07.2025  05:25:53
  2   6  13   9  $12    0.100    12.0462   5463.77   0.0      0.65  87.1  18.07.2025  05:25:55
  2   6  14  10  $12    0.100    12.0758   9104.90   0.0      0.29 140.3  18.07.2025  05:25:57
  2   6  15  11  $12    0.100    11.3070  12987.74   0.0      1.59   1.7  18.07.2025  05:25:59
  2   6  16  12  $12    0.100    11.9068  19638.30   0.0      1.54   5.0  18.07.2025  05:26:01
  2   6   9   5  $12    0.010     2.7938   3686.32   0.0     -1.33  28.8  18.07.2025  05:26:06
  2   6  11   7  $12    0.010     2.4641   2177.19   0.2     -0.21 457.7  18.07.2025  05:26:08
  2   6  12   8  $12    0.100     7.8686   1853.99   0.0     -2.05   1.9  18.07.2025  05:26:11
  3   7   1   5  $12    0.010     3.2632   6151.00   0.0      0.43  84.5  18.07.2025  05:26:16
  3   7   2   6  $12    0.010     7.5910   3251.99   0.0      0.02 -3120.3  18.07.2025  05:26:18
  3   7   4   8  $12    0.010     8.1980   3512.00   0.0      1.19 103.3  18.07.2025  05:26:20
  3   7  13   1  $12    0.100    -9.6330   1513.14   0.0     10.30   3.0  18.07.2025  05:26:24
  3   7  14   2  $12    0.010    -3.9528   2915.20   0.0      7.18   2.9  18.07.2025  05:26:29
  3   7  16   4  $12    0.010    -3.6995   3316.60   0.3     10.55  14.9  18.07.2025  05:26:31
  3   7  13   9  $12    0.100    10.9043   2569.26   0.0     -1.06  18.9  18.07.2025  05:26:34
  3   7  14  10  $12    0.100    11.4796   5206.77   0.0     -3.29  18.9  18.07.2025  05:26:36
  3   7  15  11  $12    0.100    12.2630   9246.08   0.0      2.19   3.3  18.07.2025  05:26:38
  3   7  16  12  $12    0.100    13.6764  15709.34   0.0      2.20   6.8  18.07.2025  05:26:40
  3   7   9   5  $12    0.100    11.7780   2220.10   0.0      5.17   3.6  18.07.2025  05:26:42
  3   7  10   6  $12    0.010     2.4526   3236.07   0.0     -6.54  23.0  18.07.2025  05:26:47
  3   7  12   8  $12    0.010     3.0963   2735.83   0.0     -2.03   8.0  18.07.2025  05:26:49
  4   8   1   5  $12    0.100    19.1117   2521.73   0.0      7.80   0.5  18.07.2025  05:26:53
  4   8   2   6  $12    0.010     3.5716   6732.22   0.0     -0.84  21.6  18.07.2025  05:26:58
  4   8   3   7  $12    0.010     8.1579   3494.86   0.0      2.84   6.7  18.07.2025  05:27:00
  4   8  13   1  $12    0.100    -3.2083    721.59   0.0    119.98   0.1  18.07.2025  05:27:04
  4   8  14   2  $12    0.100   -14.9653   2350.74   0.0      3.58  11.4  18.07.2025  05:27:06
  4   8  15   3  $12    0.010    -3.5663   2630.16   0.0     10.66   1.1  18.07.2025  05:27:11
  4   8  13   9  $12    0.100     9.9088    875.51   0.0    -38.10   0.2  18.07.2025  05:27:14
  4   8  14  10  $12    0.100    11.3386   2671.59   0.0    -68.78   0.4  18.07.2025  05:27:16
  4   8  15  11  $12    0.100    12.5190   5678.21   0.0      1.06   3.9  18.07.2025  05:27:18
  4   8  16  12  $12    0.100    14.8797  11219.04   0.0      2.18   3.5  18.07.2025  05:27:20
  4   8   9   5  $12    0.100     5.9983    256.96   0.0     20.85   1.0  18.07.2025  05:27:22
  4   8  10   6  $12    0.100     9.2043   1734.97   0.1     78.63   1.1  18.07.2025  05:27:24
  4   8  11   7  $12    0.010     3.3158   4375.09   0.0     -0.36  36.5  18.07.2025  05:27:29
  5   9   6  10  $12    0.010    11.5444   4945.60   0.0      0.64  98.8  18.07.2025  05:27:31
  5   9   7  11  $12    0.010     2.2930   4322.28   0.0     -2.31  54.5  18.07.2025  05:27:33
  5   9   8  12  $12    0.100    14.4193   1902.59   0.0      1.34   1.6  18.07.2025  05:27:37
  5   9   2   6  $12    0.010    -2.7360   3610.04   0.0     11.03   1.5  18.07.2025  05:27:42
  5   9   3   7  $12    0.100   -11.7903   2222.43   0.0      7.26   1.4  18.07.2025  05:27:46
  5   9   4   8  $12    0.100    -5.9243    253.80   0.2     37.97   0.9  18.07.2025  05:27:48
  5   9   1  13  $12    0.100     9.8449   2474.29   0.0    -14.85   5.3  18.07.2025  05:27:50
  5   9   2  14  $12    0.100     8.3679   1882.02   0.1     -1.98  70.7  18.07.2025  05:27:52
  5   9   3  15  $12    0.100     7.0094   1101.04   0.0     -5.90   7.0  18.07.2025  05:27:54
  5   9   4  16  $12    0.100     5.9385    437.97   0.2    -29.18   2.4  18.07.2025  05:27:56
  5   9  14  10  $12    0.010     7.9491   7023.65   0.0     -2.45  32.1  18.07.2025  05:28:00
  5   9  15  11  $12    0.100     3.9502    930.74   0.0     -8.81   0.2  18.07.2025  05:28:04
  5   9  16  12  $12    0.100     2.5849   1172.44   0.0    -10.50   2.5  18.07.2025  05:28:06
  6  10   5   9  $12    0.010    11.5801   4960.88   0.0      0.39  78.8  18.07.2025  05:28:11
  6  10   7  11  $12    0.010     5.0198   2150.46   0.0      2.46   6.7  18.07.2025  05:28:13
  6  10   8  12  $12    0.010     2.5868   4876.06   0.0     -2.16  17.0  18.07.2025  05:28:15
  6  10   1   5  $12    0.010    -2.5540   2256.68   0.1     18.11   4.1  18.07.2025  05:28:17
  6  10   3   7  $12    0.010    -2.4044   3172.57   0.1     12.63  14.1  18.07.2025  05:28:19
  6  10   4   8  $12    0.100    -9.1097   1717.13   0.0     64.50   0.3  18.07.2025  05:28:23
  6  10   1  13  $12    0.100    10.3045   2317.59   0.0    -75.60   0.7  18.07.2025  05:28:25
  6  10   2  14  $12    0.100     8.3500   2098.57   0.1     -9.29  11.3  18.07.2025  05:28:27
  6  10   3  15  $12    0.100     7.7472   1742.42   0.0    -18.23   0.9  18.07.2025  05:28:29
  6  10   4  16  $12    0.100     7.5581   1187.22   0.0    -75.35   1.5  18.07.2025  05:28:31
  6  10  13   9  $12    0.010     7.9670  10512.17   0.0      2.83   9.1  18.07.2025  05:28:36
  6  10  15  11  $12    0.100    17.7938   1572.21   0.0      1.32   3.4  18.07.2025  05:28:39
  6  10  16  12  $12    0.100     8.9530   2109.51   0.0     -1.39   7.9  18.07.2025  05:28:41
  7  11   5   9  $12    0.100    22.7192   4282.47   0.0      2.09   2.8  18.07.2025  05:28:43
  7  11   6  10  $12    0.010     5.0093   2145.97   0.0     -2.46  34.6  18.07.2025  05:28:48
  7  11   8  12  $12    0.010     6.8687   2942.54   0.2      0.00 2583.7  18.07.2025  05:28:50
  7  11   1   5  $12    0.100   -11.2766   2656.98   0.0      4.05   2.7  18.07.2025  05:28:54
  7  11   2   6  $12    0.010    -2.3933   2114.67   0.0      7.13   2.9  18.07.2025  05:28:59
  7  11   4   8  $12    0.010    -3.2970   4350.25   0.3      5.19  64.6  18.07.2025  05:29:01
  7  11   1  13  $12    0.100     7.4986   1177.88   0.0      5.14   4.5  18.07.2025  05:29:04
  7  11   2  14  $12    0.100     8.0509   1810.73   0.1      0.19 475.3  18.07.2025  05:29:07
  7  11   3  15  $12    0.100     8.7386   2196.25   0.0      1.55  17.3  18.07.2025  05:29:09
  7  11   4  16  $12    0.100     7.9574   1789.69   0.1      1.97  59.6  18.07.2025  05:29:11
  7  11  13   9  $12    0.100     3.9328    741.31   0.1    -11.06  21.5  18.07.2025  05:29:13
  7  11  14  10  $12    0.100    17.8253   2351.99   0.0      5.22   5.5  18.07.2025  05:29:15
  7  11  16  12  $12    0.010     2.7388   2419.92   0.0     -1.44   9.4  18.07.2025  05:29:19
  8  12   5   9  $12    0.100    14.4565   1907.49   0.0      1.91   4.2  18.07.2025  05:29:23
  8  12   6  10  $12    0.010     2.5891   4880.33   0.1     -4.54  28.1  18.07.2025  05:29:28
  8  12   7  11  $12    0.010     6.8437   2931.82   0.0      0.12 700.2  18.07.2025  05:29:30
  8  12   1   5  $12    0.100    -4.1899   1900.38   0.0      5.62   1.8  18.07.2025  05:29:34
  8  12   2   6  $12    0.100    -7.7255   1820.28   0.0      2.43  21.9  18.07.2025  05:29:36
  8  12   3   7  $12    0.010    -3.0340   2680.76   0.0      7.20   3.7  18.07.2025  05:29:40
  8  12   1  13  $12    0.100     7.2338    533.50   0.0      3.59   6.8  18.07.2025  05:29:44
  8  12   2  14  $12    0.100     8.6882   1364.73   0.0      0.10 1400.5  18.07.2025  05:29:46
  8  12   3  15  $12    0.100    10.1750   2288.45   0.0      1.20  26.4  18.07.2025  05:29:48
  8  12  16   4  $12    0.100    -9.8644   2479.20   0.0      4.68  11.6  18.07.2025  05:29:50
  8  12   9  13  $12    0.100    -2.9937    128.25   0.2     -2.22  76.5  18.07.2025  05:29:52
  8  12  10  14  $12    0.100    -9.2912   1751.35   0.1      8.29   5.7  18.07.2025  05:29:54
  8  12  11  15  $12    0.010    -2.7228   3592.62   0.0      9.67   3.6  18.07.2025  05:29:59
  9  13  10  14  $12    0.010    12.8590   5508.79   0.0      4.29  11.4  18.07.2025  05:30:01
  9  13  11  15  $12    0.010     2.5130   4736.83   0.0     -0.05 591.1  18.07.2025  05:30:03
  9  13  12  16  $12    0.100    16.3481   2157.08   0.0      1.22   5.5  18.07.2025  05:30:07
  9  13   6  10  $12    0.010    -7.9366  10472.06   0.0      7.45  11.9  18.07.2025  05:30:12
  9  13   7  11  $12    0.100    -3.9108    737.16   0.0     -5.02   3.0  18.07.2025  05:30:15
  9  13   8  12  $12    0.100    -2.9893    128.06   0.0      2.05  12.0  18.07.2025  05:30:17
  9  13   5   1  $12    0.100    13.5297  10201.18   0.0     -4.55   1.6  18.07.2025  05:30:19
  9  13   6   2  $12    0.100    12.0045   5444.84   0.0      1.52  27.4  18.07.2025  05:30:21
  9  13   7   3  $12    0.100    10.8750   2562.36   0.0     -2.03   6.7  18.07.2025  05:30:23
  9  13   8   4  $12    0.100     9.9006    874.79   0.0    -27.50   1.4  18.07.2025  05:30:25
  9  13   2  14  $12    0.010     3.7178   2741.94   0.0      3.46   3.5  18.07.2025  05:30:30
  9  13   3  15  $12    0.100    10.0710   1581.95   0.0     10.33   0.7  18.07.2025  05:30:34
  9  13   4  16  $12    0.100     3.4746    781.47   0.2     75.34   1.6  18.07.2025  05:30:36
 10  14   9  13  $12    0.010    12.9283   5538.49   0.0      5.09   6.9  18.07.2025  05:30:41
 10  14  11  15  $12    0.010     4.9931   2139.03   0.3     -2.83 130.9  18.07.2025  05:30:43
 10  14  12  16  $12    0.010     2.6380   4972.57   0.1     -0.09 1315.9  18.07.2025  05:30:45
 10  14   5   9  $12    0.010    -7.9804   7051.29   0.0      0.86 184.4  18.07.2025  05:30:47
 10  14   7  11  $12    0.100   -17.4934   2308.20   0.0     -0.48  15.5  18.07.2025  05:30:50
 10  14   8  12  $12    0.100    -9.1127   1717.70   0.0      3.03   6.3  18.07.2025  05:30:52
 10  14   5   1  $12    0.100    13.3322  15313.91   0.0    -10.40   0.4  18.07.2025  05:30:54
 10  14   6   2  $12    0.100    12.0766   9105.56   0.0      3.92  12.5  18.07.2025  05:30:56
 10  14   7   3  $12    0.100    11.5300   5229.62   0.0     -4.36   2.3  18.07.2025  05:30:58
 10  14   8   4  $12    0.100    11.5367   2718.28   0.0    -49.29   1.7  18.07.2025  05:31:00
 10  14   1  13  $12    0.010     3.5976   3225.22   0.0     19.03   3.5  18.07.2025  05:31:05
 10  14   3  15  $12    0.010     2.0472   1509.85   0.2     10.16   3.9  18.07.2025  05:31:07
 10  14   4  16  $12    0.100     5.3954    847.51   0.0    105.95   1.0  18.07.2025  05:31:11
 11  15   9  13  $12    0.010     2.5216   4753.11   0.0     -3.67  18.0  18.07.2025  05:31:16
 11  15  10  14  $12    0.010     4.9776   2132.41   0.2      0.77 440.2  18.07.2025  05:31:18
 11  15  12  16  $12    0.010     8.4549   3622.07   0.0     -0.66 108.4  18.07.2025  05:31:20
 11  15   5   9  $12    0.100    -3.9084    920.90   0.0     -0.66  29.4  18.07.2025  05:31:24
 11  15   6  10  $12    0.100   -18.0587   1595.62   0.0      4.80  20.7  18.07.2025  05:31:26
 11  15   8  12  $12    0.010    -2.7239   3594.04   0.0      9.09   3.7  18.07.2025  05:31:31
 11  15   5   1  $12    0.100    10.2946  16979.31   0.0      0.88  15.8  18.07.2025  05:31:34
 11  15   6   2  $12    0.100    11.3209  13003.73   0.0      0.17 295.2  18.07.2025  05:31:36
 11  15   7   3  $12    0.100    12.2726   9253.31   0.0      1.13  13.1  18.07.2025  05:31:38
 11  15   8   4  $12    0.100    12.6293   5728.25   0.0      2.68  22.8  18.07.2025  05:31:40
 11  15   1  13  $12    0.100    10.7724  23689.66   0.0      5.21  10.4  18.07.2025  05:31:42
 11  15   2  14  $12    0.100    20.2434   1814.82   0.0      6.79   5.1  18.07.2025  05:31:44
 11  15   4  16  $12    0.010     4.4505   3282.27   0.0     -6.50   6.8  18.07.2025  05:31:49
 12  16   9  13  $12    0.100    16.4248   2167.21   0.0      0.92  21.4  18.07.2025  05:31:53
 12  16  10  14  $12    0.010     2.6557   5005.91   0.1     -7.18  19.3  18.07.2025  05:31:58
 12  16  11  15  $12    0.010     8.4468   3618.59   0.0      0.67  12.8  18.07.2025  05:32:00
 12  16   5   9  $12    0.100    -2.5336   1149.14   0.0      5.23   7.9  18.07.2025  05:32:03
 12  16   6  10  $12    0.100    -9.0180   2124.81   0.1      9.99  16.4  18.07.2025  05:32:05
 12  16   7  11  $12    0.010    -2.6939   2380.28   0.0      9.60   1.6  18.07.2025  05:32:10
 12  16   5   1  $12    0.100    10.0916  22886.22   0.0      1.33  19.4  18.07.2025  05:32:14
 12  16   6   2  $12    0.100    11.9055  19636.25   0.0      1.25  27.7  18.07.2025  05:32:16
 12  16   7   3  $12    0.100    13.6925  15727.86   0.0      1.48   4.6  18.07.2025  05:32:18
 12  16   8   4  $12    0.100    15.0034  11312.29   0.0      3.01  10.2  18.07.2025  05:32:20
 12  16  13   1  $12    0.100    -3.7661    368.34   0.1      3.67  66.9  18.07.2025  05:32:22
 12  16  14   2  $12    0.100    -5.2867  11626.01   0.1      8.94   7.2  18.07.2025  05:32:24
 12  16  15   3  $12    0.010    -4.3194   3872.36   0.0      4.62   1.5  18.07.2025  05:32:29
 13   1  14   2  $12    0.010     6.8789   2359.05   0.0      4.52   7.7  18.07.2025  05:32:31
 13   1  15   3  $12    0.010     2.7972   2121.14   0.1      3.33  21.8  18.07.2025  05:32:33
 13   1  16   4  $12    0.100    14.1345   1816.56   0.0     15.86   1.9  18.07.2025  05:32:36
 13   1  10  14  $12    0.010    -3.5759   3205.83   0.0     18.33  11.0  18.07.2025  05:32:41
 13   1  11  15  $12    0.100   -10.6557  23433.04   0.0      6.71   0.7  18.07.2025  05:32:45
 13   1  12  16  $12    0.100    -3.7390    365.69   0.0      4.38  11.2  18.07.2025  05:32:47
 13   1   9   5  $12    0.100     9.7649   2454.18   0.0     -6.28   0.5  18.07.2025  05:32:49
 13   1  10   6  $12    0.100    10.0051   2250.24   0.0    -58.46   0.3  18.07.2025  05:32:51
 13   1  11   7  $12    0.100     7.4802   1174.99   0.0      2.87  11.4  18.07.2025  05:32:53
 13   1  12   8  $12    0.100     7.2034    531.25   0.0      1.18   6.0  18.07.2025  05:32:55
 13   1   6   2  $12    0.100    22.3842   1650.85   0.0      3.12   7.4  18.07.2025  05:32:57
 13   1   7   3  $12    0.100     9.5275   1496.57   0.0      3.46   8.2  18.07.2025  05:32:59
 13   1   8   4  $12    0.100     3.1887    717.16   0.3     66.44   3.8  18.07.2025  05:33:01
 14   2  13   1  $12    0.010     6.8921   2363.55   0.0      3.62  11.8  18.07.2025  05:33:06
 14   2  15   3  $12    0.010     6.8460   2347.75   0.0      0.97  47.5  18.07.2025  05:33:08
 14   2  16   4  $12    0.010     2.9165   2211.64   0.2      0.87 150.2  18.07.2025  05:33:10
 14   2   9  13  $12    0.010    -3.6772   2711.94   0.5      3.90  56.1  18.07.2025  05:33:12
 14   2  11  15  $12    0.010    -2.0308   1820.60   0.5     12.77  90.0  18.07.2025  05:33:14
 14   2  12  16  $12    0.100    -5.2896  11632.44   0.0      5.58   0.4  18.07.2025  05:33:18
 14   2   9   5  $12    0.100     8.3535   1878.77   0.0      0.35  47.4  18.07.2025  05:33:20
 14   2  10   6  $12    0.100     8.3264   2092.65   0.0     -7.36  17.7  18.07.2025  05:33:22
 14   2  11   7  $12    0.100     8.0507   1810.67   0.0      0.99  30.1  18.07.2025  05:33:24
 14   2  12   8  $12    0.100     8.7013   1366.80   0.0      0.79   4.1  18.07.2025  05:33:26
 14   2   5   1  $12    0.010     2.3522   2108.79   0.0      1.36  17.1  18.07.2025  05:33:31
 14   2   7   3  $12    0.010     4.0036   2952.72   0.3     -4.35  51.5  18.07.2025  05:33:33
 14   2   8   4  $12    0.100    15.0345   2361.61   0.0      3.21   3.7  18.07.2025  05:33:36
 15   3  13   1  $12    0.010     2.8078   2129.19   0.0      2.95  21.3  18.07.2025  05:33:41
 15   3  14   2  $12    0.010     6.8303   2342.38   0.1      0.83 109.2  18.07.2025  05:33:43
 15   3  16   4  $12    0.010     8.9640   3074.08   0.0      0.94 129.5  18.07.2025  05:33:45
 15   3   9  13  $12    0.100   -10.0542   1579.31   0.0     13.68   2.2  18.07.2025  05:33:49
 15   3  10  14  $12    0.100   -20.2327   1492.18   0.0     11.36   4.2  18.07.2025  05:33:51
 15   3  12  16  $12    0.010    -4.3256   3877.91   0.0      5.00   2.9  18.07.2025  05:33:56
 15   3   9   5  $12    0.100     7.0059   1100.48   0.0     -1.95  11.9  18.07.2025  05:33:59
 15   3  10   6  $12    0.100     7.6991   1731.59   0.0    -10.25   8.0  18.07.2025  05:34:01
 15   3  11   7  $12    0.100     8.7392   2196.40   0.0      0.36  43.7  18.07.2025  05:34:03
 15   3  12   8  $12    0.100    10.1745   2288.33   0.0      0.66   5.9  18.07.2025  05:34:06
 15   3   5   1  $12    0.100    10.7690  23682.35   0.1      4.68  20.3  18.07.2025  05:34:07
 15   3   6   2  $12    0.010     4.0237   3607.29   0.0     -1.12  11.0  18.07.2025  05:34:12
 15   3   8   4  $12    0.010     3.6111   2663.21   0.2      1.44 194.3  18.07.2025  05:34:14
 16   4  13   1  $12    0.100    14.1917   1823.92   0.0     25.94   0.3  18.07.2025  05:34:18
 16   4  14   2  $12    0.010     2.9171   2212.04   0.0     -0.48  33.2  18.07.2025  05:34:23
 16   4  15   3  $12    0.010     8.9539   3070.62   0.0      2.75  14.2  18.07.2025  05:34:25
 16   4   9  13  $12    0.100    -3.4644    779.18   0.0    112.67   0.1  18.07.2025  05:34:29
 16   4  10  14  $12    0.100    -5.5031    864.42   0.0    158.16   0.6  18.07.2025  05:34:31
 16   4  11  15  $12    0.010    -4.3857   3234.52   0.0      7.08   0.4  18.07.2025  05:34:35
 16   4   9   5  $12    0.100     5.8441    431.01   0.0    -17.85   0.9  18.07.2025  05:34:39
 16   4  10   6  $12    0.100     7.5165   1180.68   0.0   -105.18   0.9  18.07.2025  05:34:41
 16   4  11   7  $12    0.100     7.9807   1794.94   0.0      2.08  30.7  18.07.2025  05:34:43
 16   4  12   8  $12    0.100     9.9547   2501.90   0.0      0.87  17.2  18.07.2025  05:34:45
 16   4   5   1  $12    0.100     4.8963    478.88   0.2     20.85   6.6  18.07.2025  05:34:47
 16   4   6   2  $12    0.100    15.9566  35090.35   0.0     -1.15  27.8  18.07.2025  05:34:49
 16   4   7   3  $12    0.010     3.7624   3373.02   0.0      1.11  10.7  18.07.2025  05:34:54
  1   4   2   3  $12    0.010     3.8983   2449.38   0.0      4.64   7.3  18.07.2025  05:34:56
  2   3   1   4  $12    0.010     3.9128   2458.47   0.1      1.66 153.2  18.07.2025  05:34:58
  1   2   3   4  $12    0.100   -17.2950   3260.02   0.0     15.07   1.0  18.07.2025  05:35:01
  3   4   1   2  $12    0.100   -17.1706   3236.57   0.3     17.49   1.8  18.07.2025  05:35:04
  5   8   6   7  $12    0.010     4.1889   2631.96   0.0     -0.09 278.6  18.07.2025  05:35:08
  6   7   5   8  $12    0.010     4.2076   2643.73   0.0      1.85 113.4  18.07.2025  05:35:10
  5   6   7   8  $12    0.100    -8.5392   1609.61   0.0      3.13   5.0  18.07.2025  05:35:14
  7   8   5   6  $12    0.100    -8.1899   1543.77   0.2      1.51 153.7  18.07.2025  05:35:16
  9  12  10  11  $12    0.010     9.6608   6070.05   0.0      4.11  19.7  18.07.2025  05:35:21
 10  11   9  12  $12    0.010     9.6732   6077.83   0.0      2.80   7.1  18.07.2025  05:35:23
  9  10  11  12  $12    0.100    -7.2227   1361.45   0.0      0.64  11.0  18.07.2025  05:35:27
 11  12   9  10  $12    0.100    -7.2597   1368.42   0.2      0.79 135.0  18.07.2025  05:35:29
 13  16  14  15  $12    0.010     6.9184   4346.95   0.0      0.65   7.1  18.07.2025  05:35:33
 14  15  13  16  $12    0.010     6.9508   4367.31   0.0     -1.05   6.9  18.07.2025  05:35:35
 13  14  15  16  $12    0.100    -7.2539   1367.34   0.0      9.36   1.6  18.07.2025  05:35:39
  1   9  10   2  $12    0.010   -12.3895   4458.44   0.0      4.65   5.3  18.07.2025  05:35:44
  1   9  11   3  $12    0.010    -3.1567   2704.65   0.2     11.52  23.3  18.07.2025  05:35:46
  1   9  12   4  $12    0.010    -2.3112   3864.70   0.5      3.27 100.4  18.07.2025  05:35:48
  2  10   9   1  $12    0.010   -12.3999   4462.18   0.0      3.54   7.3  18.07.2025  05:35:50
  2  10  11   3  $12    0.010    -7.6589   2756.10   0.1      7.12  10.1  18.07.2025  05:35:52
  2  10  12   4  $12    0.010    -4.3825   3754.91   0.2     -2.54  58.1  18.07.2025  05:35:54
  3  11   9   1  $12    0.010    -3.1651   2711.86   0.0      8.52   8.2  18.07.2025  05:35:56
  3  11  10   2  $12    0.010    -7.6755   2762.08   0.1      7.71  18.0  18.07.2025  05:35:58
  3  11  12   4  $12    0.010    -8.5962   3093.40   0.1      4.53  41.6  18.07.2025  05:36:00
 12   4   9   1  $12    0.010     2.3520   3932.89   0.1     -1.04  30.0  18.07.2025  05:36:02
 12   4  10   2  $12    0.010     4.4220   3788.79   0.3     -8.19  18.9  18.07.2025  05:36:04
 12   4  11   3  $12    0.010     8.6236   3103.24   0.0      2.43  12.8  18.07.2025  05:36:06
 13   5  14   6  $12    0.010     8.5310   3069.93   0.0      2.69  12.6  18.07.2025  05:36:08
 13   5  15   7  $12    0.010     4.0059   3432.25   0.0      1.77  32.9  18.07.2025  05:36:10
 13   5  16   8  $12    0.010     2.5440   4253.96   0.0     -2.18   3.3  18.07.2025  05:36:12
 14   6  13   5  $12    0.010     8.5596   3080.22   0.0      2.86   5.1  18.07.2025  05:36:14
 14   6  15   7  $12    0.010     6.4339   2315.27   0.0      1.08  11.5  18.07.2025  05:36:16
 14   6  16   8  $12    0.010     3.3889   2903.57   0.0     -2.18   5.2  18.07.2025  05:36:18
 15   7  13   5  $12    0.010     4.0129   3438.25   0.0      1.60  40.0  18.07.2025  05:36:20
 15   7  14   6  $12    0.010     6.4204   2310.40   0.0      0.09 714.5  18.07.2025  05:36:22
 15   7  16   8  $12    0.010     9.8412   3541.39   0.0      0.89   9.7  18.07.2025  05:36:24
 16   8  13   5  $12    0.010     2.5534   4269.72   0.1     -1.67  90.3  18.07.2025  05:36:26
 16   8  14   6  $12    0.010     3.3899   2904.46   0.0     -4.23   4.1  18.07.2025  05:36:28
 16   8  15   7  $12    0.010     9.8284   3536.82   0.0     -0.00 -1503.3  18.07.2025  05:36:30
  1   2   5   6  $12    1.000     3.1138    586.94   0.2    311.08   0.5  18.07.2025  05:36:35
  2   3   6   7  $12    1.000     8.2510   1555.28   0.0      1.30  41.3  18.07.2025  05:36:37
  3   4   7   8  $12    1.000     6.3202   1191.32   0.0    -32.52   0.6  18.07.2025  05:36:39
  1   2   9  10  $12    1.000     6.9804  11052.50   0.0   -406.99   0.2  18.07.2025  05:36:41
  2   3  10  11  $12    1.000     2.9568   4681.76   0.1   -168.11   1.1  18.07.2025  05:36:43
  3   4  11  12  $12    1.000     0.6421   1016.72   0.5    -51.52   1.9  18.07.2025  05:36:49
  1   2  13  14  $12    1.000     4.3056  23211.45   0.3    -94.63   0.4  18.07.2025  05:36:51
  2   3  14  15  $12    1.000    12.8362  69199.87   0.0      0.32  60.6  18.07.2025  05:36:53
  3   4  15  16  $12    1.000     9.0491  48783.42   0.0     16.79   1.9  18.07.2025  05:36:55
  5   6   9  10  $12    1.000     8.5689   1615.20   0.2   -216.82   0.1  18.07.2025  05:36:57
  6   7  10  11  $12    1.000     8.1431   1534.93   0.0      2.72  19.1  18.07.2025  05:36:59
  7   8  11  12  $12    1.000     2.2293    420.22   0.0     -5.09  28.9  18.07.2025  05:37:01
  5   6  13  14  $12   10.000     4.4871    710.47   1.0     10.07 159.4  18.07.2025  05:37:09
  6   7  14  15  $12    1.000     2.7071   4286.38   0.0     -1.16   9.3  18.07.2025  05:37:14
  7   8  15  16  $12   10.000    17.7367   2808.36   0.0      8.72   1.1  18.07.2025  05:37:18
  9  10  13  14  $12    1.000     2.4475    461.34   2.1    166.81   7.1  18.07.2025  05:37:27
 10  11  14  15  $12    1.000     8.9258   1682.47   0.0     18.75   1.4  18.07.2025  05:37:29
 11  12  15  16  $12   10.000    17.9157    337.70   0.0      6.37   0.2  18.07.2025  05:37:33
  1   2   6   7  $12    1.000    11.0161   4152.95   0.0      8.87   1.9  18.07.2025  05:37:38
  2   3   7   8  $12    1.000     7.8685   2966.37   0.0     -0.30  85.3  18.07.2025  05:37:40
  1   2   7   8  $12    1.000     9.5896   6326.58   0.0     28.04   0.2  18.07.2025  05:37:42
  2   3   7   8  $12    1.000     7.8710   2967.28   0.0      0.02 1014.2  18.07.2025  05:37:44
  1   2  10  11  $12    1.000    -4.3929   9936.56   1.5   -782.54   2.3  18.07.2025  05:37:51
  2   3  11  12  $12   10.000     5.6603   1280.33   0.0     -1.92  79.8  18.07.2025  05:37:55
  1   2  11  12  $12    1.000     1.0803   3360.05   0.0   -362.94   0.1  18.07.2025  05:38:00
  2   3  11  12  $12   10.000     5.6663   1281.68   0.0     -3.45   3.3  18.07.2025  05:38:04
  1   2  14  15  $12    1.000    12.9655  88959.42   0.0     33.74   0.2  18.07.2025  05:38:09
  2   3  15  16  $12    1.000     8.0996  55573.22   0.0      4.02   4.8  18.07.2025  05:38:11
  1   2  15  16  $12    1.000    12.2765 105290.21   0.3   -110.13   2.8  18.07.2025  05:38:13
  2   3  15  16  $12    1.000     8.1191  55707.10   0.1      1.24  87.7  18.07.2025  05:38:15
  5   6  10  11  $12    1.000     4.9696   1873.50   0.5    381.48   2.9  18.07.2025  05:38:17
  6   7  11  12  $12    1.000     2.0860    786.40   0.1      0.85 688.2  18.07.2025  05:38:19
  5   6  11  12  $12   10.000    12.2365    807.28   0.0    -22.49   1.3  18.07.2025  05:38:23
  6   7  11  12  $12   10.000    19.9609    752.51   0.0      0.14  24.3  18.07.2025  05:38:25
  5   6  14  15  $12   10.000    11.4457   2588.95   0.7   -323.97   3.6  18.07.2025  05:38:27
  6   7  15  16  $12   10.000    14.3175   3238.53   0.0      8.20   0.2  18.07.2025  05:38:29
  5   6  15  16  $12   10.000     7.7630   2414.43   0.1   -204.23   1.2  18.07.2025  05:38:31
  6   7  15  16  $12   10.000    14.2840   3230.96   0.0      8.00   2.2  18.07.2025  05:38:33
  9  10  14  15  $12    1.000     7.4271   2799.97   0.0    -40.06   1.7  18.07.2025  05:38:38
 10  11  15  16  $12    1.000     6.8234   2572.37   0.1   -172.17   0.1  18.07.2025  05:38:40
  9  10  15  16  $12    1.000     2.1410   1412.51   0.0     76.45   1.9  18.07.2025  05:38:42
 10  11  15  16  $12    1.000     6.4882   2446.00   0.1   -211.62   0.5  18.07.2025  05:38:44
