//C:\Users\user\Desktop\GeoTom\GeoTomE724.ini
//- Cable direction:
//  cable I: normal
//  cable II: normal
//  cable III: normal
//  cable IV: normal
//- Cable arrangement: sequential
//- Optimization: Last measurement
//- Sorting: Multi-level
//- Current levels: 0.001 mA .. 50.0 mA
Type:         Flow
Name:         Hyprop
Comment:      Example of a measurements sequence
Comment:      
Comment:      
Spacing:      1.00000
First El:     0.00000
Nr of points: 289
IP present:   1

  1   5   2   6  $12    0.010     6.4538   2764.79   0.0      2.78   2.0  17.07.2025  17:25:05
  1   5   3   7  $12    0.010     3.3652   6343.21   0.0      1.32  18.2  17.07.2025  17:25:07
  1   5   4   8  $12    0.100    19.3649   2555.13   0.0      7.64   0.5  17.07.2025  17:25:11
  1   5  14   2  $12    0.010    -2.6038   2334.33   0.0     11.46   1.2  17.07.2025  17:25:16
  1   5  15   3  $12    0.100   -11.6451  25608.90   0.0      8.50   0.4  17.07.2025  17:25:20
  1   5  16   4  $12    0.100    -4.9934    488.37   0.1     19.60   1.2  17.07.2025  17:25:22
  1   5  13   9  $12    0.100    12.8319   9675.03   0.0    -21.42   2.3  17.07.2025  17:25:24
  1   5  14  10  $12    0.100    13.0451  14984.20   0.0    -38.26   0.2  17.07.2025  17:25:26
  1   5  15  11  $12    0.100    10.1421  16727.79   0.0      0.63  15.6  17.07.2025  17:25:28
  1   5  16  12  $12    0.100     9.9789  22630.61   0.0      3.23   1.6  17.07.2025  17:25:30
  1   5  10   6  $12    0.010     2.5275   2233.20   0.0     16.40   6.7  17.07.2025  17:25:34
  1   5  11   7  $12    0.100    11.6336   2741.09   0.0      1.63   0.8  17.07.2025  17:25:38
  1   5  12   8  $12    0.100     4.4041   1997.57   0.0     -2.23  21.1  17.07.2025  17:25:40
  2   6   1   5  $12    0.010     6.4784   2775.32   0.0      0.81  27.3  17.07.2025  17:25:45
  2   6   3   7  $12    0.010     6.9624   2982.70   0.0     -0.63 267.9  17.07.2025  17:25:47
  2   6   4   8  $12    0.010     3.3264   6270.06   0.0     -4.34  38.2  17.07.2025  17:25:49
  2   6  13   1  $12    0.010    -2.5632   1890.38   0.6      6.12 128.0  17.07.2025  17:25:51
  2   6  15   3  $12    0.010    -3.3929   3041.75   0.0      6.49  11.8  17.07.2025  17:25:53
  2   6  16   4  $12    0.100   -13.6092  29928.25   0.0      3.27   5.3  17.07.2025  17:25:57
  2   6  13   9  $12    0.100    11.0971   5033.30   0.0      1.96   4.2  17.07.2025  17:25:59
  2   6  14  10  $12    0.100    11.3844   8583.63   0.0      1.09  17.9  17.07.2025  17:26:01
  2   6  15  11  $12    0.100    10.8600  12474.34   0.0      1.96   4.7  17.07.2025  17:26:03
  2   6  16  12  $12    0.100    11.2990  18635.87   0.0      1.89   1.8  17.07.2025  17:26:05
  2   6   9   5  $12    0.010     2.7897   3680.98   0.0     -0.82  30.5  17.07.2025  17:26:10
  2   6  11   7  $12    0.010     2.4348   2151.34   0.0     -9.50   3.1  17.07.2025  17:26:12
  2   6  12   8  $12    0.100     8.2441   1942.47   0.0     -1.18   3.6  17.07.2025  17:26:15
  3   7   1   5  $12    0.010     3.3724   6356.91   0.0     -2.38  28.9  17.07.2025  17:26:20
  3   7   2   6  $12    0.010     6.9392   2972.73   0.0     -0.54  67.9  17.07.2025  17:26:22
  3   7   4   8  $12    0.010     7.8115   3346.43   0.1      1.06  65.1  17.07.2025  17:26:24
  3   7  13   1  $12    0.100   -10.7124   1682.70   0.0      8.01   2.9  17.07.2025  17:26:28
  3   7  14   2  $12    0.010    -3.3924   2501.91   0.0      8.38   0.4  17.07.2025  17:26:33
  3   7  16   4  $12    0.010    -3.5301   3164.77   0.1      7.43  47.4  17.07.2025  17:26:35
  3   7  13   9  $12    0.100    10.1009   2379.96   0.0      0.11 196.9  17.07.2025  17:26:39
  3   7  14  10  $12    0.100    10.9134   4949.97   0.0     -1.23  29.7  17.07.2025  17:26:41
  3   7  15  11  $12    0.100    11.8044   8900.29   0.0      2.03   4.5  17.07.2025  17:26:43
  3   7  16  12  $12    0.100    13.1076  15055.94   0.0      2.11   1.7  17.07.2025  17:26:45
  3   7   9   5  $12    0.100    12.6526   2384.96   0.0      4.62   6.4  17.07.2025  17:26:46
  3   7  10   6  $12    0.010     2.4332   3210.54   0.0     -8.17   6.5  17.07.2025  17:26:51
  3   7  12   8  $12    0.010     2.9548   2610.78   0.0     -2.02  51.3  17.07.2025  17:26:53
  4   8   1   5  $12    0.100    19.4056   2560.50   0.0     19.17   1.6  17.07.2025  17:26:57
  4   8   2   6  $12    0.010     3.3279   6272.93   0.0     -2.26   1.2  17.07.2025  17:27:02
  4   8   3   7  $12    0.010     7.7954   3339.56   0.0      2.09   7.2  17.07.2025  17:27:04
  4   8  13   1  $12    0.100    -3.7571    845.00   0.0    114.29   0.5  17.07.2025  17:27:08
  4   8  14   2  $12    0.100   -13.0005   2042.11   0.0      2.65   9.6  17.07.2025  17:27:10
  4   8  15   3  $12    0.010    -3.4460   2541.42   0.0      7.51   1.9  17.07.2025  17:27:15
  4   8  13   9  $12    0.100     8.7935    776.97   0.0    -14.54   0.9  17.07.2025  17:27:18
  4   8  14  10  $12    0.100    10.0103   2358.63   0.0    -24.18   0.8  17.07.2025  17:27:20
  4   8  15  11  $12    0.100    11.8865   5391.34   0.0      0.74  27.5  17.07.2025  17:27:22
  4   8  16  12  $12    0.100    14.0996  10630.85   0.0      1.61   1.4  17.07.2025  17:27:24
  4   8   9   5  $12    0.100     6.8615    293.94   0.0      9.57   3.7  17.07.2025  17:27:26
  4   8  10   6  $12    0.100    10.0394   1892.38   0.0     20.40   2.7  17.07.2025  17:27:28
  4   8  11   7  $12    0.010     3.1493   4155.43   0.0     -0.75  26.1  17.07.2025  17:27:33
  5   9   6  10  $12    0.010     9.1075   3901.65   0.1     -0.95  57.4  17.07.2025  17:27:35
  5   9   7  11  $12    0.010     2.4604   4637.68   0.0     -3.51  61.3  17.07.2025  17:27:37
  5   9   8  12  $12    0.100    15.5637   2053.58   0.0      1.92   5.7  17.07.2025  17:27:41
  5   9   2   6  $12    0.010    -2.7287   3600.41   0.0     11.62   1.2  17.07.2025  17:27:46
  5   9   3   7  $12    0.100   -12.6241   2379.60   0.0      7.10   1.6  17.07.2025  17:27:49
  5   9   4   8  $12    0.100    -6.8297    292.58   0.0     17.56  10.0  17.07.2025  17:27:51
  5   9   1  13  $12    0.100    10.1101   2540.95   0.0    -22.23   5.4  17.07.2025  17:27:53
  5   9   2  14  $12    0.100     8.6869   1953.77   0.0     -0.32 307.7  17.07.2025  17:27:55
  5   9   3  15  $12    0.100     7.4223   1165.89   0.0     -1.82  10.1  17.07.2025  17:27:57
  5   9   4  16  $12    0.100     6.1144    450.94   0.1    -13.20   7.0  17.07.2025  17:27:59
  5   9  14  10  $12    0.010     5.5132   4871.33   0.0     -2.68  15.3  17.07.2025  17:28:04
  5   9  15  11  $12    0.100     4.3437   1023.45   0.0     -6.17   1.1  17.07.2025  17:28:08
  5   9  16  12  $12    0.100     2.6374   1196.24   0.0     -9.59   0.8  17.07.2025  17:28:10
  6  10   5   9  $12    0.010     9.1378   3914.65   0.0     -0.53  22.2  17.07.2025  17:28:15
  6  10   7  11  $12    0.010     5.3514   2292.54   0.1     -1.33  62.5  17.07.2025  17:28:17
  6  10   8  12  $12    0.010     2.7661   5214.02   0.0     -4.93   8.3  17.07.2025  17:28:19
  6  10   1   5  $12    0.010    -2.4637   2176.83   0.1     32.56   6.4  17.07.2025  17:28:21
  6  10   3   7  $12    0.010    -2.3862   3148.58   0.0     10.67   8.8  17.07.2025  17:28:23
  6  10   4   8  $12    0.100   -10.0761   1899.29   0.0     10.79   2.6  17.07.2025  17:28:26
  6  10   1  13  $12    0.100    10.3755   2333.55   0.1    -67.50   0.8  17.07.2025  17:28:28
  6  10   2  14  $12    0.100     8.4417   2121.62   0.0      0.38  83.3  17.07.2025  17:28:30
  6  10   3  15  $12    0.100     7.9601   1790.31   0.0     -4.72   5.3  17.07.2025  17:28:32
  6  10   4  16  $12    0.100     6.9633   1093.79   0.0    -10.53   3.9  17.07.2025  17:28:34
  6  10  13   9  $12    0.010     5.6002   7389.35   0.0     -3.30   2.2  17.07.2025  17:28:39
  6  10  15  11  $12    0.010     2.1399   1890.77   0.1      0.43 186.8  17.07.2025  17:28:41
  6  10  16  12  $12    0.100    10.3280   2433.47   0.0      1.85   1.9  17.07.2025  17:28:45
  7  11   5   9  $12    0.010     2.4668   4649.81   0.0     -3.32   7.3  17.07.2025  17:28:50
  7  11   6  10  $12    0.010     5.3452   2289.89   0.1     -2.50  52.3  17.07.2025  17:28:52
  7  11   8  12  $12    0.010     6.6139   2833.40   0.0      0.85 141.7  17.07.2025  17:28:54
  7  11   1   5  $12    0.100   -11.5661   2725.19   0.0      3.21   6.6  17.07.2025  17:28:57
  7  11   2   6  $12    0.010    -2.3687   2092.96   0.0      5.73   2.1  17.07.2025  17:29:02
  7  11   4   8  $12    0.010    -3.1276   4126.74   0.2     13.87  12.2  17.07.2025  17:29:04
  7  11   1  13  $12    0.100     7.4871   1176.07   0.0      4.86  10.1  17.07.2025  17:29:08
  7  11   2  14  $12    0.100     7.8071   1755.88   0.0      1.84  41.2  17.07.2025  17:29:10
  7  11   3  15  $12    0.100     8.4127   2114.35   0.0      1.41  14.8  17.07.2025  17:29:12
  7  11   4  16  $12    0.100     7.7508   1743.22   0.0      1.13  70.6  17.07.2025  17:29:14
  7  11  13   9  $12    0.100     5.3165   1002.13   0.1     -4.56  45.8  17.07.2025  17:29:16
  7  11  14  10  $12    0.100    21.6527   2857.00   0.0      3.68   2.6  17.07.2025  17:29:18
  7  11  16  12  $12    0.010     2.6835   2371.05   0.0     -2.03   6.1  17.07.2025  17:29:23
  8  12   5   9  $12    0.100    15.6002   2058.39   0.0      1.70   3.0  17.07.2025  17:29:27
  8  12   6  10  $12    0.010     2.7693   5220.07   0.0     -0.52 224.5  17.07.2025  17:29:31
  8  12   7  11  $12    0.010     6.5881   2822.34   0.0      1.54  28.7  17.07.2025  17:29:33
  8  12   1   5  $12    0.100    -4.3915   1991.85   0.0      2.47  29.9  17.07.2025  17:29:37
  8  12   2   6  $12    0.100    -8.1510   1920.54   0.0      2.49   7.9  17.07.2025  17:29:40
  8  12   3   7  $12    0.010    -2.9024   2564.50   0.0      9.26   0.9  17.07.2025  17:29:44
  8  12   1  13  $12    0.100     7.3784    544.16   0.0      2.26  52.8  17.07.2025  17:29:48
  8  12   2  14  $12    0.100     8.2710   1299.20   0.0     -0.69  15.4  17.07.2025  17:29:50
  8  12   3  15  $12    0.100     9.6663   2174.03   0.0      1.26   7.0  17.07.2025  17:29:52
  8  12  16   4  $12    0.100    -9.5336   2396.06   0.0      2.87  17.3  17.07.2025  17:29:54
  8  12   9  13  $12    0.100    -3.7735    161.66   0.1      4.55  42.3  17.07.2025  17:29:56
  8  12  10  14  $12    0.100   -10.9767   2069.05   0.0      6.80   2.8  17.07.2025  17:29:58
  8  12  11  15  $12    0.010    -2.6595   3509.13   0.0      9.65   1.2  17.07.2025  17:30:03
  9  13  10  14  $12    0.010    10.0602   4309.80   0.0      0.21  27.8  17.07.2025  17:30:05
  9  13  11  15  $12    0.010     2.5240   4757.57   0.1     -1.42  31.2  17.07.2025  17:30:07
  9  13  12  16  $12    0.100    16.0515   2117.95   0.0      2.01   1.8  17.07.2025  17:30:11
  9  13   6  10  $12    0.010    -5.5701   7349.60   0.0      1.69  17.6  17.07.2025  17:30:16
  9  13   7  11  $12    0.100    -5.2787    995.01   0.0      0.81  33.9  17.07.2025  17:30:19
  9  13   8  12  $12    0.100    -3.7946    162.56   0.0      3.39   5.7  17.07.2025  17:30:21
  9  13   5   1  $12    0.100    12.7639   9623.73   0.0    -18.97   0.6  17.07.2025  17:30:23
  9  13   6   2  $12    0.100    11.1023   5035.63   0.0      0.51  34.9  17.07.2025  17:30:25
  9  13   7   3  $12    0.100    10.0838   2375.94   0.0     -0.28  30.2  17.07.2025  17:30:27
  9  13   8   4  $12    0.100     8.7584    773.87   0.0     -1.53  77.4  17.07.2025  17:30:29
  9  13   2  14  $12    0.010     3.3544   2473.86   0.0      1.51   6.6  17.07.2025  17:30:34
  9  13   3  15  $12    0.100     9.5969   1507.48   0.0      7.19   0.8  17.07.2025  17:30:38
  9  13   4  16  $12    0.100     3.5058    788.50   0.2      0.97  48.3  17.07.2025  17:30:40
 10  14   9  13  $12    0.010    10.0754   4316.29   0.0      1.79   7.1  17.07.2025  17:30:45
 10  14  11  15  $12    0.010     5.3453   2289.91   0.2      1.53 235.6  17.07.2025  17:30:46
 10  14  12  16  $12    0.010     2.7511   5185.70   0.0     -1.82  22.8  17.07.2025  17:30:48
 10  14   5   9  $12    0.010    -5.4791   4841.21   0.1      0.50 321.7  17.07.2025  17:30:50
 10  14   7  11  $12    0.010    -2.1232   2801.55   0.2      9.09   6.3  17.07.2025  17:30:52
 10  14   8  12  $12    0.100   -10.8841   2051.61   0.0      4.66   1.4  17.07.2025  17:30:56
 10  14   5   1  $12    0.100    13.2513  15220.99   0.0    -44.99   1.0  17.07.2025  17:30:58
 10  14   6   2  $12    0.100    11.4000   8595.43   0.0      2.89   7.3  17.07.2025  17:31:00
 10  14   7   3  $12    0.100    10.9180   4952.06   0.0      0.72  23.3  17.07.2025  17:31:02
 10  14   8   4  $12    0.100    10.0090   2358.32   0.0     -0.86  33.2  17.07.2025  17:31:04
 10  14   1  13  $12    0.010     3.2530   2916.31   0.0     23.23   4.7  17.07.2025  17:31:09
 10  14   3  15  $12    0.010     2.1268   1568.51   0.2      0.94 177.3  17.07.2025  17:31:11
 10  14   4  16  $12    0.100     6.3758   1001.51   0.0      7.40   4.9  17.07.2025  17:31:15
 11  15   9  13  $12    0.010     2.5341   4776.57   0.0     -2.92   9.4  17.07.2025  17:31:20
 11  15  10  14  $12    0.010     5.3770   2303.52   0.1      0.66  71.1  17.07.2025  17:31:22
 11  15  12  16  $12    0.010     8.1634   3497.17   0.0     -0.52  34.1  17.07.2025  17:31:24
 11  15   5   9  $12    0.100    -4.2837   1009.32   0.0      0.48  48.2  17.07.2025  17:31:28
 11  15   6  10  $12    0.100   -21.3208   1883.85   0.0      3.52  14.6  17.07.2025  17:31:30
 11  15   8  12  $12    0.010    -2.6632   3514.04   0.0      9.15   1.6  17.07.2025  17:31:34
 11  15   5   1  $12    0.100    10.1832  16795.50   0.0      3.06   8.7  17.07.2025  17:31:38
 11  15   6   2  $12    0.100    10.8741  12490.45   0.0      0.56  61.9  17.07.2025  17:31:40
 11  15   7   3  $12    0.100    11.8138   8907.37   0.0      0.96   3.6  17.07.2025  17:31:42
 11  15   8   4  $12    0.100    12.0061   5445.59   0.0      3.58  11.3  17.07.2025  17:31:44
 11  15   1  13  $12    0.100    10.5996  23309.82   0.0      3.53   2.9  17.07.2025  17:31:46
 11  15   2  14  $12    0.100    21.3700   1915.83   0.0      6.50   0.8  17.07.2025  17:31:48
 11  15   4  16  $12    0.010     4.2713   3150.11   0.0     -4.11   2.3  17.07.2025  17:31:53
 12  16   9  13  $12    0.100    16.1169   2126.57   0.0      1.48   8.6  17.07.2025  17:31:57
 12  16  10  14  $12    0.010     2.7657   5213.13   0.0     -3.93  13.8  17.07.2025  17:32:01
 12  16  11  15  $12    0.010     8.1523   3492.42   0.0      0.06 120.4  17.07.2025  17:32:03
 12  16   5   9  $12    0.100    -2.5594   1160.87   0.0      6.12   5.3  17.07.2025  17:32:07
 12  16   6  10  $12    0.100   -10.3330   2434.67   0.0      8.33   6.6  17.07.2025  17:32:09
 12  16   7  11  $12    0.010    -2.6352   2328.43   0.0      9.53   2.6  17.07.2025  17:32:14
 12  16   5   1  $12    0.100    10.0400  22769.06   0.0      1.71  23.3  17.07.2025  17:32:18
 12  16   6   2  $12    0.100    11.3151  18662.36   0.0      1.17  19.7  17.07.2025  17:32:20
 12  16   7   3  $12    0.100    13.1271  15078.37   0.0      1.92   3.5  17.07.2025  17:32:22
 12  16   8   4  $12    0.100    14.2545  10747.66   0.0      4.63   9.1  17.07.2025  17:32:24
 12  16  13   1  $12    0.100    -3.4894    341.28   0.2      8.39  41.4  17.07.2025  17:32:26
 12  16  14   2  $12    0.100    -5.7173  12573.08   0.0      7.24   5.1  17.07.2025  17:32:28
 12  16  15   3  $12    0.010    -4.1375   3709.29   0.0      5.21   2.5  17.07.2025  17:32:33
 13   1  14   2  $12    0.010     6.8389   2345.31   0.0      4.06  13.0  17.07.2025  17:32:35
 13   1  15   3  $12    0.010     2.8850   2187.78   0.1      3.67  23.0  17.07.2025  17:32:37
 13   1  16   4  $12    0.100    14.7450   1895.02   0.0      3.00   3.5  17.07.2025  17:32:40
 13   1  10  14  $12    0.010    -3.2167   2883.76   0.0     26.26   0.8  17.07.2025  17:32:45
 13   1  11  15  $12    0.100   -10.4506  22982.14   0.0      9.13   0.4  17.07.2025  17:32:49
 13   1  12  16  $12    0.100    -3.4379    336.24   0.0      5.81   3.0  17.07.2025  17:32:51
 13   1   9   5  $12    0.100    10.0759   2532.35   0.0    -10.13   0.6  17.07.2025  17:32:53
 13   1  10   6  $12    0.100    10.1540   2283.74   0.0    -52.97   0.3  17.07.2025  17:32:55
 13   1  11   7  $12    0.100     7.4840   1175.58   0.0      1.40  61.0  17.07.2025  17:32:57
 13   1  12   8  $12    0.100     7.3593    542.75   0.0      0.11 107.5  17.07.2025  17:32:59
 13   1   6   2  $12    0.010     2.5939   1913.06   0.0     -2.04   4.0  17.07.2025  17:33:04
 13   1   7   3  $12    0.100    10.7114   1682.54   0.0      1.71   1.0  17.07.2025  17:33:07
 13   1   8   4  $12    0.100     3.9248    882.72   0.2     -0.87 133.4  17.07.2025  17:33:09
 14   2  13   1  $12    0.010     6.8643   2354.02   0.0      3.53   2.6  17.07.2025  17:33:14
 14   2  15   3  $12    0.010     6.3649   2182.77   0.0      1.59  21.9  17.07.2025  17:33:16
 14   2  16   4  $12    0.010     2.7029   2049.65   0.0     -2.05 139.7  17.07.2025  17:33:18
 14   2   9  13  $12    0.010    -3.3243   2451.72   0.3      7.82  32.2  17.07.2025  17:33:20
 14   2  11  15  $12    0.010    -2.1203   1900.82   0.5     10.87  56.2  17.07.2025  17:33:22
 14   2  12  16  $12    0.100    -5.7255  12590.94   0.0      5.90   1.3  17.07.2025  17:33:26
 14   2   9   5  $12    0.100     8.7052   1957.88   0.0      0.55  55.3  17.07.2025  17:33:28
 14   2  10   6  $12    0.100     8.4542   2124.78   0.0     -2.09   4.1  17.07.2025  17:33:30
 14   2  11   7  $12    0.100     7.8075   1755.97   0.0      1.25  44.0  17.07.2025  17:33:32
 14   2  12   8  $12    0.100     8.2722   1299.39   0.0      0.54  80.2  17.07.2025  17:33:34
 14   2   5   1  $12    0.010     2.6397   2366.54   0.0      0.51 183.5  17.07.2025  17:33:39
 14   2   7   3  $12    0.010     3.4427   2538.99   0.1     -2.77  24.7  17.07.2025  17:33:41
 14   2   8   4  $12    0.100    13.0024   2042.41   0.0     -0.46  16.0  17.07.2025  17:33:44
 15   3  13   1  $12    0.010     2.8975   2197.18   0.0      0.85 170.5  17.07.2025  17:33:49
 15   3  14   2  $12    0.010     6.3576   2180.25   0.0      1.24  20.4  17.07.2025  17:33:51
 15   3  16   4  $12    0.010     8.6114   2953.18   0.0     -0.31 438.1  17.07.2025  17:33:53
 15   3   9  13  $12    0.100    -9.5682   1502.97   0.0     12.04   0.3  17.07.2025  17:33:57
 15   3  10  14  $12    0.100   -20.9110   1542.20   0.0      9.48   3.0  17.07.2025  17:33:59
 15   3  12  16  $12    0.010    -4.1448   3715.80   0.0      4.88   1.5  17.07.2025  17:34:04
 15   3   9   5  $12    0.100     7.4378   1168.32   0.0     -0.23  81.1  17.07.2025  17:34:08
 15   3  10   6  $12    0.100     7.9503   1788.10   0.0     -2.24  31.4  17.07.2025  17:34:10
 15   3  11   7  $12    0.100     8.4134   2114.52   0.0     -0.32  98.1  17.07.2025  17:34:12
 15   3  12   8  $12    0.100     9.6599   2172.60   0.0      0.65   7.9  17.07.2025  17:34:14
 15   3   5   1  $12    0.100    11.7342  25804.82   0.0      3.99  17.7  17.07.2025  17:34:16
 15   3   6   2  $12    0.010     3.4597   3101.62   0.0     -2.03   8.9  17.07.2025  17:34:21
 15   3   8   4  $12    0.010     3.4499   2544.33   0.2     -1.98  61.3  17.07.2025  17:34:23
 16   4  13   1  $12    0.100    14.6251   1879.62   0.0     27.38   1.3  17.07.2025  17:34:26
 16   4  14   2  $12    0.010     2.7229   2064.84   0.0     -2.68   4.3  17.07.2025  17:34:31
 16   4  15   3  $12    0.010     8.5956   2947.74   0.0      0.93  59.3  17.07.2025  17:34:33
 16   4   9  13  $12    0.100    -3.4536    776.74   0.0     42.58   0.8  17.07.2025  17:34:37
 16   4  10  14  $12    0.100    -6.2937    988.62   0.0     42.08   1.2  17.07.2025  17:34:39
 16   4  11  15  $12    0.010    -4.2150   3108.58   0.0      5.79   1.8  17.07.2025  17:34:44
 16   4   9   5  $12    0.100     6.1273    451.89   0.0     -9.78   0.7  17.07.2025  17:34:47
 16   4  10   6  $12    0.100     7.0629   1109.44   0.1    -35.00   1.4  17.07.2025  17:34:49
 16   4  11   7  $12    0.100     7.8057   1755.59   0.0     -2.02   7.4  17.07.2025  17:34:51
 16   4  12   8  $12    0.100     9.6474   2424.66   0.0     -0.68  40.8  17.07.2025  17:34:53
 16   4   5   1  $12    0.100     5.0496    493.87   0.0     76.14   0.4  17.07.2025  17:34:55
 16   4   6   2  $12    0.100    13.6613  30042.71   0.0     -0.46  29.7  17.07.2025  17:34:57
 16   4   7   3  $12    0.010     3.5941   3222.08   0.0     -0.75   6.2  17.07.2025  17:35:02
  1   4   2   3  $12    0.010     4.0969   2574.14   0.0      2.02  18.9  17.07.2025  17:35:04
  2   3   1   4  $12    0.010     4.1073   2580.70   0.2     -2.53  93.5  17.07.2025  17:35:06
  1   2   3   4  $12    0.100   -13.6138   2566.15   0.0     16.43   0.9  17.07.2025  17:35:10
  3   4   1   2  $12    0.100   -13.3404   2514.61   0.1     30.66  12.4  17.07.2025  17:35:12
  5   8   6   7  $12    0.010     3.8638   2427.71   0.0      2.02  12.8  17.07.2025  17:35:17
  6   7   5   8  $12    0.010     3.8896   2443.92   0.0      1.28   5.5  17.07.2025  17:35:19
  5   6   7   8  $12    0.100    -8.0531   1517.98   0.0     -2.16   2.9  17.07.2025  17:35:23
  7   8   5   6  $12    0.100    -7.7172   1454.65   0.0     -4.55  18.2  17.07.2025  17:35:25
  9  12  10  11  $12    0.010     6.9528   4368.60   0.0     -0.24 147.6  17.07.2025  17:35:29
 10  11   9  12  $12    0.010     6.9528   4368.54   0.0     -1.44   2.0  17.07.2025  17:35:31
  9  10  11  12  $12    0.100    -8.6398   1628.56   0.0      2.17   3.8  17.07.2025  17:35:35
 11  12   9  10  $12    0.100    -8.7946   1657.75   0.0      7.15   8.8  17.07.2025  17:35:37
 13  16  14  15  $12    0.010     6.3620   3997.38   0.0      0.30  23.8  17.07.2025  17:35:42
 14  15  13  16  $12    0.010     6.4006   4021.61   0.0     -1.64   3.6  17.07.2025  17:35:44
 13  14  15  16  $12    0.100    -8.0085   1509.57   0.0      8.01   0.5  17.07.2025  17:35:48
  1   9  10   2  $12    0.010   -10.2809   3699.62   0.0     -0.52  13.4  17.07.2025  17:35:52
  1   9  11   3  $12    0.010    -3.3365   2858.67   0.1      9.12  32.3  17.07.2025  17:35:54
  1   9  12   4  $12    0.010    -2.3823   3983.55   0.1     14.23  33.8  17.07.2025  17:35:56
  2  10   9   1  $12    0.010   -10.2730   3696.81   0.0     -1.45  33.9  17.07.2025  17:35:58
  2  10  11   3  $12    0.010    -7.4003   2663.04   0.0      5.84   7.7  17.07.2025  17:36:00
  2  10  12   4  $12    0.010    -4.1821   3583.25   0.1     10.52  11.8  17.07.2025  17:36:02
  3  11   9   1  $12    0.010    -3.3321   2854.96   0.1      8.91  30.7  17.07.2025  17:36:04
  3  11  10   2  $12    0.010    -7.4036   2664.23   0.0      5.07  25.2  17.07.2025  17:36:06
  3  11  12   4  $12    0.010    -8.3003   2986.91   0.2      3.10  35.3  17.07.2025  17:36:08
 12   4   9   1  $12    0.010     2.4041   4019.99   0.3      7.04  46.4  17.07.2025  17:36:11
 12   4  10   2  $12    0.010     4.2410   3633.70   0.2     -0.54 293.7  17.07.2025  17:36:13
 12   4  11   3  $12    0.010     8.3426   3002.12   0.0      1.59  59.7  17.07.2025  17:36:15
 13   5  14   6  $12    0.010     8.0990   2914.46   0.0      2.73  21.2  17.07.2025  17:36:17
 13   5  15   7  $12    0.010     4.0160   3440.87   0.0     -0.68  67.8  17.07.2025  17:36:19
 13   5  16   8  $12    0.010     2.5487   4261.83   0.0     -3.51  10.2  17.07.2025  17:36:21
 14   6  13   5  $12    0.010     8.1310   2925.98   0.0      2.37   8.0  17.07.2025  17:36:23
 14   6  15   7  $12    0.010     6.4579   2323.92   0.0      0.20 212.8  17.07.2025  17:36:25
 14   6  16   8  $12    0.010     3.3737   2890.57   0.0     -2.42   4.0  17.07.2025  17:36:27
 15   7  13   5  $12    0.010     4.0125   3437.90   0.0      0.22  58.1  17.07.2025  17:36:29
 15   7  14   6  $12    0.010     6.4357   2315.92   0.0      0.10 226.7  17.07.2025  17:36:30
 15   7  16   8  $12    0.010     9.4031   3383.76   0.0      0.00 1631.2  17.07.2025  17:36:33
 16   8  13   5  $12    0.010     2.5526   4268.35   0.0     -1.56  40.5  17.07.2025  17:36:34
 16   8  14   6  $12    0.010     3.3766   2893.11   0.0     -1.66  15.5  17.07.2025  17:36:37
 16   8  15   7  $12    0.010     9.3943   3380.60   0.0      0.58  88.1  17.07.2025  17:36:38
  1   2   5   6  $12    1.000     8.2224   1549.88   0.3   -207.77   2.0  17.07.2025  17:36:44
  2   3   6   7  $12    1.000     6.8517   1291.51   0.0      2.54  28.6  17.07.2025  17:36:46
  3   4   7   8  $12    1.000     6.3448   1195.97   0.0     -5.66  10.4  17.07.2025  17:36:48
  1   2   9  10  $12    0.100     0.9406  14893.71   0.2   -532.09   0.7  17.07.2025  17:36:53
  2   3  10  11  $12    1.000     2.0562   3255.66   0.0   -126.53   1.4  17.07.2025  17:36:57
  3   4  11  12  $12    1.000     0.5654    895.30   0.5     -8.57  57.8  17.07.2025  17:37:02
  1   2  13  14  $12    0.100     0.1451   7824.54   0.8   -586.58   1.8  17.07.2025  17:37:08
  2   3  14  15  $12    1.000    12.3208  66421.03   0.0      1.23   5.5  17.07.2025  17:37:11
  3   4  15  16  $12    1.000     9.0446  48759.35   0.0     14.33   1.6  17.07.2025  17:37:13
  5   6   9  10  $12    1.000     6.0364   1137.83   0.1    -78.65   1.8  17.07.2025  17:37:15
  6   7  10  11  $12    1.000     6.0323   1137.07   0.0    -11.80   4.0  17.07.2025  17:37:17
  7   8  11  12  $12    1.000     2.2331    420.92   0.0     -3.61  20.4  17.07.2025  17:37:19
  5   6  13  14  $12   10.000     5.7597    911.96   0.6    -13.32   1.1  17.07.2025  17:37:24
  6   7  14  15  $12   10.000    21.1323   3346.02   0.0      1.64   5.0  17.07.2025  17:37:26
  7   8  15  16  $12   10.000    16.9868   2689.63   0.0      3.98   0.6  17.07.2025  17:37:28
  9  10  13  14  $12    1.000     4.7604    897.31   0.1     12.21   2.7  17.07.2025  17:37:33
 10  11  14  15  $12    1.000     7.0977   1337.88   0.0     36.95   0.4  17.07.2025  17:37:35
 11  12  15  16  $12   10.000    19.0132    358.39   0.0      6.78   0.3  17.07.2025  17:37:39
  1   2   6   7  $12    0.100     0.6520   2458.06   0.0    -21.41   1.8  17.07.2025  17:37:47
  2   3   7   8  $12    1.000     7.5870   2860.23   0.0      2.16   2.6  17.07.2025  17:37:51
  1   2   7   8  $12    0.100     0.5951   3926.22   0.0     68.55   0.3  17.07.2025  17:37:56
  2   3   7   8  $12    1.000     7.5899   2861.33   0.0      1.60   5.0  17.07.2025  17:38:00
  1   2  10  11  $12    0.100    -2.8115  63594.81   0.0   -559.98   0.3  17.07.2025  17:38:05
  2   3  11  12  $12   10.000     6.0023   1357.69   0.0      3.27   0.3  17.07.2025  17:38:11
  1   2  11  12  $12    0.100     0.0804   2500.04   0.5   -324.61   2.2  17.07.2025  17:38:19
  2   3  11  12  $12   10.000     6.0033   1357.92   0.0      2.15   2.0  17.07.2025  17:38:25
  1   2  14  15  $12    0.100     0.9531  65392.82   0.1     55.01   0.3  17.07.2025  17:38:33
  2   3  15  16  $12    1.000     8.4762  58156.93   0.0      3.92   0.8  17.07.2025  17:38:37
  1   2  15  16  $12    0.100     0.7849  67314.82   0.0   -162.75   0.3  17.07.2025  17:38:42
  2   3  15  16  $12    1.000     8.4801  58184.11   0.0      4.21   1.4  17.07.2025  17:38:46
  5   6  10  11  $12    1.000     4.5211   1704.42   0.1    157.56   0.7  17.07.2025  17:38:48
  6   7  11  12  $12   10.000    18.9775    715.43   0.0      1.34   1.6  17.07.2025  17:38:52
  5   6  11  12  $12   10.000    13.0307    859.68   0.0    -26.94   2.5  17.07.2025  17:38:54
  6   7  11  12  $12   10.000    18.9538    714.54   0.0      0.43   1.5  17.07.2025  17:38:56
  5   6  14  15  $12   10.000    11.1067   2512.28   0.0    -11.59   1.4  17.07.2025  17:38:58
  6   7  15  16  $12   10.000    12.1342   2744.69   0.0     10.07   0.0  17.07.2025  17:39:00
  5   6  15  16  $12   10.000     7.9654   2477.38   0.1    -30.69   1.0  17.07.2025  17:39:02
  6   7  15  16  $12   10.000    12.1230   2742.17   0.0     10.01   0.3  17.07.2025  17:39:04
  9  10  14  15  $12    1.000     8.2404   3106.57   0.0     -8.81   0.2  17.07.2025  17:39:09
 10  11  15  16  $12    1.000     4.5843   1728.22   0.0    -88.31   0.2  17.07.2025  17:39:11
  9  10  15  16  $12    1.000     3.3959   2240.37   0.0     18.00   2.9  17.07.2025  17:39:13
 10  11  15  16  $12    1.000     4.6182   1741.01   0.0    -90.01   0.4  17.07.2025  17:39:15
