//C:\Users\user\Desktop\GeoTom\GeoTomE724.ini
//- Cable direction:
//  cable I: normal
//  cable II: normal
//  cable III: normal
//  cable IV: normal
//- Cable arrangement: sequential
//- Optimization: Last measurement
//- Sorting: Multi-level
//- Current levels: 0.001 mA .. 50.0 mA
Type:         Flow
Name:         Hyprop
Comment:      Example of a measurements sequence
Comment:      
Comment:      
Spacing:      1.00000
First El:     0.00000
Nr of points: 289
IP present:   1

  1   5   2   6  $12    0.010     6.6140   2833.42   0.0      2.64   5.3  17.07.2025  12:25:05
  1   5   3   7  $12    0.010     3.4250   6455.99   0.0      0.56 152.3  17.07.2025  12:25:07
  1   5   4   8  $12    0.010     2.0020   2641.58   0.2     -3.53 139.8  17.07.2025  12:25:09
  1   5  14   2  $12    0.010    -2.7526   2467.76   0.2     11.49  11.2  17.07.2025  12:25:11
  1   5  15   3  $12    0.100   -12.1082  26627.24   0.0      7.37   0.3  17.07.2025  12:25:15
  1   5  16   4  $12    0.100    -5.3597    524.20   0.1      5.03  39.9  17.07.2025  12:25:17
  1   5  13   9  $12    0.100    12.5203   9440.11   0.0    -19.32   2.9  17.07.2025  12:25:19
  1   5  14  10  $12    0.100    12.3466  14181.83   0.0    -27.44   0.4  17.07.2025  12:25:21
  1   5  15  11  $12    0.100    10.1800  16790.25   0.0      0.39 104.7  17.07.2025  12:25:23
  1   5  16  12  $12    0.100    10.0122  22705.96   0.5      7.11  64.4  17.07.2025  12:25:25
  1   5  10   6  $12    0.010     2.6042   2301.04   0.0     11.27  12.0  17.07.2025  12:25:30
  1   5  11   7  $12    0.100    11.7059   2758.13   0.0      1.01  12.6  17.07.2025  12:25:34
  1   5  12   8  $12    0.100     4.4258   2007.40   0.4     -1.70 664.4  17.07.2025  12:25:36
  2   6   1   5  $12    0.010     6.6290   2839.87   0.0      1.66  14.3  17.07.2025  12:25:41
  2   6   3   7  $12    0.010     6.8384   2929.55   0.1     -2.15  36.0  17.07.2025  12:25:43
  2   6   4   8  $12    0.010     3.2889   6199.51   0.1     -2.62  26.7  17.07.2025  12:25:45
  2   6  13   1  $12    0.010    -2.6968   1988.90   0.4     11.07  60.8  17.07.2025  12:25:47
  2   6  15   3  $12    0.010    -3.2877   2947.48   0.2      6.44  19.1  17.07.2025  12:25:49
  2   6  16   4  $12    0.100   -13.1261  28865.76   0.0      3.85   4.2  17.07.2025  12:25:52
  2   6  13   9  $12    0.100    10.8541   4923.04   0.0      1.59   9.0  17.07.2025  12:25:54
  2   6  14  10  $12    0.100    11.1226   8386.27   0.0      0.89  64.6  17.07.2025  12:25:56
  2   6  15  11  $12    0.100    10.7828  12385.59   0.0      2.26   3.4  17.07.2025  12:25:58
  2   6  16  12  $12    0.100    11.1459  18383.33   0.3      0.13 -2184.2  17.07.2025  12:26:01
  2   6   9   5  $12    0.010     2.8199   3720.81   0.0     -0.88  61.0  17.07.2025  12:26:05
  2   6  11   7  $12    0.010     2.4494   2164.25   0.0     -6.77   0.5  17.07.2025  12:26:07
  2   6  12   8  $12    0.100     8.4185   1983.56   0.0     -0.23  48.9  17.07.2025  12:26:12
  3   7   1   5  $12    0.010     3.4314   6468.04   0.0      2.01  48.6  17.07.2025  12:26:17
  3   7   2   6  $12    0.010     6.8292   2925.60   0.0     -0.77  29.2  17.07.2025  12:26:19
  3   7   4   8  $12    0.010     7.7964   3339.98   0.0      0.98 141.3  17.07.2025  12:26:21
  3   7  13   1  $12    0.100   -11.2862   1772.83   0.0      6.81   4.2  17.07.2025  12:26:25
  3   7  14   2  $12    0.010    -3.2783   2417.76   0.0      8.88   1.1  17.07.2025  12:26:29
  3   7  16   4  $12    0.010    -3.5109   3147.52   0.1      3.44  41.1  17.07.2025  12:26:31
  3   7  13   9  $12    0.100     9.8705   2325.69   0.0      0.25  24.6  17.07.2025  12:26:35
  3   7  14  10  $12    0.100    10.6903   4848.79   0.0      0.83  52.0  17.07.2025  12:26:37
  3   7  15  11  $12    0.100    11.7040   8824.58   0.0      1.63  18.4  17.07.2025  12:26:39
  3   7  16  12  $12    0.100    12.9676  14895.14   0.3     -0.65 717.9  17.07.2025  12:26:41
  3   7   9   5  $12    0.100    12.9679   2444.39   0.2      3.94  90.0  17.07.2025  12:26:43
  3   7  10   6  $12    0.010     2.4593   3244.95   0.0     -6.05   8.9  17.07.2025  12:26:48
  3   7  12   8  $12    0.010     3.0249   2672.68   0.9    -17.91  75.5  17.07.2025  12:26:50
  4   8   1   5  $12    0.010     2.0729   2735.09   0.6     -1.28 1296.0  17.07.2025  12:26:52
  4   8   2   6  $12    0.010     3.2920   6205.32   0.0     -3.41  12.4  17.07.2025  12:26:54
  4   8   3   7  $12    0.010     7.8045   3343.46   0.0      0.52  54.1  17.07.2025  12:26:56
  4   8  13   1  $12    0.100    -4.2019    945.04   0.0     77.11   0.4  17.07.2025  12:27:00
  4   8  14   2  $12    0.100   -12.5957   1978.52   0.0      3.34   5.1  17.07.2025  12:27:02
  4   8  15   3  $12    0.010    -3.4544   2547.62   0.0      8.21   0.9  17.07.2025  12:27:07
  4   8  13   9  $12    0.100     8.5586    756.22   0.0     -9.21   2.0  17.07.2025  12:27:10
  4   8  14  10  $12    0.100     9.7069   2287.13   0.0    -11.51   2.6  17.07.2025  12:27:12
  4   8  15  11  $12    0.100    11.7290   5319.89   0.0      1.46  23.1  17.07.2025  12:27:14
  4   8  16  12  $12    0.100    14.0313  10579.36   0.1     -0.26 1013.6  17.07.2025  12:27:16
  4   8   9   5  $12    0.100     7.0876    303.63   0.6     12.32  45.1  17.07.2025  12:27:18
  4   8  10   6  $12    0.100    10.3633   1953.43   0.0      8.04   2.3  17.07.2025  12:27:20
  4   8  11   7  $12    0.010     3.1471   4152.52   0.0     -1.59  14.2  17.07.2025  12:27:25
  5   9   6  10  $12    0.010     8.1546   3493.43   0.0     -1.99  31.0  17.07.2025  12:27:27
  5   9   7  11  $12    0.010     2.5662   4837.11   0.1     -4.93  17.0  17.07.2025  12:27:29
  5   9   8  12  $12    0.100    16.1495   2130.88   0.0      1.81  20.5  17.07.2025  12:27:33
  5   9   2   6  $12    0.010    -2.7584   3639.58   0.0     12.87   8.3  17.07.2025  12:27:38
  5   9   3   7  $12    0.100   -12.8707   2426.07   0.0      6.02   1.5  17.07.2025  12:27:42
  5   9   4   8  $12    0.100    -7.0525    302.13   0.1     10.56   9.7  17.07.2025  12:27:44
  5   9   1  13  $12    0.100    10.2061   2565.09   0.0    -14.31   4.8  17.07.2025  12:27:46
  5   9   2  14  $12    0.100     8.8499   1990.43   0.0     -0.81  53.5  17.07.2025  12:27:48
  5   9   3  15  $12    0.100     7.6295   1198.43   0.0     -1.40   8.4  17.07.2025  12:27:50
  5   9   4  16  $12    0.100     6.2569    461.45   0.1     -5.69  30.0  17.07.2025  12:27:52
  5   9  14  10  $12    0.010     4.4983   3974.58   0.0     -2.78  17.7  17.07.2025  12:27:56
  5   9  15  11  $12    0.100     4.8509   1142.97   0.0     -4.55   3.7  17.07.2025  12:28:00
  5   9  16  12  $12    0.100     2.7716   1257.09   0.1    -16.79  38.5  17.07.2025  12:28:03
  6  10   5   9  $12    0.010     8.1756   3502.40   0.0      0.26 100.9  17.07.2025  12:28:08
  6  10   7  11  $12    0.010     5.6657   2427.17   0.0     -0.51  86.7  17.07.2025  12:28:10
  6  10   8  12  $12    0.010     2.9841   5624.88   0.2     -7.66  55.4  17.07.2025  12:28:12
  6  10   1   5  $12    0.010    -2.4848   2195.47   0.2     23.80  35.1  17.07.2025  12:28:14
  6  10   3   7  $12    0.010    -2.4165   3188.51   0.1      7.45   8.4  17.07.2025  12:28:16
  6  10   4   8  $12    0.100   -10.3940   1959.23   0.0      4.36   3.4  17.07.2025  12:28:20
  6  10   1  13  $12    0.100     9.9249   2232.21   0.0    -38.44   3.9  17.07.2025  12:28:22
  6  10   2  14  $12    0.100     8.5854   2157.74   0.0      0.10 201.1  17.07.2025  12:28:24
  6  10   3  15  $12    0.100     8.1670   1836.84   0.0     -2.67   3.0  17.07.2025  12:28:26
  6  10   4  16  $12    0.100     7.0462   1106.81   0.1     -5.35  23.6  17.07.2025  12:28:28
  6  10  13   9  $12    0.010     4.5919   6058.82   0.0     -3.72   2.5  17.07.2025  12:28:33
  6  10  15  11  $12    0.010     2.4080   2127.61   0.1     -3.64  54.6  17.07.2025  12:28:35
  6  10  16  12  $12    0.100    11.4049   2687.21   0.0      1.13  36.6  17.07.2025  12:28:39
  7  11   5   9  $12    0.010     2.5604   4826.29   0.0     -1.01   8.5  17.07.2025  12:28:44
  7  11   6  10  $12    0.010     5.6745   2430.94   0.1     -3.10   5.8  17.07.2025  12:28:46
  7  11   8  12  $12    0.010     6.6284   2839.58   0.5      2.32 484.0  17.07.2025  12:28:48
  7  11   1   5  $12    0.100   -11.6525   2745.55   0.0      4.53  10.9  17.07.2025  12:28:52
  7  11   2   6  $12    0.010    -2.3812   2103.96   0.0      6.09   3.1  17.07.2025  12:28:57
  7  11   4   8  $12    0.010    -3.1067   4099.22   0.2      7.03  67.7  17.07.2025  12:28:59
  7  11   1  13  $12    0.100     7.5571   1187.07   0.0      6.37   4.9  17.07.2025  12:29:02
  7  11   2  14  $12    0.100     7.8186   1758.47   0.0      0.39  59.2  17.07.2025  12:29:04
  7  11   3  15  $12    0.100     8.4180   2115.68   0.0      0.63   8.0  17.07.2025  12:29:06
  7  11   4  16  $12    0.100     7.8097   1756.48   0.0     -0.96  99.3  17.07.2025  12:29:08
  7  11  13   9  $12    0.100     6.1683   1162.71   0.1     -2.00  10.7  17.07.2025  12:29:10
  7  11  14  10  $12    0.010     2.4865   3280.84   0.0     -4.35  19.1  17.07.2025  12:29:15
  7  11  16  12  $12    0.010     2.7112   2395.57   0.8    -20.79 103.8  17.07.2025  12:29:17
  8  12   5   9  $12    0.100    16.1888   2136.06   0.0      1.59  18.6  17.07.2025  12:29:21
  8  12   6  10  $12    0.010     2.9144   5493.49   0.0     -1.35  12.2  17.07.2025  12:29:26
  8  12   7  11  $12    0.010     6.5872   2821.94   0.0      0.13 329.3  17.07.2025  12:29:28
  8  12   1   5  $12    0.100    -4.4587   2022.34   0.0      6.53   6.7  17.07.2025  12:29:32
  8  12   2   6  $12    0.100    -8.3319   1963.15   0.0      2.34  14.7  17.07.2025  12:29:34
  8  12   3   7  $12    0.010    -2.9070   2568.57   0.0      8.90   1.5  17.07.2025  12:29:39
  8  12   1  13  $12    0.100     7.4591    550.11   0.0      2.31  17.7  17.07.2025  12:29:42
  8  12   2  14  $12    0.100     8.2187   1291.00   0.0      0.44  71.5  17.07.2025  12:29:44
  8  12   3  15  $12    0.100     9.6044   2160.12   0.0      0.83  11.4  17.07.2025  12:29:46
  8  12  16   4  $12    0.100    -9.5375   2397.04   0.0      2.00  28.3  17.07.2025  12:29:48
  8  12   9  13  $12    0.100    -4.2212    180.84   0.1      4.70  33.1  17.07.2025  12:29:50
  8  12  10  14  $12    0.100   -12.2911   2316.83   0.0      5.79  12.7  17.07.2025  12:29:52
  8  12  11  15  $12    0.010    -2.6439   3488.57   0.0      9.16   0.7  17.07.2025  12:29:57
  9  13  10  14  $12    0.010     9.0150   3862.04   0.0      0.01 -2512.7  17.07.2025  12:29:59
  9  13  11  15  $12    0.010     2.6286   4954.84   0.3      0.05 -543.0  17.07.2025  12:30:01
  9  13  12  16  $12    0.100    16.3095   2151.99   0.0      0.61  69.7  17.07.2025  12:30:05
  9  13   6  10  $12    0.010    -4.5594   6016.04   0.0      4.55   8.8  17.07.2025  12:30:10
  9  13   7  11  $12    0.100    -6.1182   1153.25   0.0      0.21  27.0  17.07.2025  12:30:14
  9  13   8  12  $12    0.100    -4.2728    183.05   0.7     -1.66 458.9  17.07.2025  12:30:16
  9  13   5   1  $12    0.100    12.2996   9273.70   0.1    -13.85  24.9  17.07.2025  12:30:18
  9  13   6   2  $12    0.100    10.8400   4916.65   0.0      0.80  27.2  17.07.2025  12:30:20
  9  13   7   3  $12    0.100     9.8480   2320.37   0.0      0.36  99.9  17.07.2025  12:30:22
  9  13   8   4  $12    0.100     8.5099    751.91   0.2      2.70  62.9  17.07.2025  12:30:24
  9  13   2  14  $12    0.010     3.3301   2455.95   0.0      0.19 224.4  17.07.2025  12:30:29
  9  13   3  15  $12    0.100    10.0023   1571.16   0.0      6.23   0.0  17.07.2025  12:30:33
  9  13   4  16  $12    0.100     3.5425    796.73   0.2     -3.86  49.0  17.07.2025  12:30:35
 10  14   9  13  $12    0.010     9.0035   3857.11   0.0      1.79   4.9  17.07.2025  12:30:40
 10  14  11  15  $12    0.010     5.8012   2485.24   0.2     -0.55 208.0  17.07.2025  12:30:42
 10  14  12  16  $12    0.010     2.9538   5567.70   0.8    -16.86  67.4  17.07.2025  12:30:44
 10  14   5   9  $12    0.010    -4.5033   3979.04   0.3      6.34 125.8  17.07.2025  12:30:46
 10  14   7  11  $12    0.010    -2.4258   3200.71   0.3     16.60   3.6  17.07.2025  12:30:48
 10  14   8  12  $12    0.100   -12.2079   2301.13   0.0      4.80   2.7  17.07.2025  12:30:52
 10  14   5   1  $12    0.100    12.3686  14207.11   0.2    -33.43   4.8  17.07.2025  12:30:54
 10  14   6   2  $12    0.100    11.1308   8392.44   0.0      1.95  17.4  17.07.2025  12:30:56
 10  14   7   3  $12    0.100    10.6945   4850.67   0.0      0.62  26.8  17.07.2025  12:30:58
 10  14   8   4  $12    0.100     9.6964   2284.66   0.1      5.35  20.8  17.07.2025  12:31:00
 10  14   1  13  $12    0.010     3.2959   2954.76   0.0     13.65  11.3  17.07.2025  12:31:05
 10  14   3  15  $12    0.010     2.2853   1685.45   0.0     -0.57  59.7  17.07.2025  12:31:07
 10  14   4  16  $12    0.100     6.7013   1052.64   0.0     -0.28  85.8  17.07.2025  12:31:11
 11  15   9  13  $12    0.010     2.6316   4960.37   0.0     -3.26  16.6  17.07.2025  12:31:15
 11  15  10  14  $12    0.010     5.8117   2489.74   0.0      0.53 218.6  17.07.2025  12:31:17
 11  15  12  16  $12    0.010     8.0053   3429.44   0.7      4.41 117.7  17.07.2025  12:31:19
 11  15   5   9  $12    0.100    -4.7813   1126.56   0.1      1.42 108.0  17.07.2025  12:31:23
 11  15   6  10  $12    0.010    -2.3742   2097.81   0.0      9.90   5.5  17.07.2025  12:31:28
 11  15   8  12  $12    0.010    -2.5895   3416.81   0.9      7.50 257.2  17.07.2025  12:31:30
 11  15   5   1  $12    0.100    10.2131  16844.76   0.0      3.15  18.7  17.07.2025  12:31:35
 11  15   6   2  $12    0.100    10.7908  12394.84   0.0      0.82  32.3  17.07.2025  12:31:37
 11  15   7   3  $12    0.100    11.6967   8819.11   0.0      1.03  27.1  17.07.2025  12:31:39
 11  15   8   4  $12    0.100    11.8571   5378.00   0.0      3.32  37.9  17.07.2025  12:31:41
 11  15   1  13  $12    0.100    11.0394  24277.00   0.0      2.79  34.8  17.07.2025  12:31:43
 11  15   2  14  $12    0.100    23.0972   2070.67   0.0      5.92   0.8  17.07.2025  12:31:44
 11  15   4  16  $12    0.010     4.1704   3075.67   0.0     -3.82   9.9  17.07.2025  12:31:49
 12  16   9  13  $12    0.100    16.3459   2156.79   0.0      1.45   6.5  17.07.2025  12:31:53
 12  16  10  14  $12    0.010     2.8967   5460.13   0.0     -0.82  18.7  17.07.2025  12:31:58
 12  16  11  15  $12    0.010     7.9901   3422.94   0.0      0.33 203.7  17.07.2025  12:32:00
 12  16   5   9  $12    0.100    -2.7611   1252.33   0.0      3.35   7.9  17.07.2025  12:32:04
 12  16   6  10  $12    0.100   -11.3776   2680.79   0.0      4.28   5.3  17.07.2025  12:32:05
 12  16   7  11  $12    0.010    -2.6188   2313.93   0.0      9.50   2.2  17.07.2025  12:32:11
 12  16   5   1  $12    0.100    10.0583  22810.57   0.0      1.86  23.8  17.07.2025  12:32:14
 12  16   6   2  $12    0.100    11.1971  18467.74   0.0      1.51  19.5  17.07.2025  12:32:16
 12  16   7   3  $12    0.100    13.0211  14956.59   0.0      2.07   6.6  17.07.2025  12:32:18
 12  16   8   4  $12    0.100    14.1163  10643.45   0.0      4.17   7.4  17.07.2025  12:32:20
 12  16  13   1  $12    0.100    -3.4548    337.89   0.2      5.40  55.6  17.07.2025  12:32:22
 12  16  14   2  $12    0.100    -6.0458  13295.46   0.0      6.41   5.6  17.07.2025  12:32:24
 12  16  15   3  $12    0.010    -3.9964   3582.83   0.0      5.51   0.5  17.07.2025  12:32:29
 13   1  14   2  $12    0.010     6.9866   2395.98   0.0      2.31  11.1  17.07.2025  12:32:31
 13   1  15   3  $12    0.010     3.0002   2275.11   0.0      1.25  26.3  17.07.2025  12:32:33
 13   1  16   4  $12    0.100    15.2085   1954.59   0.0     -0.57  69.0  17.07.2025  12:32:37
 13   1  10  14  $12    0.010    -3.2368   2901.84   0.0     21.02   4.9  17.07.2025  12:32:42
 13   1  11  15  $12    0.100   -10.8932  23955.49   0.0      8.38   1.0  17.07.2025  12:32:46
 13   1  12  16  $12    0.100    -3.4253    335.01   0.4      6.39 130.9  17.07.2025  12:32:48
 13   1   9   5  $12    0.100    10.2009   2563.77   0.1    -12.82  19.0  17.07.2025  12:32:50
 13   1  10   6  $12    0.100     9.8126   2206.95   0.0    -36.55   2.2  17.07.2025  12:32:52
 13   1  11   7  $12    0.100     7.5279   1182.48   0.0      2.34  24.0  17.07.2025  12:32:54
 13   1  12   8  $12    0.100     7.5081    553.73   0.2     -8.79   9.7  17.07.2025  12:32:56
 13   1   6   2  $12    0.010     2.7499   2028.09   0.0     -2.40  24.7  17.07.2025  12:33:01
 13   1   7   3  $12    0.100    11.2711   1770.45   0.0      1.13   3.0  17.07.2025  12:33:04
 13   1   8   4  $12    0.100     4.3921    987.83   0.1    -14.98   6.0  17.07.2025  12:33:06
 14   2  13   1  $12    0.010     7.0065   2402.79   0.0      2.55  28.5  17.07.2025  12:33:11
 14   2  15   3  $12    0.010     6.4234   2202.81   0.0      1.50  24.5  17.07.2025  12:33:13
 14   2  16   4  $12    0.010     2.7199   2062.58   0.7     11.88  81.3  17.07.2025  12:33:15
 14   2   9  13  $12    0.010    -3.3096   2440.86   0.3      8.05  24.9  17.07.2025  12:33:17
 14   2  11  15  $12    0.010    -2.3090   2070.00   0.3     18.54  24.4  17.07.2025  12:33:19
 14   2  12  16  $12    0.100    -6.0482  13300.58   0.0      6.37   8.8  17.07.2025  12:33:23
 14   2   9   5  $12    0.100     8.8540   1991.35   0.2     -1.01 487.9  17.07.2025  12:33:25
 14   2  10   6  $12    0.100     8.5953   2160.23   0.1     -0.32 172.5  17.07.2025  12:33:27
 14   2  11   7  $12    0.100     7.8345   1762.06   0.0      0.33 212.9  17.07.2025  12:33:29
 14   2  12   8  $12    0.100     8.2262   1292.18   0.6     -4.71 142.8  17.07.2025  12:33:31
 14   2   5   1  $12    0.010     2.7826   2494.62   0.0     -0.78 166.5  17.07.2025  12:33:36
 14   2   7   3  $12    0.010     3.3230   2450.74   0.0     -1.42  68.0  17.07.2025  12:33:38
 14   2   8   4  $12    0.100    12.5617   1973.19   0.0     -0.11  34.9  17.07.2025  12:33:42
 15   3  13   1  $12    0.010     3.0078   2280.89   0.0      3.94  19.8  17.07.2025  12:33:47
 15   3  14   2  $12    0.010     6.4051   2196.56   0.0      1.94  37.3  17.07.2025  12:33:49
 15   3  16   4  $12    0.010     8.4927   2912.48   0.3     -2.80  78.3  17.07.2025  12:33:51
 15   3   9  13  $12    0.100    -9.9569   1564.03   0.0     10.18   3.3  17.07.2025  12:33:54
 15   3  10  14  $12    0.100   -22.4245   1653.82   0.0      8.50   1.3  17.07.2025  12:33:56
 15   3  12  16  $12    0.010    -4.0182   3602.33   0.0      3.80  12.8  17.07.2025  12:34:01
 15   3   9   5  $12    0.100     7.6452   1200.91   0.0      0.71  38.1  17.07.2025  12:34:06
 15   3  10   6  $12    0.100     8.1776   1839.21   0.0     -1.25  28.7  17.07.2025  12:34:08
 15   3  11   7  $12    0.100     8.4048   2112.35   0.0      0.24 226.4  17.07.2025  12:34:10
 15   3  12   8  $12    0.100     9.5667   2151.64   0.3     -0.30 2318.5  17.07.2025  12:34:12
 15   3   5   1  $12    0.100    12.2425  26922.73   0.2      5.94  49.7  17.07.2025  12:34:14
 15   3   6   2  $12    0.010     3.3379   2992.45   0.0     -0.93  10.5  17.07.2025  12:34:19
 15   3   8   4  $12    0.010     3.4737   2561.88   0.1     -4.24  67.6  17.07.2025  12:34:21
 16   4  13   1  $12    0.100    15.1399   1945.77   0.0     20.76   1.6  17.07.2025  12:34:24
 16   4  14   2  $12    0.010     2.7133   2057.55   0.0     -2.51   7.0  17.07.2025  12:34:29
 16   4  15   3  $12    0.010     8.4966   2913.79   0.0      1.24  37.8  17.07.2025  12:34:31
 16   4   9  13  $12    0.100    -3.4852    783.85   0.0     27.66   0.0  17.07.2025  12:34:35
 16   4  10  14  $12    0.100    -6.6226   1040.28   0.0     20.96   3.5  17.07.2025  12:34:37
 16   4  11  15  $12    0.010    -4.1256   3042.69   0.0      5.29   2.0  17.07.2025  12:34:42
 16   4   9   5  $12    0.100     6.2861    463.60   0.0     -7.94   0.8  17.07.2025  12:34:45
 16   4  10   6  $12    0.100     7.1213   1118.61   0.0    -18.03   3.7  17.07.2025  12:34:47
 16   4  11   7  $12    0.100     7.8349   1762.13   0.0     -0.40 229.3  17.07.2025  12:34:49
 16   4  12   8  $12    0.100     9.5890   2409.99   0.3     -0.53 1267.2  17.07.2025  12:34:51
 16   4   5   1  $12    0.100     5.3458    522.84   0.6     51.37  11.2  17.07.2025  12:34:53
 16   4   6   2  $12    0.100    13.1665  28954.55   0.0     -0.55  68.0  17.07.2025  12:34:55
 16   4   7   3  $12    0.010     3.5835   3212.58   0.0     -0.60   8.2  17.07.2025  12:35:00
  1   4   2   3  $12    0.010     4.2196   2651.26   0.0      3.39  21.3  17.07.2025  12:35:02
  2   3   1   4  $12    0.010     4.2324   2659.27   0.1     -0.76 289.9  17.07.2025  12:35:04
  1   2   3   4  $12    0.100   -12.7326   2400.05   0.0     16.04   0.1  17.07.2025  12:35:08
  3   4   1   2  $12    0.100   -12.5439   2364.47   0.0     25.12   2.9  17.07.2025  12:35:10
  5   8   6   7  $12    0.010     3.8425   2414.31   0.0      1.45   7.2  17.07.2025  12:35:15
  6   7   5   8  $12    0.010     3.8701   2431.67   0.0      1.78  16.7  17.07.2025  12:35:17
  5   6   7   8  $12    0.100    -7.9973   1507.45   0.0     -0.88   6.8  17.07.2025  12:35:20
  7   8   5   6  $12    0.100    -7.7076   1452.85   0.0     -5.13   1.8  17.07.2025  12:35:22
  9  12  10  11  $12    0.010     5.7224   3595.47   0.0     -0.55  80.1  17.07.2025  12:35:27
 10  11   9  12  $12    0.010     5.6274   3535.83   0.1      3.29 207.8  17.07.2025  12:35:29
  9  10  11  12  $12    0.100    -9.8968   1865.51   0.0      3.29   6.4  17.07.2025  12:35:33
 11  12   9  10  $12    0.100    -9.9672   1878.77   0.2      1.85 310.9  17.07.2025  12:35:35
 13  16  14  15  $12    0.010     6.1576   3868.93   0.0     -0.96   6.7  17.07.2025  12:35:40
 14  15  13  16  $12    0.010     6.1858   3886.63   0.0     -1.65   5.6  17.07.2025  12:35:42
 13  14  15  16  $12    0.100    -8.8917   1676.05   0.0      9.14   0.7  17.07.2025  12:35:45
  1   9  10   2  $12    0.010    -9.3672   3370.83   0.0      0.83   4.3  17.07.2025  12:35:50
  1   9  11   3  $12    0.010    -3.4573   2962.21   0.3     10.11  45.9  17.07.2025  12:35:52
  1   9  12   4  $12    0.010    -2.5214   4216.15   0.2      8.85  73.7  17.07.2025  12:35:55
  2  10   9   1  $12    0.010    -9.3269   3356.35   0.6      5.24  82.7  17.07.2025  12:35:57
  2  10  11   3  $12    0.010    -7.5487   2716.44   0.0      6.58   9.1  17.07.2025  12:35:59
  2  10  12   4  $12    0.010    -4.3113   3693.90   0.7     -9.85 104.2  17.07.2025  12:36:01
  3  11   9   1  $12    0.010    -3.5235   3018.92   0.3      0.59 2344.4  17.07.2025  12:36:03
  3  11  10   2  $12    0.010    -7.5981   2734.21   0.0      2.53  15.3  17.07.2025  12:36:05
  3  11  12   4  $12    0.010    -8.3492   3004.50   0.4     -5.09  95.0  17.07.2025  12:36:07
 12   4   9   1  $12    0.010     2.4398   4079.73   0.6     26.72  23.8  17.07.2025  12:36:09
 12   4  10   2  $12    0.010     4.3028   3686.60   0.3     -0.33 608.5  17.07.2025  12:36:11
 12   4  11   3  $12    0.010     8.3096   2990.25   0.0      1.00  95.2  17.07.2025  12:36:13
 13   5  14   6  $12    0.010     8.0975   2913.93   0.0      1.41  49.1  17.07.2025  12:36:15
 13   5  15   7  $12    0.010     4.0690   3486.29   0.0      0.82  57.7  17.07.2025  12:36:17
 13   5  16   8  $12    0.010     2.5656   4289.99   0.0     -3.01  13.6  17.07.2025  12:36:19
 14   6  13   5  $12    0.010     8.1207   2922.27   0.0      2.17   5.0  17.07.2025  12:36:21
 14   6  15   7  $12    0.010     6.6196   2382.11   0.0      0.42  22.2  17.07.2025  12:36:23
 14   6  16   8  $12    0.010     3.4104   2921.99   0.0     -2.60   7.3  17.07.2025  12:36:25
 15   7  13   5  $12    0.010     4.0798   3495.56   0.0     -0.32  27.7  17.07.2025  12:36:27
 15   7  14   6  $12    0.010     6.6132   2379.80   0.0      0.30  69.1  17.07.2025  12:36:29
 15   7  16   8  $12    0.010     9.2869   3341.93   0.0      0.06  63.4  17.07.2025  12:36:31
 16   8  13   5  $12    0.010     2.5701   4297.49   0.0     -2.10  12.1  17.07.2025  12:36:33
 16   8  14   6  $12    0.010     3.4091   2920.93   0.0     -1.99  12.5  17.07.2025  12:36:35
 16   8  15   7  $12    0.010     9.2712   3336.27   0.0      0.12 261.8  17.07.2025  12:36:37
  1   2   5   6  $12    1.000     6.9149   1303.43   0.0   -230.76   0.4  17.07.2025  12:36:43
  2   3   6   7  $12    1.000     6.7049   1263.85   0.0      3.10   3.0  17.07.2025  12:36:45
  3   4   7   8  $12    1.000     6.3039   1188.25   0.0      0.70  33.1  17.07.2025  12:36:47
  1   2   9  10  $12    1.000     6.9774  11047.70   0.0   -363.04   0.2  17.07.2025  12:36:49
  2   3  10  11  $12   10.000    15.9163   2520.13   0.0    -39.88   0.3  17.07.2025  12:36:52
  3   4  11  12  $12    1.000     0.7115   1126.60   5.8    -53.39  56.7  17.07.2025  12:37:02
  1   2  13  14  $12    1.000    10.6784  57566.89   0.8   -155.30   2.7  17.07.2025  12:37:05
  2   3  14  15  $12    1.000    12.0534  64979.78   0.0     -0.77  76.5  17.07.2025  12:37:06
  3   4  15  16  $12    1.000     9.2250  49731.67   0.0     11.58   0.7  17.07.2025  12:37:09
  5   6   9  10  $12    1.000     5.9532   1122.14   0.1    -29.57   8.6  17.07.2025  12:37:10
  6   7  10  11  $12    1.000     4.9910    940.79   0.0    -11.91  14.4  17.07.2025  12:37:12
  7   8  11  12  $12    1.000     2.3033    434.15   0.2    -11.27  36.7  17.07.2025  12:37:15
  5   6  13  14  $12   10.000     6.5509   1037.24   0.6    -26.60   4.3  17.07.2025  12:37:19
  6   7  14  15  $12   10.000    19.7138   3121.41   0.0      1.08   4.8  17.07.2025  12:37:21
  7   8  15  16  $12   10.000    16.9529   2684.26   0.0      4.16   1.7  17.07.2025  12:37:23
  9  10  13  14  $12    1.000     5.3799   1014.09   0.0      1.79   9.3  17.07.2025  12:37:28
 10  11  14  15  $12    1.000     6.5537   1235.34   0.0     15.77   0.4  17.07.2025  12:37:30
 11  12  15  16  $12    1.000     2.0407    384.66   0.1     -2.14  19.6  17.07.2025  12:37:32
  1   2   6   7  $12    1.000     6.1477   2317.62   0.2    -39.35   1.4  17.07.2025  12:37:34
  2   3   7   8  $12    1.000     7.4792   2819.59   0.0      2.10   6.1  17.07.2025  12:37:36
  1   2   7   8  $12    1.000     5.6886   3752.97   0.1    -11.84   2.0  17.07.2025  12:37:38
  2   3   7   8  $12    1.000     7.4788   2819.44   0.0      0.82  41.5  17.07.2025  12:37:40
  1   2  10  11  $12    1.000    -1.9809   4480.62   3.8  -1590.96   1.7  17.07.2025  12:37:57
  2   3  11  12  $12   10.000     6.2777   1419.97   0.6     -2.97 254.8  17.07.2025  12:38:01
  1   2  11  12  $12    0.100     0.0806   2507.87   2.4   -491.60   3.6  17.07.2025  12:38:10
  2   3  11  12  $12   10.000     6.2227   1407.53   0.0      6.07   0.5  17.07.2025  12:38:15
  1   2  14  15  $12    0.100     0.8814  60472.89   0.0     16.37   1.9  17.07.2025  12:38:24
  2   3  15  16  $12    1.000     8.9009  61070.93   0.0      4.14   1.5  17.07.2025  12:38:28
  1   2  15  16  $12    0.100     0.5937  50921.32   0.0   -115.24   1.0  17.07.2025  12:38:33
  2   3  15  16  $12    1.000     8.9044  61095.52   0.0      4.32   2.6  17.07.2025  12:38:37
  5   6  10  11  $12    1.000     4.0686   1533.84   0.0     94.23   0.3  17.07.2025  12:38:39
  6   7  11  12  $12    1.000     2.0257    763.69   0.3    -13.07  49.6  17.07.2025  12:38:41
  5   6  11  12  $12   10.000    13.6627    901.37   1.2    -72.68  35.0  17.07.2025  12:38:49
  6   7  11  12  $12   10.000    19.2947    727.39   0.0      2.67   0.4  17.07.2025  12:38:51
  5   6  14  15  $12   10.000    10.5285   2381.50   0.4     -6.11  97.9  17.07.2025  12:38:53
  6   7  15  16  $12   10.000    12.1759   2754.11   0.0     10.71   1.8  17.07.2025  12:38:55
  5   6  15  16  $12   10.000     8.4999   2643.62   0.0    -30.41   1.6  17.07.2025  12:38:57
  6   7  15  16  $12   10.000    12.1632   2751.24   0.0     11.01   0.4  17.07.2025  12:38:59
  9  10  14  15  $12    1.000     8.5839   3236.07   0.0     -6.19   3.8  17.07.2025  12:39:04
 10  11  15  16  $12    1.000     4.0424   1523.97   0.0    -52.49   0.9  17.07.2025  12:39:06
  9  10  15  16  $12    1.000     3.8311   2527.52   0.0      7.24   7.9  17.07.2025  12:39:08
 10  11  15  16  $12    1.000     4.0394   1522.81   0.0    -54.31   0.8  17.07.2025  12:39:10
