//C:\Users\user\Desktop\GeoTom\GeoTomE724.ini
//- Cable direction:
//  cable I: normal
//  cable II: normal
//  cable III: normal
//  cable IV: normal
//- Cable arrangement: sequential
//- Optimization: Last measurement
//- Sorting: Multi-level
//- Current levels: 0.001 mA .. 50.0 mA
Type:         Flow
Name:         Hyprop
Comment:      Example of a measurements sequence
Comment:      
Comment:      
Spacing:      1.00000
First El:     0.00000
Nr of points: 289
IP present:   1

  1   5   2   6  $12    0.010     6.7195   2878.65   0.0      1.89   3.2  17.07.2025  05:25:05
  1   5   3   7  $12    0.010     3.4652   6531.76   0.0     -0.11 406.3  17.07.2025  05:25:07
  1   5   4   8  $12    0.010     2.0715   2733.26   0.2     -1.45 161.9  17.07.2025  05:25:09
  1   5  14   2  $12    0.010    -2.7661   2479.81   0.0      9.45  22.4  17.07.2025  05:25:11
  1   5  15   3  $12    0.100   -12.2049  26839.98   0.0      5.30   1.1  17.07.2025  05:25:15
  1   5  16   4  $12    0.100    -5.8214    569.36   0.0      9.12   2.0  17.07.2025  05:25:17
  1   5  13   9  $12    0.100    11.5936   8741.37   0.0     -0.58  69.1  17.07.2025  05:25:19
  1   5  14  10  $12    0.100    11.4708  13175.85   0.0     -0.17 313.0  17.07.2025  05:25:21
  1   5  15  11  $12    0.100    10.2504  16906.43   0.0      0.81  21.2  17.07.2025  05:25:23
  1   5  16  12  $12    0.100    10.0166  22716.11   0.0      2.02  75.7  17.07.2025  05:25:25
  1   5  10   6  $12    0.010     2.7698   2447.36   0.0      1.09   1.3  17.07.2025  05:25:30
  1   5  11   7  $12    0.100    11.9464   2814.81   0.0      3.10   1.1  17.07.2025  05:25:34
  1   5  12   8  $12    0.100     4.7072   2135.01   0.2     -3.85  79.2  17.07.2025  05:25:36
  2   6   1   5  $12    0.010     6.7364   2885.87   0.0      1.23  14.0  17.07.2025  05:25:41
  2   6   3   7  $12    0.010     6.7776   2903.50   0.0      0.87  21.3  17.07.2025  05:25:43
  2   6   4   8  $12    0.010     3.2958   6212.51   0.0     -3.34  34.4  17.07.2025  05:25:45
  2   6  13   1  $12    0.010    -2.7406   2021.21   0.1     12.39   8.0  17.07.2025  05:25:47
  2   6  15   3  $12    0.010    -3.2008   2869.53   0.0      9.87   0.9  17.07.2025  05:25:49
  2   6  16   4  $12    0.100   -12.8402  28237.03   0.0      4.59   1.8  17.07.2025  05:25:52
  2   6  13   9  $12    0.100    10.5528   4786.41   0.0      0.68  77.4  17.07.2025  05:25:54
  2   6  14  10  $12    0.100    10.9497   8255.89   0.0      2.00  14.6  17.07.2025  05:25:56
  2   6  15  11  $12    0.100    10.7561  12354.95   0.0      1.86  48.5  17.07.2025  05:25:58
  2   6  16  12  $12    0.100    11.1338  18363.44   0.0      0.24  17.8  17.07.2025  05:26:01
  2   6   9   5  $12    0.010     2.9164   3848.11   0.0     -0.69  11.2  17.07.2025  05:26:05
  2   6  11   7  $12    0.010     2.4789   2190.32   0.0     -6.52   2.4  17.07.2025  05:26:07
  2   6  12   8  $12    0.100     8.7169   2053.86   0.0     -0.59  29.0  17.07.2025  05:26:11
  3   7   1   5  $12    0.010     3.4787   6557.24   0.0     -0.36 157.7  17.07.2025  05:26:16
  3   7   2   6  $12    0.010     6.7620   2896.84   0.0      0.03 370.6  17.07.2025  05:26:18
  3   7   4   8  $12    0.010     7.8277   3353.37   0.0      3.24   6.4  17.07.2025  05:26:20
  3   7  13   1  $12    0.100   -11.5547   1815.01   0.0      6.46   1.1  17.07.2025  05:26:24
  3   7  14   2  $12    0.010    -3.1825   2347.13   0.0      9.89   1.5  17.07.2025  05:26:28
  3   7  16   4  $12    0.010    -3.5429   3176.26   0.0      6.40   2.4  17.07.2025  05:26:31
  3   7  13   9  $12    0.100     9.6245   2267.73   0.0      1.29   8.6  17.07.2025  05:26:34
  3   7  14  10  $12    0.100    10.5939   4805.06   0.0      2.16  39.9  17.07.2025  05:26:36
  3   7  15  11  $12    0.100    11.6219   8762.73   0.0      2.54  22.1  17.07.2025  05:26:38
  3   7  16  12  $12    0.100    12.9524  14877.74   0.0      3.66   6.6  17.07.2025  05:26:40
  3   7   9   5  $12    0.100    13.3243   2511.58   0.0      2.68  16.8  17.07.2025  05:26:42
  3   7  10   6  $12    0.010     2.4992   3297.60   0.0     -5.67   4.1  17.07.2025  05:26:47
  3   7  12   8  $12    0.010     2.9887   2640.74   0.4      0.93 750.3  17.07.2025  05:26:49
  4   8   1   5  $12    0.010     2.0768   2740.26   0.3     -0.96 410.4  17.07.2025  05:26:51
  4   8   2   6  $12    0.010     3.2911   6203.64   0.0     -2.00  18.3  17.07.2025  05:26:53
  4   8   3   7  $12    0.010     7.8526   3364.05   0.0      1.61   5.7  17.07.2025  05:26:55
  4   8  13   1  $12    0.100    -4.8367   1087.81   0.0     18.51   1.9  17.07.2025  05:26:59
  4   8  14   2  $12    0.100   -12.3796   1944.58   0.0      4.02   6.4  17.07.2025  05:27:01
  4   8  15   3  $12    0.010    -3.5038   2584.10   0.0      7.89   1.4  17.07.2025  05:27:06
  4   8  13   9  $12    0.100     8.2717    730.86   0.0     -1.80   1.2  17.07.2025  05:27:09
  4   8  14  10  $12    0.100     9.5323   2246.00   0.0     -0.72 122.1  17.07.2025  05:27:11
  4   8  15  11  $12    0.100    11.5942   5258.76   0.0      1.90  47.4  17.07.2025  05:27:13
  4   8  16  12  $12    0.100    13.8600  10450.23   0.0      2.48  40.2  17.07.2025  05:27:15
  4   8   9   5  $12    0.100     7.4917    320.94   0.1     -0.15 1134.8  17.07.2025  05:27:17
  4   8  10   6  $12    0.100    10.7158   2019.88   0.0      0.78  10.9  17.07.2025  05:27:19
  4   8  11   7  $12    0.010     3.1602   4169.83   0.0     -1.64  10.9  17.07.2025  05:27:24
  5   9   6  10  $12    0.010     7.7948   3339.28   0.0      2.67  22.6  17.07.2025  05:27:26
  5   9   7  11  $12    0.010     2.6929   5075.96   0.1     -0.36 118.9  17.07.2025  05:27:28
  5   9   8  12  $12    0.100    17.0113   2244.59   0.0      1.56  11.0  17.07.2025  05:27:32
  5   9   2   6  $12    0.010    -2.8647   3779.88   0.0     11.25   3.3  17.07.2025  05:27:37
  5   9   3   7  $12    0.100   -13.2971   2506.45   0.0      5.25   0.3  17.07.2025  05:27:40
  5   9   4   8  $12    0.100    -7.4630    319.71   0.0      6.67  15.9  17.07.2025  05:27:42
  5   9   1  13  $12    0.100    10.3058   2590.12   0.1      3.50  11.2  17.07.2025  05:27:44
  5   9   2  14  $12    0.100     9.1802   2064.71   0.0     -0.36 136.2  17.07.2025  05:27:46
  5   9   3  15  $12    0.100     7.9750   1252.71   0.0      1.16  14.3  17.07.2025  05:27:48
  5   9   4  16  $12    0.100     6.4582    476.30   0.1     -1.53  80.1  17.07.2025  05:27:50
  5   9  14  10  $12    0.010     4.0050   3538.67   0.0      0.92  51.2  17.07.2025  05:27:55
  5   9  15  11  $12    0.100     5.4434   1282.58   0.0     -1.77   0.8  17.07.2025  05:27:59
  5   9  16  12  $12    0.100     3.0902   1401.60   0.4     -7.57  31.5  17.07.2025  05:28:01
  6  10   5   9  $12    0.010     7.7961   3339.84   0.0      2.78   0.7  17.07.2025  05:28:06
  6  10   7  11  $12    0.010     5.8897   2523.13   0.0     -1.37  51.5  17.07.2025  05:28:08
  6  10   8  12  $12    0.010     3.0228   5697.93   0.4    -11.53   8.1  17.07.2025  05:28:10
  6  10   1   5  $12    0.010    -2.7160   2399.80   0.6      8.81  49.3  17.07.2025  05:28:12
  6  10   3   7  $12    0.010    -2.4600   3245.88   0.1      5.59  24.0  17.07.2025  05:28:14
  6  10   4   8  $12    0.100   -10.7125   2019.26   0.0      4.03   3.6  17.07.2025  05:28:18
  6  10   1  13  $12    0.100     9.4538   2126.24   0.0     -6.31  22.7  17.07.2025  05:28:20
  6  10   2  14  $12    0.100     8.7656   2203.04   0.0      0.50  98.9  17.07.2025  05:28:22
  6  10   3  15  $12    0.100     8.3966   1888.48   0.0     -0.27 150.4  17.07.2025  05:28:24
  6  10   4  16  $12    0.100     7.2181   1133.81   0.1     -2.02  33.2  17.07.2025  05:28:26
  6  10  13   9  $12    0.010     4.1003   5410.26   0.0      1.19  12.4  17.07.2025  05:28:31
  6  10  15  11  $12    0.010     2.5741   2274.43   0.0     -2.97  50.1  17.07.2025  05:28:33
  6  10  16  12  $12    0.100    12.0425   2837.45   0.0      0.62  35.7  17.07.2025  05:28:36
  7  11   5   9  $12    0.010     2.6987   5087.02   0.0     -3.40   3.1  17.07.2025  05:28:41
  7  11   6  10  $12    0.010     5.8860   2521.55   0.0     -1.68  38.1  17.07.2025  05:28:43
  7  11   8  12  $12    0.010     6.6282   2839.52   0.1      1.41 198.6  17.07.2025  05:28:45
  7  11   1   5  $12    0.100   -11.8798   2799.10   0.0      5.08   2.3  17.07.2025  05:28:49
  7  11   2   6  $12    0.010    -2.4186   2137.01   0.0      6.92   1.6  17.07.2025  05:28:54
  7  11   4   8  $12    0.010    -3.1259   4124.46   0.2     14.13  13.9  17.07.2025  05:28:56
  7  11   1  13  $12    0.100     7.7298   1214.20   0.0      2.05   8.8  17.07.2025  05:28:59
  7  11   2  14  $12    0.100     7.9113   1779.32   0.0      1.02  76.1  17.07.2025  05:29:02
  7  11   3  15  $12    0.100     8.5033   2137.12   0.0      0.84  39.7  17.07.2025  05:29:04
  7  11   4  16  $12    0.100     7.9417   1786.16   0.0     -0.08 1427.5  17.07.2025  05:29:06
  7  11  13   9  $12    0.100     7.1355   1345.01   0.1     -2.71  50.2  17.07.2025  05:29:08
  7  11  14  10  $12    0.010     2.6467   3492.21   0.0     -5.71   5.6  17.07.2025  05:29:12
  7  11  16  12  $12    0.010     2.6404   2332.98   0.8      0.35 2298.4  17.07.2025  05:29:14
  8  12   5   9  $12    0.100    17.0337   2247.54   0.0      2.09   1.1  17.07.2025  05:29:18
  8  12   6  10  $12    0.010     3.0182   5689.12   0.0     -2.71   2.8  17.07.2025  05:29:23
  8  12   7  11  $12    0.010     6.5981   2826.63   0.0      0.53 134.6  17.07.2025  05:29:25
  8  12   1   5  $12    0.100    -4.6723   2119.19   0.0      4.45   2.4  17.07.2025  05:29:29
  8  12   2   6  $12    0.100    -8.6727   2043.46   0.0      2.21   3.0  17.07.2025  05:29:31
  8  12   3   7  $12    0.010    -2.9311   2589.81   0.0      8.31   1.0  17.07.2025  05:29:36
  8  12   1  13  $12    0.100     7.6192    561.92   0.0      2.07   9.5  17.07.2025  05:29:39
  8  12   2  14  $12    0.100     8.2897   1302.14   0.0      0.23 170.3  17.07.2025  05:29:41
  8  12   3  15  $12    0.100     9.6544   2171.36   0.0      0.99  34.4  17.07.2025  05:29:43
  8  12  16   4  $12    0.100    -9.6505   2425.44   0.0      2.55  18.4  17.07.2025  05:29:45
  8  12   9  13  $12    0.100    -4.6880    200.83   0.0      4.10  32.4  17.07.2025  05:29:47
  8  12  10  14  $12    0.100   -12.9464   2440.34   0.0      3.64  21.5  17.07.2025  05:29:49
  8  12  11  15  $12    0.010    -2.6389   3481.95   0.0      8.93   3.3  17.07.2025  05:29:54
  9  13  10  14  $12    0.010     8.4789   3632.34   0.1      2.70  29.7  17.07.2025  05:29:56
  9  13  11  15  $12    0.010     2.7942   5267.02   0.2      1.36 317.9  17.07.2025  05:29:58
  9  13  12  16  $12    0.100    16.6929   2202.58   0.0      1.67   9.8  17.07.2025  05:30:02
  9  13   6  10  $12    0.010    -4.0801   5383.57   0.0      8.94   2.5  17.07.2025  05:30:07
  9  13   7  11  $12    0.100    -7.0621   1331.17   0.0      2.89   5.6  17.07.2025  05:30:10
  9  13   8  12  $12    0.100    -4.7299    202.63   0.1      0.50  92.9  17.07.2025  05:30:12
  9  13   5   1  $12    0.100    11.5807   8731.66   0.0      0.76  92.5  17.07.2025  05:30:14
  9  13   6   2  $12    0.100    10.5511   4785.63   0.0      0.82  17.0  17.07.2025  05:30:16
  9  13   7   3  $12    0.100     9.6085   2263.96   0.0      0.88   4.3  17.07.2025  05:30:18
  9  13   8   4  $12    0.100     8.2712    730.82   0.1      2.72  30.8  17.07.2025  05:30:20
  9  13   2  14  $12    0.010     3.3131   2443.40   0.0      0.76  45.7  17.07.2025  05:30:25
  9  13   3  15  $12    0.100    10.9043   1712.84   0.0      6.82   1.3  17.07.2025  05:30:29
  9  13   4  16  $12    0.100     3.6844    828.67   0.1     -1.53 152.1  17.07.2025  05:30:31
 10  14   9  13  $12    0.010     8.4513   3620.54   0.0      3.93   4.1  17.07.2025  05:30:36
 10  14  11  15  $12    0.010     6.2921   2695.51   0.1      2.05  46.2  17.07.2025  05:30:38
 10  14  12  16  $12    0.010     3.0248   5701.70   0.3     -1.73 328.3  17.07.2025  05:30:40
 10  14   5   9  $12    0.010    -3.9514   3491.36   0.0      9.93  11.1  17.07.2025  05:30:42
 10  14   7  11  $12    0.010    -2.6106   3444.66   0.0      8.85  28.9  17.07.2025  05:30:44
 10  14   8  12  $12    0.100   -12.9690   2444.60   0.0      3.72   0.7  17.07.2025  05:30:48
 10  14   5   1  $12    0.100    11.5078  13218.40   0.0     -1.59  87.6  17.07.2025  05:30:50
 10  14   6   2  $12    0.100    10.9620   8265.17   0.0      1.95   3.5  17.07.2025  05:30:52
 10  14   7   3  $12    0.100    10.5796   4798.56   0.0      1.82  18.9  17.07.2025  05:30:54
 10  14   8   4  $12    0.100     9.5520   2250.64   0.0      3.39  26.2  17.07.2025  05:30:56
 10  14   1  13  $12    0.010     3.3547   3007.46   0.0      4.39  14.4  17.07.2025  05:31:01
 10  14   3  15  $12    0.010     2.6048   1921.04   0.2      2.59 134.6  17.07.2025  05:31:03
 10  14   4  16  $12    0.100     7.3523   1154.89   0.0      0.11  98.8  17.07.2025  05:31:06
 11  15   9  13  $12    0.010     2.7912   5261.37   0.0     -1.96  22.9  17.07.2025  05:31:11
 11  15  10  14  $12    0.010     6.3056   2701.30   0.0     -0.31 135.2  17.07.2025  05:31:13
 11  15  12  16  $12    0.010     7.8296   3354.19   0.1      0.79 203.1  17.07.2025  05:31:15
 11  15   5   9  $12    0.100    -5.4038   1273.25   0.0      3.30   5.7  17.07.2025  05:31:19
 11  15   6  10  $12    0.010    -2.5249   2230.95   0.0      7.31   0.2  17.07.2025  05:31:24
 11  15   8  12  $12    0.010    -2.6644   3515.56   0.6      6.77 123.5  17.07.2025  05:31:26
 11  15   5   1  $12    0.100    10.2854  16964.10   0.0      1.36  13.0  17.07.2025  05:31:30
 11  15   6   2  $12    0.100    10.7650  12365.21   0.0      0.93  13.8  17.07.2025  05:31:32
 11  15   7   3  $12    0.100    11.6242   8764.42   0.0      0.77  45.9  17.07.2025  05:31:34
 11  15   8   4  $12    0.100    11.7116   5312.02   0.0      1.92  23.3  17.07.2025  05:31:36
 11  15   1  13  $12    0.100    12.0083  26407.68   0.0      4.63   2.8  17.07.2025  05:31:38
 11  15   2  14  $12    0.010     2.6891   2410.80   0.0      0.01 1898.1  17.07.2025  05:31:42
 11  15   4  16  $12    0.010     4.0151   2961.20   0.2     -7.62  29.7  17.07.2025  05:31:44
 12  16   9  13  $12    0.100    16.7239   2206.66   0.0      2.08   3.7  17.07.2025  05:31:48
 12  16  10  14  $12    0.010     3.0150   5683.13   0.0     -2.08   8.1  17.07.2025  05:31:53
 12  16  11  15  $12    0.010     7.8311   3354.85   0.0     -1.29  78.4  17.07.2025  05:31:55
 12  16   5   9  $12    0.100    -3.0294   1374.02   0.0      4.98   9.4  17.07.2025  05:31:59
 12  16   6  10  $12    0.100   -11.9650   2819.18   0.0      4.16   1.1  17.07.2025  05:32:01
 12  16   7  11  $12    0.010    -2.6187   2313.83   0.0      8.76   3.3  17.07.2025  05:32:06
 12  16   5   1  $12    0.100    10.0759  22850.55   0.0      1.74   4.8  17.07.2025  05:32:09
 12  16   6   2  $12    0.100    11.1349  18365.25   0.0      1.66   0.9  17.07.2025  05:32:11
 12  16   7   3  $12    0.100    12.9675  14895.06   0.0      1.75  12.6  17.07.2025  05:32:13
 12  16   8   4  $12    0.100    14.0315  10579.51   0.0      3.85   8.9  17.07.2025  05:32:15
 12  16  13   1  $12    0.100    -3.5739    349.55   0.4     12.19  25.0  17.07.2025  05:32:17
 12  16  14   2  $12    0.100    -6.7576  14860.73   0.0      5.56  10.8  17.07.2025  05:32:19
 12  16  15   3  $12    0.010    -3.8495   3451.13   0.0      4.12   3.7  17.07.2025  05:32:24
 13   1  14   2  $12    0.010     7.0496   2417.56   0.0      2.05  15.1  17.07.2025  05:32:26
 13   1  15   3  $12    0.010     3.1399   2381.06   0.0      0.82  65.2  17.07.2025  05:32:28
 13   1  16   4  $12    0.100    15.9659   2051.94   0.0      0.54   8.0  17.07.2025  05:32:32
 13   1  10  14  $12    0.010    -3.2966   2955.45   0.0     10.73   4.3  17.07.2025  05:32:37
 13   1  11  15  $12    0.100   -11.8431  26044.30   0.0      8.52   2.3  17.07.2025  05:32:41
 13   1  12  16  $12    0.100    -3.5151    343.79   0.5     -0.53 674.4  17.07.2025  05:32:43
 13   1   9   5  $12    0.100    10.3033   2589.49   0.2      1.86  91.2  17.07.2025  05:32:45
 13   1  10   6  $12    0.100     9.3806   2109.79   0.0     -5.56   5.3  17.07.2025  05:32:47
 13   1  11   7  $12    0.100     7.7073   1210.66   0.0      0.51 130.2  17.07.2025  05:32:49
 13   1  12   8  $12    0.100     7.5901    559.77   0.5     -3.31 120.7  17.07.2025  05:32:51
 13   1   6   2  $12    0.010     2.7883   2056.38   0.0     -4.57   7.6  17.07.2025  05:32:56
 13   1   7   3  $12    0.100    11.5368   1812.20   0.0      0.46  15.2  17.07.2025  05:32:59
 13   1   8   4  $12    0.100     4.8840   1098.46   0.0     -6.66  17.0  17.07.2025  05:33:01
 14   2  13   1  $12    0.010     7.0690   2424.23   0.0      1.50  30.7  17.07.2025  05:33:06
 14   2  15   3  $12    0.010     6.6877   2293.47   0.0      1.97  58.2  17.07.2025  05:33:08
 14   2  16   4  $12    0.010     2.7584   2091.74   0.7      3.07 105.5  17.07.2025  05:33:10
 14   2   9  13  $12    0.010    -3.2827   2421.02   0.1     10.69  13.7  17.07.2025  05:33:12
 14   2  11  15  $12    0.010    -2.6440   2370.38   0.2     10.78  17.4  17.07.2025  05:33:14
 14   2  12  16  $12    0.100    -6.7537  14852.22   0.0      5.27   7.3  17.07.2025  05:33:18
 14   2   9   5  $12    0.100     9.2233   2074.41   0.2      0.78 534.1  17.07.2025  05:33:20
 14   2  10   6  $12    0.100     8.7823   2207.24   0.0      0.42   2.1  17.07.2025  05:33:22
 14   2  11   7  $12    0.100     7.9408   1785.96   0.0      0.14 301.5  17.07.2025  05:33:24
 14   2  12   8  $12    0.100     8.2472   1295.47   0.2      4.04  55.3  17.07.2025  05:33:26
 14   2   5   1  $12    0.010     2.8414   2547.35   0.0     -2.76  24.5  17.07.2025  05:33:31
 14   2   7   3  $12    0.010     3.2387   2388.54   0.0     -1.08  31.5  17.07.2025  05:33:33
 14   2   8   4  $12    0.100    12.3522   1940.27   0.0      1.19  12.3  17.07.2025  05:33:37
 15   3  13   1  $12    0.010     3.1504   2389.01   0.0      0.41 135.2  17.07.2025  05:33:42
 15   3  14   2  $12    0.010     6.6750   2289.09   0.0      2.86  18.5  17.07.2025  05:33:44
 15   3  16   4  $12    0.010     8.3584   2866.41   0.1      1.18 101.1  17.07.2025  05:33:46
 15   3   9  13  $12    0.100   -10.8664   1706.88   0.0      9.93   1.8  17.07.2025  05:33:49
 15   3  10  14  $12    0.010    -2.5701   1895.44   0.0     14.79   3.8  17.07.2025  05:33:54
 15   3  12  16  $12    0.010    -3.8920   3489.16   0.5     12.12  51.3  17.07.2025  05:33:56
 15   3   9   5  $12    0.100     7.9795   1253.42   0.0      0.64  50.6  17.07.2025  05:34:00
 15   3  10   6  $12    0.100     8.3904   1887.08   0.0      0.05 462.9  17.07.2025  05:34:02
 15   3  11   7  $12    0.100     8.4889   2133.48   0.0      0.81  68.2  17.07.2025  05:34:04
 15   3  12   8  $12    0.100     9.6968   2180.91   0.1     -0.43 862.3  17.07.2025  05:34:06
 15   3   5   1  $12    0.100    12.3440  27145.80   0.1      0.74 176.7  17.07.2025  05:34:08
 15   3   6   2  $12    0.010     3.2428   2907.17   0.0      0.06 168.0  17.07.2025  05:34:13
 15   3   8   4  $12    0.010     3.5183   2594.77   0.1     -1.38 185.5  17.07.2025  05:34:15
 16   4  13   1  $12    0.100    16.0501   2062.76   0.0      5.04   6.0  17.07.2025  05:34:19
 16   4  14   2  $12    0.010     2.7739   2103.48   0.0     -3.10   4.5  17.07.2025  05:34:24
 16   4  15   3  $12    0.010     8.4014   2881.15   0.0     -0.12  65.8  17.07.2025  05:34:26
 16   4   9  13  $12    0.100    -3.6680    824.98   0.0     14.98   0.5  17.07.2025  05:34:29
 16   4  10  14  $12    0.100    -7.2992   1146.56   0.0     10.15   6.9  17.07.2025  05:34:31
 16   4  11  15  $12    0.010    -3.9725   2929.75   0.0      4.39   1.4  17.07.2025  05:34:36
 16   4   9   5  $12    0.100     6.4721    477.32   0.0     -1.20  16.5  17.07.2025  05:34:40
 16   4  10   6  $12    0.100     7.2554   1139.68   0.0     -6.39   3.7  17.07.2025  05:34:42
 16   4  11   7  $12    0.100     7.9799   1794.75   0.0     -0.76  51.9  17.07.2025  05:34:44
 16   4  12   8  $12    0.100     9.7641   2453.99   0.2      0.79 574.5  17.07.2025  05:34:46
 16   4   5   1  $12    0.100     5.9107    578.09   0.4     12.26  36.6  17.07.2025  05:34:48
 16   4   6   2  $12    0.100    12.8603  28281.36   0.0      2.45   1.0  17.07.2025  05:34:50
 16   4   7   3  $12    0.010     3.6095   3235.90   0.0     -0.05 384.9  17.07.2025  05:34:55
  1   4   2   3  $12    0.010     4.2949   2698.56   0.0      0.60  18.0  17.07.2025  05:34:57
  2   3   1   4  $12    0.010     4.2948   2698.53   0.2     -0.35 520.8  17.07.2025  05:34:59
  1   2   3   4  $12    0.100   -12.3741   2332.46   0.0     10.68   0.0  17.07.2025  05:35:02
  3   4   1   2  $12    0.100   -12.2217   2303.73   0.0     11.84   2.9  17.07.2025  05:35:05
  5   8   6   7  $12    0.010     3.8883   2443.11   0.0     -0.32  28.1  17.07.2025  05:35:09
  6   7   5   8  $12    0.010     3.9029   2452.27   0.0     -0.56 102.9  17.07.2025  05:35:11
  5   6   7   8  $12    0.100    -8.0116   1510.14   0.0      0.07 109.2  17.07.2025  05:35:15
  7   8   5   6  $12    0.100    -7.7996   1470.18   0.0     -2.33  17.2  17.07.2025  05:35:17
  9  12  10  11  $12    0.010     5.0662   3183.22   0.0     -0.56   8.4  17.07.2025  05:35:22
 10  11   9  12  $12    0.010     5.0082   3146.74   0.3      8.58  45.9  17.07.2025  05:35:24
  9  10  11  12  $12    0.100   -10.5282   1984.52   0.0      0.54  11.4  17.07.2025  05:35:28
 11  12   9  10  $12    0.100   -10.5267   1984.23   0.0      2.78 132.6  17.07.2025  05:35:30
 13  16  14  15  $12    0.010     5.8158   3654.14   0.0     -2.46   2.0  17.07.2025  05:35:35
 14  15  13  16  $12    0.010     5.8353   3666.45   0.0     -3.47  31.2  17.07.2025  05:35:37
 13  14  15  16  $12    0.100   -10.7666   2029.46   0.0      8.47   0.8  17.07.2025  05:35:40
  1   9  10   2  $12    0.010    -8.8297   3177.40   0.0      5.43   2.4  17.07.2025  05:35:45
  1   9  11   3  $12    0.010    -3.5663   3055.56   0.2      2.45  90.7  17.07.2025  05:35:47
  1   9  12   4  $12    0.010    -2.4465   4090.92   0.1     13.89  68.0  17.07.2025  05:35:49
  2  10   9   1  $12    0.010    -8.8903   3199.20   0.2      3.53 117.6  17.07.2025  05:35:51
  2  10  11   3  $12    0.010    -7.6421   2750.05   0.0      6.11   0.8  17.07.2025  05:35:53
  2  10  12   4  $12    0.010    -4.2339   3627.59   0.7     -1.63 511.5  17.07.2025  05:35:55
  3  11   9   1  $12    0.010    -3.6148   3097.17   0.8     12.54 127.4  17.07.2025  05:35:57
  3  11  10   2  $12    0.010    -7.6531   2754.02   0.1      6.00  10.5  17.07.2025  05:35:59
  3  11  12   4  $12    0.010    -8.2355   2963.59   0.5      8.27  59.3  17.07.2025  05:36:01
 12   4   9   1  $12    0.010     2.5151   4205.55   0.7     -3.69 483.5  17.07.2025  05:36:04
 12   4  10   2  $12    0.010     4.3523   3729.02   0.0     -4.59   3.1  17.07.2025  05:36:06
 12   4  11   3  $12    0.010     8.3328   2998.60   0.0      2.20  42.1  17.07.2025  05:36:08
 13   5  14   6  $12    0.010     8.1835   2944.87   0.0      1.80   5.5  17.07.2025  05:36:10
 13   5  15   7  $12    0.010     4.2072   3604.75   0.0      0.20 337.0  17.07.2025  05:36:12
 13   5  16   8  $12    0.010     2.6136   4370.34   0.0     -2.91   4.0  17.07.2025  05:36:14
 14   6  13   5  $12    0.010     8.2125   2955.32   0.0      1.73   9.4  17.07.2025  05:36:16
 14   6  15   7  $12    0.010     7.0117   2523.19   0.0      0.64  24.3  17.07.2025  05:36:18
 14   6  16   8  $12    0.010     3.5132   3010.11   0.0     -2.40   7.0  17.07.2025  05:36:20
 15   7  13   5  $12    0.010     4.2188   3614.70   0.0      0.47  19.6  17.07.2025  05:36:22
 15   7  14   6  $12    0.010     6.9970   2517.91   0.0      0.15 219.6  17.07.2025  05:36:24
 15   7  16   8  $12    0.010     9.1427   3290.05   0.0     -0.64  54.7  17.07.2025  05:36:25
 16   8  13   5  $12    0.010     2.6168   4375.64   0.0     -1.78  15.1  17.07.2025  05:36:27
 16   8  14   6  $12    0.010     3.5081   3005.69   0.1     -1.29 113.2  17.07.2025  05:36:29
 16   8  15   7  $12    0.010     9.1357   3287.54   0.0      0.13  88.4  17.07.2025  05:36:31
  1   2   5   6  $12    1.000     1.6517    311.35   0.2     39.03   2.2  17.07.2025  05:36:40
  2   3   6   7  $12    1.000     6.7266   1267.94   0.0      1.93  20.4  17.07.2025  05:36:42
  3   4   7   8  $12    1.000     6.3540   1197.69   0.0      3.00   5.4  17.07.2025  05:36:44
  1   2   9  10  $12    1.000     1.8530   2933.99   0.1   -146.33   2.3  17.07.2025  05:36:49
  2   3  10  11  $12   10.000    14.2417   2254.98   0.0    -19.23   0.9  17.07.2025  05:36:53
  3   4  11  12  $12    1.000     0.7655   1212.11   0.4    -55.00   6.2  17.07.2025  05:36:58
  1   2  13  14  $12    1.000     2.4855  13399.17   0.9    -58.82  27.1  17.07.2025  05:37:00
  2   3  14  15  $12    1.000    11.4199  61564.41   0.0     -1.88  67.7  17.07.2025  05:37:02
  3   4  15  16  $12    1.000     9.5334  51394.48   0.0      8.68   2.7  17.07.2025  05:37:04
  5   6   9  10  $12    1.000     5.6711   1068.97   0.1    -20.28   8.6  17.07.2025  05:37:06
  6   7  10  11  $12    1.000     4.3848    826.51   0.1      0.72 165.4  17.07.2025  05:37:08
  7   8  11  12  $12    1.000     2.2120    416.94   0.1    -12.97  41.1  17.07.2025  05:37:11
  5   6  13  14  $12   10.000     6.3301   1002.28   0.9    -27.72  17.3  17.07.2025  05:37:17
  6   7  14  15  $12   10.000    18.2619   2891.53   0.0     -0.39  34.7  17.07.2025  05:37:19
  7   8  15  16  $12   10.000    17.2478   2730.94   0.0      5.14   3.7  17.07.2025  05:37:21
  9  10  13  14  $12    1.000     6.3513   1197.19   0.0      3.40   2.5  17.07.2025  05:37:26
 10  11  14  15  $12    1.000     6.0226   1135.23   0.0      2.28  52.5  17.07.2025  05:37:28
 11  12  15  16  $12    1.000     2.2043    415.50   0.1     -0.51 194.8  17.07.2025  05:37:30
  1   2   6   7  $12    1.000     4.8927   1844.52   0.0     -1.25   6.4  17.07.2025  05:37:32
  2   3   7   8  $12    1.000     7.4877   2822.81   0.0      1.70  46.3  17.07.2025  05:37:34
  1   2   7   8  $12    1.000     5.0340   3321.13   0.0      8.93   2.6  17.07.2025  05:37:36
  2   3   7   8  $12    1.000     7.4911   2824.07   0.0      0.50   5.9  17.07.2025  05:37:38
  1   2  10  11  $12    1.000    -0.1471    332.78   1.8  -3719.97   2.1  17.07.2025  05:37:54
  2   3  11  12  $12   10.000     6.6719   1509.16   0.0      0.24 134.3  17.07.2025  05:37:58
  1   2  11  12  $12    1.000     0.4924   1531.51   0.2    -42.11   7.5  17.07.2025  05:38:04
  2   3  11  12  $12   10.000     6.6561   1505.58   0.0      0.52   3.6  17.07.2025  05:38:07
  1   2  14  15  $12    1.000     7.1219  48865.13   0.0      5.80   4.5  17.07.2025  05:38:13
  2   3  15  16  $12    1.000     9.5508  65530.00   0.0      5.08  12.0  17.07.2025  05:38:15
  1   2  15  16  $12    1.000     5.9840  51322.15   0.0    -15.44   0.6  17.07.2025  05:38:17
  2   3  15  16  $12    1.000     9.5499  65524.47   0.0      4.11   1.9  17.07.2025  05:38:19
  5   6  10  11  $12    1.000     3.7076   1397.75   0.0     46.90   0.4  17.07.2025  05:38:21
  6   7  11  12  $12   10.000    20.0526    755.97   0.0      1.47   9.1  17.07.2025  05:38:25
  5   6  11  12  $12   10.000    13.8531    913.93   0.9    -78.16  33.9  17.07.2025  05:38:30
  6   7  11  12  $12   10.000    20.0664    756.49   0.0      1.14   0.5  17.07.2025  05:38:32
  5   6  14  15  $12   10.000    10.0216   2266.84   0.3    -12.54  33.4  17.07.2025  05:38:34
  6   7  15  16  $12   10.000    12.7044   2873.67   0.0     11.65   0.2  17.07.2025  05:38:36
  5   6  15  16  $12   10.000     8.5974   2673.96   0.0    -29.15   1.7  17.07.2025  05:38:38
  6   7  15  16  $12   10.000    12.6942   2871.36   0.0     11.29   0.3  17.07.2025  05:38:40
  9  10  14  15  $12    1.000     8.9045   3356.90   0.0     -7.07   1.5  17.07.2025  05:38:45
 10  11  15  16  $12    1.000     3.6968   1393.66   0.1    -16.44   3.8  17.07.2025  05:38:47
  9  10  15  16  $12    1.000     4.6321   3055.95   0.0      9.30   4.1  17.07.2025  05:38:49
 10  11  15  16  $12    1.000     3.6896   1390.95   0.0    -15.52   3.0  17.07.2025  05:38:51
