//C:\Users\user\Desktop\GeoTom\GeoTomE724.ini
//- Cable direction:
//  cable I: normal
//  cable II: normal
//  cable III: normal
//  cable IV: normal
//- Cable arrangement: sequential
//- Optimization: Last measurement
//- Sorting: Multi-level
//- Current levels: 0.001 mA .. 50.0 mA
Type:         Flow
Name:         Hyprop
Comment:      Example of a measurements sequence
Comment:      
Comment:      
Spacing:      1.00000
First El:     0.00000
Nr of points: 289
IP present:   1

  1   5   2   6  $12    0.010     6.6410   2844.99   0.0      2.43   2.8  17.07.2025  11:25:05
  1   5   3   7  $12    0.010     3.4363   6477.22   0.0      1.05   6.0  17.07.2025  11:25:07
  1   5   4   8  $12    0.010     2.0272   2674.82   0.3     -5.91   7.9  17.07.2025  11:25:09
  1   5  14   2  $12    0.010    -2.7833   2495.22   0.0      8.61  21.9  17.07.2025  11:25:11
  1   5  15   3  $12    0.100   -12.1658  26753.91   0.0      7.02   0.7  17.07.2025  11:25:15
  1   5  16   4  $12    0.100    -5.4619    534.19   0.1      6.26   3.0  17.07.2025  11:25:17
  1   5  13   9  $12    0.100    12.3618   9320.60   0.0    -16.22   2.3  17.07.2025  11:25:19
  1   5  14  10  $12    0.100    12.1018  13900.67   0.0    -18.93   3.0  17.07.2025  11:25:21
  1   5  15  11  $12    0.100    10.1969  16818.09   0.0      1.45  33.4  17.07.2025  11:25:23
  1   5  16  12  $12    0.100     9.9740  22619.49   0.4     -0.42 1501.3  17.07.2025  11:25:25
  1   5  10   6  $12    0.010     2.6370   2329.99   0.0      6.76   5.8  17.07.2025  11:25:30
  1   5  11   7  $12    0.100    11.7267   2763.05   0.0      1.53   4.9  17.07.2025  11:25:34
  1   5  12   8  $12    0.100     4.4613   2023.48   0.8     -6.46 224.8  17.07.2025  11:25:36
  2   6   1   5  $12    0.010     6.6499   2848.82   0.0      1.51  15.1  17.07.2025  11:25:40
  2   6   3   7  $12    0.010     6.8157   2919.83   0.0     -0.41  94.7  17.07.2025  11:25:42
  2   6   4   8  $12    0.010     3.2809   6184.30   0.2     -1.25  98.0  17.07.2025  11:25:44
  2   6  13   1  $12    0.010    -2.7346   2016.82   0.3     10.48  56.1  17.07.2025  11:25:46
  2   6  15   3  $12    0.010    -3.2566   2919.57   0.0      7.33  17.9  17.07.2025  11:25:48
  2   6  16   4  $12    0.100   -13.0251  28643.62   0.0      4.15   4.1  17.07.2025  11:25:52
  2   6  13   9  $12    0.100    10.7991   4898.12   0.0      1.19  22.1  17.07.2025  11:25:54
  2   6  14  10  $12    0.100    11.0774   8352.14   0.0      1.18  36.1  17.07.2025  11:25:56
  2   6  15  11  $12    0.100    10.7746  12376.23   0.0      1.89  45.0  17.07.2025  11:25:58
  2   6  16  12  $12    0.100    11.2269  18516.96   0.1     -2.54 169.3  17.07.2025  11:26:00
  2   6   9   5  $12    0.010     2.8303   3734.47   0.1     -1.40  14.6  17.07.2025  11:26:05
  2   6  11   7  $12    0.010     2.4504   2165.11   0.0     -6.71   7.9  17.07.2025  11:26:07
  2   6  12   8  $12    0.100     8.4396   1988.55   0.0     -0.35 162.9  17.07.2025  11:26:11
  3   7   1   5  $12    0.010     3.4520   6506.95   0.0     -1.93   9.0  17.07.2025  11:26:16
  3   7   2   6  $12    0.010     6.8019   2913.92   0.0      0.01 3036.1  17.07.2025  11:26:18
  3   7   4   8  $12    0.010     7.7931   3338.56   0.0     -0.52 210.9  17.07.2025  11:26:20
  3   7  13   1  $12    0.100   -11.3570   1783.96   0.0      6.68   6.2  17.07.2025  11:26:24
  3   7  14   2  $12    0.010    -3.2460   2393.93   0.0      9.27   1.1  17.07.2025  11:26:28
  3   7  16   4  $12    0.010    -3.5221   3157.57   0.1      5.92  18.6  17.07.2025  11:26:30
  3   7  13   9  $12    0.100     9.8315   2316.50   0.0      0.67  14.8  17.07.2025  11:26:34
  3   7  14  10  $12    0.100    10.6538   4832.19   0.0      1.33  68.1  17.07.2025  11:26:36
  3   7  15  11  $12    0.100    11.6770   8804.22   0.0      0.70  22.9  17.07.2025  11:26:38
  3   7  16  12  $12    0.100    12.9351  14857.88   0.2      0.85 589.0  17.07.2025  11:26:40
  3   7   9   5  $12    0.100    13.0173   2453.70   0.2      8.67  30.1  17.07.2025  11:26:42
  3   7  10   6  $12    0.010     2.4615   3247.84   0.0     -6.10  17.9  17.07.2025  11:26:47
  3   7  12   8  $12    0.010     3.0228   2670.88   0.2     11.09  58.5  17.07.2025  11:26:49
  4   8   1   5  $12    0.100    19.9827   2636.65   0.0     12.95   2.7  17.07.2025  11:26:53
  4   8   2   6  $12    0.010     3.2811   6184.70   0.0     -2.43   4.4  17.07.2025  11:26:58
  4   8   3   7  $12    0.010     7.7915   3337.87   0.0      0.80  44.6  17.07.2025  11:27:00
  4   8  13   1  $12    0.100    -4.3285    973.52   0.0     68.04   1.1  17.07.2025  11:27:04
  4   8  14   2  $12    0.100   -12.4903   1961.97   0.0      3.49   1.8  17.07.2025  11:27:06
  4   8  15   3  $12    0.010    -3.4554   2548.36   0.0      7.95   1.9  17.07.2025  11:27:11
  4   8  13   9  $12    0.100     8.5031    751.31   0.0     -8.13   1.6  17.07.2025  11:27:14
  4   8  14  10  $12    0.100     9.6192   2266.48   0.0     -8.97   5.4  17.07.2025  11:27:16
  4   8  15  11  $12    0.100    11.7056   5309.29   0.0      0.44  99.6  17.07.2025  11:27:18
  4   8  16  12  $12    0.100    13.9172  10493.31   0.4      4.40  55.6  17.07.2025  11:27:20
  4   8   9   5  $12    0.100     7.0680    302.79   0.0      5.21  47.7  17.07.2025  11:27:22
  4   8  10   6  $12    0.100    10.4459   1969.01   0.0      5.29   0.3  17.07.2025  11:27:24
  4   8  11   7  $12    0.010     3.1446   4149.24   0.0     -1.60   4.3  17.07.2025  11:27:29
  5   9   6  10  $12    0.010     8.0456   3446.72   0.0     -0.84  70.6  17.07.2025  11:27:31
  5   9   7  11  $12    0.010     2.5863   4875.04   0.2     -2.49  36.1  17.07.2025  11:27:33
  5   9   8  12  $12    0.100    16.2926   2149.76   0.0      1.12  39.4  17.07.2025  11:27:37
  5   9   2   6  $12    0.010    -2.7666   3650.51   0.1     13.03   9.9  17.07.2025  11:27:42
  5   9   3   7  $12    0.100   -12.9072   2432.96   0.0      6.26   1.2  17.07.2025  11:27:46
  5   9   4   8  $12    0.100    -7.0970    304.03   0.0      9.58  16.2  17.07.2025  11:27:48
  5   9   1  13  $12    0.100    10.2077   2565.47   0.1    -13.28   7.4  17.07.2025  11:27:50
  5   9   2  14  $12    0.100     8.8954   2000.67   0.0     -1.31  15.5  17.07.2025  11:27:52
  5   9   3  15  $12    0.100     7.6858   1207.28   0.0     -2.64   8.1  17.07.2025  11:27:54
  5   9   4  16  $12    0.100     6.2883    463.77   0.1     -6.75  15.1  17.07.2025  11:27:56
  5   9  14  10  $12    0.010     4.3696   3860.89   0.0     -1.72  19.3  17.07.2025  11:28:01
  5   9  15  11  $12    0.100     4.9843   1174.39   0.0     -4.64   4.4  17.07.2025  11:28:04
  5   9  16  12  $12    0.100     2.8756   1304.28   0.8    -29.51   9.4  17.07.2025  11:28:07
  6  10   5   9  $12    0.010     8.0607   3453.18   0.0      1.73  28.1  17.07.2025  11:28:12
  6  10   7  11  $12    0.010     5.7140   2447.87   0.0     -0.90  39.4  17.07.2025  11:28:14
  6  10   8  12  $12    0.010     3.0070   5668.00   0.0     -6.29 181.3  17.07.2025  11:28:16
  6  10   1   5  $12    0.010    -2.5256   2231.59   0.4     18.83  73.0  17.07.2025  11:28:18
  6  10   3   7  $12    0.010    -2.4201   3193.31   0.0      8.34   1.0  17.07.2025  11:28:20
  6  10   4   8  $12    0.100   -10.4646   1972.52   0.0      4.39   1.9  17.07.2025  11:28:24
  6  10   1  13  $12    0.100     9.7542   2193.81   0.1    -30.13   3.3  17.07.2025  11:28:26
  6  10   2  14  $12    0.100     8.6254   2167.79   0.0     -0.21 133.8  17.07.2025  11:28:28
  6  10   3  15  $12    0.100     8.2209   1848.95   0.0     -2.34  12.6  17.07.2025  11:28:30
  6  10   4  16  $12    0.100     7.0695   1110.47   0.0     -5.41  29.5  17.07.2025  11:28:32
  6  10  13   9  $12    0.010     4.4581   5882.31   0.0     -2.23  11.0  17.07.2025  11:28:37
  6  10  15  11  $12    0.010     2.4438   2159.31   0.1     -1.83  61.6  17.07.2025  11:28:39
  6  10  16  12  $12    0.100    11.5507   2721.57   0.0      1.68  18.7  17.07.2025  11:28:43
  7  11   5   9  $12    0.010     2.5874   4877.15   0.1     -2.58  44.2  17.07.2025  11:28:47
  7  11   6  10  $12    0.010     5.7111   2446.61   0.1     -2.65  40.8  17.07.2025  11:28:49
  7  11   8  12  $12    0.010     6.5206   2793.42   0.6     13.49  14.1  17.07.2025  11:28:51
  7  11   1   5  $12    0.100   -11.6555   2746.26   0.0      3.92  11.3  17.07.2025  11:28:55
  7  11   2   6  $12    0.010    -2.3855   2107.80   0.0      6.11   4.6  17.07.2025  11:29:00
  7  11   4   8  $12    0.010    -3.1268   4125.75   0.1      5.59  52.5  17.07.2025  11:29:02
  7  11   1  13  $12    0.100     7.5696   1189.02   0.0      3.92  23.7  17.07.2025  11:29:06
  7  11   2  14  $12    0.100     7.8243   1759.76   0.0      0.61  18.1  17.07.2025  11:29:08
  7  11   3  15  $12    0.100     8.4214   2116.52   0.0      0.71   3.2  17.07.2025  11:29:10
  7  11   4  16  $12    0.100     7.8324   1761.59   0.0      0.11 904.6  17.07.2025  11:29:12
  7  11  13   9  $12    0.100     6.3633   1199.45   0.1     -2.04  32.1  17.07.2025  11:29:14
  7  11  14  10  $12    0.010     2.5271   3334.41   0.0     -2.70  20.5  17.07.2025  11:29:19
  7  11  16  12  $12    0.010     2.7334   2415.18   0.4     12.30  80.3  17.07.2025  11:29:21
  8  12   5   9  $12    0.100    16.3175   2153.04   0.0      2.79  12.2  17.07.2025  11:29:25
  8  12   6  10  $12    0.010     2.9344   5531.18   0.0     -3.45  26.4  17.07.2025  11:29:30
  8  12   7  11  $12    0.010     6.5810   2819.31   0.0      1.25  70.8  17.07.2025  11:29:32
  8  12   1   5  $12    0.100    -4.4593   2022.59   0.0      5.18  16.4  17.07.2025  11:29:35
  8  12   2   6  $12    0.100    -8.3613   1970.07   0.0      2.49   7.1  17.07.2025  11:29:37
  8  12   3   7  $12    0.010    -2.9061   2567.72   0.0      8.81   1.5  17.07.2025  11:29:42
  8  12   1  13  $12    0.100     7.4750    551.28   0.0      2.24  16.8  17.07.2025  11:29:46
  8  12   2  14  $12    0.100     8.2178   1290.85   0.0      0.88   3.5  17.07.2025  11:29:48
  8  12   3  15  $12    0.100     9.6031   2159.82   0.0      1.06   9.7  17.07.2025  11:29:50
  8  12  16   4  $12    0.100    -9.5476   2399.58   0.0      1.69  49.5  17.07.2025  11:29:52
  8  12   9  13  $12    0.100    -4.3286    185.44   0.1      6.52   7.5  17.07.2025  11:29:54
  8  12  10  14  $12    0.100   -12.4859   2353.54   0.0      4.92  15.0  17.07.2025  11:29:56
  8  12  11  15  $12    0.010    -2.6396   3482.85   0.0      9.49   2.8  17.07.2025  11:30:01
  9  13  10  14  $12    0.010     8.8774   3803.07   0.0     -0.85  67.0  17.07.2025  11:30:03
  9  13  11  15  $12    0.010     2.6564   5007.18   0.3     -5.34  45.0  17.07.2025  11:30:05
  9  13  12  16  $12    0.100    16.3822   2161.58   0.0      0.84  24.7  17.07.2025  11:30:09
  9  13   6  10  $12    0.010    -4.4296   5844.72   0.0      5.34   8.5  17.07.2025  11:30:14
  9  13   7  11  $12    0.100    -6.3053   1188.53   0.0      1.30  10.2  17.07.2025  11:30:18
  9  13   8  12  $12    0.100    -4.3840    187.81   0.4     -4.37 163.8  17.07.2025  11:30:20
  9  13   5   1  $12    0.100    12.2242   9216.82   0.1     -8.92  19.3  17.07.2025  11:30:22
  9  13   6   2  $12    0.100    10.8010   4898.99   0.0      0.61  46.4  17.07.2025  11:30:24
  9  13   7   3  $12    0.100     9.8148   2312.55   0.0     -0.08 185.1  17.07.2025  11:30:26
  9  13   8   4  $12    0.100     8.4909    750.23   0.2     -0.87 197.1  17.07.2025  11:30:28
  9  13   2  14  $12    0.010     3.3321   2457.47   0.0      0.61  31.6  17.07.2025  11:30:33
  9  13   3  15  $12    0.100    10.1132   1588.58   0.0      6.59   2.2  17.07.2025  11:30:36
  9  13   4  16  $12    0.100     3.5669    802.23   0.1     -0.02 2409.8  17.07.2025  11:30:38
 10  14   9  13  $12    0.010     8.8717   3800.61   0.0      1.92   4.7  17.07.2025  11:30:43
 10  14  11  15  $12    0.010     5.8758   2517.20   0.1      3.70  30.5  17.07.2025  11:30:45
 10  14  12  16  $12    0.010     2.8479   5368.15   0.3      9.74 165.1  17.07.2025  11:30:47
 10  14   5   9  $12    0.010    -4.3031   3802.11   0.7      8.25 104.5  17.07.2025  11:30:49
 10  14   7  11  $12    0.010    -2.4649   3252.40   0.3     11.15  32.9  17.07.2025  11:30:51
 10  14   8  12  $12    0.100   -12.4337   2343.69   0.0      3.64  13.9  17.07.2025  11:30:55
 10  14   5   1  $12    0.100    12.0938  13891.43   0.2    -22.88  19.1  17.07.2025  11:30:57
 10  14   6   2  $12    0.100    11.0585   8337.91   0.0      1.47  19.1  17.07.2025  11:30:59
 10  14   7   3  $12    0.100    10.6236   4818.52   0.0      1.05  23.0  17.07.2025  11:31:01
 10  14   8   4  $12    0.100     9.5944   2260.62   0.0      2.29  62.3  17.07.2025  11:31:03
 10  14   1  13  $12    0.010     3.3150   2971.95   0.0      9.14  12.8  17.07.2025  11:31:08
 10  14   3  15  $12    0.010     2.3194   1710.58   0.2      4.88  29.6  17.07.2025  11:31:10
 10  14   4  16  $12    0.100     6.7798   1064.97   0.0      0.57  40.8  17.07.2025  11:31:14
 11  15   9  13  $12    0.010     2.6568   5008.01   0.0     -2.74   6.9  17.07.2025  11:31:19
 11  15  10  14  $12    0.010     5.8976   2526.52   0.0     -0.23 281.1  17.07.2025  11:31:21
 11  15  12  16  $12    0.010     7.9979   3426.27   0.8      5.79  82.7  17.07.2025  11:31:23
 11  15   5   9  $12    0.100    -4.9177   1158.71   0.0      1.84  44.6  17.07.2025  11:31:28
 11  15   6  10  $12    0.010    -2.4109   2130.19   0.0      7.89   4.7  17.07.2025  11:31:32
 11  15   8  12  $12    0.010    -2.5799   3404.04   0.3     19.58 100.0  17.07.2025  11:31:35
 11  15   5   1  $12    0.100    10.2248  16864.20   0.0      3.53  21.3  17.07.2025  11:31:39
 11  15   6   2  $12    0.100    10.7827  12385.54   0.0      0.77   5.6  17.07.2025  11:31:41
 11  15   7   3  $12    0.100    11.6771   8804.29   0.0      1.19   5.4  17.07.2025  11:31:43
 11  15   8   4  $12    0.100    11.8176   5360.06   0.0      1.61  34.9  17.07.2025  11:31:45
 11  15   1  13  $12    0.100    11.1804  24587.01   0.0      2.03  35.7  17.07.2025  11:31:47
 11  15   2  14  $12    0.010     2.3880   2140.86   0.0     -1.21   8.4  17.07.2025  11:31:51
 11  15   4  16  $12    0.010     4.1576   3066.24   0.2     -5.99  37.3  17.07.2025  11:31:53
 12  16   9  13  $12    0.100    16.4132   2165.67   0.0      1.65   6.7  17.07.2025  11:31:57
 12  16  10  14  $12    0.010     2.9144   5493.55   0.0     -2.68   4.8  17.07.2025  11:32:02
 12  16  11  15  $12    0.010     7.9713   3414.89   0.0     -0.59  50.1  17.07.2025  11:32:04
 12  16   5   9  $12    0.100    -2.8239   1280.85   0.0      4.81   6.9  17.07.2025  11:32:08
 12  16   6  10  $12    0.100   -11.5244   2715.38   0.0      5.84   6.5  17.07.2025  11:32:10
 12  16   7  11  $12    0.010    -2.6125   2308.31   0.0      9.84   1.4  17.07.2025  11:32:15
 12  16   5   1  $12    0.100    10.0660  22827.99   0.0      2.68   8.7  17.07.2025  11:32:18
 12  16   6   2  $12    0.100    11.1791  18438.15   0.0      1.73   3.0  17.07.2025  11:32:20
 12  16   7   3  $12    0.100    13.0012  14933.77   0.0      1.98   2.5  17.07.2025  11:32:22
 12  16   8   4  $12    0.100    14.0720  10610.03   0.0      4.44  19.6  17.07.2025  11:32:24
 12  16  13   1  $12    0.100    -3.4768    340.05   0.4      5.57  61.7  17.07.2025  11:32:26
 12  16  14   2  $12    0.100    -6.1200  13458.52   0.0      7.09   2.6  17.07.2025  11:32:28
 12  16  15   3  $12    0.010    -3.9700   3559.09   0.0      5.19   2.5  17.07.2025  11:32:33
 13   1  14   2  $12    0.010     7.0115   2404.50   0.0      1.93   1.9  17.07.2025  11:32:35
 13   1  15   3  $12    0.010     3.0216   2291.33   0.0      0.99  21.4  17.07.2025  11:32:37
 13   1  16   4  $12    0.100    15.3324   1970.52   0.0     -0.25 113.4  17.07.2025  11:32:42
 13   1  10  14  $12    0.010    -3.2547   2917.83   0.0     17.08   5.3  17.07.2025  11:32:46
 13   1  11  15  $12    0.100   -11.0184  24230.80   0.0      8.45   0.0  17.07.2025  11:32:50
 13   1  12  16  $12    0.100    -3.4171    334.21   0.5     -2.56  61.9  17.07.2025  11:32:52
 13   1   9   5  $12    0.100    10.2370   2572.84   0.0     -9.41   5.3  17.07.2025  11:32:54
 13   1  10   6  $12    0.100     9.6725   2175.45   0.0    -27.67   2.1  17.07.2025  11:32:56
 13   1  11   7  $12    0.100     7.5471   1185.50   0.0      2.72  21.6  17.07.2025  11:32:58
 13   1  12   8  $12    0.100     7.4908    552.45   0.4      0.43 2039.5  17.07.2025  11:33:00
 13   1   6   2  $12    0.010     2.7644   2038.78   0.0     -2.56  38.1  17.07.2025  11:33:05
 13   1   7   3  $12    0.100    11.3402   1781.32   0.0      1.19   1.7  17.07.2025  11:33:09
 13   1   8   4  $12    0.100     4.4762   1006.73   0.0     -5.12   8.6  17.07.2025  11:33:11
 14   2  13   1  $12    0.010     7.0390   2413.94   0.0      2.49  27.8  17.07.2025  11:33:16
 14   2  15   3  $12    0.010     6.4610   2215.73   0.0      3.21  54.2  17.07.2025  11:33:18
 14   2  16   4  $12    0.010     2.6647   2020.68   0.6     -7.47 157.2  17.07.2025  11:33:20
 14   2   9  13  $12    0.010    -3.2991   2433.14   0.4     12.38  20.2  17.07.2025  11:33:22
 14   2  11  15  $12    0.010    -2.3560   2112.18   0.6      9.78  58.4  17.07.2025  11:33:24
 14   2  12  16  $12    0.100    -6.1284  13477.14   0.0      5.60   6.9  17.07.2025  11:33:28
 14   2   9   5  $12    0.100     8.9069   2003.24   0.3      2.29 100.0  17.07.2025  11:33:30
 14   2  10   6  $12    0.100     8.6235   2167.31   0.0     -1.82  64.2  17.07.2025  11:33:32
 14   2  11   7  $12    0.100     7.8397   1763.22   0.0     -0.17 183.4  17.07.2025  11:33:34
 14   2  12   8  $12    0.100     8.2889   1302.02   0.4     -6.92  63.2  17.07.2025  11:33:36
 14   2   5   1  $12    0.010     2.8097   2518.92   0.0      1.61  25.7  17.07.2025  11:33:41
 14   2   7   3  $12    0.010     3.2937   2429.12   0.0     -1.43  79.6  17.07.2025  11:33:43
 14   2   8   4  $12    0.100    12.4789   1960.18   0.0      1.23  14.7  17.07.2025  11:33:47
 15   3  13   1  $12    0.010     3.0317   2298.96   0.0      1.63  82.7  17.07.2025  11:33:52
 15   3  14   2  $12    0.010     6.4289   2204.70   0.0      2.84  13.8  17.07.2025  11:33:54
 15   3  16   4  $12    0.010     8.4719   2905.32   0.2      0.64 824.9  17.07.2025  11:33:55
 15   3   9  13  $12    0.100   -10.0737   1582.38   0.0      9.80   2.9  17.07.2025  11:33:59
 15   3  10  14  $12    0.100   -22.8456   1684.88   0.0      8.99   2.0  17.07.2025  11:34:01
 15   3  12  16  $12    0.010    -3.9861   3573.58   0.0      4.62   4.4  17.07.2025  11:34:06
 15   3   9   5  $12    0.100     7.6894   1207.85   0.0     -0.10 404.5  17.07.2025  11:34:10
 15   3  10   6  $12    0.100     8.2128   1847.15   0.0      0.41 110.7  17.07.2025  11:34:12
 15   3  11   7  $12    0.100     8.4145   2114.79   0.0      0.35 102.6  17.07.2025  11:34:14
 15   3  12   8  $12    0.100     9.6122   2161.88   0.6     -3.35 106.8  17.07.2025  11:34:16
 15   3   5   1  $12    0.100    12.3222  27097.85   0.1      3.29  81.5  17.07.2025  11:34:18
 15   3   6   2  $12    0.010     3.3091   2966.60   0.0     -0.70  41.4  17.07.2025  11:34:23
 15   3   8   4  $12    0.010     3.4642   2554.91   0.3      0.27 706.3  17.07.2025  11:34:25
 16   4  13   1  $12    0.100    15.2870   1964.67   0.0     17.18   2.7  17.07.2025  11:34:29
 16   4  14   2  $12    0.010     2.7134   2057.63   0.0     -2.29  10.7  17.07.2025  11:34:34
 16   4  15   3  $12    0.010     8.4730   2905.71   0.0      0.67  31.8  17.07.2025  11:34:36
 16   4   9  13  $12    0.100    -3.5047    788.25   0.0     25.46   0.2  17.07.2025  11:34:40
 16   4  10  14  $12    0.100    -6.7181   1055.28   0.1     15.99   5.1  17.07.2025  11:34:42
 16   4  11  15  $12    0.010    -4.1028   3025.88   0.0      4.97   4.1  17.07.2025  11:34:46
 16   4   9   5  $12    0.100     6.3120    465.52   0.0     -6.78   3.2  17.07.2025  11:34:50
 16   4  10   6  $12    0.100     7.1210   1118.56   0.0    -12.98   5.7  17.07.2025  11:34:52
 16   4  11   7  $12    0.100     7.8512   1765.80   0.0     -1.02  66.2  17.07.2025  11:34:54
 16   4  12   8  $12    0.100     9.6805   2432.98   0.5     -8.32  13.1  17.07.2025  11:34:56
 16   4   5   1  $12    0.100     5.5119    539.09   0.2     54.04  14.7  17.07.2025  11:34:58
 16   4   6   2  $12    0.100    13.0555  28710.49   0.0      1.31   9.2  17.07.2025  11:35:00
 16   4   7   3  $12    0.010     3.5816   3210.96   0.0     -0.68  18.3  17.07.2025  11:35:05
  1   4   2   3  $12    0.010     4.2459   2667.79   0.0      1.99  17.2  17.07.2025  11:35:07
  2   3   1   4  $12    0.010     4.2585   2675.67   0.2     -0.79 335.5  17.07.2025  11:35:09
  1   2   3   4  $12    0.100   -12.5784   2370.97   0.0     16.61   0.5  17.07.2025  11:35:13
  3   4   1   2  $12    0.100   -12.4494   2346.66   0.0     24.24   7.8  17.07.2025  11:35:15
  5   8   6   7  $12    0.010     3.8433   2414.82   0.0      1.79  10.3  17.07.2025  11:35:20
  6   7   5   8  $12    0.010     3.8571   2423.51   0.0      1.68  16.8  17.07.2025  11:35:22
  5   6   7   8  $12    0.100    -8.0431   1516.08   0.0     -1.68   3.5  17.07.2025  11:35:25
  7   8   5   6  $12    0.100    -7.7364   1458.27   0.0     -3.50   9.6  17.07.2025  11:35:27
  9  12  10  11  $12    0.010     5.5565   3491.23   0.0     -0.73  55.9  17.07.2025  11:35:32
 10  11   9  12  $12    0.010     5.5519   3488.35   0.9     -7.14  71.1  17.07.2025  11:35:34
  9  10  11  12  $12    0.100   -10.0541   1895.16   0.0      3.03   2.8  17.07.2025  11:35:38
 11  12   9  10  $12    0.100   -10.2419   1930.55   0.6     -6.38  15.3  17.07.2025  11:35:40
 13  16  14  15  $12    0.010     6.1173   3843.61   0.0     -1.51   3.1  17.07.2025  11:35:45
 14  15  13  16  $12    0.010     6.1496   3863.94   0.0     -2.63  17.9  17.07.2025  11:35:47
 13  14  15  16  $12    0.100    -9.1220   1719.45   0.0      8.83   0.7  17.07.2025  11:35:50
  1   9  10   2  $12    0.010    -9.2351   3323.29   0.0      2.01   8.1  17.07.2025  11:35:55
  1   9  11   3  $12    0.010    -3.4623   2966.51   0.2      8.27  48.8  17.07.2025  11:35:57
  1   9  12   4  $12    0.010    -2.4651   4122.01   0.6    -28.97  11.7  17.07.2025  11:35:59
  2  10   9   1  $12    0.010    -9.2654   3334.20   0.5     -0.81 684.1  17.07.2025  11:36:01
  2  10  11   3  $12    0.010    -7.5816   2728.28   0.0      6.18   5.4  17.07.2025  11:36:03
  2  10  12   4  $12    0.010    -4.3166   3698.44   0.1     17.16  19.9  17.07.2025  11:36:06
  3  11   9   1  $12    0.010    -3.5399   3032.96   0.9      8.13 227.0  17.07.2025  11:36:08
  3  11  10   2  $12    0.010    -7.5879   2730.56   0.1      2.04  58.0  17.07.2025  11:36:10
  3  11  12   4  $12    0.010    -8.1790   2943.25   0.4      3.38 284.9  17.07.2025  11:36:12
 12   4   9   1  $12    0.010     2.5383   4244.47   0.3     21.12  38.3  17.07.2025  11:36:14
 12   4  10   2  $12    0.010     4.3134   3695.75   0.1     -1.25 254.8  17.07.2025  11:36:16
 12   4  11   3  $12    0.010     8.2916   2983.76   0.0     -0.09 1075.5  17.07.2025  11:36:18
 13   5  14   6  $12    0.010     8.1084   2917.86   0.0      0.63  24.8  17.07.2025  11:36:20
 13   5  15   7  $12    0.010     4.0877   3502.36   0.0     -0.14   8.0  17.07.2025  11:36:22
 13   5  16   8  $12    0.010     2.5669   4292.16   0.0     -3.44  47.3  17.07.2025  11:36:24
 14   6  13   5  $12    0.010     8.1395   2929.02   0.0      2.02  25.3  17.07.2025  11:36:26
 14   6  15   7  $12    0.010     6.6693   2399.99   0.0     -0.11 305.1  17.07.2025  11:36:28
 14   6  16   8  $12    0.010     3.4163   2927.12   0.0     -2.57  52.6  17.07.2025  11:36:30
 15   7  13   5  $12    0.010     4.0921   3506.10   0.0     -0.10 358.6  17.07.2025  11:36:32
 15   7  14   6  $12    0.010     6.6630   2397.72   0.0     -0.12  70.2  17.07.2025  11:36:34
 15   7  16   8  $12    0.010     9.2595   3332.09   0.0      0.65  28.4  17.07.2025  11:36:36
 16   8  13   5  $12    0.010     2.5679   4293.88   0.0     -1.63  91.4  17.07.2025  11:36:38
 16   8  14   6  $12    0.010     3.4179   2928.47   0.0     -1.96   7.2  17.07.2025  11:36:40
 16   8  15   7  $12    0.010     9.2477   3327.83   0.0      0.11  82.6  17.07.2025  11:36:42
  1   2   5   6  $12    1.000     3.7217    701.51   0.9    -36.08  30.5  17.07.2025  11:36:48
  2   3   6   7  $12    1.000     6.7326   1269.07   0.0      3.09  10.2  17.07.2025  11:36:50
  3   4   7   8  $12    1.000     6.3528   1197.48   0.0     -1.46  18.6  17.07.2025  11:36:52
  1   2   9  10  $12    1.000     2.9445   4662.19   0.4   -291.73   2.1  17.07.2025  11:36:55
  2   3  10  11  $12   10.000    15.8022   2502.07   0.0    -41.32   0.4  17.07.2025  11:36:58
  3   4  11  12  $12    1.000     4.2546   6736.56   0.7  -1001.12   0.1  17.07.2025  11:37:03
  1   2  13  14  $12    1.000     9.0524  48801.16   0.3   -175.57   2.6  17.07.2025  11:37:06
  2   3  14  15  $12    1.000    12.0467  64943.63   0.0     -0.81 137.8  17.07.2025  11:37:08
  3   4  15  16  $12    1.000     9.3309  50302.57   0.0     13.98   4.8  17.07.2025  11:37:10
  5   6   9  10  $12    1.000     5.8783   1108.03   0.1    -16.94  10.1  17.07.2025  11:37:12
  6   7  10  11  $12    1.000     4.8036    905.47   0.2    -10.64  11.5  17.07.2025  11:37:14
  7   8  11  12  $12    1.000     2.1553    406.27   0.7     -3.65 547.1  17.07.2025  11:37:16
  5   6  13  14  $12   10.000     6.6788   1057.50   0.7    -30.59   5.8  17.07.2025  11:37:19
  6   7  14  15  $12   10.000    19.4729   3083.27   0.0      0.54  69.0  17.07.2025  11:37:21
  7   8  15  16  $12   10.000    17.0056   2692.60   0.0      4.25   6.2  17.07.2025  11:37:23
  9  10  13  14  $12    1.000     5.5252   1041.47   0.0      4.34   8.4  17.07.2025  11:37:29
 10  11  14  15  $12    1.000     6.4415   1214.19   0.0     14.11   6.2  17.07.2025  11:37:31
 11  12  15  16  $12    1.000     2.0716    390.49   0.2     -3.88  83.4  17.07.2025  11:37:33
  1   2   6   7  $12    1.000     5.6750   2139.43   0.3    -92.61   3.7  17.07.2025  11:37:35
  2   3   7   8  $12    1.000     7.5347   2840.52   0.0      0.75  16.2  17.07.2025  11:37:37
  1   2   7   8  $12    1.000     5.4183   3574.63   0.0    -67.32   1.0  17.07.2025  11:37:39
  2   3   7   8  $12    1.000     7.5386   2841.98   0.0      0.62  12.7  17.07.2025  11:37:41
  1   2  10  11  $12    1.000    -2.9821   6745.43   0.4  -1350.10   0.1  17.07.2025  11:37:43
  2   3  11  12  $12   10.000    19.3222   4370.57   0.6   -818.59   0.3  17.07.2025  11:37:47
  1   2  11  12  $12    0.100     0.0648   2014.11   4.0   -394.34  19.2  17.07.2025  11:37:55
  2   3  11  12  $12   10.000     6.3499   1436.32   0.9     -9.00 111.1  17.07.2025  11:38:03
  1   2  14  15  $12    1.000     5.5168  37851.74   0.4    261.47   1.7  17.07.2025  11:38:08
  2   3  15  16  $12    1.000     8.9206  61206.17   0.0      3.63  27.9  17.07.2025  11:38:10
  1   2  15  16  $12    1.000    10.9073  93547.03   0.3   -134.07   0.3  17.07.2025  11:38:12
  2   3  15  16  $12    1.000     8.9175  61184.96   0.0      3.70   3.1  17.07.2025  11:38:14
  5   6  10  11  $12    1.000     4.0108   1512.05   0.1     80.00   0.1  17.07.2025  11:38:16
  6   7  11  12  $12    1.000     2.0096    757.60   0.3     19.57  37.6  17.07.2025  11:38:18
  5   6  11  12  $12   10.000    13.2465    873.92   2.8    -77.56  45.0  17.07.2025  11:38:27
  6   7  11  12  $12   10.000    19.4194    732.09   0.0      2.44   0.4  17.07.2025  11:38:29
  5   6  14  15  $12   10.000    10.4744   2369.25   0.6     -3.69 118.2  17.07.2025  11:38:31
  6   7  15  16  $12   10.000    12.2342   2767.30   0.0     11.26   1.0  17.07.2025  11:38:33
  5   6  15  16  $12   10.000     8.4451   2626.57   0.0    -29.38   0.6  17.07.2025  11:38:35
  6   7  15  16  $12   10.000    12.2237   2764.93   0.0     10.88   0.7  17.07.2025  11:38:37
  9  10  14  15  $12    1.000     8.6368   3256.01   0.0     -6.86   3.2  17.07.2025  11:38:42
 10  11  15  16  $12    1.000     3.9264   1480.21   0.1    -41.94   3.7  17.07.2025  11:38:44
  9  10  15  16  $12    1.000     3.9446   2602.41   0.0     11.86   2.3  17.07.2025  11:38:46
 10  11  15  16  $12    1.000     3.9284   1480.97   0.0    -45.89   0.8  17.07.2025  11:38:48
