//C:\Users\user\Desktop\GeoTom\GeoTomE724.ini
//- Cable direction:
//  cable I: normal
//  cable II: normal
//  cable III: normal
//  cable IV: normal
//- Cable arrangement: sequential
//- Optimization: Last measurement
//- Sorting: Multi-level
//- Current levels: 0.001 mA .. 50.0 mA
Type:         Flow
Name:         Hyprop
Comment:      Example of a measurements sequence
Comment:      
Comment:      
Spacing:      1.00000
First El:     0.00000
Nr of points: 289
IP present:   1

  1   5   2   6  $12    0.001     4.3770  18751.18   0.0      9.93  21.6  27.07.2025  20:10:08
  1   5   3   7  $12    0.010    15.9816  30124.63   0.0     14.52   3.1  27.07.2025  20:10:12
  1   5   4   8  $12    0.010    10.4800  13828.09   0.0     -1.37  14.5  27.07.2025  20:10:14
  1   5  14   2  $12    0.010   -21.9024  19635.58   0.0     13.36   2.3  27.07.2025  20:10:16
  1   5  15   3  $12    0.010    -4.0864  89864.58   0.0     49.94   2.1  27.07.2025  20:10:18
  1   5  16   4  $12    0.100   -17.5580   1717.25   0.0     59.04   0.1  27.07.2025  20:10:22
  1   5  13   9  $12    0.010     6.4933  48958.01   0.0      4.12   0.9  27.07.2025  20:10:27
  1   5  14  10  $12    0.010     5.8076  66708.57   0.0      0.43  52.5  27.07.2025  20:10:29
  1   5  15  11  $12    0.010     5.1031  84167.29   0.0      7.31   1.9  27.07.2025  20:10:31
  1   5  16  12  $12    0.010     4.0110  90962.54   0.0     -1.32  18.0  27.07.2025  20:10:33
  1   5  10   6  $12    0.010    15.5254  13717.81   0.0      5.07   3.3  27.07.2025  20:10:35
  1   5  11   7  $12    0.010     6.7911  16001.17   0.0      2.42   9.6  27.07.2025  20:10:37
  1   5  12   8  $12    0.010     4.7530  21557.85   0.0    -26.69   4.1  27.07.2025  20:10:39
  2   6   1   5  $12    0.001     4.3660  18703.91   0.0      6.57  13.0  27.07.2025  20:10:44
  2   6   3   7  $12    0.001     4.5737  19593.79   0.1     12.85   8.8  27.07.2025  20:10:46
  2   6   4   8  $12    0.010    17.4036  32805.10   0.0     -5.05   1.7  27.07.2025  20:10:50
  2   6  13   1  $12    0.010   -22.0329  16249.47   0.0     10.16   1.0  27.07.2025  20:10:52
  2   6  15   3  $12    0.010   -22.5899  20251.94   0.0     24.65   0.5  27.07.2025  20:10:54
  2   6  16   4  $12    0.010    -2.7977  61524.80   0.0     71.42   0.5  27.07.2025  20:10:56
  2   6  13   9  $12    0.010     6.1218  27766.47   0.0      5.13   0.9  27.07.2025  20:10:58
  2   6  14  10  $12    0.010     5.6913  42911.20   0.0      1.54   4.0  27.07.2025  20:11:00
  2   6  15  11  $12    0.010     5.2239  60004.54   0.0      4.84   3.4  27.07.2025  20:11:03
  2   6  16  12  $12    0.010     4.4277  73028.04   0.0     -2.42   9.8  27.07.2025  20:11:05
  2   6   9   5  $12    0.010    15.0878  19907.87   0.0      8.16   0.2  27.07.2025  20:11:07
  2   6  11   7  $12    0.010    17.2882  15275.40   0.0      2.85   0.2  27.07.2025  20:11:09
  2   6  12   8  $12    0.010    10.2018  24037.50   0.0    -30.71   0.6  27.07.2025  20:11:11
  3   7   1   5  $12    0.010    15.9381  30042.66   0.0     16.42   1.0  27.07.2025  20:11:13
  3   7   2   6  $12    0.001     4.5587  19529.64   0.0     13.18   6.2  27.07.2025  20:11:18
  3   7   4   8  $12    0.001     5.9980  25695.23   0.0      6.47   1.7  27.07.2025  20:11:20
  3   7  13   1  $12    0.010    -2.8378   4457.67   0.0     63.87   2.3  27.07.2025  20:11:24
  3   7  14   2  $12    0.010   -21.1715  15614.14   0.0     28.56   0.7  27.07.2025  20:11:26
  3   7  16   4  $12    0.010   -20.3096  18207.64   0.0     26.52   1.2  27.07.2025  20:11:28
  3   7  13   9  $12    0.010     5.7489  13545.64   0.0      4.83   2.1  27.07.2025  20:11:30
  3   7  14  10  $12    0.010     5.8130  26365.95   0.0      0.96  20.0  27.07.2025  20:11:32
  3   7  15  11  $12    0.010     5.6791  42819.16   0.0      9.78   1.3  27.07.2025  20:11:34
  3   7  16  12  $12    0.010     6.2424  71703.19   0.0      1.47  12.8  27.07.2025  20:11:36
  3   7   9   5  $12    0.010     7.3388  13833.29   0.0      7.27   0.4  27.07.2025  20:11:38
  3   7  10   6  $12    0.010    18.0035  23755.06   0.0      4.21   1.8  27.07.2025  20:11:40
  3   7  12   8  $12    0.001     3.2857  29031.22   0.1    -11.92  13.0  27.07.2025  20:11:45
  4   8   1   5  $12    0.010    10.4986  13852.54   0.0     -2.59   6.0  27.07.2025  20:11:49
  4   8   2   6  $12    0.010    17.3980  32794.43   0.0     -7.42   4.4  27.07.2025  20:11:51
  4   8   3   7  $12    0.001     5.9654  25555.80   0.0      0.89  66.8  27.07.2025  20:11:56
  4   8  13   1  $12    0.100   -15.1942   3417.31   0.0    -59.53   0.1  27.07.2025  20:12:02
  4   8  14   2  $12    0.010    -2.8010   4399.80   0.1    -53.44   1.5  27.07.2025  20:12:07
  4   8  15   3  $12    0.010   -21.7615  16049.32   0.0      7.11   3.3  27.07.2025  20:12:09
  4   8  13   9  $12    0.010     5.2163   4608.98   0.0      3.47  25.9  27.07.2025  20:12:11
  4   8  14  10  $12    0.010     5.5128  12989.33   0.0      4.61   1.1  27.07.2025  20:12:13
  4   8  15  11  $12    0.010     5.8136  26368.57   0.0      2.05  10.2  27.07.2025  20:12:15
  4   8  16  12  $12    0.010     7.2968  55016.74   0.0      0.08 154.5  27.07.2025  20:12:17
  4   8   9   5  $12    0.010     3.8058   1630.42   0.0      2.86   3.8  27.07.2025  20:12:19
  4   8  10   6  $12    0.010     9.0926  17139.11   0.0      3.03   3.0  27.07.2025  20:12:21
  4   8  11   7  $12    0.001     3.1566  41650.29   0.0      0.33 154.3  27.07.2025  20:12:26
  5   9   6  10  $12    0.001     3.8180  16356.25   0.0      6.02   1.1  27.07.2025  20:12:28
  5   9   7  11  $12    0.010    19.2394  36265.43   0.0      3.13   1.8  27.07.2025  20:12:32
  5   9   8  12  $12    0.010    12.2460  16158.27   0.0      1.66  10.5  27.07.2025  20:12:34
  5   9   2   6  $12    0.010   -15.0754  19891.54   0.0      6.38   6.4  27.07.2025  20:12:36
  5   9   3   7  $12    0.010    -7.3207  13799.22   0.0      9.88   7.4  27.07.2025  20:12:38
  5   9   4   8  $12    0.010    -3.7935   1625.15   0.1      9.31   4.5  27.07.2025  20:12:40
  5   9   1  13  $12    0.010     7.5543  18985.96   0.0     -0.87  11.3  27.07.2025  20:12:42
  5   9   2  14  $12    0.010     7.0425  15839.16   0.0     -2.52  44.6  27.07.2025  20:12:44
  5   9   3  15  $12    0.010     5.1982   8165.39   0.0     -6.09  35.7  27.07.2025  20:12:46
  5   9   4  16  $12    0.010     4.1279   3044.39   0.0      4.42  19.4  27.07.2025  20:12:48
  5   9  14  10  $12    0.010    15.5845  13770.03   0.0      4.24   0.9  27.07.2025  20:12:50
  5   9  15  11  $12    0.010     6.7211  15836.21   0.0      5.13   1.7  27.07.2025  20:12:52
  5   9  16  12  $12    0.010     4.3279  19629.96   0.0     -2.14   7.1  27.07.2025  20:12:55
  6  10   5   9  $12    0.001     3.8198  16363.84   0.0      5.16   2.6  27.07.2025  20:12:59
  6  10   7  11  $12    0.001     3.8129  16334.34   0.0      2.91   3.7  27.07.2025  20:13:02
  6  10   8  12  $12    0.001     2.1752  41000.67   0.1      0.25 291.2  27.07.2025  20:13:04
  6  10   1   5  $12    0.010   -15.6148  13796.81   0.0      6.03   1.2  27.07.2025  20:13:07
  6  10   3   7  $12    0.010   -18.0502  23816.68   0.0      5.43  10.4  27.07.2025  20:13:09
  6  10   4   8  $12    0.010    -9.0637  17084.63   0.0      4.80   6.2  27.07.2025  20:13:11
  6  10   1  13  $12    0.010     7.1121  15995.84   0.0      2.42  26.6  27.07.2025  20:13:13
  6  10   2  14  $12    0.010     6.8524  17222.03   0.1      5.98   5.3  27.07.2025  20:13:15
  6  10   3  15  $12    0.010     5.3892  12120.71   0.0      7.05  22.1  27.07.2025  20:13:18
  6  10   4  16  $12    0.010     4.6870   7362.34   0.0      7.82   6.2  27.07.2025  20:13:20
  6  10  13   9  $12    0.010    15.0454  19851.93   0.0      4.79   2.4  27.07.2025  20:13:22
  6  10  15  11  $12    0.010    14.2479  12589.05   0.0      3.88   3.2  27.07.2025  20:13:24
  6  10  16  12  $12    0.010     7.5309  17744.36   0.0      0.65   9.3  27.07.2025  20:13:26
  7  11   5   9  $12    0.010    19.2227  36234.03   0.0      3.80   0.4  27.07.2025  20:13:28
  7  11   6  10  $12    0.001     3.8098  16321.19   0.0      1.77  16.1  27.07.2025  20:13:33
  7  11   8  12  $12    0.001     5.3735  23019.87   0.1      1.20  47.3  27.07.2025  20:13:35
  7  11   1   5  $12    0.010    -6.7468  15896.78   0.0      4.39   3.9  27.07.2025  20:13:39
  7  11   2   6  $12    0.010   -17.1966  15194.41   0.0      3.71   5.5  27.07.2025  20:13:41
  7  11   4   8  $12    0.001    -3.1249  41232.04   0.0     10.06  12.9  27.07.2025  20:13:45
  7  11   1  13  $12    0.010     6.4053  10061.49   0.0      3.67   3.1  27.07.2025  20:13:49
  7  11   2  14  $12    0.010     6.3827  14355.26   0.0     10.77   3.8  27.07.2025  20:13:52
  7  11   3  15  $12    0.010     5.3903  13547.36   0.0      6.90  17.4  27.07.2025  20:13:54
  7  11   4  16  $12    0.010     5.2793  11873.58   0.0      8.60  11.5  27.07.2025  20:13:56
  7  11  13   9  $12    0.010     6.0602  11423.17   0.0      1.15  21.8  27.07.2025  20:13:58
  7  11  14  10  $12    0.010    14.0291  18510.98   0.0      1.89   0.8  27.07.2025  20:14:00
  7  11  16  12  $12    0.010    16.8114  14854.08   0.0      0.88   3.8  27.07.2025  20:14:02
  8  12   5   9  $12    0.010    12.2040  16102.75   0.0      5.02   0.7  27.07.2025  20:14:04
  8  12   6  10  $12    0.010    21.2360  40028.89   0.0      5.72   1.1  27.07.2025  20:14:06
  8  12   7  11  $12    0.001     5.3675  22994.28   0.0      2.97  10.5  27.07.2025  20:14:11
  8  12   1   5  $12    0.010    -4.7283  21446.15   0.0    -21.22   2.9  27.07.2025  20:14:15
  8  12   2   6  $12    0.010   -10.1244  23855.02   0.0    -27.08   3.3  27.07.2025  20:14:17
  8  12   3   7  $12    0.001    -3.2640  28839.66   0.0     -7.09  59.2  27.07.2025  20:14:22
  8  12   1  13  $12    0.010     4.8009   3540.70   0.0     29.45   1.4  27.07.2025  20:14:25
  8  12   2  14  $12    0.010     4.6785   7348.97   0.1     77.91   1.0  27.07.2025  20:14:27
  8  12   3  15  $12    0.010     4.3063   9685.38   0.0     68.52   1.7  27.07.2025  20:14:29
  8  12  16   4  $12    0.010    -4.9682  12486.57   0.0     40.70   1.2  27.07.2025  20:14:31
  8  12   9  13  $12    0.010    -2.6570   1138.27   0.0     14.44   3.3  27.07.2025  20:14:33
  8  12  10  14  $12    0.010    -6.4059  12074.93   0.0      6.49   1.0  27.07.2025  20:14:36
  8  12  11  15  $12    0.010   -16.1787  21347.27   0.0      7.32   0.7  27.07.2025  20:14:38
  9  13  10  14  $12    0.001     4.0113  17184.53   0.0     10.68   1.2  27.07.2025  20:14:42
  9  13  11  15  $12    0.001     2.3788  44839.28   0.0      7.41   7.7  27.07.2025  20:14:44
  9  13  12  16  $12    0.010     9.3892  12388.82   0.0      3.13   1.3  27.07.2025  20:14:48
  9  13   6  10  $12    0.010   -14.9942  19784.32   0.0      7.42   0.5  27.07.2025  20:14:50
  9  13   7  11  $12    0.010    -6.0343  11374.40   0.0      7.09   1.5  27.07.2025  20:14:53
  9  13   8  12  $12    0.010    -2.6310   1127.11   0.4     15.38  11.0  27.07.2025  20:14:55
  9  13   5   1  $12    0.010     6.5013  49018.37   0.0      2.18  15.0  27.07.2025  20:14:57
  9  13   6   2  $12    0.010     6.1489  27889.47   0.0      3.82  26.6  27.07.2025  20:14:59
  9  13   7   3  $12    0.010     5.7679  13590.33   0.0      1.62  50.2  27.07.2025  20:15:01
  9  13   8   4  $12    0.010     5.2488   4637.67   0.0      1.32  15.6  27.07.2025  20:15:03
  9  13   2  14  $12    0.010    18.4526  13608.92   0.0     13.11   1.5  27.07.2025  20:15:05
  9  13   3  15  $12    0.010    11.6108  18238.15   0.0      5.25  14.3  27.07.2025  20:15:07
  9  13   4  16  $12    0.100    14.9848   3370.23   0.0      3.77   5.7  27.07.2025  20:15:11
 10  14   9  13  $12    0.001     4.0064  17163.17   0.0      6.18   4.2  27.07.2025  20:15:19
 10  14  11  15  $12    0.001     5.1824  22201.19   0.0      2.83  25.7  27.07.2025  20:15:21
 10  14  12  16  $12    0.010    14.9908  28257.07   0.0      3.06   2.9  27.07.2025  20:15:24
 10  14   5   9  $12    0.010   -15.5884  13773.47   0.0      6.96   0.1  27.07.2025  20:15:26
 10  14   7  11  $12    0.010   -14.0105  18486.45   0.0      3.06   6.0  27.07.2025  20:15:28
 10  14   8  12  $12    0.010    -6.4013  12066.12   0.0      2.84  55.5  27.07.2025  20:15:31
 10  14   5   1  $12    0.010     5.8276  66938.11   0.0      0.67 100.1  27.07.2025  20:15:32
 10  14   6   2  $12    0.010     5.7188  43118.68   0.0     -0.66 140.1  27.07.2025  20:15:35
 10  14   7   3  $12    0.010     5.8401  26488.81   0.0      0.27 349.1  27.07.2025  20:15:37
 10  14   8   4  $12    0.010     5.5838  13156.46   0.0      1.06  73.6  27.07.2025  20:15:39
 10  14   1  13  $12    0.010    18.2758  16384.31   0.0     13.06   0.2  27.07.2025  20:15:41
 10  14   3  15  $12    0.001     3.1804  23455.34   0.1      3.94  50.9  27.07.2025  20:15:46
 10  14   4  16  $12    0.010     3.0302   4759.84   0.0      2.57  46.0  27.07.2025  20:15:49
 11  15   9  13  $12    0.001     2.3771  44807.28   0.0      1.99  14.6  27.07.2025  20:15:54
 11  15  10  14  $12    0.001     5.1681  22140.00   0.0      5.24   5.3  27.07.2025  20:15:57
 11  15  12  16  $12    0.001     2.7458  11763.10   0.0      3.87   7.2  27.07.2025  20:15:59
 11  15   5   9  $12    0.010    -6.6711  15718.47   0.0      9.15   0.6  27.07.2025  20:16:02
 11  15   6  10  $12    0.010   -14.2047  12550.88   0.0      5.30   0.2  27.07.2025  20:16:04
 11  15   8  12  $12    0.010   -16.2257  21409.24   0.0      6.24   3.5  27.07.2025  20:16:06
 11  15   5   1  $12    0.010     5.1153  84367.77   0.0      6.52  13.7  27.07.2025  20:16:08
 11  15   6   2  $12    0.010     5.2332  60110.46   0.0      1.60 165.8  27.07.2025  20:16:11
 11  15   7   3  $12    0.010     5.7142  43083.91   0.0      1.43  89.3  27.07.2025  20:16:13
 11  15   8   4  $12    0.010     5.8537  26550.32   0.1     -0.54  43.4  27.07.2025  20:16:15
 11  15   1  13  $12    0.010    11.6404 255985.32   0.0      7.83   4.0  27.07.2025  20:16:17
 11  15   2  14  $12    0.001     3.2338  28990.77   0.0     -0.80 146.1  27.07.2025  20:16:22
 11  15   4  16  $12    0.010     5.0401   3717.13   0.0     13.01   2.8  27.07.2025  20:16:25
 12  16   9  13  $12    0.010     9.4238  12434.44   0.0      2.08   4.7  27.07.2025  20:16:27
 12  16  10  14  $12    0.010    14.9893  28254.11   0.0      1.58   3.5  27.07.2025  20:16:29
 12  16  11  15  $12    0.001     2.7496  11779.21   0.0      0.48 105.2  27.07.2025  20:16:34
 12  16   5   9  $12    0.010    -4.3164  19577.72   0.0      5.89   3.3  27.07.2025  20:16:38
 12  16   6  10  $12    0.010    -7.5253  17731.05   0.0      4.21   2.9  27.07.2025  20:16:40
 12  16   7  11  $12    0.010   -16.8125  14855.06   0.0      2.69   8.6  27.07.2025  20:16:42
 12  16   5   1  $12    0.010     4.0483  91809.26   0.0      2.91  11.4  27.07.2025  20:16:44
 12  16   6   2  $12    0.010     4.4638  73622.92   0.0     -1.53  50.7  27.07.2025  20:16:47
 12  16   7   3  $12    0.010     6.3206  72601.71   0.0      0.85  55.3  27.07.2025  20:16:49
 12  16   8   4  $12    0.010     7.3745  55602.12   0.0     -5.56  10.3  27.07.2025  20:16:51
 12  16  13   1  $12    0.100    -9.8526    963.62   0.0     22.90   0.4  27.07.2025  20:16:54
 12  16  14   2  $12    0.010    -2.9340  64522.14   0.2     16.60  37.6  27.07.2025  20:16:59
 12  16  15   3  $12    0.010    -3.8690   3468.59   0.0     28.84   1.8  27.07.2025  20:17:01
 13   1  14   2  $12    0.001     4.7802  16392.97   0.1     13.08   4.3  27.07.2025  20:17:06
 13   1  15   3  $12    0.001     2.1117  16013.14   0.2     18.88  22.0  27.07.2025  20:17:08
 13   1  16   4  $12    0.010     7.3621   9461.71   0.0     15.34   2.5  27.07.2025  20:17:12
 13   1  10  14  $12    0.010   -18.0860  16214.15   0.0     19.26   0.0  27.07.2025  20:17:14
 13   1  11  15  $12    0.010   -11.5614 254248.95   0.0      9.40   0.3  27.07.2025  20:17:16
 13   1  12  16  $12    0.100   -10.1074    988.55   0.0     35.59   0.1  27.07.2025  20:17:20
 13   1   9   5  $12    0.010     7.5568  18992.29   0.0      1.98   1.7  27.07.2025  20:17:25
 13   1  10   6  $12    0.010     7.1127  15997.06   0.0      5.13   1.4  27.07.2025  20:17:27
 13   1  11   7  $12    0.010     6.3851  10029.68   0.0      6.73   1.9  27.07.2025  20:17:29
 13   1  12   8  $12    0.010     4.8204   3555.12   0.0     30.20   0.8  27.07.2025  20:17:31
 13   1   6   2  $12    0.010    22.1348  16324.57   0.0      9.22   6.0  27.07.2025  20:17:33
 13   1   7   3  $12    0.010     2.9257   4595.67   0.1     51.61   4.1  27.07.2025  20:17:35
 13   1   8   4  $12    0.100    15.2419   3428.05   0.0    -42.02   0.2  27.07.2025  20:17:39
 14   2  13   1  $12    0.001     4.7705  16359.66   0.0     15.33   7.9  27.07.2025  20:17:47
 14   2  15   3  $12    0.001     5.9690  20469.79   0.0     18.52   7.1  27.07.2025  20:17:49
 14   2  16   4  $12    0.010    10.4398   7916.64   0.0     27.11   0.5  27.07.2025  20:17:53
 14   2   9  13  $12    0.010   -18.2783  13480.38   0.0     18.28   0.1  27.07.2025  20:17:55
 14   2  11  15  $12    0.001    -3.1679  28400.25   0.0     13.41   0.5  27.07.2025  20:18:00
 14   2  12  16  $12    0.010    -2.9490  64851.21   0.0     28.65   0.7  27.07.2025  20:18:04
 14   2   9   5  $12    0.010     7.0205  15789.69   0.0      0.40 100.2  27.07.2025  20:18:06
 14   2  10   6  $12    0.010     6.8156  17129.59   0.0      7.90   1.3  27.07.2025  20:18:08
 14   2  11   7  $12    0.010     6.3229  14220.76   0.0     15.21   1.7  27.07.2025  20:18:10
 14   2  12   8  $12    0.010     4.6293   7271.63   0.0     85.86   2.1  27.07.2025  20:18:12
 14   2   5   1  $12    0.010    21.8997  19633.18   0.0     12.04   1.2  27.07.2025  20:18:14
 14   2   7   3  $12    0.010    21.3261  15728.20   0.0     25.66   1.7  27.07.2025  20:18:16
 14   2   8   4  $12    0.010     2.8823   4527.53   0.0    -63.90   1.0  27.07.2025  20:18:18
 15   3  13   1  $12    0.010    20.8512  15811.77   0.0     15.78   0.2  27.07.2025  20:18:20
 15   3  14   2  $12    0.001     6.0145  20625.86   0.0     15.44  11.7  27.07.2025  20:18:25
 15   3  16   4  $12    0.001     3.0963  10618.29   0.0     13.54   5.5  27.07.2025  20:18:27
 15   3   9  13  $12    0.010   -11.5524  18146.43   0.0     11.56   0.2  27.07.2025  20:18:31
 15   3  10  14  $12    0.001    -3.1350  23120.86   0.0     15.58   0.3  27.07.2025  20:18:36
 15   3  12  16  $12    0.010    -3.9099   3505.24   0.0     43.67   0.1  27.07.2025  20:18:39
 15   3   9   5  $12    0.010     5.2013   8170.18   0.0     -3.01   6.2  27.07.2025  20:18:42
 15   3  10   6  $12    0.010     5.3811  12102.52   0.0      6.32   1.1  27.07.2025  20:18:44
 15   3  11   7  $12    0.010     5.3371  13413.55   0.0     13.82   1.2  27.07.2025  20:18:46
 15   3  12   8  $12    0.010     4.2817   9629.93   0.0     74.76   0.4  27.07.2025  20:18:48
 15   3   5   1  $12    0.010     4.0890  89922.19   0.0     44.68   0.9  27.07.2025  20:18:50
 15   3   6   2  $12    0.010    22.6872  20339.16   0.0     25.42   0.7  27.07.2025  20:18:52
 15   3   8   4  $12    0.010    22.3056  16450.54   0.0      8.44   4.4  27.07.2025  20:18:54
 16   4  13   1  $12    0.010     7.3465   9441.73   0.0     13.60   3.9  27.07.2025  20:18:56
 16   4  14   2  $12    0.010    10.4495   7924.00   0.0     17.65   7.6  27.07.2025  20:18:58
 16   4  15   3  $12    0.001     3.0727  10537.44   0.0     16.78   9.7  27.07.2025  20:19:03
 16   4   9  13  $12    0.100   -14.8762   3345.80   0.0     10.36   0.2  27.07.2025  20:19:08
 16   4  10  14  $12    0.010    -2.9621   4652.87   0.0     14.11   0.7  27.07.2025  20:19:13
 16   4  11  15  $12    0.010    -4.9053   3617.73   0.0     20.86   6.1  27.07.2025  20:19:15
 16   4   9   5  $12    0.010     4.0956   3020.52   0.0      3.66   4.3  27.07.2025  20:19:18
 16   4  10   6  $12    0.010     4.6297   7272.32   0.0      8.86   1.6  27.07.2025  20:19:19
 16   4  11   7  $12    0.010     5.2029  11701.91   0.0     11.84   1.2  27.07.2025  20:19:22
 16   4  12   8  $12    0.010     5.0039  12576.17   0.1     28.07   3.7  27.07.2025  20:19:24
 16   4   5   1  $12    0.100    17.3645   1698.33   0.0     41.42   0.3  27.07.2025  20:19:27
 16   4   6   2  $12    0.010     2.8622  62943.85   0.1     44.22   2.6  27.07.2025  20:19:32
 16   4   7   3  $12    0.010    19.9266  17864.26   0.0     19.04   0.6  27.07.2025  20:19:34
  1   4   2   3  $12    0.001     3.9680  24931.54   0.0     11.87   1.9  27.07.2025  20:19:39
  2   3   1   4  $12    0.001     3.9711  24951.02   0.0      3.50  25.2  27.07.2025  20:19:41
  1   2   3   4  $12    0.010   -17.2158  32451.04   0.0     16.91   2.1  27.07.2025  20:19:45
  3   4   1   2  $12    0.010   -17.2108  32441.62   0.0     17.32   1.7  27.07.2025  20:19:47
  5   8   6   7  $12    0.001     3.2811  20615.59   0.0     -1.21  10.1  27.07.2025  20:19:52
  6   7   5   8  $12    0.001     3.2870  20652.65   0.0     -0.56  85.9  27.07.2025  20:19:54
  5   6   7   8  $12    0.010    -5.0185   9459.70   0.0     10.41   5.6  27.07.2025  20:19:58
  7   8   5   6  $12    0.010    -4.9521   9334.43   0.0     14.51   5.0  27.07.2025  20:20:00
  9  12  10  11  $12    0.010    19.8982  12502.38   0.0      4.65   0.9  27.07.2025  20:20:02
 10  11   9  12  $12    0.010    19.9417  12529.71   0.0      4.42   0.4  27.07.2025  20:20:04
  9  10  11  12  $12    0.010    -3.8600   7276.01   0.0      6.16   2.1  27.07.2025  20:20:06
 11  12   9  10  $12    0.010    -3.8573   7270.84   0.0      6.51   2.7  27.07.2025  20:20:08
 13  16  14  15  $12    0.010     9.7725   6140.25   0.0     24.95   1.3  27.07.2025  20:20:11
 14  15  13  16  $12    0.010     9.8412   6183.42   0.0     21.70   0.2  27.07.2025  20:20:13
 13  14  15  16  $12    0.010   -17.8658  33676.30   0.0      3.48   1.6  27.07.2025  20:20:15
  1   9  10   2  $12    0.001    -5.0461  18158.53   0.0     15.41   8.3  27.07.2025  20:20:20
  1   9  11   3  $12    0.001    -2.0902  17908.45   0.4     19.47  26.1  27.07.2025  20:20:22
  1   9  12   4  $12    0.010   -14.1664  23688.18   0.0     11.42   1.0  27.07.2025  20:20:25
  2  10   9   1  $12    0.001    -5.0438  18150.46   0.0     14.96   3.7  27.07.2025  20:20:30
  2  10  11   3  $12    0.001    -4.7828  17211.18   0.2     21.43   2.2  27.07.2025  20:20:32
  2  10  12   4  $12    0.010   -19.3987  16620.77   0.0     15.31   1.6  27.07.2025  20:20:36
  3  11   9   1  $12    0.010   -21.0287  18017.36   0.0     15.47   0.3  27.07.2025  20:20:38
  3  11  10   2  $12    0.001    -4.7388  17052.91   0.0     19.44  12.7  27.07.2025  20:20:43
  3  11  12   4  $12    0.001    -4.8485  17447.46   0.0     20.25   7.3  27.07.2025  20:20:45
 12   4   9   1  $12    0.010    14.2110  23762.72   0.0      8.19   2.2  27.07.2025  20:20:49
 12   4  10   2  $12    0.010    19.4866  16696.09   0.0     11.43   2.2  27.07.2025  20:20:51
 12   4  11   3  $12    0.001     4.8950  17615.07   0.0     12.31   1.8  27.07.2025  20:20:56
 13   5  14   6  $12    0.001     4.7267  17009.44   0.0      8.01   2.8  27.07.2025  20:20:58
 13   5  15   7  $12    0.001     3.0372  26023.03   0.0      0.63  67.2  27.07.2025  20:21:00
 13   5  16   8  $12    0.010    14.6372  24475.43   0.0      3.68   2.1  27.07.2025  20:21:04
 14   6  13   5  $12    0.001     4.7256  17005.29   0.0      7.95   1.4  27.07.2025  20:21:09
 14   6  15   7  $12    0.001     6.1320  22066.44   0.0      3.71   5.1  27.07.2025  20:21:11
 14   6  16   8  $12    0.001     2.2720  19466.43   0.0      8.51  11.7  27.07.2025  20:21:13
 15   7  13   5  $12    0.001     3.0485  26119.27   0.0      2.08  16.3  27.07.2025  20:21:15
 15   7  14   6  $12    0.001     6.1252  22041.96   0.0      2.43   5.5  27.07.2025  20:21:17
 15   7  16   8  $12    0.001     4.7767  17189.34   0.0      1.54 145.2  27.07.2025  20:21:19
 16   8  13   5  $12    0.010    14.5851  24388.31   0.0      6.78   0.6  27.07.2025  20:21:23
 16   8  14   6  $12    0.010    22.2165  19035.06   0.0      7.93   0.3  27.07.2025  20:21:25
 16   8  15   7  $12    0.001     4.7711  17169.17   0.0      4.46   3.8  27.07.2025  20:21:30
  1   2   5   6  $12    0.100     1.4801   2789.93   0.0     61.01   0.4  27.07.2025  20:21:39
  2   3   6   7  $12    0.100     5.8706  11065.74   0.0     -6.10   1.9  27.07.2025  20:21:41
  3   4   7   8  $12    0.100     4.5121   8505.18   0.1   -401.76   0.1  27.07.2025  20:21:43
  1   2   9  10  $12    0.100     0.6667  10556.47   0.4   -258.27   2.6  27.07.2025  20:21:48
  2   3  10  11  $12    0.100     2.2873  36215.87   0.0      1.20  11.4  27.07.2025  20:21:50
  3   4  11  12  $12    0.100     0.9307  14737.08   0.0     -9.26   1.6  27.07.2025  20:21:56
  1   2  13  14  $12    0.100     1.7102  92196.37   0.0   -113.38   0.3  27.07.2025  20:22:01
  2   3  14  15  $12    0.100     3.1012 167185.65   0.0     -5.75   9.8  27.07.2025  20:22:03
  3   4  15  16  $12    0.100     7.3093 394043.09   0.0     16.89   0.9  27.07.2025  20:22:05
  5   6   9  10  $12    0.100     2.1483   4049.54   0.0    -10.78   2.2  27.07.2025  20:22:07
  6   7  10  11  $12    0.100     3.1328   5905.18   0.0     -1.46   0.9  27.07.2025  20:22:09
  7   8  11  12  $12    0.100     4.6917   8843.73   0.0      1.77   1.5  27.07.2025  20:22:11
  5   6  13  14  $12    1.000     5.8391   9245.41   0.0    -20.48   0.1  27.07.2025  20:22:15
  6   7  14  15  $12    1.000     3.4785   5507.65   0.0     58.04   0.9  27.07.2025  20:22:17
  7   8  15  16  $12    0.100     2.0602  32619.79   0.0    -72.37   0.2  27.07.2025  20:22:22
  9  10  13  14  $12    0.100     2.1183   3992.95   0.0     -4.09  14.1  27.07.2025  20:22:24
 10  11  14  15  $12    1.000    12.8074   2414.14   0.0     11.87   1.1  27.07.2025  20:22:28
 11  12  15  16  $12    0.100     6.8118  12839.90   0.0      2.77   7.7  27.07.2025  20:22:33
  1   2   6   7  $12    0.100     1.0104   3809.02   0.2    261.36   0.8  27.07.2025  20:22:38
  2   3   7   8  $12    0.100     7.7601  29254.89   0.0    -49.07   0.6  27.07.2025  20:22:40
  1   2   7   8  $12    0.100    -1.5692  10352.88   0.5  -1081.05   0.7  27.07.2025  20:22:46
  2   3   7   8  $12    0.100     7.7200  29103.55   0.0    -50.81   0.6  27.07.2025  20:22:47
  1   2  10  11  $12    0.100     0.5411  12238.75   0.4    -76.47   4.3  27.07.2025  20:22:53
  2   3  11  12  $12    0.100     2.0186  45659.66   0.0     -4.30   1.3  27.07.2025  20:22:55
  1   2  11  12  $12    0.100     0.4792  14904.45   0.2    -20.47   5.9  27.07.2025  20:23:00
  2   3  11  12  $12    0.100     2.0199  45688.10   0.0     -3.53   1.1  27.07.2025  20:23:02
  1   2  14  15  $12    0.100     0.5241  35957.32   0.1    238.69   0.6  27.07.2025  20:23:08
  2   3  15  16  $12    0.100    14.2553 978088.36   0.0     -5.42  12.2  27.07.2025  20:23:10
  1   2  15  16  $12    0.100     2.8728 246388.73   0.0    -65.62   0.1  27.07.2025  20:23:12
  2   3  15  16  $12    0.100    14.2655 978792.24   0.0     -5.85   0.2  27.07.2025  20:23:14
  5   6  10  11  $12    0.100     2.4943   9403.39   0.0     -5.75   0.1  27.07.2025  20:23:16
  6   7  11  12  $12    0.100     3.3454  12611.79   0.0      0.05 200.3  27.07.2025  20:23:18
  5   6  11  12  $12    0.100     2.3504  15506.67   0.0     -3.03   5.7  27.07.2025  20:23:20
  6   7  11  12  $12    0.100     3.3459  12613.80   0.0     -0.02 723.7  27.07.2025  20:23:22
  5   6  14  15  $12    1.000     3.1457   7115.49   0.0     25.80   0.3  27.07.2025  20:23:26
  6   7  15  16  $12    1.000    18.7748  42467.58   0.0    -25.32   0.4  27.07.2025  20:23:28
  5   6  15  16  $12    1.000    15.5912  48491.30   0.0     -6.26   0.3  27.07.2025  20:23:30
  6   7  15  16  $12    1.000    18.7730  42463.48   0.0    -24.31   0.2  27.07.2025  20:23:32
  9  10  14  15  $12    1.000     9.3971   3542.62   0.0     -5.24  13.9  27.07.2025  20:23:34
 10  11  15  16  $12    0.100     6.3707  24016.96   0.0      5.47   3.0  27.07.2025  20:23:39
  9  10  15  16  $12    0.100     3.7180  24529.10   0.0      9.07   2.4  27.07.2025  20:23:41
 10  11  15  16  $12    0.100     6.3711  24018.35   0.0      4.87   1.4  27.07.2025  20:23:43
