//C:\Users\user\Desktop\GeoTom\GeoTomE724.ini
//- Cable direction:
//  cable I: normal
//  cable II: normal
//  cable III: normal
//  cable IV: normal
//- Cable arrangement: sequential
//- Optimization: Last measurement
//- Sorting: Multi-level
//- Current levels: 0.001 mA .. 50.0 mA
Type:         Flow
Name:         Hyprop
Comment:      Example of a measurements sequence
Comment:      
Comment:      
Spacing:      1.00000
First El:     0.00000
Nr of points: 289
IP present:   1

  1   5   2   6  $12    0.001     2.8905  12382.68   0.0      7.87   4.9  24.07.2025  20:10:08
  1   5   3   7  $12    0.010     8.6200  16248.31   0.0      7.49   1.7  24.07.2025  20:10:12
  1   5   4   8  $12    0.010     5.3220   7022.18   0.0      1.62  15.7  24.07.2025  20:10:14
  1   5  14   2  $12    0.010   -15.3582  13768.65   0.0     15.54   1.0  24.07.2025  20:10:16
  1   5  15   3  $12    0.010    -2.2850  50249.59   0.0     21.21   1.9  24.07.2025  20:10:19
  1   5  16   4  $12    0.100    -9.5567    934.68   0.0     11.01   0.4  24.07.2025  20:10:22
  1   5  13   9  $12    0.010     3.4848  26275.10   0.0      5.01   2.7  24.07.2025  20:10:27
  1   5  14  10  $12    0.010     3.0492  35024.34   0.0      1.90   1.8  24.07.2025  20:10:29
  1   5  15  11  $12    0.010     2.6640  43937.60   0.0      2.14   6.2  24.07.2025  20:10:31
  1   5  16  12  $12    0.010     2.1089  47827.27   0.0      2.49   4.7  24.07.2025  20:10:33
  1   5  10   6  $12    0.010     9.9489   8790.56   0.0      6.54   0.3  24.07.2025  20:10:35
  1   5  11   7  $12    0.010     3.6766   8662.77   0.0      6.24   0.3  24.07.2025  20:10:38
  1   5  12   8  $12    0.010     2.2773  10329.23   0.1     -6.14  32.3  24.07.2025  20:10:40
  2   6   1   5  $12    0.001     2.8611  12256.85   0.0     13.12   0.9  24.07.2025  20:10:45
  2   6   3   7  $12    0.010    15.7464   6745.75   0.0     13.34   1.2  24.07.2025  20:10:48
  2   6   4   8  $12    0.010     7.7533  14614.68   0.0      3.22   5.9  24.07.2025  20:10:50
  2   6  13   1  $12    0.010   -15.3258  11302.92   0.0     15.93   0.2  24.07.2025  20:10:52
  2   6  15   3  $12    0.010    -5.1911   4653.86   0.0     24.13   2.2  24.07.2025  20:10:54
  2   6  16   4  $12    0.100   -14.6681  32256.85   0.0     14.64   0.1  24.07.2025  20:10:58
  2   6  13   9  $12    0.010     3.1073  14093.90   0.0      5.67   1.6  24.07.2025  20:11:03
  2   6  14  10  $12    0.010     2.8511  21497.08   0.0      3.28   1.6  24.07.2025  20:11:05
  2   6  15  11  $12    0.010     2.6180  30071.60   0.0      2.92   3.9  24.07.2025  20:11:07
  2   6  16  12  $12    0.010     2.2284  36753.39   0.0      1.32   8.3  24.07.2025  20:11:09
  2   6   9   5  $12    0.010     9.7800  12904.45   0.0      8.22   0.7  24.07.2025  20:11:12
  2   6  11   7  $12    0.010     7.9515   7025.69   0.0      9.87   1.5  24.07.2025  20:11:14
  2   6  12   8  $12    0.010     4.0933   9644.50   0.0     -4.94  13.7  24.07.2025  20:11:16
  3   7   1   5  $12    0.010     8.6154  16239.68   0.0      6.17   8.5  24.07.2025  20:11:18
  3   7   2   6  $12    0.010    15.7990   6768.28   0.0     11.26   0.4  24.07.2025  20:11:20
  3   7   4   8  $12    0.010    22.0040   9426.51   0.0      4.49   1.1  24.07.2025  20:11:22
  3   7  13   1  $12    0.010    -2.0008   3142.79   0.0     18.57   1.7  24.07.2025  20:11:24
  3   7  14   2  $12    0.010    -4.8541   3579.90   0.0     31.30   0.1  24.07.2025  20:11:26
  3   7  16   4  $12    0.010    -8.8067   7895.20   0.0     13.04   2.5  24.07.2025  20:11:28
  3   7  13   9  $12    0.010     2.6062   6140.71   0.0      2.76   1.4  24.07.2025  20:11:30
  3   7  14  10  $12    0.010     2.6062  11821.10   0.0      0.04 244.6  24.07.2025  20:11:32
  3   7  15  11  $12    0.010     2.6722  20147.70   0.0      5.58   2.0  24.07.2025  20:11:34
  3   7  16  12  $12    0.010     2.7607  31710.60   0.0      1.92   3.8  24.07.2025  20:11:36
  3   7   9   5  $12    0.010     4.0105   7559.59   0.0      3.76   6.8  24.07.2025  20:11:38
  3   7  10   6  $12    0.010     8.3012  10953.23   0.0      5.55   0.5  24.07.2025  20:11:40
  3   7  12   8  $12    0.010    10.4441   9228.11   0.0     -0.96   4.9  24.07.2025  20:11:42
  4   8   1   5  $12    0.010     5.3276   7029.66   0.0      5.36   1.3  24.07.2025  20:11:44
  4   8   2   6  $12    0.010     7.7328  14576.03   0.0      3.09   3.7  24.07.2025  20:11:46
  4   8   3   7  $12    0.010    21.9688   9411.42   0.0      8.34   0.8  24.07.2025  20:11:48
  4   8  13   1  $12    0.100   -10.7184   2410.67   0.0     -3.17   1.6  24.07.2025  20:11:52
  4   8  14   2  $12    0.100   -16.2227   2548.26   0.0    -10.24   2.3  24.07.2025  20:11:54
  4   8  15   3  $12    0.010    -9.3826   6919.78   0.0     11.71   3.4  24.07.2025  20:11:59
  4   8  13   9  $12    0.010     2.3852   2107.48   0.0     -0.58  24.5  24.07.2025  20:12:01
  4   8  14  10  $12    0.010     2.4766   5835.46   0.0      1.15  18.4  24.07.2025  20:12:04
  4   8  15  11  $12    0.010     2.6931  12215.16   0.0      3.80   0.2  24.07.2025  20:12:06
  4   8  16  12  $12    0.010     3.0399  22920.57   0.0      1.40   8.3  24.07.2025  20:12:08
  4   8   9   5  $12    0.100    18.8082    805.74   0.0      8.45   0.1  24.07.2025  20:12:11
  4   8  10   6  $12    0.010     3.6897   6954.91   0.0      2.75   3.4  24.07.2025  20:12:16
  4   8  11   7  $12    0.010     9.8172  12953.54   0.0      5.72   2.6  24.07.2025  20:12:18
  5   9   6  10  $12    0.010    23.0976   9895.00   0.0      5.38   1.5  24.07.2025  20:12:20
  5   9   7  11  $12    0.010     9.8245  18518.75   0.0      4.55   3.2  24.07.2025  20:12:22
  5   9   8  12  $12    0.010     5.9389   7836.14   0.0      5.03   4.0  24.07.2025  20:12:24
  5   9   2   6  $12    0.010    -9.7635  12882.61   0.0      8.05   0.5  24.07.2025  20:12:27
  5   9   3   7  $12    0.010    -3.9727   7488.43   0.2      8.26  17.7  24.07.2025  20:12:29
  5   9   4   8  $12    0.100   -18.7214    802.02   0.0      7.65   0.9  24.07.2025  20:12:32
  5   9   1  13  $12    0.010     3.7201   9349.69   0.0      1.04  15.8  24.07.2025  20:12:37
  5   9   2  14  $12    0.010     3.3976   7641.59   0.0      4.67  38.6  24.07.2025  20:12:39
  5   9   3  15  $12    0.010     2.5868   4063.30   0.1      0.25 140.9  24.07.2025  20:12:41
  5   9   4  16  $12    0.010     2.2140   1632.83   0.0     -2.01  19.3  24.07.2025  20:12:43
  5   9  14  10  $12    0.010     9.8812   8730.72   0.0      5.25   1.0  24.07.2025  20:12:45
  5   9  15  11  $12    0.010     3.2884   7748.23   0.0      1.96   1.2  24.07.2025  20:12:48
  5   9  16  12  $12    0.100    18.5379   8408.19   0.0      2.63   1.1  24.07.2025  20:12:51
  6  10   5   9  $12    0.010    23.0276   9865.02   0.0      6.21   1.2  24.07.2025  20:12:56
  6  10   7  11  $12    0.010    17.4186   7462.13   0.0      5.37   0.1  24.07.2025  20:12:58
  6  10   8  12  $12    0.010     9.1735  17291.62   0.0      3.39   5.0  24.07.2025  20:13:00
  6  10   1   5  $12    0.010    -9.9523   8793.60   0.0      8.12   0.4  24.07.2025  20:13:03
  6  10   3   7  $12    0.010    -8.3087  10963.08   0.0      9.26   2.4  24.07.2025  20:13:05
  6  10   4   8  $12    0.010    -3.6380   6857.47   0.0     10.45   1.9  24.07.2025  20:13:07
  6  10   1  13  $12    0.010     3.4274   7708.57   0.0     -1.19  24.7  24.07.2025  20:13:09
  6  10   2  14  $12    0.010     3.3163   8334.70   0.0      2.42  41.5  24.07.2025  20:13:11
  6  10   3  15  $12    0.010     2.7000   6072.59   0.0     10.07  11.6  24.07.2025  20:13:13
  6  10   4  16  $12    0.010     2.4941   3917.73   0.0     -0.61  97.9  24.07.2025  20:13:15
  6  10  13   9  $12    0.010     9.6778  12769.50   0.0      7.29   0.4  24.07.2025  20:13:17
  6  10  15  11  $12    0.010     6.4188   5671.50   0.0      2.13   2.4  24.07.2025  20:13:19
  6  10  16  12  $12    0.010     3.0360   7153.49   0.0     -0.58  12.6  24.07.2025  20:13:21
  7  11   5   9  $12    0.010     9.8283  18525.94   0.0      3.89   0.8  24.07.2025  20:13:23
  7  11   6  10  $12    0.010    17.3763   7444.00   0.0      4.21   0.2  24.07.2025  20:13:25
  7  11   8  12  $12    0.010    19.4520   8333.22   0.0      2.52   9.2  24.07.2025  20:13:27
  7  11   1   5  $12    0.010    -3.6337   8561.74   0.0      9.74   3.6  24.07.2025  20:13:29
  7  11   2   6  $12    0.010    -7.8656   6949.83   0.0      7.28   3.3  24.07.2025  20:13:31
  7  11   4   8  $12    0.010    -9.7350  12845.08   0.0      6.09   1.9  24.07.2025  20:13:33
  7  11   1  13  $12    0.010     2.9674   4661.25   0.0     -1.53  60.7  24.07.2025  20:13:35
  7  11   2  14  $12    0.010     3.0033   6754.78   0.0      6.31  12.0  24.07.2025  20:13:38
  7  11   3  15  $12    0.010     2.7331   6868.99   0.0     -7.29  13.4  24.07.2025  20:13:40
  7  11   4  16  $12    0.010     2.7745   6240.04   0.1      0.63 150.8  24.07.2025  20:13:42
  7  11  13   9  $12    0.010     3.2258   6080.44   0.0     -2.54  14.9  24.07.2025  20:13:44
  7  11  14  10  $12    0.010     6.4727   8540.57   0.0      1.15   8.6  24.07.2025  20:13:46
  7  11  16  12  $12    0.010     6.9342   6126.91   0.0      1.68   5.4  24.07.2025  20:13:48
  8  12   5   9  $12    0.010     5.9172   7807.61   0.0      4.94   0.8  24.07.2025  20:13:50
  8  12   6  10  $12    0.010     9.1405  17229.48   0.0      5.27   0.9  24.07.2025  20:13:52
  8  12   7  11  $12    0.010    19.4328   8325.01   0.0      5.38   0.3  24.07.2025  20:13:54
  8  12   1   5  $12    0.010    -2.2389  10155.00   0.0      8.20   4.8  24.07.2025  20:13:56
  8  12   2   6  $12    0.010    -4.0640   9575.61   0.0      4.16  11.1  24.07.2025  20:13:58
  8  12   3   7  $12    0.010   -10.4414   9225.71   0.0      6.51   8.4  24.07.2025  20:14:00
  8  12   1  13  $12    0.010     2.3288   1717.53   0.0      5.65   2.1  24.07.2025  20:14:02
  8  12   2  14  $12    0.010     2.3881   3751.24   0.2     19.12   4.3  24.07.2025  20:14:04
  8  12   3  15  $12    0.010     2.3678   5325.44   0.5      4.45  55.3  24.07.2025  20:14:06
  8  12  16   4  $12    0.010    -2.5788   6481.14   0.0     19.38   2.3  24.07.2025  20:14:08
  8  12   9  13  $12    0.100   -13.2701    568.49   0.0      9.99   0.3  24.07.2025  20:14:12
  8  12  10  14  $12    0.010    -2.6488   4992.78   0.0     10.22   0.6  24.07.2025  20:14:17
  8  12  11  15  $12    0.010    -6.5892   8694.22   0.0      8.20   0.1  24.07.2025  20:14:19
  9  13  10  14  $12    0.010    22.3484   9574.03   0.0      9.06   0.8  24.07.2025  20:14:21
  9  13  11  15  $12    0.010    10.7153  20197.87   0.0      4.73   1.1  24.07.2025  20:14:23
  9  13  12  16  $12    0.010     4.5004   5938.20   0.0      0.59  53.3  24.07.2025  20:14:25
  9  13   6  10  $12    0.010    -9.6427  12723.31   0.0      8.79   5.1  24.07.2025  20:14:27
  9  13   7  11  $12    0.010    -3.1653   5966.49   0.0     10.40   4.4  24.07.2025  20:14:29
  9  13   8  12  $12    0.100   -13.2684    568.41   0.0      5.53   3.8  24.07.2025  20:14:33
  9  13   5   1  $12    0.010     3.4925  26332.61   0.0      3.83   6.9  24.07.2025  20:14:38
  9  13   6   2  $12    0.010     3.1294  14193.71   0.3     -1.26 119.3  24.07.2025  20:14:40
  9  13   7   3  $12    0.010     2.6049   6137.62   0.0      7.44   6.9  24.07.2025  20:14:42
  9  13   8   4  $12    0.010     2.3828   2105.34   0.0     -6.87  20.3  24.07.2025  20:14:44
  9  13   2  14  $12    0.010     9.5529   7045.33   0.0     10.79   1.1  24.07.2025  20:14:46
  9  13   3  15  $12    0.010     4.9128   7717.03   0.0      3.62   5.3  24.07.2025  20:14:48
  9  13   4  16  $12    0.100     7.8631   1768.48   0.0      1.18   2.3  24.07.2025  20:14:52
 10  14   9  13  $12    0.010    22.2540   9533.58   0.0      8.36   0.9  24.07.2025  20:14:57
 10  14  11  15  $12    0.010    20.4079   8742.72   0.0      3.35   2.2  24.07.2025  20:14:59
 10  14  12  16  $12    0.010     6.5711  12386.26   0.0      2.18   6.8  24.07.2025  20:15:01
 10  14   5   9  $12    0.010    -9.8370   8691.71   0.0      8.45   2.2  24.07.2025  20:15:03
 10  14   7  11  $12    0.010    -6.4367   8493.09   0.0      4.17   2.0  24.07.2025  20:15:05
 10  14   8  12  $12    0.010    -2.6521   4999.04   0.0     10.56   7.5  24.07.2025  20:15:07
 10  14   5   1  $12    0.010     3.0599  35147.83   0.0      2.04  15.7  24.07.2025  20:15:09
 10  14   6   2  $12    0.010     2.8719  21653.91   0.0      7.27   3.5  24.07.2025  20:15:11
 10  14   7   3  $12    0.010     2.6003  11794.25   0.0     -4.41   6.6  24.07.2025  20:15:13
 10  14   8   4  $12    0.010     2.4963   5881.78   0.1     -3.67  22.1  24.07.2025  20:15:16
 10  14   1  13  $12    0.010     9.4303   8454.31   0.0     10.47   1.2  24.07.2025  20:15:18
 10  14   3  15  $12    0.010    11.3685   8384.33   0.0      2.62   3.5  24.07.2025  20:15:20
 10  14   4  16  $12    0.100    13.9758   2195.32   0.0      3.52   1.2  24.07.2025  20:15:24
 11  15   9  13  $12    0.010    10.7238  20213.93   0.0      5.56   0.1  24.07.2025  20:15:29
 11  15  10  14  $12    0.010    20.4133   8745.02   0.0      4.49   1.1  24.07.2025  20:15:31
 11  15  12  16  $12    0.010    12.2322   5240.24   0.0      4.08  10.4  24.07.2025  20:15:33
 11  15   5   9  $12    0.010    -3.2324   7616.18   0.0      8.59   1.1  24.07.2025  20:15:35
 11  15   6  10  $12    0.010    -6.3426   5604.12   0.0      7.83   0.9  24.07.2025  20:15:37
 11  15   8  12  $12    0.010    -6.6131   8725.81   0.0      6.85   8.8  24.07.2025  20:15:39
 11  15   5   1  $12    0.010     2.6626  43914.95   0.0      1.41  25.8  24.07.2025  20:15:41
 11  15   6   2  $12    0.010     2.6465  30399.11   0.1      2.08 159.9  24.07.2025  20:15:43
 11  15   7   3  $12    0.010     2.6818  20220.39   0.0      8.55   2.1  24.07.2025  20:15:45
 11  15   8   4  $12    0.010     2.7100  12291.82   0.0     -0.09 685.5  24.07.2025  20:15:47
 11  15   1  13  $12    0.010     4.8206 106010.15   0.0      5.13   2.6  24.07.2025  20:15:49
 11  15   2  14  $12    0.010    11.4292  10246.33   0.0      2.91   5.3  24.07.2025  20:15:51
 11  15   4  16  $12    0.010     2.9094   2145.71   0.0      2.32   3.3  24.07.2025  20:15:53
 12  16   9  13  $12    0.010     4.5212   5965.62   0.0      1.39  43.9  24.07.2025  20:15:55
 12  16  10  14  $12    0.010     6.5906  12422.98   0.0      1.24   2.8  24.07.2025  20:15:57
 12  16  11  15  $12    0.010    12.2921   5265.93   0.0      3.09   2.6  24.07.2025  20:15:59
 12  16   5   9  $12    0.100   -18.6236   8447.05   0.0      3.97   0.8  24.07.2025  20:16:03
 12  16   6  10  $12    0.010    -2.9981   7064.07   0.0      9.32   1.7  24.07.2025  20:16:08
 12  16   7  11  $12    0.010    -6.9066   6102.47   0.0      4.88   1.7  24.07.2025  20:16:10
 12  16   5   1  $12    0.010     2.1252  48195.61   0.0     -6.77   7.8  24.07.2025  20:16:12
 12  16   6   2  $12    0.010     2.2536  37169.04   0.0     -9.26   6.4  24.07.2025  20:16:14
 12  16   7   3  $12    0.010     2.7650  31759.95   0.0      0.30  70.4  24.07.2025  20:16:16
 12  16   8   4  $12    0.010     3.0705  23150.96   0.0     -0.88  54.1  24.07.2025  20:16:18
 12  16  13   1  $12    0.100    -5.1918    507.78   0.0     21.67   0.5  24.07.2025  20:16:22
 12  16  14   2  $12    0.100   -13.0478  28693.55   0.0      4.31   3.2  24.07.2025  20:16:24
 12  16  15   3  $12    0.010    -2.5449   2281.56   0.0     14.59   2.0  24.07.2025  20:16:29
 13   1  14   2  $12    0.001     2.8508   9776.43   0.0     17.94   3.6  24.07.2025  20:16:34
 13   1  15   3  $12    0.010     9.7700   7408.78   0.0      6.61   1.7  24.07.2025  20:16:38
 13   1  16   4  $12    0.010     3.9432   5067.74   0.0      4.19   2.5  24.07.2025  20:16:40
 13   1  10  14  $12    0.010    -9.3013   8338.64   0.0     20.22   1.6  24.07.2025  20:16:42
 13   1  11  15  $12    0.010    -4.7523 104507.68   0.0     10.22   1.5  24.07.2025  20:16:44
 13   1  12  16  $12    0.100    -5.1814    506.76   0.0     19.40   0.1  24.07.2025  20:16:48
 13   1   9   5  $12    0.010     3.7236   9358.48   0.0      1.22   7.7  24.07.2025  20:16:52
 13   1  10   6  $12    0.010     3.4283   7710.59   0.0      1.18   8.1  24.07.2025  20:16:55
 13   1  11   7  $12    0.010     2.9641   4656.01   0.0      1.13  39.8  24.07.2025  20:16:57
 13   1  12   8  $12    0.010     2.3227   1712.99   0.1      8.02  23.3  24.07.2025  20:16:59
 13   1   6   2  $12    0.010    15.4462  11391.70   0.0     15.62   1.8  24.07.2025  20:17:01
 13   1   7   3  $12    0.010     2.0362   3198.45   0.0      1.07  52.9  24.07.2025  20:17:03
 13   1   8   4  $12    0.100    10.7980   2428.58   0.0     -5.37   3.1  24.07.2025  20:17:06
 14   2  13   1  $12    0.001     2.8432   9750.52   0.0     16.41   0.5  24.07.2025  20:17:14
 14   2  15   3  $12    0.010    19.1938   6582.28   0.0     10.30   0.5  24.07.2025  20:17:18
 14   2  16   4  $12    0.010     5.3495   4056.58   0.0      7.01   8.5  24.07.2025  20:17:20
 14   2   9  13  $12    0.010    -9.3547   6899.15   0.0     19.87   0.3  24.07.2025  20:17:22
 14   2  11  15  $12    0.010   -11.3240  10152.04   0.0      8.31   0.4  24.07.2025  20:17:24
 14   2  12  16  $12    0.100   -13.1901  29006.54   0.0      8.26   0.8  24.07.2025  20:17:28
 14   2   9   5  $12    0.010     3.4002   7647.36   0.0      3.15   2.5  24.07.2025  20:17:33
 14   2  10   6  $12    0.010     3.2826   8250.08   0.0      4.88   2.2  24.07.2025  20:17:35
 14   2  11   7  $12    0.010     2.9885   6721.41   0.0      2.34   9.2  24.07.2025  20:17:37
 14   2  12   8  $12    0.010     2.3892   3753.02   0.0     15.44  15.5  24.07.2025  20:17:39
 14   2   5   1  $12    0.010    15.2774  13696.22   0.0     14.53   0.4  24.07.2025  20:17:41
 14   2   7   3  $12    0.010     4.8976   3612.01   0.0     19.92   0.5  24.07.2025  20:17:43
 14   2   8   4  $12    0.100    16.3519   2568.55   0.0    -15.31   1.3  24.07.2025  20:17:47
 15   3  13   1  $12    0.010     9.7582   7399.79   0.0      7.49   1.2  24.07.2025  20:17:52
 15   3  14   2  $12    0.010    19.1013   6550.56   0.0     11.72   0.0  24.07.2025  20:17:54
 15   3  16   4  $12    0.010    14.4011   4938.68   0.0     11.33   0.1  24.07.2025  20:17:56
 15   3   9  13  $12    0.010    -4.8635   7639.56   0.0     14.23   0.4  24.07.2025  20:17:58
 15   3  10  14  $12    0.010   -11.2815   8320.17   0.0      9.03   0.4  24.07.2025  20:18:00
 15   3  12  16  $12    0.010    -2.4941   2235.94   0.0     26.98   2.7  24.07.2025  20:18:02
 15   3   9   5  $12    0.010     2.5678   4033.55   0.0     -2.06   6.8  24.07.2025  20:18:04
 15   3  10   6  $12    0.010     2.6906   6051.31   0.0      0.71  22.4  24.07.2025  20:18:06
 15   3  11   7  $12    0.010     2.7041   6796.12   0.0     -0.02 2127.7  24.07.2025  20:18:08
 15   3  12   8  $12    0.010     2.3569   5300.91   0.0     10.53   7.0  24.07.2025  20:18:11
 15   3   5   1  $12    0.010     2.3160  50931.92   0.0      5.50   9.4  24.07.2025  20:18:13
 15   3   6   2  $12    0.010     5.1794   4643.39   0.1     19.56  12.4  24.07.2025  20:18:15
 15   3   8   4  $12    0.010     9.5533   7045.64   0.0      7.22   3.1  24.07.2025  20:18:17
 16   4  13   1  $12    0.010     3.9561   5084.35   0.0      2.45   3.4  24.07.2025  20:18:19
 16   4  14   2  $12    0.010     5.3717   4073.43   0.0      3.41   6.7  24.07.2025  20:18:21
 16   4  15   3  $12    0.010    14.4448   4953.65   0.0      8.43   0.8  24.07.2025  20:18:23
 16   4   9  13  $12    0.100    -7.8983   1776.39   0.0      6.26   0.7  24.07.2025  20:18:27
 16   4  10  14  $12    0.100   -14.1036   2215.39   0.0      5.79   2.7  24.07.2025  20:18:29
 16   4  11  15  $12    0.010    -2.8810   2124.75   0.0     14.50   0.5  24.07.2025  20:18:34
 16   4   9   5  $12    0.010     2.1968   1620.17   0.0     -0.24 100.1  24.07.2025  20:18:36
 16   4  10   6  $12    0.010     2.4791   3894.19   0.0      1.37  29.9  24.07.2025  20:18:38
 16   4  11   7  $12    0.010     2.7602   6208.01   0.0      1.05  57.3  24.07.2025  20:18:40
 16   4  12   8  $12    0.010     2.6232   6592.88   0.0      4.22  47.4  24.07.2025  20:18:42
 16   4   5   1  $12    0.100     9.5135    930.46   0.0      8.77   0.3  24.07.2025  20:18:46
 16   4   6   2  $12    0.100    14.5822  32067.84   0.0     10.12   2.4  24.07.2025  20:18:48
 16   4   7   3  $12    0.010     8.7225   7819.79   0.0      8.30   2.0  24.07.2025  20:18:53
  1   4   2   3  $12    0.010    22.0175  13834.01   0.0     14.34   0.5  24.07.2025  20:18:55
  2   3   1   4  $12    0.010    21.8808  13748.08   0.0     16.78   0.6  24.07.2025  20:18:57
  1   2   3   4  $12    0.010    -2.1695   4089.48   0.0     45.04   0.4  24.07.2025  20:18:59
  3   4   1   2  $12    0.010    -2.2006   4148.02   0.0     44.62   1.4  24.07.2025  20:19:01
  5   8   6   7  $12    0.010    13.2526   8326.85   0.0      6.46   5.2  24.07.2025  20:19:03
  6   7   5   8  $12    0.010    13.3025   8358.22   0.0      3.30   5.7  24.07.2025  20:19:05
  5   6   7   8  $12    0.010    -2.3761   4478.93   0.0     16.08   2.8  24.07.2025  20:19:07
  7   8   5   6  $12    0.010    -2.3205   4374.13   0.0     20.54   1.5  24.07.2025  20:19:09
  9  12  10  11  $12    0.010    11.2520   7069.81   0.0      4.29   1.6  24.07.2025  20:19:11
 10  11   9  12  $12    0.010    11.2758   7084.81   0.0      3.89   1.8  24.07.2025  20:19:13
  9  10  11  12  $12    0.100   -17.7265   3341.37   0.0      4.91   0.6  24.07.2025  20:19:17
 11  12   9  10  $12    0.100   -17.4197   3283.53   0.0      6.44   0.3  24.07.2025  20:19:19
 13  16  14  15  $12    0.010     6.8836   4325.11   0.0     16.02   0.6  24.07.2025  20:19:24
 14  15  13  16  $12    0.010     6.9131   4343.64   0.0     10.72   0.8  24.07.2025  20:19:26
 13  14  15  16  $12    0.010    -5.5993  10554.40   0.1      6.29  10.5  24.07.2025  20:19:28
  1   9  10   2  $12    0.001    -3.1663  11394.16   0.0     18.67   1.0  24.07.2025  20:19:33
  1   9  11   3  $12    0.010   -10.7160   9181.46   0.0      9.19   1.2  24.07.2025  20:19:37
  1   9  12   4  $12    0.010    -7.0454  11780.80   0.0      9.87   0.6  24.07.2025  20:19:39
  2  10   9   1  $12    0.001    -3.1516  11341.37   0.0     22.58   1.0  24.07.2025  20:19:44
  2  10  11   3  $12    0.010   -16.7968   6044.43   0.0     12.08   0.8  24.07.2025  20:19:48
  2  10  12   4  $12    0.010    -9.1007   7797.48   0.0      8.67   4.9  24.07.2025  20:19:50
  3  11   9   1  $12    0.010   -10.7098   9176.17   0.0      9.79   1.5  24.07.2025  20:19:52
  3  11  10   2  $12    0.010   -16.7942   6043.49   0.0     12.33   0.3  24.07.2025  20:19:54
  3  11  12   4  $12    0.010   -21.0811   7586.14   0.0     10.31   1.2  24.07.2025  20:19:56
 12   4   9   1  $12    0.010     7.1092  11887.62   0.0      3.76   1.3  24.07.2025  20:19:58
 12   4  10   2  $12    0.010     9.1830   7868.01   0.0      4.82  19.5  24.07.2025  20:20:00
 12   4  11   3  $12    0.010    21.1487   7610.46   0.0      6.39   0.5  24.07.2025  20:20:02
 13   5  14   6  $12    0.001     2.6093   9389.62   0.0      6.98   2.3  24.07.2025  20:20:07
 13   5  15   7  $12    0.010    14.0925  12074.47   0.0      3.61   0.9  24.07.2025  20:20:11
 13   5  16   8  $12    0.010     7.2309  12091.01   0.0      3.27   7.9  24.07.2025  20:20:13
 14   6  13   5  $12    0.001     2.6042   9371.33   0.0      8.37   1.7  24.07.2025  20:20:18
 14   6  15   7  $12    0.001     2.5228   9078.49   0.0      0.75  14.0  24.07.2025  20:20:20
 14   6  16   8  $12    0.010    10.0372   8599.87   0.0      3.41   8.8  24.07.2025  20:20:24
 15   7  13   5  $12    0.010    14.0837  12066.85   0.0      5.48   0.8  24.07.2025  20:20:26
 15   7  14   6  $12    0.001     2.5218   9074.95   0.0      2.28  11.6  24.07.2025  20:20:31
 15   7  16   8  $12    0.010    18.1268   6523.03   0.0      4.24   4.7  24.07.2025  20:20:34
 16   8  13   5  $12    0.010     7.2157  12065.57   0.0      5.77   2.3  24.07.2025  20:20:36
 16   8  14   6  $12    0.010     9.9900   8559.45   0.0      6.30   0.1  24.07.2025  20:20:38
 16   8  15   7  $12    0.010    18.1134   6518.18   0.0      7.52   0.4  24.07.2025  20:20:40
  1   2   5   6  $12    1.000     8.8612   1670.29   0.0     -3.93   4.0  24.07.2025  20:20:46
  2   3   6   7  $12    0.100     3.1864   6006.26   0.0      0.77   6.9  24.07.2025  20:20:51
  3   4   7   8  $12    1.000     7.1768   1352.79   0.0   -173.78   0.4  24.07.2025  20:20:55
  1   2   9  10  $12    1.000     1.9743   3126.01   0.0    -52.49   0.7  24.07.2025  20:21:00
  2   3  10  11  $12    1.000     9.9782  15799.13   0.0      0.28  92.5  24.07.2025  20:21:02
  3   4  11  12  $12    1.000     2.3284   3686.73   0.0      6.35   1.5  24.07.2025  20:21:04
  1   2  13  14  $12    1.000     8.8244  47572.26   0.0    -42.78   0.5  24.07.2025  20:21:06
  2   3  14  15  $12    1.000    23.1104 124587.63   0.0    -11.73   0.4  24.07.2025  20:21:08
  3   4  15  16  $12    1.000    17.8688  96330.03   0.0      5.97   1.8  24.07.2025  20:21:10
  5   6   9  10  $12    1.000    13.6224   2567.76   0.0     22.22   0.2  24.07.2025  20:21:12
  6   7  10  11  $12    1.000    18.8815   3559.08   0.0     20.04   0.0  24.07.2025  20:21:15
  7   8  11  12  $12    1.000    13.3652   2519.29   0.0     11.79   4.8  24.07.2025  20:21:17
  5   6  13  14  $12    1.000     3.2179   5095.08   0.0     -1.42   8.1  24.07.2025  20:21:19
  6   7  14  15  $12    1.000     3.1045   4915.57   0.0     24.00   0.7  24.07.2025  20:21:21
  7   8  15  16  $12    1.000     7.0719  11197.41   0.5   -163.78   5.0  24.07.2025  20:21:23
  9  10  13  14  $12    1.000    12.8459   2421.39   0.0     15.91   0.5  24.07.2025  20:21:25
 10  11  14  15  $12    1.000    12.3306   2324.26   0.0     35.54   0.1  24.07.2025  20:21:27
 11  12  15  16  $12    1.000    20.4136   3847.86   0.0      3.73   1.9  24.07.2025  20:21:29
  1   2   6   7  $12    1.000     8.6836   3273.63   0.0    -22.44   1.0  24.07.2025  20:21:31
  2   3   7   8  $12    0.100     2.9516  11127.19   0.0    -75.43   1.8  24.07.2025  20:21:36
  1   2   7   8  $12    1.000     0.8206    541.40   0.7   2151.27   0.6  24.07.2025  20:21:43
  2   3   7   8  $12    0.100     2.8963  10918.76   0.0    -67.65   2.2  24.07.2025  20:21:48
  1   2  10  11  $12    1.000     3.0532   6906.08   0.0    -58.08   0.1  24.07.2025  20:21:52
  2   3  11  12  $12    1.000     7.4108  16762.74   0.0     -9.69   1.4  24.07.2025  20:21:54
  1   2  11  12  $12    1.000     1.7952   5583.30   0.0    -13.02   1.4  24.07.2025  20:21:59
  2   3  11  12  $12    1.000     7.3738  16679.17   0.0     -8.24   0.3  24.07.2025  20:22:01
  1   2  14  15  $12    1.000     6.0132  41258.24   0.0     49.33   0.5  24.07.2025  20:22:03
  2   3  15  16  $12    0.100     5.1876 355933.73   0.0     -1.44   4.7  24.07.2025  20:22:08
  1   2  15  16  $12    1.000    15.0245 128858.44   0.0    -57.68   0.4  24.07.2025  20:22:12
  2   3  15  16  $12    0.100     5.1671 354524.54   0.0     -1.83   5.1  24.07.2025  20:22:17
  5   6  10  11  $12    1.000    14.9671   5642.47   0.0      2.14   3.0  24.07.2025  20:22:21
  6   7  11  12  $12    1.000    12.8819   4856.36   0.0     -1.30   8.6  24.07.2025  20:22:23
  5   6  11  12  $12    1.000    10.1929   6724.62   0.0      7.02   1.4  24.07.2025  20:22:25
  6   7  11  12  $12    1.000    12.8582   4847.44   0.0     -2.02   5.9  24.07.2025  20:22:27
  5   6  14  15  $12    1.000     2.7204   6153.32   0.0     10.82   0.7  24.07.2025  20:22:29
  6   7  15  16  $12    1.000     7.3321  16584.90   0.0     -3.29   2.8  24.07.2025  20:22:31
  5   6  15  16  $12    1.000     6.3261  19675.22   0.0     -0.96  23.6  24.07.2025  20:22:33
  6   7  15  16  $12    1.000     7.3368  16595.38   0.0     -4.74   1.8  24.07.2025  20:22:35
  9  10  14  15  $12    1.000     7.1076   2679.52   0.0    -15.45   0.5  24.07.2025  20:22:37
 10  11  15  16  $12    0.100     2.7418  10336.47   0.0     -1.94   0.6  24.07.2025  20:22:42
  9  10  15  16  $12    1.000    15.7389  10383.47   0.0      4.70   0.1  24.07.2025  20:22:46
 10  11  15  16  $12    0.100     2.7428  10339.95   0.0     -1.74   4.0  24.07.2025  20:22:51
