//C:\Users\user\Desktop\GeoTom\GeoTomE724.ini
//- Cable direction:
//  cable I: normal
//  cable II: normal
//  cable III: normal
//  cable IV: normal
//- Cable arrangement: sequential
//- Optimization: Last measurement
//- Sorting: Multi-level
//- Current levels: 0.001 mA .. 50.0 mA
Type:         Flow
Name:         Hyprop
Comment:      Example of a measurements sequence
Comment:      
Comment:      
Spacing:      1.00000
First El:     0.00000
Nr of points: 289
IP present:   1

  1   5   2   6  $12    0.001     2.8870  12367.78   0.0      6.47   5.4  24.07.2025  10:10:08
  1   5   3   7  $12    0.010     8.1263  15317.74   0.0      6.83   0.3  24.07.2025  10:10:12
  1   5   4   8  $12    0.010     4.9926   6587.60   0.0      2.37  10.2  24.07.2025  10:10:14
  1   5  14   2  $12    0.010   -15.8576  14216.37   0.0     16.18   0.8  24.07.2025  10:10:16
  1   5  15   3  $12    0.010    -2.3675  52064.99   0.0     24.22   6.5  24.07.2025  10:10:18
  1   5  16   4  $12    0.100    -9.8474    963.12   0.0      8.74   1.1  24.07.2025  10:10:22
  1   5  13   9  $12    0.010     3.2585  24568.84   0.0      3.05   1.8  24.07.2025  10:10:27
  1   5  14  10  $12    0.010     2.8323  32532.68   0.0     -0.91  25.0  24.07.2025  10:10:29
  1   5  15  11  $12    0.010     2.4562  40510.54   0.0      0.18 926.9  24.07.2025  10:10:31
  1   5  16  12  $12    0.010     2.0049  45467.73   0.1     -0.19 346.3  24.07.2025  10:10:33
  1   5  10   6  $12    0.010     9.6970   8567.99   0.0      8.04   1.6  24.07.2025  10:10:35
  1   5  11   7  $12    0.010     3.2865   7743.54   0.0      7.69   5.6  24.07.2025  10:10:37
  1   5  12   8  $12    0.010     2.0258   9188.22   0.0     -4.52  10.9  24.07.2025  10:10:39
  2   6   1   5  $12    0.001     2.8713  12300.49   0.0     10.69   1.3  24.07.2025  10:10:44
  2   6   3   7  $12    0.010    14.2981   6125.28   0.0     11.78   0.7  24.07.2025  10:10:48
  2   6   4   8  $12    0.010     7.1580  13492.49   0.0      2.12   9.5  24.07.2025  10:10:50
  2   6  13   1  $12    0.010   -15.7361  11605.47   0.0     15.04   0.2  24.07.2025  10:10:52
  2   6  15   3  $12    0.010    -4.8405   4339.53   0.0     19.02   0.9  24.07.2025  10:10:54
  2   6  16   4  $12    0.100   -14.3418  31539.28   0.0      8.08   0.3  24.07.2025  10:10:58
  2   6  13   9  $12    0.010     2.9266  13274.23   0.0      4.55   0.7  24.07.2025  10:11:03
  2   6  14  10  $12    0.010     2.6643  20088.37   0.0      3.29  19.5  24.07.2025  10:11:05
  2   6  15  11  $12    0.010     2.4433  28064.65   0.0      3.15  49.1  24.07.2025  10:11:07
  2   6  16  12  $12    0.010     2.1212  34986.03   0.0      1.20  29.7  24.07.2025  10:11:09
  2   6   9   5  $12    0.010     9.5628  12617.82   0.0      7.67   0.3  24.07.2025  10:11:11
  2   6  11   7  $12    0.010     6.9837   6170.58   0.0      9.68   0.4  24.07.2025  10:11:13
  2   6  12   8  $12    0.010     3.6060   8496.41   0.0     -2.34  28.9  24.07.2025  10:11:15
  3   7   1   5  $12    0.010     8.1021  15272.09   0.0      6.84   6.6  24.07.2025  10:11:17
  3   7   2   6  $12    0.010    14.2421   6101.32   0.0      8.22   0.9  24.07.2025  10:11:19
  3   7   4   8  $12    0.010    19.4386   8327.48   0.0      4.19   1.4  24.07.2025  10:11:21
  3   7  13   1  $12    0.010    -2.1447   3368.82   0.0     16.96   0.5  24.07.2025  10:11:23
  3   7  14   2  $12    0.010    -4.6037   3395.27   0.0     14.84   4.3  24.07.2025  10:11:25
  3   7  16   4  $12    0.010    -7.7920   6985.58   0.0     13.43   0.2  24.07.2025  10:11:28
  3   7  13   9  $12    0.010     2.3941   5641.01   0.0      0.59 240.5  24.07.2025  10:11:30
  3   7  14  10  $12    0.010     2.3910  10844.73   0.0     -1.26  17.0  24.07.2025  10:11:32
  3   7  15  11  $12    0.010     2.4619  18562.01   0.0      3.15   4.2  24.07.2025  10:11:34
  3   7  16  12  $12    0.010     2.5483  29270.94   0.0     -0.99  22.0  24.07.2025  10:11:36
  3   7   9   5  $12    0.010     3.5677   6725.01   0.0      4.13   1.6  24.07.2025  10:11:38
  3   7  10   6  $12    0.010     7.2172   9522.88   0.0      4.80   1.3  24.07.2025  10:11:40
  3   7  12   8  $12    0.010     9.0441   7991.08   0.0     -0.27 113.3  24.07.2025  10:11:42
  4   8   1   5  $12    0.010     5.0016   6599.52   0.0      0.78   7.3  24.07.2025  10:11:44
  4   8   2   6  $12    0.010     7.1694  13513.92   0.0      4.76   8.0  24.07.2025  10:11:46
  4   8   3   7  $12    0.010    19.4386   8327.48   0.0      4.12   0.0  24.07.2025  10:11:48
  4   8  13   1  $12    0.100   -10.2250   2299.70   0.0      5.33   0.5  24.07.2025  10:11:52
  4   8  14   2  $12    0.100   -15.4599   2428.44   0.1      2.77  27.0  24.07.2025  10:11:54
  4   8  15   3  $12    0.010    -8.3087   6127.71   0.0      8.43   1.4  24.07.2025  10:11:59
  4   8  13   9  $12    0.010     2.1712   1918.45   0.0     -3.56  15.5  24.07.2025  10:12:01
  4   8  14  10  $12    0.010     2.2575   5319.17   0.0     -5.42   6.1  24.07.2025  10:12:03
  4   8  15  11  $12    0.010     2.4513  11118.30   0.0      0.96  51.3  24.07.2025  10:12:05
  4   8  16  12  $12    0.010     2.7384  20647.35   0.0     -3.03   9.1  24.07.2025  10:12:07
  4   8   9   5  $12    0.100    18.2075    780.01   0.0      6.24   0.3  24.07.2025  10:12:11
  4   8  10   6  $12    0.010     3.3944   6398.37   0.0     -1.34   5.7  24.07.2025  10:12:16
  4   8  11   7  $12    0.010     8.6484  11411.36   0.0      3.19  15.1  24.07.2025  10:12:18
  5   9   6  10  $12    0.010    22.3966   9594.68   0.0      6.98   1.7  24.07.2025  10:12:20
  5   9   7  11  $12    0.010     8.9488  16868.09   0.0      3.52   3.4  24.07.2025  10:12:22
  5   9   8  12  $12    0.010     5.5156   7277.65   0.0      4.68   9.4  24.07.2025  10:12:24
  5   9   2   6  $12    0.010    -9.5182  12558.99   0.0      8.44   2.0  24.07.2025  10:12:26
  5   9   3   7  $12    0.010    -3.5348   6663.01   0.0     15.13   3.2  24.07.2025  10:12:28
  5   9   4   8  $12    0.100   -18.0548    773.46   0.0      6.61   2.0  24.07.2025  10:12:32
  5   9   1  13  $12    0.010     3.4473   8664.03   0.0      0.99   1.9  24.07.2025  10:12:37
  5   9   2  14  $12    0.010     3.1167   7009.66   0.0      8.21  15.5  24.07.2025  10:12:39
  5   9   3  15  $12    0.010     2.3903   3754.65   0.0    -11.31   8.5  24.07.2025  10:12:41
  5   9   4  16  $12    0.010     2.0502   1512.02   0.1      0.19 627.5  24.07.2025  10:12:43
  5   9  14  10  $12    0.010     9.7892   8649.48   0.0      6.00   0.9  24.07.2025  10:12:45
  5   9  15  11  $12    0.010     3.0472   7179.76   0.0      3.32   5.9  24.07.2025  10:12:47
  5   9  16  12  $12    0.100    16.5940   7526.49   0.0      4.07   0.2  24.07.2025  10:12:51
  6  10   5   9  $12    0.010    22.3981   9595.32   0.0      7.05   0.5  24.07.2025  10:12:56
  6  10   7  11  $12    0.010    15.8016   6769.37   0.0      5.68   1.5  24.07.2025  10:12:58
  6  10   8  12  $12    0.010     8.4113  15854.89   0.0      3.26   6.2  24.07.2025  10:13:00
  6  10   1   5  $12    0.010    -9.6806   8553.49   0.0      8.54   0.3  24.07.2025  10:13:02
  6  10   3   7  $12    0.010    -7.2177   9523.60   0.0      8.41   2.9  24.07.2025  10:13:05
  6  10   4   8  $12    0.010    -3.3328   6282.15   0.0      8.33   9.6  24.07.2025  10:13:07
  6  10   1  13  $12    0.010     3.1322   7044.57   0.0      2.67   3.6  24.07.2025  10:13:09
  6  10   2  14  $12    0.010     2.9531   7421.89   0.0     13.82   6.7  24.07.2025  10:13:11
  6  10   3  15  $12    0.010     2.4849   5588.88   0.0     -5.86   5.9  24.07.2025  10:13:13
  6  10   4  16  $12    0.010     2.3201   3644.35   0.0     -2.79  15.0  24.07.2025  10:13:15
  6  10  13   9  $12    0.010     9.5986  12665.07   0.0      7.15   0.7  24.07.2025  10:13:17
  6  10  15  11  $12    0.010     6.0779   5370.29   0.0      2.99   1.9  24.07.2025  10:13:19
  6  10  16  12  $12    0.010     2.7496   6478.64   0.0     -0.60  47.6  24.07.2025  10:13:21
  7  11   5   9  $12    0.010     8.9592  16887.71   0.0      3.76   0.7  24.07.2025  10:13:23
  7  11   6  10  $12    0.010    15.7728   6757.05   0.0      4.16   0.5  24.07.2025  10:13:25
  7  11   8  12  $12    0.010    17.4284   7466.31   0.0      2.23   3.2  24.07.2025  10:13:27
  7  11   1   5  $12    0.010    -3.2386   7630.70   0.0     14.77   2.1  24.07.2025  10:13:29
  7  11   2   6  $12    0.010    -6.9130   6108.10   0.0      4.63   4.5  24.07.2025  10:13:31
  7  11   4   8  $12    0.010    -8.5830  11324.97   0.0      5.96   0.8  24.07.2025  10:13:33
  7  11   1  13  $12    0.010     2.7189   4270.82   0.1     -4.21  54.5  24.07.2025  10:13:35
  7  11   2  14  $12    0.010     2.6422   5942.63   0.1     -1.66  41.3  24.07.2025  10:13:38
  7  11   3  15  $12    0.010     2.5358   6373.16   0.0    -10.17   8.4  24.07.2025  10:13:40
  7  11   4  16  $12    0.010     2.5669   5773.23   0.0      0.74  24.8  24.07.2025  10:13:42
  7  11  13   9  $12    0.010     3.0101   5673.87   0.0     -2.18  11.1  24.07.2025  10:13:44
  7  11  14  10  $12    0.010     6.1636   8132.67   0.0      1.62   4.0  24.07.2025  10:13:46
  7  11  16  12  $12    0.010     6.2754   5544.79   0.0      2.05  17.8  24.07.2025  10:13:48
  8  12   5   9  $12    0.010     5.5225   7286.73   0.0      3.38   1.8  24.07.2025  10:13:50
  8  12   6  10  $12    0.010     8.4015  15836.43   0.0      4.18   2.0  24.07.2025  10:13:52
  8  12   7  11  $12    0.010    17.4248   7464.75   0.0      2.85   2.0  24.07.2025  10:13:54
  8  12   1   5  $12    0.100   -20.1133   9122.74   0.0      6.88   0.8  24.07.2025  10:13:58
  8  12   2   6  $12    0.010    -3.5779   8430.34   0.0      5.16   4.2  24.07.2025  10:14:03
  8  12   3   7  $12    0.010    -9.0615   8006.52   0.0      3.66   1.1  24.07.2025  10:14:05
  8  12   1  13  $12    0.010     2.2105   1630.26   0.0      9.89   5.1  24.07.2025  10:14:07
  8  12   2  14  $12    0.010     2.2755   3574.39   0.0    -12.41  17.8  24.07.2025  10:14:09
  8  12   3  15  $12    0.010     2.2901   5150.62   0.0     -3.77  29.5  24.07.2025  10:14:11
  8  12  16   4  $12    0.010    -2.4440   6142.35   0.0     12.02   4.2  24.07.2025  10:14:13
  8  12   9  13  $12    0.100   -12.8389    550.02   0.0      9.09   0.1  24.07.2025  10:14:17
  8  12  10  14  $12    0.010    -2.5129   4736.69   0.0     11.15   0.7  24.07.2025  10:14:22
  8  12  11  15  $12    0.010    -6.0530   7986.76   0.0      7.69   1.2  24.07.2025  10:14:24
  9  13  10  14  $12    0.010    21.7608   9322.29   0.0      9.75   0.4  24.07.2025  10:14:26
  9  13  11  15  $12    0.010     9.7482  18374.86   0.0      4.76   1.3  24.07.2025  10:14:28
  9  13  12  16  $12    0.010     4.2317   5583.58   0.0      4.98   1.7  24.07.2025  10:14:30
  9  13   6  10  $12    0.010    -9.5329  12578.31   0.0     10.25   0.2  24.07.2025  10:14:32
  9  13   7  11  $12    0.010    -2.9520   5564.40   0.0      5.69   7.4  24.07.2025  10:14:34
  9  13   8  12  $12    0.100   -12.8619    551.00   0.0      6.63   0.6  24.07.2025  10:14:38
  9  13   5   1  $12    0.010     3.2588  24570.73   0.0      2.68   4.5  24.07.2025  10:14:43
  9  13   6   2  $12    0.010     2.9455  13360.02   0.2     -7.96  16.9  24.07.2025  10:14:45
  9  13   7   3  $12    0.010     2.4085   5674.81   0.0     -3.37  21.7  24.07.2025  10:14:47
  9  13   8   4  $12    0.010     2.1634   1911.56   0.0     -1.61  12.6  24.07.2025  10:14:49
  9  13   2  14  $12    0.010     9.2726   6838.60   0.0     10.16   2.0  24.07.2025  10:14:51
  9  13   3  15  $12    0.010     4.3859   6889.29   0.0      0.54  66.4  24.07.2025  10:14:53
  9  13   4  16  $12    0.100     7.8544   1766.53   0.0      4.65   0.1  24.07.2025  10:14:57
 10  14   9  13  $12    0.010    21.7566   9320.50   0.0      7.72   0.9  24.07.2025  10:15:02
 10  14  11  15  $12    0.010    18.3705   7869.90   0.0      2.40   0.3  24.07.2025  10:15:04
 10  14  12  16  $12    0.010     6.1649  11620.65   0.0      2.34   2.6  24.07.2025  10:15:06
 10  14   5   9  $12    0.010    -9.7447   8610.14   0.0      9.61   1.5  24.07.2025  10:15:08
 10  14   7  11  $12    0.010    -6.1243   8080.84   0.0      4.67   8.4  24.07.2025  10:15:10
 10  14   8  12  $12    0.010    -2.5128   4736.52   0.0     11.91  12.8  24.07.2025  10:15:12
 10  14   5   1  $12    0.010     2.8382  32600.57   0.0      2.80  11.9  24.07.2025  10:15:14
 10  14   6   2  $12    0.010     2.6689  20123.05   0.0      8.78  15.3  24.07.2025  10:15:16
 10  14   7   3  $12    0.010     2.3817  10802.76   0.0     -6.57   6.8  24.07.2025  10:15:18
 10  14   8   4  $12    0.010     2.2527   5307.86   0.0     -1.35  55.4  24.07.2025  10:15:20
 10  14   1  13  $12    0.010     9.2038   8251.26   0.0     11.07   1.7  24.07.2025  10:15:23
 10  14   3  15  $12    0.010     9.8598   7271.65   0.0      3.52   2.7  24.07.2025  10:15:25
 10  14   4  16  $12    0.100    13.7250   2155.92   0.0      5.52   0.5  24.07.2025  10:15:28
 11  15   9  13  $12    0.010     9.7609  18398.88   0.0      5.02   1.6  24.07.2025  10:15:33
 11  15  10  14  $12    0.010    18.3559   7863.64   0.0      4.79   0.5  24.07.2025  10:15:35
 11  15  12  16  $12    0.010    11.4635   4910.94   0.0      3.63   3.3  24.07.2025  10:15:37
 11  15   5   9  $12    0.010    -3.0013   7071.74   0.0      8.98   2.4  24.07.2025  10:15:40
 11  15   6  10  $12    0.010    -6.0107   5310.87   0.0      6.24   1.7  24.07.2025  10:15:42
 11  15   8  12  $12    0.010    -6.0529   7986.57   0.0      6.14   3.7  24.07.2025  10:15:44
 11  15   5   1  $12    0.010     2.4637  40634.81   0.0     -5.36   9.7  24.07.2025  10:15:46
 11  15   6   2  $12    0.010     2.4442  28075.24   0.0     -6.60  28.8  24.07.2025  10:15:48
 11  15   7   3  $12    0.010     2.4777  18681.78   0.0     -2.71  17.9  24.07.2025  10:15:50
 11  15   8   4  $12    0.010     2.4443  11086.55   0.0      0.31  12.5  24.07.2025  10:15:52
 11  15   1  13  $12    0.010     4.2989  94538.37   0.1      2.38  73.6  24.07.2025  10:15:54
 11  15   2  14  $12    0.010     9.9011   8876.34   0.0      0.81  19.7  24.07.2025  10:15:56
 11  15   4  16  $12    0.010     2.9872   2203.11   0.0      1.30  14.3  24.07.2025  10:15:58
 12  16   9  13  $12    0.010     4.2549   5614.22   0.0      0.10 164.1  24.07.2025  10:16:00
 12  16  10  14  $12    0.010     6.1870  11662.23   0.0      1.53   2.2  24.07.2025  10:16:02
 12  16  11  15  $12    0.010    11.5065   4929.37   0.0      3.62   6.2  24.07.2025  10:16:04
 12  16   5   9  $12    0.100   -16.6359   7545.50   0.0      5.16   0.6  24.07.2025  10:16:08
 12  16   6  10  $12    0.010    -2.7116   6388.99   0.0     11.07   1.3  24.07.2025  10:16:13
 12  16   7  11  $12    0.010    -6.2371   5510.91   0.0      7.10   3.4  24.07.2025  10:16:15
 12  16   5   1  $12    0.100    19.8893  45105.63   0.0      4.63   0.1  24.07.2025  10:16:19
 12  16   6   2  $12    0.100    21.1351  34858.87   0.0      3.69   2.1  24.07.2025  10:16:21
 12  16   7   3  $12    0.010     2.5573  29373.97   0.0     -0.05 616.1  24.07.2025  10:16:26
 12  16   8   4  $12    0.010     2.7368  20635.26   0.0      0.08 370.9  24.07.2025  10:16:28
 12  16  13   1  $12    0.100    -5.6457    552.17   0.0     16.49   0.2  24.07.2025  10:16:32
 12  16  14   2  $12    0.100   -12.9123  28395.57   0.0      7.97   1.9  24.07.2025  10:16:34
 12  16  15   3  $12    0.010    -2.6475   2373.52   0.0     15.12   1.4  24.07.2025  10:16:39
 13   1  14   2  $12    0.001     2.8560   9794.25   0.0     10.25   2.2  24.07.2025  10:16:44
 13   1  15   3  $12    0.010     9.1407   6931.53   0.0      5.83   4.6  24.07.2025  10:16:47
 13   1  16   4  $12    0.010     3.8149   4902.85   0.0      4.15   5.0  24.07.2025  10:16:49
 13   1  10  14  $12    0.010    -9.0784   8138.80   0.0     18.94   0.2  24.07.2025  10:16:51
 13   1  11  15  $12    0.010    -4.2343  93116.79   0.0     10.96   0.7  24.07.2025  10:16:53
 13   1  12  16  $12    0.100    -5.6306    550.70   0.0     13.72   0.9  24.07.2025  10:16:57
 13   1   9   5  $12    0.010     3.4409   8647.96   0.0      2.00   2.3  24.07.2025  10:17:02
 13   1  10   6  $12    0.010     3.1245   7027.36   0.0      2.16   5.5  24.07.2025  10:17:04
 13   1  11   7  $12    0.010     2.6802   4209.98   0.0     -1.73  19.8  24.07.2025  10:17:06
 13   1  12   8  $12    0.010     2.2205   1637.61   0.0      2.30  29.7  24.07.2025  10:17:08
 13   1   6   2  $12    0.010    15.8268  11672.37   0.0     12.63   0.2  24.07.2025  10:17:10
 13   1   7   3  $12    0.010     2.1838   3430.33   0.0     -1.11  35.5  24.07.2025  10:17:12
 13   1   8   4  $12    0.100    10.2624   2308.11   0.0      2.20   2.7  24.07.2025  10:17:16
 14   2  13   1  $12    0.001     2.8275   9696.54   0.0     13.22   0.9  24.07.2025  10:17:24
 14   2  15   3  $12    0.010    17.1488   5880.96   0.0      9.13   0.4  24.07.2025  10:17:28
 14   2  16   4  $12    0.010     5.1117   3876.32   0.0      4.50  30.4  24.07.2025  10:17:30
 14   2   9  13  $12    0.010    -9.1088   6717.81   0.0     16.43   0.4  24.07.2025  10:17:32
 14   2  11  15  $12    0.010    -9.8170   8800.94   0.0      8.24   0.5  24.07.2025  10:17:34
 14   2  12  16  $12    0.100   -12.9482  28474.52   0.0      8.14   0.1  24.07.2025  10:17:38
 14   2   9   5  $12    0.010     3.0789   6924.75   0.0      3.23   3.7  24.07.2025  10:17:43
 14   2  10   6  $12    0.010     2.9605   7440.62   0.0      9.77   4.3  24.07.2025  10:17:45
 14   2  11   7  $12    0.010     2.6546   5970.54   0.0      0.54  68.0  24.07.2025  10:17:47
 14   2  12   8  $12    0.010     2.2576   3546.20   0.0      4.97  22.7  24.07.2025  10:17:49
 14   2   5   1  $12    0.010    15.6424  14023.46   0.0     13.90   0.5  24.07.2025  10:17:51
 14   2   7   3  $12    0.010     4.6770   3449.34   0.0     15.45   1.1  24.07.2025  10:17:53
 14   2   8   4  $12    0.100    15.5704   2445.78   0.0     -4.11   1.7  24.07.2025  10:17:57
 15   3  13   1  $12    0.010     9.1216   6917.08   0.0      7.16   1.1  24.07.2025  10:18:02
 15   3  14   2  $12    0.010    17.0671   5852.93   0.0     12.69   1.6  24.07.2025  10:18:04
 15   3  16   4  $12    0.010    13.2743   4552.24   0.0      9.16   1.0  24.07.2025  10:18:06
 15   3   9  13  $12    0.010    -4.3460   6826.65   0.0     13.11   0.9  24.07.2025  10:18:08
 15   3  10  14  $12    0.010    -9.7973   7225.59   0.0     11.39   0.6  24.07.2025  10:18:10
 15   3  12  16  $12    0.010    -2.6148   2344.18   0.2     19.00  22.1  24.07.2025  10:18:12
 15   3   9   5  $12    0.010     2.3720   3725.92   0.0      0.54  46.7  24.07.2025  10:18:14
 15   3  10   6  $12    0.010     2.5050   5633.94   0.0     -2.18  16.1  24.07.2025  10:18:16
 15   3  11   7  $12    0.010     2.4996   6282.07   0.0      3.03   7.9  24.07.2025  10:18:18
 15   3  12   8  $12    0.010     2.2913   5153.26   0.0      5.57   6.1  24.07.2025  10:18:20
 15   3   5   1  $12    0.010     2.4061  52913.25   0.0      0.59  77.5  24.07.2025  10:18:22
 15   3   6   2  $12    0.010     4.7827   4287.74   0.0     18.06   2.2  24.07.2025  10:18:24
 15   3   8   4  $12    0.010     8.3881   6186.28   0.0      7.45   1.4  24.07.2025  10:18:26
 16   4  13   1  $12    0.010     3.8504   4948.57   0.0      0.09 117.5  24.07.2025  10:18:28
 16   4  14   2  $12    0.010     5.1213   3883.54   0.0      8.33   4.7  24.07.2025  10:18:30
 16   4  15   3  $12    0.010    13.3524   4579.02   0.0      4.38   3.4  24.07.2025  10:18:32
 16   4   9  13  $12    0.100    -7.8033   1755.04   0.0      7.97   0.7  24.07.2025  10:18:36
 16   4  10  14  $12    0.100   -13.7194   2155.04   0.0      8.52   0.9  24.07.2025  10:18:38
 16   4  11  15  $12    0.010    -2.9168   2151.19   0.0     13.59   0.8  24.07.2025  10:18:43
 16   4   9   5  $12    0.010     2.0530   1514.14   0.0     -2.25  32.3  24.07.2025  10:18:45
 16   4  10   6  $12    0.010     2.3176   3640.55   0.3     -4.71  37.1  24.07.2025  10:18:47
 16   4  11   7  $12    0.010     2.5600   5757.67   0.0      1.43  12.8  24.07.2025  10:18:49
 16   4  12   8  $12    0.010     2.5037   6292.52   0.1     -1.03  31.2  24.07.2025  10:18:51
 16   4   5   1  $12    0.100     9.8751    965.83   0.0      5.61   0.6  24.07.2025  10:18:55
 16   4   6   2  $12    0.100    14.3197  31490.61   0.0      7.31   8.2  24.07.2025  10:18:57
 16   4   7   3  $12    0.010     7.8225   7012.88   0.0      5.43   1.9  24.07.2025  10:19:02
  1   4   2   3  $12    0.010    21.1176  13268.61   0.0     12.46   0.6  24.07.2025  10:19:04
  2   3   1   4  $12    0.010    21.0077  13199.53   0.0     15.80   0.7  24.07.2025  10:19:06
  1   2   3   4  $12    0.100   -17.7899   3353.32   0.0     38.50   0.1  24.07.2025  10:19:10
  3   4   1   2  $12    0.100   -16.9803   3200.71   0.0     36.43   0.1  24.07.2025  10:19:12
  5   8   6   7  $12    0.010    12.3613   7766.86   0.0      4.37   0.9  24.07.2025  10:19:17
  6   7   5   8  $12    0.010    12.4070   7795.57   0.0      4.10   1.4  24.07.2025  10:19:19
  5   6   7   8  $12    0.100   -19.7909   3730.50   0.0     16.33   0.5  24.07.2025  10:19:23
  7   8   5   6  $12    0.100   -18.9541   3572.76   0.0      8.76   0.3  24.07.2025  10:19:25
  9  12  10  11  $12    0.010    10.9172   6859.49   0.0      4.92   1.4  24.07.2025  10:19:30
 10  11   9  12  $12    0.010    10.9212   6861.98   0.0      6.19   0.9  24.07.2025  10:19:32
  9  10  11  12  $12    0.100   -17.7417   3344.23   0.0      4.85   0.6  24.07.2025  10:19:36
 11  12   9  10  $12    0.100   -17.5768   3313.15   0.0      6.06   1.7  24.07.2025  10:19:38
 13  16  14  15  $12    0.010     7.2128   4531.92   0.0     14.01   0.4  24.07.2025  10:19:43
 14  15  13  16  $12    0.010     7.2017   4524.94   0.0      7.28   1.3  24.07.2025  10:19:45
 13  14  15  16  $12    0.010    -4.6630   8789.51   0.0      8.55   1.9  24.07.2025  10:19:47
  1   9  10   2  $12    0.001    -3.1412  11303.66   0.0     15.05   6.0  24.07.2025  10:19:52
  1   9  11   3  $12    0.010   -10.1554   8701.11   0.0      8.15   1.6  24.07.2025  10:19:55
  1   9  12   4  $12    0.010    -6.6289  11084.44   0.0      9.65   1.0  24.07.2025  10:19:57
  2  10   9   1  $12    0.001    -3.1208  11230.21   0.0     21.88   0.8  24.07.2025  10:20:02
  2  10  11   3  $12    0.010   -15.7002   5649.79   0.0     10.79   0.3  24.07.2025  10:20:06
  2  10  12   4  $12    0.010    -8.5072   7288.94   0.0      8.84   0.5  24.07.2025  10:20:08
  3  11   9   1  $12    0.010   -10.1458   8692.86   0.0      8.59   1.1  24.07.2025  10:20:10
  3  11  10   2  $12    0.010   -15.6513   5632.19   0.0     11.06   0.4  24.07.2025  10:20:12
  3  11  12   4  $12    0.010   -19.0599   6858.82   0.0      9.03   4.8  24.07.2025  10:20:14
 12   4   9   1  $12    0.010     6.6745  11160.63   0.0      5.23   1.5  24.07.2025  10:20:17
 12   4  10   2  $12    0.010     8.6118   7378.59   0.0      0.51  67.0  24.07.2025  10:20:19
 12   4  11   3  $12    0.010    19.1939   6907.03   0.0      3.96   2.6  24.07.2025  10:20:21
 13   5  14   6  $12    0.001     2.5007   8998.96   0.0      7.68   1.2  24.07.2025  10:20:26
 13   5  15   7  $12    0.010    12.6708  10856.35   0.0      4.61   1.7  24.07.2025  10:20:29
 13   5  16   8  $12    0.010     6.7780  11333.78   0.0      3.30   0.4  24.07.2025  10:20:31
 14   6  13   5  $12    0.001     2.4994   8994.10   0.0      8.06   2.0  24.07.2025  10:20:36
 14   6  15   7  $12    0.001     2.2176   7980.08   0.0      3.39   9.7  24.07.2025  10:20:38
 14   6  16   8  $12    0.010     9.2661   7939.17   0.0      3.57   4.2  24.07.2025  10:20:42
 15   7  13   5  $12    0.010    12.6661  10852.27   0.0      5.74   0.5  24.07.2025  10:20:44
 15   7  14   6  $12    0.010    21.8523   7863.65   0.0      5.42   0.8  24.07.2025  10:20:46
 15   7  16   8  $12    0.010    16.5138   5942.59   0.0      4.17   1.3  24.07.2025  10:20:48
 16   8  13   5  $12    0.010     6.7911  11355.74   0.0      3.63   0.7  24.07.2025  10:20:50
 16   8  14   6  $12    0.010     9.2619   7935.55   0.0      2.95   4.9  24.07.2025  10:20:52
 16   8  15   7  $12    0.010    16.5145   5942.83   0.0      4.31   1.0  24.07.2025  10:20:54
  1   2   5   6  $12    1.000     8.6531   1631.07   0.1      7.14   1.5  24.07.2025  10:21:00
  2   3   6   7  $12    0.100     2.9542   5568.45   0.0      2.22   1.9  24.07.2025  10:21:05
  3   4   7   8  $12    1.000     5.3749   1013.14   0.1    -84.11   0.8  24.07.2025  10:21:08
  1   2   9  10  $12    1.000     2.0360   3223.77   0.0    -19.79   3.2  24.07.2025  10:21:10
  2   3  10  11  $12    1.000     8.4793  13425.86   0.0     -1.36  17.9  24.07.2025  10:21:12
  3   4  11  12  $12    1.000     1.8032   2855.18   0.0      7.87   1.3  24.07.2025  10:21:18
  1   2  13  14  $12    1.000     8.3704  45124.68   0.0    -41.25   0.1  24.07.2025  10:21:20
  2   3  14  15  $12    0.100     2.3481 126585.15   0.0      1.35  27.2  24.07.2025  10:21:25
  3   4  15  16  $12    1.000    14.3930  77592.26   0.0      6.56   0.9  24.07.2025  10:21:29
  5   6   9  10  $12    1.000    13.3338   2513.36   0.0     17.20   0.2  24.07.2025  10:21:31
  6   7  10  11  $12    1.000    16.6948   3146.90   0.0     11.60   0.3  24.07.2025  10:21:33
  7   8  11  12  $12    1.000     9.4592   1783.01   0.0      3.44   1.0  24.07.2025  10:21:35
  5   6  13  14  $12    1.000     3.0733   4866.18   0.0      1.71   6.5  24.07.2025  10:21:37
  6   7  14  15  $12    1.000     3.2134   5087.93   0.0     20.09   0.9  24.07.2025  10:21:39
  7   8  15  16  $12    1.000     3.6571   5790.52   0.0    -48.45   0.3  24.07.2025  10:21:41
  9  10  13  14  $12    1.000    13.3146   2509.74   0.0     23.82   0.1  24.07.2025  10:21:43
 10  11  14  15  $12    1.000    13.1441   2477.61   0.0     38.46   0.1  24.07.2025  10:21:45
 11  12  15  16  $12    1.000    15.3179   2887.36   0.0      2.66   3.8  24.07.2025  10:21:47
  1   2   6   7  $12    1.000     8.4735   3194.42   0.0    -13.56   1.3  24.07.2025  10:21:49
  2   3   7   8  $12    1.000    19.6956   7425.08   0.0    -32.00   0.2  24.07.2025  10:21:51
  1   2   7   8  $12    1.000     2.9390   1938.95   0.0    152.62   0.1  24.07.2025  10:21:53
  2   3   7   8  $12    1.000    19.7582   7448.66   0.0    -31.14   0.7  24.07.2025  10:21:55
  1   2  10  11  $12    1.000     2.6053   5893.16   0.0    -44.31   0.1  24.07.2025  10:21:57
  2   3  11  12  $12    1.000     5.8571  13248.52   0.0     -4.73   0.6  24.07.2025  10:21:59
  1   2  11  12  $12    1.000     1.3679   4254.31   0.1     13.22   3.1  24.07.2025  10:22:05
  2   3  11  12  $12    1.000     5.8590  13252.81   0.0     -1.48   6.7  24.07.2025  10:22:07
  1   2  14  15  $12    1.000     5.9224  40635.18   0.0     56.60   0.1  24.07.2025  10:22:09
  2   3  15  16  $12    0.100     4.2868 294125.71   0.0     -1.31   4.3  24.07.2025  10:22:14
  1   2  15  16  $12    1.000    11.4021  97790.32   0.0    -37.32   0.0  24.07.2025  10:22:18
  2   3  15  16  $12    0.100     4.2925 294518.27   0.0     -1.08   2.7  24.07.2025  10:22:23
  5   6  10  11  $12    1.000    13.9542   5260.62   0.0      6.11   0.7  24.07.2025  10:22:26
  6   7  11  12  $12    1.000    11.1869   4217.36   0.0      5.98   0.7  24.07.2025  10:22:28
  5   6  11  12  $12    1.000     8.8566   5843.03   0.0      7.63   0.8  24.07.2025  10:22:30
  6   7  11  12  $12    1.000    11.1730   4212.14   0.0      6.01   1.9  24.07.2025  10:22:32
  5   6  14  15  $12    1.000     2.8327   6407.41   0.0      7.95   0.6  24.07.2025  10:22:35
  6   7  15  16  $12    1.000     5.9550  13469.90   0.0     -0.09  95.6  24.07.2025  10:22:37
  5   6  15  16  $12    1.000     5.1944  16155.51   0.0      2.70   2.4  24.07.2025  10:22:39
  6   7  15  16  $12    1.000     5.9616  13484.91   0.0     -0.59  11.5  24.07.2025  10:22:41
  9  10  14  15  $12    1.000     7.6478   2883.15   0.0    -29.86   0.2  24.07.2025  10:22:43
 10  11  15  16  $12    1.000    22.0624   8317.33   0.0      4.34   1.1  24.07.2025  10:22:45
  9  10  15  16  $12    1.000    13.5804   8959.47   0.0      4.89   1.4  24.07.2025  10:22:47
 10  11  15  16  $12    1.000    22.0633   8317.66   0.0      3.78   1.7  24.07.2025  10:22:49
