//C:\Users\user\Desktop\GeoTom\GeoTomE724.ini
//- Cable direction:
//  cable I: normal
//  cable II: normal
//  cable III: normal
//  cable IV: normal
//- Cable arrangement: sequential
//- Optimization: Last measurement
//- Sorting: Multi-level
//- Current levels: 0.001 mA .. 50.0 mA
Type:         Flow
Name:         Hyprop
Comment:      Example of a measurements sequence
Comment:      
Comment:      
Spacing:      1.00000
First El:     0.00000
Nr of points: 289
IP present:   1

  1   5   2   6  $12    0.001     3.8445  16470.00   0.0      4.37  17.4  27.07.2025  13:10:08
  1   5   3   7  $12    0.010    14.0677  26516.98   0.0     13.98   1.9  27.07.2025  13:10:12
  1   5   4   8  $12    0.010     9.2041  12144.50   0.0     -2.24  26.2  27.07.2025  13:10:14
  1   5  14   2  $12    0.010   -19.0370  17066.76   0.0     11.47   2.1  27.07.2025  13:10:16
  1   5  15   3  $12    0.010    -3.5511  78093.69   0.1     50.09   3.5  27.07.2025  13:10:18
  1   5  16   4  $12    0.100   -15.4347   1509.58   0.0     48.80   0.5  27.07.2025  13:10:22
  1   5  13   9  $12    0.010     5.7161  43098.13   0.0      4.46   0.3  27.07.2025  13:10:27
  1   5  14  10  $12    0.010     5.1163  58768.28   0.0     -0.54  43.6  27.07.2025  13:10:29
  1   5  15  11  $12    0.010     4.5096  74377.84   0.0      5.92   1.5  27.07.2025  13:10:31
  1   5  16  12  $12    0.010     3.5586  80702.37   0.0     -0.84  29.3  27.07.2025  13:10:33
  1   5  10   6  $12    0.010    13.8094  12201.58   0.0      4.28   1.2  27.07.2025  13:10:35
  1   5  11   7  $12    0.010     6.0028  14143.66   0.0      2.52   7.7  27.07.2025  13:10:37
  1   5  12   8  $12    0.010     4.1367  18762.66   0.0    -15.37  12.5  27.07.2025  13:10:39
  2   6   1   5  $12    0.001     3.8502  16494.38   0.0      5.40  13.1  27.07.2025  13:10:44
  2   6   3   7  $12    0.001     3.7940  16253.27   0.1     10.70  20.8  27.07.2025  13:10:46
  2   6   4   8  $12    0.010    15.2370  28721.09   0.0     -4.77   2.4  27.07.2025  13:10:50
  2   6  13   1  $12    0.010   -19.1993  14159.64   0.0     10.13   0.9  27.07.2025  13:10:52
  2   6  15   3  $12    0.010   -17.6036  15781.66   0.0     27.22   2.7  27.07.2025  13:10:54
  2   6  16   4  $12    0.010    -2.4312  53465.15   0.0     75.76   1.2  27.07.2025  13:10:56
  2   6  13   9  $12    0.010     5.3522  24275.71   0.0      2.97   6.2  27.07.2025  13:10:58
  2   6  14  10  $12    0.010     5.0069  37751.18   0.0      0.64   6.0  27.07.2025  13:11:00
  2   6  15  11  $12    0.010     4.5884  52704.83   0.0      4.11   6.2  27.07.2025  13:11:03
  2   6  16  12  $12    0.010     3.9139  64554.00   0.0     -2.59  13.0  27.07.2025  13:11:05
  2   6   9   5  $12    0.010    13.4005  17681.50   0.0      6.28   0.3  27.07.2025  13:11:07
  2   6  11   7  $12    0.010    15.2853  13505.65   0.0      4.74   0.1  27.07.2025  13:11:09
  2   6  12   8  $12    0.010     8.8899  20946.36   0.0    -27.53   0.9  27.07.2025  13:11:11
  3   7   1   5  $12    0.010    14.0118  26411.68   0.0     15.81   0.3  27.07.2025  13:11:13
  3   7   2   6  $12    0.001     3.7952  16258.48   0.0     14.65   6.5  27.07.2025  13:11:18
  3   7   4   8  $12    0.001     5.2622  22543.21   0.0      6.38  10.4  27.07.2025  13:11:20
  3   7  13   1  $12    0.010    -2.4913   3913.26   0.1     59.16   1.4  27.07.2025  13:11:24
  3   7  14   2  $12    0.010   -16.3464  12055.58   0.0     29.06   0.8  27.07.2025  13:11:26
  3   7  16   4  $12    0.010   -17.9066  16053.28   0.0     24.86   0.1  27.07.2025  13:11:28
  3   7  13   9  $12    0.010     4.9987  11777.81   0.0      7.35   0.9  27.07.2025  13:11:30
  3   7  14  10  $12    0.010     5.0874  23074.62   0.0      0.87  25.1  27.07.2025  13:11:32
  3   7  15  11  $12    0.010     5.0413  38010.49   0.0      9.19   0.8  27.07.2025  13:11:34
  3   7  16  12  $12    0.010     5.5536  63791.55   0.0      1.69  14.6  27.07.2025  13:11:36
  3   7   9   5  $12    0.010     6.5297  12308.28   0.0      6.06   3.9  27.07.2025  13:11:38
  3   7  10   6  $12    0.010    15.9720  21074.56   0.0      5.44   0.1  27.07.2025  13:11:40
  3   7  12   8  $12    0.001     2.8885  25521.69   0.0     -8.74   9.5  27.07.2025  13:11:45
  4   8   1   5  $12    0.010     9.1976  12135.93   0.0     -0.26  32.3  27.07.2025  13:11:49
  4   8   2   6  $12    0.010    15.2264  28701.16   0.0     -4.93   7.1  27.07.2025  13:11:51
  4   8   3   7  $12    0.001     5.2625  22544.69   0.0      9.49  17.3  27.07.2025  13:11:56
  4   8  13   1  $12    0.100   -13.5909   3056.72   0.0    -52.04   0.2  27.07.2025  13:12:01
  4   8  14   2  $12    0.010    -2.4281   3814.05   0.0    -51.84   2.5  27.07.2025  13:12:06
  4   8  15   3  $12    0.010   -19.2608  14204.98   0.0      7.16   2.0  27.07.2025  13:12:08
  4   8  13   9  $12    0.010     4.5570   4026.41   0.0      3.30   9.1  27.07.2025  13:12:10
  4   8  14  10  $12    0.010     4.8441  11413.54   0.0      4.26   1.4  27.07.2025  13:12:13
  4   8  15  11  $12    0.010     5.1690  23445.05   0.0      2.57  10.0  27.07.2025  13:12:15
  4   8  16  12  $12    0.010     6.4850  48895.75   0.0      1.10  11.3  27.07.2025  13:12:17
  4   8   9   5  $12    0.010     3.3483   1434.43   0.0     -0.03  88.5  27.07.2025  13:12:19
  4   8  10   6  $12    0.010     7.9753  15033.11   0.0      2.17   0.3  27.07.2025  13:12:21
  4   8  11   7  $12    0.001     2.7697  36544.75   0.0     -2.28   8.7  27.07.2025  13:12:26
  5   9   6  10  $12    0.001     3.4072  14596.34   0.1      3.66  24.0  27.07.2025  13:12:28
  5   9   7  11  $12    0.010    17.0879  32209.89   0.0      3.28   2.0  27.07.2025  13:12:31
  5   9   8  12  $12    0.010    10.8141  14268.92   0.0      2.87  14.7  27.07.2025  13:12:33
  5   9   2   6  $12    0.010   -13.3518  17617.28   0.0      8.04   8.1  27.07.2025  13:12:36
  5   9   3   7  $12    0.010    -6.5046  12260.95   0.0      8.60   6.7  27.07.2025  13:12:38
  5   9   4   8  $12    0.010    -3.2916   1410.13   0.0      9.30  12.9  27.07.2025  13:12:40
  5   9   1  13  $12    0.010     6.7492  16962.51   0.0     -0.34 106.5  27.07.2025  13:12:42
  5   9   2  14  $12    0.010     6.3113  14194.63   0.0      0.85  25.2  27.07.2025  13:12:44
  5   9   3  15  $12    0.010     4.6350   7280.60   0.0     -7.09  48.0  27.07.2025  13:12:46
  5   9   4  16  $12    0.010     3.7240   2746.50   0.0      1.19   8.4  27.07.2025  13:12:48
  5   9  14  10  $12    0.010    13.9176  12297.26   0.0      5.50   3.9  27.07.2025  13:12:50
  5   9  15  11  $12    0.010     5.9379  13990.83   0.0      5.01   1.0  27.07.2025  13:12:52
  5   9  16  12  $12    0.010     3.8016  17242.99   0.0     -0.77   2.5  27.07.2025  13:12:54
  6  10   5   9  $12    0.001     3.4056  14589.48   0.0      2.56   5.3  27.07.2025  13:12:59
  6  10   7  11  $12    0.001     3.3950  14544.32   0.0      2.16  22.9  27.07.2025  13:13:01
  6  10   8  12  $12    0.010    18.8052  35446.91   0.0      2.41   4.7  27.07.2025  13:13:05
  6  10   1   5  $12    0.010   -13.8434  12231.65   0.0      4.07   5.0  27.07.2025  13:13:07
  6  10   3   7  $12    0.010   -16.0008  21112.54   0.0      4.80   2.3  27.07.2025  13:13:09
  6  10   4   8  $12    0.010    -7.9267  14941.52   0.0      2.91  26.1  27.07.2025  13:13:11
  6  10   1  13  $12    0.010     6.3400  14259.25   0.0      3.30   4.8  27.07.2025  13:13:13
  6  10   2  14  $12    0.010     6.1427  15438.21   0.0      3.23  46.6  27.07.2025  13:13:15
  6  10   3  15  $12    0.010     4.8295  10861.98   0.0      2.49   7.1  27.07.2025  13:13:17
  6  10   4  16  $12    0.010     4.2230   6633.50   0.0      5.73   3.3  27.07.2025  13:13:19
  6  10  13   9  $12    0.010    13.5034  17817.35   0.0      6.35   1.6  27.07.2025  13:13:21
  6  10  15  11  $12    0.010    12.6638  11189.42   0.0      2.86   7.7  27.07.2025  13:13:23
  6  10  16  12  $12    0.010     6.6293  15619.95   0.0     -0.20  30.4  27.07.2025  13:13:25
  7  11   5   9  $12    0.010    17.0818  32198.39   0.0      3.23   0.6  27.07.2025  13:13:27
  7  11   6  10  $12    0.001     3.3903  14524.07   0.0      1.13   9.2  27.07.2025  13:13:32
  7  11   8  12  $12    0.001     4.7654  20415.07   0.0     -2.82  18.1  27.07.2025  13:13:34
  7  11   1   5  $12    0.010    -5.9666  14058.51   0.0      5.02  12.9  27.07.2025  13:13:38
  7  11   2   6  $12    0.010   -15.2392  13464.93   0.0      5.04   7.0  27.07.2025  13:13:40
  7  11   4   8  $12    0.001    -2.7292  36010.91   0.0     -0.36 361.5  27.07.2025  13:13:45
  7  11   1  13  $12    0.010     5.6874   8933.78   0.0      2.51   7.5  27.07.2025  13:13:49
  7  11   2  14  $12    0.010     5.7422  12914.76   0.0      8.61   8.1  27.07.2025  13:13:51
  7  11   3  15  $12    0.010     4.8317  12143.39   0.0      8.01  24.5  27.07.2025  13:13:53
  7  11   4  16  $12    0.010     4.7823  10755.78   0.0      9.35   9.2  27.07.2025  13:13:55
  7  11  13   9  $12    0.010     5.4340  10242.93   0.1     -1.36  17.9  27.07.2025  13:13:57
  7  11  14  10  $12    0.010    12.4975  16490.09   0.0      1.19  44.2  27.07.2025  13:13:59
  7  11  16  12  $12    0.010    15.0194  13270.77   0.0      0.59   6.8  27.07.2025  13:14:01
  8  12   5   9  $12    0.010    10.7924  14240.17   0.0      5.21   1.0  27.07.2025  13:14:03
  8  12   6  10  $12    0.010    18.7531  35348.76   0.0      5.57   0.7  27.07.2025  13:14:05
  8  12   7  11  $12    0.001     4.7506  20351.32   0.0      2.51   5.6  27.07.2025  13:14:10
  8  12   1   5  $12    0.010    -4.1082  18633.67   0.0    -15.55   2.4  27.07.2025  13:14:14
  8  12   2   6  $12    0.010    -8.8229  20788.54   0.0    -21.14   6.1  27.07.2025  13:14:16
  8  12   3   7  $12    0.001    -2.8542  25219.02   0.0     -1.38  62.1  27.07.2025  13:14:21
  8  12   1  13  $12    0.010     4.2919   3165.32   0.0     26.23   0.6  27.07.2025  13:14:25
  8  12   2  14  $12    0.010     4.2459   6669.44   0.2     68.75   2.2  27.07.2025  13:14:27
  8  12   3  15  $12    0.010     3.8927   8754.95   0.2     60.03   7.5  27.07.2025  13:14:29
  8  12  16   4  $12    0.010    -4.5587  11457.39   0.0     30.56   1.4  27.07.2025  13:14:31
  8  12   9  13  $12    0.010    -2.3329    999.43   0.0     16.76   1.3  27.07.2025  13:14:33
  8  12  10  14  $12    0.010    -5.6508  10651.58   0.0      8.52   2.3  27.07.2025  13:14:35
  8  12  11  15  $12    0.010   -14.4716  19094.85   0.0      6.48   0.2  27.07.2025  13:14:37
  9  13  10  14  $12    0.001     3.5012  14999.24   0.0      8.84   0.9  27.07.2025  13:14:42
  9  13  11  15  $12    0.001     2.0505  38650.96   0.2     -0.92 113.7  27.07.2025  13:14:44
  9  13  12  16  $12    0.010     8.2594  10897.98   0.0      2.48   2.1  27.07.2025  13:14:48
  9  13   6  10  $12    0.010   -13.4160  17701.98   0.0      7.19   1.9  27.07.2025  13:14:50
  9  13   7  11  $12    0.010    -5.3673  10117.03   0.0      6.17   2.9  27.07.2025  13:14:52
  9  13   8  12  $12    0.010    -2.3525   1007.79   0.1     14.79  10.3  27.07.2025  13:14:54
  9  13   5   1  $12    0.010     5.7384  43266.82   0.0      4.57  13.5  27.07.2025  13:14:56
  9  13   6   2  $12    0.010     5.3678  24346.47   0.0      1.52  96.8  27.07.2025  13:14:58
  9  13   7   3  $12    0.010     5.0235  11836.28   0.0      2.05  42.1  27.07.2025  13:15:00
  9  13   8   4  $12    0.010     4.5775   4044.58   0.0      0.62  75.4  27.07.2025  13:15:03
  9  13   2  14  $12    0.010    15.7869  11642.94   0.0     14.87   2.2  27.07.2025  13:15:05
  9  13   3  15  $12    0.010     9.7645  15338.03   0.0      4.85  15.7  27.07.2025  13:15:07
  9  13   4  16  $12    0.100    13.2139   2971.94   0.0      2.66  11.0  27.07.2025  13:15:10
 10  14   9  13  $12    0.001     3.5013  14999.51   0.0      7.29   2.2  27.07.2025  13:15:18
 10  14  11  15  $12    0.001     4.4913  19240.72   0.0      3.45   5.5  27.07.2025  13:15:20
 10  14  12  16  $12    0.010    13.2584  24991.49   0.0      2.92   0.6  27.07.2025  13:15:24
 10  14   5   9  $12    0.010   -13.8960  12278.13   0.0      5.98   1.4  27.07.2025  13:15:26
 10  14   7  11  $12    0.010   -12.4616  16442.71   0.0      3.66   1.6  27.07.2025  13:15:28
 10  14   8  12  $12    0.010    -5.6511  10652.03   0.0      2.66  10.5  27.07.2025  13:15:30
 10  14   5   1  $12    0.010     5.1264  58883.95   0.0     -0.48 126.7  27.07.2025  13:15:32
 10  14   6   2  $12    0.010     5.0011  37707.73   0.0     -0.40 217.5  27.07.2025  13:15:34
 10  14   7   3  $12    0.010     5.1181  23214.07   0.0      1.67  61.7  27.07.2025  13:15:36
 10  14   8   4  $12    0.010     4.8764  11489.63   0.0     -2.31  10.0  27.07.2025  13:15:38
 10  14   1  13  $12    0.010    15.5715  13959.89   0.0     14.13   0.4  27.07.2025  13:15:41
 10  14   3  15  $12    0.001     2.7353  20172.79   0.2      7.59  63.5  27.07.2025  13:15:45
 10  14   4  16  $12    0.010     2.7348   4295.82   0.0     -0.42  49.6  27.07.2025  13:15:49
 11  15   9  13  $12    0.010    20.1824  38042.98   0.0      6.48   0.7  27.07.2025  13:15:51
 11  15  10  14  $12    0.001     4.4787  19186.54   0.0      2.96   9.3  27.07.2025  13:15:56
 11  15  12  16  $12    0.001     2.4726  10592.38   0.0      2.61  22.5  27.07.2025  13:15:58
 11  15   5   9  $12    0.010    -5.8846  13865.18   0.0      9.66   1.0  27.07.2025  13:16:02
 11  15   6  10  $12    0.010   -12.6001  11133.07   0.0      6.21   0.8  27.07.2025  13:16:04
 11  15   8  12  $12    0.010   -14.5193  19157.82   0.0      5.76   9.1  27.07.2025  13:16:06
 11  15   5   1  $12    0.010     4.5383  74851.22   0.0      4.38  24.6  27.07.2025  13:16:08
 11  15   6   2  $12    0.010     4.6170  53032.58   0.0      9.13  15.6  27.07.2025  13:16:10
 11  15   7   3  $12    0.010     5.0733  38252.01   0.0      8.97  11.6  27.07.2025  13:16:12
 11  15   8   4  $12    0.010     5.1859  23521.53   0.0      4.66   2.1  27.07.2025  13:16:14
 11  15   1  13  $12    0.010     9.7715 214887.44   0.0      5.41   4.5  27.07.2025  13:16:16
 11  15   2  14  $12    0.001     2.7626  24766.64   0.0      0.62  60.2  27.07.2025  13:16:21
 11  15   4  16  $12    0.010     4.6765   3448.97   0.0     10.08   4.0  27.07.2025  13:16:25
 12  16   9  13  $12    0.010     8.2859  10932.96   0.0      3.19   3.2  27.07.2025  13:16:27
 12  16  10  14  $12    0.010    13.2877  25046.64   0.0      2.68   2.6  27.07.2025  13:16:29
 12  16  11  15  $12    0.001     2.4737  10597.14   0.0      0.07 576.7  27.07.2025  13:16:34
 12  16   5   9  $12    0.010    -3.7766  17129.35   0.0      7.45   3.7  27.07.2025  13:16:38
 12  16   6  10  $12    0.010    -6.6210  15600.47   0.0      4.89   0.5  27.07.2025  13:16:40
 12  16   7  11  $12    0.010   -15.0118  13264.06   0.0      2.98   4.4  27.07.2025  13:16:42
 12  16   5   1  $12    0.010     3.5756  81088.77   0.0      0.26 191.5  27.07.2025  13:16:44
 12  16   6   2  $12    0.010     3.9424  65023.06   0.0     -1.27  31.6  27.07.2025  13:16:46
 12  16   7   3  $12    0.010     5.6364  64742.67   0.0      6.55   4.8  27.07.2025  13:16:48
 12  16   8   4  $12    0.010     6.5547  49421.63   0.0      1.27  15.0  27.07.2025  13:16:50
 12  16  13   1  $12    0.100    -8.5789    839.05   0.0     27.31   0.7  27.07.2025  13:16:54
 12  16  14   2  $12    0.010    -2.6452  58171.89   0.0      6.19  20.3  27.07.2025  13:16:59
 12  16  15   3  $12    0.010    -3.6789   3298.15   0.0     23.61   3.0  27.07.2025  13:17:01
 13   1  14   2  $12    0.001     4.1615  14271.26   0.2     15.25  14.8  27.07.2025  13:17:06
 13   1  15   3  $12    0.010    17.9171  13586.84   0.0     12.88   3.6  27.07.2025  13:17:10
 13   1  16   4  $12    0.010     6.5498   8417.74   0.0     14.10   2.4  27.07.2025  13:17:12
 13   1  10  14  $12    0.010   -15.3927  13799.58   0.0     20.73   0.3  27.07.2025  13:17:14
 13   1  11  15  $12    0.010    -9.6551 212327.02   0.0      8.45   0.6  27.07.2025  13:17:16
 13   1  12  16  $12    0.100    -8.6775    848.70   0.0     33.67   0.2  27.07.2025  13:17:20
 13   1   9   5  $12    0.010     6.7586  16986.11   0.0      1.31   9.8  27.07.2025  13:17:25
 13   1  10   6  $12    0.010     6.3516  14285.43   0.0      2.58   0.4  27.07.2025  13:17:27
 13   1  11   7  $12    0.010     5.6926   8941.84   0.0      3.43   1.8  27.07.2025  13:17:29
 13   1  12   8  $12    0.010     4.3248   3189.55   0.1     20.82   3.9  27.07.2025  13:17:31
 13   1   6   2  $12    0.010    19.3542  14273.84   0.0      7.70   2.5  27.07.2025  13:17:33
 13   1   7   3  $12    0.010     2.5911   4070.04   0.3     37.54   4.6  27.07.2025  13:17:35
 13   1   8   4  $12    0.100    13.7223   3086.28   0.0    -33.41   0.6  27.07.2025  13:17:39
 14   2  13   1  $12    0.001     4.1507  14234.46   0.0     14.37   3.9  27.07.2025  13:17:47
 14   2  15   3  $12    0.001     4.9604  17010.99   0.0     17.91   3.2  27.07.2025  13:17:49
 14   2  16   4  $12    0.010     9.3557   7094.53   0.0     24.28   1.4  27.07.2025  13:17:52
 14   2   9  13  $12    0.010   -15.5791  11489.68   0.0     20.31   0.5  27.07.2025  13:17:55
 14   2  11  15  $12    0.001    -2.7024  24227.04   0.0     14.29   0.9  27.07.2025  13:17:59
 14   2  12  16  $12    0.010    -2.6581  58454.87   0.0     25.15   0.6  27.07.2025  13:18:03
 14   2   9   5  $12    0.010     6.3100  14191.89   0.0      1.18   7.1  27.07.2025  13:18:05
 14   2  10   6  $12    0.010     6.1246  15392.76   0.0      6.88   1.2  27.07.2025  13:18:07
 14   2  11   7  $12    0.010     5.6869  12790.46   0.0     12.36   0.6  27.07.2025  13:18:09
 14   2  12   8  $12    0.010     4.2072   6608.58   0.0     72.70   2.6  27.07.2025  13:18:11
 14   2   5   1  $12    0.010    19.0798  17105.06   0.0      9.72   1.0  27.07.2025  13:18:13
 14   2   7   3  $12    0.010    16.4151  12106.25   0.0     25.42   1.5  27.07.2025  13:18:16
 14   2   8   4  $12    0.010     2.4807   3896.73   0.1    -60.28   1.8  27.07.2025  13:18:18
 15   3  13   1  $12    0.010    17.9124  13583.23   0.0     13.09   0.6  27.07.2025  13:18:20
 15   3  14   2  $12    0.001     4.9852  17096.19   0.0     16.68   5.3  27.07.2025  13:18:24
 15   3  16   4  $12    0.001     2.7655   9484.02   0.1     12.64   7.0  27.07.2025  13:18:27
 15   3   9  13  $12    0.010    -9.6823  15208.96   0.0     13.58   0.8  27.07.2025  13:18:30
 15   3  10  14  $12    0.001    -2.6659  19661.34   0.0     15.18   0.4  27.07.2025  13:18:35
 15   3  12  16  $12    0.010    -3.6897   3307.79   0.0     39.85   0.2  27.07.2025  13:18:39
 15   3   9   5  $12    0.010     4.6414   7290.69   0.0     -0.83  58.5  27.07.2025  13:18:41
 15   3  10   6  $12    0.010     4.8150  10829.43   0.0      4.99   2.6  27.07.2025  13:18:43
 15   3  11   7  $12    0.010     4.7995  12062.41   0.0     11.30   2.9  27.07.2025  13:18:45
 15   3  12   8  $12    0.010     3.8727   8709.98   0.1     60.72   3.6  27.07.2025  13:18:47
 15   3   5   1  $12    0.010     3.5740  78597.20   0.0     39.18   1.8  27.07.2025  13:18:49
 15   3   6   2  $12    0.010    17.6506  15823.85   0.0     26.37   2.0  27.07.2025  13:18:51
 15   3   8   4  $12    0.010    19.7071  14534.15   0.0      7.37   0.0  27.07.2025  13:18:53
 16   4  13   1  $12    0.010     6.5537   8422.75   0.0     12.03   1.0  27.07.2025  13:18:55
 16   4  14   2  $12    0.010     9.3824   7114.80   0.0     17.97   6.4  27.07.2025  13:18:58
 16   4  15   3  $12    0.001     2.7429   9406.47   0.4     18.05   9.1  27.07.2025  13:19:03
 16   4   9  13  $12    0.100   -13.1495   2957.44   0.0     10.27   0.8  27.07.2025  13:19:08
 16   4  10  14  $12    0.010    -2.6766   4204.47   0.0     14.14   1.1  27.07.2025  13:19:13
 16   4  11  15  $12    0.010    -4.5825   3379.60   0.0     19.54   3.4  27.07.2025  13:19:15
 16   4   9   5  $12    0.010     3.6778   2712.41   0.0      2.04   8.8  27.07.2025  13:19:17
 16   4  10   6  $12    0.010     4.1814   6568.09   0.0      6.46   1.1  27.07.2025  13:19:19
 16   4  11   7  $12    0.010     4.7257  10628.66   0.0     10.74   0.5  27.07.2025  13:19:21
 16   4  12   8  $12    0.010     4.5640  11470.66   0.0     21.61   3.1  27.07.2025  13:19:23
 16   4   5   1  $12    0.100    15.2751   1493.97   0.0     33.90   0.1  27.07.2025  13:19:27
 16   4   6   2  $12    0.010     2.5182  55377.80   0.0     37.55   4.0  27.07.2025  13:19:32
 16   4   7   3  $12    0.010    17.6351  15809.93   0.0     17.46   1.2  27.07.2025  13:19:34
  1   4   2   3  $12    0.001     3.5001  21991.58   0.0     10.45   0.4  27.07.2025  13:19:39
  2   3   1   4  $12    0.001     3.5363  22219.32   0.0      7.14  10.7  27.07.2025  13:19:41
  1   2   3   4  $12    0.010   -12.8285  24181.18   0.0     21.83   0.8  27.07.2025  13:19:45
  3   4   1   2  $12    0.010   -12.8592  24238.94   0.0     18.96   3.9  27.07.2025  13:19:47
  5   8   6   7  $12    0.001     2.9012  18228.49   0.0     -2.69  16.8  27.07.2025  13:19:52
  6   7   5   8  $12    0.001     2.9026  18237.38   0.1     -1.92 115.5  27.07.2025  13:19:54
  5   6   7   8  $12    0.010    -4.5149   8510.40   0.0     11.54   8.3  27.07.2025  13:19:58
  7   8   5   6  $12    0.010    -4.4387   8366.78   0.0     16.00   4.3  27.07.2025  13:20:00
  9  12  10  11  $12    0.010    17.9661  11288.42   0.0      4.41   0.6  27.07.2025  13:20:02
 10  11   9  12  $12    0.010    18.0026  11311.37   0.0      3.77   1.6  27.07.2025  13:20:04
  9  10  11  12  $12    0.010    -3.4664   6534.07   0.0      5.69   1.0  27.07.2025  13:20:06
 11  12   9  10  $12    0.010    -3.4648   6531.01   0.0      4.85   1.5  27.07.2025  13:20:08
 13  16  14  15  $12    0.010     8.9381   5615.96   0.0     21.85   0.9  27.07.2025  13:20:10
 14  15  13  16  $12    0.010     8.8823   5580.90   0.0     23.82   0.2  27.07.2025  13:20:12
 13  14  15  16  $12    0.010   -15.2335  28714.41   0.0      3.10   2.7  27.07.2025  13:20:14
  1   9  10   2  $12    0.001    -4.4442  15992.55   0.0     12.77   4.0  27.07.2025  13:20:19
  1   9  11   3  $12    0.010   -18.5884  15926.50   0.0     11.08   2.3  27.07.2025  13:20:23
  1   9  12   4  $12    0.010   -12.5362  20962.33   0.0     10.22   5.5  27.07.2025  13:20:25
  2  10   9   1  $12    0.001    -4.4495  16011.63   0.0     13.46   5.4  27.07.2025  13:20:30
  2  10  11   3  $12    0.001    -3.9833  14334.29   0.0     23.63   4.1  27.07.2025  13:20:32
  2  10  12   4  $12    0.010   -17.1672  14708.83   0.0     14.40   0.1  27.07.2025  13:20:36
  3  11   9   1  $12    0.010   -18.5457  15889.95   0.0     15.26   1.0  27.07.2025  13:20:38
  3  11  10   2  $12    0.001    -3.9601  14250.46   0.2     28.24   8.0  27.07.2025  13:20:43
  3  11  12   4  $12    0.001    -4.3240  15560.19   0.0     20.27   2.7  27.07.2025  13:20:45
 12   4   9   1  $12    0.010    12.5913  21054.35   0.0      7.87   1.1  27.07.2025  13:20:49
 12   4  10   2  $12    0.010    17.2575  14786.19   0.0      9.62   7.6  27.07.2025  13:20:51
 12   4  11   3  $12    0.001     4.3659  15710.95   0.0      9.79  11.3  27.07.2025  13:20:56
 13   5  14   6  $12    0.001     4.1432  14909.42   0.0      8.09   4.0  27.07.2025  13:20:58
 13   5  15   7  $12    0.001     2.6264  22503.31   0.0      3.63   7.8  27.07.2025  13:21:00
 13   5  16   8  $12    0.010    12.9179  21600.56   0.0      3.38   8.3  27.07.2025  13:21:03
 14   6  13   5  $12    0.001     4.1342  14876.99   0.0      9.21   0.8  27.07.2025  13:21:08
 14   6  15   7  $12    0.001     5.3401  19216.51   0.0      5.37   3.0  27.07.2025  13:21:10
 14   6  16   8  $12    0.001     2.0206  17312.11   0.2     -1.28 303.7  27.07.2025  13:21:12
 15   7  13   5  $12    0.001     2.6271  22508.60   0.1      3.73 106.4  27.07.2025  13:21:14
 15   7  14   6  $12    0.001     5.3549  19269.83   0.0      3.03   7.3  27.07.2025  13:21:17
 15   7  16   8  $12    0.001     4.2430  15268.67   0.0      4.53  26.8  27.07.2025  13:21:19
 16   8  13   5  $12    0.010    12.8500  21486.90   0.0      8.09   0.3  27.07.2025  13:21:22
 16   8  14   6  $12    0.010    19.6800  16861.82   0.0      7.36   3.0  27.07.2025  13:21:24
 16   8  15   7  $12    0.001     4.2277  15213.76   0.0      4.21   1.6  27.07.2025  13:21:29
  1   2   5   6  $12    0.100     1.3064   2462.52   0.0     52.78   0.3  27.07.2025  13:21:38
  2   3   6   7  $12    0.100     5.3868  10153.94   0.0     -2.05  17.6  27.07.2025  13:21:40
  3   4   7   8  $12    0.100     4.0922   7713.60   0.0   -406.63   0.0  27.07.2025  13:21:42
  1   2   9  10  $12    0.100     0.5052   7999.52   0.0   -202.94   0.9  27.07.2025  13:21:48
  2   3  10  11  $12    0.100     2.1473  33999.22   0.0     -2.29  16.2  27.07.2025  13:21:49
  3   4  11  12  $12    0.100     0.8339  13204.01   0.0     -6.57   6.0  27.07.2025  13:21:55
  1   2  13  14  $12    0.100     1.4992  80823.65   0.0    -79.17   1.3  27.07.2025  13:22:00
  2   3  14  15  $12    0.100     3.0477 164298.40   0.0      2.41  26.3  27.07.2025  13:22:02
  3   4  15  16  $12    0.100     6.3265 341059.24   0.1     20.10   2.9  27.07.2025  13:22:04
  5   6   9  10  $12    1.000    19.1279   3605.52   0.0     -1.61   5.6  27.07.2025  13:22:08
  6   7  10  11  $12    0.100     2.8873   5442.43   0.0     -2.37   2.1  27.07.2025  13:22:13
  7   8  11  12  $12    0.100     4.2097   7935.06   0.0      1.15   3.4  27.07.2025  13:22:15
  5   6  13  14  $12    1.000     5.4998   8708.11   0.0    -16.14   0.2  27.07.2025  13:22:19
  6   7  14  15  $12    1.000     3.6105   5716.65   0.0     55.22   0.8  27.07.2025  13:22:21
  7   8  15  16  $12    0.100     1.9107  30253.48   0.0    -76.27   0.3  27.07.2025  13:22:26
  9  10  13  14  $12    0.100     2.0352   3836.22   0.2    -11.18  10.4  27.07.2025  13:22:28
 10  11  14  15  $12    1.000    12.9689   2444.58   0.0     14.98   0.9  27.07.2025  13:22:32
 11  12  15  16  $12    0.100     6.0839  11467.97   0.0      2.41   9.6  27.07.2025  13:22:37
  1   2   6   7  $12    0.100     0.9334   3518.94   0.7    220.40   4.9  27.07.2025  13:22:42
  2   3   7   8  $12    0.100     6.8222  25718.92   0.0    -22.51   1.8  27.07.2025  13:22:44
  1   2   7   8  $12    0.100    -1.3494   8902.14   0.3  -1055.65   0.3  27.07.2025  13:22:50
  2   3   7   8  $12    0.100     6.7771  25549.17   0.0    -24.70   2.3  27.07.2025  13:22:52
  1   2  10  11  $12    0.100     0.5276  11933.94   0.3   -118.70   2.5  27.07.2025  13:22:57
  2   3  11  12  $12    0.100     1.8858  42654.66   0.0     -4.82  16.2  27.07.2025  13:23:02
  1   2  11  12  $12    0.100     0.4436  13796.68   0.0    -26.66   0.5  27.07.2025  13:23:08
  2   3  11  12  $12    0.100     1.8861  42662.25   0.0     -4.09   1.2  27.07.2025  13:23:13
  1   2  14  15  $12    0.100     0.5665  38869.16   0.1    172.21   1.1  27.07.2025  13:23:18
  2   3  15  16  $12    0.100    12.9090 885717.49   0.0     -5.84  13.1  27.07.2025  13:23:20
  1   2  15  16  $12    0.100     2.5836 221587.73   0.0    -64.75   1.1  27.07.2025  13:23:22
  2   3  15  16  $12    0.100    12.9142 886074.82   0.0     -6.31   0.8  27.07.2025  13:23:24
  5   6  10  11  $12    0.100     2.2872   8622.67   0.0     -4.18   4.3  27.07.2025  13:23:26
  6   7  11  12  $12    0.100     3.0236  11398.70   0.0     -1.71   1.0  27.07.2025  13:23:28
  5   6  11  12  $12    0.100     2.1151  13954.04   0.0     -3.47   6.5  27.07.2025  13:23:30
  6   7  11  12  $12    0.100     3.0238  11399.41   0.0     -1.94  12.7  27.07.2025  13:23:32
  5   6  14  15  $12    1.000     3.1739   7179.18   0.0     21.24   0.6  27.07.2025  13:23:36
  6   7  15  16  $12    1.000    17.3522  39249.81   0.0    -20.50   0.4  27.07.2025  13:23:38
  5   6  15  16  $12    1.000    14.2831  44422.85   0.0     -5.21   1.0  27.07.2025  13:23:40
  6   7  15  16  $12    1.000    17.3544  39254.83   0.0    -21.79   0.0  27.07.2025  13:23:42
  9  10  14  15  $12    1.000     9.2590   3490.57   0.0      3.33  10.7  27.07.2025  13:23:44
 10  11  15  16  $12    0.100     5.8588  22087.15   0.0      4.31   3.8  27.07.2025  13:23:49
  9  10  15  16  $12    0.100     3.4454  22730.70   0.0      5.20   3.5  27.07.2025  13:23:51
 10  11  15  16  $12    0.100     5.8576  22082.69   0.0      4.00   1.8  27.07.2025  13:23:54
