//C:\Users\user\Desktop\GeoTom\GeoTomE724.ini
//- Cable direction:
//  cable I: normal
//  cable II: normal
//  cable III: normal
//  cable IV: normal
//- Cable arrangement: sequential
//- Optimization: Last measurement
//- Sorting: Multi-level
//- Current levels: 0.001 mA .. 50.0 mA
Type:         Flow
Name:         Hyprop
Comment:      Example of a measurements sequence
Comment:      
Comment:      
Spacing:      1.00000
First El:     0.00000
Nr of points: 289
IP present:   1

  1   5   2   6  $12    0.001     2.8325  12134.52   0.0      9.21   6.6  25.07.2025  03:10:08
  1   5   3   7  $12    0.010     8.8906  16758.45   0.0      7.92   0.7  25.07.2025  03:10:12
  1   5   4   8  $12    0.010     5.3948   7118.26   0.0      1.64  24.6  25.07.2025  03:10:14
  1   5  14   2  $12    0.010   -14.5312  13027.25   0.0     15.36   2.0  25.07.2025  03:10:17
  1   5  15   3  $12    0.010    -2.2115  48633.97   0.0     19.19   8.4  25.07.2025  03:10:19
  1   5  16   4  $12    0.100    -9.3566    915.11   0.0     13.61   0.1  25.07.2025  03:10:22
  1   5  13   9  $12    0.010     3.6297  27367.15   0.0      4.72   1.9  25.07.2025  03:10:27
  1   5  14  10  $12    0.010     3.1669  36376.26   0.0      2.50   1.7  25.07.2025  03:10:29
  1   5  15  11  $12    0.010     2.7672  45640.32   0.0      2.76   5.3  25.07.2025  03:10:31
  1   5  16  12  $12    0.010     2.1761  49350.55   0.0     -1.86  17.8  25.07.2025  03:10:33
  1   5  10   6  $12    0.010    10.1281   8948.96   0.0      5.85   2.2  25.07.2025  03:10:35
  1   5  11   7  $12    0.010     3.9022   9194.45   0.0      5.36   1.3  25.07.2025  03:10:38
  1   5  12   8  $12    0.010     2.2945  10407.13   0.0    -10.66   6.3  25.07.2025  03:10:40
  2   6   1   5  $12    0.001     2.8162  12064.67   0.0     11.79   4.9  25.07.2025  03:10:44
  2   6   3   7  $12    0.010    16.6151   7117.91   0.0     14.37   0.5  25.07.2025  03:10:48
  2   6   4   8  $12    0.010     7.9622  15008.46   0.0      2.91  16.1  25.07.2025  03:10:50
  2   6  13   1  $12    0.010   -14.6007  10768.12   0.0     15.43   0.8  25.07.2025  03:10:52
  2   6  15   3  $12    0.010    -5.3900   4832.15   0.0     24.73   2.0  25.07.2025  03:10:54
  2   6  16   4  $12    0.100   -15.0264  33044.68   0.0     17.65   0.2  25.07.2025  03:10:58
  2   6  13   9  $12    0.010     3.2115  14566.43   0.0      5.57   2.6  25.07.2025  03:11:03
  2   6  14  10  $12    0.010     2.9305  22095.33   0.0      5.55   2.2  25.07.2025  03:11:05
  2   6  15  11  $12    0.010     2.6945  30950.50   0.0      5.97   1.0  25.07.2025  03:11:07
  2   6  16  12  $12    0.010     2.2819  37635.69   0.0      2.78  17.1  25.07.2025  03:11:09
  2   6   9   5  $12    0.010     9.8948  13055.93   0.0      8.73   1.7  25.07.2025  03:11:11
  2   6  11   7  $12    0.010     8.5181   7526.40   0.0     11.53   1.6  25.07.2025  03:11:13
  2   6  12   8  $12    0.010     4.2197   9942.38   0.0     -7.62  17.2  25.07.2025  03:11:15
  3   7   1   5  $12    0.010     8.8704  16720.23   0.0      8.77   1.0  25.07.2025  03:11:18
  3   7   2   6  $12    0.010    16.6381   7127.75   0.0     12.21   3.5  25.07.2025  03:11:20
  3   7   4   8  $12    0.001     2.3688  10147.87   0.0      4.64  32.0  25.07.2025  03:11:25
  3   7  13   1  $12    0.100   -18.3518   2882.70   0.0     16.91   1.0  25.07.2025  03:11:30
  3   7  14   2  $12    0.010    -4.7996   3539.71   0.0     31.23   2.7  25.07.2025  03:11:35
  3   7  16   4  $12    0.010    -8.7721   7864.21   0.0     12.73   1.1  25.07.2025  03:11:37
  3   7  13   9  $12    0.010     2.7459   6469.80   0.0      3.28   3.6  25.07.2025  03:11:39
  3   7  14  10  $12    0.010     2.7375  12416.58   0.0      1.43  56.8  25.07.2025  03:11:41
  3   7  15  11  $12    0.010     2.8064  21159.64   0.0      6.29   3.0  25.07.2025  03:11:43
  3   7  16  12  $12    0.010     2.9046  33363.79   0.0      1.94  21.1  25.07.2025  03:11:45
  3   7   9   5  $12    0.010     4.2844   8075.99   0.0      4.53   1.6  25.07.2025  03:11:47
  3   7  10   6  $12    0.010     8.9392  11795.04   0.0      6.53   0.2  25.07.2025  03:11:49
  3   7  12   8  $12    0.010    11.5692  10222.21   0.0     -4.70   5.4  25.07.2025  03:11:51
  4   8   1   5  $12    0.010     5.3988   7123.54   0.0      2.44   5.2  25.07.2025  03:11:53
  4   8   2   6  $12    0.010     8.0053  15089.58   0.0      2.17  33.8  25.07.2025  03:11:55
  4   8   3   7  $12    0.001     2.3623  10120.13   0.0     -1.96  15.4  25.07.2025  03:12:00
  4   8  13   1  $12    0.100    -9.6440   2169.02   0.0    -11.06   0.6  25.07.2025  03:12:06
  4   8  14   2  $12    0.100   -15.4378   2424.96   0.0    -19.80   0.6  25.07.2025  03:12:08
  4   8  15   3  $12    0.010    -9.4320   6956.14   0.0      8.17   2.1  25.07.2025  03:12:13
  4   8  13   9  $12    0.010     2.4221   2140.10   0.0     -1.13  47.0  25.07.2025  03:12:15
  4   8  14  10  $12    0.010     2.5158   5927.66   0.0      3.52   2.5  25.07.2025  03:12:17
  4   8  15  11  $12    0.010     2.7393  12424.52   0.0      3.37   3.1  25.07.2025  03:12:19
  4   8  16  12  $12    0.010     3.1389  23666.88   0.0     -0.19 202.2  25.07.2025  03:12:21
  4   8   9   5  $12    0.010     2.0234    866.82   0.0      1.93  13.8  25.07.2025  03:12:23
  4   8  10   6  $12    0.010     3.9536   7452.36   0.0      2.48   2.7  25.07.2025  03:12:25
  4   8  11   7  $12    0.010    11.1519  14714.61   0.0      2.36   3.4  25.07.2025  03:12:27
  5   9   6  10  $12    0.001     2.3824  10206.14   0.0      4.24   9.8  25.07.2025  03:12:32
  5   9   7  11  $12    0.010    10.4135  19628.95   0.0      4.13   1.3  25.07.2025  03:12:36
  5   9   8  12  $12    0.010     6.2643   8265.49   0.0      2.69  28.3  25.07.2025  03:12:38
  5   9   2   6  $12    0.010    -9.8734  13027.63   0.0      9.92   1.2  25.07.2025  03:12:40
  5   9   3   7  $12    0.010    -4.2481   8007.57   0.0      7.21  13.1  25.07.2025  03:12:42
  5   9   4   8  $12    0.100   -20.0087    857.17   0.0      6.52   1.4  25.07.2025  03:12:46
  5   9   1  13  $12    0.010     3.8797   9750.84   0.0      0.30  56.7  25.07.2025  03:12:51
  5   9   2  14  $12    0.010     3.6099   8118.95   0.0     -5.73  27.4  25.07.2025  03:12:53
  5   9   3  15  $12    0.010     2.6770   4205.09   0.0      4.04  30.5  25.07.2025  03:12:55
  5   9   4  16  $12    0.010     2.3054   1700.23   0.0      1.11  11.9  25.07.2025  03:12:57
  5   9  14  10  $12    0.010     9.9683   8807.72   0.0      3.99   2.1  25.07.2025  03:12:59
  5   9  15  11  $12    0.010     3.4846   8210.50   0.0      0.71  15.1  25.07.2025  03:13:01
  5   9  16  12  $12    0.100    19.5531   8868.66   0.0      2.35   1.8  25.07.2025  03:13:05
  6  10   5   9  $12    0.001     2.3786  10190.03   0.0      1.62  16.4  25.07.2025  03:13:13
  6  10   7  11  $12    0.010    18.5934   7965.39   0.0      5.13   0.6  25.07.2025  03:13:17
  6  10   8  12  $12    0.010     9.7221  18325.69   0.0      2.88  12.9  25.07.2025  03:13:19
  6  10   1   5  $12    0.010   -10.1027   8926.49   0.0      8.45   1.1  25.07.2025  03:13:21
  6  10   3   7  $12    0.010    -8.9767  11844.48   0.0      8.82   2.8  25.07.2025  03:13:23
  6  10   4   8  $12    0.010    -3.9037   7358.32   0.0      8.25   4.3  25.07.2025  03:13:25
  6  10   1  13  $12    0.010     3.5921   8078.91   0.0      0.28 386.9  25.07.2025  03:13:27
  6  10   2  14  $12    0.010     3.5055   8810.27   0.0     -1.41  21.2  25.07.2025  03:13:29
  6  10   3  15  $12    0.010     2.8193   6340.81   0.0     -5.53   6.3  25.07.2025  03:13:31
  6  10   4  16  $12    0.010     2.5989   4082.32   0.0      2.24  20.5  25.07.2025  03:13:33
  6  10  13   9  $12    0.010     9.7881  12915.05   0.0      4.68   4.1  25.07.2025  03:13:35
  6  10  15  11  $12    0.010     6.8077   6015.13   0.0      3.22  10.6  25.07.2025  03:13:37
  6  10  16  12  $12    0.010     3.2150   7575.27   0.0     -1.02   9.2  25.07.2025  03:13:39
  7  11   5   9  $12    0.010    10.4151  19632.09   0.0      3.52   1.8  25.07.2025  03:13:41
  7  11   6  10  $12    0.010    18.5608   7951.43   0.0      4.14   3.3  25.07.2025  03:13:43
  7  11   8  12  $12    0.010    21.2076   9085.34   0.0      1.85  10.7  25.07.2025  03:13:45
  7  11   1   5  $12    0.010    -3.8511   9073.91   0.0     11.07   1.4  25.07.2025  03:13:47
  7  11   2   6  $12    0.010    -8.4764   7489.49   0.0      6.33   2.6  25.07.2025  03:13:49
  7  11   4   8  $12    0.010   -10.9700  14474.63   0.0      3.24   5.6  25.07.2025  03:13:51
  7  11   1  13  $12    0.010     3.1475   4944.05   0.0     -1.20  24.4  25.07.2025  03:13:54
  7  11   2  14  $12    0.010     3.2100   7219.49   0.0     -1.04  53.2  25.07.2025  03:13:56
  7  11   3  15  $12    0.010     2.8181   7082.60   0.0      5.43  11.4  25.07.2025  03:13:58
  7  11   4  16  $12    0.010     2.9118   6548.87   0.0     -1.05  46.5  25.07.2025  03:14:00
  7  11  13   9  $12    0.010     3.4087   6425.24   0.0      3.00  10.0  25.07.2025  03:14:02
  7  11  14  10  $12    0.010     6.8553   9045.33   0.0      1.16   6.8  25.07.2025  03:14:04
  7  11  16  12  $12    0.010     7.3080   6457.18   0.0      1.66   7.6  25.07.2025  03:14:06
  8  12   5   9  $12    0.010     6.2338   8225.27   0.0      5.59   1.2  25.07.2025  03:14:08
  8  12   6  10  $12    0.010     9.6866  18258.77   0.0      5.60   0.7  25.07.2025  03:14:10
  8  12   7  11  $12    0.010    21.2854   9118.63   0.0      3.42   0.8  25.07.2025  03:14:12
  8  12   1   5  $12    0.010    -2.2518  10213.36   0.0      6.02   4.7  25.07.2025  03:14:14
  8  12   2   6  $12    0.010    -4.1983   9892.11   0.0      2.18  38.7  25.07.2025  03:14:16
  8  12   3   7  $12    0.010   -11.6590  10301.61   0.0      0.19  95.7  25.07.2025  03:14:18
  8  12   1  13  $12    0.010     2.4904   1836.68   0.0     10.65   4.2  25.07.2025  03:14:20
  8  12   2  14  $12    0.010     2.5924   4072.11   0.2     18.43   1.6  25.07.2025  03:14:22
  8  12   3  15  $12    0.010     2.5416   5716.34   0.0     10.17   5.4  25.07.2025  03:14:24
  8  12  16   4  $12    0.010    -2.8113   7065.48   0.0     18.42   0.6  25.07.2025  03:14:27
  8  12   9  13  $12    0.100   -14.7540    632.06   0.0      9.16   0.2  25.07.2025  03:14:30
  8  12  10  14  $12    0.010    -2.8741   5417.47   0.0      9.50   2.1  25.07.2025  03:14:35
  8  12  11  15  $12    0.010    -7.0399   9288.88   0.0      8.16   1.0  25.07.2025  03:14:37
  9  13  10  14  $12    0.010    22.6372   9697.75   0.0      9.32   0.9  25.07.2025  03:14:39
  9  13  11  15  $12    0.010    11.2085  21127.54   0.0      4.86   1.2  25.07.2025  03:14:41
  9  13  12  16  $12    0.010     4.6839   6180.31   0.0      3.07  10.5  25.07.2025  03:14:43
  9  13   6  10  $12    0.010    -9.7226  12828.61   0.0      9.31   1.6  25.07.2025  03:14:46
  9  13   7  11  $12    0.010    -3.3500   6314.55   0.0      8.78   1.9  25.07.2025  03:14:48
  9  13   8  12  $12    0.100   -14.7047    629.95   0.0      5.38   5.9  25.07.2025  03:14:51
  9  13   5   1  $12    0.010     3.6363  27417.08   0.0      3.66   4.5  25.07.2025  03:14:56
  9  13   6   2  $12    0.010     3.2110  14564.01   0.0      2.71  23.7  25.07.2025  03:14:58
  9  13   7   3  $12    0.010     2.7456   6469.26   0.0     -0.97  64.3  25.07.2025  03:15:00
  9  13   8   4  $12    0.010     2.4265   2144.03   0.0     -1.56  41.1  25.07.2025  03:15:02
  9  13   2  14  $12    0.010     9.6336   7104.87   0.0     14.30   5.0  25.07.2025  03:15:04
  9  13   3  15  $12    0.010     5.0848   7987.13   0.0      2.15  63.1  25.07.2025  03:15:06
  9  13   4  16  $12    0.100     7.9023   1777.31   0.0      0.86   6.2  25.07.2025  03:15:10
 10  14   9  13  $12    0.010    22.5863   9675.94   0.0      8.10   0.5  25.07.2025  03:15:15
 10  14  11  15  $12    0.010    21.6290   9265.83   0.0      2.93   1.8  25.07.2025  03:15:17
 10  14  12  16  $12    0.010     6.8889  12985.36   0.0      1.78   3.1  25.07.2025  03:15:19
 10  14   5   9  $12    0.010    -9.9303   8774.12   0.0      6.06   0.7  25.07.2025  03:15:21
 10  14   7  11  $12    0.010    -6.8172   8995.07   0.0      4.16   2.0  25.07.2025  03:15:23
 10  14   8  12  $12    0.010    -2.8732   5415.87   0.0      8.47   2.9  25.07.2025  03:15:25
 10  14   5   1  $12    0.010     3.1896  36637.33   0.0     -1.14  34.8  25.07.2025  03:15:27
 10  14   6   2  $12    0.010     2.9591  22310.94   0.0      7.16  15.8  25.07.2025  03:15:29
 10  14   7   3  $12    0.010     2.7586  12512.16   0.0     -3.95  26.1  25.07.2025  03:15:32
 10  14   8   4  $12    0.010     2.5427   5991.06   0.0      0.40 412.8  25.07.2025  03:15:34
 10  14   1  13  $12    0.010     9.5054   8521.62   0.0     11.95   1.4  25.07.2025  03:15:36
 10  14   3  15  $12    0.010    12.0475   8885.11   0.0      2.82   3.0  25.07.2025  03:15:38
 10  14   4  16  $12    0.100    14.5338   2282.96   0.0      2.59   1.2  25.07.2025  03:15:42
 11  15   9  13  $12    0.010    11.2177  21144.88   0.0      5.64   0.3  25.07.2025  03:15:47
 11  15  10  14  $12    0.010    21.5934   9250.57   0.0      4.17   2.6  25.07.2025  03:15:49
 11  15  12  16  $12    0.010    12.7753   5472.95   0.0      4.82   0.1  25.07.2025  03:15:51
 11  15   5   9  $12    0.010    -3.4402   8105.71   0.0     10.16   0.8  25.07.2025  03:15:53
 11  15   6  10  $12    0.010    -6.7393   5954.63   0.0      5.81   1.2  25.07.2025  03:15:55
 11  15   8  12  $12    0.010    -7.0454   9296.15   0.0      7.07   9.7  25.07.2025  03:15:57
 11  15   5   1  $12    0.010     2.7787  45830.09   0.1     -1.09  71.4  25.07.2025  03:15:59
 11  15   6   2  $12    0.010     2.7106  31134.65   0.0      8.64  10.3  25.07.2025  03:16:01
 11  15   7   3  $12    0.010     2.8155  21228.29   0.0      8.55   4.4  25.07.2025  03:16:03
 11  15   8   4  $12    0.010     2.7531  12487.26   0.1     -1.45  11.7  25.07.2025  03:16:05
 11  15   1  13  $12    0.010     5.0085 110142.18   0.0      5.14   3.6  25.07.2025  03:16:07
 11  15   2  14  $12    0.010    12.1401  10883.68   0.0      3.22   6.0  25.07.2025  03:16:09
 11  15   4  16  $12    0.010     2.9701   2190.51   0.0      2.67  15.2  25.07.2025  03:16:11
 12  16   9  13  $12    0.010     4.7057   6208.97   0.0      1.38   7.2  25.07.2025  03:16:13
 12  16  10  14  $12    0.010     6.9120  13028.81   0.0      1.06   4.6  25.07.2025  03:16:15
 12  16  11  15  $12    0.010    12.8325   5497.42   0.0      3.33   1.2  25.07.2025  03:16:17
 12  16   5   9  $12    0.100   -19.6690   8921.23   0.0      3.75   0.3  25.07.2025  03:16:21
 12  16   6  10  $12    0.010    -3.1813   7495.65   0.0      8.84   0.6  25.07.2025  03:16:26
 12  16   7  11  $12    0.010    -7.2826   6434.67   0.0      5.39   3.9  25.07.2025  03:16:28
 12  16   5   1  $12    0.010     2.1962  49806.59   0.0      1.28  62.1  25.07.2025  03:16:30
 12  16   6   2  $12    0.010     2.3129  38147.78   0.1     -7.91  23.1  25.07.2025  03:16:32
 12  16   7   3  $12    0.010     2.9418  33790.61   0.0      3.94   8.8  25.07.2025  03:16:35
 12  16   8   4  $12    0.010     3.1700  23901.53   0.0     -4.62  13.6  25.07.2025  03:16:37
 12  16  13   1  $12    0.100    -5.3351    521.80   0.0     22.01   0.5  25.07.2025  03:16:40
 12  16  14   2  $12    0.100   -13.7575  30254.33   0.0      4.19   6.8  25.07.2025  03:16:42
 12  16  15   3  $12    0.010    -2.5611   2296.00   0.1     15.51   2.9  25.07.2025  03:16:47
 13   1  14   2  $12    0.001     2.8109   9639.55   0.0     13.44   4.6  25.07.2025  03:16:52
 13   1  15   3  $12    0.010     9.9743   7563.69   0.0      5.51   1.0  25.07.2025  03:16:56
 13   1  16   4  $12    0.010     4.0228   5170.09   0.0      2.41   7.9  25.07.2025  03:16:58
 13   1  10  14  $12    0.010    -9.3608   8392.03   0.0     21.46   0.9  25.07.2025  03:17:00
 13   1  11  15  $12    0.010    -4.9328 108478.86   0.0     10.10   0.8  25.07.2025  03:17:02
 13   1  12  16  $12    0.100    -5.3220    520.52   0.0     19.88   0.5  25.07.2025  03:17:06
 13   1   9   5  $12    0.010     3.8835   9760.27   0.0      0.99   1.7  25.07.2025  03:17:11
 13   1  10   6  $12    0.010     3.5929   8080.80   0.0      1.00  26.1  25.07.2025  03:17:13
 13   1  11   7  $12    0.010     3.1422   4935.70   0.0     -0.03 725.2  25.07.2025  03:17:15
 13   1  12   8  $12    0.010     2.5002   1843.94   0.0      9.24  15.4  25.07.2025  03:17:17
 13   1   6   2  $12    0.010    14.7102  10848.88   0.0     11.14   2.1  25.07.2025  03:17:19
 13   1   7   3  $12    0.100    18.5772   2918.11   0.0     14.21   0.1  25.07.2025  03:17:23
 13   1   8   4  $12    0.100     9.7125   2184.42   0.0     -8.65   3.7  25.07.2025  03:17:25
 14   2  13   1  $12    0.001     2.7922   9575.41   0.0     15.27   2.3  25.07.2025  03:17:33
 14   2  15   3  $12    0.001     2.0464   7017.87   0.1     10.14   6.4  25.07.2025  03:17:35
 14   2  16   4  $12    0.010     5.5426   4203.01   0.0      6.17   0.9  25.07.2025  03:17:39
 14   2   9  13  $12    0.010    -9.4455   6966.13   0.0     21.07   0.2  25.07.2025  03:17:41
 14   2  11  15  $12    0.010   -12.0376  10791.78   0.0      8.21   0.2  25.07.2025  03:17:43
 14   2  12  16  $12    0.100   -13.9150  30600.72   0.0      7.81   0.3  25.07.2025  03:17:47
 14   2   9   5  $12    0.010     3.6053   8108.61   0.0      2.83   4.5  25.07.2025  03:17:52
 14   2  10   6  $12    0.010     3.4925   8777.56   0.0      2.75   2.3  25.07.2025  03:17:54
 14   2  11   7  $12    0.010     3.2001   7197.24   0.0      3.39  10.2  25.07.2025  03:17:56
 14   2  12   8  $12    0.010     2.5894   4067.44   0.0     19.21   2.6  25.07.2025  03:17:58
 14   2   5   1  $12    0.010    14.5059  13004.56   0.0     14.34   0.2  25.07.2025  03:18:00
 14   2   7   3  $12    0.010     4.8941   3609.42   0.0     24.27   0.5  25.07.2025  03:18:02
 14   2   8   4  $12    0.100    15.5361   2440.40   0.0    -26.01   1.9  25.07.2025  03:18:06
 15   3  13   1  $12    0.010     9.9682   7559.01   0.0      7.37   0.4  25.07.2025  03:18:11
 15   3  14   2  $12    0.010    20.0950   6891.32   0.0     12.04   1.0  25.07.2025  03:18:13
 15   3  16   4  $12    0.010    14.6153   5012.12   0.0      9.00   1.0  25.07.2025  03:18:15
 15   3   9  13  $12    0.010    -5.0316   7903.69   0.0     13.58   1.0  25.07.2025  03:18:17
 15   3  10  14  $12    0.010   -11.9452   8809.67   0.0      9.11   3.2  25.07.2025  03:18:19
 15   3  12  16  $12    0.010    -2.5199   2259.08   0.1     27.64   6.6  25.07.2025  03:18:21
 15   3   9   5  $12    0.010     2.6775   4205.75   0.0     -3.80   3.3  25.07.2025  03:18:23
 15   3  10   6  $12    0.010     2.8037   6305.72   0.0     -1.44   7.5  25.07.2025  03:18:25
 15   3  11   7  $12    0.010     2.8275   7106.20   0.0     -1.35  11.5  25.07.2025  03:18:27
 15   3  12   8  $12    0.010     2.5326   5696.00   0.0     13.41   6.5  25.07.2025  03:18:29
 15   3   5   1  $12    0.010     2.2540  49567.02   0.0      8.11   3.8  25.07.2025  03:18:31
 15   3   6   2  $12    0.010     5.3333   4781.29   0.0     23.97   3.9  25.07.2025  03:18:33
 15   3   8   4  $12    0.010     9.5833   7067.79   0.0      4.19   9.6  25.07.2025  03:18:35
 16   4  13   1  $12    0.010     4.0314   5181.10   0.0      4.30   3.3  25.07.2025  03:18:37
 16   4  14   2  $12    0.010     5.5496   4208.36   0.0      6.95   1.5  25.07.2025  03:18:39
 16   4  15   3  $12    0.010    14.6925   5038.62   0.0      6.53   3.3  25.07.2025  03:18:41
 16   4   9  13  $12    0.100    -7.9553   1789.23   0.0      7.30   0.2  25.07.2025  03:18:45
 16   4  10  14  $12    0.100   -14.6545   2301.92   0.0      5.81   1.6  25.07.2025  03:18:47
 16   4  11  15  $12    0.010    -2.9385   2167.18   0.0     14.63   0.4  25.07.2025  03:18:52
 16   4   9   5  $12    0.010     2.2883   1687.67   0.0     -0.07  61.0  25.07.2025  03:18:54
 16   4  10   6  $12    0.010     2.5812   4054.60   0.0      1.30  42.5  25.07.2025  03:18:56
 16   4  11   7  $12    0.010     2.8898   6499.47   0.0      2.10  11.0  25.07.2025  03:18:58
 16   4  12   8  $12    0.010     2.8502   7163.38   0.0      6.13   7.2  25.07.2025  03:19:00
 16   4   5   1  $12    0.100     9.3204    911.57   0.0     10.61   0.6  25.07.2025  03:19:04
 16   4   6   2  $12    0.100    14.9561  32890.12   0.0     10.64   0.7  25.07.2025  03:19:06
 16   4   7   3  $12    0.010     8.7746   7866.43   0.0      7.85   0.8  25.07.2025  03:19:11
  1   4   2   3  $12    0.010    21.5447  13536.95   0.0     10.49   1.4  25.07.2025  03:19:13
  2   3   1   4  $12    0.010    21.4351  13468.10   0.0     14.70   0.8  25.07.2025  03:19:15
  1   2   3   4  $12    0.010    -2.3320   4395.73   0.0     39.46   1.5  25.07.2025  03:19:17
  3   4   1   2  $12    0.010    -2.3486   4426.98   0.0     47.14   2.0  25.07.2025  03:19:19
  5   8   6   7  $12    0.010    14.2988   8984.23   0.0      4.11   1.2  25.07.2025  03:19:21
  6   7   5   8  $12    0.010    14.2440   8949.79   0.0      0.61  53.5  25.07.2025  03:19:24
  5   6   7   8  $12    0.010    -2.6330   4963.01   0.0     11.66  20.5  25.07.2025  03:19:26
  7   8   5   6  $12    0.010    -2.5605   4826.47   0.0     22.38   1.1  25.07.2025  03:19:28
  9  12  10  11  $12    0.010    11.3913   7157.34   0.0      3.91   1.2  25.07.2025  03:19:30
 10  11   9  12  $12    0.010    11.4367   7185.88   0.0      2.77   1.4  25.07.2025  03:19:32
  9  10  11  12  $12    0.100   -18.6551   3516.40   0.0      5.79   0.6  25.07.2025  03:19:36
 11  12   9  10  $12    0.100   -18.4511   3477.94   0.0      4.84   2.2  25.07.2025  03:19:38
 13  16  14  15  $12    0.010     6.8010   4273.19   0.0     17.60   0.4  25.07.2025  03:19:43
 14  15  13  16  $12    0.010     6.8451   4300.92   0.0     11.50   0.3  25.07.2025  03:19:45
 13  14  15  16  $12    0.010    -6.0474  11399.03   0.0      6.02   1.7  25.07.2025  03:19:47
  1   9  10   2  $12    0.001    -3.1245  11243.63   0.0     18.27   1.1  25.07.2025  03:19:52
  1   9  11   3  $12    0.010   -11.0603   9476.46   0.0      9.73   2.0  25.07.2025  03:19:55
  1   9  12   4  $12    0.010    -7.3103  12223.90   0.0      8.61   0.7  25.07.2025  03:19:57
  2  10   9   1  $12    0.001    -3.1145  11207.85   0.0     21.42   1.5  25.07.2025  03:20:02
  2  10  11   3  $12    0.010   -17.5228   6305.68   0.0     13.07   0.4  25.07.2025  03:20:06
  2  10  12   4  $12    0.010    -9.5047   8143.59   0.0      9.92   0.6  25.07.2025  03:20:08
  3  11   9   1  $12    0.010   -11.0593   9475.62   0.0      9.41   0.4  25.07.2025  03:20:10
  3  11  10   2  $12    0.010   -17.5296   6308.12   0.0     13.49   2.7  25.07.2025  03:20:12
  3  11  12   4  $12    0.010   -21.8133   7849.63   0.0      7.80   1.6  25.07.2025  03:20:14
 12   4   9   1  $12    0.010     7.3550  12298.52   0.0      4.47   4.6  25.07.2025  03:20:17
 12   4  10   2  $12    0.010     9.5642   8194.62   0.0      7.83   6.5  25.07.2025  03:20:19
 12   4  11   3  $12    0.010    21.8803   7873.74   0.0      5.25   2.6  25.07.2025  03:20:21
 13   5  14   6  $12    0.001     2.6624   9580.77   0.0      6.78   2.7  25.07.2025  03:20:26
 13   5  15   7  $12    0.010    14.7867  12669.18   0.0      3.90   1.7  25.07.2025  03:20:29
 13   5  16   8  $12    0.010     7.5060  12551.05   0.0      1.97   9.6  25.07.2025  03:20:31
 14   6  13   5  $12    0.001     2.6620   9579.33   0.0      7.57   4.0  25.07.2025  03:20:36
 14   6  15   7  $12    0.001     2.6801   9644.42   0.0      4.93  13.6  25.07.2025  03:20:38
 14   6  16   8  $12    0.010    10.4984   8995.04   0.0      3.03  10.0  25.07.2025  03:20:42
 15   7  13   5  $12    0.010    14.7790  12662.64   0.0      5.07   1.5  25.07.2025  03:20:44
 15   7  14   6  $12    0.001     2.6871   9669.83   0.0      2.91   9.3  25.07.2025  03:20:49
 15   7  16   8  $12    0.010    19.6007   7053.41   0.0      2.14   4.4  25.07.2025  03:20:53
 16   8  13   5  $12    0.010     7.4745  12498.33   0.0      6.44   0.2  25.07.2025  03:20:55
 16   8  14   6  $12    0.010    10.4534   8956.43   0.0      6.43   0.8  25.07.2025  03:20:57
 16   8  15   7  $12    0.010    19.6790   7081.60   0.0      5.90   0.8  25.07.2025  03:20:59
  1   2   5   6  $12    1.000     9.1073   1716.69   0.0    -18.80   0.6  25.07.2025  03:21:05
  2   3   6   7  $12    0.100     3.2921   6205.40   0.0     -1.82  17.0  25.07.2025  03:21:10
  3   4   7   8  $12    1.000    10.8695   2048.84   0.0   -196.49   0.7  25.07.2025  03:21:13
  1   2   9  10  $12    1.000     2.0856   3302.23   0.0    -57.02   0.5  25.07.2025  03:21:15
  2   3  10  11  $12    1.000    10.7303  16990.00   0.0     -8.07   5.2  25.07.2025  03:21:17
  3   4  11  12  $12    1.000     2.8364   4491.08   0.0     -3.57   7.0  25.07.2025  03:21:20
  1   2  13  14  $12    1.000    10.1765  54861.04   0.0    -47.56   0.1  25.07.2025  03:21:22
  2   3  14  15  $12    0.100     2.3266 125425.39   0.0      0.98  13.9  25.07.2025  03:21:27
  3   4  15  16  $12    0.100     2.0645 111296.48   0.0      3.57   2.8  25.07.2025  03:21:29
  5   6   9  10  $12    1.000    13.8548   2611.57   0.0     24.16   0.1  25.07.2025  03:21:33
  6   7  10  11  $12    1.000    19.6342   3700.95   0.0     23.56   0.3  25.07.2025  03:21:35
  7   8  11  12  $12    1.000    16.2086   3055.24   0.0     11.05   0.5  25.07.2025  03:21:37
  5   6  13  14  $12    1.000     3.3583   5317.41   0.0     -1.65   2.3  25.07.2025  03:21:39
  6   7  14  15  $12    1.000     3.0584   4842.62   0.0     27.83   1.6  25.07.2025  03:21:41
  7   8  15  16  $12    1.000     8.9399  14155.03   0.2   -142.71   0.5  25.07.2025  03:21:43
  9  10  13  14  $12    1.000    12.5538   2366.34   0.0      9.94   0.6  25.07.2025  03:21:45
 10  11  14  15  $12    1.000    11.8900   2241.21   0.0     31.84   0.1  25.07.2025  03:21:47
 11  12  15  16  $12    0.100     2.4146   4551.48   0.0     -3.29  19.2  25.07.2025  03:21:52
  1   2   6   7  $12    1.000     9.1599   3453.22   0.0    -26.16   0.3  25.07.2025  03:21:56
  2   3   7   8  $12    0.100     3.6370  13711.07   0.1    -72.07   0.4  25.07.2025  03:22:01
  1   2   7   8  $12    1.000     1.2602    831.40   0.1   1805.85   0.5  25.07.2025  03:22:04
  2   3   7   8  $12    0.100     3.5768  13484.24   0.0    -62.09   0.6  25.07.2025  03:22:09
  1   2  10  11  $12    1.000     3.1443   7112.20   0.0    -55.49   0.6  25.07.2025  03:22:13
  2   3  11  12  $12    1.000     8.4209  19047.54   0.0    -14.44   0.5  25.07.2025  03:22:15
  1   2  11  12  $12    1.000     2.1544   6700.48   0.0    -17.57   1.2  25.07.2025  03:22:17
  2   3  11  12  $12    1.000     8.4070  19016.27   0.0    -14.09   0.4  25.07.2025  03:22:19
  1   2  14  15  $12    1.000     5.6794  38967.95   0.0     75.38   0.4  25.07.2025  03:22:21
  2   3  15  16  $12    0.100     5.5772 382666.62   0.0     -1.14  13.5  25.07.2025  03:22:26
  1   2  15  16  $12    1.000    17.7018 151820.13   0.0    -72.76   0.5  25.07.2025  03:22:30
  2   3  15  16  $12    0.100     5.5723 382325.82   0.0     -1.40   4.8  25.07.2025  03:22:35
  5   6  10  11  $12    1.000    15.0828   5686.10   0.0     -0.26  17.4  25.07.2025  03:22:39
  6   7  11  12  $12    1.000    13.6708   5153.75   0.0     -5.73   0.5  25.07.2025  03:22:41
  5   6  11  12  $12    1.000    11.1373   7347.67   0.0      6.48   0.3  25.07.2025  03:22:43
  6   7  11  12  $12    1.000    13.6455   5144.22   0.0     -6.72   0.6  25.07.2025  03:22:45
  5   6  14  15  $12    1.000     2.7195   6151.26   0.0     11.85   1.8  25.07.2025  03:22:47
  6   7  15  16  $12    1.000     7.9126  17897.80   0.0     -5.15   1.7  25.07.2025  03:22:49
  5   6  15  16  $12    1.000     6.8653  21352.28   0.0      0.09  24.4  25.07.2025  03:22:51
  6   7  15  16  $12    1.000     7.9107  17893.65   0.0     -5.39   3.2  25.07.2025  03:22:53
  9  10  14  15  $12    1.000     7.1001   2676.66   0.0     -9.18   1.2  25.07.2025  03:22:55
 10  11  15  16  $12    0.100     2.9497  11120.08   0.0     -0.48  28.0  25.07.2025  03:23:00
  9  10  15  16  $12    1.000    16.6939  11013.53   0.0      5.36   1.1  25.07.2025  03:23:04
 10  11  15  16  $12    0.100     2.9508  11124.26   0.0     -0.42  15.7  25.07.2025  03:23:09
