//C:\Users\user\Desktop\GeoTom\GeoTomE724.ini
//- Cable direction:
//  cable I: normal
//  cable II: normal
//  cable III: normal
//  cable IV: normal
//- Cable arrangement: sequential
//- Optimization: Last measurement
//- Sorting: Multi-level
//- Current levels: 0.001 mA .. 50.0 mA
Type:         Flow
Name:         Hyprop
Comment:      Example of a measurements sequence
Comment:      
Comment:      
Spacing:      1.00000
First El:     0.00000
Nr of points: 289
IP present:   1

  1   5   2   6  $12    0.001     3.0418  13031.22   0.0      6.34   3.4  24.07.2025  06:10:08
  1   5   3   7  $12    0.010     8.3908  15816.30   0.0      7.13   0.4  24.07.2025  06:10:12
  1   5   4   8  $12    0.010     5.1628   6812.19   0.0      3.60  15.7  24.07.2025  06:10:14
  1   5  14   2  $12    0.010   -16.4097  14711.32   0.0     14.60   4.5  24.07.2025  06:10:16
  1   5  15   3  $12    0.010    -2.4111  53023.63   0.0     20.62   3.0  24.07.2025  06:10:18
  1   5  16   4  $12    0.100   -10.1787    995.52   0.0      6.48   1.3  24.07.2025  06:10:22
  1   5  13   9  $12    0.010     3.3856  25526.49   0.0      3.27   4.0  24.07.2025  06:10:27
  1   5  14  10  $12    0.010     2.9342  33703.22   0.0     -0.49  42.8  24.07.2025  06:10:29
  1   5  15  11  $12    0.010     2.5307  41739.02   0.0      0.36  51.9  24.07.2025  06:10:31
  1   5  16  12  $12    0.010     2.0690  46922.09   0.0      1.17   7.5  24.07.2025  06:10:33
  1   5  10   6  $12    0.010    10.5676   9337.20   0.0      9.59   0.4  24.07.2025  06:10:35
  1   5  11   7  $12    0.010     3.4178   8053.03   0.0     10.50   1.3  24.07.2025  06:10:37
  1   5  12   8  $12    0.010     2.0883   9472.06   0.0     -0.58 168.5  24.07.2025  06:10:39
  2   6   1   5  $12    0.001     3.0207  12940.54   0.0     10.70   1.8  24.07.2025  06:10:44
  2   6   3   7  $12    0.010    14.2443   6102.25   0.0     11.78   0.2  24.07.2025  06:10:48
  2   6   4   8  $12    0.010     7.2863  13734.28   0.0      3.14   1.9  24.07.2025  06:10:50
  2   6  13   1  $12    0.010   -16.2437  11979.88   0.0     15.74   0.4  24.07.2025  06:10:52
  2   6  15   3  $12    0.010    -4.6326   4153.17   0.0     19.22   1.5  24.07.2025  06:10:54
  2   6  16   4  $12    0.100   -14.5249  31941.82   0.0      6.80   0.3  24.07.2025  06:10:58
  2   6  13   9  $12    0.010     3.0411  13793.43   0.0      3.13   1.2  24.07.2025  06:11:03
  2   6  14  10  $12    0.010     2.7763  20933.12   0.0     -0.62  75.5  24.07.2025  06:11:05
  2   6  15  11  $12    0.010     2.5376  29148.41   0.0      1.74  43.8  24.07.2025  06:11:07
  2   6  16  12  $12    0.010     2.1986  36262.55   0.0      2.47   2.0  24.07.2025  06:11:09
  2   6   9   5  $12    0.010    10.3984  13720.36   0.0     10.27   0.2  24.07.2025  06:11:11
  2   6  11   7  $12    0.010     7.0676   6244.77   0.0     10.26   0.6  24.07.2025  06:11:13
  2   6  12   8  $12    0.010     3.6710   8649.49   0.0      0.21  63.0  24.07.2025  06:11:16
  3   7   1   5  $12    0.010     8.3810  15797.75   0.0      7.15   8.4  24.07.2025  06:11:18
  3   7   2   6  $12    0.010    14.1772   6073.49   0.0      9.10   7.7  24.07.2025  06:11:20
  3   7   4   8  $12    0.010    19.6373   8412.59   0.0      4.49   1.0  24.07.2025  06:11:22
  3   7  13   1  $12    0.010    -2.2122   3474.97   0.0     13.95   1.1  24.07.2025  06:11:24
  3   7  14   2  $12    0.010    -4.3799   3230.23   0.0     27.12   2.6  24.07.2025  06:11:26
  3   7  16   4  $12    0.010    -7.7220   6922.80   0.0     11.61   0.8  24.07.2025  06:11:28
  3   7  13   9  $12    0.010     2.4783   5839.42   0.0      2.51   3.7  24.07.2025  06:11:30
  3   7  14  10  $12    0.010     2.4617  11165.59   0.0      3.34   6.4  24.07.2025  06:11:32
  3   7  15  11  $12    0.010     2.5343  19107.80   0.0      1.89   9.4  24.07.2025  06:11:34
  3   7  16  12  $12    0.010     2.6169  30058.36   0.0      3.35   4.0  24.07.2025  06:11:36
  3   7   9   5  $12    0.010     3.6944   6963.74   0.0      5.30   5.9  24.07.2025  06:11:38
  3   7  10   6  $12    0.010     7.2904   9619.48   0.0      6.56  19.6  24.07.2025  06:11:40
  3   7  12   8  $12    0.010     9.2678   8188.82   0.0     -0.45  45.6  24.07.2025  06:11:42
  4   8   1   5  $12    0.010     5.1801   6834.97   0.0      0.82  20.0  24.07.2025  06:11:44
  4   8   2   6  $12    0.010     7.3224  13802.46   0.0      4.32   4.2  24.07.2025  06:11:46
  4   8   3   7  $12    0.010    19.6839   8432.56   0.0      3.51   0.9  24.07.2025  06:11:48
  4   8  13   1  $12    0.100   -10.2822   2312.57   0.0      5.97   0.6  24.07.2025  06:11:52
  4   8  14   2  $12    0.100   -15.4477   2426.52   0.0      3.10   1.0  24.07.2025  06:11:54
  4   8  15   3  $12    0.010    -8.2101   6055.01   0.0      9.39   0.5  24.07.2025  06:11:59
  4   8  13   9  $12    0.010     2.2261   1966.90   0.0     -2.29   8.5  24.07.2025  06:12:01
  4   8  14  10  $12    0.010     2.3159   5456.70   0.0     -4.50   7.1  24.07.2025  06:12:03
  4   8  15  11  $12    0.010     2.5158  11410.93   0.0      1.01  14.2  24.07.2025  06:12:05
  4   8  16  12  $12    0.010     2.7867  21011.02   0.0     -2.19  11.0  24.07.2025  06:12:07
  4   8   9   5  $12    0.100    19.1717    821.31   0.0      6.76   0.3  24.07.2025  06:12:11
  4   8  10   6  $12    0.010     3.4873   6573.44   0.0      0.02 429.4  24.07.2025  06:12:16
  4   8  11   7  $12    0.010     8.9245  11775.66   0.0      2.29   3.0  24.07.2025  06:12:18
  5   9   6  10  $12    0.001     2.4135  10339.51   0.0      6.68   7.2  24.07.2025  06:12:23
  5   9   7  11  $12    0.010     9.2042  17349.49   0.0      4.85   1.0  24.07.2025  06:12:27
  5   9   8  12  $12    0.010     5.6766   7490.03   0.0      3.90   2.5  24.07.2025  06:12:29
  5   9   2   6  $12    0.010   -10.3946  13715.31   0.0      9.19   0.3  24.07.2025  06:12:31
  5   9   3   7  $12    0.010    -3.6422   6865.29   0.0     10.12   2.8  24.07.2025  06:12:33
  5   9   4   8  $12    0.100   -18.9414    811.45   0.0      5.54   1.9  24.07.2025  06:12:37
  5   9   1  13  $12    0.010     3.5357   8886.12   0.0      1.24   2.8  24.07.2025  06:12:42
  5   9   2  14  $12    0.010     3.1811   7154.63   0.2     -0.69 745.2  24.07.2025  06:12:44
  5   9   3  15  $12    0.010     2.4206   3802.20   0.4      3.14  58.9  24.07.2025  06:12:46
  5   9   4  16  $12    0.010     2.1214   1564.52   0.0     -2.81  20.1  24.07.2025  06:12:48
  5   9  14  10  $12    0.010    10.2085   9019.97   0.0      6.44   0.2  24.07.2025  06:12:50
  5   9  15  11  $12    0.010     3.1212   7354.05   0.0     -0.62  53.6  24.07.2025  06:12:52
  5   9  16  12  $12    0.100    16.6386   7546.71   0.0      3.84   0.7  24.07.2025  06:12:56
  6  10   5   9  $12    0.001     2.4071  10312.04   0.0      4.73   3.9  24.07.2025  06:13:04
  6  10   7  11  $12    0.010    16.0855   6891.02   0.0      6.12   0.4  24.07.2025  06:13:07
  6  10   8  12  $12    0.010     8.5634  16141.53   0.0      2.74  12.1  24.07.2025  06:13:10
  6  10   1   5  $12    0.010   -10.4900   9268.66   0.0     12.58   1.1  24.07.2025  06:13:12
  6  10   3   7  $12    0.010    -7.2924   9622.15   0.0     13.49   1.8  24.07.2025  06:13:14
  6  10   4   8  $12    0.010    -3.4199   6446.31   0.0      8.50   2.5  24.07.2025  06:13:16
  6  10   1  13  $12    0.010     3.2296   7263.73   0.1      5.08  35.6  24.07.2025  06:13:18
  6  10   2  14  $12    0.010     3.0358   7629.73   0.3     -4.07  66.5  24.07.2025  06:13:20
  6  10   3  15  $12    0.010     2.5332   5697.39   0.0      3.86   9.0  24.07.2025  06:13:22
  6  10   4  16  $12    0.010     2.3820   3741.56   0.0      3.62   5.2  24.07.2025  06:13:24
  6  10  13   9  $12    0.010    10.0181  13218.55   0.0      8.42   0.7  24.07.2025  06:13:26
  6  10  15  11  $12    0.010     6.2390   5512.60   0.0      2.71   2.2  24.07.2025  06:13:28
  6  10  16  12  $12    0.010     2.7629   6509.87   0.0     -1.19  16.0  24.07.2025  06:13:30
  7  11   5   9  $12    0.010     9.1895  17321.78   0.0      4.68   0.9  24.07.2025  06:13:32
  7  11   6  10  $12    0.010    16.0283   6866.50   0.0      4.95   1.2  24.07.2025  06:13:34
  7  11   8  12  $12    0.010    17.7189   7590.76   0.0      2.44   1.2  24.07.2025  06:13:36
  7  11   1   5  $12    0.010    -3.3806   7965.30   0.0     11.93   1.9  24.07.2025  06:13:38
  7  11   2   6  $12    0.010    -6.9676   6156.36   0.0     12.97   3.4  24.07.2025  06:13:40
  7  11   4   8  $12    0.010    -8.8182  11635.29   0.0      3.43   7.6  24.07.2025  06:13:42
  7  11   1  13  $12    0.010     2.7327   4292.48   0.1     -1.82 157.0  24.07.2025  06:13:44
  7  11   2  14  $12    0.010     2.6935   6058.02   0.1      1.67 221.3  24.07.2025  06:13:47
  7  11   3  15  $12    0.010     2.5739   6468.84   0.0      7.30  12.5  24.07.2025  06:13:49
  7  11   4  16  $12    0.010     2.6250   5903.98   0.0      1.24 115.2  24.07.2025  06:13:51
  7  11  13   9  $12    0.010     3.0763   5798.60   0.0     -1.02  19.7  24.07.2025  06:13:53
  7  11  14  10  $12    0.010     6.3357   8359.72   0.0      1.70   4.2  24.07.2025  06:13:55
  7  11  16  12  $12    0.010     6.2737   5543.29   0.0      1.45   6.8  24.07.2025  06:13:57
  8  12   5   9  $12    0.010     5.6844   7500.33   0.0      2.07   3.1  24.07.2025  06:13:59
  8  12   6  10  $12    0.010     8.5717  16157.32   0.0      1.77  11.4  24.07.2025  06:14:01
  8  12   7  11  $12    0.010    17.7524   7605.11   0.0      2.22   4.0  24.07.2025  06:14:03
  8  12   1   5  $12    0.010    -2.0585   9336.84   0.0     12.97   2.3  24.07.2025  06:14:05
  8  12   2   6  $12    0.010    -3.6371   8569.61   0.0      0.32 158.3  24.07.2025  06:14:07
  8  12   3   7  $12    0.010    -9.2564   8178.67   0.0      3.93  24.6  24.07.2025  06:14:09
  8  12   1  13  $12    0.010     2.2848   1685.05   0.3      3.09  51.9  24.07.2025  06:14:11
  8  12   2  14  $12    0.010     2.3634   3712.44   0.1      4.30  40.0  24.07.2025  06:14:13
  8  12   3  15  $12    0.010     2.3723   5335.53   0.0     10.00   9.5  24.07.2025  06:14:15
  8  12  16   4  $12    0.010    -2.5424   6389.68   0.0     12.43   0.5  24.07.2025  06:14:17
  8  12   9  13  $12    0.100   -13.1667    564.06   0.0      8.19   0.7  24.07.2025  06:14:21
  8  12  10  14  $12    0.010    -2.5613   4828.03   0.0      8.84   0.8  24.07.2025  06:14:26
  8  12  11  15  $12    0.010    -6.0714   8011.07   0.0      7.15   4.3  24.07.2025  06:14:28
  9  13  10  14  $12    0.010    22.8565   9791.70   0.0      9.78   0.5  24.07.2025  06:14:30
  9  13  11  15  $12    0.010     9.9838  18818.98   0.0      4.74   1.6  24.07.2025  06:14:32
  9  13  12  16  $12    0.010     4.3634   5757.43   0.1      4.38  11.7  24.07.2025  06:14:34
  9  13   6  10  $12    0.010    -9.9571  13138.10   0.0      9.75   0.8  24.07.2025  06:14:36
  9  13   7  11  $12    0.010    -3.0074   5668.89   0.0      5.86   5.7  24.07.2025  06:14:39
  9  13   8  12  $12    0.100   -13.1067    561.49   0.0      6.25   0.6  24.07.2025  06:14:42
  9  13   5   1  $12    0.010     3.3852  25523.65   0.0      3.14   1.7  24.07.2025  06:14:47
  9  13   6   2  $12    0.010     3.0286  13736.82   0.0      2.74   6.9  24.07.2025  06:14:49
  9  13   7   3  $12    0.010     2.4744   5830.21   0.0     -4.92  19.4  24.07.2025  06:14:51
  9  13   8   4  $12    0.010     2.2240   1965.03   0.0      0.82  67.9  24.07.2025  06:14:53
  9  13   2  14  $12    0.010     9.8079   7233.42   0.0     12.48   0.9  24.07.2025  06:14:56
  9  13   3  15  $12    0.010     4.4750   7029.34   0.1      5.54  45.4  24.07.2025  06:14:58
  9  13   4  16  $12    0.100     8.2782   1861.86   0.0      5.75   1.4  24.07.2025  06:15:01
 10  14   9  13  $12    0.010    22.8492   9788.59   0.0      7.73   0.2  24.07.2025  06:15:06
 10  14  11  15  $12    0.010    18.5984   7967.54   0.0      2.96   0.3  24.07.2025  06:15:08
 10  14  12  16  $12    0.010     6.3142  11902.04   0.0      2.06   5.4  24.07.2025  06:15:10
 10  14   5   9  $12    0.010   -10.1913   9004.76   0.0      6.32   2.0  24.07.2025  06:15:13
 10  14   7  11  $12    0.010    -6.2842   8291.75   0.0      5.01   3.1  24.07.2025  06:15:15
 10  14   8  12  $12    0.010    -2.5478   4802.47   0.0      9.30   9.8  24.07.2025  06:15:17
 10  14   5   1  $12    0.010     2.9542  33933.00   0.0     -3.24  12.7  24.07.2025  06:15:19
 10  14   6   2  $12    0.010     2.8043  21143.83   0.0     -3.42   8.2  24.07.2025  06:15:21
 10  14   7   3  $12    0.010     2.4684  11195.72   0.0      4.71  15.9  24.07.2025  06:15:23
 10  14   8   4  $12    0.010     2.3155   5455.73   0.0     -4.41  16.5  24.07.2025  06:15:25
 10  14   1  13  $12    0.010     9.7518   8742.53   0.0      8.04   3.9  24.07.2025  06:15:27
 10  14   3  15  $12    0.010     9.8341   7252.73   0.0      3.46   3.0  24.07.2025  06:15:29
 10  14   4  16  $12    0.100    14.1893   2228.85   0.0      5.70   0.4  24.07.2025  06:15:33
 11  15   9  13  $12    0.010    10.0056  18860.20   0.0      5.18   0.3  24.07.2025  06:15:38
 11  15  10  14  $12    0.010    18.5803   7959.79   0.0      4.69   1.1  24.07.2025  06:15:40
 11  15  12  16  $12    0.010    11.7502   5033.80   0.0      2.90   4.1  24.07.2025  06:15:42
 11  15   5   9  $12    0.010    -3.0562   7200.97   0.0      8.69   2.0  24.07.2025  06:15:44
 11  15   6  10  $12    0.010    -6.1787   5459.29   0.0      9.31   2.4  24.07.2025  06:15:46
 11  15   8  12  $12    0.010    -6.0669   8005.14   0.0      6.10   8.4  24.07.2025  06:15:48
 11  15   5   1  $12    0.010     2.5438  41956.44   0.0     -5.45   9.7  24.07.2025  06:15:50
 11  15   6   2  $12    0.010     2.5564  29364.34   0.0     -7.77  14.0  24.07.2025  06:15:52
 11  15   7   3  $12    0.010     2.5492  19220.78   0.0      4.90  10.0  24.07.2025  06:15:54
 11  15   8   4  $12    0.010     2.5191  11425.71   0.0      0.25 177.9  24.07.2025  06:15:56
 11  15   1  13  $12    0.010     4.4008  96777.56   0.1      1.54  19.8  24.07.2025  06:15:58
 11  15   2  14  $12    0.010     9.8510   8831.43   0.0      5.90   3.1  24.07.2025  06:16:00
 11  15   4  16  $12    0.010     3.1715   2338.98   0.0      3.14   2.5  24.07.2025  06:16:02
 12  16   9  13  $12    0.010     4.3866   5787.96   0.0     -0.78  44.9  24.07.2025  06:16:04
 12  16  10  14  $12    0.010     6.3380  11946.88   0.0      1.89   5.9  24.07.2025  06:16:07
 12  16  11  15  $12    0.010    11.7869   5049.50   0.0      2.47  18.6  24.07.2025  06:16:09
 12  16   5   9  $12    0.100   -16.6715   7561.64   0.0      5.70   0.4  24.07.2025  06:16:12
 12  16   6  10  $12    0.010    -2.7223   6414.30   0.0     10.95   0.4  24.07.2025  06:16:17
 12  16   7  11  $12    0.010    -6.2403   5513.78   0.0      5.40  22.9  24.07.2025  06:16:20
 12  16   5   1  $12    0.010     2.0853  47290.67   0.2     -5.68  41.1  24.07.2025  06:16:22
 12  16   6   2  $12    0.010     2.1938  36183.05   0.0      7.51   6.0  24.07.2025  06:16:24
 12  16   7   3  $12    0.010     2.6303  30212.79   0.0      4.32  15.0  24.07.2025  06:16:26
 12  16   8   4  $12    0.010     2.7897  21033.86   0.0      0.01 1508.9  24.07.2025  06:16:28
 12  16  13   1  $12    0.100    -6.2506    611.34   0.0     16.32   0.8  24.07.2025  06:16:32
 12  16  14   2  $12    0.100   -13.5918  29890.02   0.0      4.42   7.2  24.07.2025  06:16:34
 12  16  15   3  $12    0.010    -2.8574   2561.64   0.0     14.15   1.6  24.07.2025  06:16:39
 13   1  14   2  $12    0.001     2.9903  10254.70   0.0      7.37   2.8  24.07.2025  06:16:43
 13   1  15   3  $12    0.010     9.3311   7075.91   0.0      5.97   1.0  24.07.2025  06:16:47
 13   1  16   4  $12    0.010     3.9621   5092.08   0.0      2.50   6.3  24.07.2025  06:16:49
 13   1  10  14  $12    0.010    -9.6221   8626.23   0.0     19.69   0.8  24.07.2025  06:16:51
 13   1  11  15  $12    0.010    -4.3304  95230.15   0.0     10.86   4.2  24.07.2025  06:16:53
 13   1  12  16  $12    0.100    -6.2284    609.16   0.0     13.23   0.3  24.07.2025  06:16:57
 13   1   9   5  $12    0.010     3.5357   8886.12   0.0      1.82   2.9  24.07.2025  06:17:02
 13   1  10   6  $12    0.010     3.2110   7221.92   0.0      5.83   7.5  24.07.2025  06:17:04
 13   1  11   7  $12    0.010     2.7399   4303.82   0.1     -1.56  53.2  24.07.2025  06:17:06
 13   1  12   8  $12    0.010     2.2771   1679.40   0.0      0.60 139.5  24.07.2025  06:17:08
 13   1   6   2  $12    0.010    16.3861  12084.89   0.0     13.04   1.0  24.07.2025  06:17:10
 13   1   7   3  $12    0.010     2.2723   3569.39   0.0      1.26  37.2  24.07.2025  06:17:12
 13   1   8   4  $12    0.100    10.4355   2347.05   0.0      5.47   0.8  24.07.2025  06:17:16
 14   2  13   1  $12    0.001     2.9469  10105.85   0.0     11.46   1.3  24.07.2025  06:17:24
 14   2  15   3  $12    0.010    17.0061   5832.04   0.0      8.33   0.3  24.07.2025  06:17:28
 14   2  16   4  $12    0.010     5.2645   3992.14   0.0      5.20   2.8  24.07.2025  06:17:30
 14   2   9  13  $12    0.010    -9.6388   7108.70   0.0     16.18   0.2  24.07.2025  06:17:32
 14   2  11  15  $12    0.010    -9.7915   8778.13   0.0      7.94   0.9  24.07.2025  06:17:34
 14   2  12  16  $12    0.100   -13.5751  29853.13   0.0      8.01   0.1  24.07.2025  06:17:38
 14   2   9   5  $12    0.010     3.1572   7100.92   0.0      2.03   5.9  24.07.2025  06:17:43
 14   2  10   6  $12    0.010     3.0337   7624.60   0.2      2.20  82.7  24.07.2025  06:17:45
 14   2  11   7  $12    0.010     2.7158   6108.10   0.0      4.44   5.2  24.07.2025  06:17:47
 14   2  12   8  $12    0.010     2.3270   3655.21   0.0      6.28   4.4  24.07.2025  06:17:49
 14   2   5   1  $12    0.010    16.2868  14601.13   0.0     12.79   0.6  24.07.2025  06:17:51
 14   2   7   3  $12    0.010     4.5112   3327.04   0.0     13.62   0.5  24.07.2025  06:17:53
 14   2   8   4  $12    0.100    15.6615   2460.10   0.0      0.61  26.1  24.07.2025  06:17:57
 15   3  13   1  $12    0.010     9.3249   7071.21   0.0      7.40   0.0  24.07.2025  06:18:02
 15   3  14   2  $12    0.010    16.9479   5812.07   0.0     10.03   1.0  24.07.2025  06:18:04
 15   3  16   4  $12    0.010    13.4851   4624.55   0.0      9.45   0.7  24.07.2025  06:18:06
 15   3   9  13  $12    0.010    -4.4332   6963.58   0.0     13.05   0.6  24.07.2025  06:18:08
 15   3  10  14  $12    0.010    -9.7771   7210.70   0.0     10.71  11.6  24.07.2025  06:18:10
 15   3  12  16  $12    0.010    -2.8111   2520.17   0.0     20.87   1.1  24.07.2025  06:18:12
 15   3   9   5  $12    0.010     2.4173   3797.16   0.0      0.37  60.0  24.07.2025  06:18:14
 15   3  10   6  $12    0.010     2.5558   5748.20   0.0      3.22   2.1  24.07.2025  06:18:16
 15   3  11   7  $12    0.010     2.5634   6442.45   0.2      1.62  72.1  24.07.2025  06:18:18
 15   3  12   8  $12    0.010     2.3665   5322.59   0.0      0.99  91.0  24.07.2025  06:18:20
 15   3   5   1  $12    0.010     2.4707  54334.60   0.0      2.74   6.1  24.07.2025  06:18:22
 15   3   6   2  $12    0.010     4.6542   4172.51   0.0     10.13   3.8  24.07.2025  06:18:24
 15   3   8   4  $12    0.010     8.2981   6119.90   0.0      8.73   0.8  24.07.2025  06:18:26
 16   4  13   1  $12    0.010     3.9631   5093.41   0.2      3.56  45.3  24.07.2025  06:18:28
 16   4  14   2  $12    0.010     5.2724   3998.14   0.1     -0.79 104.1  24.07.2025  06:18:30
 16   4  15   3  $12    0.010    13.5686   4653.16   0.0      4.47   0.4  24.07.2025  06:18:33
 16   4   9  13  $12    0.100    -8.2413   1853.54   0.0      8.79   0.6  24.07.2025  06:18:36
 16   4  10  14  $12    0.100   -14.1922   2229.31   0.0      8.91   2.6  24.07.2025  06:18:38
 16   4  11  15  $12    0.010    -3.1097   2293.44   0.0     12.27   0.5  24.07.2025  06:18:43
 16   4   9   5  $12    0.010     2.1187   1562.52   0.0     -3.71  11.8  24.07.2025  06:18:45
 16   4  10   6  $12    0.010     2.3697   3722.27   0.0     -4.08  11.7  24.07.2025  06:18:47
 16   4  11   7  $12    0.010     2.6220   5897.03   0.0      1.97  15.4  24.07.2025  06:18:50
 16   4  12   8  $12    0.010     2.5834   6492.73   0.0     -1.09   1.7  24.07.2025  06:18:52
 16   4   5   1  $12    0.100    10.2587   1003.34   0.0      4.65   0.8  24.07.2025  06:18:55
 16   4   6   2  $12    0.100    14.5972  32100.94   0.0      3.61   4.6  24.07.2025  06:18:57
 16   4   7   3  $12    0.010     7.7775   6972.52   0.0      5.88   1.5  24.07.2025  06:19:02
  1   4   2   3  $12    0.010    21.6587  13608.59   0.0     13.36   0.3  24.07.2025  06:19:04
  2   3   1   4  $12    0.010    21.5570  13544.64   0.0     12.64   1.4  24.07.2025  06:19:06
  1   2   3   4  $12    0.100   -15.6892   2957.34   0.0     36.39   0.4  24.07.2025  06:19:10
  3   4   1   2  $12    0.100   -14.9225   2812.83   0.1     29.75   2.2  24.07.2025  06:19:12
  5   8   6   7  $12    0.010    13.4211   8432.73   0.0      3.87   0.2  24.07.2025  06:19:17
  6   7   5   8  $12    0.010    13.4565   8454.99   0.0      4.61   1.6  24.07.2025  06:19:19
  5   6   7   8  $12    0.100   -19.5128   3678.08   0.0     18.34   0.1  24.07.2025  06:19:23
  7   8   5   6  $12    0.100   -18.4965   3486.52   0.0      8.86   1.2  24.07.2025  06:19:25
  9  12  10  11  $12    0.010    11.2834   7089.57   0.0      5.00   1.3  24.07.2025  06:19:30
 10  11   9  12  $12    0.010    11.2738   7083.54   0.0      5.67   5.2  24.07.2025  06:19:32
  9  10  11  12  $12    0.100   -18.5192   3490.78   0.0      4.82   0.2  24.07.2025  06:19:36
 11  12   9  10  $12    0.100   -18.4326   3474.47   0.0      8.58   1.6  24.07.2025  06:19:38
 13  16  14  15  $12    0.010     7.8656   4942.12   0.0     13.20   0.5  24.07.2025  06:19:43
 14  15  13  16  $12    0.010     7.8889   4956.72   0.0      6.99   0.4  24.07.2025  06:19:45
 13  14  15  16  $12    0.010    -4.5628   8600.59   0.0      5.32   2.2  24.07.2025  06:19:47
  1   9  10   2  $12    0.001    -3.2651  11749.45   0.0     14.33   0.7  24.07.2025  06:19:52
  1   9  11   3  $12    0.010   -10.4187   8926.70   0.0      8.71   6.1  24.07.2025  06:19:56
  1   9  12   4  $12    0.010    -6.7969  11365.37   0.0      9.33   1.4  24.07.2025  06:19:58
  2  10   9   1  $12    0.001    -3.2478  11687.27   0.0     18.62   0.7  24.07.2025  06:20:03
  2  10  11   3  $12    0.010   -15.8558   5705.78   0.0      9.62   0.4  24.07.2025  06:20:06
  2  10  12   4  $12    0.010    -8.7004   7454.47   0.0      8.10   0.5  24.07.2025  06:20:08
  3  11   9   1  $12    0.010   -10.4143   8922.99   0.0      8.08   3.6  24.07.2025  06:20:10
  3  11  10   2  $12    0.010   -15.7927   5683.08   0.0     11.17   0.8  24.07.2025  06:20:12
  3  11  12   4  $12    0.010   -19.1254   6882.38   0.0      7.82   0.6  24.07.2025  06:20:15
 12   4   9   1  $12    0.010     6.8473  11449.69   0.0      3.95   0.9  24.07.2025  06:20:17
 12   4  10   2  $12    0.010     8.7919   7532.84   0.0      5.69   3.2  24.07.2025  06:20:19
 12   4  11   3  $12    0.010    19.2755   6936.40   0.0      4.43  13.7  24.07.2025  06:20:21
 13   5  14   6  $12    0.001     2.6678   9600.11   0.0      9.88   2.9  24.07.2025  06:20:26
 13   5  15   7  $12    0.010    13.0295  11163.64   0.0      5.40   0.2  24.07.2025  06:20:30
 13   5  16   8  $12    0.010     7.0564  11799.36   0.0      2.32  18.3  24.07.2025  06:20:32
 14   6  13   5  $12    0.001     2.6649   9589.78   0.0     10.61   0.8  24.07.2025  06:20:37
 14   6  15   7  $12    0.001     2.2462   8082.95   0.0      4.02   8.8  24.07.2025  06:20:39
 14   6  16   8  $12    0.010     9.5652   8195.44   0.0      3.02   4.0  24.07.2025  06:20:43
 15   7  13   5  $12    0.010    13.0202  11155.65   0.0      5.88   1.1  24.07.2025  06:20:45
 15   7  14   6  $12    0.010    22.0832   7946.77   0.0      5.95   1.1  24.07.2025  06:20:47
 15   7  16   8  $12    0.010    17.1812   6182.73   0.0      3.93   2.1  24.07.2025  06:20:49
 16   8  13   5  $12    0.010     7.0632  11810.69   0.0      3.63   0.6  24.07.2025  06:20:51
 16   8  14   6  $12    0.010     9.5640   8194.41   0.0      3.40   6.4  24.07.2025  06:20:53
 16   8  15   7  $12    0.010    17.2153   6195.01   0.0      4.12   0.5  24.07.2025  06:20:55
  1   2   5   6  $12    1.000     9.6404   1817.18   0.0      6.43   0.3  24.07.2025  06:21:00
  2   3   6   7  $12    0.100     3.1285   5897.17   0.0      2.19   8.5  24.07.2025  06:21:05
  3   4   7   8  $12    1.000     4.9406    931.29   0.1    -60.81   0.7  24.07.2025  06:21:09
  1   2   9  10  $12    1.000     2.2543   3569.44   0.0    -30.26   0.8  24.07.2025  06:21:11
  2   3  10  11  $12    1.000     8.7175  13803.00   0.0      1.63  12.2  24.07.2025  06:21:13
  3   4  11  12  $12    1.000     1.7748   2810.12   0.1      3.07  97.7  24.07.2025  06:21:19
  1   2  13  14  $12    1.000     8.3881  45219.75   0.0    -31.82   0.1  24.07.2025  06:21:21
  2   3  14  15  $12    0.100     2.6175 141106.67   0.0      3.79   2.7  24.07.2025  06:21:26
  3   4  15  16  $12    1.000    14.4076  77670.78   0.0      4.37   1.1  24.07.2025  06:21:30
  5   6   9  10  $12    1.000    14.2169   2679.82   0.0     15.05   0.3  24.07.2025  06:21:32
  6   7  10  11  $12    1.000    17.0566   3215.10   0.0     10.91   0.2  24.07.2025  06:21:34
  7   8  11  12  $12    1.000     8.7312   1645.80   0.0      2.90  22.6  24.07.2025  06:21:36
  5   6  13  14  $12    1.000     3.1308   4957.17   0.0      4.16   4.5  24.07.2025  06:21:38
  6   7  14  15  $12    1.000     3.5854   5676.97   0.0     19.17   0.5  24.07.2025  06:21:40
  7   8  15  16  $12    1.000     3.2833   5198.69   0.1    -20.92   1.8  24.07.2025  06:21:42
  9  10  13  14  $12    1.000    13.7557   2592.89   0.0     20.68   0.2  24.07.2025  06:21:44
 10  11  14  15  $12    1.000    14.2515   2686.35   0.0     35.15   0.7  24.07.2025  06:21:46
 11  12  15  16  $12    1.000    14.9478   2817.59   0.0      2.83   4.8  24.07.2025  06:21:48
  1   2   6   7  $12    1.000     8.8368   3331.40   0.0     -4.48   4.7  24.07.2025  06:21:50
  2   3   7   8  $12    1.000    18.5309   6985.98   0.0    -15.26   0.7  24.07.2025  06:21:52
  1   2   7   8  $12    1.000     3.0026   1980.90   0.0    166.10   0.1  24.07.2025  06:21:54
  2   3   7   8  $12    1.000    18.5529   6994.26   0.0    -14.77   0.5  24.07.2025  06:21:56
  1   2  10  11  $12    1.000     2.6150   5914.94   0.0    -36.51   0.4  24.07.2025  06:21:58
  2   3  11  12  $12    1.000     5.9571  13474.62   0.0     -2.08  22.0  24.07.2025  06:22:01
  1   2  11  12  $12    1.000     1.5386   4785.35   0.0     -3.52   6.4  24.07.2025  06:22:06
  2   3  11  12  $12    1.000     5.9611  13483.75   0.0      0.07  95.4  24.07.2025  06:22:08
  1   2  14  15  $12    1.000     6.9891  47954.19   0.1     36.32   0.4  24.07.2025  06:22:10
  2   3  15  16  $12    0.100     4.2762 293403.14   0.0     -1.44   1.9  24.07.2025  06:22:15
  1   2  15  16  $12    1.000    11.0143  94464.26   0.0    -21.71   0.2  24.07.2025  06:22:19
  2   3  15  16  $12    0.100     4.2772 293472.16   0.0     -1.53   2.4  24.07.2025  06:22:24
  5   6  10  11  $12    1.000    14.1796   5345.59   0.0      5.94   0.3  24.07.2025  06:22:28
  6   7  11  12  $12    1.000    11.5353   4348.72   0.0      7.03   2.2  24.07.2025  06:22:30
  5   6  11  12  $12    1.000     8.9774   5922.71   0.0      6.82   0.9  24.07.2025  06:22:32
  6   7  11  12  $12    1.000    11.5256   4345.04   0.0      6.67   0.3  24.07.2025  06:22:34
  5   6  14  15  $12    1.000     3.1606   7149.08   0.0      2.32  10.5  24.07.2025  06:22:36
  6   7  15  16  $12    1.000     5.9520  13463.20   0.0      0.44  17.7  24.07.2025  06:22:38
  5   6  15  16  $12    1.000     5.1732  16089.42   0.0      0.13  94.1  24.07.2025  06:22:40
  6   7  15  16  $12    1.000     5.9508  13460.40   0.0     -0.80  26.8  24.07.2025  06:22:42
  9  10  14  15  $12    1.000     8.7632   3303.64   0.0    -24.81   0.7  24.07.2025  06:22:44
 10  11  15  16  $12    1.000    21.6063   8145.37   0.0      3.49   2.2  24.07.2025  06:22:46
  9  10  15  16  $12    1.000    13.7972   9102.48   0.0      4.13   1.5  24.07.2025  06:22:48
 10  11  15  16  $12    1.000    21.5984   8142.40   0.0      3.27   2.6  24.07.2025  06:22:50
