//C:\Users\user\Desktop\GeoTom\GeoTomE724.ini
//- Cable direction:
//  cable I: normal
//  cable II: normal
//  cable III: normal
//  cable IV: normal
//- Cable arrangement: sequential
//- Optimization: Last measurement
//- Sorting: Multi-level
//- Current levels: 0.001 mA .. 50.0 mA
Type:         Flow
Name:         Hyprop
Comment:      Example of a measurements sequence
Comment:      
Comment:      
Spacing:      1.00000
First El:     0.00000
Nr of points: 289
IP present:   1

  1   5   2   6  $12    0.001     3.1893  13662.93   0.1      1.14 236.6  26.07.2025  18:10:08
  1   5   3   7  $12    0.010    11.4645  21610.14   0.0     10.22   2.6  26.07.2025  18:10:12
  1   5   4   8  $12    0.010     7.1901   9487.07   0.0      1.34  25.7  26.07.2025  18:10:14
  1   5  14   2  $12    0.010   -15.7234  14096.05   0.0      8.87   4.1  26.07.2025  18:10:16
  1   5  15   3  $12    0.010    -2.9254  64332.25   0.0     22.00   6.9  26.07.2025  18:10:18
  1   5  16   4  $12    0.100   -12.4227   1214.99   0.0     29.57   0.4  26.07.2025  18:10:22
  1   5  13   9  $12    0.010     4.6600  35135.38   0.0      4.60   1.4  26.07.2025  18:10:27
  1   5  14  10  $12    0.010     4.1555  47731.76   0.1      0.73 129.4  26.07.2025  18:10:29
  1   5  15  11  $12    0.010     3.6771  60648.21   0.0      6.71   3.8  26.07.2025  18:10:31
  1   5  16  12  $12    0.010     2.9168  66147.77   0.0     -0.46  29.1  26.07.2025  18:10:33
  1   5  10   6  $12    0.010    11.6096  10257.97   0.0      2.78   2.2  26.07.2025  18:10:35
  1   5  11   7  $12    0.010     4.8549  11439.19   0.0      5.78   6.1  26.07.2025  18:10:37
  1   5  12   8  $12    0.010     3.0602  13879.98   0.0    -11.72  15.0  26.07.2025  18:10:39
  2   6   1   5  $12    0.001     3.1871  13653.63   0.0     10.02   2.8  26.07.2025  18:10:44
  2   6   3   7  $12    0.001     2.7899  11951.82   0.0     10.99   2.8  26.07.2025  18:10:46
  2   6   4   8  $12    0.010    11.5525  21775.86   0.0     -3.59   5.6  26.07.2025  18:10:50
  2   6  13   1  $12    0.010   -16.0760  11856.17   0.0     12.53   1.1  26.07.2025  18:10:52
  2   6  15   3  $12    0.010   -11.9851  10744.64   0.0     23.50   1.4  26.07.2025  18:10:54
  2   6  16   4  $12    0.100   -20.0313  44051.16   0.0     57.58   0.1  26.07.2025  18:10:58
  2   6  13   9  $12    0.010     4.2319  19194.50   0.0      5.16   2.2  26.07.2025  18:11:03
  2   6  14  10  $12    0.010     3.9367  29681.77   0.1      3.46  25.3  26.07.2025  18:11:05
  2   6  15  11  $12    0.010     3.6486  41909.15   0.0      4.08   7.7  26.07.2025  18:11:07
  2   6  16  12  $12    0.010     3.1266  51567.36   0.0     -2.19   6.6  26.07.2025  18:11:09
  2   6   9   5  $12    0.010    11.2057  14785.56   0.0      6.07   0.6  26.07.2025  18:11:11
  2   6  11   7  $12    0.010    11.8091  10434.21   0.0      7.42   0.1  26.07.2025  18:11:13
  2   6  12   8  $12    0.010     6.4118  15107.56   0.0    -21.08   3.2  26.07.2025  18:11:15
  3   7   1   5  $12    0.010    11.4514  21585.39   0.0     12.06   5.6  26.07.2025  18:11:18
  3   7   2   6  $12    0.001     2.7823  11919.41   0.0      3.53  21.1  26.07.2025  18:11:22
  3   7   4   8  $12    0.001     3.8695  16576.75   0.1      8.11   6.9  26.07.2025  18:11:24
  3   7  13   1  $12    0.010    -2.2734   3571.05   0.0     33.18   1.4  26.07.2025  18:11:28
  3   7  14   2  $12    0.010   -11.0818   8172.92   0.0     24.03   2.6  26.07.2025  18:11:30
  3   7  16   4  $12    0.010   -13.5788  12173.43   0.0     17.46   0.4  26.07.2025  18:11:32
  3   7  13   9  $12    0.010     3.8711   9120.99   0.0      6.44   1.0  26.07.2025  18:11:34
  3   7  14  10  $12    0.010     3.9266  17809.72   0.0      2.15  11.2  26.07.2025  18:11:36
  3   7  15  11  $12    0.010     3.9766  29983.02   0.0      5.30   4.1  26.07.2025  18:11:39
  3   7  16  12  $12    0.010     4.3239  49666.61   0.0      3.20   2.7  26.07.2025  18:11:41
  3   7   9   5  $12    0.010     5.2869   9965.55   0.0      6.31   4.0  26.07.2025  18:11:43
  3   7  10   6  $12    0.010    12.4121  16377.34   0.0      6.56   0.6  26.07.2025  18:11:45
  3   7  12   8  $12    0.010    20.2906  17928.21   0.0     -3.53  13.0  26.07.2025  18:11:47
  4   8   1   5  $12    0.010     7.2002   9500.51   0.0      2.74  20.3  26.07.2025  18:11:49
  4   8   2   6  $12    0.010    11.5426  21757.29   0.0     -5.83   6.6  26.07.2025  18:11:51
  4   8   3   7  $12    0.001     3.8596  16534.69   0.0      1.02  83.1  26.07.2025  18:11:56
  4   8  13   1  $12    0.100   -12.1403   2730.48   0.0    -36.20   0.5  26.07.2025  18:12:01
  4   8  14   2  $12    0.100   -20.9787   3295.32   0.0    -83.19   0.2  26.07.2025  18:12:03
  4   8  15   3  $12    0.010   -14.5462  10727.91   0.0      6.13   2.4  26.07.2025  18:12:08
  4   8  13   9  $12    0.010     3.4499   3048.26   0.0      3.66   1.9  26.07.2025  18:12:10
  4   8  14  10  $12    0.010     3.6907   8695.95   0.0      0.99  37.1  26.07.2025  18:12:12
  4   8  15  11  $12    0.010     4.0028  18155.48   0.0      5.29  25.9  26.07.2025  18:12:14
  4   8  16  12  $12    0.010     4.9186  37085.46   0.0      2.32   1.5  26.07.2025  18:12:16
  4   8   9   5  $12    0.010     2.5563   1095.10   0.0      3.94   2.5  26.07.2025  18:12:19
  4   8  10   6  $12    0.010     5.8144  10959.85   0.0      4.82   1.2  26.07.2025  18:12:21
  4   8  11   7  $12    0.010    19.5013  25731.33   0.0      3.75   1.2  26.07.2025  18:12:23
  5   9   6  10  $12    0.001     2.8314  12129.50   0.0      1.64  33.1  26.07.2025  18:12:28
  5   9   7  11  $12    0.010    13.7533  25924.42   0.0      4.04   2.1  26.07.2025  18:12:31
  5   9   8  12  $12    0.010     8.5593  11293.70   0.0      2.03  34.8  26.07.2025  18:12:33
  5   9   2   6  $12    0.010   -11.1577  14722.19   0.0      6.68   5.9  26.07.2025  18:12:35
  5   9   3   7  $12    0.010    -5.2476   9891.42   0.0      8.62  12.0  26.07.2025  18:12:37
  5   9   4   8  $12    0.010    -2.5213   1080.14   0.0      9.53  12.5  26.07.2025  18:12:39
  5   9   1  13  $12    0.010     5.3311  13398.62   0.0     -0.42  67.6  26.07.2025  18:12:42
  5   9   2  14  $12    0.010     5.0859  11438.64   0.0      0.30 362.5  26.07.2025  18:12:44
  5   9   3  15  $12    0.010     3.7309   5860.54   0.0     -0.60 131.2  26.07.2025  18:12:46
  5   9   4  16  $12    0.010     3.0690   2263.40   0.0      2.95   2.7  26.07.2025  18:12:48
  5   9  14  10  $12    0.010    11.7108  10347.38   0.0      4.08   0.4  26.07.2025  18:12:50
  5   9  15  11  $12    0.010     4.7828  11269.30   0.0      2.09   8.8  26.07.2025  18:12:52
  5   9  16  12  $12    0.010     2.9652  13449.09   0.0     -3.21  12.7  26.07.2025  18:12:54
  6  10   5   9  $12    0.001     2.8345  12142.96   0.0      2.09  15.2  26.07.2025  18:12:59
  6  10   7  11  $12    0.001     2.6617  11402.76   0.0      2.15   3.5  26.07.2025  18:13:01
  6  10   8  12  $12    0.010    14.3601  27068.22   0.0      4.79   4.0  26.07.2025  18:13:05
  6  10   1   5  $12    0.010   -11.6292  10275.25   0.0      5.28   3.1  26.07.2025  18:13:07
  6  10   3   7  $12    0.010   -12.4420  16416.85   0.0      6.97   2.5  26.07.2025  18:13:09
  6  10   4   8  $12    0.010    -5.7975  10928.11   0.0      5.59   5.4  26.07.2025  18:13:11
  6  10   1  13  $12    0.010     5.0024  11250.94   0.0      2.60  10.9  26.07.2025  18:13:13
  6  10   2  14  $12    0.010     4.9523  12446.54   0.0      7.71   4.0  26.07.2025  18:13:15
  6  10   3  15  $12    0.010     3.9080   8789.41   0.0      5.25   8.6  26.07.2025  18:13:17
  6  10   4  16  $12    0.010     3.4961   5491.69   0.0      4.10  12.3  26.07.2025  18:13:19
  6  10  13   9  $12    0.010    11.3472  14972.28   0.0      5.38   0.8  26.07.2025  18:13:21
  6  10  15  11  $12    0.010     9.9135   8759.34   0.0      3.67   1.0  26.07.2025  18:13:23
  6  10  16  12  $12    0.010     5.0681  11941.38   0.0      1.83   5.6  26.07.2025  18:13:25
  7  11   5   9  $12    0.010    13.7710  25957.76   0.0      2.45   2.1  26.07.2025  18:13:27
  7  11   6  10  $12    0.001     2.6632  11409.00   0.0      1.08  24.9  26.07.2025  18:13:32
  7  11   8  12  $12    0.001     3.5536  15223.79   0.0     -0.90 193.4  26.07.2025  18:13:34
  7  11   1   5  $12    0.010    -4.8346  11391.32   0.0      6.30   9.5  26.07.2025  18:13:38
  7  11   2   6  $12    0.010   -11.7851  10412.97   0.0      6.19  16.3  26.07.2025  18:13:40
  7  11   4   8  $12    0.010   -19.4401  25650.62   0.0      1.46   3.9  26.07.2025  18:13:42
  7  11   1  13  $12    0.010     4.4770   7032.50   0.0      1.66  41.5  26.07.2025  18:13:44
  7  11   2  14  $12    0.010     4.6112  10370.92   0.0      7.01  20.0  26.07.2025  18:13:46
  7  11   3  15  $12    0.010     3.9494   9925.84   0.0      3.72  36.4  26.07.2025  18:13:48
  7  11   4  16  $12    0.010     3.9783   8947.52   0.0      4.58   6.0  26.07.2025  18:13:50
  7  11  13   9  $12    0.010     4.4779   8440.63   0.0     -2.63   7.8  26.07.2025  18:13:52
  7  11  14  10  $12    0.010     9.8378  12980.71   0.0      0.37  32.9  26.07.2025  18:13:54
  7  11  16  12  $12    0.010    11.6166  10264.15   0.0      1.20   3.7  26.07.2025  18:13:57
  8  12   5   9  $12    0.010     8.5227  11245.44   0.0      5.67   0.3  26.07.2025  18:13:59
  8  12   6  10  $12    0.010    14.2957  26946.72   0.0      6.08   0.8  26.07.2025  18:14:01
  8  12   7  11  $12    0.001     3.5339  15139.12   0.0      0.62  23.9  26.07.2025  18:14:06
  8  12   1   5  $12    0.010    -3.0401  13788.68   0.0      0.18 995.3  26.07.2025  18:14:09
  8  12   2   6  $12    0.010    -6.3343  14924.95   0.0    -17.00   2.6  26.07.2025  18:14:11
  8  12   3   7  $12    0.010   -20.3838  18010.59   0.0     -2.34   5.8  26.07.2025  18:14:14
  8  12   1  13  $12    0.010     3.4579   2550.22   0.0     16.58   3.2  26.07.2025  18:14:16
  8  12   2  14  $12    0.010     3.4925   5485.96   0.0     57.14   0.8  26.07.2025  18:14:18
  8  12   3  15  $12    0.010     3.3742   7588.84   0.0     37.65   3.2  26.07.2025  18:14:20
  8  12  16   4  $12    0.010    -3.8356   9639.81   0.0     25.53   0.7  26.07.2025  18:14:22
  8  12   9  13  $12    0.100   -20.2350    866.86   0.0      8.17   0.3  26.07.2025  18:14:25
  8  12  10  14  $12    0.010    -4.4318   8353.78   0.0      7.50   0.5  26.07.2025  18:14:30
  8  12  11  15  $12    0.010   -11.2106  14792.08   0.0      7.63   0.4  26.07.2025  18:14:32
  9  13  10  14  $12    0.001     2.8083  12030.87   0.0      7.02   4.9  26.07.2025  18:14:37
  9  13  11  15  $12    0.010    15.5222  29258.62   0.0      4.43   1.3  26.07.2025  18:14:41
  9  13  12  16  $12    0.010     6.5985   8706.47   0.0      2.00   3.5  26.07.2025  18:14:43
  9  13   6  10  $12    0.010   -11.3081  14920.64   0.0      5.53   0.8  26.07.2025  18:14:45
  9  13   7  11  $12    0.010    -4.4014   8296.46   0.0      6.83   3.1  26.07.2025  18:14:47
  9  13   8  12  $12    0.100   -20.0965    860.93   0.0      5.72   2.8  26.07.2025  18:14:51
  9  13   5   1  $12    0.010     4.6733  35235.64   0.0      3.81   5.9  26.07.2025  18:14:56
  9  13   6   2  $12    0.010     4.2414  19237.80   0.0      2.25  28.7  26.07.2025  18:14:58
  9  13   7   3  $12    0.010     3.8981   9184.59   0.1      4.52  19.9  26.07.2025  18:15:00
  9  13   8   4  $12    0.010     3.4722   3067.95   0.0     -2.78  45.9  26.07.2025  18:15:02
  9  13   2  14  $12    0.010    12.1347   8949.45   0.0     13.29   3.3  26.07.2025  18:15:04
  9  13   3  15  $12    0.010     7.1845  11285.42   0.0      4.19  10.9  26.07.2025  18:15:06
  9  13   4  16  $12    0.100    11.0093   2476.09   0.0      0.23  58.0  26.07.2025  18:15:10
 10  14   9  13  $12    0.001     2.8100  12038.19   0.0      6.05   5.0  26.07.2025  18:15:18
 10  14  11  15  $12    0.001     3.3342  14283.72   0.0     -3.16  14.2  26.07.2025  18:15:20
 10  14  12  16  $12    0.010    10.3264  19464.77   0.0      2.51   1.4  26.07.2025  18:15:24
 10  14   5   9  $12    0.010   -11.6662  10307.92   0.0      4.06   0.7  26.07.2025  18:15:26
 10  14   7  11  $12    0.010    -9.8080  12941.31   0.0      3.66   3.5  26.07.2025  18:15:28
 10  14   8  12  $12    0.010    -4.4147   8321.51   0.1      6.66  26.3  26.07.2025  18:15:30
 10  14   5   1  $12    0.010     4.1738  47942.39   0.0      2.78   5.6  26.07.2025  18:15:32
 10  14   6   2  $12    0.010     3.9351  29670.15   0.2      1.19 181.5  26.07.2025  18:15:34
 10  14   7   3  $12    0.010     3.9660  17988.56   0.0     -1.44  43.2  26.07.2025  18:15:36
 10  14   8   4  $12    0.010     3.7121   8746.32   0.0      0.80 278.9  26.07.2025  18:15:38
 10  14   1  13  $12    0.010    11.8998  10668.22   0.0     14.84   1.0  26.07.2025  18:15:40
 10  14   3  15  $12    0.010    18.7932  13860.10   0.0      5.33  10.5  26.07.2025  18:15:43
 10  14   4  16  $12    0.010     2.1794   3423.39   0.0     -1.81   1.7  26.07.2025  18:15:45
 11  15   9  13  $12    0.010    15.5101  29235.86   0.0      5.71   1.6  26.07.2025  18:15:47
 11  15  10  14  $12    0.001     3.2950  14115.92   0.0      1.58  10.4  26.07.2025  18:15:52
 11  15  12  16  $12    0.010    19.2690   8254.83   0.0      5.96   0.3  26.07.2025  18:15:55
 11  15   5   9  $12    0.010    -4.7088  11094.74   0.0      9.65   1.0  26.07.2025  18:15:57
 11  15   6  10  $12    0.010    -9.8446   8698.39   0.0      7.16   1.1  26.07.2025  18:15:59
 11  15   8  12  $12    0.010   -11.2527  14847.65   0.0      6.10   5.8  26.07.2025  18:16:02
 11  15   5   1  $12    0.010     3.7003  61030.51   0.0      3.10  40.2  26.07.2025  18:16:04
 11  15   6   2  $12    0.010     3.6879  42360.64   0.1      2.12  40.3  26.07.2025  18:16:06
 11  15   7   3  $12    0.010     3.9914  30094.27   0.0      4.83  28.4  26.07.2025  18:16:08
 11  15   8   4  $12    0.010     4.0281  18269.93   0.0      4.57  17.3  26.07.2025  18:16:10
 11  15   1  13  $12    0.010     7.0981 156096.36   0.0      6.90  10.2  26.07.2025  18:16:12
 11  15   2  14  $12    0.010    19.0508  17079.09   0.0      4.96   2.7  26.07.2025  18:16:14
 11  15   4  16  $12    0.010     3.9680   2926.43   0.0      7.24   0.5  26.07.2025  18:16:16
 12  16   9  13  $12    0.010     6.6114   8723.52   0.0      3.41   2.2  26.07.2025  18:16:18
 12  16  10  14  $12    0.010    10.3332  19477.67   0.0      3.07   2.6  26.07.2025  18:16:20
 12  16  11  15  $12    0.010    19.3161   8275.01   0.0      5.31   1.3  26.07.2025  18:16:22
 12  16   5   9  $12    0.010    -2.9353  13313.63   0.1      9.24  13.6  26.07.2025  18:16:24
 12  16   6  10  $12    0.010    -5.0371  11868.50   0.0      7.49   2.5  26.07.2025  18:16:26
 12  16   7  11  $12    0.010   -11.5843  10235.53   0.0      4.89   2.1  26.07.2025  18:16:28
 12  16   5   1  $12    0.010     2.9301  66449.81   0.0      3.23  11.5  26.07.2025  18:16:30
 12  16   6   2  $12    0.010     3.1617  52147.55   0.0      5.49   9.1  26.07.2025  18:16:33
 12  16   7   3  $12    0.010     4.3755  50259.52   0.1      6.97  27.8  26.07.2025  18:16:35
 12  16   8   4  $12    0.010     4.9743  37505.15   0.0      2.22  80.2  26.07.2025  18:16:37
 12  16  13   1  $12    0.100    -6.9180    676.61   0.0     27.06   1.2  26.07.2025  18:16:40
 12  16  14   2  $12    0.100   -20.8681  45891.43   0.0      5.96  13.1  26.07.2025  18:16:42
 12  16  15   3  $12    0.010    -3.2823   2942.55   0.0     23.87   4.6  26.07.2025  18:16:47
 13   1  14   2  $12    0.001     3.3290  11416.53   0.0      8.62  17.2  26.07.2025  18:16:52
 13   1  15   3  $12    0.010    13.8461  10499.72   0.0      7.83   2.8  26.07.2025  18:16:56
 13   1  16   4  $12    0.010     5.3986   6938.32   0.0      7.27   6.5  26.07.2025  18:16:58
 13   1  10  14  $12    0.010   -11.7457  10530.09   0.0     20.27   1.5  26.07.2025  18:17:00
 13   1  11  15  $12    0.010    -7.0093 154142.22   0.0     10.94   0.6  26.07.2025  18:17:02
 13   1  12  16  $12    0.100    -6.9351    678.28   0.0     27.73   0.2  26.07.2025  18:17:06
 13   1   9   5  $12    0.010     5.3539  13455.79   0.0      0.19   3.7  26.07.2025  18:17:11
 13   1  10   6  $12    0.010     5.0171  11284.01   0.0      0.54   8.1  26.07.2025  18:17:13
 13   1  11   7  $12    0.010     4.4818   7039.97   0.0      1.20  37.2  26.07.2025  18:17:15
 13   1  12   8  $12    0.010     3.4847   2569.98   0.0      8.94   8.5  26.07.2025  18:17:17
 13   1   6   2  $12    0.010    16.1413  11904.31   0.0      9.91   0.5  26.07.2025  18:17:19
 13   1   7   3  $12    0.010     2.3467   3686.24   0.0     13.89   4.3  26.07.2025  18:17:21
 13   1   8   4  $12    0.100    12.2052   2745.08   0.0    -19.41   1.7  26.07.2025  18:17:25
 14   2  13   1  $12    0.001     3.3282  11413.66   0.0     10.96   2.1  26.07.2025  18:17:33
 14   2  15   3  $12    0.001     3.5048  12019.17   0.0     10.85  11.5  26.07.2025  18:17:35
 14   2  16   4  $12    0.010     7.6414   5794.61   0.0     17.89   0.5  26.07.2025  18:17:39
 14   2   9  13  $12    0.010   -11.9426   8807.75   0.0     20.34   0.0  26.07.2025  18:17:41
 14   2  11  15  $12    0.010   -18.9176  16959.70   0.0      7.50   0.2  26.07.2025  18:17:43
 14   2  12  16  $12    0.010    -2.0902  45965.24   0.0     23.34   0.5  26.07.2025  18:17:45
 14   2   9   5  $12    0.010     5.0746  11413.28   0.0      2.65  10.4  26.07.2025  18:17:47
 14   2  10   6  $12    0.010     4.9239  12375.01   0.0      5.15   3.8  26.07.2025  18:17:49
 14   2  11   7  $12    0.010     4.5737  10286.57   0.0      8.59   1.3  26.07.2025  18:17:51
 14   2  12   8  $12    0.010     3.4431   5408.43   0.0     63.85   0.5  26.07.2025  18:17:53
 14   2   5   1  $12    0.010    15.7935  14158.96   0.0     11.28   0.2  26.07.2025  18:17:55
 14   2   7   3  $12    0.010    11.0904   8179.29   0.0     21.73   0.4  26.07.2025  18:17:57
 14   2   8   4  $12    0.010     2.1016   3301.17   0.1    -65.64   1.9  26.07.2025  18:17:59
 15   3  13   1  $12    0.010    13.8225  10481.80   0.0     10.81   1.5  26.07.2025  18:18:01
 15   3  14   2  $12    0.001     3.5073  12027.98   0.1     14.01  19.2  26.07.2025  18:18:06
 15   3  16   4  $12    0.001     2.1847   7492.15   0.0     13.05   1.7  26.07.2025  18:18:08
 15   3   9  13  $12    0.010    -7.1313  11201.87   0.0     12.50   1.6  26.07.2025  18:18:12
 15   3  10  14  $12    0.010   -18.6994  13790.98   0.0      8.98   0.0  26.07.2025  18:18:14
 15   3  12  16  $12    0.010    -3.2449   2909.04   0.0     31.57   0.4  26.07.2025  18:18:16
 15   3   9   5  $12    0.010     3.7331   5864.00   0.0     -0.23  27.2  26.07.2025  18:18:18
 15   3  10   6  $12    0.010     3.8995   8770.27   0.0      2.36   1.8  26.07.2025  18:18:20
 15   3  11   7  $12    0.010     3.9323   9883.02   0.0      4.82   2.6  26.07.2025  18:18:22
 15   3  12   8  $12    0.010     3.3504   7535.34   0.0     38.33   1.0  26.07.2025  18:18:24
 15   3   5   1  $12    0.010     2.9693  65298.26   0.1     22.43   7.3  26.07.2025  18:18:26
 15   3   6   2  $12    0.010    12.0150  10771.48   0.0     20.92   1.0  26.07.2025  18:18:28
 15   3   8   4  $12    0.010    14.8712  10967.67   0.0      4.56   2.2  26.07.2025  18:18:31
 16   4  13   1  $12    0.010     5.4012   6941.62   0.0      7.73   1.7  26.07.2025  18:18:33
 16   4  14   2  $12    0.010     7.7012   5839.92   0.0     10.75   1.7  26.07.2025  18:18:35
 16   4  15   3  $12    0.010    21.4399   7352.54   0.0     10.15   0.3  26.07.2025  18:18:37
 16   4   9  13  $12    0.100   -10.9856   2470.76   0.0      9.64   0.5  26.07.2025  18:18:40
 16   4  10  14  $12    0.100   -21.5432   3383.99   0.0      7.56   0.1  26.07.2025  18:18:42
 16   4  11  15  $12    0.010    -3.9402   2905.90   0.0     15.16   0.5  26.07.2025  18:18:47
 16   4   9   5  $12    0.010     3.0543   2252.56   0.0      2.17  67.0  26.07.2025  18:18:49
 16   4  10   6  $12    0.010     3.4689   5448.96   0.0      3.76   3.9  26.07.2025  18:18:51
 16   4  11   7  $12    0.010     3.9403   8862.14   0.0      4.61   4.1  26.07.2025  18:18:54
 16   4  12   8  $12    0.010     3.8719   9731.19   0.0     13.57   4.9  26.07.2025  18:18:56
 16   4   5   1  $12    0.100    12.3707   1209.91   0.0     18.36   0.8  26.07.2025  18:18:59
 16   4   6   2  $12    0.100    20.3636  44781.79   0.0     28.54   0.5  26.07.2025  18:19:01
 16   4   7   3  $12    0.010    13.4372  12046.54   0.0      9.94   1.3  26.07.2025  18:19:06
  1   4   2   3  $12    0.001     2.7707  17408.71   0.1     10.78   2.1  26.07.2025  18:19:11
  2   3   1   4  $12    0.001     2.7817  17478.11   0.3      2.20 113.7  26.07.2025  18:19:13
  1   2   3   4  $12    0.010    -7.9587  15001.74   0.0     22.94   0.4  26.07.2025  18:19:17
  3   4   1   2  $12    0.010    -8.0049  15088.81   0.0     18.30   5.0  26.07.2025  18:19:19
  5   8   6   7  $12    0.010    21.6452  13600.11   0.0      3.06   0.5  26.07.2025  18:19:21
  6   7   5   8  $12    0.010    21.6717  13616.73   0.0     -0.41  70.8  26.07.2025  18:19:24
  5   6   7   8  $12    0.010    -3.6264   6835.64   0.0     11.77   2.4  26.07.2025  18:19:26
  7   8   5   6  $12    0.010    -3.5748   6738.33   0.0     15.50   1.0  26.07.2025  18:19:28
  9  12  10  11  $12    0.010    14.7134   9244.67   0.0      3.87   1.1  26.07.2025  18:19:30
 10  11   9  12  $12    0.010    14.7397   9261.22   0.0      2.86   1.4  26.07.2025  18:19:32
  9  10  11  12  $12    0.010    -2.7062   5101.06   0.0      5.83   1.6  26.07.2025  18:19:34
 11  12   9  10  $12    0.010    -2.7058   5100.29   0.0      5.30   4.1  26.07.2025  18:19:36
 13  16  14  15  $12    0.010     7.6628   4814.66   0.0     19.24   3.6  26.07.2025  18:19:38
 14  15  13  16  $12    0.010     7.6498   4806.52   0.0     18.64   0.4  26.07.2025  18:19:40
 13  14  15  16  $12    0.010   -10.2242  19272.13   0.0      2.66   3.7  26.07.2025  18:19:42
  1   9  10   2  $12    0.001    -3.6710  13210.43   0.0     17.02   1.6  26.07.2025  18:19:47
  1   9  11   3  $12    0.010   -15.0520  12896.53   0.0      9.25   2.1  26.07.2025  18:19:51
  1   9  12   4  $12    0.010   -10.1052  16897.21   0.0      8.93   1.6  26.07.2025  18:19:53
  2  10   9   1  $12    0.001    -3.6699  13206.47   0.0     12.88   3.7  26.07.2025  18:19:58
  2  10  11   3  $12    0.001    -2.9449  10597.50   0.1     14.06  15.3  26.07.2025  18:20:00
  2  10  12   4  $12    0.010   -13.6292  11677.51   0.0     12.61   2.5  26.07.2025  18:20:03
  3  11   9   1  $12    0.010   -15.0392  12885.52   0.0     11.04   0.7  26.07.2025  18:20:05
  3  11  10   2  $12    0.001    -2.9452  10598.37   0.0     24.18  10.9  26.07.2025  18:20:10
  3  11  12   4  $12    0.001    -3.3402  12019.75   0.0     18.09   2.7  26.07.2025  18:20:12
 12   4   9   1  $12    0.010    10.1760  17015.68   0.0      4.55   3.3  26.07.2025  18:20:16
 12   4  10   2  $12    0.010    13.7271  11761.34   0.0      6.16   3.2  26.07.2025  18:20:18
 12   4  11   3  $12    0.001     3.3896  12197.69   0.1      7.81   8.8  26.07.2025  18:20:23
 13   5  14   6  $12    0.001     3.3014  11880.23   0.0      6.97   4.8  26.07.2025  18:20:25
 13   5  15   7  $12    0.001     2.0433  17506.58   0.2      1.37 116.4  26.07.2025  18:20:28
 13   5  16   8  $12    0.010    10.1955  17048.25   0.0      7.89  10.0  26.07.2025  18:20:31
 14   6  13   5  $12    0.001     3.3013  11880.00   0.0      6.82   3.6  26.07.2025  18:20:36
 14   6  15   7  $12    0.001     3.9546  14230.82   0.0      3.78  14.2  26.07.2025  18:20:38
 14   6  16   8  $12    0.010    15.1627  12991.38   0.0      4.63   3.7  26.07.2025  18:20:42
 15   7  13   5  $12    0.010    20.1024  17223.73   0.0      4.11   0.4  26.07.2025  18:20:44
 15   7  14   6  $12    0.001     3.9576  14241.60   0.0      3.77   5.7  26.07.2025  18:20:49
 15   7  16   8  $12    0.001     3.1675  11398.50   0.0     -3.94  36.3  26.07.2025  18:20:51
 16   8  13   5  $12    0.010    10.1247  16929.91   0.0      6.93   0.2  26.07.2025  18:20:55
 16   8  14   6  $12    0.010    15.1063  12943.07   0.0      6.93   0.5  26.07.2025  18:20:57
 16   8  15   7  $12    0.001     3.1690  11403.97   0.0      3.16   1.8  26.07.2025  18:21:02
  1   2   5   6  $12    0.100     1.0386   1957.64   0.0     34.69   0.0  26.07.2025  18:21:11
  2   3   6   7  $12    0.100     4.5882   8648.62   0.0    -12.30   0.8  26.07.2025  18:21:13
  3   4   7   8  $12    0.100     2.7258   5138.00   0.1   -345.19   1.1  26.07.2025  18:21:15
  1   2   9  10  $12    0.100     0.3300   5225.56   0.2   -141.18   1.4  26.07.2025  18:21:20
  2   3  10  11  $12    0.100     1.6774  26559.17   0.0      0.43  39.5  26.07.2025  18:21:25
  3   4  11  12  $12    1.000     6.1298   9705.65   0.0    -30.45   1.0  26.07.2025  18:21:29
  1   2  13  14  $12    0.100     1.2596  67904.76   0.0    -63.79   0.2  26.07.2025  18:21:34
  2   3  14  15  $12    0.100     2.8350 152835.86   0.0     -4.73   7.6  26.07.2025  18:21:36
  3   4  15  16  $12    0.100     4.3579 234934.50   0.0     13.62   0.7  26.07.2025  18:21:38
  5   6   9  10  $12    1.000    16.2024   3054.08   0.0      3.57   2.5  26.07.2025  18:21:42
  6   7  10  11  $12    0.100     2.4001   4524.06   0.0     -1.70   4.0  26.07.2025  18:21:47
  7   8  11  12  $12    0.100     3.1501   5937.85   0.0     -2.58   2.7  26.07.2025  18:21:49
  5   6  13  14  $12    1.000     4.5733   7241.18   0.0     -5.49   0.9  26.07.2025  18:21:53
  6   7  14  15  $12    1.000     3.5730   5657.31   0.2     36.92   7.9  26.07.2025  18:21:55
  7   8  15  16  $12    1.000    19.6538  31119.02   0.1   -124.46   0.6  26.07.2025  18:21:57
  9  10  13  14  $12    1.000    16.2154   3056.53   0.0     -3.36   3.1  26.07.2025  18:21:59
 10  11  14  15  $12    1.000    12.4816   2352.73   0.0     17.05   0.6  26.07.2025  18:22:01
 11  12  15  16  $12    0.100     4.3929   8280.46   0.0      0.05 199.9  26.07.2025  18:22:06
  1   2   6   7  $12    0.100     0.7872   2967.54   0.0    179.98   0.3  26.07.2025  18:22:11
  2   3   7   8  $12    0.100     6.0932  22970.66   0.0   -104.43   0.5  26.07.2025  18:22:13
  1   2   7   8  $12    0.100    -1.4674   9681.26   0.2   -881.95   0.7  26.07.2025  18:22:19
  2   3   7   8  $12    0.100     6.0811  22925.35   0.0    -98.31   1.0  26.07.2025  18:22:21
  1   2  10  11  $12    0.100     0.4198   9495.43   0.0    -31.63  11.9  26.07.2025  18:22:26
  2   3  11  12  $12    0.100     1.4122  31942.58   0.0     -2.57  13.2  26.07.2025  18:22:31
  1   2  11  12  $12    0.100     0.3790  11786.15   0.1    -62.28   0.5  26.07.2025  18:22:37
  2   3  11  12  $12    0.100     1.4110  31915.09   0.0     -0.20 108.0  26.07.2025  18:22:42
  1   2  14  15  $12    0.100     0.6184  42427.36   0.0    116.96   0.2  26.07.2025  18:22:47
  2   3  15  16  $12    0.100     9.4727 649944.41   0.0      1.55   1.5  26.07.2025  18:22:49
  1   2  15  16  $12    0.100     2.2076 189335.46   0.0    -57.94   0.2  26.07.2025  18:22:51
  2   3  15  16  $12    0.100     9.4883 651015.68   0.0      1.42   3.3  26.07.2025  18:22:53
  5   6  10  11  $12    1.000    19.3493   7294.53   0.0      3.52   1.1  26.07.2025  18:22:57
  6   7  11  12  $12    0.100     2.3417   8828.13   0.0     -1.10  10.4  26.07.2025  18:23:02
  5   6  11  12  $12    1.000    16.5507  10919.09   0.0      5.14   0.1  26.07.2025  18:23:06
  6   7  11  12  $12    0.100     2.3410   8825.28   0.0     -0.92   9.6  26.07.2025  18:23:11
  5   6  14  15  $12    1.000     3.1029   7018.57   0.0     12.82   2.2  26.07.2025  18:23:15
  6   7  15  16  $12    1.000    13.6215  30811.03   0.0    -13.92   2.2  26.07.2025  18:23:17
  5   6  15  16  $12    1.000    11.2826  35091.02   0.0     -0.91   2.2  26.07.2025  18:23:19
  6   7  15  16  $12    1.000    13.6248  30818.47   0.0    -14.80   0.1  26.07.2025  18:23:21
  9  10  14  15  $12    1.000     8.5383   3218.85   0.0      8.46   0.4  26.07.2025  18:23:23
 10  11  15  16  $12    0.100     4.5897  17302.93   0.0      2.27   0.8  26.07.2025  18:23:28
  9  10  15  16  $12    0.100     2.6688  17606.77   0.0     -0.21  51.0  26.07.2025  18:23:30
 10  11  15  16  $12    0.100     4.5893  17301.16   0.0      1.84   4.7  26.07.2025  18:23:32
