//C:\Users\user\Desktop\GeoTom\GeoTomE724.ini
//- Cable direction:
//  cable I: normal
//  cable II: normal
//  cable III: normal
//  cable IV: normal
//- Cable arrangement: sequential
//- Optimization: Last measurement
//- Sorting: Multi-level
//- Current levels: 0.001 mA .. 50.0 mA
Type:         Flow
Name:         Hyprop
Comment:      Example of a measurements sequence
Comment:      
Comment:      
Spacing:      1.00000
First El:     0.00000
Nr of points: 289
IP present:   1

  1   5   2   6  $12    0.001     2.9704  12725.02   0.0      8.08   8.5  26.07.2025  12:10:08
  1   5   3   7  $12    0.010    10.5163  19822.72   0.0      9.37   1.9  26.07.2025  12:10:12
  1   5   4   8  $12    0.010     6.5819   8684.64   0.0      0.81  67.1  26.07.2025  12:10:14
  1   5  14   2  $12    0.010   -14.5216  13018.64   0.0     11.84   5.8  26.07.2025  12:10:16
  1   5  15   3  $12    0.010    -2.6774  58878.42   0.0     28.66   8.8  26.07.2025  12:10:18
  1   5  16   4  $12    0.100   -11.2625   1101.52   0.0     26.53   0.2  26.07.2025  12:10:22
  1   5  13   9  $12    0.010     4.2708  32201.41   0.0      4.28   2.1  26.07.2025  12:10:27
  1   5  14  10  $12    0.010     3.7871  43500.12   0.0      3.99   3.4  26.07.2025  12:10:29
  1   5  15  11  $12    0.010     3.3700  55582.03   0.0      4.52   0.5  26.07.2025  12:10:31
  1   5  16  12  $12    0.010     2.6622  60375.46   0.0      0.55  17.1  26.07.2025  12:10:33
  1   5  10   6  $12    0.010    10.8296   9568.73   0.0      3.35   1.0  26.07.2025  12:10:35
  1   5  11   7  $12    0.010     4.4664  10523.66   0.0      5.16   2.9  26.07.2025  12:10:37
  1   5  12   8  $12    0.010     2.7978  12690.01   0.1    -10.05   8.7  26.07.2025  12:10:39
  2   6   1   5  $12    0.001     2.9570  12667.74   0.0      6.05  11.0  26.07.2025  12:10:44
  2   6   3   7  $12    0.001     2.4658  10563.34   0.0      4.71  19.1  26.07.2025  12:10:46
  2   6   4   8  $12    0.010    10.3339  19478.88   0.0      0.07 1213.1  26.07.2025  12:10:50
  2   6  13   1  $12    0.010   -14.8687  10965.76   0.0     11.76   0.6  26.07.2025  12:10:52
  2   6  15   3  $12    0.010   -10.3627   9290.18   0.0     20.85   3.8  26.07.2025  12:10:54
  2   6  16   4  $12    0.100   -18.4960  40674.81   0.0     41.51   0.1  26.07.2025  12:10:58
  2   6  13   9  $12    0.010     3.8545  17482.53   0.0      4.86   3.0  26.07.2025  12:11:03
  2   6  14  10  $12    0.010     3.5837  27020.54   0.0      1.74  12.3  26.07.2025  12:11:05
  2   6  15  11  $12    0.010     3.3243  38184.01   0.0      6.41   1.3  26.07.2025  12:11:07
  2   6  16  12  $12    0.010     2.8434  46896.62   0.0      0.50  16.9  26.07.2025  12:11:09
  2   6   9   5  $12    0.010    10.4709  13815.98   0.0      5.44   0.3  26.07.2025  12:11:11
  2   6  11   7  $12    0.010    10.6126   9377.00   0.0      7.58   0.8  26.07.2025  12:11:13
  2   6  12   8  $12    0.010     5.6892  13404.94   0.0    -19.54   4.5  26.07.2025  12:11:16
  3   7   1   5  $12    0.010    10.5041  19799.79   0.0     11.39   1.8  26.07.2025  12:11:18
  3   7   2   6  $12    0.001     2.4789  10619.72   0.0     10.03  13.0  26.07.2025  12:11:22
  3   7   4   8  $12    0.001     3.4438  14753.15   0.0      1.55  28.7  26.07.2025  12:11:25
  3   7  13   1  $12    0.010    -2.1726   3412.69   0.0     33.15   0.9  26.07.2025  12:11:28
  3   7  14   2  $12    0.010    -9.7026   7155.76   0.0     24.11   0.7  26.07.2025  12:11:30
  3   7  16   4  $12    0.010   -12.6292  11322.10   0.0     18.94   0.3  26.07.2025  12:11:32
  3   7  13   9  $12    0.010     3.4733   8183.68   0.0      5.62   1.7  26.07.2025  12:11:34
  3   7  14  10  $12    0.010     3.5096  15918.61   0.0      1.81  14.0  26.07.2025  12:11:37
  3   7  15  11  $12    0.010     3.5557  26809.03   0.0      8.54   4.3  26.07.2025  12:11:39
  3   7  16  12  $12    0.010     3.8472  44191.01   0.0      3.48   2.7  26.07.2025  12:11:41
  3   7   9   5  $12    0.010     4.8518   9145.49   0.0      5.86   0.8  26.07.2025  12:11:43
  3   7  10   6  $12    0.010    11.1582  14722.94   0.0      7.11   0.2  26.07.2025  12:11:45
  3   7  12   8  $12    0.010    17.5979  15549.03   0.0     -6.98   6.4  26.07.2025  12:11:47
  4   8   1   5  $12    0.010     6.5604   8656.20   0.0      1.37   3.9  26.07.2025  12:11:49
  4   8   2   6  $12    0.010    10.3375  19485.65   0.0     -3.66  28.1  26.07.2025  12:11:51
  4   8   3   7  $12    0.001     3.4368  14723.21   0.0      4.39  15.2  26.07.2025  12:11:56
  4   8  13   1  $12    0.100   -11.4680   2579.27   0.0    -42.09   0.3  26.07.2025  12:12:01
  4   8  14   2  $12    0.100   -19.2450   3023.00   0.0    -79.41   0.1  26.07.2025  12:12:03
  4   8  15   3  $12    0.010   -13.3700   9860.49   0.0      5.63   6.2  26.07.2025  12:12:08
  4   8  13   9  $12    0.010     3.1216   2758.14   0.0      2.64   4.8  26.07.2025  12:12:10
  4   8  14  10  $12    0.010     3.3083   7794.96   0.0      1.65  18.1  26.07.2025  12:12:13
  4   8  15  11  $12    0.010     3.6022  16338.29   0.0      3.15   5.9  26.07.2025  12:12:15
  4   8  16  12  $12    0.010     4.3803  33026.50   0.0      2.50   2.3  26.07.2025  12:12:17
  4   8   9   5  $12    0.010     2.3365   1000.95   0.0      2.89   2.9  26.07.2025  12:12:19
  4   8  10   6  $12    0.010     5.1818   9767.40   0.0      5.20   0.8  26.07.2025  12:12:21
  4   8  11   7  $12    0.010    16.8525  22236.34   0.0      4.12   1.1  26.07.2025  12:12:23
  5   9   6  10  $12    0.001     2.6272  11255.02   0.0      2.27  11.9  26.07.2025  12:12:28
  5   9   7  11  $12    0.010    12.5810  23714.56   0.0      3.98   1.5  26.07.2025  12:12:31
  5   9   8  12  $12    0.010     7.7891  10277.54   0.0      2.65   9.6  26.07.2025  12:12:34
  5   9   2   6  $12    0.010   -10.4444  13781.11   0.0      6.29   6.7  26.07.2025  12:12:36
  5   9   3   7  $12    0.010    -4.8163   9078.57   0.0     10.46   5.9  26.07.2025  12:12:38
  5   9   4   8  $12    0.010    -2.3115    990.26   0.0      7.47   4.0  26.07.2025  12:12:40
  5   9   1  13  $12    0.010     4.8207  12115.71   0.0     -0.01 2691.2  26.07.2025  12:12:42
  5   9   2  14  $12    0.010     4.5896  10322.49   0.0      3.11  24.2  26.07.2025  12:12:44
  5   9   3  15  $12    0.010     3.4079   5353.06   0.0      0.17 1464.6  26.07.2025  12:12:46
  5   9   4  16  $12    0.010     2.8159   2076.77   0.0      2.95   3.5  26.07.2025  12:12:48
  5   9  14  10  $12    0.010    10.8755   9609.34   0.0      3.31  15.6  26.07.2025  12:12:50
  5   9  15  11  $12    0.010     4.3417  10229.82   0.0      2.29   2.9  26.07.2025  12:12:52
  5   9  16  12  $12    0.010     2.6639  12082.55   0.0     -2.35   7.2  26.07.2025  12:12:54
  6  10   5   9  $12    0.001     2.6265  11252.06   0.0      0.35  11.1  26.07.2025  12:12:59
  6  10   7  11  $12    0.001     2.3944  10257.72   0.0      0.89  28.6  26.07.2025  12:13:01
  6  10   8  12  $12    0.010    12.8558  24232.52   0.0      3.78   1.7  26.07.2025  12:13:05
  6  10   1   5  $12    0.010   -10.8511   9587.73   0.0      5.57   0.8  26.07.2025  12:13:07
  6  10   3   7  $12    0.010   -11.1965  14773.43   0.0      6.65   6.6  26.07.2025  12:13:09
  6  10   4   8  $12    0.010    -5.1612   9728.58   0.1      6.78  12.5  26.07.2025  12:13:11
  6  10   1  13  $12    0.010     4.5112  10146.18   0.0      1.58   7.2  26.07.2025  12:13:13
  6  10   2  14  $12    0.010     4.4605  11210.54   0.0      2.69  20.3  26.07.2025  12:13:15
  6  10   3  15  $12    0.010     3.5771   8045.30   0.0      0.57 139.1  26.07.2025  12:13:17
  6  10   4  16  $12    0.010     3.2005   5027.30   0.0      2.95   9.7  26.07.2025  12:13:19
  6  10  13   9  $12    0.010    10.5849  13966.47   0.0      2.49   8.5  26.07.2025  12:13:21
  6  10  15  11  $12    0.010     8.9146   7876.71   0.0      2.78   0.3  26.07.2025  12:13:23
  6  10  16  12  $12    0.010     4.4908  10581.16   0.0      0.61 111.2  26.07.2025  12:13:26
  7  11   5   9  $12    0.010    12.5871  23726.06   0.0      2.55   2.1  26.07.2025  12:13:28
  7  11   6  10  $12    0.001     2.3972  10269.62   0.0      0.18 110.0  26.07.2025  12:13:32
  7  11   8  12  $12    0.001     3.1146  13343.12   0.0     -5.39  21.3  26.07.2025  12:13:35
  7  11   1   5  $12    0.010    -4.4465  10476.75   0.0      6.86   5.5  26.07.2025  12:13:38
  7  11   2   6  $12    0.010   -10.6077   9372.66   0.0      6.61  11.2  26.07.2025  12:13:40
  7  11   4   8  $12    0.010   -16.7803  22141.06   0.0     -0.32  38.3  26.07.2025  12:13:42
  7  11   1  13  $12    0.010     4.0359   6339.58   0.0      1.36  17.1  26.07.2025  12:13:44
  7  11   2  14  $12    0.010     4.1769   9394.20   0.0      7.39   6.4  26.07.2025  12:13:47
  7  11   3  15  $12    0.010     3.6244   9109.13   0.0      5.90   4.2  26.07.2025  12:13:49
  7  11   4  16  $12    0.010     3.6419   8191.02   0.0      4.64   2.9  26.07.2025  12:13:51
  7  11  13   9  $12    0.010     4.0867   7703.33   0.0      4.86   5.1  26.07.2025  12:13:53
  7  11  14  10  $12    0.010     8.8807  11717.83   0.0      0.02 520.5  26.07.2025  12:13:55
  7  11  16  12  $12    0.010    10.3185   9117.10   0.0      1.74   7.1  26.07.2025  12:13:57
  8  12   5   9  $12    0.010     7.7406  10213.47   0.0      5.79   0.8  26.07.2025  12:13:59
  8  12   6  10  $12    0.010    12.7935  24115.15   0.0      6.51   0.5  26.07.2025  12:14:01
  8  12   7  11  $12    0.001     3.1064  13307.66   0.0      1.60  15.1  26.07.2025  12:14:06
  8  12   1   5  $12    0.010    -2.7682  12555.79   0.0     -4.77   8.6  26.07.2025  12:14:10
  8  12   2   6  $12    0.010    -5.6252  13253.96   0.0    -17.08   4.0  26.07.2025  12:14:12
  8  12   3   7  $12    0.010   -17.6767  15618.67   0.0     -2.11   4.6  26.07.2025  12:14:14
  8  12   1  13  $12    0.010     3.1134   2296.18   0.0     16.60   1.8  26.07.2025  12:14:16
  8  12   2  14  $12    0.010     3.1718   4982.20   0.0     52.92   4.6  26.07.2025  12:14:18
  8  12   3  15  $12    0.010     3.0693   6903.21   0.0     43.98   0.8  26.07.2025  12:14:20
  8  12  16   4  $12    0.010    -3.4752   8734.06   0.0     29.39   6.5  26.07.2025  12:14:22
  8  12   9  13  $12    0.100   -18.4979    792.45   0.0      7.24   0.3  26.07.2025  12:14:26
  8  12  10  14  $12    0.010    -3.9508   7447.01   0.0      8.04   0.9  26.07.2025  12:14:31
  8  12  11  15  $12    0.010    -9.9575  13138.64   0.0      8.64   0.8  26.07.2025  12:14:33
  9  13  10  14  $12    0.001     2.5773  11041.11   0.0      7.63   2.5  26.07.2025  12:14:38
  9  13  11  15  $12    0.010    13.9882  26367.16   0.0      4.40   1.4  26.07.2025  12:14:42
  9  13  12  16  $12    0.010     5.9844   7896.19   0.0      3.38   1.2  26.07.2025  12:14:44
  9  13   6  10  $12    0.010   -10.5095  13867.01   0.0      5.37   4.2  26.07.2025  12:14:46
  9  13   7  11  $12    0.010    -4.0482   7630.76   0.0      6.68   0.6  26.07.2025  12:14:48
  9  13   8  12  $12    0.100   -18.3907    787.85   0.0      4.81   8.2  26.07.2025  12:14:52
  9  13   5   1  $12    0.010     4.2868  32321.98   0.0      4.42  18.3  26.07.2025  12:14:57
  9  13   6   2  $12    0.010     3.8760  17580.39   0.2      4.43   6.7  26.07.2025  12:14:59
  9  13   7   3  $12    0.010     3.4954   8235.76   0.1      0.61 193.6  26.07.2025  12:15:01
  9  13   8   4  $12    0.010     3.1289   2764.59   0.0      1.06 160.2  26.07.2025  12:15:03
  9  13   2  14  $12    0.010    10.9819   8099.20   0.0     11.48   1.9  26.07.2025  12:15:05
  9  13   3  15  $12    0.010     6.4115  10071.15   0.0      4.03   5.6  26.07.2025  12:15:07
  9  13   4  16  $12    0.100    10.1431   2281.27   0.0      1.39   8.4  26.07.2025  12:15:11
 10  14   9  13  $12    0.001     2.5691  11005.96   0.0      4.09   4.9  26.07.2025  12:15:18
 10  14  11  15  $12    0.001     2.9131  12479.51   0.0      1.85  12.3  26.07.2025  12:15:20
 10  14  12  16  $12    0.010     9.2733  17479.83   0.0      2.25   3.1  26.07.2025  12:15:24
 10  14   5   9  $12    0.010   -10.8548   9591.04   0.0      5.47  12.0  26.07.2025  12:15:26
 10  14   7  11  $12    0.010    -8.8593  11689.57   0.0      3.42   1.9  26.07.2025  12:15:28
 10  14   8  12  $12    0.010    -3.9459   7437.84   0.0      3.46  33.4  26.07.2025  12:15:30
 10  14   5   1  $12    0.010     3.8095  43757.70   0.0      0.10  74.2  26.07.2025  12:15:32
 10  14   6   2  $12    0.010     3.6025  27162.44   0.1      2.60   7.1  26.07.2025  12:15:35
 10  14   7   3  $12    0.010     3.5390  16051.64   0.0      1.31  77.9  26.07.2025  12:15:37
 10  14   8   4  $12    0.010     3.3522   7898.51   0.0      0.14 477.7  26.07.2025  12:15:39
 10  14   1  13  $12    0.010    10.7318   9621.05   0.0     13.22   0.9  26.07.2025  12:15:41
 10  14   3  15  $12    0.010    16.4463  12129.30   0.0      3.61   5.5  26.07.2025  12:15:43
 10  14   4  16  $12    0.100    19.5997   3078.72   0.0      3.71   0.6  26.07.2025  12:15:47
 11  15   9  13  $12    0.010    13.9703  26333.40   0.0      6.24   0.9  26.07.2025  12:15:52
 11  15  10  14  $12    0.001     2.9164  12493.70   0.0      5.00   3.7  26.07.2025  12:15:57
 11  15  12  16  $12    0.010    17.3429   7429.67   0.0      5.98   0.7  26.07.2025  12:16:00
 11  15   5   9  $12    0.010    -4.2936  10116.62   0.0      8.25   1.1  26.07.2025  12:16:02
 11  15   6  10  $12    0.010    -8.8692   7836.57   0.0      6.02   0.4  26.07.2025  12:16:04
 11  15   8  12  $12    0.010    -9.9994  13193.94   0.0      6.63   4.1  26.07.2025  12:16:06
 11  15   5   1  $12    0.010     3.3822  55783.21   0.1      4.45   5.3  26.07.2025  12:16:09
 11  15   6   2  $12    0.010     3.3634  38633.21   0.0      0.12 237.9  26.07.2025  12:16:11
 11  15   7   3  $12    0.010     3.5883  27055.22   0.0      1.48  58.7  26.07.2025  12:16:13
 11  15   8   4  $12    0.010     3.6466  16539.71   0.0      3.84  37.1  26.07.2025  12:16:15
 11  15   1  13  $12    0.010     6.2878 138276.18   0.0      6.86   3.7  26.07.2025  12:16:17
 11  15   2  14  $12    0.010    16.5977  14879.93   0.0      4.40   5.1  26.07.2025  12:16:19
 11  15   4  16  $12    0.010     3.7136   2738.84   0.0      7.78   5.0  26.07.2025  12:16:21
 12  16   9  13  $12    0.010     6.0080   7927.32   0.0      3.14   0.5  26.07.2025  12:16:23
 12  16  10  14  $12    0.010     9.2943  17519.34   0.0      3.62   3.3  26.07.2025  12:16:25
 12  16  11  15  $12    0.010    17.3841   7447.35   0.0      5.16   1.6  26.07.2025  12:16:27
 12  16   5   9  $12    0.010    -2.6264  11912.54   0.0      8.84  19.1  26.07.2025  12:16:29
 12  16   6  10  $12    0.010    -4.4667  10524.32   0.0      8.50   3.0  26.07.2025  12:16:31
 12  16   7  11  $12    0.010   -10.2956   9096.89   0.0      5.15   1.9  26.07.2025  12:16:33
 12  16   5   1  $12    0.010     2.6897  60997.60   0.0      3.07  30.7  26.07.2025  12:16:35
 12  16   6   2  $12    0.010     2.8635  47228.63   0.0      0.92 180.7  26.07.2025  12:16:37
 12  16   7   3  $12    0.010     3.8922  44707.97   0.0      7.03   6.0  26.07.2025  12:16:39
 12  16   8   4  $12    0.010     4.4350  33439.16   0.0     -1.76  30.4  26.07.2025  12:16:41
 12  16  13   1  $12    0.100    -6.4107    627.00   0.0     26.68   0.4  26.07.2025  12:16:45
 12  16  14   2  $12    0.100   -18.8318  41413.19   0.0      6.84   4.3  26.07.2025  12:16:47
 12  16  15   3  $12    0.010    -3.1275   2803.84   0.0     21.46   3.7  26.07.2025  12:16:52
 13   1  14   2  $12    0.001     3.0645  10509.48   0.0      8.02   6.6  26.07.2025  12:16:57
 13   1  15   3  $12    0.010    12.5094   9486.08   0.0      7.71   6.0  26.07.2025  12:17:01
 13   1  16   4  $12    0.010     4.9412   6350.45   0.0      8.42   4.2  26.07.2025  12:17:03
 13   1  10  14  $12    0.010   -10.6378   9536.82   0.0     20.20   0.2  26.07.2025  12:17:05
 13   1  11  15  $12    0.010    -6.2186 136754.12   0.0      9.46   0.2  26.07.2025  12:17:07
 13   1  12  16  $12    0.100    -6.4483    630.67   0.0     25.67   0.6  26.07.2025  12:17:11
 13   1   9   5  $12    0.010     4.8377  12158.45   0.0      1.07   7.1  26.07.2025  12:17:16
 13   1  10   6  $12    0.010     4.5289  10185.96   0.0      1.61   5.9  26.07.2025  12:17:18
 13   1  11   7  $12    0.010     4.0467   6356.60   0.0      1.01  10.7  26.07.2025  12:17:20
 13   1  12   8  $12    0.010     3.1402   2315.89   0.0      9.02  27.0  26.07.2025  12:17:22
 13   1   6   2  $12    0.010    15.0247  11080.81   0.0      8.57   5.6  26.07.2025  12:17:24
 13   1   7   3  $12    0.010     2.2459   3527.84   0.0     15.20  13.4  26.07.2025  12:17:26
 13   1   8   4  $12    0.100    11.5174   2590.37   0.0    -20.49   1.0  26.07.2025  12:17:30
 14   2  13   1  $12    0.001     3.0609  10497.12   0.0     10.41   8.4  26.07.2025  12:17:38
 14   2  15   3  $12    0.001     3.1151  10682.98   0.0      9.89   6.7  26.07.2025  12:17:40
 14   2  16   4  $12    0.010     6.9881   5299.18   0.0     14.56   1.5  26.07.2025  12:17:44
 14   2   9  13  $12    0.010   -10.7944   7960.92   0.0     20.33   0.2  26.07.2025  12:17:46
 14   2  11  15  $12    0.010   -16.4761  14770.84   0.0      7.72   0.2  26.07.2025  12:17:48
 14   2  12  16  $12    0.100   -18.9620  41699.65   0.0     12.98   0.2  26.07.2025  12:17:51
 14   2   9   5  $12    0.010     4.5912  10325.98   0.0      2.77   0.4  26.07.2025  12:17:56
 14   2  10   6  $12    0.010     4.4530  11191.63   0.0      4.31   0.6  26.07.2025  12:17:58
 14   2  11   7  $12    0.010     4.1502   9334.22   0.0      7.48   6.3  26.07.2025  12:18:00
 14   2  12   8  $12    0.010     3.1486   4945.86   0.0     58.77   1.1  26.07.2025  12:18:03
 14   2   5   1  $12    0.010    14.8066  13274.15   0.0     11.63   1.0  26.07.2025  12:18:05
 14   2   7   3  $12    0.010    10.0229   7391.94   0.0     20.27   0.8  26.07.2025  12:18:07
 14   2   8   4  $12    0.100    19.5416   3069.58   0.0    -65.52   0.2  26.07.2025  12:18:10
 15   3  13   1  $12    0.010    12.4968   9476.51   0.0     10.53   1.2  26.07.2025  12:18:15
 15   3  14   2  $12    0.001     3.1139  10678.67   0.0     10.82  11.2  26.07.2025  12:18:20
 15   3  16   4  $12    0.001     2.0312   6965.83   0.0      6.29   9.6  26.07.2025  12:18:22
 15   3   9  13  $12    0.010    -6.3522   9977.98   0.0     12.44   0.4  26.07.2025  12:18:26
 15   3  10  14  $12    0.010   -16.3257  12040.34   0.0      8.75   0.8  26.07.2025  12:18:28
 15   3  12  16  $12    0.010    -3.0882   2768.60   0.0     29.91   0.9  26.07.2025  12:18:30
 15   3   9   5  $12    0.010     3.4172   5367.75   0.0     -0.11 585.1  26.07.2025  12:18:32
 15   3  10   6  $12    0.010     3.5702   8029.75   0.0      2.25   2.9  26.07.2025  12:18:34
 15   3  11   7  $12    0.010     3.6212   9100.94   0.0      2.12   5.3  26.07.2025  12:18:37
 15   3  12   8  $12    0.010     3.0476   6854.40   0.0     47.06   3.5  26.07.2025  12:18:39
 15   3   5   1  $12    0.010     2.7233  59888.67   0.0     21.01   0.1  26.07.2025  12:18:41
 15   3   6   2  $12    0.010    10.7554   9642.29   0.0     19.86   2.9  26.07.2025  12:18:43
 15   3   8   4  $12    0.010    13.7583  10146.86   0.0      3.82   7.0  26.07.2025  12:18:45
 16   4  13   1  $12    0.010     4.9482   6359.36   0.0      5.45   2.6  26.07.2025  12:18:47
 16   4  14   2  $12    0.010     7.0391   5337.86   0.0      8.42  17.6  26.07.2025  12:18:49
 16   4  15   3  $12    0.010    19.8012   6790.56   0.0      9.51   3.2  26.07.2025  12:18:51
 16   4   9  13  $12    0.100   -10.0781   2266.67   0.0      8.92   0.5  26.07.2025  12:18:55
 16   4  10  14  $12    0.100   -19.5651   3073.28   0.0      7.69   0.8  26.07.2025  12:18:57
 16   4  11  15  $12    0.010    -3.6726   2708.60   0.0     15.08   1.1  26.07.2025  12:19:02
 16   4   9   5  $12    0.010     2.8031   2067.32   0.0     -0.18 102.8  26.07.2025  12:19:04
 16   4  10   6  $12    0.010     3.1778   4991.67   0.0      3.54   1.8  26.07.2025  12:19:06
 16   4  11   7  $12    0.010     3.6149   8130.15   0.0      4.00  15.3  26.07.2025  12:19:08
 16   4  12   8  $12    0.010     3.5373   8890.20   0.0     12.92  17.8  26.07.2025  12:19:10
 16   4   5   1  $12    0.100    11.2593   1101.21   0.0     16.34   0.7  26.07.2025  12:19:14
 16   4   6   2  $12    0.100    18.5746  40847.69   0.0     20.51   1.2  26.07.2025  12:19:16
 16   4   7   3  $12    0.010    12.3913  11108.82   0.0     10.27   3.2  26.07.2025  12:19:21
  1   4   2   3  $12    0.001     2.5682  16136.22   0.0      7.86   6.9  26.07.2025  12:19:26
  2   3   1   4  $12    0.001     2.5555  16056.75   0.0      4.72  23.5  26.07.2025  12:19:28
  1   2   3   4  $12    0.010    -7.0603  13308.34   0.0     22.01   1.1  26.07.2025  12:19:31
  3   4   1   2  $12    0.010    -7.0749  13335.86   0.0     17.36   2.0  26.07.2025  12:19:34
  5   8   6   7  $12    0.010    19.1715  12045.83   0.0      2.59   2.1  26.07.2025  12:19:36
  6   7   5   8  $12    0.010    19.1777  12049.73   0.0     -1.10  10.2  26.07.2025  12:19:38
  5   6   7   8  $12    0.010    -3.2764   6175.83   0.1      8.77  20.1  26.07.2025  12:19:40
  7   8   5   6  $12    0.010    -3.2089   6048.54   0.0     16.58   0.5  26.07.2025  12:19:42
  9  12  10  11  $12    0.010    13.4594   8456.77   0.0      3.58   1.6  26.07.2025  12:19:44
 10  11   9  12  $12    0.010    13.4944   8478.79   0.0      3.05   1.6  26.07.2025  12:19:46
  9  10  11  12  $12    0.010    -2.4371   4593.85   0.0      5.88   2.8  26.07.2025  12:19:48
 11  12   9  10  $12    0.010    -2.4381   4595.78   0.0      5.34  13.8  26.07.2025  12:19:50
 13  16  14  15  $12    0.010     7.2059   4527.59   0.0     17.42   0.8  26.07.2025  12:19:52
 14  15  13  16  $12    0.010     7.2124   4531.70   0.0     14.62   0.3  26.07.2025  12:19:54
 13  14  15  16  $12    0.010    -8.7694  16529.98   0.0      2.20   3.3  26.07.2025  12:19:56
  1   9  10   2  $12    0.001    -3.4154  12290.45   0.1     15.74   0.8  26.07.2025  12:20:01
  1   9  11   3  $12    0.010   -13.7747  11802.11   0.0     10.04   4.2  26.07.2025  12:20:05
  1   9  12   4  $12    0.010    -9.2074  15396.07   0.0      8.62   0.9  26.07.2025  12:20:07
  2  10   9   1  $12    0.001    -3.4041  12249.84   0.0     15.24   3.3  26.07.2025  12:20:12
  2  10  11   3  $12    0.001    -2.6582   9565.72   0.0     19.47   8.9  26.07.2025  12:20:14
  2  10  12   4  $12    0.010   -12.3321  10566.09   0.0     12.03   0.4  26.07.2025  12:20:18
  3  11   9   1  $12    0.010   -13.7541  11784.52   0.0     11.73   0.8  26.07.2025  12:20:20
  3  11  10   2  $12    0.001    -2.6476   9527.63   0.0     21.75   1.7  26.07.2025  12:20:25
  3  11  12   4  $12    0.001    -3.0255  10887.44   0.0     19.23   1.9  26.07.2025  12:20:27
 12   4   9   1  $12    0.010     9.2702  15501.03   0.0      3.88   4.7  26.07.2025  12:20:30
 12   4  10   2  $12    0.010    12.4430  10661.11   0.0      6.46   1.9  26.07.2025  12:20:33
 12   4  11   3  $12    0.001     3.0756  11067.61   0.0      7.26  25.7  26.07.2025  12:20:37
 13   5  14   6  $12    0.001     3.0439  10953.54   0.0      2.97  13.4  26.07.2025  12:20:39
 13   5  15   7  $12    0.010    18.1799  15576.54   0.0      4.41   0.5  26.07.2025  12:20:43
 13   5  16   8  $12    0.010     9.2906  15535.11   0.0      4.45  16.1  26.07.2025  12:20:45
 14   6  13   5  $12    0.001     3.0301  10903.92   0.0      8.31   0.8  26.07.2025  12:20:50
 14   6  15   7  $12    0.001     3.5157  12651.44   0.0      3.77  20.0  26.07.2025  12:20:52
 14   6  16   8  $12    0.010    13.6895  11729.10   0.0      4.84   2.8  26.07.2025  12:20:56
 15   7  13   5  $12    0.010    18.1913  15586.31   0.0      4.02   0.6  26.07.2025  12:20:58
 15   7  14   6  $12    0.001     3.5143  12646.31   0.0      2.79   7.6  26.07.2025  12:21:03
 15   7  16   8  $12    0.001     2.8120  10119.17   0.0     -0.62 114.1  26.07.2025  12:21:05
 16   8  13   5  $12    0.010     9.2315  15436.27   0.0      7.06   0.1  26.07.2025  12:21:09
 16   8  14   6  $12    0.010    13.5915  11645.21   0.0      8.85   0.7  26.07.2025  12:21:11
 16   8  15   7  $12    0.001     2.8065  10099.37   0.0      2.69   7.8  26.07.2025  12:21:16
  1   2   5   6  $12    1.000     7.7486   1460.58   0.5     44.55  17.2  26.07.2025  12:21:23
  2   3   6   7  $12    0.100     4.0625   7657.60   0.0     -4.02   7.2  26.07.2025  12:21:29
  3   4   7   8  $12    0.100     2.6762   5044.55   0.1   -411.05   0.2  26.07.2025  12:21:31
  1   2   9  10  $12    1.000     1.2343   1954.32   0.9    380.10   5.5  26.07.2025  12:21:38
  2   3  10  11  $12    0.100     1.4900  23591.41   0.0     -2.66   8.8  26.07.2025  12:21:43
  3   4  11  12  $12    1.000     5.3181   8420.54   0.0    -33.49   0.5  26.07.2025  12:21:47
  1   2  13  14  $12    1.000     9.0844  48973.79   0.0     59.60   3.4  26.07.2025  12:21:49
  2   3  14  15  $12    0.100     2.6361 142111.08   0.0      8.13   0.7  26.07.2025  12:21:55
  3   4  15  16  $12    0.100     3.7249 200806.71   0.0     17.52   1.3  26.07.2025  12:21:57
  5   6   9  10  $12    1.000    14.8552   2800.15   0.0      3.81   1.1  26.07.2025  12:22:00
  6   7  10  11  $12    1.000    21.7387   4097.64   0.0      0.49  10.5  26.07.2025  12:22:02
  7   8  11  12  $12    0.100     2.7350   5155.30   0.0     -6.51   1.2  26.07.2025  12:22:07
  5   6  13  14  $12    1.000     4.1732   6607.66   0.0     -3.07   0.5  26.07.2025  12:22:11
  6   7  14  15  $12    1.000     3.4290   5429.40   0.1     32.69   4.1  26.07.2025  12:22:13
  7   8  15  16  $12    1.000    17.1984  27231.35   0.1   -160.91   0.4  26.07.2025  12:22:15
  9  10  13  14  $12    1.000    14.5267   2738.23   0.0     -2.81   6.6  26.07.2025  12:22:17
 10  11  14  15  $12    1.000    11.9815   2258.47   0.0     18.12   0.3  26.07.2025  12:22:19
 11  12  15  16  $12    0.100     3.8217   7203.68   0.0     -0.76  15.9  26.07.2025  12:22:24
  1   2   6   7  $12    1.000     8.6338   3254.85   0.0    114.99   1.2  26.07.2025  12:22:28
  2   3   7   8  $12    0.100     4.9717  18743.05   0.0    -62.76   1.3  26.07.2025  12:22:34
  1   2   7   8  $12    1.000    -6.1255   4041.18   0.6  -1133.85   0.5  26.07.2025  12:22:37
  2   3   7   8  $12    0.100     4.9488  18656.54   0.0    -60.86   0.8  26.07.2025  12:22:42
  1   2  10  11  $12    1.000     2.6867   6077.13   0.9   -197.04   5.0  26.07.2025  12:22:48
  2   3  11  12  $12    1.000    12.3058  27835.12   0.1    -12.54   4.3  26.07.2025  12:22:50
  1   2  11  12  $12    1.000     2.9547   9189.54   0.1      8.72  19.6  26.07.2025  12:22:52
  2   3  11  12  $12    1.000    12.3174  27861.36   0.0    -10.90   0.3  26.07.2025  12:22:54
  1   2  14  15  $12    1.000     5.7615  39531.26   0.0     43.72   1.1  26.07.2025  12:22:56
  2   3  15  16  $12    0.100     8.2603 566759.14   0.0     -2.59   2.8  26.07.2025  12:23:01
  1   2  15  16  $12    0.100     2.0254 173713.06   0.0    -35.04   0.6  26.07.2025  12:23:03
  2   3  15  16  $12    0.100     8.2843 568403.43   0.0     -2.39   0.7  26.07.2025  12:23:05
  5   6  10  11  $12    1.000    17.8128   6715.25   0.0      5.22   0.5  26.07.2025  12:23:09
  6   7  11  12  $12    1.000    20.6866   7798.68   0.0      0.94   3.8  26.07.2025  12:23:11
  5   6  11  12  $12    1.000    14.8694   9809.83   0.0      6.03   0.9  26.07.2025  12:23:13
  6   7  11  12  $12    1.000    20.6910   7800.31   0.0      0.73   3.6  26.07.2025  12:23:15
  5   6  14  15  $12    1.000     2.9884   6759.70   0.0     16.59   0.1  26.07.2025  12:23:17
  6   7  15  16  $12    1.000    11.9764  27089.96   0.0    -12.47   0.1  26.07.2025  12:23:19
  5   6  15  16  $12    1.000    10.0095  31131.20   0.0     -0.27 105.2  26.07.2025  12:23:21
  6   7  15  16  $12    1.000    11.9814  27101.29   0.0    -12.60   0.2  26.07.2025  12:23:23
  9  10  14  15  $12    1.000     8.0682   3041.66   0.0      9.63   2.1  26.07.2025  12:23:25
 10  11  15  16  $12    0.100     4.0797  15380.19   0.0      0.84  14.3  26.07.2025  12:23:30
  9  10  15  16  $12    0.100     2.3510  15510.41   0.0     -0.17 125.8  26.07.2025  12:23:32
 10  11  15  16  $12    0.100     4.0763  15367.47   0.0      0.35  21.5  26.07.2025  12:23:34
