//C:\Users\user\Desktop\GeoTom\GeoTomE724.ini
//- Cable direction:
//  cable I: normal
//  cable II: normal
//  cable III: normal
//  cable IV: normal
//- Cable arrangement: sequential
//- Optimization: Last measurement
//- Sorting: Multi-level
//- Current levels: 0.001 mA .. 50.0 mA
Type:         Flow
Name:         Hyprop
Comment:      Example of a measurements sequence
Comment:      
Comment:      
Spacing:      1.00000
First El:     0.00000
Nr of points: 289
IP present:   1

  1   5   2   6  $12    0.001     3.1283  13401.57   0.0      1.35 187.8  26.07.2025  16:10:08
  1   5   3   7  $12    0.010    11.1746  21063.58   0.0      8.58   2.1  26.07.2025  16:10:12
  1   5   4   8  $12    0.010     7.0219   9265.21   0.0     -1.07  27.4  26.07.2025  16:10:14
  1   5  14   2  $12    0.010   -15.3785  13786.89   0.0      9.48   6.9  26.07.2025  16:10:16
  1   5  15   3  $12    0.010    -2.8483  62637.37   0.0     26.24   3.6  26.07.2025  16:10:18
  1   5  16   4  $12    0.100   -12.0851   1181.98   0.0     28.14   0.3  26.07.2025  16:10:22
  1   5  13   9  $12    0.010     4.5512  34315.28   0.0      4.46   1.2  26.07.2025  16:10:27
  1   5  14  10  $12    0.010     4.0517  46539.31   0.0      4.99   4.5  26.07.2025  16:10:29
  1   5  15  11  $12    0.010     3.5831  59097.23   0.0      3.77   2.8  26.07.2025  16:10:31
  1   5  16  12  $12    0.010     2.8461  64544.88   0.0     -0.44  19.9  26.07.2025  16:10:33
  1   5  10   6  $12    0.010    11.3733  10049.13   0.0      3.25   1.7  26.07.2025  16:10:35
  1   5  11   7  $12    0.010     4.7374  11162.19   0.0      4.18   5.0  26.07.2025  16:10:37
  1   5  12   8  $12    0.010     2.9847  13537.78   0.1    -13.71  11.2  26.07.2025  16:10:39
  2   6   1   5  $12    0.001     3.1231  13379.35   0.0      8.60   6.0  26.07.2025  16:10:44
  2   6   3   7  $12    0.001     2.7178  11642.88   0.0     12.28   1.5  26.07.2025  16:10:46
  2   6   4   8  $12    0.010    11.2233  21155.45   0.0     -4.06   4.8  26.07.2025  16:10:50
  2   6  13   1  $12    0.010   -15.7041  11581.90   0.0     14.22   3.2  26.07.2025  16:10:52
  2   6  15   3  $12    0.010   -11.7408  10525.68   0.0     23.19   1.0  26.07.2025  16:10:54
  2   6  16   4  $12    0.100   -19.5653  43026.32   0.0     56.74   0.0  26.07.2025  16:10:58
  2   6  13   9  $12    0.010     4.1293  18729.06   0.0      4.75   2.6  26.07.2025  16:11:03
  2   6  14  10  $12    0.010     3.8311  28885.68   0.0      3.49  29.9  26.07.2025  16:11:05
  2   6  15  11  $12    0.010     3.5650  40949.13   0.0      6.85  10.9  26.07.2025  16:11:07
  2   6  16  12  $12    0.010     3.0492  50291.01   0.0     -0.41  91.7  26.07.2025  16:11:09
  2   6   9   5  $12    0.010    10.9938  14506.00   0.0      5.41   1.3  26.07.2025  16:11:11
  2   6  11   7  $12    0.010    11.4442  10111.76   0.0      7.46   0.8  26.07.2025  16:11:13
  2   6  12   8  $12    0.010     6.2329  14685.93   0.0    -25.46   1.1  26.07.2025  16:11:15
  3   7   1   5  $12    0.010    11.1542  21025.10   0.0     10.05   2.3  26.07.2025  16:11:17
  3   7   2   6  $12    0.001     2.7229  11665.01   0.1      9.83  36.7  26.07.2025  16:11:22
  3   7   4   8  $12    0.001     3.7327  15990.93   0.0      1.94  23.3  26.07.2025  16:11:24
  3   7  13   1  $12    0.010    -2.2324   3506.63   0.0     33.56   0.2  26.07.2025  16:11:28
  3   7  14   2  $12    0.010   -10.8864   8028.80   0.0     25.09   2.4  26.07.2025  16:11:30
  3   7  16   4  $12    0.010   -13.2325  11862.98   0.0     17.00   0.5  26.07.2025  16:11:32
  3   7  13   9  $12    0.010     3.7580   8854.54   0.0      6.33   1.1  26.07.2025  16:11:34
  3   7  14  10  $12    0.010     3.8289  17366.42   0.0      4.10   1.1  26.07.2025  16:11:36
  3   7  15  11  $12    0.010     3.8554  29068.98   0.0      4.83   4.3  26.07.2025  16:11:39
  3   7  16  12  $12    0.010     4.1923  48154.11   0.0      3.84   0.7  26.07.2025  16:11:41
  3   7   9   5  $12    0.010     5.1645   9734.89   0.0      5.38   0.5  26.07.2025  16:11:43
  3   7  10   6  $12    0.010    12.0282  15870.85   0.0      6.72   1.2  26.07.2025  16:11:45
  3   7  12   8  $12    0.010    19.5354  17260.99   0.0     -4.68   6.1  26.07.2025  16:11:47
  4   8   1   5  $12    0.010     6.9980   9233.70   0.0      1.16   2.5  26.07.2025  16:11:49
  4   8   2   6  $12    0.010    11.1979  21107.59   0.0     -7.39   2.8  26.07.2025  16:11:51
  4   8   3   7  $12    0.001     3.7369  16008.75   0.0      2.28  14.0  26.07.2025  16:11:56
  4   8  13   1  $12    0.100   -11.9111   2678.92   0.0    -36.96   0.1  26.07.2025  16:12:01
  4   8  14   2  $12    0.100   -20.8608   3276.81   0.0    -89.98   0.2  26.07.2025  16:12:04
  4   8  15   3  $12    0.010   -14.1637  10445.83   0.0      5.58   8.0  26.07.2025  16:12:08
  4   8  13   9  $12    0.010     3.3494   2959.41   0.0      6.77   3.2  26.07.2025  16:12:10
  4   8  14  10  $12    0.010     3.5726   8417.70   0.0      6.28   3.9  26.07.2025  16:12:13
  4   8  15  11  $12    0.010     3.8934  17659.38   0.1      2.39  24.9  26.07.2025  16:12:14
  4   8  16  12  $12    0.010     4.7579  35873.47   0.0      2.60   3.8  26.07.2025  16:12:16
  4   8   9   5  $12    0.010     2.4929   1067.95   0.0      3.33   3.6  26.07.2025  16:12:18
  4   8  10   6  $12    0.010     5.6259  10604.63   0.0      4.06   1.5  26.07.2025  16:12:20
  4   8  11   7  $12    0.010    18.7721  24769.24   0.0      4.22   0.8  26.07.2025  16:12:22
  5   9   6  10  $12    0.001     2.7772  11897.41   0.0      1.63  29.0  26.07.2025  16:12:27
  5   9   7  11  $12    0.010    13.4123  25281.59   0.0      3.56   1.5  26.07.2025  16:12:31
  5   9   8  12  $12    0.010     8.3306  10991.99   0.0      2.14  12.3  26.07.2025  16:12:33
  5   9   2   6  $12    0.010   -10.9645  14467.26   0.0      5.97  12.6  26.07.2025  16:12:35
  5   9   3   7  $12    0.010    -5.1363   9681.75   0.0     10.06   8.4  26.07.2025  16:12:37
  5   9   4   8  $12    0.010    -2.4622   1054.79   0.1     11.44  22.9  26.07.2025  16:12:39
  5   9   1  13  $12    0.010     5.1825  13024.99   0.0      0.57  48.2  26.07.2025  16:12:41
  5   9   2  14  $12    0.010     4.9392  11108.81   0.0     -1.66  49.3  26.07.2025  16:12:43
  5   9   3  15  $12    0.010     3.6262   5696.04   0.0     -1.52  68.9  26.07.2025  16:12:45
  5   9   4  16  $12    0.010     2.9988   2211.64   0.0      0.98  77.4  26.07.2025  16:12:47
  5   9  14  10  $12    0.010    11.4910  10153.16   0.0      2.76   3.0  26.07.2025  16:12:49
  5   9  15  11  $12    0.010     4.6524  10961.93   0.1      0.89 123.4  26.07.2025  16:12:51
  5   9  16  12  $12    0.010     2.8779  13053.32   0.0     -2.85  17.7  26.07.2025  16:12:54
  6  10   5   9  $12    0.001     2.7804  11911.01   0.0      2.10   7.5  26.07.2025  16:12:59
  6  10   7  11  $12    0.001     2.5846  11072.49   0.0      4.31  12.2  26.07.2025  16:13:01
  6  10   8  12  $12    0.010    13.9119  26223.36   0.0      4.28   9.9  26.07.2025  16:13:04
  6  10   1   5  $12    0.010   -11.4011  10073.73   0.0      5.17   4.4  26.07.2025  16:13:06
  6  10   3   7  $12    0.010   -12.0600  15912.80   0.0      6.29   5.8  26.07.2025  16:13:09
  6  10   4   8  $12    0.010    -5.5818  10521.41   0.0      6.66   6.7  26.07.2025  16:13:11
  6  10   1  13  $12    0.010     4.8584  10927.00   0.0      1.67   6.1  26.07.2025  16:13:13
  6  10   2  14  $12    0.010     4.8033  12071.89   0.0      4.79  20.9  26.07.2025  16:13:15
  6  10   3  15  $12    0.010     3.7983   8542.70   0.1      1.40  53.4  26.07.2025  16:13:17
  6  10   4  16  $12    0.010     3.4114   5358.69   0.0      2.66  34.2  26.07.2025  16:13:19
  6  10  13   9  $12    0.010    11.1542  14717.56   0.0      3.06   4.8  26.07.2025  16:13:21
  6  10  15  11  $12    0.010     9.6376   8515.52   0.0      2.90   3.0  26.07.2025  16:13:23
  6  10  16  12  $12    0.010     4.9063  11560.27   0.0      0.91   6.3  26.07.2025  16:13:25
  7  11   5   9  $12    0.010    13.4166  25289.73   0.0      2.51   0.9  26.07.2025  16:13:27
  7  11   6  10  $12    0.001     2.5799  11052.29   0.0      0.54  32.3  26.07.2025  16:13:32
  7  11   8  12  $12    0.001     3.4281  14685.86   0.0     -0.05 -3205.7  26.07.2025  16:13:34
  7  11   1   5  $12    0.010    -4.7124  11103.38   0.0      6.13   5.5  26.07.2025  16:13:38
  7  11   2   6  $12    0.010   -11.4190  10089.48   0.0      2.91  24.4  26.07.2025  16:13:40
  7  11   4   8  $12    0.010   -18.6948  24667.19   0.0      1.36  19.2  26.07.2025  16:13:42
  7  11   1  13  $12    0.010     4.3478   6829.54   0.0     -1.11   7.9  26.07.2025  16:13:44
  7  11   2  14  $12    0.010     4.4816  10079.60   0.0      6.28   8.0  26.07.2025  16:13:46
  7  11   3  15  $12    0.010     3.8484   9671.99   0.0      0.00 2242.1  26.07.2025  16:13:48
  7  11   4  16  $12    0.010     3.8898   8748.54   0.0      3.87   4.9  26.07.2025  16:13:50
  7  11  13   9  $12    0.010     4.3558   8210.50   0.0     -3.99   6.0  26.07.2025  16:13:52
  7  11  14  10  $12    0.010     9.5767  12636.20   0.0     -0.19 151.2  26.07.2025  16:13:54
  7  11  16  12  $12    0.010    11.2400   9931.38   0.0      0.93   4.6  26.07.2025  16:13:56
  8  12   5   9  $12    0.010     8.2819  10927.72   0.0      7.12   1.3  26.07.2025  16:13:58
  8  12   6  10  $12    0.010    13.8541  26114.43   0.0      6.16   1.7  26.07.2025  16:14:01
  8  12   7  11  $12    0.001     3.4174  14640.20   0.0      1.08  13.7  26.07.2025  16:14:05
  8  12   1   5  $12    0.010    -2.9434  13350.47   0.0     -4.01  21.0  26.07.2025  16:14:09
  8  12   2   6  $12    0.010    -6.1376  14461.40   0.0    -23.55   2.1  26.07.2025  16:14:11
  8  12   3   7  $12    0.010   -19.6151  17331.34   0.0     -0.57   3.9  26.07.2025  16:14:13
  8  12   1  13  $12    0.010     3.3616   2479.22   0.0     19.73   3.8  26.07.2025  16:14:15
  8  12   2  14  $12    0.010     3.3789   5307.57   0.0     64.99   1.4  26.07.2025  16:14:17
  8  12   3  15  $12    0.010     3.2849   7388.16   0.0     39.95   1.0  26.07.2025  16:14:19
  8  12  16   4  $12    0.010    -3.7460   9414.61   0.0     26.12   0.8  26.07.2025  16:14:22
  8  12   9  13  $12    0.100   -19.8246    849.28   0.0      8.21   0.2  26.07.2025  16:14:25
  8  12  10  14  $12    0.010    -4.3002   8105.64   0.0      7.38   0.2  26.07.2025  16:14:30
  8  12  11  15  $12    0.010   -10.8523  14319.22   0.0      7.88   1.6  26.07.2025  16:14:32
  9  13  10  14  $12    0.001     2.7441  11755.55   0.0      7.09   3.8  26.07.2025  16:14:37
  9  13  11  15  $12    0.010    15.0486  28365.89   0.0      4.85   1.0  26.07.2025  16:14:41
  9  13  12  16  $12    0.010     6.4241   8476.37   0.0      2.64   0.9  26.07.2025  16:14:43
  9  13   6  10  $12    0.010   -11.1097  14658.84   0.0      5.48  14.1  26.07.2025  16:14:45
  9  13   7  11  $12    0.010    -4.3119   8127.72   0.0      6.73   1.6  26.07.2025  16:14:47
  9  13   8  12  $12    0.100   -19.7288    845.18   0.0      4.88   5.5  26.07.2025  16:14:51
  9  13   5   1  $12    0.010     4.5646  34416.41   0.0      3.76   1.6  26.07.2025  16:14:56
  9  13   6   2  $12    0.010     4.1614  18874.73   0.0      7.01  30.5  26.07.2025  16:14:58
  9  13   7   3  $12    0.010     3.7883   8925.94   0.0      2.30  22.0  26.07.2025  16:15:00
  9  13   8   4  $12    0.010     3.3604   2969.16   0.0      4.01  19.3  26.07.2025  16:15:02
  9  13   2  14  $12    0.010    11.7621   8674.64   0.0     11.81   5.3  26.07.2025  16:15:04
  9  13   3  15  $12    0.010     6.9410  10902.86   0.0      3.88   7.5  26.07.2025  16:15:06
  9  13   4  16  $12    0.100    10.7633   2420.76   0.0      0.99   4.3  26.07.2025  16:15:10
 10  14   9  13  $12    0.001     2.7402  11738.85   0.0      5.26   3.1  26.07.2025  16:15:18
 10  14  11  15  $12    0.001     3.1779  13614.17   0.0      2.45   8.7  26.07.2025  16:15:20
 10  14  12  16  $12    0.010    10.0199  18887.05   0.0      2.32   1.7  26.07.2025  16:15:24
 10  14   5   9  $12    0.010   -11.4502  10117.12   0.0      4.79   0.9  26.07.2025  16:15:26
 10  14   7  11  $12    0.010    -9.5446  12593.77   0.0      3.44   1.9  26.07.2025  16:15:28
 10  14   8  12  $12    0.010    -4.2944   8094.76   0.0      6.01   6.1  26.07.2025  16:15:30
 10  14   5   1  $12    0.010     4.0646  46687.36   0.0      0.87 240.3  26.07.2025  16:15:32
 10  14   6   2  $12    0.010     3.8625  29122.55   0.0      0.00 -1498.5  26.07.2025  16:15:34
 10  14   7   3  $12    0.010     3.8368  17402.35   0.0      4.14  13.0  26.07.2025  16:15:36
 10  14   8   4  $12    0.010     3.5980   8477.64   0.0     -0.25 283.2  26.07.2025  16:15:38
 10  14   1  13  $12    0.010    11.5679  10370.63   0.0     12.74   1.2  26.07.2025  16:15:40
 10  14   3  15  $12    0.010    18.0416  13305.83   0.0      3.29   9.1  26.07.2025  16:15:42
 10  14   4  16  $12    0.010     2.1245   3337.11   0.0     -4.40   8.4  26.07.2025  16:15:44
 11  15   9  13  $12    0.010    15.0533  28374.78   0.0      5.62   1.3  26.07.2025  16:15:46
 11  15  10  14  $12    0.001     3.1779  13614.13   0.0      1.58   7.8  26.07.2025  16:15:51
 11  15  12  16  $12    0.010    18.7170   8018.33   0.0      5.82   0.9  26.07.2025  16:15:55
 11  15   5   9  $12    0.010    -4.6153  10874.50   0.0      7.04   1.8  26.07.2025  16:15:57
 11  15   6  10  $12    0.010    -9.5825   8466.82   0.0      5.69   0.3  26.07.2025  16:15:59
 11  15   8  12  $12    0.010   -10.8925  14372.27   0.0      6.13   5.6  26.07.2025  16:16:01
 11  15   5   1  $12    0.010     3.6143  59611.57   0.1      2.11  26.3  26.07.2025  16:16:03
 11  15   6   2  $12    0.010     3.5679  40982.47   0.0      2.11  83.7  26.07.2025  16:16:05
 11  15   7   3  $12    0.010     3.8750  29217.04   0.0      3.38   9.2  26.07.2025  16:16:07
 11  15   8   4  $12    0.010     3.9173  17767.51   0.0      1.64  19.1  26.07.2025  16:16:10
 11  15   1  13  $12    0.010     6.8383 150382.82   0.0      4.36   7.0  26.07.2025  16:16:12
 11  15   2  14  $12    0.010    18.2277  16341.23   0.0      3.10  20.8  26.07.2025  16:16:14
 11  15   4  16  $12    0.010     3.8983   2875.04   0.0      5.41   6.1  26.07.2025  16:16:16
 12  16   9  13  $12    0.010     6.4419   8499.90   0.0      2.91   3.0  26.07.2025  16:16:18
 12  16  10  14  $12    0.010    10.0376  18920.41   0.0      1.83   5.4  26.07.2025  16:16:20
 12  16  11  15  $12    0.010    18.7698   8040.97   0.0      4.67   1.3  26.07.2025  16:16:22
 12  16   5   9  $12    0.010    -2.8531  12940.91   0.1      7.25  28.5  26.07.2025  16:16:24
 12  16   6  10  $12    0.010    -4.8730  11481.63   0.0      6.41   0.9  26.07.2025  16:16:26
 12  16   7  11  $12    0.010   -11.2034   9899.05   0.0      4.68   3.4  26.07.2025  16:16:28
 12  16   5   1  $12    0.010     2.8666  65010.42   0.0     -3.67  18.8  26.07.2025  16:16:30
 12  16   6   2  $12    0.010     3.0824  50839.92   0.1      6.78  36.8  26.07.2025  16:16:32
 12  16   7   3  $12    0.010     4.2478  48791.56   0.0      1.27 138.1  26.07.2025  16:16:34
 12  16   8   4  $12    0.010     4.8101  36267.01   0.0      0.92  67.8  26.07.2025  16:16:36
 12  16  13   1  $12    0.100    -6.7982    664.89   0.0     26.45   0.9  26.07.2025  16:16:40
 12  16  14   2  $12    0.100   -20.2881  44615.78   0.0      6.36   1.0  26.07.2025  16:16:42
 12  16  15   3  $12    0.010    -3.2386   2903.41   0.0     20.73   1.4  26.07.2025  16:16:47
 13   1  14   2  $12    0.001     3.2373  11101.92   0.3     13.56   7.6  26.07.2025  16:16:52
 13   1  15   3  $12    0.010    13.4160  10173.53   0.0      7.69   1.4  26.07.2025  16:16:56
 13   1  16   4  $12    0.010     5.2686   6771.18   0.0      7.10   0.9  26.07.2025  16:16:58
 13   1  10  14  $12    0.010   -11.4361  10252.51   0.0     20.59   0.2  26.07.2025  16:17:00
 13   1  11  15  $12    0.010    -6.7621 148705.90   0.0     10.38   1.2  26.07.2025  16:17:02
 13   1  12  16  $12    0.100    -6.8223    667.25   0.0     26.24   0.6  26.07.2025  16:17:06
 13   1   9   5  $12    0.010     5.1986  13065.52   0.0      0.22  11.8  26.07.2025  16:17:11
 13   1  10   6  $12    0.010     4.8684  10949.49   0.0      1.09   6.5  26.07.2025  16:17:13
 13   1  11   7  $12    0.010     4.3472   6828.62   0.0      1.70   4.1  26.07.2025  16:17:15
 13   1  12   8  $12    0.010     3.3864   2497.50   0.0     12.24   7.4  26.07.2025  16:17:17
 13   1   6   2  $12    0.010    15.7906  11645.70   0.0      7.39   3.3  26.07.2025  16:17:19
 13   1   7   3  $12    0.010     2.3053   3621.09   0.0     12.31   6.7  26.07.2025  16:17:21
 13   1   8   4  $12    0.100    11.9931   2697.35   0.0    -21.16   0.3  26.07.2025  16:17:25
 14   2  13   1  $12    0.001     3.2391  11107.95   0.0     12.86   1.0  26.07.2025  16:17:33
 14   2  15   3  $12    0.001     3.3840  11605.05   0.1     11.29   9.1  26.07.2025  16:17:35
 14   2  16   4  $12    0.010     7.4536   5652.16   0.0     17.86   0.6  26.07.2025  16:17:39
 14   2   9  13  $12    0.010   -11.5965   8552.55   0.0     20.92   0.2  26.07.2025  16:17:41
 14   2  11  15  $12    0.010   -18.1212  16245.71   0.0      7.90   0.1  26.07.2025  16:17:43
 14   2  12  16  $12    0.010    -2.0191  44402.16   0.0     19.79   0.1  26.07.2025  16:17:45
 14   2   9   5  $12    0.010     4.9346  11098.32   0.0      2.09   7.2  26.07.2025  16:17:47
 14   2  10   6  $12    0.010     4.7811  12016.29   0.0      5.29   0.2  26.07.2025  16:17:49
 14   2  11   7  $12    0.010     4.4441   9995.28   0.0      8.65   0.3  26.07.2025  16:17:51
 14   2  12   8  $12    0.010     3.3318   5233.55   0.0     68.24   1.6  26.07.2025  16:17:53
 14   2   5   1  $12    0.010    15.4654  13864.78   0.0     11.10   0.9  26.07.2025  16:17:55
 14   2   7   3  $12    0.010    10.9024   8040.62   0.0     22.39   1.2  26.07.2025  16:17:57
 14   2   8   4  $12    0.010     2.1001   3298.87   0.1    -63.08   3.1  26.07.2025  16:17:59
 15   3  13   1  $12    0.010    13.3995  10161.08   0.0     10.17   0.6  26.07.2025  16:18:01
 15   3  14   2  $12    0.001     3.4024  11668.22   0.0     14.50   2.1  26.07.2025  16:18:06
 15   3  16   4  $12    0.001     2.1326   7313.40   0.0      7.93   2.9  26.07.2025  16:18:08
 15   3   9  13  $12    0.010    -6.8788  10805.25   0.0     12.09   0.4  26.07.2025  16:18:12
 15   3  10  14  $12    0.010   -17.9156  13212.93   0.0      9.03   0.1  26.07.2025  16:18:14
 15   3  12  16  $12    0.010    -3.2059   2874.12   0.0     29.00   0.6  26.07.2025  16:18:16
 15   3   9   5  $12    0.010     3.6267   5696.78   0.0     -1.95  13.1  26.07.2025  16:18:18
 15   3  10   6  $12    0.010     3.7985   8543.27   0.0      1.21   3.4  26.07.2025  16:18:20
 15   3  11   7  $12    0.010     3.8357   9640.20   0.0      3.62   5.4  26.07.2025  16:18:22
 15   3  12   8  $12    0.010     3.2708   7356.39   0.0     37.15   1.8  26.07.2025  16:18:24
 15   3   5   1  $12    0.010     2.8821  63379.84   0.0     19.03   4.5  26.07.2025  16:18:26
 15   3   6   2  $12    0.010    11.7651  10547.49   0.0     23.11   2.0  26.07.2025  16:18:28
 15   3   8   4  $12    0.010    14.4997  10693.66   0.0      3.84   9.6  26.07.2025  16:18:30
 16   4  13   1  $12    0.010     5.2759   6780.51   0.0      6.80   3.0  26.07.2025  16:18:32
 16   4  14   2  $12    0.010     7.5035   5689.98   0.1     11.06   4.6  26.07.2025  16:18:34
 16   4  15   3  $12    0.010    20.9078   7170.05   0.0      9.43   2.0  26.07.2025  16:18:37
 16   4   9  13  $12    0.100   -10.7267   2412.54   0.0     10.06   0.8  26.07.2025  16:18:40
 16   4  10  14  $12    0.100   -20.9724   3294.34   0.0      7.60   0.8  26.07.2025  16:18:42
 16   4  11  15  $12    0.010    -3.8617   2848.04   0.0     15.91   0.6  26.07.2025  16:18:47
 16   4   9   5  $12    0.010     2.9752   2194.23   0.0      2.09   4.7  26.07.2025  16:18:49
 16   4  10   6  $12    0.010     3.3879   5321.74   0.0      3.01   2.9  26.07.2025  16:18:51
 16   4  11   7  $12    0.010     3.8536   8667.14   0.0      3.62   3.7  26.07.2025  16:18:53
 16   4  12   8  $12    0.010     3.7857   9514.45   0.0     13.87   4.1  26.07.2025  16:18:56
 16   4   5   1  $12    0.100    12.0384   1177.41   0.0     18.07   0.0  26.07.2025  16:18:59
 16   4   6   2  $12    0.100    19.8786  43715.38   0.0     27.92   0.7  26.07.2025  16:19:01
 16   4   7   3  $12    0.010    13.0705  11717.74   0.0      9.27   0.7  26.07.2025  16:19:06
  1   4   2   3  $12    0.001     2.7001  16965.41   0.0      6.39  13.8  26.07.2025  16:19:11
  2   3   1   4  $12    0.001     2.6869  16882.58   0.0      9.96   7.4  26.07.2025  16:19:13
  1   2   3   4  $12    0.010    -7.8156  14732.07   0.0     21.88   0.9  26.07.2025  16:19:17
  3   4   1   2  $12    0.010    -7.8289  14757.04   0.0     21.04   0.5  26.07.2025  16:19:19
  5   8   6   7  $12    0.010    20.9555  13166.75   0.0      3.49   7.1  26.07.2025  16:19:21
  6   7   5   8  $12    0.010    20.9839  13184.54   0.0     -0.45  43.7  26.07.2025  16:19:23
  5   6   7   8  $12    0.010    -3.5181   6631.55   0.0     13.03   2.6  26.07.2025  16:19:25
  7   8   5   6  $12    0.010    -3.4608   6523.50   0.0     16.54   0.7  26.07.2025  16:19:27
  9  12  10  11  $12    0.010    14.3649   9025.74   0.0      3.85   0.9  26.07.2025  16:19:29
 10  11   9  12  $12    0.010    14.3936   9043.75   0.0      2.87   1.5  26.07.2025  16:19:31
  9  10  11  12  $12    0.010    -2.6301   4957.64   0.0      4.79   0.5  26.07.2025  16:19:33
 11  12   9  10  $12    0.010    -2.6300   4957.44   0.0      4.94   3.4  26.07.2025  16:19:36
 13  16  14  15  $12    0.010     7.5491   4743.22   0.0     19.41   0.6  26.07.2025  16:19:38
 14  15  13  16  $12    0.010     7.5435   4739.70   0.0     19.58   0.6  26.07.2025  16:19:40
 13  14  15  16  $12    0.010    -9.7420  18363.32   0.0      1.90  16.3  26.07.2025  16:19:42
  1   9  10   2  $12    0.001    -3.5873  12909.06   0.0     15.36  13.9  26.07.2025  16:19:47
  1   9  11   3  $12    0.010   -14.6702  12569.43   0.0      9.51   4.7  26.07.2025  16:19:50
  1   9  12   4  $12    0.010    -9.8644  16494.56   0.0      9.55   0.7  26.07.2025  16:19:52
  2  10   9   1  $12    0.001    -3.5942  12933.95   0.0     13.37   2.1  26.07.2025  16:19:57
  2  10  11   3  $12    0.001    -2.8564  10278.90   0.2     18.82   2.9  26.07.2025  16:19:59
  2  10  12   4  $12    0.010   -13.2557  11357.42   0.0     13.13   0.0  26.07.2025  16:20:03
  3  11   9   1  $12    0.010   -14.6453  12548.09   0.0     11.58   1.6  26.07.2025  16:20:05
  3  11  10   2  $12    0.001    -2.8672  10317.66   0.0     23.67   3.7  26.07.2025  16:20:10
  3  11  12   4  $12    0.001    -3.2441  11674.11   0.0     20.17   3.2  26.07.2025  16:20:12
 12   4   9   1  $12    0.010     9.9151  16579.40   0.0      4.52   2.7  26.07.2025  16:20:16
 12   4  10   2  $12    0.010    13.3743  11459.08   0.0      8.38   3.0  26.07.2025  16:20:18
 12   4  11   3  $12    0.001     3.2937  11852.47   0.0      5.74  11.3  26.07.2025  16:20:23
 13   5  14   6  $12    0.001     3.2321  11630.97   0.0      6.18   8.2  26.07.2025  16:20:25
 13   5  15   7  $12    0.010    19.5261  16729.92   0.0      4.08   1.2  26.07.2025  16:20:29
 13   5  16   8  $12    0.010     9.9191  16586.13   0.0      2.21  40.0  26.07.2025  16:20:31
 14   6  13   5  $12    0.001     3.2237  11600.81   0.0      8.64   2.5  26.07.2025  16:20:36
 14   6  15   7  $12    0.001     3.8143  13725.98   0.0      5.21  10.8  26.07.2025  16:20:38
 14   6  16   8  $12    0.010    14.7259  12617.14   0.0      5.55   3.3  26.07.2025  16:20:41
 15   7  13   5  $12    0.010    19.5245  16728.53   0.0      5.25   0.4  26.07.2025  16:20:43
 15   7  14   6  $12    0.001     3.8158  13731.41   0.0      3.38   2.9  26.07.2025  16:20:48
 15   7  16   8  $12    0.001     3.0692  11044.83   0.0     -0.87  96.0  26.07.2025  16:20:51
 16   8  13   5  $12    0.010     9.8600  16487.25   0.0      7.18   0.3  26.07.2025  16:20:54
 16   8  14   6  $12    0.010    14.6276  12532.93   0.0      9.11   0.7  26.07.2025  16:20:56
 16   8  15   7  $12    0.001     3.0657  11032.20   0.0      3.85   1.3  26.07.2025  16:21:01
  1   2   5   6  $12    1.000     7.6133   1435.08   0.6      0.74 398.0  26.07.2025  16:21:08
  2   3   6   7  $12    0.100     4.4969   8476.48   0.0    -13.02   1.6  26.07.2025  16:21:14
  3   4   7   8  $12    0.100     2.5980   4897.10   0.0   -361.10   0.6  26.07.2025  16:21:16
  1   2   9  10  $12    1.000     1.5675   2481.95   0.4    249.37   0.5  26.07.2025  16:21:23
  2   3  10  11  $12    0.100     1.6231  25699.05   0.0     -0.54  25.1  26.07.2025  16:21:28
  3   4  11  12  $12    1.000     5.8142   9205.94   0.0    -30.08   0.4  26.07.2025  16:21:32
  1   2  13  14  $12    0.100     1.2347  66564.24   0.0    -63.94   0.3  26.07.2025  16:21:38
  2   3  14  15  $12    0.100     2.7828 150021.48   0.0     -6.08  10.0  26.07.2025  16:21:40
  3   4  15  16  $12    0.100     4.1430 223350.49   0.0     11.89   0.4  26.07.2025  16:21:42
  5   6   9  10  $12    1.000    15.8472   2987.13   0.0      3.93   2.6  26.07.2025  16:21:46
  6   7  10  11  $12    0.100     2.3431   4416.55   0.0     -1.61   9.2  26.07.2025  16:21:51
  7   8  11  12  $12    0.100     3.0193   5691.21   0.0     -3.18   3.6  26.07.2025  16:21:53
  5   6  13  14  $12    1.000     4.4612   7063.72   0.0     -4.82   3.5  26.07.2025  16:21:56
  6   7  14  15  $12    1.000     3.5408   5606.35   0.0     37.72   0.2  26.07.2025  16:21:58
  7   8  15  16  $12    1.000    18.8890  29908.12   0.2   -137.89   0.4  26.07.2025  16:22:01
  9  10  13  14  $12    1.000    15.6934   2958.14   0.0     -3.90   3.6  26.07.2025  16:22:03
 10  11  14  15  $12    1.000    12.3805   2333.67   0.0     17.51   0.6  26.07.2025  16:22:05
 11  12  15  16  $12    0.100     4.2123   7939.96   0.0     -0.01 110.9  26.07.2025  16:22:10
  1   2   6   7  $12    0.100     0.7714   2908.25   0.0    193.48   0.7  26.07.2025  16:22:15
  2   3   7   8  $12    0.100     5.9839  22558.79   0.0   -117.75   1.7  26.07.2025  16:22:17
  1   2   7   8  $12    0.100    -1.6282  10741.68   0.1   -860.14   0.2  26.07.2025  16:22:22
  2   3   7   8  $12    0.100     5.9729  22517.15   0.0   -113.37   0.7  26.07.2025  16:22:24
  1   2  10  11  $12    0.100     0.4131   9344.68   0.0   -121.61   3.6  26.07.2025  16:22:30
  2   3  11  12  $12    0.100     1.3632  30834.97   0.0     -2.96  24.4  26.07.2025  16:22:35
  1   2  11  12  $12    0.100     0.3725  11585.07   0.0    -57.53   0.7  26.07.2025  16:22:40
  2   3  11  12  $12    0.100     1.3617  30800.60   0.0     -4.03  12.3  26.07.2025  16:22:45
  1   2  14  15  $12    0.100     0.6224  42706.32   0.0    111.85   0.7  26.07.2025  16:22:51
  2   3  15  16  $12    0.100     9.1331 626641.75   0.0     -0.80   3.8  26.07.2025  16:22:53
  1   2  15  16  $12    0.100     2.1448 183947.65   0.0    -54.64   0.1  26.07.2025  16:22:55
  2   3  15  16  $12    0.100     9.1264 626183.76   0.0      0.83   1.1  26.07.2025  16:22:57
  5   6  10  11  $12    1.000    18.9364   7138.87   0.0      4.49   0.8  26.07.2025  16:23:01
  6   7  11  12  $12    1.000    22.5071   8484.98   0.0      0.03 297.2  26.07.2025  16:23:03
  5   6  11  12  $12    1.000    16.0664  10599.53   0.0      5.47   2.1  26.07.2025  16:23:05
  6   7  11  12  $12    1.000    22.5111   8486.47   0.0     -0.48   8.6  26.07.2025  16:23:07
  5   6  14  15  $12    1.000     3.0782   6962.83   0.0     17.75   0.9  26.07.2025  16:23:09
  6   7  15  16  $12    1.000    13.1613  29770.14   0.0    -14.05   2.1  26.07.2025  16:23:11
  5   6  15  16  $12    1.000    10.9151  33947.80   0.0     -0.91  11.3  26.07.2025  16:23:13
  6   7  15  16  $12    1.000    13.1526  29750.42   0.0    -13.71   0.4  26.07.2025  16:23:15
  9  10  14  15  $12    1.000     8.4439   3183.28   0.0      8.28   1.4  26.07.2025  16:23:17
 10  11  15  16  $12    0.100     4.4366  16725.62   0.0      2.14   3.5  26.07.2025  16:23:22
  9  10  15  16  $12    0.100     2.5766  16998.96   0.0     -0.65  20.6  26.07.2025  16:23:24
 10  11  15  16  $12    0.100     4.4344  16717.13   0.0      1.53  10.7  26.07.2025  16:23:26
