//C:\Users\user\Desktop\GeoTom\GeoTomE724.ini
//- Cable direction:
//  cable I: normal
//  cable II: normal
//  cable III: normal
//  cable IV: normal
//- Cable arrangement: sequential
//- Optimization: Last measurement
//- Sorting: Multi-level
//- Current levels: 0.001 mA .. 50.0 mA
Type:         Flow
Name:         Hyprop
Comment:      Example of a measurements sequence
Comment:      
Comment:      
Spacing:      1.00000
First El:     0.00000
Nr of points: 289
IP present:   1

  1   5   2   6  $12    0.001     2.8388  12161.46   0.0      6.04   8.8  25.07.2025  01:10:08
  1   5   3   7  $12    0.010     8.8163  16618.35   0.0      8.24   2.1  25.07.2025  01:10:12
  1   5   4   8  $12    0.010     5.3415   7047.93   0.0      1.13  43.8  25.07.2025  01:10:14
  1   5  14   2  $12    0.010   -14.7231  13199.27   0.0     14.62   0.0  25.07.2025  01:10:16
  1   5  15   3  $12    0.010    -2.2228  48881.46   0.0     11.60   8.6  25.07.2025  01:10:18
  1   5  16   4  $12    0.100    -9.3778    917.19   0.0     12.17   0.6  25.07.2025  01:10:22
  1   5  13   9  $12    0.010     3.5969  27119.85   0.0      4.73   3.1  25.07.2025  01:10:27
  1   5  14  10  $12    0.010     3.1404  36072.46   0.0      2.55   5.5  25.07.2025  01:10:29
  1   5  15  11  $12    0.010     2.7367  45137.38   0.0      3.07   3.9  25.07.2025  01:10:31
  1   5  16  12  $12    0.010     2.1535  48837.96   0.0     -1.61  21.7  25.07.2025  01:10:33
  1   5  10   6  $12    0.010    10.1022   8926.01   0.0      5.79   0.9  25.07.2025  01:10:35
  1   5  11   7  $12    0.010     3.8579   9089.98   0.0      6.34   3.9  25.07.2025  01:10:37
  1   5  12   8  $12    0.010     2.2718  10304.23   0.0     -8.29  15.8  25.07.2025  01:10:39
  2   6   1   5  $12    0.001     2.8269  12110.37   0.0     12.80   1.0  25.07.2025  01:10:44
  2   6   3   7  $12    0.010    16.5950   7109.28   0.0     14.33   0.2  25.07.2025  01:10:48
  2   6   4   8  $12    0.010     7.8948  14881.30   0.0      0.90  21.6  25.07.2025  01:10:50
  2   6  13   1  $12    0.010   -14.7454  10874.88   0.0     15.34   0.2  25.07.2025  01:10:52
  2   6  15   3  $12    0.010    -5.5217   4950.25   0.0     26.04   0.5  25.07.2025  01:10:54
  2   6  16   4  $12    0.100   -14.9387  32852.01   0.0     16.21   0.4  25.07.2025  01:10:58
  2   6  13   9  $12    0.010     3.1907  14471.90   0.0      5.65   3.7  25.07.2025  01:11:03
  2   6  14  10  $12    0.010     2.9244  22049.35   0.0      2.87   5.9  25.07.2025  01:11:05
  2   6  15  11  $12    0.010     2.6758  30735.29   0.0      4.08   8.1  25.07.2025  01:11:07
  2   6  16  12  $12    0.010     2.2667  37386.29   0.1      2.53  21.7  25.07.2025  01:11:10
  2   6   9   5  $12    0.010     9.8903  13049.93   0.0      8.38   1.0  25.07.2025  01:11:12
  2   6  11   7  $12    0.010     8.3817   7405.83   0.0     11.24   1.3  25.07.2025  01:11:14
  2   6  12   8  $12    0.010     4.1463   9769.43   0.0     -6.98   1.2  25.07.2025  01:11:16
  3   7   1   5  $12    0.010     8.8026  16592.49   0.0      8.38   0.7  25.07.2025  01:11:18
  3   7   2   6  $12    0.010    16.5932   7108.53   0.0     12.17   1.3  25.07.2025  01:11:20
  3   7   4   8  $12    0.010    22.8698   9797.38   0.0      2.47   8.0  25.07.2025  01:11:22
  3   7  13   1  $12    0.100   -18.6552   2930.36   0.0     15.63   0.5  25.07.2025  01:11:25
  3   7  14   2  $12    0.010    -4.9444   3646.50   0.0     28.53   0.9  25.07.2025  01:11:30
  3   7  16   4  $12    0.010    -8.7004   7799.98   0.0     11.41   7.7  25.07.2025  01:11:33
  3   7  13   9  $12    0.010     2.7087   6382.25   0.0      4.77   0.9  25.07.2025  01:11:35
  3   7  14  10  $12    0.010     2.7067  12276.75   0.0     -0.87  22.2  25.07.2025  01:11:37
  3   7  15  11  $12    0.010     2.7660  20855.30   0.0      6.89   2.6  25.07.2025  01:11:39
  3   7  16  12  $12    0.010     2.8578  32825.41   0.0      2.92  10.4  25.07.2025  01:11:41
  3   7   9   5  $12    0.010     4.2231   7960.32   0.0      4.41   6.4  25.07.2025  01:11:43
  3   7  10   6  $12    0.010     8.7755  11579.03   0.0      6.12   0.7  25.07.2025  01:11:45
  3   7  12   8  $12    0.010    11.2606   9949.58   0.0     -3.50   9.9  25.07.2025  01:11:47
  4   8   1   5  $12    0.010     5.3422   7048.92   0.0      0.48  29.8  25.07.2025  01:11:49
  4   8   2   6  $12    0.010     7.8798  14853.07   0.0      2.87   7.8  25.07.2025  01:11:51
  4   8   3   7  $12    0.010    22.9335   9824.68   0.0      4.34   7.6  25.07.2025  01:11:53
  4   8  13   1  $12    0.100    -9.6839   2178.01   0.0     -8.69   0.6  25.07.2025  01:11:57
  4   8  14   2  $12    0.100   -15.4677   2429.66   0.0    -16.43   0.7  25.07.2025  01:11:59
  4   8  15   3  $12    0.010    -9.3173   6871.61   0.0      8.20   2.3  25.07.2025  01:12:04
  4   8  13   9  $12    0.010     2.3948   2115.99   0.0     -1.80  26.6  25.07.2025  01:12:06
  4   8  14  10  $12    0.010     2.4935   5875.22   0.0      0.44  20.5  25.07.2025  01:12:08
  4   8  15  11  $12    0.010     2.7060  12273.71   0.0      1.69  11.7  25.07.2025  01:12:10
  4   8  16  12  $12    0.010     3.0876  23280.13   0.0     -1.55  16.6  25.07.2025  01:12:12
  4   8   9   5  $12    0.010     2.0070    859.81   0.0     -0.51  26.5  25.07.2025  01:12:14
  4   8  10   6  $12    0.010     3.8881   7328.89   0.0      0.90  13.5  25.07.2025  01:12:16
  4   8  11   7  $12    0.010    10.8703  14343.06   0.0      2.22   2.8  25.07.2025  01:12:18
  5   9   6  10  $12    0.001     2.3709  10156.72   0.0      2.90   9.0  25.07.2025  01:12:23
  5   9   7  11  $12    0.010    10.2843  19385.47   0.0      3.45   1.1  25.07.2025  01:12:27
  5   9   8  12  $12    0.010     6.1898   8167.27   0.0      1.97   5.6  25.07.2025  01:12:29
  5   9   2   6  $12    0.010    -9.8711  13024.67   0.0      6.98   1.2  25.07.2025  01:12:31
  5   9   3   7  $12    0.010    -4.1642   7849.24   0.0     12.95   4.6  25.07.2025  01:12:33
  5   9   4   8  $12    0.100   -19.7802    847.38   0.0      6.61   0.9  25.07.2025  01:12:37
  5   9   1  13  $12    0.010     3.8348   9637.99   0.0      0.53  15.9  25.07.2025  01:12:42
  5   9   2  14  $12    0.010     3.5393   7960.15   0.0     -1.10  54.8  25.07.2025  01:12:44
  5   9   3  15  $12    0.010     2.6382   4144.09   0.0      7.25  13.3  25.07.2025  01:12:46
  5   9   4  16  $12    0.010     2.2754   1678.09   0.1     -1.25  61.4  25.07.2025  01:12:48
  5   9  14  10  $12    0.010     9.9537   8794.78   0.0      4.58   1.6  25.07.2025  01:12:50
  5   9  15  11  $12    0.010     3.4351   8093.66   0.0      1.72   5.1  25.07.2025  01:12:52
  5   9  16  12  $12    0.100    19.2366   8725.10   0.0      2.51   0.8  25.07.2025  01:12:56
  6  10   5   9  $12    0.001     2.3703  10154.25   0.0      1.79  24.0  25.07.2025  01:13:04
  6  10   7  11  $12    0.010    18.2930   7836.72   0.0      5.23   0.5  25.07.2025  01:13:08
  6  10   8  12  $12    0.010     9.5662  18031.78   0.0      2.04   9.4  25.07.2025  01:13:10
  6  10   1   5  $12    0.010   -10.0838   8909.75   0.0      7.24   1.9  25.07.2025  01:13:12
  6  10   3   7  $12    0.010    -8.8033  11615.67   0.0      8.65   2.0  25.07.2025  01:13:14
  6  10   4   8  $12    0.010    -3.8356   7229.87   0.0      9.76  11.1  25.07.2025  01:13:16
  6  10   1  13  $12    0.010     3.5478   7979.43   0.0     -0.35  67.2  25.07.2025  01:13:18
  6  10   2  14  $12    0.010     3.4248   8607.46   0.0      1.53  83.9  25.07.2025  01:13:20
  6  10   3  15  $12    0.010     2.7858   6265.47   0.0      4.82  14.6  25.07.2025  01:13:22
  6  10   4  16  $12    0.010     2.5687   4034.89   0.0      3.01   2.9  25.07.2025  01:13:24
  6  10  13   9  $12    0.010     9.7513  12866.52   0.0      5.75   1.6  25.07.2025  01:13:26
  6  10  15  11  $12    0.010     6.7115   5930.11   0.0      3.56   1.8  25.07.2025  01:13:28
  6  10  16  12  $12    0.010     3.1573   7439.26   0.0     -0.62  35.4  25.07.2025  01:13:30
  7  11   5   9  $12    0.010    10.2713  19361.04   0.0      3.46   3.9  25.07.2025  01:13:32
  7  11   6  10  $12    0.010    18.2548   7820.33   0.0      4.14   1.1  25.07.2025  01:13:34
  7  11   8  12  $12    0.010    20.7878   8905.47   0.0      2.36   1.7  25.07.2025  01:13:36
  7  11   1   5  $12    0.010    -3.8040   8963.00   0.0      9.39   0.9  25.07.2025  01:13:38
  7  11   2   6  $12    0.010    -8.3254   7356.13   0.0      9.40   5.6  25.07.2025  01:13:41
  7  11   4   8  $12    0.010   -10.7083  14129.27   0.0      3.61   1.0  25.07.2025  01:13:43
  7  11   1  13  $12    0.010     3.1016   4872.02   0.0     -0.55  12.0  25.07.2025  01:13:45
  7  11   2  14  $12    0.010     3.1487   7081.62   0.0     -2.68  10.1  25.07.2025  01:13:47
  7  11   3  15  $12    0.010     2.8145   7073.57   0.0     -5.39  17.4  25.07.2025  01:13:49
  7  11   4  16  $12    0.010     2.8800   6477.48   0.1      1.56  70.1  25.07.2025  01:13:51
  7  11  13   9  $12    0.010     3.3472   6309.27   0.0      3.11   6.1  25.07.2025  01:13:53
  7  11  14  10  $12    0.010     6.7538   8911.49   0.0      1.61   7.6  25.07.2025  01:13:55
  7  11  16  12  $12    0.010     7.2011   6362.68   0.0      1.85   7.5  25.07.2025  01:13:57
  8  12   5   9  $12    0.010     6.1562   8122.88   0.0      5.98   2.3  25.07.2025  01:13:59
  8  12   6  10  $12    0.010     9.5404  17983.15   0.0      5.47   1.6  25.07.2025  01:14:01
  8  12   7  11  $12    0.010    20.8677   8939.70   0.0      3.30   0.9  25.07.2025  01:14:03
  8  12   1   5  $12    0.010    -2.2222  10079.00   0.0      8.21   2.1  25.07.2025  01:14:05
  8  12   2   6  $12    0.010    -4.1121   9688.81   0.0     -2.09  49.9  25.07.2025  01:14:07
  8  12   3   7  $12    0.010   -11.3743  10050.05   0.0      3.31   9.7  25.07.2025  01:14:09
  8  12   1  13  $12    0.010     2.4663   1818.92   0.0      7.23   4.3  25.07.2025  01:14:11
  8  12   2  14  $12    0.010     2.5616   4023.82   0.3     17.53   6.9  25.07.2025  01:14:13
  8  12   3  15  $12    0.010     2.5130   5651.97   0.0     -0.85  75.7  25.07.2025  01:14:15
  8  12  16   4  $12    0.010    -2.7770   6979.29   0.0     17.93   0.7  25.07.2025  01:14:18
  8  12   9  13  $12    0.100   -14.5572    623.63   0.0      9.81   0.9  25.07.2025  01:14:21
  8  12  10  14  $12    0.010    -2.8339   5341.78   0.0      9.31   0.3  25.07.2025  01:14:26
  8  12  11  15  $12    0.010    -6.9403   9157.47   0.0      8.37   0.3  25.07.2025  01:14:28
  9  13  10  14  $12    0.010    22.5935   9679.05   0.0      9.18   0.7  25.07.2025  01:14:30
  9  13  11  15  $12    0.010    11.0889  20901.99   0.0      4.76   0.6  25.07.2025  01:14:32
  9  13  12  16  $12    0.010     4.6278   6106.20   0.0      3.26  15.0  25.07.2025  01:14:35
  9  13   6  10  $12    0.010    -9.7099  12811.91   0.0      9.89   1.2  25.07.2025  01:14:37
  9  13   7  11  $12    0.010    -3.3065   6232.69   0.0      9.27   1.7  25.07.2025  01:14:39
  9  13   8  12  $12    0.100   -14.5046    621.37   0.0      5.51   4.8  25.07.2025  01:14:42
  9  13   5   1  $12    0.010     3.6080  27203.84   0.0      3.72   3.7  25.07.2025  01:14:47
  9  13   6   2  $12    0.010     3.2304  14651.98   0.1      4.27  21.7  25.07.2025  01:14:49
  9  13   7   3  $12    0.010     2.7163   6400.18   0.0     -4.47  28.3  25.07.2025  01:14:51
  9  13   8   4  $12    0.010     2.3980   2118.77   0.0      0.75 136.6  25.07.2025  01:14:53
  9  13   2  14  $12    0.010     9.6169   7092.55   0.0     12.73   4.0  25.07.2025  01:14:55
  9  13   3  15  $12    0.010     5.0554   7941.02   0.0      5.93  28.8  25.07.2025  01:14:57
  9  13   4  16  $12    0.100     7.8109   1756.75   0.0      0.29  22.6  25.07.2025  01:15:01
 10  14   9  13  $12    0.010    22.5153   9645.55   0.0      8.21   0.4  25.07.2025  01:15:06
 10  14  11  15  $12    0.010    21.3601   9150.65   0.0      3.00   2.6  25.07.2025  01:15:08
 10  14  12  16  $12    0.010     6.8000  12817.74   0.0      1.22   8.8  25.07.2025  01:15:10
 10  14   5   9  $12    0.010    -9.9243   8768.85   0.0      5.53   3.1  25.07.2025  01:15:12
 10  14   7  11  $12    0.010    -6.7225   8870.17   0.0      3.80   3.9  25.07.2025  01:15:14
 10  14   8  12  $12    0.010    -2.8327   5339.45   0.0      9.80   5.0  25.07.2025  01:15:16
 10  14   5   1  $12    0.010     3.1575  36268.66   0.0     -1.26  47.4  25.07.2025  01:15:18
 10  14   6   2  $12    0.010     2.9605  22321.69   0.0      0.40 383.9  25.07.2025  01:15:21
 10  14   7   3  $12    0.010     2.7004  12248.09   0.0     -0.18 184.1  25.07.2025  01:15:23
 10  14   8   4  $12    0.010     2.5077   5908.52   0.0     -4.44  15.4  25.07.2025  01:15:25
 10  14   1  13  $12    0.010     9.5033   8519.72   0.0     12.53   0.7  25.07.2025  01:15:27
 10  14   3  15  $12    0.010    11.9194   8790.64   0.0      2.59  10.8  25.07.2025  01:15:29
 10  14   4  16  $12    0.100    14.3562   2255.07   0.0      2.35   3.5  25.07.2025  01:15:33
 11  15   9  13  $12    0.010    11.0862  20897.01   0.0      5.41   0.8  25.07.2025  01:15:38
 11  15  10  14  $12    0.010    21.3273   9136.58   0.0      4.74   1.3  25.07.2025  01:15:40
 11  15  12  16  $12    0.010    12.6206   5406.63   0.0      3.84   1.9  25.07.2025  01:15:42
 11  15   5   9  $12    0.010    -3.3820   7968.76   0.0      9.04   0.8  25.07.2025  01:15:44
 11  15   6  10  $12    0.010    -6.6380   5865.13   0.0      6.38   1.5  25.07.2025  01:15:46
 11  15   8  12  $12    0.010    -6.9590   9182.19   0.0      6.43   1.5  25.07.2025  01:15:48
 11  15   5   1  $12    0.010     2.7517  45384.18   0.0      2.36  22.5  25.07.2025  01:15:50
 11  15   6   2  $12    0.010     2.6956  30963.02   0.3      3.66  90.9  25.07.2025  01:15:52
 11  15   7   3  $12    0.010     2.7645  20843.76   0.0      8.26   5.5  25.07.2025  01:15:54
 11  15   8   4  $12    0.010     2.7192  12333.27   0.0      1.45  49.0  25.07.2025  01:15:56
 11  15   1  13  $12    0.010     4.9585 109044.13   0.0      5.02   5.2  25.07.2025  01:15:58
 11  15   2  14  $12    0.010    11.9995  10757.62   0.0      4.05   5.9  25.07.2025  01:16:00
 11  15   4  16  $12    0.010     2.9450   2171.93   0.0      3.03   9.4  25.07.2025  01:16:02
 12  16   9  13  $12    0.010     4.6562   6143.76   0.0      2.02   2.4  25.07.2025  01:16:04
 12  16  10  14  $12    0.010     6.8151  12846.15   0.0      0.05 189.8  25.07.2025  01:16:06
 12  16  11  15  $12    0.010    12.6760   5430.38   0.0      2.76   3.1  25.07.2025  01:16:08
 12  16   5   9  $12    0.100   -19.3435   8773.58   0.0      4.05   1.1  25.07.2025  01:16:12
 12  16   6  10  $12    0.010    -3.1260   7365.48   0.0      9.21   0.4  25.07.2025  01:16:17
 12  16   7  11  $12    0.010    -7.1677   6333.16   0.0      4.48   0.9  25.07.2025  01:16:19
 12  16   5   1  $12    0.010     2.1755  49337.01   0.0     -9.16   6.3  25.07.2025  01:16:21
 12  16   6   2  $12    0.010     2.2963  37873.67   0.5      4.02  62.8  25.07.2025  01:16:23
 12  16   7   3  $12    0.010     2.8885  33179.04   0.0     -6.79  28.1  25.07.2025  01:16:26
 12  16   8   4  $12    0.010     3.1153  23489.03   0.0     -6.76  23.5  25.07.2025  01:16:28
 12  16  13   1  $12    0.100    -5.3161    519.93   0.0     22.48   0.3  25.07.2025  01:16:31
 12  16  14   2  $12    0.100   -13.5680  29837.64   0.0      4.18   2.7  25.07.2025  01:16:33
 12  16  15   3  $12    0.010    -2.5651   2299.65   0.0     14.12   3.3  25.07.2025  01:16:38
 13   1  14   2  $12    0.001     2.8120   9643.32   0.0     14.09   3.7  25.07.2025  01:16:43
 13   1  15   3  $12    0.010     9.9069   7512.58   0.0      5.59   2.0  25.07.2025  01:16:47
 13   1  16   4  $12    0.010     3.9877   5125.00   0.0      3.48   0.9  25.07.2025  01:16:49
 13   1  10  14  $12    0.010    -9.3666   8397.20   0.0     20.18   0.1  25.07.2025  01:16:51
 13   1  11  15  $12    0.010    -4.8917 107574.38   0.0     10.23   0.9  25.07.2025  01:16:53
 13   1  12  16  $12    0.100    -5.2935    517.73   0.0     19.45   0.4  25.07.2025  01:16:57
 13   1   9   5  $12    0.010     3.8374   9644.44   0.0      1.16   9.1  25.07.2025  01:17:02
 13   1  10   6  $12    0.010     3.5453   7973.66   0.0      0.49  22.8  25.07.2025  01:17:04
 13   1  11   7  $12    0.010     3.0939   4859.82   0.0     -0.02 420.5  25.07.2025  01:17:06
 13   1  12   8  $12    0.010     2.4701   1821.74   0.1      6.95  35.0  25.07.2025  01:17:08
 13   1   6   2  $12    0.010    14.8321  10938.77   0.0     11.18   1.3  25.07.2025  01:17:10
 13   1   7   3  $12    0.100    18.9155   2971.25   0.0     13.84   0.4  25.07.2025  01:17:14
 13   1   8   4  $12    0.100     9.7507   2193.03   0.0     -9.20   1.9  25.07.2025  01:17:16
 14   2  13   1  $12    0.001     2.7952   9585.68   0.0     14.62   0.7  25.07.2025  01:17:24
 14   2  15   3  $12    0.001     2.0410   6999.25   0.0      3.41  34.6  25.07.2025  01:17:26
 14   2  16   4  $12    0.010     5.4929   4165.33   0.0      5.43   2.6  25.07.2025  01:17:30
 14   2   9  13  $12    0.010    -9.4131   6942.21   0.0     20.05   0.4  25.07.2025  01:17:32
 14   2  11  15  $12    0.010   -11.8935  10662.58   0.0      8.31   0.5  25.07.2025  01:17:34
 14   2  12  16  $12    0.100   -13.7213  30174.66   0.0      7.04   0.4  25.07.2025  01:17:38
 14   2   9   5  $12    0.010     3.5436   7969.89   0.0      2.88   2.9  25.07.2025  01:17:43
 14   2  10   6  $12    0.010     3.4248   8607.54   0.0      4.69   1.1  25.07.2025  01:17:45
 14   2  11   7  $12    0.010     3.1407   7063.71   0.0      2.52   7.3  25.07.2025  01:17:47
 14   2  12   8  $12    0.010     2.5657   4030.19   0.0     14.54   7.2  25.07.2025  01:17:49
 14   2   5   1  $12    0.010    14.6180  13105.08   0.0     14.95   1.4  25.07.2025  01:17:51
 14   2   7   3  $12    0.010     5.0837   3749.29   0.0     25.24   0.7  25.07.2025  01:17:53
 14   2   8   4  $12    0.100    15.5769   2446.82   0.0    -25.15   0.3  25.07.2025  01:17:57
 15   3  13   1  $12    0.010     9.9014   7508.41   0.0      6.95   1.4  25.07.2025  01:18:01
 15   3  14   2  $12    0.010    20.0657   6881.27   0.0     11.35   2.1  25.07.2025  01:18:04
 15   3  16   4  $12    0.010    14.5076   4975.21   0.0      8.51   0.7  25.07.2025  01:18:06
 15   3   9  13  $12    0.010    -4.9734   7812.22   0.0     13.28   0.2  25.07.2025  01:18:08
 15   3  10  14  $12    0.010   -11.8162   8714.54   0.0     10.56   3.9  25.07.2025  01:18:10
 15   3  12  16  $12    0.010    -2.5177   2257.16   0.1     27.23   4.7  25.07.2025  01:18:12
 15   3   9   5  $12    0.010     2.6415   4149.31   0.0     -0.40  37.0  25.07.2025  01:18:14
 15   3  10   6  $12    0.010     2.7735   6237.87   0.0     -0.96   4.3  25.07.2025  01:18:16
 15   3  11   7  $12    0.010     2.7963   7027.93   0.0     -0.90   5.2  25.07.2025  01:18:18
 15   3  12   8  $12    0.010     2.4962   5614.19   0.1     15.79   6.5  25.07.2025  01:18:20
 15   3   5   1  $12    0.010     2.2660  49832.49   0.0      7.61   2.8  25.07.2025  01:18:22
 15   3   6   2  $12    0.010     5.4994   4930.20   0.0     25.95   3.9  25.07.2025  01:18:24
 15   3   8   4  $12    0.010     9.5022   7007.95   0.0      3.80   2.3  25.07.2025  01:18:26
 16   4  13   1  $12    0.010     3.9974   5137.46   0.0      1.59  19.6  25.07.2025  01:18:28
 16   4  14   2  $12    0.010     5.5104   4178.60   0.0      5.46   6.5  25.07.2025  01:18:30
 16   4  15   3  $12    0.010    14.5498   4989.68   0.0      5.52   3.0  25.07.2025  01:18:32
 16   4   9  13  $12    0.100    -7.8662   1769.19   0.0      6.15   0.7  25.07.2025  01:18:36
 16   4  10  14  $12    0.100   -14.5038   2278.25   0.0      4.97   0.3  25.07.2025  01:18:38
 16   4  11  15  $12    0.010    -2.9212   2154.43   0.0     14.50   0.7  25.07.2025  01:18:43
 16   4   9   5  $12    0.010     2.2645   1670.06   0.0      0.81  20.3  25.07.2025  01:18:45
 16   4  10   6  $12    0.010     2.5555   4014.20   0.0      1.60   5.2  25.07.2025  01:18:47
 16   4  11   7  $12    0.010     2.8606   6433.79   0.0      1.64  11.2  25.07.2025  01:18:49
 16   4  12   8  $12    0.010     2.8207   7089.13   0.0      4.33  21.6  25.07.2025  01:18:51
 16   4   5   1  $12    0.100     9.3249    912.01   0.0     10.02   0.2  25.07.2025  01:18:55
 16   4   6   2  $12    0.100    14.8492  32655.08   0.0      8.34   0.1  25.07.2025  01:18:57
 16   4   7   3  $12    0.010     8.6979   7797.67   0.0      7.97   3.1  25.07.2025  01:19:02
  1   4   2   3  $12    0.010    21.5379  13532.68   0.0     12.30   0.4  25.07.2025  01:19:04
  2   3   1   4  $12    0.010    21.3889  13439.03   0.0     13.86   0.0  25.07.2025  01:19:06
  1   2   3   4  $12    0.010    -2.4904   4694.21   0.1     43.46   0.9  25.07.2025  01:19:08
  3   4   1   2  $12    0.010    -2.4949   4702.72   0.0     46.93   4.8  25.07.2025  01:19:10
  5   8   6   7  $12    0.010    14.0765   8844.50   0.0      3.24   1.0  25.07.2025  01:19:13
  6   7   5   8  $12    0.010    14.0617   8835.25   0.0      2.36   0.9  25.07.2025  01:19:15
  5   6   7   8  $12    0.010    -2.5772   4857.87   0.0     11.24   5.6  25.07.2025  01:19:17
  7   8   5   6  $12    0.010    -2.5016   4715.48   0.0     22.04   1.0  25.07.2025  01:19:19
  9  12  10  11  $12    0.010    11.3615   7138.64   0.0      4.41   0.8  25.07.2025  01:19:21
 10  11   9  12  $12    0.010    11.3877   7155.11   0.0      3.56   1.3  25.07.2025  01:19:23
  9  10  11  12  $12    0.100   -18.4549   3478.67   0.0      5.66   0.9  25.07.2025  01:19:27
 11  12   9  10  $12    0.100   -18.2443   3438.98   0.0      6.03   1.9  25.07.2025  01:19:29
 13  16  14  15  $12    0.010     6.8261   4288.97   0.0     17.68   0.4  25.07.2025  01:19:34
 14  15  13  16  $12    0.010     6.7759   4257.40   0.0     13.60   0.1  25.07.2025  01:19:36
 13  14  15  16  $12    0.010    -5.9866  11284.41   0.0      4.73   1.9  25.07.2025  01:19:38
  1   9  10   2  $12    0.001    -3.1274  11254.15   0.0     16.91   3.1  25.07.2025  01:19:43
  1   9  11   3  $12    0.010   -10.9709   9399.88   0.0      9.09   1.7  25.07.2025  01:19:46
  1   9  12   4  $12    0.010    -7.2273  12084.97   0.0      9.78   1.7  25.07.2025  01:19:48
  2  10   9   1  $12    0.001    -3.1095  11189.82   0.0     20.81   1.3  25.07.2025  01:19:53
  2  10  11   3  $12    0.010   -17.5327   6309.22   0.0     12.54   0.5  25.07.2025  01:19:57
  2  10  12   4  $12    0.010    -9.3878   8043.46   0.0      7.98   0.2  25.07.2025  01:19:59
  3  11   9   1  $12    0.010   -10.9619   9392.15   0.0      9.44   0.6  25.07.2025  01:20:01
  3  11  10   2  $12    0.010   -17.4956   6295.87   0.0     14.23   2.8  25.07.2025  01:20:03
  3  11  12   4  $12    0.010   -21.5402   7751.33   0.0      8.75   1.4  25.07.2025  01:20:05
 12   4   9   1  $12    0.010     7.2816  12175.92   0.0      3.40   6.5  25.07.2025  01:20:08
 12   4  10   2  $12    0.010     9.4740   8117.33   0.0      4.97   6.6  25.07.2025  01:20:10
 12   4  11   3  $12    0.010    21.6167   7778.88   0.0      5.20   0.8  25.07.2025  01:20:12
 13   5  14   6  $12    0.001     2.6500   9536.27   0.0      8.50   0.6  25.07.2025  01:20:17
 13   5  15   7  $12    0.010    14.5987  12508.17   0.0      4.93   1.3  25.07.2025  01:20:21
 13   5  16   8  $12    0.010     7.4204  12407.90   0.0      3.37   8.4  25.07.2025  01:20:23
 14   6  13   5  $12    0.001     2.6473   9526.43   0.0      8.87   3.0  25.07.2025  01:20:28
 14   6  15   7  $12    0.001     2.6450   9518.25   0.0      1.17  55.8  25.07.2025  01:20:30
 14   6  16   8  $12    0.010    10.3525   8870.04   0.0      3.59   4.3  25.07.2025  01:20:33
 15   7  13   5  $12    0.010    14.5948  12504.81   0.0      4.86   0.1  25.07.2025  01:20:35
 15   7  14   6  $12    0.001     2.6499   9535.89   0.0      2.98   1.2  25.07.2025  01:20:40
 15   7  16   8  $12    0.010    19.2318   6920.67   0.0      2.75   3.8  25.07.2025  01:20:44
 16   8  13   5  $12    0.010     7.3883  12354.24   0.0      7.19   6.0  25.07.2025  01:20:46
 16   8  14   6  $12    0.010    10.3138   8836.81   0.0      5.53   1.0  25.07.2025  01:20:48
 16   8  15   7  $12    0.010    19.3141   6950.29   0.0      5.69   0.8  25.07.2025  01:20:50
  1   2   5   6  $12    1.000     9.3539   1763.17   0.0    -16.58   2.5  25.07.2025  01:20:56
  2   3   6   7  $12    0.100     3.2536   6132.87   0.0     -0.52  13.4  25.07.2025  01:21:01
  3   4   7   8  $12    1.000    10.3435   1949.70   0.0   -197.88   1.0  25.07.2025  01:21:04
  1   2   9  10  $12    1.000     2.0957   3318.21   0.0    -53.16   0.7  25.07.2025  01:21:06
  2   3  10  11  $12    1.000    10.5587  16718.18   0.0     -5.41   3.8  25.07.2025  01:21:08
  3   4  11  12  $12    1.000     2.6180   4145.25   0.0      5.86   2.5  25.07.2025  01:21:10
  1   2  13  14  $12    1.000    10.0564  54213.77   0.0    -45.82   0.7  25.07.2025  01:21:13
  2   3  14  15  $12    0.100     2.3218 125166.10   0.0      0.59  12.2  25.07.2025  01:21:18
  3   4  15  16  $12    1.000    19.2786 103930.19   0.0     11.34   1.0  25.07.2025  01:21:21
  5   6   9  10  $12    1.000    13.7927   2599.86   0.0     24.45   0.5  25.07.2025  01:21:23
  6   7  10  11  $12    1.000    19.4024   3657.26   0.0     23.13   0.1  25.07.2025  01:21:25
  7   8  11  12  $12    1.000    15.4078   2904.31   0.0     10.86   0.8  25.07.2025  01:21:28
  5   6  13  14  $12    1.000     3.3346   5279.81   0.0     -1.01  10.7  25.07.2025  01:21:30
  6   7  14  15  $12    1.000     3.0649   4852.81   0.0     26.41   0.2  25.07.2025  01:21:32
  7   8  15  16  $12    1.000     8.6451  13688.35   0.0   -145.51   0.1  25.07.2025  01:21:34
  9  10  13  14  $12    1.000    12.7180   2397.28   0.0     14.89   0.2  25.07.2025  01:21:36
 10  11  14  15  $12    1.000    11.9897   2260.01   0.0     34.74   0.1  25.07.2025  01:21:38
 11  12  15  16  $12    1.000    22.8493   4306.99   0.0      3.20   2.3  25.07.2025  01:21:40
  1   2   6   7  $12    1.000     9.0302   3404.30   0.0    -18.87   2.0  25.07.2025  01:21:42
  2   3   7   8  $12    0.100     3.4222  12901.23   0.0    -65.19   2.2  25.07.2025  01:21:47
  1   2   7   8  $12    1.000     1.1347    748.58   0.3   1962.07   0.5  25.07.2025  01:21:51
  2   3   7   8  $12    0.100     3.4186  12887.92   0.0    -58.53   0.5  25.07.2025  01:21:56
  1   2  10  11  $12    1.000     3.1044   7022.06   0.0    -51.76   0.2  25.07.2025  01:21:59
  2   3  11  12  $12    1.000     8.1229  18373.51   0.0    -11.90   1.2  25.07.2025  01:22:02
  1   2  11  12  $12    1.000     2.1284   6619.66   0.0    -19.38   1.0  25.07.2025  01:22:04
  2   3  11  12  $12    1.000     8.1071  18337.79   0.0    -12.29   0.9  25.07.2025  01:22:06
  1   2  14  15  $12    1.000     5.7817  39669.88   0.0     75.30   0.7  25.07.2025  01:22:08
  2   3  15  16  $12    0.100     5.4456 373635.59   0.0     -1.50   1.8  25.07.2025  01:22:13
  1   2  15  16  $12    1.000    17.1404 147005.07   0.0    -66.83   0.1  25.07.2025  01:22:17
  2   3  15  16  $12    0.100     5.4617 374739.93   0.0     -1.35   3.8  25.07.2025  01:22:22
  5   6  10  11  $12    1.000    15.0073   5657.61   0.0      0.98   4.4  25.07.2025  01:22:25
  6   7  11  12  $12    1.000    13.4455   5068.84   0.0     -6.30   0.8  25.07.2025  01:22:27
  5   6  11  12  $12    1.000    10.8937   7186.93   0.0      7.56   0.7  25.07.2025  01:22:29
  6   7  11  12  $12    1.000    13.4194   5058.98   0.0     -7.12   1.0  25.07.2025  01:22:31
  5   6  14  15  $12    1.000     2.7063   6121.44   0.0     15.10   1.1  25.07.2025  01:22:34
  6   7  15  16  $12    1.000     7.7481  17525.74   0.0     -5.57   2.0  25.07.2025  01:22:36
  5   6  15  16  $12    1.000     6.7115  20874.08   0.0     -0.60  10.5  25.07.2025  01:22:38
  6   7  15  16  $12    1.000     7.7449  17518.66   0.0     -5.40   1.2  25.07.2025  01:22:40
  9  10  14  15  $12    1.000     7.0639   2663.03   0.0    -15.90   0.3  25.07.2025  01:22:42
 10  11  15  16  $12    0.100     2.8881  10887.95   0.0     -1.01   7.3  25.07.2025  01:22:47
  9  10  15  16  $12    1.000    16.4687  10864.97   0.0      4.94   0.3  25.07.2025  01:22:50
 10  11  15  16  $12    0.100     2.8862  10880.72   0.0     -1.32  12.5  25.07.2025  01:22:55
