//C:\Users\user\Desktop\GeoTom\GeoTomE724.ini
//- Cable direction:
//  cable I: normal
//  cable II: normal
//  cable III: normal
//  cable IV: normal
//- Cable arrangement: sequential
//- Optimization: Last measurement
//- Sorting: Multi-level
//- Current levels: 0.001 mA .. 50.0 mA
Type:         Flow
Name:         Hyprop
Comment:      Example of a measurements sequence
Comment:      
Comment:      
Spacing:      1.00000
First El:     0.00000
Nr of points: 289
IP present:   1

  1   5   2   6  $12    0.001     2.9219  12517.49   0.0      6.34   6.0  24.07.2025  08:10:08
  1   5   3   7  $12    0.010     8.1280  15320.84   0.0      6.13   0.5  24.07.2025  08:10:12
  1   5   4   8  $12    0.010     5.0094   6609.79   0.0      2.12  11.3  24.07.2025  08:10:14
  1   5  14   2  $12    0.010   -16.0006  14344.61   0.0     15.81   0.7  24.07.2025  08:10:16
  1   5  15   3  $12    0.010    -2.3499  51676.01   0.0     23.47   4.9  24.07.2025  08:10:19
  1   5  16   4  $12    0.100    -9.8966    967.93   0.0      8.20   0.3  24.07.2025  08:10:22
  1   5  13   9  $12    0.010     3.2770  24707.89   0.0      3.32   1.5  24.07.2025  08:10:27
  1   5  14  10  $12    0.010     2.8457  32686.63   0.0      1.67  42.9  24.07.2025  08:10:29
  1   5  15  11  $12    0.010     2.4737  40799.17   0.0      1.15 108.6  24.07.2025  08:10:31
  1   5  16  12  $12    0.010     2.0183  45771.43   0.1     -2.22  62.3  24.07.2025  08:10:33
  1   5  10   6  $12    0.010     9.7791   8640.53   0.0      6.81   1.2  24.07.2025  08:10:35
  1   5  11   7  $12    0.010     3.2829   7735.09   0.0      8.91   1.1  24.07.2025  08:10:37
  1   5  12   8  $12    0.010     2.0172   9149.15   0.0     -3.27   9.6  24.07.2025  08:10:39
  2   6   1   5  $12    0.001     2.8983  12416.44   0.0      9.16   1.3  24.07.2025  08:10:44
  2   6   3   7  $12    0.010    14.0436   6016.26   0.0     11.36   0.5  24.07.2025  08:10:48
  2   6   4   8  $12    0.010     7.1220  13424.62   0.0      1.94   9.8  24.07.2025  08:10:50
  2   6  13   1  $12    0.010   -15.9194  11740.71   0.0     14.87   0.4  24.07.2025  08:10:52
  2   6  15   3  $12    0.010    -4.6093   4132.28   0.0     18.67   1.6  24.07.2025  08:10:54
  2   6  16   4  $12    0.100   -14.1993  31225.98   0.0      7.25   0.2  24.07.2025  08:10:58
  2   6  13   9  $12    0.010     2.9440  13352.89   0.0      3.87   2.0  24.07.2025  08:11:03
  2   6  14  10  $12    0.010     2.6920  20297.58   0.0      1.33  13.9  24.07.2025  08:11:05
  2   6  15  11  $12    0.010     2.4668  28334.75   0.0      1.67  12.3  24.07.2025  08:11:07
  2   6  16  12  $12    0.010     2.1290  35114.61   0.0      2.67  11.7  24.07.2025  08:11:09
  2   6   9   5  $12    0.010     9.6360  12714.42   0.0      8.32   0.2  24.07.2025  08:11:11
  2   6  11   7  $12    0.010     6.9434   6135.02   0.0     10.59   0.4  24.07.2025  08:11:13
  2   6  12   8  $12    0.010     3.6058   8495.89   0.0     -2.38   9.6  24.07.2025  08:11:15
  3   7   1   5  $12    0.010     8.1119  15290.52   0.0      4.94   3.1  24.07.2025  08:11:17
  3   7   2   6  $12    0.010    13.9152   5961.28   0.0     10.49   0.5  24.07.2025  08:11:20
  3   7   4   8  $12    0.010    18.8778   8087.24   0.0      2.80   3.3  24.07.2025  08:11:22
  3   7  13   1  $12    0.010    -2.1455   3370.17   0.0     17.03   0.1  24.07.2025  08:11:24
  3   7  14   2  $12    0.010    -4.3738   3225.74   0.0     13.07   7.0  24.07.2025  08:11:26
  3   7  16   4  $12    0.010    -7.5116   6734.16   0.0     11.08   1.6  24.07.2025  08:11:28
  3   7  13   9  $12    0.010     2.4155   5691.37   0.0      3.00   7.7  24.07.2025  08:11:30
  3   7  14  10  $12    0.010     2.3986  10879.33   0.0      2.38  10.5  24.07.2025  08:11:32
  3   7  15  11  $12    0.010     2.4792  18692.37   0.0      0.20 127.3  24.07.2025  08:11:34
  3   7  16  12  $12    0.010     2.5507  29298.62   0.0      3.22   9.9  24.07.2025  08:11:36
  3   7   9   5  $12    0.010     3.5525   6696.33   0.0      3.07  18.2  24.07.2025  08:11:38
  3   7  10   6  $12    0.010     7.1886   9485.19   0.0      7.97   2.1  24.07.2025  08:11:40
  3   7  12   8  $12    0.010     8.9978   7950.25   0.0     -1.64  21.6  24.07.2025  08:11:42
  4   8   1   5  $12    0.010     5.0077   6607.55   0.0      4.22   3.5  24.07.2025  08:11:44
  4   8   2   6  $12    0.010     7.1622  13500.39   0.0     -1.95  16.0  24.07.2025  08:11:46
  4   8   3   7  $12    0.010    19.1902   8221.07   0.0      4.42   2.2  24.07.2025  08:11:48
  4   8  13   1  $12    0.100   -10.0820   2267.54   0.0      5.07   0.8  24.07.2025  08:11:52
  4   8  14   2  $12    0.100   -15.1321   2376.94   0.0      5.41   4.4  24.07.2025  08:11:54
  4   8  15   3  $12    0.010    -8.1196   5988.26   0.0      8.34   0.5  24.07.2025  08:11:59
  4   8  13   9  $12    0.010     2.1724   1919.47   0.0     -0.15  87.4  24.07.2025  08:12:01
  4   8  14  10  $12    0.010     2.2529   5308.16   0.0     -1.63  96.0  24.07.2025  08:12:03
  4   8  15  11  $12    0.010     2.4592  11154.14   0.0     -1.40  17.2  24.07.2025  08:12:05
  4   8  16  12  $12    0.010     2.7223  20525.91   0.0     -0.32 300.5  24.07.2025  08:12:07
  4   8   9   5  $12    0.100    18.3240    785.00   0.0      6.72   0.0  24.07.2025  08:12:11
  4   8  10   6  $12    0.010     3.4061   6420.42   0.0     -0.35  52.2  24.07.2025  08:12:16
  4   8  11   7  $12    0.010     8.6754  11446.88   0.0      1.80   7.7  24.07.2025  08:12:18
  5   9   6  10  $12    0.010    22.5712   9669.50   0.0      7.01   1.1  24.07.2025  08:12:20
  5   9   7  11  $12    0.010     8.9062  16787.80   0.0      4.74   1.1  24.07.2025  08:12:22
  5   9   8  12  $12    0.010     5.5176   7280.31   0.0      1.74  10.0  24.07.2025  08:12:24
  5   9   2   6  $12    0.010    -9.6201  12693.36   0.0     10.10   1.6  24.07.2025  08:12:26
  5   9   3   7  $12    0.010    -3.5226   6639.90   0.0      7.52   4.2  24.07.2025  08:12:29
  5   9   4   8  $12    0.100   -18.1122    775.92   0.0      5.46   0.9  24.07.2025  08:12:32
  5   9   1  13  $12    0.010     3.4417   8649.91   0.0      1.00   6.9  24.07.2025  08:12:37
  5   9   2  14  $12    0.010     3.0842   6936.68   0.0    -10.30  14.7  24.07.2025  08:12:39
  5   9   3  15  $12    0.010     2.3892   3752.98   0.0     -4.45  23.7  24.07.2025  08:12:41
  5   9   4  16  $12    0.010     2.0645   1522.62   0.0     -1.61  19.8  24.07.2025  08:12:44
  5   9  14  10  $12    0.010     9.8251   8681.16   0.0      5.86   1.3  24.07.2025  08:12:46
  5   9  15  11  $12    0.010     3.0422   7168.06   0.0      0.97  11.8  24.07.2025  08:12:48
  5   9  16  12  $12    0.100    16.3521   7416.79   0.0      3.72   0.4  24.07.2025  08:12:52
  6  10   5   9  $12    0.010    22.4937   9636.29   0.0      7.54   0.4  24.07.2025  08:12:56
  6  10   7  11  $12    0.010    15.6968   6724.49   0.0      5.97   1.8  24.07.2025  08:12:58
  6  10   8  12  $12    0.010     8.3647  15767.06   0.0      2.46  10.5  24.07.2025  08:13:00
  6  10   1   5  $12    0.010    -9.7294   8596.65   0.0      9.79  11.2  24.07.2025  08:13:02
  6  10   3   7  $12    0.010    -7.1735   9465.26   0.0     11.34   9.8  24.07.2025  08:13:04
  6  10   4   8  $12    0.010    -3.3394   6294.71   0.0      6.38   2.9  24.07.2025  08:13:06
  6  10   1  13  $12    0.010     3.1530   7091.49   0.0      3.63  11.1  24.07.2025  08:13:08
  6  10   2  14  $12    0.010     2.9741   7474.80   0.0     15.43   5.1  24.07.2025  08:13:10
  6  10   3  15  $12    0.010     2.4990   5620.58   0.0      7.81   8.7  24.07.2025  08:13:13
  6  10   4  16  $12    0.010     2.3254   3652.69   0.0     -3.80   9.6  24.07.2025  08:13:15
  6  10  13   9  $12    0.010     9.6364  12714.95   0.0      8.63   2.6  24.07.2025  08:13:16
  6  10  15  11  $12    0.010     6.0399   5336.66   0.0      2.90   2.4  24.07.2025  08:13:18
  6  10  16  12  $12    0.010     2.7092   6383.31   0.0     -1.39  37.8  24.07.2025  08:13:20
  7  11   5   9  $12    0.010     8.9148  16804.00   0.0      3.90   1.0  24.07.2025  08:13:23
  7  11   6  10  $12    0.010    15.6762   6715.65   0.0      4.67   0.4  24.07.2025  08:13:25
  7  11   8  12  $12    0.010    17.2766   7401.29   0.0      2.26   2.1  24.07.2025  08:13:27
  7  11   1   5  $12    0.010    -3.2138   7572.31   0.0     10.78   2.3  24.07.2025  08:13:29
  7  11   2   6  $12    0.010    -6.8831   6081.71   0.0      4.98   2.9  24.07.2025  08:13:31
  7  11   4   8  $12    0.010    -8.5549  11287.92   0.0      3.70   2.3  24.07.2025  08:13:33
  7  11   1  13  $12    0.010     2.6683   4191.30   0.0      5.86   9.2  24.07.2025  08:13:35
  7  11   2  14  $12    0.010     2.6654   5994.65   0.0     13.06   8.3  24.07.2025  08:13:37
  7  11   3  15  $12    0.010     2.4902   6258.57   0.1      5.93   6.1  24.07.2025  08:13:39
  7  11   4  16  $12    0.010     2.5585   5754.40   0.0      1.46  78.2  24.07.2025  08:13:41
  7  11  13   9  $12    0.010     2.9769   5611.35   0.0     -0.91  34.5  24.07.2025  08:13:43
  7  11  14  10  $12    0.010     6.1235   8079.80   0.0      1.12  11.0  24.07.2025  08:13:45
  7  11  16  12  $12    0.010     6.1551   5438.50   0.0      2.53  19.4  24.07.2025  08:13:47
  8  12   5   9  $12    0.010     5.4986   7255.23   0.0      3.50   3.2  24.07.2025  08:13:49
  8  12   6  10  $12    0.010     8.3526  15744.32   0.0      2.17   7.2  24.07.2025  08:13:51
  8  12   7  11  $12    0.010    17.3028   7412.52   0.0      1.97  11.7  24.07.2025  08:13:53
  8  12   1   5  $12    0.100   -20.0201   9080.47   0.0      6.32   1.2  24.07.2025  08:13:57
  8  12   2   6  $12    0.010    -3.5648   8399.40   0.0      6.72   5.2  24.07.2025  08:14:02
  8  12   3   7  $12    0.010    -8.9898   7943.16   0.0      3.75  31.3  24.07.2025  08:14:04
  8  12   1  13  $12    0.010     2.2275   1642.76   0.1     -1.31 310.2  24.07.2025  08:14:06
  8  12   2  14  $12    0.010     2.2756   3574.56   0.0    -12.55  13.7  24.07.2025  08:14:08
  8  12   3  15  $12    0.010     2.2951   5162.00   0.1     11.06   8.3  24.07.2025  08:14:10
  8  12  16   4  $12    0.010    -2.4602   6183.25   0.0     12.19   1.0  24.07.2025  08:14:12
  8  12   9  13  $12    0.100   -12.7111    544.54   0.0      9.67   0.3  24.07.2025  08:14:16
  8  12  10  14  $12    0.010    -2.4799   4674.50   0.0     10.84   1.5  24.07.2025  08:14:21
  8  12  11  15  $12    0.010    -5.9440   7842.88   0.0      8.36   2.8  24.07.2025  08:14:23
  9  13  10  14  $12    0.010    21.8344   9353.82   0.0     10.42   0.2  24.07.2025  08:14:25
  9  13  11  15  $12    0.010     9.6712  18229.80   0.0      4.60   0.7  24.07.2025  08:14:27
  9  13  12  16  $12    0.010     4.2303   5581.81   0.0      4.89   1.9  24.07.2025  08:14:29
  9  13   6  10  $12    0.010    -9.5626  12617.62   0.0     10.20   0.3  24.07.2025  08:14:31
  9  13   7  11  $12    0.010    -2.9106   5486.30   0.0     10.17  18.8  24.07.2025  08:14:33
  9  13   8  12  $12    0.100   -12.6954    543.87   0.0      7.67   1.8  24.07.2025  08:14:37
  9  13   5   1  $12    0.010     3.2691  24648.63   0.0      2.34   8.9  24.07.2025  08:14:42
  9  13   6   2  $12    0.010     2.9452  13358.45   0.3     -5.68  13.5  24.07.2025  08:14:44
  9  13   7   3  $12    0.010     2.3949   5642.88   0.3      4.49  43.1  24.07.2025  08:14:46
  9  13   8   4  $12    0.010     2.1650   1912.96   0.0     -0.91  23.9  24.07.2025  08:14:48
  9  13   2  14  $12    0.010     9.3394   6887.85   0.0     13.01  11.2  24.07.2025  08:14:50
  9  13   3  15  $12    0.010     4.3188   6783.93   0.0      7.43   2.8  24.07.2025  08:14:52
  9  13   4  16  $12    0.100     7.9700   1792.53   0.0      4.80   1.5  24.07.2025  08:14:56
 10  14   9  13  $12    0.010    21.8596   9364.63   0.0      7.69   0.6  24.07.2025  08:15:01
 10  14  11  15  $12    0.010    18.1426   7772.26   0.0      2.63   0.3  24.07.2025  08:15:03
 10  14  12  16  $12    0.010     6.1502  11592.92   0.0      2.02   7.5  24.07.2025  08:15:05
 10  14   5   9  $12    0.010    -9.7754   8637.31   0.0      7.25   0.8  24.07.2025  08:15:07
 10  14   7  11  $12    0.010    -6.0815   8024.38   0.0      4.91   3.0  24.07.2025  08:15:09
 10  14   8  12  $12    0.010    -2.4799   4674.44   0.0     10.74   0.8  24.07.2025  08:15:11
 10  14   5   1  $12    0.010     2.8486  32720.45   0.0     -4.82   9.4  24.07.2025  08:15:13
 10  14   6   2  $12    0.010     2.7175  20489.49   0.0     -2.00  30.1  24.07.2025  08:15:15
 10  14   7   3  $12    0.010     2.4139  10948.62   0.0      0.76  19.8  24.07.2025  08:15:17
 10  14   8   4  $12    0.010     2.2581   5320.41   0.0     -2.40  18.8  24.07.2025  08:15:19
 10  14   1  13  $12    0.010     9.2422   8285.64   0.0      9.75   0.5  24.07.2025  08:15:21
 10  14   3  15  $12    0.010     9.6775   7137.26   0.0      2.64   2.0  24.07.2025  08:15:24
 10  14   4  16  $12    0.100    13.8808   2180.39   0.0      5.71   0.4  24.07.2025  08:15:27
 11  15   9  13  $12    0.010     9.6863  18258.16   0.0      5.26   1.6  24.07.2025  08:15:32
 11  15  10  14  $12    0.010    18.1399   7771.10   0.0      5.21   1.4  24.07.2025  08:15:34
 11  15  12  16  $12    0.010    11.4532   4906.53   0.0      5.16   4.2  24.07.2025  08:15:36
 11  15   5   9  $12    0.010    -2.9725   7003.85   0.0     14.53   2.4  24.07.2025  08:15:38
 11  15   6  10  $12    0.010    -5.9855   5288.65   0.0      8.60   2.3  24.07.2025  08:15:40
 11  15   8  12  $12    0.010    -5.9416   7839.73   0.0      6.05   2.0  24.07.2025  08:15:42
 11  15   5   1  $12    0.010     2.4607  40585.90   0.0      3.11   6.8  24.07.2025  08:15:44
 11  15   6   2  $12    0.010     2.4697  28368.09   0.0      9.32   8.0  24.07.2025  08:15:46
 11  15   7   3  $12    0.010     2.4677  18605.70   0.2     -3.73  38.3  24.07.2025  08:15:48
 11  15   8   4  $12    0.010     2.4566  11142.16   0.0      0.12 1038.5  24.07.2025  08:15:51
 11  15   1  13  $12    0.010     4.2543  93557.85   0.0      4.09   3.6  24.07.2025  08:15:53
 11  15   2  14  $12    0.010     9.7058   8701.32   0.0      6.67   3.0  24.07.2025  08:15:55
 11  15   4  16  $12    0.010     3.0492   2248.83   0.0      1.84  17.9  24.07.2025  08:15:57
 12  16   9  13  $12    0.010     4.2424   5597.75   0.0     -0.64  39.6  24.07.2025  08:15:59
 12  16  10  14  $12    0.010     6.1532  11598.55   0.0      1.29  10.3  24.07.2025  08:16:01
 12  16  11  15  $12    0.010    11.4787   4917.48   0.0      2.30   3.7  24.07.2025  08:16:03
 12  16   5   9  $12    0.100   -16.3691   7424.49   0.0      5.24   0.3  24.07.2025  08:16:07
 12  16   6  10  $12    0.010    -2.6638   6276.38   0.0     11.06   0.7  24.07.2025  08:16:12
 12  16   7  11  $12    0.010    -6.1079   5396.76   0.0      5.14   3.7  24.07.2025  08:16:14
 12  16   5   1  $12    0.010     2.0150  45696.81   0.0      4.56  13.4  24.07.2025  08:16:16
 12  16   6   2  $12    0.010     2.1217  34994.49   0.1     -5.73  21.8  24.07.2025  08:16:18
 12  16   7   3  $12    0.010     2.5588  29391.18   0.0      5.57   9.7  24.07.2025  08:16:20
 12  16   8   4  $12    0.010     2.7280  20568.34   0.0     -1.96  23.4  24.07.2025  08:16:22
 12  16  13   1  $12    0.100    -5.8365    570.84   0.0     15.69   0.2  24.07.2025  08:16:26
 12  16  14   2  $12    0.100   -13.1488  28915.81   0.0      7.44   1.1  24.07.2025  08:16:28
 12  16  15   3  $12    0.010    -2.7386   2455.21   0.0     15.66   1.7  24.07.2025  08:16:33
 13   1  14   2  $12    0.001     2.8746   9857.93   0.0      9.72   6.4  24.07.2025  08:16:38
 13   1  15   3  $12    0.010     9.0566   6867.75   0.0      5.26   0.8  24.07.2025  08:16:42
 13   1  16   4  $12    0.010     3.8399   4935.01   0.0      4.17  11.8  24.07.2025  08:16:44
 13   1  10  14  $12    0.010    -9.1263   8181.76   0.0     18.86   4.3  24.07.2025  08:16:46
 13   1  11  15  $12    0.010    -4.1732  91774.01   0.0     11.36   7.8  24.07.2025  08:16:48
 13   1  12  16  $12    0.100    -5.8088    568.12   0.0     14.13   0.2  24.07.2025  08:16:51
 13   1   9   5  $12    0.010     3.4474   8664.37   0.0      0.01 1399.7  24.07.2025  08:16:56
 13   1  10   6  $12    0.010     3.1523   7089.91   0.0     -4.23  13.9  24.07.2025  08:16:58
 13   1  11   7  $12    0.010     2.6736   4199.66   0.2      1.77  84.5  24.07.2025  08:17:00
 13   1  12   8  $12    0.010     2.2291   1643.95   0.1      1.71  73.5  24.07.2025  08:17:02
 13   1   6   2  $12    0.010    15.9812  11786.27   0.0     13.01   4.1  24.07.2025  08:17:04
 13   1   7   3  $12    0.010     2.2156   3480.24   0.1      4.76  53.5  24.07.2025  08:17:06
 13   1   8   4  $12    0.100    10.2224   2299.11   0.0      3.98   4.7  24.07.2025  08:17:10
 14   2  13   1  $12    0.001     2.8573   9798.60   0.0     13.20   1.8  24.07.2025  08:17:18
 14   2  15   3  $12    0.010    16.7577   5746.84   0.0      8.40   0.9  24.07.2025  08:17:22
 14   2  16   4  $12    0.010     5.1165   3879.92   0.0      4.99   0.9  24.07.2025  08:17:24
 14   2   9  13  $12    0.010    -9.2024   6786.85   0.0     16.71   0.2  24.07.2025  08:17:26
 14   2  11  15  $12    0.010    -9.6245   8628.36   0.0      8.42   0.5  24.07.2025  08:17:28
 14   2  12  16  $12    0.100   -13.1996  29027.53   0.0      8.85   0.8  24.07.2025  08:17:32
 14   2   9   5  $12    0.010     3.0766   6919.52   0.0      2.26   8.3  24.07.2025  08:17:37
 14   2  10   6  $12    0.010     2.9587   7436.03   0.0     -1.54  28.6  24.07.2025  08:17:39
 14   2  11   7  $12    0.010     2.6552   5971.88   0.0     -4.04  13.8  24.07.2025  08:17:41
 14   2  12   8  $12    0.010     2.2687   3563.71   0.0      4.45   8.1  24.07.2025  08:17:43
 14   2   5   1  $12    0.010    15.8238  14186.05   0.0     13.29   0.1  24.07.2025  08:17:45
 14   2   7   3  $12    0.010     4.4712   3297.54   0.0     14.72   0.5  24.07.2025  08:17:47
 14   2   8   4  $12    0.100    15.3300   2408.03   0.0     -1.26   3.8  24.07.2025  08:17:51
 15   3  13   1  $12    0.010     9.0605   6870.68   0.0      7.24   0.6  24.07.2025  08:17:56
 15   3  14   2  $12    0.010    16.6918   5724.23   0.0      8.85   1.6  24.07.2025  08:17:58
 15   3  16   4  $12    0.010    13.2106   4530.41   0.0      8.78   1.0  24.07.2025  08:18:00
 15   3   9  13  $12    0.010    -4.2888   6736.84   0.0     14.94   1.7  24.07.2025  08:18:02
 15   3  10  14  $12    0.010    -9.5780   7063.84   0.0     10.15   1.2  24.07.2025  08:18:04
 15   3  12  16  $12    0.010    -2.7383   2454.90   0.0     21.07   2.2  24.07.2025  08:18:06
 15   3   9   5  $12    0.010     2.3629   3711.69   0.0     -1.73  12.6  24.07.2025  08:18:08
 15   3  10   6  $12    0.010     2.4937   5608.68   0.0      4.01  11.0  24.07.2025  08:18:10
 15   3  11   7  $12    0.010     2.4907   6259.81   0.0      1.90   9.2  24.07.2025  08:18:12
 15   3  12   8  $12    0.010     2.3027   5179.04   0.0      2.11  43.7  24.07.2025  08:18:15
 15   3   5   1  $12    0.010     2.4056  52901.72   0.0      2.07  14.8  24.07.2025  08:18:17
 15   3   6   2  $12    0.010     4.6459   4165.07   0.2     11.33  13.8  24.07.2025  08:18:19
 15   3   8   4  $12    0.010     8.2190   6061.60   0.0      6.00   9.5  24.07.2025  08:18:21
 16   4  13   1  $12    0.010     3.8417   4937.32   0.1      2.60  95.1  24.07.2025  08:18:23
 16   4  14   2  $12    0.010     5.1517   3906.61   0.0     -2.09  15.2  24.07.2025  08:18:25
 16   4  15   3  $12    0.010    13.2447   4542.10   0.0      6.29   1.0  24.07.2025  08:18:27
 16   4   9  13  $12    0.100    -7.9263   1782.69   0.0      8.57   0.3  24.07.2025  08:18:31
 16   4  10  14  $12    0.100   -13.8631   2177.61   0.0      6.60   1.3  24.07.2025  08:18:33
 16   4  11  15  $12    0.010    -2.9934   2207.68   0.0     12.98   1.0  24.07.2025  08:18:38
 16   4   9   5  $12    0.010     2.0511   1512.70   0.0      0.17  35.9  24.07.2025  08:18:40
 16   4  10   6  $12    0.010     2.3303   3660.36   0.0     -1.76  18.7  24.07.2025  08:18:42
 16   4  11   7  $12    0.010     2.5403   5713.39   0.0     -4.37   8.9  24.07.2025  08:18:44
 16   4  12   8  $12    0.010     2.5033   6291.39   0.0      2.86  10.5  24.07.2025  08:18:46
 16   4   5   1  $12    0.100     9.9924    977.30   0.0      5.07   1.4  24.07.2025  08:18:50
 16   4   6   2  $12    0.100    14.2454  31327.37   0.0      5.05   1.3  24.07.2025  08:18:52
 16   4   7   3  $12    0.010     7.6913   6895.23   0.0      5.59   2.0  24.07.2025  08:18:57
  1   4   2   3  $12    0.010    21.1946  13316.94   0.0     12.75   2.3  24.07.2025  08:18:59
  2   3   1   4  $12    0.010    21.0821  13246.26   0.0     15.00   4.2  24.07.2025  08:19:01
  1   2   3   4  $12    0.100   -16.1261   3039.69   0.0     36.90   0.1  24.07.2025  08:19:05
  3   4   1   2  $12    0.100   -15.2747   2879.22   0.0     33.29   0.5  24.07.2025  08:19:07
  5   8   6   7  $12    0.010    12.4907   7848.11   0.0      3.60   0.4  24.07.2025  08:19:12
  6   7   5   8  $12    0.010    12.5183   7865.51   0.0      3.80   1.6  24.07.2025  08:19:14
  5   6   7   8  $12    0.100   -19.7453   3721.89   0.0     19.84   0.3  24.07.2025  08:19:17
  7   8   5   6  $12    0.100   -18.7876   3541.39   0.0      9.55   0.1  24.07.2025  08:19:19
  9  12  10  11  $12    0.010    10.8832   6838.14   0.0      5.10   0.4  24.07.2025  08:19:24
 10  11   9  12  $12    0.010    10.9215   6862.18   0.0      5.14   0.7  24.07.2025  08:19:26
  9  10  11  12  $12    0.100   -17.7227   3340.65   0.0      4.10   0.4  24.07.2025  08:19:30
 11  12   9  10  $12    0.100   -17.5090   3300.37   0.0      7.31   0.0  24.07.2025  08:19:32
 13  16  14  15  $12    0.010     7.4248   4665.15   0.0     13.94   0.5  24.07.2025  08:19:37
 14  15  13  16  $12    0.010     7.4487   4680.18   0.0      7.87   1.0  24.07.2025  08:19:39
 13  14  15  16  $12    0.010    -4.5462   8569.38   0.0      2.34  10.6  24.07.2025  08:19:41
  1   9  10   2  $12    0.001    -3.1595  11369.65   0.0     16.21   1.0  24.07.2025  08:19:46
  1   9  11   3  $12    0.010   -10.1229   8673.31   0.0      8.94   2.7  24.07.2025  08:19:50
  1   9  12   4  $12    0.010    -6.6148  11060.88   0.0      8.58   0.6  24.07.2025  08:19:52
  2  10   9   1  $12    0.001    -3.1392  11296.50   0.0     21.56   0.3  24.07.2025  08:19:57
  2  10  11   3  $12    0.010   -15.4684   5566.38   0.0     10.30   0.7  24.07.2025  08:20:00
  2  10  12   4  $12    0.010    -8.4716   7258.44   0.0      7.14   1.8  24.07.2025  08:20:03
  3  11   9   1  $12    0.010   -10.1102   8662.40   0.0     10.81   1.3  24.07.2025  08:20:05
  3  11  10   2  $12    0.010   -15.4367   5554.96   0.0     10.26   1.7  24.07.2025  08:20:07
  3  11  12   4  $12    0.010   -18.7600   6750.88   0.0      8.83   0.6  24.07.2025  08:20:09
 12   4   9   1  $12    0.010     6.6725  11157.32   0.1      4.13  12.2  24.07.2025  08:20:11
 12   4  10   2  $12    0.010     8.5033   7285.63   0.0      5.15   2.2  24.07.2025  08:20:13
 12   4  11   3  $12    0.010    18.9224   6809.32   0.0      5.27   0.7  24.07.2025  08:20:15
 13   5  14   6  $12    0.001     2.5223   9076.72   0.0      9.04   3.0  24.07.2025  08:20:20
 13   5  15   7  $12    0.010    12.5996  10795.30   0.0      4.81   0.4  24.07.2025  08:20:24
 13   5  16   8  $12    0.010     6.8028  11375.20   0.0      1.48  11.1  24.07.2025  08:20:26
 14   6  13   5  $12    0.001     2.5219   9075.17   0.0      9.03   3.8  24.07.2025  08:20:31
 14   6  15   7  $12    0.001     2.2009   7920.20   0.0      3.12  20.0  24.07.2025  08:20:33
 14   6  16   8  $12    0.010     9.2836   7954.16   0.0      2.65   2.8  24.07.2025  08:20:37
 15   7  13   5  $12    0.010    12.5840  10781.98   0.0      5.81   0.4  24.07.2025  08:20:39
 15   7  14   6  $12    0.010    21.6227   7781.03   0.0      5.76   0.7  24.07.2025  08:20:41
 15   7  16   8  $12    0.010    16.5531   5956.72   0.0      3.44   3.9  24.07.2025  08:20:43
 16   8  13   5  $12    0.010     6.8100  11387.24   0.0      2.80   2.9  24.07.2025  08:20:45
 16   8  14   6  $12    0.010     9.2982   7966.67   0.0      2.87  10.5  24.07.2025  08:20:47
 16   8  15   7  $12    0.010    16.5933   5971.18   0.0      3.27   2.1  24.07.2025  08:20:49
  1   2   5   6  $12    1.000     9.1919   1732.64   0.0      7.39   0.9  24.07.2025  08:20:54
  2   3   6   7  $12    0.100     2.9539   5567.88   0.0      2.25   1.9  24.07.2025  08:20:59
  3   4   7   8  $12    1.000     5.0352    949.12   0.1    -61.79   0.7  24.07.2025  08:21:03
  1   2   9  10  $12    1.000     2.1221   3360.00   0.0    -24.36   1.1  24.07.2025  08:21:05
  2   3  10  11  $12    1.000     8.3266  13184.10   0.0      0.90   9.8  24.07.2025  08:21:07
  3   4  11  12  $12    1.000     1.7351   2747.37   0.0      6.51   5.1  24.07.2025  08:21:13
  1   2  13  14  $12    1.000     8.3098  44798.05   0.0    -33.67   0.1  24.07.2025  08:21:15
  2   3  14  15  $12    0.100     2.4334 131184.06   0.0      3.09   7.1  24.07.2025  08:21:20
  3   4  15  16  $12    1.000    13.9468  75186.88   0.0      5.60   0.2  24.07.2025  08:21:23
  5   6   9  10  $12    1.000    13.6998   2582.36   0.0     16.26   0.0  24.07.2025  08:21:26
  6   7  10  11  $12    1.000    16.4219   3095.45   0.0     10.91   1.3  24.07.2025  08:21:28
  7   8  11  12  $12    1.000     8.9445   1685.99   0.0      2.63   2.4  24.07.2025  08:21:30
  5   6  13  14  $12    1.000     3.1130   4929.00   0.0      3.13   4.3  24.07.2025  08:21:32
  6   7  14  15  $12    1.000     3.2980   5221.99   0.0     17.79   1.6  24.07.2025  08:21:34
  7   8  15  16  $12    1.000     3.3032   5230.24   0.0    -24.50   2.4  24.07.2025  08:21:36
  9  10  13  14  $12    1.000    13.3758   2521.27   0.0     21.75   0.4  24.07.2025  08:21:38
 10  11  14  15  $12    1.000    13.4506   2535.37   0.0     36.72   0.1  24.07.2025  08:21:40
 11  12  15  16  $12    1.000    14.7673   2783.56   0.0      2.73   2.5  24.07.2025  08:21:42
  1   2   6   7  $12    1.000     8.4475   3184.65   0.0     -8.75   0.3  24.07.2025  08:21:44
  2   3   7   8  $12    1.000    18.7717   7076.76   0.0    -18.09   0.6  24.07.2025  08:21:46
  1   2   7   8  $12    1.000     3.0823   2033.52   0.0    136.08   0.0  24.07.2025  08:21:48
  2   3   7   8  $12    1.000    18.7915   7084.23   0.0    -17.05   0.5  24.07.2025  08:21:50
  1   2  10  11  $12    1.000     2.5383   5741.39   0.0    -44.42   0.9  24.07.2025  08:21:52
  2   3  11  12  $12    1.000     5.7843  13083.74   0.0     -2.41   3.7  24.07.2025  08:21:54
  1   2  11  12  $12    1.000     1.4639   4553.14   0.0     -1.03  16.2  24.07.2025  08:21:59
  2   3  11  12  $12    1.000     5.7854  13086.35   0.0     -0.98   8.5  24.07.2025  08:22:01
  1   2  14  15  $12    1.000     6.4410  44193.16   0.0     40.14   0.6  24.07.2025  08:22:03
  2   3  15  16  $12    0.100     4.1573 285244.23   0.0     -1.77  11.9  24.07.2025  08:22:09
  1   2  15  16  $12    1.000    10.7909  92548.91   0.0    -24.88   0.0  24.07.2025  08:22:12
  2   3  15  16  $12    0.100     4.1582 285304.62   0.0     -1.37   8.8  24.07.2025  08:22:17
  5   6  10  11  $12    1.000    13.8125   5207.18   0.0      6.04   1.5  24.07.2025  08:22:21
  6   7  11  12  $12    1.000    11.1215   4192.70   0.0      6.30   3.4  24.07.2025  08:22:23
  5   6  11  12  $12    1.000     8.8457   5835.79   0.0      7.60   0.2  24.07.2025  08:22:25
  6   7  11  12  $12    1.000    11.1078   4187.53   0.0      6.11   0.2  24.07.2025  08:22:27
  5   6  14  15  $12    1.000     2.9742   6727.56   0.0      7.14   2.2  24.07.2025  08:22:29
  6   7  15  16  $12    1.000     5.7437  12991.99   0.0      0.56   9.3  24.07.2025  08:22:31
  5   6  15  16  $12    1.000     5.0926  15838.92   0.0      0.67   3.7  24.07.2025  08:22:33
  6   7  15  16  $12    1.000     5.7351  12972.60   0.0     -1.12   8.2  24.07.2025  08:22:35
  9  10  14  15  $12    1.000     8.0044   3017.59   0.0    -27.30   0.2  24.07.2025  08:22:37
 10  11  15  16  $12    1.000    21.1634   7978.40   0.0      3.55   0.8  24.07.2025  08:22:39
  9  10  15  16  $12    1.000    13.2610   8748.73   0.0      4.66   1.1  24.07.2025  08:22:41
 10  11  15  16  $12    1.000    21.1448   7971.38   0.0      3.50   1.0  24.07.2025  08:22:43
