//C:\Users\user\Desktop\GeoTom\GeoTomE724.ini
//- Cable direction:
//  cable I: normal
//  cable II: normal
//  cable III: normal
//  cable IV: normal
//- Cable arrangement: sequential
//- Optimization: Last measurement
//- Sorting: Multi-level
//- Current levels: 0.001 mA .. 50.0 mA
Type:         Flow
Name:         Hyprop
Comment:      Example of a measurements sequence
Comment:      
Comment:      
Spacing:      1.00000
First El:     0.00000
Nr of points: 289
IP present:   1

  1   5   2   6  $12    0.001     2.8074  12026.79   0.0      4.78  35.4  25.07.2025  14:10:08
  1   5   3   7  $12    0.010     9.2410  17418.96   0.0      9.31   0.9  25.07.2025  14:10:12
  1   5   4   8  $12    0.010     5.7153   7541.21   0.0      0.85  34.4  25.07.2025  14:10:14
  1   5  14   2  $12    0.010   -14.0566  12601.81   0.0     11.24   5.4  25.07.2025  14:10:16
  1   5  15   3  $12    0.010    -2.2593  49684.09   0.0     22.82   3.0  25.07.2025  14:10:18
  1   5  16   4  $12    0.100    -9.4682    926.03   0.0     17.68   0.5  25.07.2025  14:10:22
  1   5  13   9  $12    0.010     3.7878  28559.06   0.0      4.62   0.6  25.07.2025  14:10:27
  1   5  14  10  $12    0.010     3.3317  38269.95   0.0      1.51  38.0  25.07.2025  14:10:29
  1   5  15  11  $12    0.010     2.9217  48189.05   0.0      3.23   5.0  25.07.2025  14:10:31
  1   5  16  12  $12    0.010     2.2945  52035.19   0.0      1.10  45.0  25.07.2025  14:10:33
  1   5  10   6  $12    0.010    10.2671   9071.75   0.0      4.89   0.9  25.07.2025  14:10:36
  1   5  11   7  $12    0.010     4.0617   9570.25   0.0      5.24   3.1  25.07.2025  14:10:38
  1   5  12   8  $12    0.010     2.5009  11343.16   0.0     -6.54  17.4  25.07.2025  14:10:40
  2   6   1   5  $12    0.001     2.7954  11975.38   0.0     10.81   0.4  25.07.2025  14:10:45
  2   6   3   7  $12    0.010    18.1448   7773.23   0.0     14.54   1.4  25.07.2025  14:10:48
  2   6   4   8  $12    0.010     8.6589  16321.69   0.0      0.65  27.1  25.07.2025  14:10:50
  2   6  13   1  $12    0.010   -14.2028  10474.67   0.0     13.83   1.7  25.07.2025  14:10:52
  2   6  15   3  $12    0.010    -6.2291   5584.39   0.0     26.78   1.4  25.07.2025  14:10:54
  2   6  16   4  $12    0.100   -15.4171  33904.02   0.0     27.32   0.2  25.07.2025  14:10:58
  2   6  13   9  $12    0.010     3.3571  15226.79   0.0      5.81   2.5  25.07.2025  14:11:03
  2   6  14  10  $12    0.010     3.0732  23171.58   0.0      5.91   3.6  25.07.2025  14:11:05
  2   6  15  11  $12    0.010     2.8397  32618.14   0.0      8.38   2.4  25.07.2025  14:11:07
  2   6  16  12  $12    0.010     2.4070  39699.97   0.0      1.93   4.3  25.07.2025  14:11:09
  2   6   9   5  $12    0.010     9.9907  13182.41   0.0      8.27   0.6  25.07.2025  14:11:11
  2   6  11   7  $12    0.010     9.0692   8013.32   0.0     10.77   0.7  25.07.2025  14:11:14
  2   6  12   8  $12    0.010     4.7268  11137.28   0.0    -11.25   8.2  25.07.2025  14:11:16
  3   7   1   5  $12    0.010     9.2150  17369.81   0.0     10.02   0.0  25.07.2025  14:11:18
  3   7   2   6  $12    0.010    18.2056   7799.28   0.0     12.39   0.8  25.07.2025  14:11:20
  3   7   4   8  $12    0.001     2.6673  11426.82   0.0      0.68  79.7  25.07.2025  14:11:25
  3   7  13   1  $12    0.100   -18.2056   2859.72   0.0     21.19   0.4  25.07.2025  14:11:30
  3   7  14   2  $12    0.010    -5.5861   4119.76   0.0     28.75   5.7  25.07.2025  14:11:35
  3   7  16   4  $12    0.010    -9.5616   8572.01   0.0     13.74   1.7  25.07.2025  14:11:37
  3   7  13   9  $12    0.010     2.9264   6895.24   0.0      3.92   3.8  25.07.2025  14:11:39
  3   7  14  10  $12    0.010     2.9326  13301.51   0.0      3.13   3.9  25.07.2025  14:11:41
  3   7  15  11  $12    0.010     2.9705  22397.14   0.0      4.40   3.7  25.07.2025  14:11:43
  3   7  16  12  $12    0.010     3.1305  35958.00   0.0      2.83   5.3  25.07.2025  14:11:46
  3   7   9   5  $12    0.010     4.4719   8429.28   0.0      4.95   3.2  25.07.2025  14:11:48
  3   7  10   6  $12    0.010     9.5475  12597.58   0.0      6.59   0.7  25.07.2025  14:11:50
  3   7  12   8  $12    0.010    13.6032  12019.46   0.0     -4.06  10.1  25.07.2025  14:11:52
  4   8   1   5  $12    0.010     5.7130   7538.08   0.0      3.89   9.4  25.07.2025  14:11:54
  4   8   2   6  $12    0.010     8.6456  16296.59   0.0      0.55  68.4  25.07.2025  14:11:56
  4   8   3   7  $12    0.001     2.6622  11405.00   0.0     -1.05 112.7  25.07.2025  14:12:01
  4   8  13   1  $12    0.100    -9.9347   2234.41   0.0    -21.68   0.2  25.07.2025  14:12:06
  4   8  14   2  $12    0.100   -16.2798   2557.23   0.0    -49.40   0.3  25.07.2025  14:12:08
  4   8  15   3  $12    0.010   -10.2950   7592.64   0.0      8.35   1.3  25.07.2025  14:12:13
  4   8  13   9  $12    0.010     2.5879   2286.60   0.1      0.32 139.1  25.07.2025  14:12:15
  4   8  14  10  $12    0.010     2.7066   6377.39   0.1      4.06  23.7  25.07.2025  14:12:17
  4   8  15  11  $12    0.010     2.9450  13357.60   0.0      2.06  11.2  25.07.2025  14:12:19
  4   8  16  12  $12    0.010     3.4366  25911.66   0.0      1.05  28.9  25.07.2025  14:12:21
  4   8   9   5  $12    0.010     2.1457    919.23   0.0     -0.15 145.3  25.07.2025  14:12:23
  4   8  10   6  $12    0.010     4.3527   8204.72   0.0      1.97  10.3  25.07.2025  14:12:25
  4   8  11   7  $12    0.010    13.0268  17188.41   0.0      3.37   2.8  25.07.2025  14:12:27
  5   9   6  10  $12    0.001     2.4055  10304.99   0.0      2.05  27.6  25.07.2025  14:12:32
  5   9   7  11  $12    0.010    10.9808  20698.33   0.0      3.24   1.9  25.07.2025  14:12:36
  5   9   8  12  $12    0.010     6.6649   8794.18   0.0      2.79  15.3  25.07.2025  14:12:38
  5   9   2   6  $12    0.010    -9.9642  13147.40   0.0      8.09   0.9  25.07.2025  14:12:40
  5   9   3   7  $12    0.010    -4.4302   8350.76   0.1     13.61   4.1  25.07.2025  14:12:42
  5   9   4   8  $12    0.010    -2.1116    904.60   0.0     15.92   4.1  25.07.2025  14:12:44
  5   9   1  13  $12    0.010     4.0907  10280.98   0.0      1.21  18.6  25.07.2025  14:12:46
  5   9   2  14  $12    0.010     3.8631   8688.37   0.0      1.82   5.8  25.07.2025  14:12:48
  5   9   3  15  $12    0.010     2.8359   4454.66   0.0      2.81  13.4  25.07.2025  14:12:50
  5   9   4  16  $12    0.010     2.4172   1782.68   0.0     -0.76  39.3  25.07.2025  14:12:52
  5   9  14  10  $12    0.010     9.9190   8764.19   0.0      2.97   1.9  25.07.2025  14:12:54
  5   9  15  11  $12    0.010     3.6868   8686.84   0.0      0.03 279.1  25.07.2025  14:12:56
  5   9  16  12  $12    0.010     2.1430   9720.16   0.0     -4.62   7.3  25.07.2025  14:12:58
  6  10   5   9  $12    0.001     2.4077  10314.60   0.0      2.26  20.1  25.07.2025  14:13:03
  6  10   7  11  $12    0.001     2.0194   8651.21   0.0      1.49  46.9  25.07.2025  14:13:05
  6  10   8  12  $12    0.010    10.5962  19973.33   0.0      3.60   6.3  25.07.2025  14:13:09
  6  10   1   5  $12    0.010   -10.2690   9073.38   0.0      5.89   2.2  25.07.2025  14:13:11
  6  10   3   7  $12    0.010    -9.5854  12647.61   0.0      8.73   0.8  25.07.2025  14:13:13
  6  10   4   8  $12    0.010    -4.3069   8118.32   0.0      9.13   5.0  25.07.2025  14:13:15
  6  10   1  13  $12    0.010     3.8151   8580.53   0.0      0.17 491.6  25.07.2025  14:13:17
  6  10   2  14  $12    0.010     3.7533   9432.99   0.0      2.15  25.1  25.07.2025  14:13:19
  6  10   3  15  $12    0.010     2.9806   6703.71   0.0     -2.59  15.9  25.07.2025  14:13:21
  6  10   4  16  $12    0.010     2.7528   4324.02   0.0      1.52  16.0  25.07.2025  14:13:24
  6  10  13   9  $12    0.010     9.6969  12794.71   0.0      3.61   5.7  25.07.2025  14:13:26
  6  10  15  11  $12    0.010     7.3684   6510.55   0.0      2.15   2.4  25.07.2025  14:13:28
  6  10  16  12  $12    0.010     3.5357   8330.91   0.0      0.21  36.8  25.07.2025  14:13:30
  7  11   5   9  $12    0.010    10.9711  20680.12   0.0      3.40   2.4  25.07.2025  14:13:32
  7  11   6  10  $12    0.010    19.8986   8524.53   0.0      3.85   1.3  25.07.2025  14:13:34
  7  11   8  12  $12    0.001     2.4472  10483.70   0.1     -5.50  16.1  25.07.2025  14:13:39
  7  11   1   5  $12    0.010    -4.0154   9461.07   0.0     10.06   1.6  25.07.2025  14:13:43
  7  11   2   6  $12    0.010    -9.0126   7963.32   0.0      4.68   8.4  25.07.2025  14:13:45
  7  11   4   8  $12    0.010   -12.8794  16993.98   0.0      2.58  15.6  25.07.2025  14:13:47
  7  11   1  13  $12    0.010     3.3821   5312.52   0.0     -1.33  15.0  25.07.2025  14:13:49
  7  11   2  14  $12    0.010     3.4795   7825.63   0.0      1.48 111.8  25.07.2025  14:13:51
  7  11   3  15  $12    0.010     3.0205   7591.36   0.1      3.46  23.6  25.07.2025  14:13:53
  7  11   4  16  $12    0.010     3.0969   6965.24   0.0      0.07 218.2  25.07.2025  14:13:55
  7  11  13   9  $12    0.010     3.5799   6747.96   0.0      3.52  10.5  25.07.2025  14:13:57
  7  11  14  10  $12    0.010     7.3814   9739.58   0.0      1.28   1.5  25.07.2025  14:14:00
  7  11  16  12  $12    0.010     8.0750   7134.84   0.0      1.98   5.7  25.07.2025  14:14:02
  8  12   5   9  $12    0.010     6.6382   8758.94   0.0      5.81   0.6  25.07.2025  14:14:04
  8  12   6  10  $12    0.010    10.5528  19891.58   0.0      6.01   0.4  25.07.2025  14:14:06
  8  12   7  11  $12    0.001     2.4447  10473.06   0.0     -1.14  18.7  25.07.2025  14:14:11
  8  12   1   5  $12    0.010    -2.4499  11111.79   0.0      1.93  10.5  25.07.2025  14:14:15
  8  12   2   6  $12    0.010    -4.6685  10999.98   0.0     -7.41   6.5  25.07.2025  14:14:17
  8  12   3   7  $12    0.010   -13.6719  12080.13   0.0      0.48  46.3  25.07.2025  14:14:19
  8  12   1  13  $12    0.010     2.6282   1938.31   0.0     14.48   5.7  25.07.2025  14:14:21
  8  12   2  14  $12    0.010     2.7208   4273.80   0.0     28.28   3.7  25.07.2025  14:14:23
  8  12   3  15  $12    0.010     2.6329   5921.59   0.0     18.96   2.6  25.07.2025  14:14:25
  8  12  16   4  $12    0.010    -2.9739   7474.27   0.0     15.23   2.1  25.07.2025  14:14:27
  8  12   9  13  $12    0.100   -15.4261    660.85   0.0      8.67   0.4  25.07.2025  14:14:31
  8  12  10  14  $12    0.010    -3.1211   5883.22   0.0      9.12   0.5  25.07.2025  14:14:35
  8  12  11  15  $12    0.010    -7.7522  10228.84   0.0      8.47   0.5  25.07.2025  14:14:37
  9  13  10  14  $12    0.010    22.8639   9794.87   0.0      8.60   1.1  25.07.2025  14:14:39
  9  13  11  15  $12    0.010    11.8465  22330.16   0.0      4.59   3.4  25.07.2025  14:14:41
  9  13  12  16  $12    0.010     4.9751   6564.53   0.0      1.10  28.1  25.07.2025  14:14:44
  9  13   6  10  $12    0.010    -9.6497  12732.45   0.0      6.06   7.9  25.07.2025  14:14:46
  9  13   7  11  $12    0.010    -3.5171   6629.59   0.0      8.21   5.1  25.07.2025  14:14:48
  9  13   8  12  $12    0.100   -15.3392    657.13   0.0      4.00   3.1  25.07.2025  14:14:51
  9  13   5   1  $12    0.010     3.7954  28616.58   0.0      3.90   8.5  25.07.2025  14:14:56
  9  13   6   2  $12    0.010     3.3784  15323.18   0.0      1.35  66.3  25.07.2025  14:14:58
  9  13   7   3  $12    0.010     2.9372   6920.64   0.2      4.67  30.4  25.07.2025  14:15:00
  9  13   8   4  $12    0.010     2.6021   2299.13   0.1      2.91  41.2  25.07.2025  14:15:02
  9  13   2  14  $12    0.010     9.7672   7203.35   0.0     12.78   3.5  25.07.2025  14:15:04
  9  13   3  15  $12    0.010     5.3780   8447.71   0.0      3.41  13.0  25.07.2025  14:15:06
  9  13   4  16  $12    0.100     8.3903   1887.07   0.0     -0.09  73.0  25.07.2025  14:15:10
 10  14   9  13  $12    0.010    22.7698   9754.57   0.0      7.63   0.3  25.07.2025  14:15:15
 10  14  11  15  $12    0.001     2.3630  10122.96   0.0      0.66 119.9  25.07.2025  14:15:20
 10  14  12  16  $12    0.010     7.4262  13998.08   0.0      1.60   2.7  25.07.2025  14:15:24
 10  14   5   9  $12    0.010    -9.8684   8719.47   0.0      5.70   0.4  25.07.2025  14:15:26
 10  14   7  11  $12    0.010    -7.3534   9702.65   0.0      3.86   5.3  25.07.2025  14:15:28
 10  14   8  12  $12    0.010    -3.1136   5869.00   0.0      8.47  28.8  25.07.2025  14:15:30
 10  14   5   1  $12    0.010     3.3419  38387.06   0.0     -1.90   6.9  25.07.2025  14:15:32
 10  14   6   2  $12    0.010     3.0806  23227.44   0.0     -0.22 264.6  25.07.2025  14:15:34
 10  14   7   3  $12    0.010     2.9545  13400.70   0.0      2.48   6.6  25.07.2025  14:15:36
 10  14   8   4  $12    0.010     2.7259   6422.72   0.1     -0.68 185.7  25.07.2025  14:15:38
 10  14   1  13  $12    0.010     9.6274   8630.96   0.0     11.17   0.6  25.07.2025  14:15:40
 10  14   3  15  $12    0.010    13.0056   9591.74   0.0      2.38   2.8  25.07.2025  14:15:42
 10  14   4  16  $12    0.100    15.5134   2436.84   0.0      1.47   5.1  25.07.2025  14:15:46
 11  15   9  13  $12    0.010    11.8358  22309.97   0.0      5.75   0.6  25.07.2025  14:15:51
 11  15  10  14  $12    0.001     2.3552  10089.69   0.0      0.63  22.8  25.07.2025  14:15:56
 11  15  12  16  $12    0.010    13.8318   5925.55   0.0      4.77   0.4  25.07.2025  14:16:00
 11  15   5   9  $12    0.010    -3.6225   8535.32   0.0     10.01   0.9  25.07.2025  14:16:02
 11  15   6  10  $12    0.010    -7.2882   6439.65   0.0      7.75   1.4  25.07.2025  14:16:04
 11  15   8  12  $12    0.010    -7.7735  10256.88   0.0      6.97   3.7  25.07.2025  14:16:06
 11  15   5   1  $12    0.010     2.9268  48273.21   0.0      3.30  21.4  25.07.2025  14:16:08
 11  15   6   2  $12    0.010     2.8638  32895.22   0.0     -1.97   3.8  25.07.2025  14:16:10
 11  15   7   3  $12    0.010     2.9762  22440.04   0.0      6.12   5.2  25.07.2025  14:16:12
 11  15   8   4  $12    0.010     2.9616  13433.02   0.0      0.83 134.4  25.07.2025  14:16:15
 11  15   1  13  $12    0.010     5.2765 116037.07   0.0      4.98   4.2  25.07.2025  14:16:17
 11  15   2  14  $12    0.010    13.1168  11759.27   0.0      2.39  13.8  25.07.2025  14:16:19
 11  15   4  16  $12    0.010     3.0946   2282.30   0.0      3.37   9.1  25.07.2025  14:16:21
 12  16   9  13  $12    0.010     4.9968   6593.16   0.0      2.03   0.9  25.07.2025  14:16:23
 12  16  10  14  $12    0.010     7.4522  14047.11   0.0      1.69   5.1  25.07.2025  14:16:25
 12  16  11  15  $12    0.010    13.8903   5950.59   0.0      3.92   0.6  25.07.2025  14:16:27
 12  16   5   9  $12    0.010    -2.1037   9541.88   0.0      9.04   4.1  25.07.2025  14:16:29
 12  16   6  10  $12    0.010    -3.5001   8246.89   0.0      6.85   4.9  25.07.2025  14:16:31
 12  16   7  11  $12    0.010    -8.0361   7100.51   0.0      4.89   4.8  25.07.2025  14:16:33
 12  16   5   1  $12    0.010     2.3110  52410.66   0.1     -0.37 542.3  25.07.2025  14:16:35
 12  16   6   2  $12    0.010     2.4211  39932.43   0.1     -4.44  89.3  25.07.2025  14:16:37
 12  16   7   3  $12    0.010     3.1652  36356.76   0.1      0.54 181.6  25.07.2025  14:16:39
 12  16   8   4  $12    0.010     3.4809  26244.99   0.0     -4.63  35.2  25.07.2025  14:16:41
 12  16  13   1  $12    0.100    -5.3629    524.51   0.0     25.82   0.4  25.07.2025  14:16:45
 12  16  14   2  $12    0.100   -14.6422  32199.89   0.0      5.30   4.6  25.07.2025  14:16:47
 12  16  15   3  $12    0.010    -2.6332   2360.68   0.0     17.86   4.5  25.07.2025  14:16:52
 13   1  14   2  $12    0.001     2.7959   9588.02   0.0      9.94  14.3  25.07.2025  14:16:57
 13   1  15   3  $12    0.010    10.4677   7937.84   0.0      6.15   0.9  25.07.2025  14:17:00
 13   1  16   4  $12    0.010     4.2019   5400.26   0.0      4.39   2.9  25.07.2025  14:17:02
 13   1  10  14  $12    0.010    -9.4754   8494.70   0.0     20.99   0.3  25.07.2025  14:17:04
 13   1  11  15  $12    0.010    -5.2040 114442.19   0.0     10.05   0.3  25.07.2025  14:17:06
 13   1  12  16  $12    0.100    -5.3482    523.07   0.0     23.63   0.3  25.07.2025  14:17:10
 13   1   9   5  $12    0.010     4.0967  10296.15   0.0     -0.01 846.7  25.07.2025  14:17:15
 13   1  10   6  $12    0.010     3.8179   8586.91   0.0      0.33   9.1  25.07.2025  14:17:17
 13   1  11   7  $12    0.010     3.3796   5308.59   0.0     -0.04 435.4  25.07.2025  14:17:19
 13   1  12   8  $12    0.010     2.6511   1955.21   0.0      5.54  30.5  25.07.2025  14:17:22
 13   1   6   2  $12    0.010    14.2231  10489.65   0.0      8.58   3.3  25.07.2025  14:17:24
 13   1   7   3  $12    0.100    18.4379   2896.21   0.0     16.84   0.5  25.07.2025  14:17:27
 13   1   8   4  $12    0.100    10.0058   2250.39   0.0    -11.18   6.3  25.07.2025  14:17:29
 14   2  13   1  $12    0.001     2.7795   9532.07   0.0     12.81   4.0  25.07.2025  14:17:37
 14   2  15   3  $12    0.001     2.2445   7697.12   0.1     11.29   3.5  25.07.2025  14:17:40
 14   2  16   4  $12    0.010     5.8225   4415.31   0.0      9.67   2.0  25.07.2025  14:17:43
 14   2   9  13  $12    0.010    -9.5748   7061.46   0.0     20.91   0.0  25.07.2025  14:17:45
 14   2  11  15  $12    0.010   -13.0175  11670.22   0.0      7.70   0.4  25.07.2025  14:17:47
 14   2  12  16  $12    0.100   -14.7378  32410.19   0.0      7.02   0.1  25.07.2025  14:17:51
 14   2   9   5  $12    0.010     3.8509   8661.03   0.0      2.82   1.0  25.07.2025  14:17:56
 14   2  10   6  $12    0.010     3.7320   9379.50   0.0      4.31   0.3  25.07.2025  14:17:58
 14   2  11   7  $12    0.010     3.4550   7770.64   0.0      4.71   5.9  25.07.2025  14:18:00
 14   2  12   8  $12    0.010     2.7009   4242.55   0.0     35.83   3.6  25.07.2025  14:18:02
 14   2   5   1  $12    0.010    14.0451  12591.51   0.0     13.29   1.1  25.07.2025  14:18:04
 14   2   7   3  $12    0.010     5.6931   4198.70   0.0     24.78   0.7  25.07.2025  14:18:06
 14   2   8   4  $12    0.100    16.5475   2599.28   0.0    -43.86   1.2  25.07.2025  14:18:10
 15   3  13   1  $12    0.010    10.4452   7920.77   0.0      8.32   1.0  25.07.2025  14:18:15
 15   3  14   2  $12    0.010    22.1415   7593.16   0.0     12.47   2.1  25.07.2025  14:18:17
 15   3  16   4  $12    0.010    15.7182   5390.35   0.0     10.34   1.0  25.07.2025  14:18:19
 15   3   9  13  $12    0.010    -5.2954   8317.92   0.0     13.61   0.2  25.07.2025  14:18:21
 15   3  10  14  $12    0.010   -12.9103   9521.44   0.0      9.20   0.6  25.07.2025  14:18:23
 15   3  12  16  $12    0.010    -2.5704   2304.40   0.0     31.04   1.5  25.07.2025  14:18:25
 15   3   9   5  $12    0.010     2.8440   4467.35   0.0     -2.73   9.5  25.07.2025  14:18:27
 15   3  10   6  $12    0.010     2.9829   6708.75   0.0     -0.81  21.4  25.07.2025  14:18:30
 15   3  11   7  $12    0.010     3.0149   7577.22   0.0      0.63  57.9  25.07.2025  14:18:32
 15   3  12   8  $12    0.010     2.6327   5921.09   0.1     17.69   0.7  25.07.2025  14:18:34
 15   3   5   1  $12    0.010     2.3025  50635.57   0.0      7.42  12.0  25.07.2025  14:18:36
 15   3   6   2  $12    0.010     6.2669   5618.27   0.0     23.71   0.5  25.07.2025  14:18:38
 15   3   8   4  $12    0.010    10.5164   7755.94   0.0      3.51  14.5  25.07.2025  14:18:40
 16   4  13   1  $12    0.010     4.2013   5399.45   0.0      2.96   6.3  25.07.2025  14:18:42
 16   4  14   2  $12    0.010     5.8488   4435.22   0.0      9.00   6.1  25.07.2025  14:18:44
 16   4  15   3  $12    0.010    15.7518   5401.88   0.0      7.59   0.3  25.07.2025  14:18:46
 16   4   9  13  $12    0.100    -8.4388   1897.96   0.0      6.64   0.5  25.07.2025  14:18:50
 16   4  10  14  $12    0.100   -15.6461   2457.68   0.0      5.55   5.4  25.07.2025  14:18:52
 16   4  11  15  $12    0.010    -3.0772   2269.49   0.0     14.63   1.4  25.07.2025  14:18:57
 16   4   9   5  $12    0.010     2.4069   1775.10   0.0      1.41  11.3  25.07.2025  14:18:59
 16   4  10   6  $12    0.010     2.7250   4280.36   0.0      2.70   4.7  25.07.2025  14:19:01
 16   4  11   7  $12    0.010     3.0706   6906.13   0.0      2.45   5.6  25.07.2025  14:19:03
 16   4  12   8  $12    0.010     2.9979   7534.42   0.0      8.45   6.5  25.07.2025  14:19:05
 16   4   5   1  $12    0.100     9.4212    921.44   0.0     12.08   0.8  25.07.2025  14:19:09
 16   4   6   2  $12    0.100    15.3835  33830.11   0.0     14.80   2.8  25.07.2025  14:19:11
 16   4   7   3  $12    0.010     9.5097   8525.50   0.0      9.04   3.7  25.07.2025  14:19:16
  1   4   2   3  $12    0.010    21.8769  13745.65   0.0      8.89   2.0  25.07.2025  14:19:18
  2   3   1   4  $12    0.010    21.8121  13704.92   0.0     12.75   0.8  25.07.2025  14:19:20
  1   2   3   4  $12    0.010    -3.1158   5873.13   0.0     36.64   1.6  25.07.2025  14:19:22
  3   4   1   2  $12    0.010    -3.1523   5941.92   0.1     33.85   3.0  25.07.2025  14:19:24
  5   8   6   7  $12    0.010    15.7955   9924.62   0.0      3.08   2.1  25.07.2025  14:19:26
  6   7   5   8  $12    0.010    15.7741   9911.17   0.0      0.58  55.3  25.07.2025  14:19:28
  5   6   7   8  $12    0.010    -2.7588   5200.22   0.1     12.67  16.6  25.07.2025  14:19:30
  7   8   5   6  $12    0.010    -2.6749   5042.02   0.0     19.97   0.2  25.07.2025  14:19:32
  9  12  10  11  $12    0.010    11.6292   7306.82   0.0      3.77   1.2  25.07.2025  14:19:34
 10  11   9  12  $12    0.010    11.6465   7317.74   0.0      3.41   1.9  25.07.2025  14:19:36
  9  10  11  12  $12    0.010    -2.0309   3828.20   0.0      6.31   2.6  25.07.2025  14:19:38
 11  12   9  10  $12    0.010    -2.0285   3823.72   0.0      5.45   3.9  25.07.2025  14:19:40
 13  16  14  15  $12    0.010     6.7086   4215.14   0.0     16.94   0.5  25.07.2025  14:19:42
 14  15  13  16  $12    0.010     6.6891   4202.88   0.0     14.81   1.1  25.07.2025  14:19:44
 13  14  15  16  $12    0.010    -6.6778  12587.28   0.0      5.45   2.5  25.07.2025  14:19:46
  1   9  10   2  $12    0.001    -3.1045  11171.61   0.0     14.39   6.3  25.07.2025  14:19:51
  1   9  11   3  $12    0.010   -11.6290   9963.69   0.0      9.41   1.4  25.07.2025  14:19:55
  1   9  12   4  $12    0.010    -7.7133  12897.63   0.0      8.12   2.4  25.07.2025  14:19:57
  2  10   9   1  $12    0.001    -3.0936  11132.54   0.0     19.62   2.9  25.07.2025  14:20:02
  2  10  11   3  $12    0.010   -19.2642   6932.32   0.0     13.71   0.7  25.07.2025  14:20:06
  2  10  12   4  $12    0.010   -10.1319   8680.98   0.0     11.00   0.3  25.07.2025  14:20:08
  3  11   9   1  $12    0.010   -11.6072   9945.04   0.0     10.47   0.4  25.07.2025  14:20:10
  3  11  10   2  $12    0.010   -19.2901   6941.64   0.0     13.92   1.7  25.07.2025  14:20:12
  3  11  12   4  $12    0.001    -2.3695   8526.89   0.0     19.51   3.5  25.07.2025  14:20:17
 12   4   9   1  $12    0.010     7.7702  12992.85   0.0      5.33   7.7  25.07.2025  14:20:21
 12   4  10   2  $12    0.010    10.1982   8737.79   0.0      5.15   3.9  25.07.2025  14:20:23
 12   4  11   3  $12    0.001     2.4184   8702.84   0.1      4.01   6.7  25.07.2025  14:20:28
 13   5  14   6  $12    0.001     2.7248   9805.47   0.0      5.83   2.8  25.07.2025  14:20:30
 13   5  15   7  $12    0.010    15.5681  13338.73   0.0      5.09   1.1  25.07.2025  14:20:34
 13   5  16   8  $12    0.010     7.9560  13303.46   0.0      3.58   4.4  25.07.2025  14:20:36
 14   6  13   5  $12    0.001     2.7204   9789.37   0.0      6.73   5.6  25.07.2025  14:20:41
 14   6  15   7  $12    0.001     2.8786  10358.65   0.0      1.46  58.5  25.07.2025  14:20:43
 14   6  16   8  $12    0.010    11.3405   9716.49   0.0      4.44   9.0  25.07.2025  14:20:47
 15   7  13   5  $12    0.010    15.5619  13333.37   0.0      5.38   1.4  25.07.2025  14:20:49
 15   7  14   6  $12    0.001     2.8817  10369.78   0.0      3.92   9.9  25.07.2025  14:20:54
 15   7  16   8  $12    0.001     2.2298   8023.90   0.1     -0.67 174.2  25.07.2025  14:20:56
 16   8  13   5  $12    0.010     7.9160  13236.67   0.0      7.93   0.2  25.07.2025  14:20:59
 16   8  14   6  $12    0.010    11.2602   9647.72   0.0      7.47   0.3  25.07.2025  14:21:01
 16   8  15   7  $12    0.010    22.0518   7935.46   0.0      6.88   0.4  25.07.2025  14:21:03
  1   2   5   6  $12    1.000     7.2023   1357.60   0.5     92.27   7.3  25.07.2025  14:21:09
  2   3   6   7  $12    0.100     3.4459   6495.32   0.0     -4.25   2.7  25.07.2025  14:21:14
  3   4   7   8  $12    1.000    13.0542   2460.67   0.0   -225.08   0.2  25.07.2025  14:21:18
  1   2   9  10  $12    1.000     0.5092    806.29   0.5   2154.61   3.2  25.07.2025  14:21:24
  2   3  10  11  $12    1.000    11.3445  17962.48   0.1     39.65   4.9  25.07.2025  14:21:25
  3   4  11  12  $12    1.000     3.4981   5538.78   0.0     -7.08   0.7  25.07.2025  14:21:27
  1   2  13  14  $12    1.000     8.9397  48193.94   0.0     37.27   2.7  25.07.2025  14:21:30
  2   3  14  15  $12    0.100     2.3864 128652.14   0.0     -0.91  14.3  25.07.2025  14:21:35
  3   4  15  16  $12    0.100     2.4870 134075.83   0.0      5.57   3.5  25.07.2025  14:21:37
  5   6   9  10  $12    1.000    13.8808   2616.47   0.0     19.00   0.1  25.07.2025  14:21:40
  6   7  10  11  $12    1.000    18.5987   3505.77   0.0      7.59   0.3  25.07.2025  14:21:43
  7   8  11  12  $12    1.000    17.0285   3209.81   0.0     26.01   3.1  25.07.2025  14:21:45
  5   6  13  14  $12    1.000     3.4724   5498.03   0.1     -1.78  33.2  25.07.2025  14:21:47
  6   7  14  15  $12    1.000     3.0694   4860.04   0.1     32.42   2.4  25.07.2025  14:21:49
  7   8  15  16  $12    1.000    10.6475  16858.86   0.1   -140.28   0.3  25.07.2025  14:21:51
  9  10  13  14  $12    1.000    12.3532   2328.53   0.0     -1.33  19.8  25.07.2025  14:21:53
 10  11  14  15  $12    1.000    11.2400   2118.69   0.0     20.89   0.4  25.07.2025  14:21:55
 11  12  15  16  $12    0.100     2.8651   5400.54   0.0     -1.54   5.6  25.07.2025  14:21:59
  1   2   6   7  $12    1.000     8.5724   3231.70   0.1     16.20   4.2  25.07.2025  14:22:03
  2   3   7   8  $12    0.100     4.2856  16156.37   0.0   -109.68   0.7  25.07.2025  14:22:08
  1   2   7   8  $12    1.000    -3.7580   2479.27   0.4  -1209.11   0.4  25.07.2025  14:22:12
  2   3   7   8  $12    0.100     4.2600  16059.90   0.0   -105.21   0.7  25.07.2025  14:22:17
  1   2  10  11  $12    1.000     1.7871   4042.38   0.2    363.80   0.9  25.07.2025  14:22:24
  2   3  11  12  $12    1.000     9.5889  21689.69   0.0     -7.00   2.5  25.07.2025  14:22:26
  1   2  11  12  $12    1.000     1.1543   3590.19   2.6    632.76  11.9  25.07.2025  14:22:36
  2   3  11  12  $12    1.000     9.5687  21643.95   0.0    -22.38   1.0  25.07.2025  14:22:38
  1   2  14  15  $12    1.000     5.8689  40267.71   0.0     29.46   0.8  25.07.2025  14:22:40
  2   3  15  16  $12    0.100     6.2069 425870.47   0.0     -1.72  12.0  25.07.2025  14:22:45
  1   2  15  16  $12    1.000    20.9660 179815.71   0.0    -91.03   0.6  25.07.2025  14:22:49
  2   3  15  16  $12    0.100     6.2128 426276.69   0.0     -1.48   8.4  25.07.2025  14:22:54
  5   6  10  11  $12    1.000    15.6801   5911.27   0.0      4.56   0.6  25.07.2025  14:22:58
  6   7  11  12  $12    1.000    16.3119   6149.44   0.0      5.49   1.1  25.07.2025  14:23:00
  5   6  11  12  $12    1.000    12.2410   8075.82   0.0      7.07   1.3  25.07.2025  14:23:02
  6   7  11  12  $12    1.000    16.3172   6151.42   0.0      5.18   0.8  25.07.2025  14:23:04
  5   6  14  15  $12    1.000     2.7223   6157.80   0.0     14.11   1.9  25.07.2025  14:23:06
  6   7  15  16  $12    1.000     8.9904  20335.86   0.0     -7.01   1.2  25.07.2025  14:23:08
  5   6  15  16  $12    1.000     7.7318  24047.19   0.0     -0.96  20.1  25.07.2025  14:23:10
  6   7  15  16  $12    1.000     8.9890  20332.63   0.0     -7.23   0.3  25.07.2025  14:23:12
  9  10  14  15  $12    1.000     7.3557   2773.03   0.0      9.04   0.6  25.07.2025  14:23:14
 10  11  15  16  $12    0.100     3.2384  12208.65   0.0      0.31  41.2  25.07.2025  14:23:19
  9  10  15  16  $12    1.000    18.4833  12194.07   0.0      6.66   0.5  25.07.2025  14:23:23
 10  11  15  16  $12    0.100     3.2394  12212.09   0.0      0.81  21.5  25.07.2025  14:23:27
