//C:\Users\user\Desktop\GeoTom\GeoTomE724.ini
//- Cable direction:
//  cable I: normal
//  cable II: normal
//  cable III: normal
//  cable IV: normal
//- Cable arrangement: sequential
//- Optimization: Last measurement
//- Sorting: Multi-level
//- Current levels: 0.001 mA .. 50.0 mA
Type:         Flow
Name:         Hyprop
Comment:      Example of a measurements sequence
Comment:      
Comment:      
Spacing:      1.00000
First El:     0.00000
Nr of points: 289
IP present:   1

  1   5   2   6  $12    0.001   117.2656 502364.72   0.0     11.79   0.8  28.06.2025  12:35:09
  1   5   3   7  $12    0.001    10.6546 200834.47   0.1    122.81   0.6  28.06.2025  12:35:11
  1   5   4   8  $12    0.001     4.1438  54676.57   0.1    127.86   0.4  28.06.2025  12:35:13
  1   5  14   2  $12    0.010    -3.4096   3056.76   0.0     -4.19   6.6  28.06.2025  12:35:17
  1   5  15   3  $12    0.100   -12.9631  28507.33   0.0     -9.97   2.7  28.06.2025  12:35:21
  1   5  16   4  $12    0.100    -4.2384    414.53   0.0    134.58   0.2  28.06.2025  12:35:23
  1   5  13   9  $12    0.100    14.3509  10820.29   0.1   -996.01   0.5  28.06.2025  12:35:25
  1   5  14  10  $12    0.010     2.8176  32363.81   0.0    116.18   0.4  28.06.2025  12:35:29
  1   5  15  11  $12    0.010     3.1918  52644.26   0.0    -49.54   0.8  28.06.2025  12:35:32
  1   5  16  12  $12    0.010     2.4519  55606.23   0.0     -7.19   5.0  28.06.2025  12:35:34
  1   5  10   6  $12    0.001   114.8947 1015178.63   0.0     16.95   0.3  28.06.2025  12:35:39
  1   5  11   7  $12    0.001    10.0055 235748.35   0.0    134.30   0.5  28.06.2025  12:35:41
  1   5  12   8  $12    0.001     3.8303 173729.78   0.0    134.08   0.8  28.06.2025  12:35:43
  2   6   1   5  $12    0.001   113.2913 485338.87   0.0     27.62   0.5  28.06.2025  12:35:45
  2   6   3   7  $12    0.001    17.5826  75323.59   0.0    149.54   0.0  28.06.2025  12:35:47
  2   6   4   8  $12    0.001     6.4985 122493.98   0.0    144.62   0.3  28.06.2025  12:35:50
  2   6  13   1  $12    0.010    -1.4202   1047.43   0.7   1927.84   0.3  28.06.2025  12:35:53
  2   6  15   3  $12    0.010    -5.4081   4848.40   0.0     21.37   3.3  28.06.2025  12:35:55
  2   6  16   4  $12    0.010    -2.2732  49990.11   0.0      2.08   8.3  28.06.2025  12:35:57
  2   6  13   9  $12    0.010     4.6572  21123.58   0.2   -544.98   1.3  28.06.2025  12:35:59
  2   6  14  10  $12    0.010     2.4537  18500.46   0.1    168.40   0.3  28.06.2025  12:36:01
  2   6  15  11  $12    0.010     3.0914  35508.68   0.0    -59.30   0.6  28.06.2025  12:36:03
  2   6  16  12  $12    0.010     2.5097  41393.71   0.0     -3.14  10.8  28.06.2025  12:36:06
  2   6   9   5  $12    0.001   110.0578 1452178.58   0.0     30.97   0.2  28.06.2025  12:36:11
  2   6  11   7  $12    0.001    16.8053 148486.76   0.0    153.84   0.0  28.06.2025  12:36:13
  2   6  12   8  $12    0.001     5.9896 141125.77   0.0    159.44   0.2  28.06.2025  12:36:15
  3   7   1   5  $12    0.001    10.2088 192431.76   0.1    119.76   0.5  28.06.2025  12:36:17
  3   7   2   6  $12    0.001    17.5462  75167.69   0.2    123.26   1.6  28.06.2025  12:36:19
  3   7   4   8  $12    0.001    11.9847  51342.25   0.0    169.13   0.0  28.06.2025  12:36:21
  3   7  13   1  $12    0.100    -9.0434   1420.54   0.0    184.13   0.7  28.06.2025  12:36:27
  3   7  14   2  $12    0.010    -5.5378   4084.16   0.0      8.86   0.9  28.06.2025  12:36:32
  3   7  16   4  $12    0.010    -5.1915   4654.22   0.0     15.01   1.0  28.06.2025  12:36:34
  3   7  13   9  $12    0.010     2.2040   5192.96   0.2    -94.71   7.9  28.06.2025  12:36:36
  3   7  14  10  $12    0.010     2.4304  11023.67   0.1      8.36   9.2  28.06.2025  12:36:38
  3   7  15  11  $12    0.010     2.5287  19066.08   0.0      5.21  10.2  28.06.2025  12:36:40
  3   7  16  12  $12    0.010     2.6239  30139.25   0.0      5.80   0.8  28.06.2025  12:36:42
  3   7   9   5  $12    0.001     8.2971 156396.36   0.1    148.42   0.7  28.06.2025  12:36:47
  3   7  10   6  $12    0.001    14.2951 188618.77   0.0    153.02   1.4  28.06.2025  12:36:49
  3   7  12   8  $12    0.001     9.5258  84167.80   0.1    206.98   0.1  28.06.2025  12:36:51
  4   8   1   5  $12    0.001     3.9805  52521.04   0.4    110.22   4.5  28.06.2025  12:36:53
  4   8   2   6  $12    0.001     5.9551 112251.17   0.2    118.26   4.4  28.06.2025  12:36:55
  4   8   3   7  $12    0.001     9.9434  42597.40   0.1    195.18   0.0  28.06.2025  12:36:57
  4   8  13   1  $12    0.100    -2.0418    459.23   0.9    628.56   1.0  28.06.2025  12:37:03
  4   8  14   2  $12    0.100   -21.3250   3349.72   0.0      5.31   1.2  28.06.2025  12:37:05
  4   8  15   3  $12    0.010    -5.2814   3895.06   0.0     14.59   1.6  28.06.2025  12:37:10
  4   8  13   9  $12    0.010     2.3388   2066.49   0.1    -59.28   6.3  28.06.2025  12:37:12
  4   8  14  10  $12    0.010     2.3647   5571.65   0.1     15.41   4.0  28.06.2025  12:37:14
  4   8  15  11  $12    0.010     2.7485  12466.11   0.0      4.14  26.2  28.06.2025  12:37:16
  4   8  16  12  $12    0.010     3.0135  22721.31   0.0      0.95  36.9  28.06.2025  12:37:18
  4   8   9   5  $12    0.001     3.1490  13490.14   0.5    140.40   2.9  28.06.2025  12:37:23
  4   8  10   6  $12    0.001     5.1241  96587.22   0.1    142.83   1.0  28.06.2025  12:37:25
  4   8  11   7  $12    0.001     8.7442 115377.18   0.1    219.56   0.5  28.06.2025  12:37:27
  5   9   6  10  $12    0.001   117.5806 503714.18   0.0     20.68   0.9  28.06.2025  12:37:30
  5   9   7  11  $12    0.001     9.5188 179425.05   0.0    150.29   0.1  28.06.2025  12:37:32
  5   9   8  12  $12    0.001     3.4698  45782.87   0.0    151.53   0.9  28.06.2025  12:37:34
  5   9   2   6  $12    0.001  -116.4303 1536262.15   0.0     24.14   0.8  28.06.2025  12:37:36
  5   9   3   7  $12    0.001    -9.3458 176164.98   0.0    154.58   0.1  28.06.2025  12:37:38
  5   9   4   8  $12    0.001    -3.3343  14284.13   0.0    162.83   0.5  28.06.2025  12:37:40
  5   9   1  13  $12    0.100     7.0190   1764.06   0.3  -2352.34   0.5  28.06.2025  12:37:46
  5   9   2  14  $12    0.100    16.5572   3723.87   0.0     -0.81   8.2  28.06.2025  12:37:48
  5   9   3  15  $12    0.100    15.7624   2475.95   0.0     19.58   0.1  28.06.2025  12:37:50
  5   9   4  16  $12    0.100    16.6683   1229.30   0.0     -9.50   0.4  28.06.2025  12:37:52
  5   9  14  10  $12    0.010     7.5084   6634.24   0.0    -22.56   0.7  28.06.2025  12:37:57
  5   9  15  11  $12    0.100     7.4095   1745.83   0.0     -7.78   7.6  28.06.2025  12:38:00
  5   9  16  12  $12    0.100    -0.4507    204.43   0.1   -133.37   0.9  28.06.2025  12:38:06
  6  10   5   9  $12    0.001   101.2096 433580.80   0.1     34.05   0.8  28.06.2025  12:38:14
  6  10   7  11  $12    0.001    13.8318  59255.36   0.1    174.64   0.4  28.06.2025  12:38:16
  6  10   8  12  $12    0.001     5.2606  99159.92   0.1    168.28   0.3  28.06.2025  12:38:18
  6  10   1   5  $12    0.001  -103.8667 917737.84   0.0     38.97   0.2  28.06.2025  12:38:21
  6  10   3   7  $12    0.001   -13.7855 181894.98   0.0    178.41   0.2  28.06.2025  12:38:23
  6  10   4   8  $12    0.001    -4.9621  93533.16   0.1    186.88   0.8  28.06.2025  12:38:25
  6  10   1  13  $12    0.010     3.4898   7848.87   0.5   -661.54   0.9  28.06.2025  12:38:29
  6  10   2  14  $12    0.100    18.0890   4546.26   0.0     -2.77   1.1  28.06.2025  12:38:33
  6  10   3  15  $12    0.100    18.6218   4188.21   0.0      4.55   4.1  28.06.2025  12:38:35
  6  10   4  16  $12    0.100    20.9723   3294.32   0.0     -7.11   0.4  28.06.2025  12:38:37
  6  10  13   9  $12    0.010     5.8156   7673.51   0.1    377.35   0.7  28.06.2025  12:38:42
  6  10  15  11  $12    0.010     5.3136   4694.96   0.1     26.30   1.1  28.06.2025  12:38:44
  6  10  16  12  $12    0.100    19.3421   4557.37   0.0      1.18   2.6  28.06.2025  12:38:48
  7  11   5   9  $12    0.001     7.8350 147687.09   0.1    138.59   0.6  28.06.2025  12:38:56
  7  11   6  10  $12    0.001    12.7977  54825.12   0.2    153.35   1.3  28.06.2025  12:38:58
  7  11   8  12  $12    0.001     9.5008  40701.34   0.0    195.53   0.2  28.06.2025  12:39:00
  7  11   1   5  $12    0.001    -7.8276 184432.83   0.2    157.63   0.9  28.06.2025  12:39:02
  7  11   2   6  $12    0.001   -12.4043 109601.35   0.0    163.06   0.8  28.06.2025  12:39:04
  7  11   4   8  $12    0.001    -8.6115 113626.48   0.1    223.95   0.2  28.06.2025  12:39:06
  7  11   1  13  $12    0.100    21.0759   3310.60   0.0   -108.29   0.2  28.06.2025  12:39:12
  7  11   2  14  $12    0.100    19.5876   4405.44   0.0      7.54   1.2  28.06.2025  12:39:14
  7  11   3  15  $12    0.010     2.4033   6040.17   0.1     -1.86  44.1  28.06.2025  12:39:19
  7  11   4  16  $12    0.010     2.7338   6148.62   0.0     -2.89   8.2  28.06.2025  12:39:21
  7  11  13   9  $12    0.100    10.7812   2032.22   0.1    219.09   0.7  28.06.2025  12:39:25
  7  11  14  10  $12    0.010     6.0334   7960.84   0.0     -0.08 285.9  28.06.2025  12:39:30
  7  11  16  12  $12    0.010     8.0350   7099.52   0.0      4.71   0.4  28.06.2025  12:39:32
  8  12   5   9  $12    0.001     3.3028  43579.77   0.0    119.63   5.9  28.06.2025  12:39:37
  8  12   6  10  $12    0.001     5.3021  99941.70   0.1    143.35   1.0  28.06.2025  12:39:39
  8  12   7  11  $12    0.001     9.0098  38597.89   0.1    196.23   1.1  28.06.2025  12:39:41
  8  12   1   5  $12    0.001    -3.0596 138773.65   0.3    151.24   2.8  28.06.2025  12:39:43
  8  12   2   6  $12    0.001    -4.8550 114392.88   0.3    170.07   2.5  28.06.2025  12:39:45
  8  12   3   7  $12    0.001    -8.0970  71542.65   0.0    240.65   0.2  28.06.2025  12:39:47
  8  12   1  13  $12    0.010     2.0102   1482.52   0.4   -137.65   2.0  28.06.2025  12:39:51
  8  12   2  14  $12    0.100    18.2685   2869.61   0.0      7.11   1.8  28.06.2025  12:39:55
  8  12   3  15  $12    0.010     2.3252   5229.69   0.0      2.73  20.0  28.06.2025  12:40:00
  8  12  16   4  $12    0.010    -2.6934   6769.26   0.1      7.11  10.9  28.06.2025  12:40:02
  8  12   9  13  $12    0.100    -1.6732     71.68   0.3   1111.67   0.2  28.06.2025  12:40:08
  8  12  10  14  $12    0.010    -2.4142   4550.65   0.1      3.02  39.2  28.06.2025  12:40:13
  8  12  11  15  $12    0.010    -8.1566  10762.37   0.0      5.20   6.1  28.06.2025  12:40:15
  9  13  10  14  $12    0.010    23.0564   9877.34   0.1     45.52   1.0  28.06.2025  12:40:17
  9  13  11  15  $12    0.010     6.4515  12160.81   0.0     23.85   0.9  28.06.2025  12:40:19
  9  13  12  16  $12    0.010     3.2384   4272.94   0.1      7.06  18.6  28.06.2025  12:40:22
  9  13   6  10  $12    0.010    -6.2690   8271.70   0.2    220.06   1.5  28.06.2025  12:40:24
  9  13   7  11  $12    0.100   -12.7604   2405.27   0.0     48.38   1.0  28.06.2025  12:40:27
  9  13   8  12  $12    0.100    -4.3878    187.97   0.1    159.00   0.9  28.06.2025  12:40:29
  9  13   5   1  $12    0.010     3.5411  26699.45   0.4   -219.57   1.8  28.06.2025  12:40:34
  9  13   6   2  $12    0.010     2.7922  12664.44   0.3   -616.20   1.2  28.06.2025  12:40:36
  9  13   7   3  $12    0.010     2.0183   4755.45   0.2    -71.97   1.4  28.06.2025  12:40:38
  9  13   8   4  $12    0.100    19.1645   1693.32   0.0    -39.66   0.0  28.06.2025  12:40:42
  9  13   2  14  $12    0.010     8.5056   6272.95   0.2     21.38   7.0  28.06.2025  12:40:47
  9  13   3  15  $12    0.010     2.6458   4156.01   0.2     59.93   1.4  28.06.2025  12:40:49
  9  13   4  16  $12    0.100     7.9708   1792.71   0.0    -14.98   0.4  28.06.2025  12:40:53
 10  14   9  13  $12    0.010    20.9280   8965.52   0.5     57.72   2.3  28.06.2025  12:40:58
 10  14  11  15  $12    0.001     3.0925  13248.31   0.0    -12.97   3.2  28.06.2025  12:41:03
 10  14  12  16  $12    0.010     7.6917  14498.56   0.0      3.49   1.7  28.06.2025  12:41:06
 10  14   5   9  $12    0.010    -7.2878   6439.32   0.1    -18.23   6.6  28.06.2025  12:41:08
 10  14   7  11  $12    0.010    -6.0324   7959.54   0.0      6.67  11.4  28.06.2025  12:41:10
 10  14   8  12  $12    0.010    -2.4109   4544.47   0.0     -3.64   5.7  28.06.2025  12:41:12
 10  14   5   1  $12    0.010     2.9631  34035.55   0.4    106.26   9.4  28.06.2025  12:41:14
 10  14   6   2  $12    0.010     2.5287  19065.68   0.1    144.48   5.4  28.06.2025  12:41:16
 10  14   7   3  $12    0.010     2.4311  11026.71   0.0     15.36   4.3  28.06.2025  12:41:19
 10  14   8   4  $12    0.010     2.3913   5634.39   0.0     13.46   2.4  28.06.2025  12:41:21
 10  14   1  13  $12    0.010    14.8569  13319.27   0.1    123.12   1.0  28.06.2025  12:41:23
 10  14   3  15  $12    0.010    22.1380  16326.92   0.0    -18.34   0.3  28.06.2025  12:41:25
 10  14   4  16  $12    0.010     2.8924   4543.43   0.0     -0.82  16.8  28.06.2025  12:41:27
 11  15   9  13  $12    0.010     7.1240  13428.42   0.1     35.10   3.6  28.06.2025  12:41:29
 11  15  10  14  $12    0.001     3.1260  13391.83   0.0    -13.29   5.8  28.06.2025  12:41:34
 11  15  12  16  $12    0.010    18.4577   7907.28   0.0     15.16   0.5  28.06.2025  12:41:38
 11  15   5   9  $12    0.100    -3.5795    843.41   0.2    495.67   0.2  28.06.2025  12:41:41
 11  15   6  10  $12    0.010    -5.1783   4575.38   0.1     51.13   5.0  28.06.2025  12:41:46
 11  15   8  12  $12    0.010    -8.0847  10667.55   0.0      9.55   2.4  28.06.2025  12:41:48
 11  15   5   1  $12    0.010     3.1207  51470.92   0.2    -44.47  10.5  28.06.2025  12:41:50
 11  15   6   2  $12    0.010     3.1410  36079.32   0.2    -72.82   3.6  28.06.2025  12:41:52
 11  15   7   3  $12    0.010     2.6402  19906.73   0.0      0.19 771.6  28.06.2025  12:41:54
 11  15   8   4  $12    0.010     2.7926  12666.25   0.1     -4.35   7.0  28.06.2025  12:41:56
 11  15   1  13  $12    0.010     3.7203  81813.46   0.3     41.76  16.2  28.06.2025  12:41:58
 11  15   2  14  $12    0.001     2.3296  20885.22   0.0    -17.40   0.9  28.06.2025  12:42:03
 11  15   4  16  $12    0.010     7.5428   5562.89   0.0     28.55   0.5  28.06.2025  12:42:07
 12  16   9  13  $12    0.010     3.3166   4376.16   0.0     14.22  10.3  28.06.2025  12:42:09
 12  16  10  14  $12    0.010     7.7473  14603.33   0.0      3.49  14.6  28.06.2025  12:42:11
 12  16  11  15  $12    0.010    18.5739   7957.05   0.0     15.50   0.5  28.06.2025  12:42:13
 12  16   5   9  $12    1.000     2.0180     91.53   0.0   1075.54   0.1  28.06.2025  12:42:19
 12  16   6  10  $12    0.100   -19.3318   4554.94   0.0     -3.08   6.8  28.06.2025  12:42:24
 12  16   7  11  $12    0.010    -7.9302   7006.87   0.0      5.11   5.5  28.06.2025  12:42:29
 12  16   5   1  $12    0.010     2.5006  56708.89   0.2    -22.16  11.5  28.06.2025  12:42:31
 12  16   6   2  $12    0.010     2.5529  42106.29   0.3      3.04 171.2  28.06.2025  12:42:33
 12  16   7   3  $12    0.010     2.7220  31265.61   0.0      5.37  16.7  28.06.2025  12:42:35
 12  16   8   4  $12    0.010     3.0852  23261.88   0.0      5.78  34.2  28.06.2025  12:42:37
 12  16  13   1  $12    0.100    -9.1265    892.62   0.1     57.56   1.5  28.06.2025  12:42:41
 12  16  14   2  $12    0.010    -3.2180  70767.53   0.0      7.68   4.5  28.06.2025  12:42:46
 12  16  15   3  $12    0.010    -7.9674   7142.78   0.0     37.72   0.3  28.06.2025  12:42:48
 13   1  14   2  $12    0.010    16.6178   5698.87   0.0     64.29   0.1  28.06.2025  12:42:50
 13   1  15   3  $12    0.010     5.8708   4451.96   0.0     30.58   0.6  28.06.2025  12:42:52
 13   1  16   4  $12    0.010     3.0235   3885.73   0.0     -3.35   8.3  28.06.2025  12:42:54
 13   1  10  14  $12    0.010   -10.7915   9674.64   0.0     87.16   0.0  28.06.2025  12:42:56
 13   1  11  15  $12    0.010    -2.7608  60712.50   0.0     88.49   1.9  28.06.2025  12:42:58
 13   1  12  16  $12    0.100    -7.5385    737.30   0.0      7.28   2.1  28.06.2025  12:43:02
 13   1   9   5  $12    0.010     2.4429   6139.69   0.8   -337.28   4.7  28.06.2025  12:43:07
 13   1  10   6  $12    0.010     2.0645   4643.30   0.6   -839.55   2.3  28.06.2025  12:43:09
 13   1  11   7  $12    0.100    18.2676   2869.46   0.0    -69.89   0.9  28.06.2025  12:43:13
 13   1  12   8  $12    0.100    16.1562   1191.54   0.0    -59.91   0.2  28.06.2025  12:43:15
 13   1   6   2  $12    0.010     2.9484   2174.48   0.7    282.05   4.9  28.06.2025  12:43:20
 13   1   7   3  $12    0.100    12.4938   1962.53   0.0     58.70   0.5  28.06.2025  12:43:24
 13   1   8   4  $12    0.100     6.0947   1370.77   0.0    116.64   0.1  28.06.2025  12:43:26
 14   2  13   1  $12    0.010    13.0071   4460.63   0.0      2.80  12.5  28.06.2025  12:43:31
 14   2  15   3  $12    0.001     3.0649  10510.56   0.0    -14.66   0.4  28.06.2025  12:43:36
 14   2  16   4  $12    0.010     7.2574   5503.42   0.0      1.92   1.7  28.06.2025  12:43:40
 14   2   9  13  $12    0.010   -12.8575   9482.49   0.2    124.40   0.0  28.06.2025  12:43:42
 14   2  11  15  $12    0.010   -22.5954  20256.86   0.0    -14.98   0.6  28.06.2025  12:43:44
 14   2  12  16  $12    0.010    -3.2139  70678.35   0.0      8.57   1.7  28.06.2025  12:43:46
 14   2   9   5  $12    0.100    16.2646   3658.07   0.2     33.55   1.3  28.06.2025  12:43:49
 14   2  10   6  $12    0.100    17.2160   4326.86   0.0     49.51   0.8  28.06.2025  12:43:51
 14   2  11   7  $12    0.100    19.3377   4349.24   0.0      2.49   8.5  28.06.2025  12:43:53
 14   2  12   8  $12    0.100    18.1822   2856.06   0.0      4.31   0.0  28.06.2025  12:43:55
 14   2   5   1  $12    0.010     3.4630   3104.59   0.1    -26.69   3.9  28.06.2025  12:44:00
 14   2   7   3  $12    0.010     5.6375   4157.70   0.0     -2.08  25.4  28.06.2025  12:44:02
 14   2   8   4  $12    0.010     2.1999   3455.60   0.0     -5.65  26.1  28.06.2025  12:44:04
 15   3  13   1  $12    0.010     6.5211   4945.08   0.1     32.85   3.6  28.06.2025  12:44:06
 15   3  14   2  $12    0.001     3.0676  10519.94   0.0     -9.17   2.6  28.06.2025  12:44:11
 15   3  16   4  $12    0.010    15.4283   5290.93   0.0     20.49   0.1  28.06.2025  12:44:15
 15   3   9  13  $12    0.010    -3.7118   5830.52   0.2     61.86   3.5  28.06.2025  12:44:17
 15   3  10  14  $12    0.010   -22.8892  16880.97   0.0     -7.57   2.4  28.06.2025  12:44:19
 15   3  12  16  $12    0.010    -7.7598   6956.66   0.0     32.05   0.2  28.06.2025  12:44:21
 15   3   9   5  $12    0.100    19.1529   3008.54   0.0    -67.80   1.7  28.06.2025  12:44:25
 15   3  10   6  $12    0.010     2.1506   4836.95   0.1    -47.46  16.9  28.06.2025  12:44:30
 15   3  11   7  $12    0.010     2.3812   5984.73   0.1      2.33  49.9  28.06.2025  12:44:32
 15   3  12   8  $12    0.010     2.2956   5163.01   0.0      2.03  70.1  28.06.2025  12:44:34
 15   3   5   1  $12    0.100     9.5765  21059.76   0.1    158.79   2.6  28.06.2025  12:44:38
 15   3   6   2  $12    0.010     5.4982   4929.16   0.1     25.62  20.9  28.06.2025  12:44:43
 15   3   8   4  $12    0.010     5.3675   3958.55   0.0     10.17   6.5  28.06.2025  12:44:45
 16   4  13   1  $12    0.010     3.1546   4054.34   0.5    -12.22   9.5  28.06.2025  12:44:47
 16   4  14   2  $12    0.010     7.2392   5489.58   0.0      0.79  87.2  28.06.2025  12:44:49
 16   4  15   3  $12    0.010    15.6030   5350.85   0.0     18.24   0.1  28.06.2025  12:44:51
 16   4   9  13  $12    0.100    -8.9846   2020.71   0.1     13.16   6.7  28.06.2025  12:44:55
 16   4  10  14  $12    0.010    -2.8448   4468.58   0.0     11.31   3.5  28.06.2025  12:45:00
 16   4  11  15  $12    0.010    -7.6155   5616.46   0.0     36.29   0.4  28.06.2025  12:45:02
 16   4   9   5  $12    0.100    15.8760   1170.87   0.0     29.44   4.7  28.06.2025  12:45:05
 16   4  10   6  $12    0.100    20.4648   3214.60   0.0     32.45   3.5  28.06.2025  12:45:07
 16   4  11   7  $12    0.010     2.7166   6109.87   0.0      0.61 375.8  28.06.2025  12:45:12
 16   4  12   8  $12    0.010     2.7131   6818.82   0.1     -1.20  47.3  28.06.2025  12:45:14
 16   4   5   1  $12    0.100     6.1243    598.98   0.3   -100.36   6.7  28.06.2025  12:45:18
 16   4   6   2  $12    0.010     2.4021  52825.68   0.6    -31.60   0.6  28.06.2025  12:45:23
 16   4   7   3  $12    0.010     5.2562   4712.22   0.0      4.91  24.7  28.06.2025  12:45:25
  1   4   2   3  $12    0.010     5.8272   3661.35   0.0      3.73   3.5  28.06.2025  12:45:27
  2   3   1   4  $12    0.010     5.8237   3659.16   0.0      6.67   1.0  28.06.2025  12:45:30
  1   2   3   4  $12    0.010    -2.6289   4955.43   0.0      9.65   1.7  28.06.2025  12:45:32
  3   4   1   2  $12    0.010    -2.6398   4975.97   0.0     10.33   1.6  28.06.2025  12:45:34
  5   8   6   7  $12    0.001   109.2889 686682.59   0.0     27.30   0.5  28.06.2025  12:45:39
  6   7   5   8  $12    0.001   107.6095 676130.67   0.0     28.43   0.4  28.06.2025  12:45:42
  5   6   7   8  $12    0.001    -4.4652  84166.94   0.0    169.39   0.7  28.06.2025  12:45:44
  7   8   5   6  $12    0.001    -4.5593  85941.66   0.1    153.20   0.4  28.06.2025  12:45:46
  9  12  10  11  $12    0.010    13.2271   8310.81   0.0     15.86   1.4  28.06.2025  12:45:49
 10  11   9  12  $12    0.010    13.1308   8250.32   0.0     12.88   1.7  28.06.2025  12:45:52
  9  10  11  12  $12    0.010    -2.6046   4909.56   0.0     17.42   2.0  28.06.2025  12:45:54
 11  12   9  10  $12    0.010    -2.6388   4974.00   0.0     10.91   2.3  28.06.2025  12:45:56
 13  16  14  15  $12    0.010    13.9017   8734.70   0.0     85.99   0.1  28.06.2025  12:45:58
 14  15  13  16  $12    0.010    16.5517  10399.75   0.3     92.30   0.7  28.06.2025  12:46:00
 13  14  15  16  $12    0.010   -17.3168  32641.37   0.0    -24.28   1.2  28.06.2025  12:46:02
  1   9  10   2  $12    0.010   -15.3308   5516.88   0.0     14.75   0.8  28.06.2025  12:46:04
  1   9  11   3  $12    0.010    -6.3975   5481.39   0.0      6.96   1.2  28.06.2025  12:46:06
  1   9  12   4  $12    0.010    -4.5563   7618.83   0.0     10.06   0.3  28.06.2025  12:46:08
  2  10   9   1  $12    0.010   -15.2229   5478.06   0.0     14.87   0.8  28.06.2025  12:46:10
  2  10  11   3  $12    0.010   -15.9382   5735.45   0.0      8.33   0.5  28.06.2025  12:46:12
  2  10  12   4  $12    0.010    -8.7495   7496.52   0.0      9.12   0.5  28.06.2025  12:46:14
  3  11   9   1  $12    0.010    -6.4148   5496.15   0.0      4.46   3.7  28.06.2025  12:46:16
  3  11  10   2  $12    0.010   -16.0411   5772.46   0.0      5.55   1.4  28.06.2025  12:46:18
  3  11  12   4  $12    0.010   -18.5583   6678.32   0.0      7.15   1.5  28.06.2025  12:46:20
 12   4   9   1  $12    0.010     4.6253   7734.19   0.0     -1.43  39.5  28.06.2025  12:46:22
 12   4  10   2  $12    0.010     8.8465   7579.70   0.0      2.18  33.2  28.06.2025  12:46:24
 12   4  11   3  $12    0.010    18.5938   6691.08   0.0      5.45   0.9  28.06.2025  12:46:26
 13   5  14   6  $12    0.001   116.7475 420121.87   0.0     21.74   0.8  28.06.2025  12:46:32
 13   5  15   7  $12    0.001    10.8973  93367.74   0.0    126.28   0.0  28.06.2025  12:46:34
 13   5  16   8  $12    0.001     3.9511  66067.95   0.1    136.91   1.0  28.06.2025  12:46:36
 14   6  13   5  $12    0.001   115.7615 416573.81   0.0     30.70   0.2  28.06.2025  12:46:38
 14   6  15   7  $12    0.001    19.3722  69711.78   0.0    141.28   0.3  28.06.2025  12:46:40
 14   6  16   8  $12    0.001     6.1388  52597.05   0.0    163.72   0.7  28.06.2025  12:46:42
 15   7  13   5  $12    0.001    10.8778  93200.66   0.0    105.35   0.9  28.06.2025  12:46:44
 15   7  14   6  $12    0.001    19.2762  69366.37   0.0    110.65   0.3  28.06.2025  12:46:46
 15   7  16   8  $12    0.001    11.1611  40163.88   0.0    186.54   0.0  28.06.2025  12:46:48
 16   8  13   5  $12    0.001     3.8531  64428.77   0.3    130.33   2.2  28.06.2025  12:46:50
 16   8  14   6  $12    0.001     5.9610  51073.89   0.0    127.40   2.6  28.06.2025  12:46:52
 16   8  15   7  $12    0.001    10.6743  38412.09   0.1    200.82   0.1  28.06.2025  12:46:54
  1   2   5   6  $12    0.100     4.4476   8383.47   0.1     27.30   3.4  28.06.2025  12:47:00
  2   3   6   7  $12    1.000     2.3777    448.18   0.2   2673.49   0.2  28.06.2025  12:47:23
  3   4   7   8  $12    1.000     5.3123   1001.34   0.0    -14.91   1.6  28.06.2025  12:47:25
  1   2   9  10  $12    1.000     7.1472  11316.67   0.0    -14.36   1.2  28.06.2025  12:47:27
  2   3  10  11  $12    1.000     5.0662   8021.66   0.0    172.58   0.1  28.06.2025  12:47:29
  3   4  11  12  $12    1.000     2.2085   3496.85   0.0     -6.07   1.4  28.06.2025  12:47:31
  1   2  13  14  $12    0.100     3.4081 183731.24   0.1      9.68  10.9  28.06.2025  12:47:36
  2   3  14  15  $12    1.000    12.9823  69987.18   0.0     -8.01   2.2  28.06.2025  12:47:40
  3   4  15  16  $12    1.000    10.8589  58540.00   0.0    -20.65   1.4  28.06.2025  12:47:42
  5   6   9  10  $12    0.100     9.8396  18547.15   0.0     63.90   0.0  28.06.2025  12:47:47
  6   7  10  11  $12    0.100     1.7105   3224.16   0.7   1473.00   0.5  28.06.2025  12:47:49
  7   8  11  12  $12    1.000    13.0760   2464.77   0.0     -6.44   3.2  28.06.2025  12:47:53
  5   6  13  14  $12    0.100    18.3808 291034.40   0.0    265.14   0.2  28.06.2025  12:47:59
  6   7  14  15  $12    0.100     0.3970   6285.93   0.8      3.86  71.1  28.06.2025  12:48:12
  7   8  15  16  $12    1.000     3.3765   5346.15   0.1    -27.19  17.0  28.06.2025  12:48:16
  9  10  13  14  $12    0.100     8.6427  16291.04   0.0     79.86   1.0  28.06.2025  12:48:21
 10  11  14  15  $12    0.100     3.1570   5950.73   0.0    -17.10   1.7  28.06.2025  12:48:23
 11  12  15  16  $12    1.000     6.5352   1231.86   0.0     13.00   4.2  28.06.2025  12:48:27
  1   2   6   7  $12    0.100     2.7325  10301.43   0.6     64.77  16.0  28.06.2025  12:48:32
  2   3   7   8  $12    1.000     5.1236   1931.53   0.0    -54.53   0.6  28.06.2025  12:48:36
  1   2   7   8  $12    1.000     7.1122   4692.15   0.0    -13.06   1.7  28.06.2025  12:48:38
  2   3   7   8  $12    1.000     5.1026   1923.64   0.0    -55.82   0.1  28.06.2025  12:48:40
  1   2  10  11  $12    1.000     9.3507  21150.72   0.0     23.25   0.6  28.06.2025  12:48:42
  2   3  11  12  $12    1.000     2.3116   5228.73   0.0     -2.58   1.0  28.06.2025  12:48:44
  1   2  11  12  $12    1.000     3.4723  10799.53   0.0     -5.05   5.3  28.06.2025  12:48:46
  2   3  11  12  $12    1.000     2.3179   5242.98   0.0     -6.30   1.7  28.06.2025  12:48:48
  1   2  14  15  $12    1.000    17.4602 119798.29   0.0     12.89   0.4  28.06.2025  12:48:50
  2   3  15  16  $12    1.000    10.4205  71497.70   0.0      7.55   2.9  28.06.2025  12:48:52
  1   2  15  16  $12    1.000    13.5174 115932.82   0.0    -22.45   1.3  28.06.2025  12:48:54
  2   3  15  16  $12    1.000    10.4317  71574.63   0.0      7.06   2.6  28.06.2025  12:48:56
  5   6  10  11  $12    0.100    -0.1613    608.16   1.0  -2304.19   0.8  28.06.2025  12:49:02
  6   7  11  12  $12    0.100     1.6448   6200.75   0.0     -5.34  10.2  28.06.2025  12:49:07
  5   6  11  12  $12    0.100     1.1613   7661.70   0.0     -8.37   6.2  28.06.2025  12:49:12
  6   7  11  12  $12    0.100     1.6445   6199.61   0.0     -0.17 157.0  28.06.2025  12:49:17
  5   6  14  15  $12    0.100     0.6606  14943.20   0.4   -176.59   2.8  28.06.2025  12:49:23
  6   7  15  16  $12    0.100    -0.4058   9178.29   0.0  -1100.04   0.4  28.06.2025  12:49:28
  5   6  15  16  $12    0.100    -0.6882  21403.71   0.6   -339.00   1.7  28.06.2025  12:49:33
  6   7  15  16  $12    0.100    -0.4703  10638.60   0.4   -992.11   0.2  28.06.2025  12:49:38
  9  10  14  15  $12    1.000    14.6639   5528.16   0.3     63.14   4.1  28.06.2025  12:49:42
 10  11  15  16  $12    0.100     1.7233   6496.84   0.0     62.66   5.3  28.06.2025  12:49:47
  9  10  15  16  $12    1.000    14.4914   9560.46   0.0    -65.58   1.2  28.06.2025  12:49:51
 10  11  15  16  $12    0.100     1.7857   6731.81   0.0     63.22   4.4  28.06.2025  12:49:56
