//C:\Users\user\Desktop\GeoTom\GeoTomE724.ini
//- Cable direction:
//  cable I: normal
//  cable II: normal
//  cable III: normal
//  cable IV: normal
//- Cable arrangement: sequential
//- Optimization: Last measurement
//- Sorting: Multi-level
//- Current levels: 0.001 mA .. 50.0 mA
Type:         Flow
Name:         Hyprop
Comment:      Example of a measurements sequence
Comment:      
Comment:      
Spacing:      1.00000
First El:     0.00000
Nr of points: 289
IP present:   1

  1   5   2   6  $12    0.001   172.8823 740625.84   0.0     10.84   0.2  29.06.2025  17:35:09
  1   5   3   7  $12    0.001    17.1131 322573.72   0.0     74.28   0.2  29.06.2025  17:35:11
  1   5   4   8  $12    0.001     4.4215  58339.88   0.0    167.05   0.1  29.06.2025  17:35:13
  1   5  14   2  $12    0.010    -4.0077   3592.90   0.0     19.33   2.0  29.06.2025  17:35:17
  1   5  15   3  $12    0.100   -18.5131  40712.51   0.1    -90.52   1.7  29.06.2025  17:35:21
  1   5  16   4  $12    0.100     4.8047    469.92   5.9  -2291.66   3.1  29.06.2025  17:35:27
  1   5  13   9  $12    0.010     5.4369  40992.88   0.0     63.73   0.5  29.06.2025  17:35:32
  1   5  14  10  $12    0.010     1.8177  20878.69   0.1    402.54   0.2  29.06.2025  17:35:36
  1   5  15  11  $12    0.010     4.2979  70887.19   0.0     52.74   0.3  29.06.2025  17:35:38
  1   5  16  12  $12    0.010     3.9121  88720.87   0.0     -2.18   5.9  29.06.2025  17:35:40
  1   5  10   6  $12    0.001   173.4365 1532438.03   0.0     -1.07   9.6  29.06.2025  17:35:46
  1   5  11   7  $12    0.001    16.4152 386773.83   0.0     72.05   0.5  29.06.2025  17:35:48
  1   5  12   8  $12    0.001     4.0611 184196.94   0.0    170.76   0.0  29.06.2025  17:35:50
  2   6   1   5  $12    0.001   171.6719 735440.62   0.0      4.33   0.3  29.06.2025  17:35:52
  2   6   3   7  $12    0.001    32.5507 139446.89   0.0     68.00   0.2  29.06.2025  17:35:55
  2   6   4   8  $12    0.001     7.9124 149144.79   0.0    152.27   0.0  29.06.2025  17:35:57
  2   6  13   1  $12    0.010    -1.2366    911.99   0.4   -232.72   1.0  29.06.2025  17:36:03
  2   6  15   3  $12    0.010    -9.5967   8603.48   0.0    -25.02   1.1  29.06.2025  17:36:05
  2   6  16   4  $12    0.010    -2.3697  52112.23   0.0     88.16   0.3  29.06.2025  17:36:07
  2   6  13   9  $12    0.010     4.2126  19106.95   0.0    132.58   1.7  29.06.2025  17:36:09
  2   6  14  10  $12    0.010    -1.5923  12005.36   0.4  -1037.34   0.9  29.06.2025  17:36:13
  2   6  15  11  $12    0.010     4.0635  46674.96   0.0    112.47   0.6  29.06.2025  17:36:15
  2   6  16  12  $12    0.010     3.9424  65023.58   0.0     -6.73   1.1  29.06.2025  17:36:17
  2   6   9   5  $12    0.001   172.1787 2271843.83   0.0     -3.46   4.0  29.06.2025  17:36:23
  2   6  11   7  $12    0.001    31.0479 274331.22   0.0     68.37   0.0  29.06.2025  17:36:25
  2   6  12   8  $12    0.001     7.2596 171049.35   0.0    166.17   0.1  29.06.2025  17:36:27
  3   7   1   5  $12    0.001    16.2268 305867.45   0.0     67.82   0.6  29.06.2025  17:36:29
  3   7   2   6  $12    0.001    31.5420 135125.60   0.0     68.30   0.2  29.06.2025  17:36:32
  3   7   4   8  $12    0.001    10.8351  46417.44   0.0    180.66   0.2  29.06.2025  17:36:34
  3   7  13   1  $12    0.100   -12.0045   1885.67   0.3    -58.64   3.4  29.06.2025  17:36:39
  3   7  14   2  $12    0.010    -8.9628   6610.15   0.0     20.53   1.7  29.06.2025  17:36:44
  3   7  16   4  $12    0.010    -7.3755   6612.16   0.0     21.37   0.1  29.06.2025  17:36:46
  3   7  13   9  $12    0.010     2.3848   5619.08   0.2    -49.97   1.2  29.06.2025  17:36:48
  3   7  14  10  $12    0.010     2.4636  11174.14   0.1    168.48   1.0  29.06.2025  17:36:50
  3   7  15  11  $12    0.010     3.0616  23084.27   0.0      7.45   3.7  29.06.2025  17:36:52
  3   7  16  12  $12    0.010     3.4594  39735.98   0.0      6.56   1.0  29.06.2025  17:36:54
  3   7   9   5  $12    0.001    13.4015 252613.22   0.1     71.69   0.7  29.06.2025  17:36:59
  3   7  10   6  $12    0.001    25.9130 341914.35   0.1     77.49   0.3  29.06.2025  17:37:02
  3   7  12   8  $12    0.001     8.5047  75145.51   0.0    203.16   0.0  29.06.2025  17:37:04
  4   8   1   5  $12    0.001     4.4974  59341.19   0.1     91.02   0.6  29.06.2025  17:37:06
  4   8   2   6  $12    0.001     7.8511 147989.10   0.0    100.01   0.7  29.06.2025  17:37:08
  4   8   3   7  $12    0.001    10.2944  44101.16   0.0    133.49   0.3  29.06.2025  17:37:10
  4   8  13   1  $12    0.100    -8.0946   1820.55   0.1   -130.12   1.0  29.06.2025  17:37:15
  4   8  14   2  $12    0.010    -2.6801   4209.88   0.0     19.91   1.9  29.06.2025  17:37:20
  4   8  15   3  $12    0.010    -7.6688   5655.78   0.0     14.95   0.9  29.06.2025  17:37:22
  4   8  13   9  $12    0.010     2.2605   1997.35   0.1     21.38  13.5  29.06.2025  17:37:24
  4   8  14  10  $12    0.010     2.8592   6736.82   0.2    -12.91  20.5  29.06.2025  17:37:26
  4   8  15  11  $12    0.010     3.1105  14108.02   0.0     11.02   4.7  29.06.2025  17:37:29
  4   8  16  12  $12    0.010     3.7384  28186.62   0.0      3.03   5.7  29.06.2025  17:37:31
  4   8   9   5  $12    0.001     3.7755  16174.08   0.1    127.98   0.4  29.06.2025  17:37:35
  4   8  10   6  $12    0.001     6.7555 127337.37   0.4    118.61   0.5  29.06.2025  17:37:37
  4   8  11   7  $12    0.001     8.7914 116000.20   0.1    165.06   0.2  29.06.2025  17:37:40
  5   9   6  10  $12    0.001   175.2124 750607.97   0.0     -1.90   4.4  29.06.2025  17:37:42
  5   9   7  11  $12    0.001    15.6999 295936.73   0.0     73.30   0.3  29.06.2025  17:37:44
  5   9   8  12  $12    0.001     4.1447  54687.77   0.0    150.47   0.2  29.06.2025  17:37:46
  5   9   2   6  $12    0.001  -172.6098 2277533.13   0.0      1.30   3.8  29.06.2025  17:37:49
  5   9   3   7  $12    0.001   -15.5448 293012.83   0.0     76.44   0.2  29.06.2025  17:37:51
  5   9   4   8  $12    0.001    -4.0388  17302.28   0.0    164.23   0.2  29.06.2025  17:37:53
  5   9   1  13  $12    0.010     6.3636  15993.40   0.0     55.11   1.1  29.06.2025  17:37:56
  5   9   2  14  $12    0.010     2.2175   4987.27   0.3     -0.52  94.9  29.06.2025  17:37:58
  5   9   3  15  $12    0.100    18.5614   2915.62   0.4    -29.36  19.8  29.06.2025  17:38:02
  5   9   4  16  $12    0.010     2.3039   1699.13   0.0    -23.68   1.0  29.06.2025  17:38:07
  5   9  14  10  $12    0.010    17.4897  15453.38   0.0    -21.35   0.9  29.06.2025  17:38:09
  5   9  15  11  $12    0.100     4.6289   1090.65   0.0   -444.60   0.1  29.06.2025  17:38:13
  5   9  16  12  $12    0.100    -8.5792   3891.27   0.0     -8.66   0.5  29.06.2025  17:38:15
  6  10   5   9  $12    0.001   172.2930 738101.66   0.0      4.12  14.3  29.06.2025  17:38:23
  6  10   7  11  $12    0.001    31.2672 133948.28   0.0     63.67   0.1  29.06.2025  17:38:26
  6  10   8  12  $12    0.001     7.8673 148295.85   0.0    145.49   0.3  29.06.2025  17:38:28
  6  10   1   5  $12    0.001  -171.0511 1511361.10   0.0      2.20   2.5  29.06.2025  17:38:30
  6  10   3   7  $12    0.001   -29.9061 394602.13   0.0     68.29   0.2  29.06.2025  17:38:33
  6  10   4   8  $12    0.001    -7.2969 137543.64   0.0    160.85   0.0  29.06.2025  17:38:35
  6  10   1  13  $12    0.010     4.9182  11061.43   0.0     63.85   2.7  29.06.2025  17:38:39
  6  10   2  14  $12    0.010     2.2020   5534.33   0.2     21.22  13.2  29.06.2025  17:38:41
  6  10   3  15  $12    0.010     2.2997   5172.35   0.0    162.46   0.1  29.06.2025  17:38:43
  6  10   4  16  $12    0.010     3.2656   5129.52   0.0    -21.31   0.4  29.06.2025  17:38:45
  6  10  13   9  $12    0.010    14.8276  19564.60   0.0    -28.38   2.1  29.06.2025  17:38:47
  6  10  15  11  $12    0.010    12.1282  10716.14   0.0    -27.55   0.2  29.06.2025  17:38:49
  6  10  16  12  $12    0.010     2.9853   7034.02   0.0      6.48   1.7  29.06.2025  17:38:51
  7  11   5   9  $12    0.001    15.8582 298920.47   0.0     70.20   0.6  29.06.2025  17:38:56
  7  11   6  10  $12    0.001    31.2549 133895.63   0.0     70.11   0.4  29.06.2025  17:38:59
  7  11   8  12  $12    0.001    11.3426  48591.69   0.0    164.55   0.0  29.06.2025  17:39:01
  7  11   1   5  $12    0.001   -15.5833 367173.90   0.0     71.99   0.4  29.06.2025  17:39:03
  7  11   2   6  $12    0.001   -29.7443 262812.30   0.1     72.67   0.2  29.06.2025  17:39:05
  7  11   4   8  $12    0.001    -9.8063 129391.36   0.0    193.07   0.0  29.06.2025  17:39:07
  7  11   1  13  $12    0.010     2.3282   3657.15   0.0     38.86  10.8  29.06.2025  17:39:11
  7  11   2  14  $12    0.010     2.3951   5386.72   0.2      9.26   6.5  29.06.2025  17:39:13
  7  11   3  15  $12    0.010     2.8802   7238.64   0.0     47.59   0.0  29.06.2025  17:39:15
  7  11   4  16  $12    0.010     3.7078   8339.29   0.0     -3.83   6.5  29.06.2025  17:39:17
  7  11  13   9  $12    0.010     2.0578   3878.84   0.3    -77.41   4.9  29.06.2025  17:39:19
  7  11  14  10  $12    0.010    14.6174  19287.20   0.0    -19.69   2.6  29.06.2025  17:39:21
  7  11  16  12  $12    0.010    11.7878  10415.37   0.0     10.75   0.1  29.06.2025  17:39:23
  8  12   5   9  $12    0.001     4.3728  57697.65   0.2    102.60   0.7  29.06.2025  17:39:28
  8  12   6  10  $12    0.001     8.0576 151883.02   0.0     99.01   1.3  29.06.2025  17:39:30
  8  12   7  11  $12    0.001    11.4509  49055.69   0.0    124.83   0.4  29.06.2025  17:39:32
  8  12   1   5  $12    0.001    -4.0530 183830.02   0.3    122.91   2.1  29.06.2025  17:39:34
  8  12   2   6  $12    0.001    -6.9070 162741.40   0.1    115.36   2.0  29.06.2025  17:39:36
  8  12   3   7  $12    0.001    -9.5806  84651.48   0.1    152.37   0.3  29.06.2025  17:39:38
  8  12   1  13  $12    0.100    17.5932   1297.51   0.0     57.65   0.8  29.06.2025  17:39:44
  8  12   2  14  $12    0.100    22.2103   3488.79   0.0     -2.37   4.7  29.06.2025  17:39:46
  8  12   3  15  $12    0.010     2.7166   6109.92   0.0     12.05   0.3  29.06.2025  17:39:51
  8  12  16   4  $12    0.010    -3.4063   8561.06   0.2      5.13  59.3  29.06.2025  17:39:53
  8  12   9  13  $12    0.100   -10.9911    470.86   0.0    -43.01   0.9  29.06.2025  17:39:57
  8  12  10  14  $12    0.010    -4.8314   9106.99   0.0     21.34   2.5  29.06.2025  17:40:01
  8  12  11  15  $12    0.010   -12.7865  16871.36   0.0      1.64   7.2  29.06.2025  17:40:04
  9  13  10  14  $12    0.001     3.8232  16378.65   0.1     32.29   7.1  29.06.2025  17:40:08
  9  13  11  15  $12    0.010     8.4571  15941.31   0.0     -4.50   4.2  29.06.2025  17:40:12
  9  13  12  16  $12    0.010     4.2259   5575.93   0.0     -0.84  74.7  29.06.2025  17:40:14
  9  13   6  10  $12    0.010   -13.7518  18145.07   0.0     75.95   0.3  29.06.2025  17:40:16
  9  13   7  11  $12    0.100   -15.9373   3004.12   0.0      8.95  10.0  29.06.2025  17:40:20
  9  13   8  12  $12    0.100    -9.7228    416.52   0.0    -48.83   0.6  29.06.2025  17:40:22
  9  13   5   1  $12    0.010     5.9939  45192.72   0.1    -64.84   1.1  29.06.2025  17:40:27
  9  13   6   2  $12    0.010     5.2971  24025.99   0.3   -217.87   5.3  29.06.2025  17:40:29
  9  13   7   3  $12    0.010     2.6897   6337.49   0.1    -67.42   1.3  29.06.2025  17:40:31
  9  13   8   4  $12    0.010     2.3115   2042.36   0.0     -5.89   0.4  29.06.2025  17:40:33
  9  13   2  14  $12    0.010    15.0604  11107.17   0.0     42.30   0.5  29.06.2025  17:40:35
  9  13   3  15  $12    0.010     3.7866   5948.04   0.0     -6.03   7.8  29.06.2025  17:40:37
  9  13   4  16  $12    0.100     9.4179   2118.17   0.0      5.83   1.8  29.06.2025  17:40:41
 10  14   9  13  $12    0.001     3.4379  14727.87   0.1     16.05  11.1  29.06.2025  17:40:49
 10  14  11  15  $12    0.001     5.1049  21869.13   0.0     -6.99  27.8  29.06.2025  17:40:51
 10  14  12  16  $12    0.010    11.8331  22304.94   0.0      5.68   0.4  29.06.2025  17:40:55
 10  14   5   9  $12    0.010   -17.3782  15354.89   0.0    -49.09   1.2  29.06.2025  17:40:57
 10  14   7  11  $12    0.010   -14.4844  19111.71   0.0     -3.97  10.1  29.06.2025  17:40:59
 10  14   8  12  $12    0.010    -4.7257   8907.69   0.0     46.19   0.9  29.06.2025  17:41:01
 10  14   5   1  $12    0.100    19.0359  21865.54   0.2    530.01   0.2  29.06.2025  17:41:05
 10  14   6   2  $12    0.100    -6.9122   5211.65   0.1  -2441.80   0.5  29.06.2025  17:41:07
 10  14   7   3  $12    0.100    21.4754   9740.55   0.1    114.68   1.8  29.06.2025  17:41:09
 10  14   8   4  $12    0.010     2.9223   6885.56   0.0    -42.19   0.1  29.06.2025  17:41:14
 10  14   1  13  $12    0.010    16.9951  15236.12   0.0     90.17   0.2  29.06.2025  17:41:16
 10  14   3  15  $12    0.001     3.4185  25211.72   0.0    -19.44   1.4  29.06.2025  17:41:21
 10  14   4  16  $12    0.010     4.1789   6564.13   0.0     -4.97   5.5  29.06.2025  17:41:24
 11  15   9  13  $12    0.010     8.7200  16436.77   0.0     10.68   1.7  29.06.2025  17:41:26
 11  15  10  14  $12    0.001     5.1002  21849.33   0.0     -4.88  17.4  29.06.2025  17:41:31
 11  15  12  16  $12    0.001     2.6616  11402.35   0.0     14.83  10.1  29.06.2025  17:41:33
 11  15   5   9  $12    1.000   -14.3707    338.60   5.3   -420.80  11.6  29.06.2025  17:41:45
 11  15   6  10  $12    0.010   -11.4135  10084.69   0.1     25.50   7.7  29.06.2025  17:41:53
 11  15   8  12  $12    0.010   -12.8271  16924.92   0.0      7.65   0.7  29.06.2025  17:41:55
 11  15   5   1  $12    0.010     4.6334  76420.35   0.0     -1.56 178.8  29.06.2025  17:41:57
 11  15   6   2  $12    0.010     4.7333  54369.34   0.2     18.35  47.6  29.06.2025  17:41:59
 11  15   7   3  $12    0.010     3.3267  25082.47   0.1     30.15   8.6  29.06.2025  17:42:01
 11  15   8   4  $12    0.010     3.1872  14455.88   0.0     19.46   0.2  29.06.2025  17:42:03
 11  15   1  13  $12    0.010     4.2264  92944.19   0.3     16.54  27.5  29.06.2025  17:42:05
 11  15   2  14  $12    0.001     3.5364  31703.55   0.0      2.43  14.8  29.06.2025  17:42:10
 11  15   4  16  $12    0.010     9.9184   7314.86   0.0     27.34   0.2  29.06.2025  17:42:14
 12  16   9  13  $12    0.010     4.2732   5638.39   0.0      7.92   9.4  29.06.2025  17:42:16
 12  16  10  14  $12    0.010    11.9212  22470.93   0.0      3.74   4.5  29.06.2025  17:42:18
 12  16  11  15  $12    0.001     2.6568  11381.88   0.0     15.32   2.2  29.06.2025  17:42:23
 12  16   5   9  $12    0.100     7.9997   3628.39   0.1     27.35   2.7  29.06.2025  17:42:28
 12  16   6  10  $12    0.010    -3.0343   7149.52   0.0     16.15   9.0  29.06.2025  17:42:33
 12  16   7  11  $12    0.010   -11.6498  10293.48   0.0      5.61   2.9  29.06.2025  17:42:35
 12  16   5   1  $12    0.010     3.8822  88041.93   0.0     -2.56  24.3  29.06.2025  17:42:37
 12  16   6   2  $12    0.010     3.9014  64346.77   0.1     -5.54 219.2  29.06.2025  17:42:39
 12  16   7   3  $12    0.010     3.6068  41429.62   0.1      6.42  17.5  29.06.2025  17:42:41
 12  16   8   4  $12    0.010     3.8397  28950.39   0.0      5.99   0.1  29.06.2025  17:42:43
 12  16  13   1  $12    0.100   -12.2021   1193.42   0.0     21.89   0.3  29.06.2025  17:42:47
 12  16  14   2  $12    0.010    -4.9838 109599.03   0.0      7.55   1.0  29.06.2025  17:42:52
 12  16  15   3  $12    0.010   -10.8936   9766.13   0.0     31.25   1.2  29.06.2025  17:42:54
 13   1  14   2  $12    0.010    22.0905   7575.67   0.0     39.48   0.4  29.06.2025  17:42:56
 13   1  15   3  $12    0.010     7.3408   5566.64   0.0      1.98   2.0  29.06.2025  17:42:58
 13   1  16   4  $12    0.010     3.7315   4795.74   0.0      3.95  16.3  29.06.2025  17:43:00
 13   1  10  14  $12    0.010   -16.2281  14548.50   0.0     15.63   1.7  29.06.2025  17:43:02
 13   1  11  15  $12    0.010    -3.7190  81784.42   0.0     29.18   2.1  29.06.2025  17:43:04
 13   1  12  16  $12    0.100   -11.4761   1122.41   0.0      2.66   1.1  29.06.2025  17:43:08
 13   1   9   5  $12    0.010     6.4785  16282.20   0.1    -63.01   3.0  29.06.2025  17:43:13
 13   1  10   6  $12    0.010     5.8151  13078.67   0.0   -189.69   0.8  29.06.2025  17:43:15
 13   1  11   7  $12    0.010     2.5257   3967.29   0.0    -90.42   6.9  29.06.2025  17:43:17
 13   1  12   8  $12    0.100    17.3416   1278.95   0.0     47.40   0.3  29.06.2025  17:43:21
 13   1   6   2  $12    0.100     0.0170      1.25 208.4 -5618963.98  98.3  29.06.2025  17:43:25
 13   1   7   3  $12    0.100    12.2118   1918.22   0.1     15.46   6.5  29.06.2025  17:43:27
 13   1   8   4  $12    0.100     8.9892   2021.76   0.0    -48.17   0.0  29.06.2025  17:43:29
 14   2  13   1  $12    0.010    17.4866   5996.81   0.0      6.98   0.6  29.06.2025  17:43:34
 14   2  15   3  $12    0.001     4.6881  16077.35   0.0     -3.29   4.5  29.06.2025  17:43:39
 14   2  16   4  $12    0.010    10.0112   7591.68   0.0      2.53   1.1  29.06.2025  17:43:43
 14   2   9  13  $12    0.010   -12.9793   9572.37   0.1     61.99   0.2  29.06.2025  17:43:45
 14   2  11  15  $12    0.001    -3.4627  31043.42   0.0      0.01 2992.0  29.06.2025  17:43:50
 14   2  12  16  $12    0.010    -4.9940 109822.79   0.0      8.17   0.1  29.06.2025  17:43:53
 14   2   9   5  $12    0.010     2.3308   5242.18   0.3      5.75  14.7  29.06.2025  17:43:55
 14   2  10   6  $12    0.010     2.3282   5851.39   0.4    -10.06  36.5  29.06.2025  17:43:58
 14   2  11   7  $12    0.010     2.5463   5726.82   0.2    -35.47   8.6  29.06.2025  17:44:00
 14   2  12   8  $12    0.010     2.2681   3562.76   0.0    -16.76   4.0  29.06.2025  17:44:02
 14   2   5   1  $12    0.010     4.0258   3609.16   0.2     12.73   7.6  29.06.2025  17:44:04
 14   2   7   3  $12    0.010     9.1095   6718.35   0.0     23.22   0.7  29.06.2025  17:44:06
 14   2   8   4  $12    0.010     2.7522   4323.08   0.0      7.60   4.7  29.06.2025  17:44:08
 15   3  13   1  $12    0.010     7.3106   5543.76   0.0     12.36  17.0  29.06.2025  17:44:10
 15   3  14   2  $12    0.001     4.6752  16033.04   0.0      0.97  67.4  29.06.2025  17:44:15
 15   3  16   4  $12    0.001     2.1666   7430.12   0.0     23.19   0.3  29.06.2025  17:44:17
 15   3   9  13  $12    0.010    -3.7756   5930.65   0.0     38.98   0.9  29.06.2025  17:44:20
 15   3  10  14  $12    0.001    -3.3957  25043.64   0.1      8.22  17.0  29.06.2025  17:44:25
 15   3  12  16  $12    0.010   -10.5324   9442.32   0.0     35.01   0.0  29.06.2025  17:44:29
 15   3   9   5  $12    0.010     2.0796   3266.64   0.8     51.98   7.6  29.06.2025  17:44:31
 15   3  10   6  $12    0.010     2.5354   5702.27   0.8     84.15   5.1  29.06.2025  17:44:33
 15   3  11   7  $12    0.010     2.9362   7379.36   0.0     20.96   8.9  29.06.2025  17:44:36
 15   3  12   8  $12    0.010     2.6977   6067.33   0.0     11.85   1.2  29.06.2025  17:44:38
 15   3   5   1  $12    0.100    13.2753  29193.95   0.0    -19.02   4.1  29.06.2025  17:44:41
 15   3   6   2  $12    0.010     9.6485   8649.93   0.0     15.38   6.8  29.06.2025  17:44:46
 15   3   8   4  $12    0.010     7.7398   5708.19   0.0     20.33   0.5  29.06.2025  17:44:48
 16   4  13   1  $12    0.010     3.8600   4960.85   0.1      0.43 845.4  29.06.2025  17:44:50
 16   4  14   2  $12    0.010    10.0427   7615.54   0.0     -0.59 417.9  29.06.2025  17:44:52
 16   4  15   3  $12    0.010    21.2805   7297.89   0.0     22.11   0.6  29.06.2025  17:44:54
 16   4   9  13  $12    0.100    -9.3492   2102.73   0.0     30.55   0.3  29.06.2025  17:44:58
 16   4  10  14  $12    0.010    -4.0947   6431.95   0.1      7.47  46.6  29.06.2025  17:45:03
 16   4  11  15  $12    0.010   -10.1398   7478.18   0.0     44.56   0.5  29.06.2025  17:45:05
 16   4   9   5  $12    0.010     2.1984   1621.30   0.4     -3.45  61.1  29.06.2025  17:45:07
 16   4  10   6  $12    0.010     3.1638   4969.64   0.5     -5.74  91.8  29.06.2025  17:45:09
 16   4  11   7  $12    0.010     3.7283   8385.29   0.0     -3.43   5.9  29.06.2025  17:45:11
 16   4  12   8  $12    0.010     3.4258   8609.96   0.0     -0.98   9.5  29.06.2025  17:45:13
 16   4   5   1  $12    0.100     7.5002    733.55   0.0   -135.27   0.4  29.06.2025  17:45:17
 16   4   6   2  $12    0.010     2.8410  62476.52   0.7    -21.67  30.0  29.06.2025  17:45:22
 16   4   7   3  $12    0.010     7.4164   6648.83   0.0     11.62   2.8  29.06.2025  17:45:24
  1   4   2   3  $12    0.010     8.1752   5136.64   0.0     15.90   0.2  29.06.2025  17:45:26
  2   3   1   4  $12    0.010     8.2056   5155.73   0.0     21.57   2.4  29.06.2025  17:45:28
  1   2   3   4  $12    0.010    -5.4976  10362.82   0.1     43.86   0.1  29.06.2025  17:45:30
  3   4   1   2  $12    0.010    -5.7027  10749.35   0.0     41.64   3.4  29.06.2025  17:45:32
  5   8   6   7  $12    0.001   158.3870 995175.16   0.0      3.40   5.9  29.06.2025  17:45:38
  6   7   5   8  $12    0.001   157.0547 986803.59   0.0     -0.13  56.4  29.06.2025  17:45:40
  5   6   7   8  $12    0.001   -11.6581 219750.00   0.0     41.87   1.4  29.06.2025  17:45:42
  7   8   5   6  $12    0.001   -11.3934 214759.84   0.0     49.41   3.1  29.06.2025  17:45:44
  9  12  10  11  $12    0.001     2.3701  14891.78   0.4      1.17 302.5  29.06.2025  17:45:46
 10  11   9  12  $12    0.001     2.3318  14651.40   0.1      8.80  11.2  29.06.2025  17:45:49
  9  10  11  12  $12    0.010    -7.5919  14310.34   0.0      7.90   2.2  29.06.2025  17:45:52
 11  12   9  10  $12    0.010    -7.5904  14307.48   0.0      8.44   0.7  29.06.2025  17:45:54
 13  16  14  15  $12    0.010    16.4579  10340.79   0.0     74.71   0.2  29.06.2025  17:45:56
 14  15  13  16  $12    0.010    16.9725  10664.15   0.2     74.37   0.8  29.06.2025  17:45:58
 13  14  15  16  $12    0.001    -2.6732  50388.41   0.0     -4.84  23.2  29.06.2025  17:46:03
  1   9  10   2  $12    0.001    -2.5095   9030.52   0.0     50.99  10.0  29.06.2025  17:46:05
  1   9  11   3  $12    0.010    -7.9786   6836.04   0.0     12.29   0.5  29.06.2025  17:46:09
  1   9  12   4  $12    0.010    -5.8208   9733.12   0.0     11.00   0.2  29.06.2025  17:46:11
  2  10   9   1  $12    0.001    -2.5234   9080.41   0.1     23.16   4.0  29.06.2025  17:46:16
  2  10  11   3  $12    0.001    -2.8071  10101.63   0.0     20.27   8.4  29.06.2025  17:46:18
  2  10  12   4  $12    0.010   -12.6003  10795.93   0.0      8.33   0.1  29.06.2025  17:46:22
  3  11   9   1  $12    0.010    -7.9930   6848.40   0.0     12.40   1.5  29.06.2025  17:46:24
  3  11  10   2  $12    0.001    -2.8514  10260.87   0.1     21.79   4.4  29.06.2025  17:46:29
  3  11  12   4  $12    0.001    -2.6216   9434.04   0.0     17.72   1.9  29.06.2025  17:46:31
 12   4   9   1  $12    0.010     5.9050   9873.97   0.0      0.55  29.3  29.06.2025  17:46:35
 12   4  10   2  $12    0.010    12.6890  10871.88   0.0      6.56  10.0  29.06.2025  17:46:37
 12   4  11   3  $12    0.001     2.6680   9600.79   0.0      5.77   2.9  29.06.2025  17:46:42
 13   5  14   6  $12    0.001   173.4491 624165.50   0.0      6.14   2.4  29.06.2025  17:46:44
 13   5  15   7  $12    0.001    17.6913 151578.50   0.0     65.96   0.3  29.06.2025  17:46:46
 13   5  16   8  $12    0.001     4.9624  82977.69   0.0    134.65   0.1  29.06.2025  17:46:48
 14   6  13   5  $12    0.001   174.0188 626215.63   0.0      4.99   1.7  29.06.2025  17:46:51
 14   6  15   7  $12    0.001    35.9261 129282.06   0.0     57.80   0.2  29.06.2025  17:46:53
 14   6  16   8  $12    0.001     8.8080  75466.93   0.0    131.15   0.1  29.06.2025  17:46:55
 15   7  13   5  $12    0.001    17.5103 150028.23   0.0     63.54   0.6  29.06.2025  17:46:57
 15   7  14   6  $12    0.001    35.2163 126727.73   0.0     60.87   0.6  29.06.2025  17:47:00
 15   7  16   8  $12    0.001    12.3487  44437.33   0.0    156.27   0.0  29.06.2025  17:47:02
 16   8  13   5  $12    0.001     5.1628  86328.94   0.1     89.05   1.1  29.06.2025  17:47:04
 16   8  14   6  $12    0.001     8.8330  75680.79   0.1    105.36   4.9  29.06.2025  17:47:06
 16   8  15   7  $12    0.001    12.5994  45339.69   0.1    128.43   0.5  29.06.2025  17:47:08
  1   2   5   6  $12    0.100    10.4741  19743.24   0.0     24.15   7.1  29.06.2025  17:47:13
  2   3   6   7  $12    0.100     3.2293   6087.14   0.5   -148.36   3.5  29.06.2025  17:47:15
  3   4   7   8  $12    1.000   -11.0716   2086.96   0.4   -393.80   1.3  29.06.2025  17:47:19
  1   2   9  10  $12    1.000     3.4904   5526.50   0.6    434.39   2.3  29.06.2025  17:47:21
  2   3  10  11  $12    1.000     2.7306   4323.59   0.9    308.40   5.1  29.06.2025  17:47:27
  3   4  11  12  $12    1.000     2.0178   3194.98   0.1     81.33   1.5  29.06.2025  17:47:29
  1   2  13  14  $12    0.100     4.3507 234544.15   0.0     31.12   7.6  29.06.2025  17:47:34
  2   3  14  15  $12    1.000    13.0014  70090.34   0.0      9.35  12.0  29.06.2025  17:47:38
  3   4  15  16  $12    1.000     7.8019  42059.83   0.0   -119.09   1.1  29.06.2025  17:47:40
  5   6   9  10  $12    0.100     0.1969    371.20  35.2 618612.71  99.6  29.06.2025  17:47:49
  6   7  10  11  $12    0.100   -12.5496  23655.40   0.3   -428.00   2.3  29.06.2025  17:47:51
  7   8  11  12  $12    1.000    17.7937   3354.04   0.0     -1.07  88.6  29.06.2025  17:47:55
  5   6  13  14  $12    0.100   -20.0647 317697.76   0.7  -1058.14   0.1  29.06.2025  17:48:00
  6   7  14  15  $12    0.010    -0.0318   5038.90   2.6 -16022.66   2.5  29.06.2025  17:48:05
  7   8  15  16  $12    1.000     1.8175   2877.78   0.7    -51.44  38.2  29.06.2025  17:48:26
  9  10  13  14  $12    0.100     8.6408  16287.54   0.0     81.27   0.5  29.06.2025  17:48:31
 10  11  14  15  $12    0.100    -2.9929   5641.46   2.5  -1754.26   0.8  29.06.2025  17:48:38
 11  12  15  16  $12   10.000    10.3560    195.21   0.2    229.81   0.5  29.06.2025  17:48:43
  1   2   6   7  $12    0.100    11.4007  42979.58   0.0    -48.20   6.0  29.06.2025  17:48:52
  2   3   7   8  $12    1.000     6.3941   2410.51   0.2     16.77  16.2  29.06.2025  17:48:58
  1   2   7   8  $12    1.000     8.4731   5589.97   0.0   -101.02   0.2  29.06.2025  17:49:00
  2   3   7   8  $12    1.000     6.3354   2388.39   0.1     14.93   4.9  29.06.2025  17:49:02
  1   2  10  11  $12    1.000    16.1546  36540.88   0.0   -132.90   0.5  29.06.2025  17:49:04
  2   3  11  12  $12    1.000     2.0419   4618.63   0.4      6.91  55.5  29.06.2025  17:49:06
  1   2  11  12  $12    1.000     3.6670  11405.13   0.0    -21.52   2.5  29.06.2025  17:49:08
  2   3  11  12  $12    1.000     2.1154   4785.00   0.0     -4.94   9.7  29.06.2025  17:49:10
  1   2  14  15  $12    1.000    19.8727 136351.08   0.0    -22.66   0.7  29.06.2025  17:49:12
  2   3  15  16  $12    1.000    11.2934  77486.47   0.0    -13.75  11.6  29.06.2025  17:49:14
  1   2  15  16  $12    1.000    15.6637 134340.25   0.0      5.27   1.7  29.06.2025  17:49:16
  2   3  15  16  $12    1.000    11.2607  77262.15   0.0    -18.58   3.2  29.06.2025  17:49:18
  5   6  10  11  $12    0.100     4.9496  18659.67   1.7   2033.68   2.6  29.06.2025  17:49:28
  6   7  11  12  $12    0.100     1.3558   5111.15   0.1   -747.86   0.8  29.06.2025  17:49:34
  5   6  11  12  $12    0.100     2.4204  15968.13   0.2    263.17   2.3  29.06.2025  17:49:36
  6   7  11  12  $12    0.100     1.6249   6125.78   0.1   -861.81   0.2  29.06.2025  17:49:41
  5   6  14  15  $12    0.010     0.1343  30367.56   0.4  -2926.66   0.4  29.06.2025  17:49:46
  6   7  15  16  $12    0.010    -0.3260  73745.38   0.4   1227.86   0.8  29.06.2025  17:49:50
  5   6  15  16  $12    0.010     0.2201  68470.11   1.1   1031.47   0.7  29.06.2025  17:49:56
  6   7  15  16  $12    0.010    -0.3644  82432.32   0.7   1150.20   0.1  29.06.2025  17:50:00
  9  10  14  15  $12    0.100     3.6371  13711.50   0.2   -297.19   0.1  29.06.2025  17:50:04
 10  11  15  16  $12    0.100     1.5514   5848.73   0.2   -542.12   1.3  29.06.2025  17:50:09
  9  10  15  16  $12    0.100     3.7205  24545.14   0.0    140.80   1.3  29.06.2025  17:50:11
 10  11  15  16  $12    0.100     2.2732   8569.73   0.2   -438.14   1.9  29.06.2025  17:50:13
