//C:\Users\user\Desktop\GeoTom\GeoTomE724.ini
//- Cable direction:
//  cable I: normal
//  cable II: normal
//  cable III: normal
//  cable IV: normal
//- Cable arrangement: sequential
//- Optimization: Last measurement
//- Sorting: Multi-level
//- Current levels: 0.001 mA .. 50.0 mA
Type:         Flow
Name:         Hyprop
Comment:      Example of a measurements sequence
Comment:      
Comment:      
Spacing:      1.00000
First El:     0.00000
Nr of points: 289
IP present:   1

  1   5   2   6  $12    0.010    14.0403   6014.85   0.0     19.76   0.1  26.06.2025  22:35:05
  1   5   3   7  $12    0.010     5.7918  10917.22   0.0      2.20   4.8  26.06.2025  22:35:08
  1   5   4   8  $12    0.010     3.7980   5011.32   0.0     -0.64  88.1  26.06.2025  22:35:10
  1   5  14   2  $12    0.010    -3.6693   3289.53   0.0      7.88   1.9  26.06.2025  22:35:12
  1   5  15   3  $12    0.100   -15.1770  33375.87   0.0      5.62   1.5  26.06.2025  22:35:15
  1   5  16   4  $12    0.100    -7.5705    740.43   0.0      8.94   1.2  26.06.2025  22:35:17
  1   5  13   9  $12    0.010     2.6720  20146.51   0.0     -1.14   6.9  26.06.2025  22:35:22
  1   5  14  10  $12    0.010     2.3360  26832.73   0.0      3.31  14.8  26.06.2025  22:35:24
  1   5  15  11  $12    0.100    19.3130  31853.63   0.0      2.89   5.1  26.06.2025  22:35:28
  1   5  16  12  $12    0.100    17.1409  38872.67   0.0      2.27   0.6  26.06.2025  22:35:30
  1   5  10   6  $12    0.010     7.9874   7057.45   0.0     31.46   0.5  26.06.2025  22:35:35
  1   5  11   7  $12    0.010     2.3286   5486.74   0.0     -6.68  22.6  26.06.2025  22:35:37
  1   5  12   8  $12    0.100    13.0691   5927.73   0.0      1.59   1.4  26.06.2025  22:35:41
  2   6   1   5  $12    0.010    13.6161   5833.11   0.0     16.58   0.1  26.06.2025  22:35:46
  2   6   3   7  $12    0.010    14.1603   6066.24   0.0     16.39   0.0  26.06.2025  22:35:48
  2   6   4   8  $12    0.010     6.9014  13008.76   0.0      7.91   4.4  26.06.2025  22:35:50
  2   6  13   1  $12    0.010    -3.7351   2754.67   0.1     30.18   1.4  26.06.2025  22:35:52
  2   6  15   3  $12    0.010    -5.7762   5178.36   0.0     12.44   6.6  26.06.2025  22:35:54
  2   6  16   4  $12    0.010    -2.2824  50192.21   0.0     16.47   4.4  26.06.2025  22:35:56
  2   6  13   9  $12    0.010     2.1380   9697.25   0.0    -31.57   0.9  26.06.2025  22:35:58
  2   6  14  10  $12    0.010     2.3774  17925.20   0.0     17.26   0.7  26.06.2025  22:36:00
  2   6  15  11  $12    0.010     2.1591  24800.62   0.0     -8.20   1.8  26.06.2025  22:36:02
  2   6  16  12  $12    0.010     2.0403  33650.74   0.0     -3.97   2.3  26.06.2025  22:36:04
  2   6   9   5  $12    0.010     7.7970  10287.93   0.0     27.60   0.1  26.06.2025  22:36:06
  2   6  11   7  $12    0.010     6.2147   5491.18   0.0     28.45   0.1  26.06.2025  22:36:08
  2   6  12   8  $12    0.010     2.5753   6067.90   0.0     10.29   1.0  26.06.2025  22:36:10
  3   7   1   5  $12    0.010     5.7964  10925.93   0.0      1.36   3.3  26.06.2025  22:36:12
  3   7   2   6  $12    0.010    14.3528   6148.73   0.0     12.88   0.8  26.06.2025  22:36:14
  3   7   4   8  $12    0.010    13.9335   5969.11   0.0      5.50   0.8  26.06.2025  22:36:16
  3   7  13   1  $12    0.100   -14.4979   2277.32   0.0      6.68   1.0  26.06.2025  22:36:20
  3   7  14   2  $12    0.010    -5.7797   4262.54   0.0      9.35   0.4  26.06.2025  22:36:25
  3   7  16   4  $12    0.010    -5.0742   4549.01   0.0     15.44   0.1  26.06.2025  22:36:27
  3   7  13   9  $12    0.100    19.4681   4587.07   0.0      1.71   2.3  26.06.2025  22:36:31
  3   7  14  10  $12    0.100    21.5435   9771.42   0.0      3.31   2.6  26.06.2025  22:36:33
  3   7  15  11  $12    0.100    22.5493  17001.79   0.0      4.20   2.6  26.06.2025  22:36:35
  3   7  16  12  $12    0.100    22.8340  26228.10   0.0      2.43   0.2  26.06.2025  22:36:37
  3   7   9   5  $12    0.010     2.3925   4509.80   0.0     -1.30  30.4  26.06.2025  22:36:42
  3   7  10   6  $12    0.010     6.3916   8433.45   0.0     24.26   0.3  26.06.2025  22:36:44
  3   7  12   8  $12    0.010     6.5227   5763.27   0.0      2.85   2.7  26.06.2025  22:36:46
  4   8   1   5  $12    0.010     3.8064   5022.42   0.0     -0.26  79.6  26.06.2025  22:36:48
  4   8   2   6  $12    0.010     7.0072  13208.32   0.0      8.15  10.8  26.06.2025  22:36:50
  4   8   3   7  $12    0.010    13.9193   5963.01   0.0      6.43   0.5  26.06.2025  22:36:52
  4   8  13   1  $12    0.100    -6.8701   1545.16   0.0     10.98   0.7  26.06.2025  22:36:56
  4   8  14   2  $12    0.100   -22.2130   3489.22   0.0      9.76   0.4  26.06.2025  22:36:58
  4   8  15   3  $12    0.010    -5.0243   3705.47   0.0     17.77   1.7  26.06.2025  22:37:03
  4   8  13   9  $12    0.100    17.7660   1569.76   0.0      1.50   0.9  26.06.2025  22:37:07
  4   8  14  10  $12    0.100    21.2864   5015.50   0.0      4.18   0.7  26.06.2025  22:37:09
  4   8  15  11  $12    0.010     2.4613  11163.74   0.0     -3.28  40.3  26.06.2025  22:37:14
  4   8  16  12  $12    0.010     2.6712  20140.12   0.0     -0.79  21.4  26.06.2025  22:37:16
  4   8   9   5  $12    0.100    13.1705    564.22   0.0      2.24   3.7  26.06.2025  22:37:19
  4   8  10   6  $12    0.010     2.6395   4975.34   0.1     14.88  16.7  26.06.2025  22:37:24
  4   8  11   7  $12    0.010     6.4243   8476.62   0.0      0.81  11.1  26.06.2025  22:37:26
  5   9   6  10  $12    0.010    16.8641   7224.58   0.0     13.78   0.5  26.06.2025  22:37:28
  5   9   7  11  $12    0.010     5.5660  10491.68   0.0     -0.23 121.1  26.06.2025  22:37:30
  5   9   8  12  $12    0.010     3.5554   4691.22   0.0     -0.20 240.6  26.06.2025  22:37:32
  5   9   2   6  $12    0.010    -8.1819  10795.79   0.0     29.80   0.5  26.06.2025  22:37:34
  5   9   3   7  $12    0.010    -2.3429   4416.24   0.0      9.90   4.8  26.06.2025  22:37:36
  5   9   4   8  $12    0.100   -13.0553    559.29   0.0      4.38   0.8  26.06.2025  22:37:40
  5   9   1  13  $12    0.010     2.3887   6003.56   0.0     33.93   0.6  26.06.2025  22:37:45
  5   9   2  14  $12    0.100    18.0486   4059.31   0.0      3.44   0.3  26.06.2025  22:37:49
  5   9   3  15  $12    0.100    16.2165   2547.29   0.0      4.21   4.8  26.06.2025  22:37:51
  5   9   4  16  $12    0.100    14.9555   1102.98   0.0      3.91   0.1  26.06.2025  22:37:53
  5   9  14  10  $12    0.010     6.8795   6078.53   0.0     -1.26   8.0  26.06.2025  22:37:58
  5   9  15  11  $12    0.100    15.4995   3651.98   0.0     -1.08  19.3  26.06.2025  22:38:02
  5   9  16  12  $12    0.100     7.3403   3329.30   0.0     -0.88  11.2  26.06.2025  22:38:04
  6  10   5   9  $12    0.010    16.4025   7026.80   0.0     14.29   0.0  26.06.2025  22:38:09
  6  10   7  11  $12    0.010    13.2052   5657.12   0.0     17.94   0.4  26.06.2025  22:38:11
  6  10   8  12  $12    0.010     6.5708  12385.69   0.0      9.52   0.8  26.06.2025  22:38:13
  6  10   1   5  $12    0.010    -7.5888   6705.28   0.0     30.53   0.4  26.06.2025  22:38:15
  6  10   3   7  $12    0.010    -6.1305   8089.06   0.0     31.42   1.1  26.06.2025  22:38:17
  6  10   4   8  $12    0.010    -2.5138   4738.49   0.0     22.05   1.1  26.06.2025  22:38:19
  6  10   1  13  $12    0.100    19.1152   4299.20   0.0     -8.15   0.2  26.06.2025  22:38:22
  6  10   2  14  $12    0.100    20.6239   5183.36   0.0     31.97   0.1  26.06.2025  22:38:24
  6  10   3  15  $12    0.100    19.5855   4404.96   0.0      1.16   6.6  26.06.2025  22:38:27
  6  10   4  16  $12    0.100    18.4545   2898.83   0.0      4.56   2.0  26.06.2025  22:38:29
  6  10  13   9  $12    0.010     6.9242   9136.26   0.0      5.15   2.2  26.06.2025  22:38:34
  6  10  15  11  $12    0.010     5.0837   4491.83   0.0      6.14   9.4  26.06.2025  22:38:36
  6  10  16  12  $12    0.010     2.1769   5129.11   0.0      5.00   3.2  26.06.2025  22:38:38
  7  11   5   9  $12    0.010     5.5559  10472.62   0.0      0.34  43.5  26.06.2025  22:38:40
  7  11   6  10  $12    0.010    13.4082   5744.07   0.0     14.07   0.3  26.06.2025  22:38:42
  7  11   8  12  $12    0.010    15.7587   6751.03   0.0      5.52   0.6  26.06.2025  22:38:44
  7  11   1   5  $12    0.010    -2.2873   5389.44   0.0     15.37   6.6  26.06.2025  22:38:46
  7  11   2   6  $12    0.010    -6.3057   5571.53   0.0     27.95   0.6  26.06.2025  22:38:48
  7  11   4   8  $12    0.010    -6.3594   8391.02   0.0      6.43   2.4  26.06.2025  22:38:50
  7  11   1  13  $12    0.100    16.4641   2586.17   0.0      4.39   0.5  26.06.2025  22:38:54
  7  11   2  14  $12    0.100    19.7096   4432.87   0.0      3.65   1.3  26.06.2025  22:38:56
  7  11   3  15  $12    0.100    22.8455   5741.71   0.0     11.12   1.7  26.06.2025  22:38:58
  7  11   4  16  $12    0.010     2.4451   5499.21   0.0     -0.69   8.0  26.06.2025  22:39:03
  7  11  13   9  $12    0.100    15.7348   2965.94   0.0     -0.20  18.4  26.06.2025  22:39:06
  7  11  14  10  $12    0.010     5.1476   6792.10   0.0      7.61   1.6  26.06.2025  22:39:11
  7  11  16  12  $12    0.010     6.9816   6168.73   0.0      1.55   4.0  26.06.2025  22:39:13
  8  12   5   9  $12    0.010     3.5532   4688.32   0.0      0.04 225.5  26.06.2025  22:39:15
  8  12   6  10  $12    0.010     6.6787  12588.99   0.1      7.37   5.1  26.06.2025  22:39:17
  8  12   7  11  $12    0.010    15.7632   6752.93   0.0      6.11   1.5  26.06.2025  22:39:19
  8  12   1   5  $12    0.100   -12.9960   5894.56   0.0      4.18   0.2  26.06.2025  22:39:23
  8  12   2   6  $12    0.010    -2.5976   6120.36   0.1     27.15   2.9  26.06.2025  22:39:28
  8  12   3   7  $12    0.010    -6.4957   5739.41   0.0      8.87   0.6  26.06.2025  22:39:30
  8  12   1  13  $12    0.100    14.8656   1096.35   0.0      4.38   0.1  26.06.2025  22:39:34
  8  12   2  14  $12    0.100    19.1608   3009.77   0.0      3.41   1.2  26.06.2025  22:39:36
  8  12   3  15  $12    0.100    22.8682   5143.28   0.0      4.74   1.8  26.06.2025  22:39:38
  8  12  16   4  $12    0.010    -2.5586   6430.44   0.0     15.79   0.1  26.06.2025  22:39:43
  8  12   9  13  $12    0.100    -7.4382    318.65   0.0      0.13 142.9  26.06.2025  22:39:47
  8  12  10  14  $12    0.100   -21.0386   3965.68   0.0      9.88   0.8  26.06.2025  22:39:49
  8  12  11  15  $12    0.010    -6.8938   9096.14   0.0      8.18   0.5  26.06.2025  22:39:54
  9  13  10  14  $12    0.010    13.8480   5932.49   0.0      3.87   0.9  26.06.2025  22:39:56
  9  13  11  15  $12    0.010     5.2172   9834.20   0.0     -2.82  26.6  26.06.2025  22:39:58
  9  13  12  16  $12    0.010     3.1616   4171.68   0.0     -2.46   3.0  26.06.2025  22:40:00
  9  13   6  10  $12    0.010    -6.8566   9047.05   0.0      2.19  35.9  26.06.2025  22:40:02
  9  13   7  11  $12    0.100   -15.6460   2949.20   0.0      3.65   0.9  26.06.2025  22:40:06
  9  13   8  12  $12    0.100    -7.3583    315.23   0.0      4.30   3.5  26.06.2025  22:40:08
  9  13   5   1  $12    0.010     2.6771  20184.68   0.0     -2.98  12.3  26.06.2025  22:40:12
  9  13   6   2  $12    0.010     2.1804   9889.41   0.0    -16.91   4.9  26.06.2025  22:40:14
  9  13   7   3  $12    0.100    19.5674   4610.45   0.0      0.92   4.9  26.06.2025  22:40:18
  9  13   8   4  $12    0.100    17.8141   1574.01   0.0      0.27   9.3  26.06.2025  22:40:20
  9  13   2  14  $12    0.010     4.7532   3505.51   0.0     15.70   0.5  26.06.2025  22:40:25
  9  13   3  15  $12    0.100    16.5433   2598.61   0.0    -12.06   0.6  26.06.2025  22:40:29
  9  13   4  16  $12    0.100     6.1665   1386.91   0.0     -1.96   3.6  26.06.2025  22:40:31
 10  14   9  13  $12    0.010    13.8039   5913.58   0.0      6.38   1.6  26.06.2025  22:40:36
 10  14  11  15  $12    0.010    16.5545   7091.94   0.0     -5.21   2.6  26.06.2025  22:40:38
 10  14  12  16  $12    0.010     6.4841  12222.30   0.0      3.99   1.4  26.06.2025  22:40:40
 10  14   5   9  $12    0.010    -6.8537   6055.72   0.0      5.02   9.1  26.06.2025  22:40:42
 10  14   7  11  $12    0.010    -5.1055   6736.54   0.0     14.33   1.1  26.06.2025  22:40:44
 10  14   8  12  $12    0.010    -2.0735   3908.47   0.0     18.77   1.9  26.06.2025  22:40:46
 10  14   5   1  $12    0.010     2.3367  26840.79   0.0      0.07 905.1  26.06.2025  22:40:48
 10  14   6   2  $12    0.010     2.3807  17949.77   0.2     10.93  23.0  26.06.2025  22:40:50
 10  14   7   3  $12    0.010     2.1792   9884.23   0.0     -1.11  14.0  26.06.2025  22:40:52
 10  14   8   4  $12    0.010     2.1464   5057.36   0.0      0.65   8.0  26.06.2025  22:40:54
 10  14   1  13  $12    0.010     4.6567   4174.72   0.0     20.19   0.1  26.06.2025  22:40:56
 10  14   3  15  $12    0.010     9.2675   6834.86   0.0    -15.31   3.2  26.06.2025  22:40:58
 10  14   4  16  $12    0.010     2.2625   3553.87   0.0      0.58   4.2  26.06.2025  22:41:00
 11  15   9  13  $12    0.010     5.2210   9841.37   0.0     -2.03   2.8  26.06.2025  22:41:02
 11  15  10  14  $12    0.010    16.5610   7094.70   0.0     -1.78   2.6  26.06.2025  22:41:04
 11  15  12  16  $12    0.010    17.6421   7557.85   0.0     12.90   0.3  26.06.2025  22:41:06
 11  15   5   9  $12    0.100   -15.3085   3606.98   0.0      3.00   1.3  26.06.2025  22:41:10
 11  15   6  10  $12    0.010    -5.0697   4479.44   0.0     13.54   3.9  26.06.2025  22:41:15
 11  15   8  12  $12    0.010    -6.8926   9094.60   0.0      9.50   1.2  26.06.2025  22:41:17
 11  15   5   1  $12    0.100    19.3517  31917.42   0.0      4.60   0.8  26.06.2025  22:41:21
 11  15   6   2  $12    0.100    21.6898  24913.92   0.0     -6.94   1.0  26.06.2025  22:41:23
 11  15   7   3  $12    0.100    22.6427  17072.16   0.0      4.95   0.0  26.06.2025  22:41:25
 11  15   8   4  $12    0.010     2.4642  11176.85   0.0     -5.21   3.6  26.06.2025  22:41:30
 11  15   1  13  $12    0.100    17.5240  38537.34   0.0      5.08   0.6  26.06.2025  22:41:34
 11  15   2  14  $12    0.010     9.3782   8407.63   0.0    -10.26   0.2  26.06.2025  22:41:39
 11  15   4  16  $12    0.010     8.2392   6076.48   0.0     23.49   0.5  26.06.2025  22:41:41
 12  16   9  13  $12    0.010     3.1599   4169.36   0.0     -3.04  11.7  26.06.2025  22:41:43
 12  16  10  14  $12    0.010     6.4970  12246.53   0.0      2.25  22.6  26.06.2025  22:41:45
 12  16  11  15  $12    0.010    17.6154   7546.44   0.0     13.16   0.3  26.06.2025  22:41:47
 12  16   5   9  $12    0.100    -7.2446   3285.93   0.0      5.01   1.4  26.06.2025  22:41:50
 12  16   6  10  $12    0.100   -21.7574   5126.46   0.0      8.80   0.4  26.06.2025  22:41:52
 12  16   7  11  $12    0.010    -6.9034   6099.70   0.0      6.65   1.3  26.06.2025  22:41:57
 12  16   5   1  $12    0.100    17.2141  39038.86   0.0      2.24   1.4  26.06.2025  22:42:01
 12  16   6   2  $12    0.100    20.2744  33439.37   0.0      2.67   8.8  26.06.2025  22:42:03
 12  16   7   3  $12    0.100    22.9831  26399.38   0.0      3.22   0.4  26.06.2025  22:42:05
 12  16   8   4  $12    0.010     2.6818  20220.39   0.0     -1.88  14.7  26.06.2025  22:42:10
 12  16  13   1  $12    0.100    -6.9432    679.07   0.0      5.73   1.6  26.06.2025  22:42:14
 12  16  14   2  $12    0.100   -22.7562  50043.43   0.0      5.03   0.5  26.06.2025  22:42:16
 12  16  15   3  $12    0.010    -8.3398   7476.69   0.0     26.20   0.7  26.06.2025  22:42:21
 13   1  14   2  $12    0.010    10.2767   3524.26   0.0      8.61   0.1  26.06.2025  22:42:23
 13   1  15   3  $12    0.010     4.8409   3670.90   0.0     -3.85   4.6  26.06.2025  22:42:25
 13   1  16   4  $12    0.010     2.8985   3725.13   0.0     -3.99   1.2  26.06.2025  22:42:27
 13   1  10  14  $12    0.010    -4.5690   4096.09   0.0     18.37   1.0  26.06.2025  22:42:29
 13   1  11  15  $12    0.100   -17.0657  37529.35   0.0     -5.51   0.9  26.06.2025  22:42:33
 13   1  12  16  $12    0.100    -6.8822    673.11   0.0      4.43   1.3  26.06.2025  22:42:35
 13   1   9   5  $12    0.100    22.8778   5749.83   0.0     15.64   0.2  26.06.2025  22:42:37
 13   1  10   6  $12    0.100    19.7453   4440.91   0.0     -0.98  34.6  26.06.2025  22:42:39
 13   1  11   7  $12    0.100    16.4335   2581.37   0.0      1.53  10.2  26.06.2025  22:42:41
 13   1  12   8  $12    0.100    14.8502   1095.21   0.0      1.21   9.8  26.06.2025  22:42:43
 13   1   6   2  $12    0.010     3.7044   2732.04   0.1      3.95  64.2  26.06.2025  22:42:48
 13   1   7   3  $12    0.100    14.3965   2261.40   0.0      0.31   6.7  26.06.2025  22:42:52
 13   1   8   4  $12    0.100     6.8978   1551.38   0.0      5.47   4.5  26.06.2025  22:42:54
 14   2  13   1  $12    0.010    10.2780   3524.69   0.0     11.55   1.3  26.06.2025  22:42:59
 14   2  15   3  $12    0.010    17.1237   5872.37   0.0     -2.48   4.5  26.06.2025  22:43:01
 14   2  16   4  $12    0.010     6.4469   4888.78   0.0      5.28   1.2  26.06.2025  22:43:03
 14   2   9  13  $12    0.010    -4.7366   3493.30   0.0     26.63   0.5  26.06.2025  22:43:05
 14   2  11  15  $12    0.010    -9.3201   8355.51   0.0     -6.98   4.7  26.06.2025  22:43:07
 14   2  12  16  $12    0.010    -2.2503  49485.91   0.0     12.30   1.4  26.06.2025  22:43:09
 14   2   9   5  $12    0.100    18.0639   4062.75   0.0      3.27   2.6  26.06.2025  22:43:13
 14   2  10   6  $12    0.100    21.1070   5304.77   0.0     32.65   0.3  26.06.2025  22:43:15
 14   2  11   7  $12    0.100    19.7004   4430.81   0.0      4.34   3.9  26.06.2025  22:43:17
 14   2  12   8  $12    0.100    19.2031   3016.41   0.0      4.06   1.0  26.06.2025  22:43:19
 14   2   5   1  $12    0.010     3.7431   3355.70   0.0      0.21 117.3  26.06.2025  22:43:24
 14   2   7   3  $12    0.010     5.7939   4273.03   0.0      3.56   2.5  26.06.2025  22:43:26
 14   2   8   4  $12    0.010     2.2594   3549.04   0.0      2.03   8.5  26.06.2025  22:43:28
 15   3  13   1  $12    0.010     4.8416   3671.47   0.0     -0.13  93.7  26.06.2025  22:43:30
 15   3  14   2  $12    0.010    17.1144   5869.16   0.0     -1.76   1.1  26.06.2025  22:43:32
 15   3  16   4  $12    0.010    15.7384   5397.30   0.0     15.88   0.3  26.06.2025  22:43:34
 15   3   9  13  $12    0.100   -16.9198   2657.76   0.0      8.32   0.2  26.06.2025  22:43:37
 15   3  10  14  $12    0.010    -9.3028   6860.89   0.0     -8.19   1.7  26.06.2025  22:43:42
 15   3  12  16  $12    0.010    -8.3334   7470.95   0.0     25.91   0.8  26.06.2025  22:43:44
 15   3   9   5  $12    0.100    16.2110   2546.42   0.0      5.58   0.8  26.06.2025  22:43:48
 15   3  10   6  $12    0.100    19.8429   4462.87   0.0      5.69   2.9  26.06.2025  22:43:50
 15   3  11   7  $12    0.100    22.7371   5714.45   0.0     10.55   1.5  26.06.2025  22:43:52
 15   3  12   8  $12    0.100    22.8829   5146.58   0.0      4.92   0.5  26.06.2025  22:43:54
 15   3   5   1  $12    0.100    15.2240  33479.31   0.0      3.74   5.7  26.06.2025  22:43:56
 15   3   6   2  $12    0.010     5.8237   5220.95   0.0      7.51   3.9  26.06.2025  22:44:01
 15   3   8   4  $12    0.010     5.0814   3747.57   0.0     11.48   1.8  26.06.2025  22:44:03
 16   4  13   1  $12    0.010     2.8969   3723.03   0.0     -0.08 250.8  26.06.2025  22:44:05
 16   4  14   2  $12    0.010     6.4617   4899.97   0.0      3.03   1.3  26.06.2025  22:44:07
 16   4  15   3  $12    0.010    15.7737   5409.39   0.0     14.66   1.3  26.06.2025  22:44:10
 16   4   9  13  $12    0.100    -6.1318   1379.09   0.0     10.35   0.3  26.06.2025  22:44:13
 16   4  10  14  $12    0.100   -22.4272   3522.86   0.0      4.49   3.4  26.06.2025  22:44:15
 16   4  11  15  $12    0.010    -8.1719   6026.82   0.0     27.68   0.2  26.06.2025  22:44:20
 16   4   9   5  $12    0.100    14.9669   1103.82   0.0      3.08   1.4  26.06.2025  22:44:24
 16   4  10   6  $12    0.100    18.7495   2945.17   0.0      7.20   3.0  26.06.2025  22:44:26
 16   4  11   7  $12    0.010     2.4444   5497.65   0.0     -0.86  65.8  26.06.2025  22:44:31
 16   4  12   8  $12    0.010     2.6125   6565.81   0.0      3.36   4.2  26.06.2025  22:44:33
 16   4   5   1  $12    0.100     7.6053    743.83   0.0      5.32   1.6  26.06.2025  22:44:37
 16   4   6   2  $12    0.100    23.0759  50746.62   0.0      5.42   4.9  26.06.2025  22:44:39
 16   4   7   3  $12    0.010     5.1012   4573.25   0.0      7.36   1.3  26.06.2025  22:44:44
  1   4   2   3  $12    0.010     5.6919   3576.32   0.0      6.67   1.4  26.06.2025  22:44:46
  2   3   1   4  $12    0.010     5.7042   3584.05   0.0      6.02   4.4  26.06.2025  22:44:48
  1   2   3   4  $12    0.010    -2.5997   4900.30   0.0     13.13   1.2  26.06.2025  22:44:50
  3   4   1   2  $12    0.010    -2.6094   4918.53   0.0     12.44   1.1  26.06.2025  22:44:52
  5   8   6   7  $12    0.010    10.5004   6597.60   0.0     23.26   0.1  26.06.2025  22:44:54
  6   7   5   8  $12    0.010    10.1653   6387.04   0.0     24.60   0.5  26.06.2025  22:44:56
  5   6   7   8  $12    0.010    -2.4817   4677.93   0.0     67.04   0.0  26.06.2025  22:44:58
  7   8   5   6  $12    0.010    -2.6005   4901.84   0.0     53.12   0.3  26.06.2025  22:45:00
  9  12  10  11  $12    0.010    11.0621   6950.53   0.0      1.41  14.4  26.06.2025  22:45:02
 10  11   9  12  $12    0.010    11.0689   6954.82   0.0      1.61  17.2  26.06.2025  22:45:04
  9  10  11  12  $12    0.010    -2.0463   3857.20   0.0     22.06   1.5  26.06.2025  22:45:06
 11  12   9  10  $12    0.010    -2.0508   3865.73   0.1     22.68   3.0  26.06.2025  22:45:08
 13  16  14  15  $12    0.010    10.0392   6307.80   0.0     27.15   0.8  26.06.2025  22:45:10
 14  15  13  16  $12    0.010    10.0385   6307.37   0.0     30.43   0.4  26.06.2025  22:45:12
 13  14  15  16  $12    0.010    -5.8928  11107.67   0.0    -10.38   1.6  26.06.2025  22:45:14
  1   9  10   2  $12    0.010   -14.6593   5275.24   0.0      4.78   1.4  26.06.2025  22:45:16
  1   9  11   3  $12    0.010    -6.5995   5654.48   0.0      9.64   5.8  26.06.2025  22:45:18
  1   9  12   4  $12    0.010    -4.6672   7804.16   0.0      9.42   0.8  26.06.2025  22:45:20
  2  10   9   1  $12    0.010   -14.6624   5276.33   0.0      3.88   0.4  26.06.2025  22:45:22
  2  10  11   3  $12    0.010   -15.0371   5411.18   0.0      8.78   1.2  26.06.2025  22:45:24
  2  10  12   4  $12    0.010    -8.3482   7152.71   0.0      9.68   1.3  26.06.2025  22:45:26
  3  11   9   1  $12    0.010    -6.6050   5659.14   0.0      5.94   1.8  26.06.2025  22:45:29
  3  11  10   2  $12    0.010   -15.0782   5425.95   0.0      6.97   0.5  26.06.2025  22:45:31
  3  11  12   4  $12    0.010   -16.7329   6021.43   0.0      7.10   0.9  26.06.2025  22:45:33
 12   4   9   1  $12    0.010     4.7296   7908.57   0.0      0.81   9.1  26.06.2025  22:45:35
 12   4  10   2  $12    0.010     8.4136   7208.72   0.0      3.92   7.6  26.06.2025  22:45:37
 12   4  11   3  $12    0.010    16.7379   6023.21   0.0      6.07   6.3  26.06.2025  22:45:39
 13   5  14   6  $12    0.010    17.0776   6145.47   0.0     14.13   1.5  26.06.2025  22:45:41
 13   5  15   7  $12    0.010     7.6560   6559.65   0.0     -1.43  39.6  26.06.2025  22:45:43
 13   5  16   8  $12    0.010     5.2252   8737.20   0.0     -0.52  23.0  26.06.2025  22:45:45
 14   6  13   5  $12    0.010    16.6409   5988.33   0.0     21.74   0.1  26.06.2025  22:45:47
 14   6  15   7  $12    0.010    19.7130   7093.83   0.0      5.91   2.6  26.06.2025  22:45:49
 14   6  16   8  $12    0.010     8.7890   7530.37   0.0      5.91   1.2  26.06.2025  22:45:51
 15   7  13   5  $12    0.010     7.6354   6541.99   0.0      1.76   9.7  26.06.2025  22:45:53
 15   7  14   6  $12    0.010    19.7836   7119.22   0.0      5.55   2.9  26.06.2025  22:45:55
 15   7  16   8  $12    0.010    19.4537   7000.51   0.0     11.50   0.2  26.06.2025  22:45:57
 16   8  13   5  $12    0.010     5.2299   8745.05   0.0      1.57  12.5  26.06.2025  22:45:59
 16   8  14   6  $12    0.010     8.8657   7596.13   0.0      6.22  19.1  26.06.2025  22:46:01
 16   8  15   7  $12    0.010    19.4329   6993.04   0.0     13.19   0.3  26.06.2025  22:46:03
  1   2   5   6  $12    0.100     2.4796   4673.90   0.0     81.69   0.2  26.06.2025  22:46:07
  2   3   6   7  $12    0.100     2.8613   5393.37   0.0    130.58   0.7  26.06.2025  22:46:09
  3   4   7   8  $12    1.000     8.7918   1657.22   0.0     20.52   0.4  26.06.2025  22:46:13
  1   2   9  10  $12    1.000     5.7605   9120.96   0.0     34.47   0.7  26.06.2025  22:46:15
  2   3  10  11  $12    1.000     6.0742   9617.73   0.0     10.72   8.6  26.06.2025  22:46:17
  3   4  11  12  $12    1.000     2.1547   3411.62   0.1     12.88   1.8  26.06.2025  22:46:19
  1   2  13  14  $12    0.100     3.7579 202589.56   0.0     67.79   0.1  26.06.2025  22:46:24
  2   3  14  15  $12    1.000    15.6407  84318.84   0.0     22.58   1.4  26.06.2025  22:46:28
  3   4  15  16  $12    1.000    10.5508  56879.29   0.0      2.64   2.5  26.06.2025  22:46:30
  5   6   9  10  $12    1.000    14.6695   2765.13   0.2    110.14   3.2  26.06.2025  22:46:32
  6   7  10  11  $12    0.100     2.7992   5276.38   0.0     98.82   0.1  26.06.2025  22:46:37
  7   8  11  12  $12    1.000    10.7988   2035.52   0.0     15.40   0.7  26.06.2025  22:46:40
  5   6  13  14  $12    1.000    -8.2178  13011.69   0.7    245.45   1.2  26.06.2025  22:46:42
  6   7  14  15  $12    1.000     2.7895   4416.78   0.2    109.68   2.6  26.06.2025  22:46:44
  7   8  15  16  $12   10.000    13.7696   2180.23   0.3    -47.60   1.1  26.06.2025  22:46:48
  9  10  13  14  $12    0.100     4.2557   8021.81   0.0    190.08   0.1  26.06.2025  22:46:56
 10  11  14  15  $12    0.100     2.9239   5511.47   0.0     57.40   1.0  26.06.2025  22:46:58
 11  12  15  16  $12    1.000     8.8186   1662.26   0.0     69.05   0.0  26.06.2025  22:47:02
  1   2   6   7  $12    1.000    12.7732   4815.37   0.0    -12.03   1.2  26.06.2025  22:47:04
  2   3   7   8  $12    1.000     7.8269   2950.66   0.0     -2.07  18.0  26.06.2025  22:47:06
  1   2   7   8  $12    1.000     9.8571   6503.08   0.0     -4.16   1.7  26.06.2025  22:47:08
  2   3   7   8  $12    1.000     7.8079   2943.51   0.0     -0.82  12.5  26.06.2025  22:47:10
  1   2  10  11  $12    1.000     8.5806  19408.86   0.0      6.85   0.4  26.06.2025  22:47:12
  2   3  11  12  $12    1.000     2.2586   5108.92   0.0     -6.35   1.1  26.06.2025  22:47:14
  1   2  11  12  $12    1.000     3.2370  10067.54   0.0      0.08 297.1  26.06.2025  22:47:16
  2   3  11  12  $12    1.000     2.2590   5109.79   0.0     -5.68   2.5  26.06.2025  22:47:18
  1   2  14  15  $12    1.000    20.3560 139667.71   0.0      2.73   0.9  26.06.2025  22:47:20
  2   3  15  16  $12    1.000     8.5978  58991.51   0.0    -26.38   1.1  26.06.2025  22:47:23
  1   2  15  16  $12    1.000    11.0352  94643.73   0.0     -8.09   1.9  26.06.2025  22:47:25
  2   3  15  16  $12    1.000     8.6017  59018.47   0.0    -26.60   1.4  26.06.2025  22:47:27
  5   6  10  11  $12    1.000     5.3290   2008.98   0.6   -392.85   1.7  26.06.2025  22:47:29
  6   7  11  12  $12    1.000     9.8214   3702.59   0.0     -5.58   1.1  26.06.2025  22:47:31
  5   6  11  12  $12    1.000     6.1138   4033.48   0.0    -24.81   0.3  26.06.2025  22:47:33
  6   7  11  12  $12    1.000     9.8432   3710.80   0.0     -3.13   7.2  26.06.2025  22:47:35
  5   6  14  15  $12    1.000     5.2860  11956.74   0.0   -126.16   1.3  26.06.2025  22:47:37
  6   7  15  16  $12    1.000     5.7063  12907.28   0.1     -8.49  32.5  26.06.2025  22:47:39
  5   6  15  16  $12    1.000    -1.2803   3981.92   0.2   -135.40   4.8  26.06.2025  22:47:45
  6   7  15  16  $12    1.000     4.9017  11087.38   0.4     32.46   3.8  26.06.2025  22:47:47
  9  10  14  15  $12    1.000    15.3803   5798.23   0.0     -3.08   2.5  26.06.2025  22:47:49
 10  11  15  16  $12    1.000    18.0793   6815.72   0.0      7.75   0.1  26.06.2025  22:47:51
  9  10  15  16  $12    1.000     4.4613   2943.26   0.0   -226.99   0.1  26.06.2025  22:47:53
 10  11  15  16  $12    1.000    18.0846   6817.72   0.0      8.06   3.0  26.06.2025  22:47:55
