//C:\Users\user\Desktop\GeoTom\GeoTomE724.ini
//- Cable direction:
//  cable I: normal
//  cable II: normal
//  cable III: normal
//  cable IV: normal
//- Cable arrangement: sequential
//- Optimization: Last measurement
//- Sorting: Multi-level
//- Current levels: 0.001 mA .. 50.0 mA
Type:         Flow
Name:         Hyprop
Comment:      Example of a measurements sequence
Comment:      
Comment:      
Spacing:      1.00000
First El:     0.00000
Nr of points: 289
IP present:   1

  1   5   2   6  $12    0.001     5.2579  22524.81   0.1     52.34   1.9  27.06.2025  20:35:08
  1   5   3   7  $12    0.010     7.6316  14385.30   0.0     29.27   0.0  27.06.2025  20:35:12
  1   5   4   8  $12    0.010     4.1950   5535.21   0.0      3.93  36.9  27.06.2025  20:35:14
  1   5  14   2  $12    0.010    -3.3851   3034.77   0.0      5.04   5.8  27.06.2025  20:35:16
  1   5  15   3  $12    0.100   -13.6884  30102.30   0.0      1.86   2.1  27.06.2025  20:35:20
  1   5  16   4  $12    0.100    -6.5000    635.72   0.0     11.35   3.0  27.06.2025  20:35:22
  1   5  13   9  $12    0.010     2.6126  19698.78   0.0    -23.31   3.4  27.06.2025  20:35:27
  1   5  14  10  $12    0.010     2.5838  29678.49   0.0      2.38  21.3  27.06.2025  20:35:29
  1   5  15  11  $12    0.010     2.0873  34426.06   0.1     -2.66  48.3  27.06.2025  20:35:31
  1   5  16  12  $12    0.100    17.8926  40577.59   0.0      1.34   4.6  27.06.2025  20:35:35
  1   5  10   6  $12    0.001     4.6153  40779.30   0.2     54.86  10.3  27.06.2025  20:35:43
  1   5  11   7  $12    0.010     4.1783   9844.81   0.0     51.31   1.1  27.06.2025  20:35:46
  1   5  12   8  $12    0.100    16.8307   7633.86   0.0     11.46   0.6  27.06.2025  20:35:50
  2   6   1   5  $12    0.001     4.8782  20898.27   0.0     53.78   0.8  27.06.2025  20:35:58
  2   6   3   7  $12    0.001     6.1632  26403.12   0.0     91.26   0.3  27.06.2025  20:36:00
  2   6   4   8  $12    0.010    15.0133  28299.32   0.0     35.43   0.7  27.06.2025  20:36:04
  2   6  13   1  $12    0.010    -3.4937   2576.63   0.1    151.88   0.9  27.06.2025  20:36:06
  2   6  15   3  $12    0.010    -5.6685   5081.80   0.0     24.97   1.9  27.06.2025  20:36:08
  2   6  16   4  $12    0.010    -2.2756  50043.11   0.0     12.25   5.0  27.06.2025  20:36:10
  2   6  13   9  $12    0.010     2.4109  10935.17   0.3   -188.53   0.9  27.06.2025  20:36:12
  2   6  14  10  $12    0.010     2.7647  20845.42   0.0     34.47   0.6  27.06.2025  20:36:14
  2   6  15  11  $12    0.010     2.6049  29920.54   0.0    -44.36   0.7  27.06.2025  20:36:16
  2   6  16  12  $12    0.010     2.2362  36881.97   0.0     -9.70   0.8  27.06.2025  20:36:18
  2   6   9   5  $12    0.001     4.4009  58068.75   0.0     66.25   1.4  27.06.2025  20:36:23
  2   6  11   7  $12    0.001     5.3881  47607.36   0.0    105.32   0.4  27.06.2025  20:36:25
  2   6  12   8  $12    0.010    10.5135  24771.83   0.0     50.53   0.3  27.06.2025  20:36:29
  3   7   1   5  $12    0.010     7.4272  13999.96   0.0     24.40   0.3  27.06.2025  20:36:31
  3   7   2   6  $12    0.001     6.1778  26465.70   0.4     62.28  15.0  27.06.2025  20:36:36
  3   7   4   8  $12    0.001     2.8938  12397.00   0.0     34.65   3.5  27.06.2025  20:36:38
  3   7  13   1  $12    0.100   -12.2813   1929.14   0.0     13.26  16.2  27.06.2025  20:36:43
  3   7  14   2  $12    0.010    -5.7723   4257.15   0.0      7.30   2.4  27.06.2025  20:36:48
  3   7  16   4  $12    0.010    -5.2419   4699.41   0.0     11.92   2.0  27.06.2025  20:36:50
  3   7  13   9  $12    0.010     2.2337   5263.08   0.6    -19.88  13.4  27.06.2025  20:36:52
  3   7  14  10  $12    0.010     2.4764  11232.08   0.0     -1.16  76.8  27.06.2025  20:36:54
  3   7  15  11  $12    0.010     2.5189  18991.81   0.0    -11.92   6.4  27.06.2025  20:36:56
  3   7  16  12  $12    0.010     2.5261  29016.37   0.0     -3.49   6.2  27.06.2025  20:36:58
  3   7   9   5  $12    0.010     4.0620   7656.70   0.0     41.88   1.5  27.06.2025  20:37:00
  3   7  10   6  $12    0.001     5.3639  70774.95   0.0     74.78   2.0  27.06.2025  20:37:05
  3   7  12   8  $12    0.001     2.0936  18498.08   0.0     33.21   1.8  27.06.2025  20:37:07
  4   8   1   5  $12    0.010     4.1956   5536.03   0.0      5.58   2.7  27.06.2025  20:37:11
  4   8   2   6  $12    0.010    15.4708  29161.72   0.0     32.40   1.5  27.06.2025  20:37:13
  4   8   3   7  $12    0.001     2.8622  12261.65   0.0     35.26   3.3  27.06.2025  20:37:18
  4   8  13   1  $12    0.100    -5.1430   1156.72   0.0     71.84   0.5  27.06.2025  20:37:23
  4   8  14   2  $12    0.100   -21.3754   3357.64   0.0      7.12   0.6  27.06.2025  20:37:26
  4   8  15   3  $12    0.010    -5.2345   3860.45   0.0     16.11   2.1  27.06.2025  20:37:31
  4   8  13   9  $12    0.100    19.6401   1735.35   0.0    -13.64   0.5  27.06.2025  20:37:34
  4   8  14  10  $12    0.010     2.4092   5676.49   0.1      0.47 170.0  27.06.2025  20:37:39
  4   8  15  11  $12    0.010     2.6452  11997.57   0.0    -12.05  11.6  27.06.2025  20:37:41
  4   8  16  12  $12    0.010     2.8789  21706.77   0.0     -2.20   5.0  27.06.2025  20:37:43
  4   8   9   5  $12    0.100    16.8820    723.22   0.0     19.02   0.3  27.06.2025  20:37:47
  4   8  10   6  $12    0.010    11.1559  21028.44   0.0     59.04   2.1  27.06.2025  20:37:52
  4   8  11   7  $12    0.010    20.7639  27397.33   0.0     57.60   0.5  27.06.2025  20:37:54
  5   9   6  10  $12    0.001     5.6287  24113.32   0.3     51.90   7.4  27.06.2025  20:37:59
  5   9   7  11  $12    0.010     7.4565  14055.19   0.0     28.32   3.3  27.06.2025  20:38:02
  5   9   8  12  $12    0.010     3.9412   5200.25   0.1      5.54   7.0  27.06.2025  20:38:04
  5   9   2   6  $12    0.001    -4.6751  61686.29   0.2     54.80   7.3  27.06.2025  20:38:09
  5   9   3   7  $12    0.010    -4.1925   7902.67   0.1     55.35   0.2  27.06.2025  20:38:13
  5   9   4   8  $12    0.100   -16.2994    698.27   0.0     16.17   1.2  27.06.2025  20:38:17
  5   9   1  13  $12    0.010     2.6285   6606.16   0.1     28.36  27.2  27.06.2025  20:38:22
  5   9   2  14  $12    0.100    18.0781   4065.95   0.0      3.68   0.3  27.06.2025  20:38:26
  5   9   3  15  $12    0.100    16.6569   2616.47   0.0      7.33   1.9  27.06.2025  20:38:28
  5   9   4  16  $12    0.100    15.7434   1161.09   0.0      1.48   5.5  27.06.2025  20:38:30
  5   9  14  10  $12    0.010     6.8191   6025.16   0.0      2.84   4.4  27.06.2025  20:38:34
  5   9  15  11  $12    0.100    15.5494   3663.75   0.0     -8.75   1.3  27.06.2025  20:38:38
  5   9  16  12  $12    0.100     6.9721   3162.31   0.0     -5.49   0.8  27.06.2025  20:38:40
  6  10   5   9  $12    0.001     5.1061  21874.61   0.0     46.21   0.3  27.06.2025  20:38:48
  6  10   7  11  $12    0.001     6.0453  25898.01   0.0     83.49   0.0  27.06.2025  20:38:50
  6  10   8  12  $12    0.010    14.5948  27510.49   0.0     41.38   0.3  27.06.2025  20:38:54
  6  10   1   5  $12    0.001    -4.3685  38598.49   0.0     67.62   0.2  27.06.2025  20:38:59
  6  10   3   7  $12    0.001    -5.3744  70913.08   0.0     99.88   0.5  27.06.2025  20:39:01
  6  10   4   8  $12    0.010   -10.4992  19790.48   0.0     55.05   0.4  27.06.2025  20:39:05
  6  10   1  13  $12    0.010     2.0368   4581.05   0.1   -219.48   1.5  27.06.2025  20:39:07
  6  10   2  14  $12    0.010     2.0776   5221.54   0.0     26.14   1.3  27.06.2025  20:39:09
  6  10   3  15  $12    0.010     2.2206   4994.43   0.0    -39.42   1.1  27.06.2025  20:39:11
  6  10   4  16  $12    0.010     2.0153   3165.66   0.0      3.22   0.2  27.06.2025  20:39:13
  6  10  13   9  $12    0.010     6.5198   8602.63   0.1     64.61   2.8  27.06.2025  20:39:15
  6  10  15  11  $12    0.010     5.1450   4545.95   0.0     26.50   4.2  27.06.2025  20:39:17
  6  10  16  12  $12    0.010     2.1791   5134.44   0.0      3.55   2.3  27.06.2025  20:39:19
  7  11   5   9  $12    0.010     7.2641  13692.60   0.0     24.97   0.9  27.06.2025  20:39:21
  7  11   6  10  $12    0.001     6.0715  26010.28   0.1     76.59   3.8  27.06.2025  20:39:26
  7  11   8  12  $12    0.001     3.1232  13379.57   0.0     35.82   2.0  27.06.2025  20:39:28
  7  11   1   5  $12    0.010    -4.0354   9508.26   0.0     50.37   0.2  27.06.2025  20:39:32
  7  11   2   6  $12    0.001    -5.2909  46749.07   0.0     88.86   1.4  27.06.2025  20:39:37
  7  11   4   8  $12    0.001    -2.0513  27065.63   0.0     57.70   1.3  27.06.2025  20:39:39
  7  11   1  13  $12    0.100    17.3167   2720.11   0.0     -5.30   3.9  27.06.2025  20:39:44
  7  11   2  14  $12    0.100    19.8986   4475.38   0.0      4.71   1.3  27.06.2025  20:39:46
  7  11   3  15  $12    0.010     2.4267   6098.90   0.0      0.32 210.9  27.06.2025  20:39:51
  7  11   4  16  $12    0.010     2.6488   5957.51   0.0     -5.02   8.0  27.06.2025  20:39:53
  7  11  13   9  $12    0.100    14.9134   2811.12   0.0      9.37   2.0  27.06.2025  20:39:57
  7  11  14  10  $12    0.010     5.4550   7197.76   0.0      4.87   7.0  27.06.2025  20:40:02
  7  11  16  12  $12    0.010     7.6098   6723.80   0.0      2.47  12.2  27.06.2025  20:40:04
  8  12   5   9  $12    0.010     3.9570   5221.10   0.0      4.03   7.6  27.06.2025  20:40:06
  8  12   6  10  $12    0.010    15.1581  28572.26   0.0     34.31   0.5  27.06.2025  20:40:08
  8  12   7  11  $12    0.001     3.1345  13428.19   0.2     34.70   3.3  27.06.2025  20:40:13
  8  12   1   5  $12    0.100   -17.1948   7799.02   0.0     21.46   0.1  27.06.2025  20:40:18
  8  12   2   6  $12    0.010   -11.0260  25979.30   0.0     60.55   0.1  27.06.2025  20:40:23
  8  12   3   7  $12    0.010   -20.9222  18486.33   0.0     57.24   0.3  27.06.2025  20:40:25
  8  12   1  13  $12    0.100    15.9310   1174.92   0.0    -24.94   5.4  27.06.2025  20:40:29
  8  12   2  14  $12    0.100    19.2556   3024.66   0.0      4.33   0.7  27.06.2025  20:40:31
  8  12   3  15  $12    0.010     2.4096   5419.45   0.1    -12.44  33.2  27.06.2025  20:40:36
  8  12  16   4  $12    0.010    -2.7296   6860.20   0.0      6.00  18.5  27.06.2025  20:40:38
  8  12   9  13  $12    0.100    -6.1312    262.66   0.1     69.23   1.4  27.06.2025  20:40:42
  8  12  10  14  $12    0.100   -22.3730   4217.20   0.0      6.59   0.9  27.06.2025  20:40:44
  8  12  11  15  $12    0.010    -7.6089  10039.65   0.0      8.26  14.5  27.06.2025  20:40:49
  9  13  10  14  $12    0.010    16.0090   6858.24   0.0     25.34   0.3  27.06.2025  20:40:51
  9  13  11  15  $12    0.010     5.6800  10706.47   0.0      5.48   3.3  27.06.2025  20:40:53
  9  13  12  16  $12    0.010     3.2318   4264.26   0.0      3.86   4.9  27.06.2025  20:40:55
  9  13   6  10  $12    0.010    -6.5372   8625.67   0.0     43.45   2.9  27.06.2025  20:40:57
  9  13   7  11  $12    0.100   -14.6621   2763.74   0.0     16.87   0.8  27.06.2025  20:41:01
  9  13   8  12  $12    0.100    -6.3274    271.06   0.0     36.57   0.2  27.06.2025  20:41:03
  9  13   5   1  $12    0.010     2.7021  20373.51   0.0    -12.24   0.2  27.06.2025  20:41:08
  9  13   6   2  $12    0.010     2.3194  10519.82   0.1    -67.69   5.7  27.06.2025  20:41:10
  9  13   7   3  $12    0.010     2.1383   5038.25   0.0     -2.68 149.7  27.06.2025  20:41:12
  9  13   8   4  $12    0.100    19.0002   1678.81   0.0     -9.67   0.3  27.06.2025  20:41:15
  9  13   2  14  $12    0.010     6.3529   4685.32   0.2     48.97   1.1  27.06.2025  20:41:20
  9  13   3  15  $12    0.010     2.0374   3200.34   0.0     -3.67  50.6  27.06.2025  20:41:22
  9  13   4  16  $12    0.100     6.6694   1500.00   0.0     -7.45   1.8  27.06.2025  20:41:26
 10  14   9  13  $12    0.010    15.9743   6843.37   0.1     22.19   5.3  27.06.2025  20:41:31
 10  14  11  15  $12    0.001     2.3813  10201.52   0.1    -13.29   6.3  27.06.2025  20:41:36
 10  14  12  16  $12    0.010     7.2807  13723.75   0.0      2.46   1.2  27.06.2025  20:41:40
 10  14   5   9  $12    0.010    -6.7083   5927.24   0.0      8.16   1.7  27.06.2025  20:41:42
 10  14   7  11  $12    0.010    -5.3954   7119.06   0.0      9.29   5.7  27.06.2025  20:41:44
 10  14   8  12  $12    0.010    -2.2010   4148.74   0.0     15.67  16.9  27.06.2025  20:41:46
 10  14   5   1  $12    0.010     2.5834  29674.52   0.0      0.27 223.7  27.06.2025  20:41:48
 10  14   6   2  $12    0.010     2.7767  20935.49   0.2     28.06   5.6  27.06.2025  20:41:50
 10  14   7   3  $12    0.010     2.4791  11244.49   0.0      4.75  14.8  27.06.2025  20:41:52
 10  14   8   4  $12    0.010     2.4102   5678.91   0.0      4.47  14.2  27.06.2025  20:41:54
 10  14   1  13  $12    0.010     7.2937   6538.85   0.0     49.43   2.7  27.06.2025  20:41:56
 10  14   3  15  $12    0.010    15.6140  11515.45   0.0    -19.97   0.3  27.06.2025  20:41:58
 10  14   4  16  $12    0.010     2.6688   4192.14   0.0     -7.20   1.8  27.06.2025  20:42:00
 11  15   9  13  $12    0.010     5.8679  11060.72   0.0      4.55   6.9  27.06.2025  20:42:02
 11  15  10  14  $12    0.001     2.4054  10304.68   0.0    -14.33   1.2  27.06.2025  20:42:07
 11  15  12  16  $12    0.010    18.3753   7871.96   0.0     15.17   0.2  27.06.2025  20:42:11
 11  15   5   9  $12    0.100   -15.0022   3534.81   0.0     -4.92   0.9  27.06.2025  20:42:14
 11  15   6  10  $12    0.010    -5.1491   4549.57   0.1     28.12  20.5  27.06.2025  20:42:19
 11  15   8  12  $12    0.010    -7.6330  10071.45   0.0     10.04   3.3  27.06.2025  20:42:21
 11  15   5   1  $12    0.010     2.0948  34550.84   0.0     -3.84   3.3  27.06.2025  20:42:23
 11  15   6   2  $12    0.010     2.5535  29330.88   0.6    -54.13  37.1  27.06.2025  20:42:25
 11  15   7   3  $12    0.010     2.5363  19123.52   0.0     -6.65  27.4  27.06.2025  20:42:27
 11  15   8   4  $12    0.010     2.6677  12100.00   0.0     -9.07   4.8  27.06.2025  20:42:29
 11  15   1  13  $12    0.010     2.3055  50701.02   0.1     19.40  21.5  27.06.2025  20:42:32
 11  15   2  14  $12    0.010    16.3184  14629.53   0.0    -13.50   0.2  27.06.2025  20:42:34
 11  15   4  16  $12    0.010     8.0475   5935.09   0.0     29.08   0.0  27.06.2025  20:42:36
 12  16   9  13  $12    0.010     3.2751   4321.45   0.2      2.13 110.4  27.06.2025  20:42:38
 12  16  10  14  $12    0.010     7.2957  13752.01   0.0      1.18   3.3  27.06.2025  20:42:40
 12  16  11  15  $12    0.010    18.4705   7912.73   0.0     14.51   1.4  27.06.2025  20:42:42
 12  16   5   9  $12    0.100    -6.6056   2996.08   0.0      1.78  18.4  27.06.2025  20:42:45
 12  16   6  10  $12    0.100   -21.8104   5138.96   0.0      3.01  59.7  27.06.2025  20:42:47
 12  16   7  11  $12    0.010    -7.5512   6672.04   0.0      6.72   4.7  27.06.2025  20:42:53
 12  16   5   1  $12    0.100    18.0474  40928.61   0.0      2.40   1.1  27.06.2025  20:42:56
 12  16   6   2  $12    0.100    22.2044  36622.59   0.1      3.53  26.6  27.06.2025  20:42:58
 12  16   7   3  $12    0.010     2.5386  29159.36   0.0     -2.72  19.6  27.06.2025  20:43:03
 12  16   8   4  $12    0.010     2.8875  21771.16   0.0     -3.48  20.0  27.06.2025  20:43:05
 12  16  13   1  $12    0.100    -7.9339    775.97   0.0     14.22   1.8  27.06.2025  20:43:09
 12  16  14   2  $12    0.010    -2.8625  62950.53   0.0      8.69   1.8  27.06.2025  20:43:14
 12  16  15   3  $12    0.010    -8.4325   7559.75   0.0     30.43   0.4  27.06.2025  20:43:16
 13   1  14   2  $12    0.010    12.0809   4142.99   0.0     33.37   0.2  27.06.2025  20:43:18
 13   1  15   3  $12    0.010     5.1173   3880.53   0.0      6.87   0.9  27.06.2025  20:43:20
 13   1  16   4  $12    0.010     2.8986   3725.21   0.0      6.21   8.6  27.06.2025  20:43:22
 13   1  10  14  $12    0.010    -6.4057   5742.69   0.0     59.05   0.4  27.06.2025  20:43:24
 13   1  11  15  $12    0.010    -2.0969  46113.41   0.0     35.68  13.2  27.06.2025  20:43:26
 13   1  12  16  $12    0.100    -7.1939    703.60   0.0      8.43   1.0  27.06.2025  20:43:30
 13   1   9   5  $12    0.010     2.5673   6452.33   0.0      6.68  13.3  27.06.2025  20:43:35
 13   1  10   6  $12    0.100    21.3712   4806.58   0.0    -96.48   1.4  27.06.2025  20:43:39
 13   1  11   7  $12    0.100    17.5260   2752.98   0.0    -16.51   0.6  27.06.2025  20:43:41
 13   1  12   8  $12    0.100    15.7210   1159.44   0.0    -13.10   0.7  27.06.2025  20:43:43
 13   1   6   2  $12    0.010     3.6765   2711.42   0.1     53.25   3.4  27.06.2025  20:43:48
 13   1   7   3  $12    0.100    12.8766   2022.65   0.0     19.12   1.2  27.06.2025  20:43:51
 13   1   8   4  $12    0.100     5.9927   1347.81   0.0     33.83   2.5  27.06.2025  20:43:53
 14   2  13   1  $12    0.010    12.2541   4202.39   0.0     26.23   3.0  27.06.2025  20:43:59
 14   2  15   3  $12    0.001     2.4178   8291.57   0.0    -16.04   1.2  27.06.2025  20:44:03
 14   2  16   4  $12    0.010     6.9817   5294.33   0.0      2.59   3.1  27.06.2025  20:44:07
 14   2   9  13  $12    0.010    -7.3884   5449.01   0.1     52.43   3.0  27.06.2025  20:44:09
 14   2  11  15  $12    0.010   -15.9430  14292.92   0.0    -14.35   0.5  27.06.2025  20:44:11
 14   2  12  16  $12    0.010    -2.8551  62787.61   0.0     10.02   0.8  27.06.2025  20:44:13
 14   2   9   5  $12    0.100    18.2042   4094.29   0.0      2.31   2.3  27.06.2025  20:44:17
 14   2  10   6  $12    0.100    20.5810   5172.57   0.1     25.47   7.3  27.06.2025  20:44:19
 14   2  11   7  $12    0.100    19.8953   4474.63   0.0      2.46   1.7  27.06.2025  20:44:21
 14   2  12   8  $12    0.100    19.3405   3037.99   0.0      3.31   3.3  27.06.2025  20:44:23
 14   2   5   1  $12    0.010     3.4414   3085.25   0.0     -0.06 283.5  27.06.2025  20:44:28
 14   2   7   3  $12    0.010     5.8112   4285.83   0.1      0.01 -641.5  27.06.2025  20:44:30
 14   2   8   4  $12    0.010     2.1805   3425.08   0.0     -5.20   9.6  27.06.2025  20:44:32
 15   3  13   1  $12    0.010     5.2460   3978.14   0.0      7.84   3.5  27.06.2025  20:44:34
 15   3  14   2  $12    0.001     2.4275   8324.77   0.0    -14.12   1.2  27.06.2025  20:44:39
 15   3  16   4  $12    0.010    15.9114   5456.62   0.0     18.73   0.2  27.06.2025  20:44:43
 15   3   9  13  $12    0.010    -2.2054   3464.16   0.0     24.05  14.7  27.06.2025  20:44:45
 15   3  10  14  $12    0.010   -16.1381  11901.99   0.0    -11.87   0.4  27.06.2025  20:44:47
 15   3  12  16  $12    0.010    -8.2174   7366.96   0.0     30.70   0.7  27.06.2025  20:44:49
 15   3   9   5  $12    0.100    16.7560   2632.02   0.0      9.42   1.2  27.06.2025  20:44:52
 15   3  10   6  $12    0.100    22.3520   5027.18   0.0    -48.30   0.4  27.06.2025  20:44:54
 15   3  11   7  $12    0.010     2.4101   6057.34   0.1     -0.85 248.8  27.06.2025  20:45:00
 15   3  12   8  $12    0.010     2.3911   5377.72   0.1     -5.89   7.2  27.06.2025  20:45:02
 15   3   5   1  $12    0.100    13.6128  29936.11   0.0      1.37   9.2  27.06.2025  20:45:05
 15   3   6   2  $12    0.010     5.7913   5191.94   0.0     19.70   2.9  27.06.2025  20:45:10
 15   3   8   4  $12    0.010     5.3079   3914.62   0.0      6.70   3.7  27.06.2025  20:45:12
 16   4  13   1  $12    0.010     2.9609   3805.37   0.4     -2.24  36.5  27.06.2025  20:45:14
 16   4  14   2  $12    0.010     6.9884   5299.42   0.0      2.69   3.1  27.06.2025  20:45:16
 16   4  15   3  $12    0.010    15.9875   5482.71   0.0     17.55   2.0  27.06.2025  20:45:18
 16   4   9  13  $12    0.100    -6.7325   1514.20   0.0      5.70   6.6  27.06.2025  20:45:22
 16   4  10  14  $12    0.010    -2.6190   4113.92   0.0      7.28   4.7  27.06.2025  20:45:27
 16   4  11  15  $12    0.010    -8.0978   5972.17   0.0     31.84   0.1  27.06.2025  20:45:29
 16   4   9   5  $12    0.100    15.8680   1170.28   0.0      1.47   8.8  27.06.2025  20:45:33
 16   4  10   6  $12    0.100    20.1508   3165.27   0.0     12.10   7.2  27.06.2025  20:45:35
 16   4  11   7  $12    0.010     2.6535   5967.92   0.0     -0.81  55.4  27.06.2025  20:45:40
 16   4  12   8  $12    0.010     2.7888   7009.05   0.0      1.10  14.1  27.06.2025  20:45:42
 16   4   5   1  $12    0.100     6.5006    635.78   0.0      5.98   0.4  27.06.2025  20:45:46
 16   4   6   2  $12    0.100    23.0384  50664.06   0.0     -1.79  55.1  27.06.2025  20:45:48
 16   4   7   3  $12    0.010     5.2598   4715.45   0.0      4.60  11.4  27.06.2025  20:45:52
  1   4   2   3  $12    0.010     5.8603   3682.15   0.0      3.29   9.3  27.06.2025  20:45:54
  2   3   1   4  $12    0.010     5.8728   3689.99   0.0      5.31   2.4  27.06.2025  20:45:57
  1   2   3   4  $12    0.010    -2.7371   5159.35   0.0      8.74   3.5  27.06.2025  20:45:59
  3   4   1   2  $12    0.010    -2.7310   5147.83   0.0     10.02   3.2  27.06.2025  20:46:01
  5   8   6   7  $12    0.001     5.7517  36139.23   0.0     60.59   0.4  27.06.2025  20:46:06
  6   7   5   8  $12    0.001     5.6587  35554.57   0.0     65.54   1.1  27.06.2025  20:46:08
  5   6   7   8  $12    0.001    -4.4715  84285.06   0.0    112.47   0.1  27.06.2025  20:46:10
  7   8   5   6  $12    0.001    -4.5889  86499.07   0.1     98.05   2.7  27.06.2025  20:46:12
  9  12  10  11  $12    0.010    11.7381   7375.24   0.0      3.89   1.0  27.06.2025  20:46:16
 10  11   9  12  $12    0.010    11.7256   7367.41   0.0      3.75   5.0  27.06.2025  20:46:18
  9  10  11  12  $12    0.010    -2.2058   4157.92   0.0     19.10   1.3  27.06.2025  20:46:20
 11  12   9  10  $12    0.010    -2.2365   4215.68   0.0     15.14   5.0  27.06.2025  20:46:22
 13  16  14  15  $12    0.010    11.1620   7013.30   0.0     57.85   0.6  27.06.2025  20:46:24
 14  15  13  16  $12    0.010    11.6814   7339.65   0.1     48.96   1.4  27.06.2025  20:46:26
 13  14  15  16  $12    0.010   -11.6200  21903.24   0.0    -15.22   1.3  27.06.2025  20:46:28
  1   9  10   2  $12    0.010   -14.5406   5232.53   0.0      5.82   0.8  27.06.2025  20:46:30
  1   9  11   3  $12    0.010    -6.5778   5635.88   0.0      5.04   8.7  27.06.2025  20:46:32
  1   9  12   4  $12    0.010    -4.6618   7795.17   0.0      7.66   1.1  27.06.2025  20:46:34
  2  10   9   1  $12    0.010   -14.5280   5227.99   0.0      5.31   0.6  27.06.2025  20:46:36
  2  10  11   3  $12    0.010   -15.6551   5633.57   0.0      6.30   0.5  27.06.2025  20:46:38
  2  10  12   4  $12    0.010    -8.6750   7432.75   0.0      8.29   1.3  27.06.2025  20:46:40
  3  11   9   1  $12    0.010    -6.5952   5650.78   0.0      7.01   1.2  27.06.2025  20:46:42
  3  11  10   2  $12    0.010   -15.7023   5650.55   0.0      7.11   0.8  27.06.2025  20:46:44
  3  11  12   4  $12    0.010   -17.9533   6460.58   0.0      7.32   1.2  27.06.2025  20:46:46
 12   4   9   1  $12    0.010     4.7153   7884.58   0.0      2.05  19.2  27.06.2025  20:46:48
 12   4  10   2  $12    0.010     8.7191   7470.54   0.0      5.34   2.1  27.06.2025  20:46:50
 12   4  11   3  $12    0.010    17.9885   6473.26   0.0      6.06   2.3  27.06.2025  20:46:52
 13   5  14   6  $12    0.001     6.3592  22883.96   0.1     47.68   2.3  27.06.2025  20:46:57
 13   5  15   7  $12    0.010    10.4363   8941.76   0.0     26.28   0.1  27.06.2025  20:47:01
 13   5  16   8  $12    0.010     5.8630   9803.71   0.0      8.75   8.7  27.06.2025  20:47:03
 14   6  13   5  $12    0.001     6.1652  22185.90   0.0     64.22   2.3  27.06.2025  20:47:08
 14   6  15   7  $12    0.001     8.0861  29098.08   0.0     66.83   0.3  27.06.2025  20:47:10
 14   6  16   8  $12    0.010    18.4893  15841.57   0.0     31.46   0.0  27.06.2025  20:47:14
 15   7  13   5  $12    0.010    10.4225   8930.00   0.0     23.20   0.8  27.06.2025  20:47:16
 15   7  14   6  $12    0.001     8.0247  28877.22   0.1     53.30   0.4  27.06.2025  20:47:21
 15   7  16   8  $12    0.001     3.5866  12906.53   0.0     33.67   4.1  27.06.2025  20:47:23
 16   8  13   5  $12    0.010     6.0188  10064.21   0.2      1.03  53.0  27.06.2025  20:47:27
 16   8  14   6  $12    0.010    18.8032  16110.57   0.0     32.59   0.9  27.06.2025  20:47:29
 16   8  15   7  $12    0.001     3.6216  13032.63   0.0     40.95   0.4  27.06.2025  20:47:34
  1   2   5   6  $12    0.100     3.9185   7386.25   0.8    -73.34   8.5  27.06.2025  20:47:39
  2   3   6   7  $12    0.100     2.5662   4837.19   0.8    151.12   0.8  27.06.2025  20:47:41
  3   4   7   8  $12    1.000     9.2003   1734.21   0.0      0.72   9.2  27.06.2025  20:47:45
  1   2   9  10  $12    1.000     6.4120  10152.56   0.0     33.05   0.7  27.06.2025  20:47:47
  2   3  10  11  $12    1.000     6.9248  10964.44   0.0     15.72   0.6  27.06.2025  20:47:49
  3   4  11  12  $12    1.000     2.4081   3812.84   0.0    -15.64   3.8  27.06.2025  20:47:51
  1   2  13  14  $12    0.100     4.4041 237424.05   0.0     44.68   1.4  27.06.2025  20:47:56
  2   3  14  15  $12    1.000    14.4068  77666.60   0.0      3.56  14.3  27.06.2025  20:48:00
  3   4  15  16  $12    1.000    11.6004  62537.29   0.0    -24.54   1.7  27.06.2025  20:48:02
  5   6   9  10  $12    0.100     3.4734   6547.26   0.1     14.80   1.9  27.06.2025  20:48:07
  6   7  10  11  $12    0.100     3.9588   7462.20   0.0    271.44   0.2  27.06.2025  20:48:09
  7   8  11  12  $12    1.000    12.1299   2286.43   0.0     -2.03   6.9  27.06.2025  20:48:13
  5   6  13  14  $12    0.100     2.4745  39179.98   0.2  -1143.29   0.1  27.06.2025  20:48:18
  6   7  14  15  $12    0.100     2.1801  34518.71   0.0   -333.71   0.1  27.06.2025  20:48:20
  7   8  15  16  $12    1.000     1.0558   1671.75   0.7  -1246.04   1.4  27.06.2025  20:48:28
  9  10  13  14  $12    0.100     6.3481  11965.92   0.1    134.53   1.0  27.06.2025  20:48:32
 10  11  14  15  $12    0.100     3.1611   5958.48   0.0     30.33   2.1  27.06.2025  20:48:35
 11  12  15  16  $12    1.000     7.6767   1447.02   0.0      3.83   8.0  27.06.2025  20:48:38
  1   2   6   7  $12    1.000     8.6653   3266.75   0.2    294.54   1.0  27.06.2025  20:48:40
  2   3   7   8  $12    1.000     8.1215   3061.73   0.1    -12.01   5.3  27.06.2025  20:48:42
  1   2   7   8  $12    1.000    10.7554   7095.71   0.0    -16.96   1.5  27.06.2025  20:48:44
  2   3   7   8  $12    1.000     8.0583   3037.90   0.0     -7.77   0.6  27.06.2025  20:48:46
  1   2  10  11  $12    1.000    10.1207  22892.57   0.0     18.18   0.8  27.06.2025  20:48:48
  2   3  11  12  $12    1.000     2.5681   5808.85   0.0     -8.46  12.0  27.06.2025  20:48:51
  1   2  11  12  $12    1.000     3.7183  11564.47   0.0     -0.19  35.0  27.06.2025  20:48:53
  2   3  11  12  $12    1.000     2.5702   5813.64   0.0     -5.34   7.2  27.06.2025  20:48:55
  1   2  14  15  $12    1.000    18.7267 128488.38   0.0      2.58   5.7  27.06.2025  20:48:57
  2   3  15  16  $12    1.000    10.8687  74572.83   0.0     -7.31   1.8  27.06.2025  20:48:59
  1   2  15  16  $12    1.000    12.5516 107649.61   0.0     -2.13   2.6  27.06.2025  20:49:01
  2   3  15  16  $12    1.000    10.8712  74589.72   0.0     -9.33   1.4  27.06.2025  20:49:03
  5   6  10  11  $12    0.100     0.4503   1697.41   0.3  -2111.80   0.5  27.06.2025  20:49:08
  6   7  11  12  $12    0.100     1.1024   4156.06   0.1     15.93  13.8  27.06.2025  20:49:14
  5   6  11  12  $12    0.100     0.7845   5175.92   0.0    -65.41   0.4  27.06.2025  20:49:19
  6   7  11  12  $12    0.100     1.1000   4146.90   0.0     20.93   0.9  27.06.2025  20:49:24
  5   6  14  15  $12    0.100    -1.2925  29235.29   0.1   -409.06   0.7  27.06.2025  20:49:29
  6   7  15  16  $12    0.100    -1.5938  36051.16   0.1   -593.27   0.2  27.06.2025  20:49:35
  5   6  15  16  $12    0.100     2.1168  65835.14   0.4   -400.68   0.4  27.06.2025  20:49:37
  6   7  15  16  $12    0.100    -1.6414  37128.20   0.1   -573.30   1.1  27.06.2025  20:49:42
  9  10  14  15  $12    1.000    14.2564   5374.55   0.0    -37.32   0.8  27.06.2025  20:49:46
 10  11  15  16  $12    1.000    19.4195   7320.99   0.0      0.58  50.8  27.06.2025  20:49:48
  9  10  15  16  $12    1.000    10.0183   6609.40   0.0     13.25   3.2  27.06.2025  20:49:50
 10  11  15  16  $12    1.000    19.4547   7334.24   0.0      0.08  56.1  27.06.2025  20:49:52
