//C:\Users\user\Desktop\GeoTom\GeoTomE724.ini
//- Cable direction:
//  cable I: normal
//  cable II: normal
//  cable III: normal
//  cable IV: normal
//- Cable arrangement: sequential
//- Optimization: Last measurement
//- Sorting: Multi-level
//- Current levels: 0.001 mA .. 50.0 mA
Type:         Flow
Name:         Hyprop
Comment:      Example of a measurements sequence
Comment:      
Comment:      
Spacing:      1.00000
First El:     0.00000
Nr of points: 289
IP present:   1

  1   5   2   6  $12    0.010    21.6937   9293.57   0.0     42.47   0.5  27.06.2025  06:35:05
  1   5   3   7  $12    0.010     5.8548  11036.07   0.0      4.26   2.4  27.06.2025  06:35:08
  1   5   4   8  $12    0.010     3.8320   5056.25   0.0      1.21  16.7  27.06.2025  06:35:10
  1   5  14   2  $12    0.010    -3.4476   3090.76   0.0      8.74   1.3  27.06.2025  06:35:12
  1   5  15   3  $12    0.100   -14.3202  31491.81   0.0      3.64   6.1  27.06.2025  06:35:15
  1   5  16   4  $12    0.100    -7.1184    696.21   0.0      9.33   2.0  27.06.2025  06:35:17
  1   5  13   9  $12    0.010     2.7372  20637.79   0.0     -3.14   7.6  27.06.2025  06:35:22
  1   5  14  10  $12    0.010     2.4313  27926.84   0.0     -4.22  20.1  27.06.2025  06:35:24
  1   5  15  11  $12    0.010     2.0040  33053.44   0.0     -7.77  20.9  27.06.2025  06:35:26
  1   5  16  12  $12    0.100    17.4504  39574.69   0.0      2.21   1.6  27.06.2025  06:35:30
  1   5  10   6  $12    0.010    15.5568  13745.61   0.0     59.46   0.6  27.06.2025  06:35:35
  1   5  11   7  $12    0.010     2.4296   5724.71   0.0     -0.70 168.1  27.06.2025  06:35:37
  1   5  12   8  $12    0.100    13.4513   6101.07   0.0      1.18   5.9  27.06.2025  06:35:41
  2   6   1   5  $12    0.010    19.0315   8153.07   0.0     38.66   0.4  27.06.2025  06:35:46
  2   6   3   7  $12    0.010    17.8249   7636.16   0.0     70.55   0.0  27.06.2025  06:35:48
  2   6   4   8  $12    0.010     7.2119  13594.04   0.0     11.03   3.1  27.06.2025  06:35:50
  2   6  13   1  $12    0.010    -3.6123   2664.11   0.0     31.76   1.6  27.06.2025  06:35:52
  2   6  15   3  $12    0.010    -5.7647   5168.09   0.0     15.42   1.3  27.06.2025  06:35:54
  2   6  16   4  $12    0.010    -2.2981  50536.94   0.0     14.93   4.9  27.06.2025  06:35:56
  2   6  13   9  $12    0.010     2.1713   9848.34   0.1    -39.27   0.8  27.06.2025  06:35:58
  2   6  14  10  $12    0.010     2.5331  19098.79   0.0     21.36   2.4  27.06.2025  06:36:00
  2   6  15  11  $12    0.010     2.2875  26275.44   0.0    -14.86   0.5  27.06.2025  06:36:02
  2   6  16  12  $12    0.010     2.1074  34758.75   0.0     -3.40   4.4  27.06.2025  06:36:04
  2   6   9   5  $12    0.010    13.6358  17991.96   0.0     58.83   0.0  27.06.2025  06:36:06
  2   6  11   7  $12    0.010     9.8098   8667.68   0.0    125.30   0.0  27.06.2025  06:36:08
  2   6  12   8  $12    0.010     2.7862   6564.91   0.0     19.04   1.4  27.06.2025  06:36:10
  3   7   1   5  $12    0.010     5.8519  11030.50   0.0      2.71   2.8  27.06.2025  06:36:12
  3   7   2   6  $12    0.010    17.8599   7651.18   0.0     48.85   0.5  27.06.2025  06:36:14
  3   7   4   8  $12    0.010    14.4803   6203.35   0.0      8.05   0.5  27.06.2025  06:36:16
  3   7  13   1  $12    0.100   -13.7060   2152.94   0.0      4.29   1.1  27.06.2025  06:36:20
  3   7  14   2  $12    0.010    -5.7682   4254.12   0.0      8.43   0.2  27.06.2025  06:36:25
  3   7  16   4  $12    0.010    -5.1667   4631.95   0.0     14.65   1.3  27.06.2025  06:36:27
  3   7  13   9  $12    0.010     2.0176   4753.87   0.0     -3.59  17.8  27.06.2025  06:36:29
  3   7  14  10  $12    0.010     2.2983  10424.53   0.0     -4.14  45.0  27.06.2025  06:36:31
  3   7  15  11  $12    0.010     2.3444  17676.25   0.0     -5.92   5.7  27.06.2025  06:36:33
  3   7  16  12  $12    0.010     2.3870  27417.82   0.0     -2.85   3.9  27.06.2025  06:36:35
  3   7   9   5  $12    0.010     2.4869   4687.79   0.0      1.33   7.3  27.06.2025  06:36:37
  3   7  10   6  $12    0.010     9.6180  12690.69   0.1     79.92   0.3  27.06.2025  06:36:39
  3   7  12   8  $12    0.010     6.8814   6080.23   0.0      5.98   2.9  27.06.2025  06:36:41
  4   8   1   5  $12    0.010     3.8319   5056.09   0.0      0.16 110.6  27.06.2025  06:36:43
  4   8   2   6  $12    0.010     7.3348  13825.87   0.0     11.49   9.1  27.06.2025  06:36:45
  4   8   3   7  $12    0.010    14.4488   6189.84   0.0     10.15   1.2  27.06.2025  06:36:47
  4   8  13   1  $12    0.100    -6.4073   1441.07   0.0      9.56   0.3  27.06.2025  06:36:51
  4   8  14   2  $12    0.100   -21.7528   3416.92   0.0      8.95   0.1  27.06.2025  06:36:53
  4   8  15   3  $12    0.010    -5.1105   3769.03   0.0     16.95   1.2  27.06.2025  06:36:58
  4   8  13   9  $12    0.100    18.2148   1609.41   0.0      1.74   1.5  27.06.2025  06:37:02
  4   8  14  10  $12    0.100    22.4857   5298.06   0.0      2.71   0.7  27.06.2025  06:37:04
  4   8  15  11  $12    0.010     2.5534  11581.46   0.0     -5.35  16.0  27.06.2025  06:37:09
  4   8  16  12  $12    0.010     2.7740  20915.11   0.0     -1.78  15.4  27.06.2025  06:37:11
  4   8   9   5  $12    0.100    13.4456    576.01   0.0      2.36   3.3  27.06.2025  06:37:15
  4   8  10   6  $12    0.010     2.9365   5535.09   0.2     14.05  28.4  27.06.2025  06:37:19
  4   8  11   7  $12    0.010     6.8151   8992.36   0.0     11.54   2.5  27.06.2025  06:37:21
  5   9   6  10  $12    0.001     2.4676  10571.37   0.3     31.47  10.8  27.06.2025  06:37:26
  5   9   7  11  $12    0.010     5.6651  10678.46   0.0      2.76  10.9  27.06.2025  06:37:30
  5   9   8  12  $12    0.010     3.5866   4732.45   0.0     -0.99  21.6  27.06.2025  06:37:32
  5   9   2   6  $12    0.010   -15.7385  20766.41   0.0     49.68   0.4  27.06.2025  06:37:34
  5   9   3   7  $12    0.010    -2.4416   4602.28   0.0     17.04   0.5  27.06.2025  06:37:36
  5   9   4   8  $12    0.100   -13.2955    569.58   0.0      4.10   3.1  27.06.2025  06:37:40
  5   9   1  13  $12    0.010     2.4974   6276.77   0.0     32.57   1.1  27.06.2025  06:37:45
  5   9   2  14  $12    0.100    18.0398   4057.31   0.0      3.55   0.6  27.06.2025  06:37:49
  5   9   3  15  $12    0.100    16.3661   2570.77   0.0      6.01   3.5  27.06.2025  06:37:51
  5   9   4  16  $12    0.100    15.0840   1112.46   0.0      3.85   2.2  27.06.2025  06:37:53
  5   9  14  10  $12    0.010     6.7366   5952.24   0.0     -1.07  12.0  27.06.2025  06:37:58
  5   9  15  11  $12    0.100    15.4727   3645.67   0.0     -4.00   2.6  27.06.2025  06:38:01
  5   9  16  12  $12    0.100     7.2363   3282.15   0.0     -2.46   2.7  27.06.2025  06:38:04
  6  10   5   9  $12    0.010    21.4682   9196.94   0.0     29.41   1.5  27.06.2025  06:38:08
  6  10   7  11  $12    0.010    16.3901   7021.50   0.0     67.16   0.0  27.06.2025  06:38:10
  6  10   8  12  $12    0.010     6.8279  12870.36   0.0     12.75   0.4  27.06.2025  06:38:12
  6  10   1   5  $12    0.010   -13.2236  11684.06   0.0     58.98   0.1  27.06.2025  06:38:14
  6  10   3   7  $12    0.010    -9.3450  12330.48   0.0    115.40   0.0  27.06.2025  06:38:17
  6  10   4   8  $12    0.010    -2.7351   5155.50   0.0     27.11   0.2  27.06.2025  06:38:19
  6  10   1  13  $12    0.100    18.7115   4208.40   0.0    -28.52   0.2  27.06.2025  06:38:22
  6  10   2  14  $12    0.100    20.4819   5147.66   0.0     27.38   0.3  27.06.2025  06:38:24
  6  10   3  15  $12    0.100    19.9945   4496.95   0.0    -13.53   0.8  27.06.2025  06:38:26
  6  10   4  16  $12    0.100    18.7130   2939.43   0.0      3.21   0.1  27.06.2025  06:38:28
  6  10  13   9  $12    0.010     6.7647   8925.81   0.0      7.19   2.1  27.06.2025  06:38:33
  6  10  15  11  $12    0.010     5.1562   4555.89   0.0     13.03   0.8  27.06.2025  06:38:35
  6  10  16  12  $12    0.010     2.1968   5175.99   0.0      5.37   2.9  27.06.2025  06:38:37
  7  11   5   9  $12    0.010     5.6471  10644.47   0.0      1.90  19.2  27.06.2025  06:38:39
  7  11   6  10  $12    0.010    16.5317   7082.14   0.0     49.98   0.3  27.06.2025  06:38:41
  7  11   8  12  $12    0.010    16.4565   7049.95   0.0      6.74   2.4  27.06.2025  06:38:43
  7  11   1   5  $12    0.010    -2.3758   5597.77   0.0     17.66   1.6  27.06.2025  06:38:46
  7  11   2   6  $12    0.010    -9.5233   8414.53   0.0     85.41   0.7  27.06.2025  06:38:48
  7  11   4   8  $12    0.010    -6.7182   8864.41   0.0     11.39   1.5  27.06.2025  06:38:50
  7  11   1  13  $12    0.100    16.6219   2610.96   0.0      3.32   3.4  27.06.2025  06:38:53
  7  11   2  14  $12    0.100    19.8538   4465.30   0.0      4.04   0.4  27.06.2025  06:38:56
  7  11   3  15  $12    0.010     2.3631   5939.12   0.0      3.60  24.9  27.06.2025  06:39:00
  7  11   4  16  $12    0.010     2.5187   5664.72   0.0     -1.04 187.8  27.06.2025  06:39:02
  7  11  13   9  $12    0.100    15.5999   2940.52   0.0      1.28   4.1  27.06.2025  06:39:06
  7  11  14  10  $12    0.010     5.2791   6965.54   0.0      7.34   1.1  27.06.2025  06:39:11
  7  11  16  12  $12    0.010     7.2322   6390.18   0.0      3.60  13.8  27.06.2025  06:39:13
  8  12   5   9  $12    0.010     3.5834   4728.15   0.0     -1.15  12.3  27.06.2025  06:39:15
  8  12   6  10  $12    0.010     6.9945  13184.36   0.0     15.61   7.8  27.06.2025  06:39:17
  8  12   7  11  $12    0.010    16.4227   7035.46   0.0      8.62   2.3  27.06.2025  06:39:19
  8  12   1   5  $12    0.100   -13.3719   6065.07   0.0      4.04   0.8  27.06.2025  06:39:23
  8  12   2   6  $12    0.010    -2.8660   6752.87   0.1     29.13   2.1  27.06.2025  06:39:28
  8  12   3   7  $12    0.010    -6.8591   6060.49   0.0     16.53   0.1  27.06.2025  06:39:30
  8  12   1  13  $12    0.100    14.9437   1102.11   0.0      2.79   1.0  27.06.2025  06:39:34
  8  12   2  14  $12    0.100    19.2705   3027.01   0.0      3.23   0.8  27.06.2025  06:39:36
  8  12   3  15  $12    0.010     2.3448   5273.64   0.0      0.83 148.2  27.06.2025  06:39:41
  8  12  16   4  $12    0.010    -2.6153   6572.90   0.0     17.52   5.3  27.06.2025  06:39:43
  8  12   9  13  $12    0.100    -7.2529    310.71   0.0      2.79  20.4  27.06.2025  06:39:46
  8  12  10  14  $12    0.100   -21.5778   4067.32   0.0     10.03   1.5  27.06.2025  06:39:48
  8  12  11  15  $12    0.010    -7.1524   9437.37   0.0      8.85   4.5  27.06.2025  06:39:53
  9  13  10  14  $12    0.010    13.8926   5951.58   0.0      6.77   2.5  27.06.2025  06:39:55
  9  13  11  15  $12    0.010     5.2885   9968.51   0.0     -3.61  17.3  27.06.2025  06:39:57
  9  13  12  16  $12    0.010     3.1854   4203.05   0.0     -0.91   9.0  27.06.2025  06:40:00
  9  13   6  10  $12    0.010    -6.6828   8817.76   0.0      6.85   2.4  27.06.2025  06:40:02
  9  13   7  11  $12    0.100   -15.4869   2919.21   0.0      4.50   0.2  27.06.2025  06:40:05
  9  13   8  12  $12    0.100    -7.1469    306.17   0.0      5.03   1.9  27.06.2025  06:40:07
  9  13   5   1  $12    0.010     2.7499  20733.70   0.0     -4.11   8.3  27.06.2025  06:40:12
  9  13   6   2  $12    0.010     2.2575  10239.31   0.1    -32.34   1.7  27.06.2025  06:40:14
  9  13   7   3  $12    0.010     2.0279   4778.06   0.0     -6.15   5.6  27.06.2025  06:40:16
  9  13   8   4  $12    0.100    18.2730   1614.55   0.0      0.64   5.7  27.06.2025  06:40:20
  9  13   2  14  $12    0.010     4.8999   3613.73   0.0     17.71   0.2  27.06.2025  06:40:25
  9  13   3  15  $12    0.100    16.9296   2659.30   0.0    -13.63   1.0  27.06.2025  06:40:29
  9  13   4  16  $12    0.100     6.1940   1393.08   0.0     -0.40  37.0  27.06.2025  06:40:31
 10  14   9  13  $12    0.010    13.8605   5937.82   0.0     10.36   0.6  27.06.2025  06:40:36
 10  14  11  15  $12    0.010    18.4532   7905.32   0.0     -5.36   7.0  27.06.2025  06:40:38
 10  14  12  16  $12    0.010     6.7989  12815.61   0.0      3.21   1.2  27.06.2025  06:40:40
 10  14   5   9  $12    0.010    -6.7151   5933.27   0.0      4.59  10.9  27.06.2025  06:40:42
 10  14   7  11  $12    0.010    -5.2223   6890.67   0.0     14.31   0.7  27.06.2025  06:40:44
 10  14   8  12  $12    0.010    -2.1182   3992.67   0.0     16.25   1.7  27.06.2025  06:40:46
 10  14   5   1  $12    0.010     2.4357  27977.87   0.0     -0.25  33.1  27.06.2025  06:40:48
 10  14   6   2  $12    0.010     2.5528  19247.56   0.0     20.01  14.8  27.06.2025  06:40:50
 10  14   7   3  $12    0.010     2.2919  10395.49   0.0     -2.09   3.6  27.06.2025  06:40:52
 10  14   8   4  $12    0.010     2.2728   5355.07   0.0     -4.11   2.8  27.06.2025  06:40:54
 10  14   1  13  $12    0.010     4.7905   4294.72   0.0     26.89   1.3  27.06.2025  06:40:56
 10  14   3  15  $12    0.010    10.9721   8092.02   0.0    -15.73   0.7  27.06.2025  06:40:58
 10  14   4  16  $12    0.010     2.4094   3784.75   0.0     -6.27   4.8  27.06.2025  06:41:00
 11  15   9  13  $12    0.010     5.3101  10009.36   0.0     -0.79  13.6  27.06.2025  06:41:02
 11  15  10  14  $12    0.010    18.5368   7941.15   0.0     -2.65   7.2  27.06.2025  06:41:04
 11  15  12  16  $12    0.010    18.1917   7793.29   0.0     13.60   0.8  27.06.2025  06:41:06
 11  15   5   9  $12    0.100   -15.2469   3592.48   0.0      2.42   1.9  27.06.2025  06:41:10
 11  15   6  10  $12    0.010    -5.1289   4531.73   0.0     21.19   4.6  27.06.2025  06:41:15
 11  15   8  12  $12    0.010    -7.1568   9443.17   0.0      5.78   1.0  27.06.2025  06:41:17
 11  15   5   1  $12    0.010     2.0071  33104.42   0.0     -3.46   3.0  27.06.2025  06:41:19
 11  15   6   2  $12    0.010     2.3015  26435.53   0.1    -33.02  17.3  27.06.2025  06:41:21
 11  15   7   3  $12    0.010     2.3586  17783.70   0.0     -3.86   8.5  27.06.2025  06:41:23
 11  15   8   4  $12    0.010     2.5574  11599.67   0.0     -6.89   2.4  27.06.2025  06:41:25
 11  15   1  13  $12    0.100    17.9591  39494.08   0.0      8.02   0.5  27.06.2025  06:41:29
 11  15   2  14  $12    0.010    11.1247   9973.33   0.0    -12.48   0.1  27.06.2025  06:41:34
 11  15   4  16  $12    0.010     8.4142   6205.54   0.0     22.98   0.3  27.06.2025  06:41:36
 12  16   9  13  $12    0.010     3.1928   4212.77   0.0     -3.08   8.1  27.06.2025  06:41:38
 12  16  10  14  $12    0.010     6.8186  12852.70   0.0      4.71   4.5  27.06.2025  06:41:40
 12  16  11  15  $12    0.010    18.1742   7785.81   0.0     11.86   1.1  27.06.2025  06:41:42
 12  16   5   9  $12    0.100    -7.1099   3224.83   0.0      3.93   0.8  27.06.2025  06:41:46
 12  16   6  10  $12    0.100   -21.9990   5183.39   0.0      8.23   1.7  27.06.2025  06:41:48
 12  16   7  11  $12    0.010    -7.1390   6307.81   0.0      7.16   0.8  27.06.2025  06:41:53
 12  16   5   1  $12    0.100    17.5577  39818.11   0.0      2.49   1.9  27.06.2025  06:41:56
 12  16   6   2  $12    0.100    20.9909  34620.99   0.0      3.47   0.6  27.06.2025  06:41:58
 12  16   7   3  $12    0.010     2.3985  27549.86   0.0     -2.81   1.2  27.06.2025  06:42:03
 12  16   8   4  $12    0.010     2.7836  20988.19   0.0     -1.90  28.9  27.06.2025  06:42:05
 12  16  13   1  $12    0.100    -7.0255    687.13   0.0      7.85   0.7  27.06.2025  06:42:09
 12  16  14   2  $12    0.010    -2.4779  54491.99   0.0      9.99   2.6  27.06.2025  06:42:14
 12  16  15   3  $12    0.010    -8.5460   7661.53   0.0     26.59   2.8  27.06.2025  06:42:16
 13   1  14   2  $12    0.010    10.2335   3509.44   0.0     10.97   0.5  27.06.2025  06:42:18
 13   1  15   3  $12    0.010     4.8154   3651.56   0.0     -2.81   5.4  27.06.2025  06:42:20
 13   1  16   4  $12    0.010     2.8735   3692.99   0.0     -1.17  57.1  27.06.2025  06:42:22
 13   1  10  14  $12    0.010    -4.6901   4204.72   0.0     21.67   0.6  27.06.2025  06:42:24
 13   1  11  15  $12    0.100   -17.2984  38041.09   0.0     -5.81   2.7  27.06.2025  06:42:28
 13   1  12  16  $12    0.100    -6.9564    680.36   0.0      4.03   3.6  27.06.2025  06:42:30
 13   1   9   5  $12    0.010     2.4267   6098.85   0.0     16.13   1.1  27.06.2025  06:42:35
 13   1  10   6  $12    0.100    19.8860   4472.55   0.0     -7.21   6.1  27.06.2025  06:42:39
 13   1  11   7  $12    0.100    16.6506   2615.46   0.0      1.60   3.3  27.06.2025  06:42:41
 13   1  12   8  $12    0.100    14.9576   1103.14   0.0      0.37  19.5  27.06.2025  06:42:43
 13   1   6   2  $12    0.010     3.5883   2646.38   0.1     10.29   9.5  27.06.2025  06:42:48
 13   1   7   3  $12    0.100    13.6461   2143.52   0.0     -0.31   5.3  27.06.2025  06:42:51
 13   1   8   4  $12    0.100     6.4595   1452.80   0.0      6.21   2.1  27.06.2025  06:42:53
 14   2  13   1  $12    0.010    10.1974   3497.07   0.0     13.95   1.0  27.06.2025  06:42:58
 14   2  15   3  $12    0.010    18.8795   6474.48   0.0     -4.47   0.1  27.06.2025  06:43:01
 14   2  16   4  $12    0.010     6.6384   5033.98   0.0      3.50   1.6  27.06.2025  06:43:03
 14   2   9  13  $12    0.010    -4.9080   3619.71   0.0     32.59   0.2  27.06.2025  06:43:05
 14   2  11  15  $12    0.010   -11.0432   9900.25   0.0    -10.18   2.8  27.06.2025  06:43:07
 14   2  12  16  $12    0.010    -2.4704  54327.23   0.0     11.31   1.0  27.06.2025  06:43:09
 14   2   9   5  $12    0.100    18.0674   4063.54   0.0      3.35   0.9  27.06.2025  06:43:12
 14   2  10   6  $12    0.100    21.0507   5290.62   0.0     28.92   1.8  27.06.2025  06:43:14
 14   2  11   7  $12    0.100    19.8524   4464.99   0.0      3.82   2.4  27.06.2025  06:43:16
 14   2  12   8  $12    0.100    19.3123   3033.57   0.0      3.80   1.8  27.06.2025  06:43:18
 14   2   5   1  $12    0.010     3.5111   3147.69   0.0     -0.14  87.2  27.06.2025  06:43:23
 14   2   7   3  $12    0.010     5.7848   4266.30   0.0      2.18   2.0  27.06.2025  06:43:25
 14   2   8   4  $12    0.010     2.2081   3468.49   0.0      5.18   4.1  27.06.2025  06:43:27
 15   3  13   1  $12    0.010     4.8169   3652.76   0.0     -0.10  79.9  27.06.2025  06:43:29
 15   3  14   2  $12    0.010    18.8188   6453.66   0.0     -3.59   1.2  27.06.2025  06:43:31
 15   3  16   4  $12    0.010    16.1165   5526.95   0.0     16.11   0.2  27.06.2025  06:43:33
 15   3   9  13  $12    0.100   -17.4608   2742.74   0.0      9.71   0.7  27.06.2025  06:43:37
 15   3  10  14  $12    0.010   -11.0530   8151.67   0.0     -9.44   1.2  27.06.2025  06:43:42
 15   3  12  16  $12    0.010    -8.5083   7627.69   0.0     27.36   1.1  27.06.2025  06:43:44
 15   3   9   5  $12    0.100    16.3869   2574.04   0.0      6.07   0.8  27.06.2025  06:43:48
 15   3  10   6  $12    0.100    20.4768   4605.44   0.0    -12.34   1.6  27.06.2025  06:43:50
 15   3  11   7  $12    0.010     2.3558   5920.68   0.0      5.62   0.6  27.06.2025  06:43:55
 15   3  12   8  $12    0.010     2.3510   5287.54   0.0     -2.44  13.6  27.06.2025  06:43:57
 15   3   5   1  $12    0.100    14.3622  31584.13   0.0      1.83   3.8  27.06.2025  06:44:01
 15   3   6   2  $12    0.010     5.8185   5216.28   0.0     11.49  11.8  27.06.2025  06:44:06
 15   3   8   4  $12    0.010     5.1739   3815.81   0.0     10.86   1.8  27.06.2025  06:44:08
 16   4  13   1  $12    0.010     2.8698   3688.26   0.0     -0.20  56.0  27.06.2025  06:44:10
 16   4  14   2  $12    0.010     6.6440   5038.24   0.0      2.66   1.0  27.06.2025  06:44:12
 16   4  15   3  $12    0.010    16.0550   5505.87   0.0     15.35   0.3  27.06.2025  06:44:14
 16   4   9  13  $12    0.100    -6.1482   1382.78   0.0      8.52   0.7  27.06.2025  06:44:18
 16   4  10  14  $12    0.010    -2.3637   3712.82   0.0      9.04   1.2  27.06.2025  06:44:22
 16   4  11  15  $12    0.010    -8.3397   6150.59   0.0     24.62   0.7  27.06.2025  06:44:25
 16   4   9   5  $12    0.100    15.1135   1114.63   0.0      2.79   1.8  27.06.2025  06:44:28
 16   4  10   6  $12    0.100    19.0057   2985.41   0.0      6.80  13.7  27.06.2025  06:44:30
 16   4  11   7  $12    0.010     2.5137   5653.48   0.0     -1.41  28.3  27.06.2025  06:44:35
 16   4  12   8  $12    0.010     2.6611   6688.09   0.0      2.53   7.8  27.06.2025  06:44:37
 16   4   5   1  $12    0.100     7.1681    701.07   0.0      4.36   2.0  27.06.2025  06:44:41
 16   4   6   2  $12    0.010     2.3512  51705.05   0.0      0.43 568.1  27.06.2025  06:44:46
 16   4   7   3  $12    0.010     5.2002   4662.00   0.0      6.69   0.5  27.06.2025  06:44:48
  1   4   2   3  $12    0.010     5.7075   3586.11   0.0      5.92   1.9  27.06.2025  06:44:50
  2   3   1   4  $12    0.010     5.7225   3595.54   0.0      7.11   0.4  27.06.2025  06:44:52
  1   2   3   4  $12    0.010    -2.6468   4989.18   0.0     11.91   1.6  27.06.2025  06:44:54
  3   4   1   2  $12    0.010    -2.6574   5009.15   0.0     11.14   1.6  27.06.2025  06:44:56
  5   8   6   7  $12    0.010    18.7560  11784.76   0.0     43.33   0.5  27.06.2025  06:44:58
  6   7   5   8  $12    0.010    17.1345  10765.91   0.0     56.63   0.0  27.06.2025  06:45:00
  5   6   7   8  $12    0.010    -5.8980  11117.39   0.0    197.08   0.0  27.06.2025  06:45:02
  7   8   5   6  $12    0.010    -6.0721  11445.55   0.1    136.05   0.3  27.06.2025  06:45:04
  9  12  10  11  $12    0.010    11.1657   7015.61   0.0     -0.17  31.9  27.06.2025  06:45:06
 10  11   9  12  $12    0.010    11.1610   7012.65   0.0     -0.03 1457.0  27.06.2025  06:45:08
  9  10  11  12  $12    0.010    -2.1146   3985.96   0.0     25.29   1.5  27.06.2025  06:45:10
 11  12   9  10  $12    0.010    -2.1329   4020.39   0.2     14.02   6.7  27.06.2025  06:45:12
 13  16  14  15  $12    0.010    10.1886   6401.68   0.0     27.16   0.7  27.06.2025  06:45:14
 14  15  13  16  $12    0.010    10.1011   6346.73   0.0     34.39   1.4  27.06.2025  06:45:16
 13  14  15  16  $12    0.010    -7.4062  13960.38   0.0    -12.73   1.6  27.06.2025  06:45:18
  1   9  10   2  $12    0.010   -14.3944   5179.90   0.0      3.97   2.7  27.06.2025  06:45:20
  1   9  11   3  $12    0.010    -6.5756   5633.95   0.0      2.88  10.5  27.06.2025  06:45:22
  1   9  12   4  $12    0.010    -4.6661   7802.32   0.0      7.21   1.8  27.06.2025  06:45:24
  2  10   9   1  $12    0.010   -14.3962   5180.55   0.0      4.01   1.3  27.06.2025  06:45:27
  2  10  11   3  $12    0.010   -15.2783   5497.98   0.0      8.59   0.3  27.06.2025  06:45:29
  2  10  12   4  $12    0.010    -8.5020   7284.54   0.0      9.33   2.3  27.06.2025  06:45:31
  3  11   9   1  $12    0.010    -6.5755   5633.88   0.0      6.95   0.4  27.06.2025  06:45:33
  3  11  10   2  $12    0.010   -15.3360   5518.74   0.0      7.80   1.8  27.06.2025  06:45:35
  3  11  12   4  $12    0.010   -17.2060   6191.68   0.0      7.84   1.8  27.06.2025  06:45:37
 12   4   9   1  $12    0.010     4.7092   7874.51   0.0      1.25  22.9  27.06.2025  06:45:39
 12   4  10   2  $12    0.010     8.5589   7333.28   0.0      6.50   3.8  27.06.2025  06:45:41
 12   4  11   3  $12    0.010    17.2291   6199.97   0.0      6.90   0.5  27.06.2025  06:45:43
 13   5  14   6  $12    0.001     2.5761   9270.31   0.1     26.06  13.6  27.06.2025  06:45:48
 13   5  15   7  $12    0.010     7.8563   6731.26   0.0      0.82  23.9  27.06.2025  06:45:52
 13   5  16   8  $12    0.010     5.3202   8896.16   0.0     -0.81   9.3  27.06.2025  06:45:54
 14   6  13   5  $12    0.001     2.4409   8783.72   0.0     44.55   0.0  27.06.2025  06:45:59
 14   6  15   7  $12    0.001     2.6238   9441.73   0.0     49.32   1.0  27.06.2025  06:46:01
 14   6  16   8  $12    0.010     9.3450   8006.75   0.0     10.06   0.4  27.06.2025  06:46:04
 15   7  13   5  $12    0.010     7.8482   6724.33   0.0      3.34   9.6  27.06.2025  06:46:06
 15   7  14   6  $12    0.001     2.6539   9550.15   0.1     41.81   6.7  27.06.2025  06:46:11
 15   7  16   8  $12    0.001     2.0464   7364.08   0.0     12.04   1.8  27.06.2025  06:46:13
 16   8  13   5  $12    0.010     5.3192   8894.46   0.0      1.85   4.1  27.06.2025  06:46:17
 16   8  14   6  $12    0.010     9.4525   8098.86   0.0      8.93   9.1  27.06.2025  06:46:19
 16   8  15   7  $12    0.010    20.1926   7266.41   0.0     16.58   0.1  27.06.2025  06:46:21
  1   2   5   6  $12    0.100     2.6755   5043.11   0.0     28.52   7.3  27.06.2025  06:46:25
  2   3   6   7  $12    0.100     3.1749   5984.55   0.0    134.21   0.0  27.06.2025  06:46:27
  3   4   7   8  $12    1.000     8.5059   1603.33   0.0      3.04   1.0  27.06.2025  06:46:31
  1   2   9  10  $12    1.000     6.3279  10019.38   0.0     37.98   0.7  27.06.2025  06:46:33
  2   3  10  11  $12    1.000     6.5767  10413.32   0.0     13.19   6.3  27.06.2025  06:46:35
  3   4  11  12  $12    1.000     2.2809   3611.43   0.1     -9.69   2.2  27.06.2025  06:46:37
  1   2  13  14  $12    0.100     4.0973 220884.67   0.0     51.21   0.7  27.06.2025  06:46:42
  2   3  14  15  $12    1.000    15.3654  82834.60   0.0     10.96   1.1  27.06.2025  06:46:46
  3   4  15  16  $12    1.000    10.7894  58165.13   0.0    -11.99   1.6  27.06.2025  06:46:48
  5   6   9  10  $12    1.000    13.0289   2455.90   0.2    282.26   0.7  27.06.2025  06:46:50
  6   7  10  11  $12    0.100     3.0379   5726.23   0.0    112.30   0.4  27.06.2025  06:46:55
  7   8  11  12  $12    1.000    11.3261   2134.92   0.0      5.57   2.5  27.06.2025  06:46:58
  5   6  13  14  $12    1.000   -17.1906  27219.00   0.8    -22.70   2.4  27.06.2025  06:47:00
  6   7  14  15  $12    1.000     1.5750   2493.75   0.3    650.68   1.2  27.06.2025  06:47:06
  7   8  15  16  $12   10.000    11.8682   1879.17   0.7     51.37   4.9  27.06.2025  06:47:10
  9  10  13  14  $12    0.100     4.9805   9387.98   0.1    178.81   0.7  27.06.2025  06:47:18
 10  11  14  15  $12    0.100     3.0686   5784.24   0.0     57.28   0.2  27.06.2025  06:47:20
 11  12  15  16  $12    1.000     8.6478   1630.08   0.0     53.45   0.5  27.06.2025  06:47:24
  1   2   6   7  $12    1.000    14.9054   5619.21   0.0     22.29   2.2  27.06.2025  06:47:26
  2   3   7   8  $12    1.000     8.3345   3142.01   0.0     -4.17   2.5  27.06.2025  06:47:28
  1   2   7   8  $12    1.000    10.5119   6935.04   0.0    -11.40   0.1  27.06.2025  06:47:30
  2   3   7   8  $12    1.000     8.3202   3136.63   0.0     -4.61   2.6  27.06.2025  06:47:32
  1   2  10  11  $12    1.000     9.4136  21293.06   0.0      6.09   1.1  27.06.2025  06:47:34
  2   3  11  12  $12    1.000     2.4483   5537.95   0.0     -1.90  12.5  27.06.2025  06:47:36
  1   2  11  12  $12    1.000     3.5037  10897.11   0.0      1.54   6.5  27.06.2025  06:47:38
  2   3  11  12  $12    1.000     2.4468   5534.64   0.0      0.67  12.5  27.06.2025  06:47:40
  1   2  14  15  $12    1.000    20.2733 139100.00   0.0      3.31   2.8  27.06.2025  06:47:42
  2   3  15  16  $12    1.000     9.8091  67302.42   0.0     -8.10   5.1  27.06.2025  06:47:44
  1   2  15  16  $12    1.000    11.9915 102846.06   0.0     -6.47   7.6  27.06.2025  06:47:46
  2   3  15  16  $12    1.000     9.8200  67377.41   0.0     -9.71   1.3  27.06.2025  06:47:48
  5   6  10  11  $12    1.000     3.9289   1481.17   0.8   -274.95   1.0  27.06.2025  06:47:50
  6   7  11  12  $12    1.000    11.4640   4321.83   0.0    -35.23   0.9  27.06.2025  06:47:52
  5   6  11  12  $12    1.000     5.3835   3551.68   0.0     34.83   0.6  27.06.2025  06:47:54
  6   7  11  12  $12    1.000    11.4390   4312.41   0.0    -33.44   0.3  27.06.2025  06:47:56
  5   6  14  15  $12    1.000     6.6393  15017.77   0.0   -225.16   0.2  27.06.2025  06:47:58
  6   7  15  16  $12    1.000    10.1892  23047.44   0.0   -166.14   0.3  27.06.2025  06:48:00
  5   6  15  16  $12    1.000    -5.2861  16440.75   0.0   -318.17   0.1  27.06.2025  06:48:02
  6   7  15  16  $12    1.000    10.1997  23071.26   0.0   -168.51   0.0  27.06.2025  06:48:04
  9  10  14  15  $12    1.000    15.0235   5663.73   0.0    -12.34   0.5  27.06.2025  06:48:06
 10  11  15  16  $12    1.000    17.6628   6658.72   0.0    -14.34   1.0  27.06.2025  06:48:08
  9  10  15  16  $12    1.000     7.1789   4736.18   0.0    -62.18   0.2  27.06.2025  06:48:10
 10  11  15  16  $12    1.000    17.6392   6649.84   0.0    -12.94   0.8  27.06.2025  06:48:12
