//C:\Users\user\Desktop\GeoTom\GeoTomE724.ini
//- Cable direction:
//  cable I: normal
//  cable II: normal
//  cable III: normal
//  cable IV: normal
//- Cable arrangement: sequential
//- Optimization: Last measurement
//- Sorting: Multi-level
//- Current levels: 0.001 mA .. 50.0 mA
Type:         Flow
Name:         Hyprop
Comment:      Example of a measurements sequence
Comment:      
Comment:      
Spacing:      1.00000
First El:     0.00000
Nr of points: 289
IP present:   1

  1   5   2   6  $12    0.001   110.2635 472367.94   0.0      7.63  11.2  28.06.2025  09:35:09
  1   5   3   7  $12    0.001    14.3096 269729.93   0.0     64.89   0.9  28.06.2025  09:35:11
  1   5   4   8  $12    0.001     5.4215  71535.27   0.0     69.97   0.0  28.06.2025  09:35:13
  1   5  14   2  $12    0.010    -3.3704   3021.56   0.0      0.33  94.6  28.06.2025  09:35:17
  1   5  15   3  $12    0.100   -12.2913  27029.91   0.0     13.04   0.8  28.06.2025  09:35:20
  1   5  16   4  $12    0.100    -4.3931    429.67   0.0     97.44   0.0  28.06.2025  09:35:23
  1   5  13   9  $12    0.100   -15.6594  11806.93   0.1   1046.15   0.1  28.06.2025  09:35:25
  1   5  14  10  $12    0.010     2.8052  32222.02   0.0     95.95   0.2  28.06.2025  09:35:29
  1   5  15  11  $12    0.010     3.0064  49586.03   0.3    -53.04   1.0  28.06.2025  09:35:32
  1   5  16  12  $12    0.010     2.3211  52637.85   0.0     -6.50   1.6  28.06.2025  09:35:34
  1   5  10   6  $12    0.001   109.5628 968066.90   0.0      5.52   5.7  28.06.2025  09:35:39
  1   5  11   7  $12    0.001    13.6251 321033.65   0.0     71.41   0.1  28.06.2025  09:35:41
  1   5  12   8  $12    0.001     5.0917 230944.84   0.0     79.25   2.7  28.06.2025  09:35:43
  2   6   1   5  $12    0.001   108.6787 465578.41   0.0     23.84   0.9  28.06.2025  09:35:45
  2   6   3   7  $12    0.001    24.5693 105254.83   0.0     86.19   0.2  28.06.2025  09:35:48
  2   6   4   8  $12    0.001     8.9148 168039.58   0.0     91.39   0.3  28.06.2025  09:35:50
  2   6  13   1  $12    0.010    -3.3373   2461.30   0.1    790.09   0.4  28.06.2025  09:35:54
  2   6  15   3  $12    0.010    -5.3429   4789.92   0.0     38.00   1.0  28.06.2025  09:35:56
  2   6  16   4  $12    0.010    -2.2533  49552.50   0.0      2.57  20.6  28.06.2025  09:35:58
  2   6  13   9  $12    0.010     2.7609  12522.52   0.0   -850.80   0.3  28.06.2025  09:36:00
  2   6  14  10  $12    0.010     2.4552  18511.68   0.1    163.70   1.1  28.06.2025  09:36:02
  2   6  15  11  $12    0.010     3.1706  36419.11   0.0    -77.37   2.0  28.06.2025  09:36:04
  2   6  16  12  $12    0.010     2.4760  40837.88   0.0     -7.58   0.7  28.06.2025  09:36:07
  2   6   9   5  $12    0.001   108.0823 1426112.19   0.0     22.74   0.7  28.06.2025  09:36:12
  2   6  11   7  $12    0.001    23.7683 210010.04   0.0     90.03   0.3  28.06.2025  09:36:15
  2   6  12   8  $12    0.001     8.4469 199025.13   0.1     99.07   2.2  28.06.2025  09:36:17
  3   7   1   5  $12    0.001    13.6337 256988.89   0.0     77.41   0.5  28.06.2025  09:36:19
  3   7   2   6  $12    0.001    23.5937 101075.03   0.2     80.94   0.3  28.06.2025  09:36:21
  3   7   4   8  $12    0.001    22.0091  94286.57   0.0    105.40   0.2  28.06.2025  09:36:23
  3   7  13   1  $12    0.100    -7.9823   1253.85   0.6    468.86   0.4  28.06.2025  09:36:29
  3   7  14   2  $12    0.010    -5.6091   4136.73   0.0      7.63   0.5  28.06.2025  09:36:34
  3   7  16   4  $12    0.010    -5.1167   4587.13   0.0     14.74   0.7  28.06.2025  09:36:36
  3   7  13   9  $12    0.010     2.4296   5724.61   0.5   -164.70   2.5  28.06.2025  09:36:38
  3   7  14  10  $12    0.010     2.3949  10862.45   0.1     21.22   1.3  28.06.2025  09:36:40
  3   7  15  11  $12    0.010     2.6033  19628.14   0.0    -10.11  15.4  28.06.2025  09:36:42
  3   7  16  12  $12    0.010     2.6301  30210.86   0.0      5.69   3.3  28.06.2025  09:36:44
  3   7   9   5  $12    0.001    11.2842 212702.67   0.3    108.38   1.3  28.06.2025  09:36:49
  3   7  10   6  $12    0.001    20.3856 268981.93   0.0    106.28   1.4  28.06.2025  09:36:51
  3   7  12   8  $12    0.001    18.2255 161035.90   0.0    132.47   0.1  28.06.2025  09:36:53
  4   8   1   5  $12    0.001     5.0202  66240.16   0.3     82.80   1.0  28.06.2025  09:36:55
  4   8   2   6  $12    0.001     8.3278 156976.08   0.1     95.41   6.5  28.06.2025  09:36:57
  4   8   3   7  $12    0.001    19.2257  82362.72   0.0    134.17   0.0  28.06.2025  09:36:59
  4   8  13   1  $12    0.100    -0.3848     86.55   1.0   7579.73   2.2  28.06.2025  09:37:05
  4   8  14   2  $12    0.100   -21.4789   3373.90   0.0      2.81   2.9  28.06.2025  09:37:07
  4   8  15   3  $12    0.010    -5.1591   3804.90   0.0     16.13   3.4  28.06.2025  09:37:12
  4   8  13   9  $12    0.010     2.5345   2239.41   0.7   -109.97   3.2  28.06.2025  09:37:14
  4   8  14  10  $12    0.010     2.3632   5568.05   0.1     19.18   3.1  28.06.2025  09:37:16
  4   8  15  11  $12    0.010     2.8144  12765.06   0.0     -7.57   8.5  28.06.2025  09:37:18
  4   8  16  12  $12    0.010     3.0218  22783.65   0.0     -1.29  10.3  28.06.2025  09:37:20
  4   8   9   5  $12    0.001     4.2789  18330.55   0.1    104.39   4.3  28.06.2025  09:37:25
  4   8  10   6  $12    0.001     7.3207 137991.61   0.6    108.73   4.1  28.06.2025  09:37:27
  4   8  11   7  $12    0.001    17.3657 229135.43   0.0    147.28   0.0  28.06.2025  09:37:29
  5   9   6  10  $12    0.001   114.7310 491506.62   0.0     14.41   5.7  28.06.2025  09:37:32
  5   9   7  11  $12    0.001    12.6226 237929.57   0.0    102.98   0.7  28.06.2025  09:37:34
  5   9   8  12  $12    0.001     4.7009  62026.42   0.0    101.80   0.3  28.06.2025  09:37:36
  5   9   2   6  $12    0.001  -113.9554 1503605.81   0.0     17.74   1.4  28.06.2025  09:37:38
  5   9   3   7  $12    0.001   -12.4791 235224.92   0.0    107.44   0.3  28.06.2025  09:37:40
  5   9   4   8  $12    0.001    -4.5487  19486.45   0.0    113.67   1.2  28.06.2025  09:37:42
  5   9   1  13  $12    0.010    -2.1908   5506.15   0.3   1072.38   1.0  28.06.2025  09:37:46
  5   9   2  14  $12    0.100    16.5019   3711.43   0.0    -12.91   0.3  28.06.2025  09:37:50
  5   9   3  15  $12    0.100    16.2499   2552.53   0.0      3.53   2.8  28.06.2025  09:37:52
  5   9   4  16  $12    0.100    16.5722   1222.22   0.0     -7.95   0.2  28.06.2025  09:37:54
  5   9  14  10  $12    0.010     7.1216   6292.46   0.0    -21.70   2.0  28.06.2025  09:37:59
  5   9  15  11  $12    0.100     8.3520   1967.89   0.1      8.05  13.5  28.06.2025  09:38:03
  5   9  16  12  $12    0.100     0.6336    287.36   0.1     91.33   0.4  28.06.2025  09:38:09
  6  10   5   9  $12    0.001   104.6440 448293.72   0.0     13.69   2.0  28.06.2025  09:38:17
  6  10   7  11  $12    0.001    20.4127  87447.75   0.0    117.20   0.1  28.06.2025  09:38:19
  6  10   8  12  $12    0.001     7.5679 142651.12   0.0    106.37   0.3  28.06.2025  09:38:21
  6  10   1   5  $12    0.001  -105.2176 929674.42   0.0     20.69   1.2  28.06.2025  09:38:24
  6  10   3   7  $12    0.001   -20.2054 266603.92   0.0    118.34   0.9  28.06.2025  09:38:26
  6  10   4   8  $12    0.001    -7.2874 137364.29   0.0    119.48   0.6  28.06.2025  09:38:28
  6  10   1  13  $12    0.100    -0.6083    136.80  10.1  32540.65  18.4  28.06.2025  09:38:38
  6  10   2  14  $12    0.100    18.6891   4697.09   0.0    -22.98   0.5  28.06.2025  09:38:40
  6  10   3  15  $12    0.100    17.8632   4017.61   0.0     14.19   3.1  28.06.2025  09:38:42
  6  10   4  16  $12    0.100    21.1187   3317.32   0.0    -13.12   0.5  28.06.2025  09:38:44
  6  10  13   9  $12    0.010     6.7204   8867.38   0.0    287.52   1.9  28.06.2025  09:38:49
  6  10  15  11  $12    0.010     4.9154   4343.12   0.0     34.15   6.1  28.06.2025  09:38:51
  6  10  16  12  $12    0.100    18.5116   4361.68   0.0      1.74   2.7  28.06.2025  09:38:55
  7  11   5   9  $12    0.001    10.4571 197110.82   0.1    102.42   0.8  28.06.2025  09:39:03
  7  11   6  10  $12    0.001    17.0793  73167.61   0.1    103.14   0.3  28.06.2025  09:39:05
  7  11   8  12  $12    0.001    17.7950  76233.62   0.1    133.82   0.4  28.06.2025  09:39:07
  7  11   1   5  $12    0.001   -10.4510 246245.07   0.1    102.29   1.3  28.06.2025  09:39:09
  7  11   2   6  $12    0.001   -17.0623 150757.75   0.1    115.57   1.0  28.06.2025  09:39:11
  7  11   4   8  $12    0.001   -17.3421 228824.06   0.0    142.11   0.6  28.06.2025  09:39:13
  7  11   1  13  $12    0.010     2.0107   3158.40   0.2   -173.50   2.5  28.06.2025  09:39:17
  7  11   2  14  $12    0.100    19.1675   4310.94   0.0      5.89   0.3  28.06.2025  09:39:21
  7  11   3  15  $12    0.010     2.4019   6036.67   0.0     -6.99  11.6  28.06.2025  09:39:26
  7  11   4  16  $12    0.010     2.6931   6056.96   0.0      3.29  12.6  28.06.2025  09:39:28
  7  11  13   9  $12    0.100    10.1688   1916.76   0.3    332.29   0.8  28.06.2025  09:39:32
  7  11  14  10  $12    0.010     5.7110   7535.50   0.0     -2.81  20.4  28.06.2025  09:39:37
  7  11  16  12  $12    0.010     7.7511   6848.64   0.0      5.73   0.8  28.06.2025  09:39:39
  8  12   5   9  $12    0.001     4.2359  55891.09   0.6     71.99  13.4  28.06.2025  09:39:44
  8  12   6  10  $12    0.001     6.9217 130470.24   0.2    112.11   1.0  28.06.2025  09:39:46
  8  12   7  11  $12    0.001    17.1603  73514.53   0.0    157.07   0.1  28.06.2025  09:39:48
  8  12   1   5  $12    0.001    -3.9589 179561.50   0.1    103.71   3.4  28.06.2025  09:39:50
  8  12   2   6  $12    0.001    -6.4763 152594.04   0.6    119.69   1.3  28.06.2025  09:39:52
  8  12   3   7  $12    0.001   -16.4454 145307.02   0.0    163.32   0.1  28.06.2025  09:39:54
  8  12   1  13  $12    0.010     2.0721   1528.22   0.7   -155.16   6.0  28.06.2025  09:39:59
  8  12   2  14  $12    0.100    18.0175   2830.19   0.0      8.12   0.7  28.06.2025  09:40:02
  8  12   3  15  $12    0.010     2.3555   5297.66   0.0     -1.80  44.4  28.06.2025  09:40:07
  8  12  16   4  $12    0.010    -2.6618   6689.93   0.1      5.59   8.1  28.06.2025  09:40:09
  8  12   9  13  $12    0.100     0.1958      8.39   8.3 -17138.52   9.4  28.06.2025  09:40:17
  8  12  10  14  $12    0.010    -2.2824   4302.17   0.0      4.26  10.1  28.06.2025  09:40:22
  8  12  11  15  $12    0.010    -7.8391  10343.43   0.0      6.41   3.8  28.06.2025  09:40:24
  9  13  10  14  $12    0.010    20.6417   8842.87   0.0     42.05   0.6  28.06.2025  09:40:26
  9  13  11  15  $12    0.010     6.1470  11586.82   0.0     14.26   1.2  28.06.2025  09:40:28
  9  13  12  16  $12    0.010     3.1710   4184.07   0.0      4.72   8.1  28.06.2025  09:40:30
  9  13   6  10  $12    0.010    -6.8472   9034.67   0.4    166.76   1.1  28.06.2025  09:40:32
  9  13   7  11  $12    0.100   -12.0398   2269.44   0.0    108.78   1.4  28.06.2025  09:40:36
  9  13   8  12  $12    0.100    -4.1856    179.31   0.2    200.18   0.5  28.06.2025  09:40:38
  9  13   5   1  $12    0.100    22.1367  16690.72   0.1   -303.07   0.4  28.06.2025  09:40:40
  9  13   6   2  $12    0.010     2.0751   9411.98   0.8   -688.10   2.0  28.06.2025  09:40:45
  9  13   7   3  $12    0.010     2.0051   4724.39   0.2   -175.99   2.2  28.06.2025  09:40:47
  9  13   8   4  $12    0.100    19.1082   1688.35   0.0    -40.31   0.7  28.06.2025  09:40:51
  9  13   2  14  $12    0.010     7.8626   5798.71   0.2     50.52   3.4  28.06.2025  09:40:56
  9  13   3  15  $12    0.010     2.4571   3859.56   0.1     56.35   1.6  28.06.2025  09:40:58
  9  13   4  16  $12    0.100     7.6019   1709.74   0.0    -11.43   0.8  28.06.2025  09:41:02
 10  14   9  13  $12    0.010    18.8854   8090.48   0.3     36.93   1.9  28.06.2025  09:41:07
 10  14  11  15  $12    0.001     2.9481  12629.72   0.0    -13.63   3.7  28.06.2025  09:41:12
 10  14  12  16  $12    0.010     7.4889  14116.22   0.0      1.99   3.3  28.06.2025  09:41:15
 10  14   5   9  $12    0.010    -6.8728   6072.58   0.2    -19.45  12.0  28.06.2025  09:41:17
 10  14   7  11  $12    0.010    -5.6307   7429.53   0.4     -2.90  32.1  28.06.2025  09:41:19
 10  14   8  12  $12    0.010    -2.2740   4286.33   0.3     -2.17 117.7  28.06.2025  09:41:21
 10  14   5   1  $12    0.010     2.8182  32370.55   0.3    112.78   9.2  28.06.2025  09:41:23
 10  14   6   2  $12    0.010     2.4951  18812.31   0.2    156.90   6.9  28.06.2025  09:41:26
 10  14   7   3  $12    0.010     2.3754  10773.96   0.2     24.69   9.8  28.06.2025  09:41:28
 10  14   8   4  $12    0.010     2.3554   5549.78   0.0     20.76  13.2  28.06.2025  09:41:30
 10  14   1  13  $12    0.010    12.9764  11633.42   0.1     92.94   2.6  28.06.2025  09:41:32
 10  14   3  15  $12    0.010    21.0512  15525.41   0.0    -19.56   0.3  28.06.2025  09:41:34
 10  14   4  16  $12    0.010     2.8591   4491.00   0.0     -0.27   8.0  28.06.2025  09:41:36
 11  15   9  13  $12    0.010     6.6965  12622.59   0.0     22.39   8.2  28.06.2025  09:41:38
 11  15  10  14  $12    0.001     2.9764  12750.74   0.0    -11.47  15.6  28.06.2025  09:41:43
 11  15  12  16  $12    0.010    18.2827   7832.31   0.0     15.53   0.1  28.06.2025  09:41:47
 11  15   5   9  $12    0.100    -4.5828   1079.81   0.1    431.82   1.0  28.06.2025  09:41:55
 11  15   6  10  $12    0.010    -4.8942   4324.42   0.1     53.70   4.5  28.06.2025  09:42:00
 11  15   8  12  $12    0.010    -7.7711  10253.77   0.0      8.17   4.7  28.06.2025  09:42:02
 11  15   5   1  $12    0.010     3.0072  49598.65   0.9     -0.95 2439.9  28.06.2025  09:42:04
 11  15   6   2  $12    0.010     3.0320  34827.30   0.7   -102.19  20.2  28.06.2025  09:42:06
 11  15   7   3  $12    0.010     2.6874  20262.50   0.4    -11.16  35.4  28.06.2025  09:42:08
 11  15   8   4  $12    0.010     2.7832  12623.71   0.0     -7.99  22.0  28.06.2025  09:42:10
 11  15   1  13  $12    0.010     3.3296  73221.26   0.3     66.42   5.4  28.06.2025  09:42:12
 11  15   2  14  $12    0.010    22.0761  19791.31   0.0     -9.61   0.2  28.06.2025  09:42:14
 11  15   4  16  $12    0.010     7.6286   5626.15   0.0     29.18   0.2  28.06.2025  09:42:16
 12  16   9  13  $12    0.010     3.2494   4287.48   0.2      7.28  44.5  28.06.2025  09:42:18
 12  16  10  14  $12    0.010     7.5102  14156.48   0.0      2.44  13.8  28.06.2025  09:42:20
 12  16  11  15  $12    0.010    18.3712   7870.21   0.0     14.93   1.2  28.06.2025  09:42:22
 12  16   5   9  $12    1.000    -8.5578    388.15   0.0   -260.92   0.4  28.06.2025  09:42:27
 12  16   6  10  $12    0.100   -19.0298   4483.78   0.0     -5.88  18.8  28.06.2025  09:42:32
 12  16   7  11  $12    0.010    -7.6281   6739.94   0.0      9.24  51.4  28.06.2025  09:42:37
 12  16   5   1  $12    0.010     2.3761  53885.47   0.2     34.79  75.4  28.06.2025  09:42:39
 12  16   6   2  $12    0.010     2.4324  40118.22   0.5    -15.13  23.2  28.06.2025  09:42:42
 12  16   7   3  $12    0.010     2.7007  31021.87   0.0      3.41  38.6  28.06.2025  09:42:44
 12  16   8   4  $12    0.010     3.0198  22769.11   0.0      7.82  49.1  28.06.2025  09:42:46
 12  16  13   1  $12    0.100    -8.9196    872.37   0.2     43.71   2.8  28.06.2025  09:42:50
 12  16  14   2  $12    0.010    -3.1464  69193.85   0.0      7.92   2.6  28.06.2025  09:42:55
 12  16  15   3  $12    0.010    -8.0753   7239.57   0.0     36.16   1.6  28.06.2025  09:42:57
 13   1  14   2  $12    0.010    15.4587   5301.37   0.0     61.71   0.4  28.06.2025  09:42:59
 13   1  15   3  $12    0.010     5.5825   4233.32   0.0     28.38   1.5  28.06.2025  09:43:01
 13   1  16   4  $12    0.010     2.9549   3797.59   0.0     -0.01 -2260.4  28.06.2025  09:43:03
 13   1  10  14  $12    0.010    -9.6177   8622.27   0.0     91.58   0.2  28.06.2025  09:43:05
 13   1  11  15  $12    0.010    -2.5479  56030.41   0.0     79.21   0.3  28.06.2025  09:43:07
 13   1  12  16  $12    0.100    -7.2923    713.22   0.0      9.47   0.8  28.06.2025  09:43:11
 13   1   9   5  $12    0.100     9.1308   2294.81   0.3   -864.47   0.9  28.06.2025  09:43:13
 13   1  10   6  $12    0.100    19.2748   4335.09   0.0   -460.48   0.0  28.06.2025  09:43:15
 13   1  11   7  $12    0.100    18.3389   2880.67   0.0   -106.63   0.3  28.06.2025  09:43:17
 13   1  12   8  $12    0.100    15.9624   1177.24   0.0    -65.61   0.4  28.06.2025  09:43:19
 13   1   6   2  $12    0.010     3.5062   2585.86   0.7    246.52   3.6  28.06.2025  09:43:24
 13   1   7   3  $12    0.100    11.8875   1867.28   0.0    138.83   1.1  28.06.2025  09:43:28
 13   1   8   4  $12    0.100     5.8665   1319.43   0.2    154.35   0.9  28.06.2025  09:43:30
 14   2  13   1  $12    0.010    13.3943   4593.40   0.5     31.07   6.0  28.06.2025  09:43:35
 14   2  15   3  $12    0.001     2.9489  10113.04   0.0    -13.49   2.2  28.06.2025  09:43:40
 14   2  16   4  $12    0.010     7.1301   5406.90   0.0      1.89   7.9  28.06.2025  09:43:44
 14   2   9  13  $12    0.010   -12.7641   9413.62   0.1    113.77   0.3  28.06.2025  09:43:46
 14   2  11  15  $12    0.010   -21.4690  19247.07   0.0    -15.95   0.3  28.06.2025  09:43:48
 14   2  12  16  $12    0.010    -3.1349  68940.60   0.0      7.96   2.4  28.06.2025  09:43:50
 14   2   9   5  $12    0.100    15.7700   3546.81   0.0     22.87   2.9  28.06.2025  09:43:53
 14   2  10   6  $12    0.100    17.4426   4383.80   0.0     40.67   1.7  28.06.2025  09:43:55
 14   2  11   7  $12    0.100    18.8645   4242.80   0.0      7.85   0.7  28.06.2025  09:43:57
 14   2  12   8  $12    0.100    18.0411   2833.89   0.0      7.17  14.1  28.06.2025  09:44:00
 14   2   5   1  $12    0.010     3.4446   3088.11   0.9     -5.30  20.7  28.06.2025  09:44:04
 14   2   7   3  $12    0.010     5.6201   4144.86   0.2     -8.97  23.3  28.06.2025  09:44:06
 14   2   8   4  $12    0.010     2.1647   3400.36   0.1     -1.78 255.1  28.06.2025  09:44:08
 15   3  13   1  $12    0.010     6.2759   4759.09   0.1     36.19   3.3  28.06.2025  09:44:10
 15   3  14   2  $12    0.001     2.9506  10118.86   0.0    -11.08   1.6  28.06.2025  09:44:15
 15   3  16   4  $12    0.010    15.3474   5263.20   0.0     19.43   0.4  28.06.2025  09:44:19
 15   3   9  13  $12    0.010    -3.4689   5448.93   0.2     38.58  29.0  28.06.2025  09:44:21
 15   3  10  14  $12    0.010   -21.8040  16080.66   0.0     -7.41   2.6  28.06.2025  09:44:23
 15   3  12  16  $12    0.010    -7.8130   7004.40   0.0     32.49   0.0  28.06.2025  09:44:25
 15   3   9   5  $12    0.100    19.4079   3048.58   0.0    -82.64   0.9  28.06.2025  09:44:29
 15   3  10   6  $12    0.010     2.2851   5139.37   0.5    -75.58   7.7  28.06.2025  09:44:34
 15   3  11   7  $12    0.010     2.4212   6085.26   0.4    -19.34  26.6  28.06.2025  09:44:36
 15   3  12   8  $12    0.010     2.3186   5214.81   0.5     -4.34  22.6  28.06.2025  09:44:38
 15   3   5   1  $12    0.100     9.1833  20195.19   0.4    182.26   1.2  28.06.2025  09:44:43
 15   3   6   2  $12    0.010     5.4380   4875.15   0.2     43.74  23.9  28.06.2025  09:44:48
 15   3   8   4  $12    0.010     5.2060   3839.43   0.1      9.67  27.8  28.06.2025  09:44:50
 16   4  13   1  $12    0.010     3.0431   3910.98   0.5     -8.41  66.1  28.06.2025  09:44:52
 16   4  14   2  $12    0.010     7.1107   5392.18   0.0      1.15  38.7  28.06.2025  09:44:54
 16   4  15   3  $12    0.010    15.5272   5324.87   0.0     17.36   1.0  28.06.2025  09:44:56
 16   4   9  13  $12    0.100    -8.8167   1982.95   0.0     10.17   7.0  28.06.2025  09:45:00
 16   4  10  14  $12    0.010    -2.8001   4398.32   0.0      9.30   4.1  28.06.2025  09:45:05
 16   4  11  15  $12    0.010    -7.7308   5701.50   0.0     35.07   0.8  28.06.2025  09:45:07
 16   4   9   5  $12    0.100    15.6064   1150.98   0.0     30.53   6.6  28.06.2025  09:45:11
 16   4  10   6  $12    0.100    20.0141   3143.81   0.0     37.35   4.8  28.06.2025  09:45:13
 16   4  11   7  $12    0.010     2.6509   5962.20   0.0     13.15  13.2  28.06.2025  09:45:18
 16   4  12   8  $12    0.010     2.7209   6838.26   0.4      5.82  25.5  28.06.2025  09:45:20
 16   4   5   1  $12    0.100     5.9279    579.78   0.1    -82.36   2.6  28.06.2025  09:45:23
 16   4   6   2  $12    0.100    22.5342  49555.22   0.0    -28.24   2.6  28.06.2025  09:45:25
 16   4   7   3  $12    0.010     5.1186   4588.82   0.1      3.70  74.3  28.06.2025  09:45:30
  1   4   2   3  $12    0.010     5.5981   3517.41   0.0      5.74   0.7  28.06.2025  09:45:32
  2   3   1   4  $12    0.010     5.6037   3520.93   0.0      4.60   3.4  28.06.2025  09:45:34
  1   2   3   4  $12    0.010    -2.6181   4934.98   0.0      7.29   1.9  28.06.2025  09:45:36
  3   4   1   2  $12    0.010    -2.6171   4933.11   0.0     10.33   1.4  28.06.2025  09:45:39
  5   8   6   7  $12    0.001   121.4457 763066.05   0.0     20.67   0.6  28.06.2025  09:45:44
  6   7   5   8  $12    0.001   120.6041 757777.98   0.0     23.29   0.5  28.06.2025  09:45:47
  5   6   7   8  $12    0.001    -7.0777 133410.72   0.1    100.13   1.4  28.06.2025  09:45:49
  7   8   5   6  $12    0.001    -6.7725 127658.54   0.4     86.29   0.3  28.06.2025  09:45:51
  9  12  10  11  $12    0.010    12.5618   7892.80   0.0     12.90   0.9  28.06.2025  09:45:54
 10  11   9  12  $12    0.010    12.5054   7857.36   0.0     10.56   2.8  28.06.2025  09:45:56
  9  10  11  12  $12    0.010    -2.3657   4459.28   0.0     20.23   1.3  28.06.2025  09:45:58
 11  12   9  10  $12    0.010    -2.4107   4544.09   0.0     15.53   6.5  28.06.2025  09:46:00
 13  16  14  15  $12    0.010    13.6813   8596.21   0.1     87.15   0.1  28.06.2025  09:46:02
 14  15  13  16  $12    0.010    16.5667  10409.16   0.3     79.72   0.9  28.06.2025  09:46:04
 13  14  15  16  $12    0.010   -16.2875  30701.31   0.0    -21.75   1.4  28.06.2025  09:46:07
  1   9  10   2  $12    0.010   -14.5946   5251.96   0.0     13.11   1.0  28.06.2025  09:46:09
  1   9  11   3  $12    0.010    -6.2800   5380.70   0.0      5.58   2.2  28.06.2025  09:46:11
  1   9  12   4  $12    0.010    -4.4656   7467.04   0.0     10.00   0.4  28.06.2025  09:46:13
  2  10   9   1  $12    0.010   -14.5458   5234.38   0.0     11.14   1.6  28.06.2025  09:46:15
  2  10  11   3  $12    0.010   -15.4028   5542.77   0.0      6.71   1.4  28.06.2025  09:46:17
  2  10  12   4  $12    0.010    -8.4909   7274.95   0.0      7.61   0.5  28.06.2025  09:46:19
  3  11   9   1  $12    0.010    -6.2903   5389.48   0.0      6.05   5.7  28.06.2025  09:46:21
  3  11  10   2  $12    0.010   -15.4610   5563.73   0.0      5.69   3.7  28.06.2025  09:46:23
  3  11  12   4  $12    0.010   -17.9848   6471.91   0.0      7.27   0.9  28.06.2025  09:46:25
 12   4   9   1  $12    0.010     4.5214   7560.34   0.0      0.04 808.1  28.06.2025  09:46:27
 12   4  10   2  $12    0.010     8.5698   7342.62   0.0      2.78   9.1  28.06.2025  09:46:29
 12   4  11   3  $12    0.010    18.0150   6482.80   0.0      5.80   0.9  28.06.2025  09:46:31
 13   5  14   6  $12    0.001   126.6812 455868.84   0.0     15.94   0.4  28.06.2025  09:46:36
 13   5  15   7  $12    0.001    13.6355 116828.57   0.0     86.20   0.8  28.06.2025  09:46:38
 13   5  16   8  $12    0.001     4.5345  75823.65   0.0    104.47   0.3  28.06.2025  09:46:40
 14   6  13   5  $12    0.001   127.3196 458166.12   0.0     20.70   0.2  28.06.2025  09:46:43
 14   6  15   7  $12    0.001    25.3548  91240.60   0.0     92.24   0.4  28.06.2025  09:46:45
 14   6  16   8  $12    0.001     7.5855  64992.43   0.0    119.54   0.6  28.06.2025  09:46:47
 15   7  13   5  $12    0.001    13.3688 114543.35   0.0     79.76   1.3  28.06.2025  09:46:49
 15   7  14   6  $12    0.001    24.4528  87994.55   0.0     78.70   0.2  28.06.2025  09:46:52
 15   7  16   8  $12    0.001    17.5167  63034.71   0.0    132.88   0.1  28.06.2025  09:46:54
 16   8  13   5  $12    0.001     4.5224  75621.45   0.1     90.19   2.3  28.06.2025  09:46:56
 16   8  14   6  $12    0.001     7.3117  62646.43   0.4    110.28   3.3  28.06.2025  09:46:58
 16   8  15   7  $12    0.001    17.0431  61330.44   0.0    143.68   0.1  28.06.2025  09:47:00
  1   2   5   6  $12    0.100     3.1472   5932.34   0.2     -9.95  11.9  28.06.2025  09:47:06
  2   3   6   7  $12    1.000     2.7918    526.25   0.1   2232.01   0.4  28.06.2025  09:47:09
  3   4   7   8  $12    1.000     4.8359    911.55   0.1      6.21  23.5  28.06.2025  09:47:11
  1   2   9  10  $12    1.000     6.6397  10512.98   0.0     -8.09   1.5  28.06.2025  09:47:13
  2   3  10  11  $12    1.000     5.5186   8737.99   0.0    101.82   1.0  28.06.2025  09:47:15
  3   4  11  12  $12    1.000     2.2549   3570.37   0.0     -6.77   1.3  28.06.2025  09:47:17
  1   2  13  14  $12    0.100     3.2922 177481.10   0.7     16.99  21.8  28.06.2025  09:47:23
  2   3  14  15  $12    1.000    12.9580  69856.35   0.0     -3.27  22.1  28.06.2025  09:47:26
  3   4  15  16  $12    1.000    10.8220  58341.27   0.0    -19.56   0.6  28.06.2025  09:47:28
  5   6   9  10  $12    0.100    10.0426  18929.91   0.0     78.57   0.5  28.06.2025  09:47:34
  6   7  10  11  $12    0.100     3.0911   5826.55   0.0    748.06   0.0  28.06.2025  09:47:36
  7   8  11  12  $12    1.000    12.4877   2353.87   0.1    -24.39   2.1  28.06.2025  09:47:39
  5   6  13  14  $12    0.010     5.2852 836832.41   0.0    132.56   1.0  28.06.2025  09:47:48
  6   7  14  15  $12    0.100    -1.4742  23341.21   0.3   -455.27   0.8  28.06.2025  09:47:55
  7   8  15  16  $12    1.000     4.6640   7384.80   0.9   -223.99   0.7  28.06.2025  09:47:58
  9  10  13  14  $12    0.100     8.8107  16607.84   0.1     86.47   7.7  28.06.2025  09:48:03
 10  11  14  15  $12    0.100     3.2599   6144.84   0.1     -9.22  20.7  28.06.2025  09:48:05
 11  12  15  16  $12    1.000     6.4756   1220.63   0.0     -7.95   3.3  28.06.2025  09:48:09
  1   2   6   7  $12    1.000    17.8373   6724.51   0.0    164.77   0.0  28.06.2025  09:48:11
  2   3   7   8  $12    1.000     4.5859   1728.84   0.2    -47.45   5.4  28.06.2025  09:48:13
  1   2   7   8  $12    1.000     6.2652   4133.40   0.0    -21.69   2.6  28.06.2025  09:48:15
  2   3   7   8  $12    1.000     4.4730   1686.28   0.0    -41.31   0.7  28.06.2025  09:48:17
  1   2  10  11  $12    1.000     9.5294  21554.99   0.0     26.76   1.1  28.06.2025  09:48:19
  2   3  11  12  $12    1.000     2.3556   5328.33   0.0     -8.62   4.0  28.06.2025  09:48:21
  1   2  11  12  $12    1.000     3.5164  10936.58   0.0     -5.11   2.7  28.06.2025  09:48:23
  2   3  11  12  $12    1.000     2.3443   5302.73   0.0     -5.77   1.5  28.06.2025  09:48:25
  1   2  14  15  $12    1.000    17.2821 118576.68   0.0     11.14   4.3  28.06.2025  09:48:27
  2   3  15  16  $12    1.000    10.1441  69600.76   0.0      1.55  30.5  28.06.2025  09:48:29
  1   2  15  16  $12    1.000    13.0690 112086.49   0.0    -17.62   0.5  28.06.2025  09:48:32
  2   3  15  16  $12    1.000    10.1410  69579.84   0.0      0.86   5.8  28.06.2025  09:48:34
  5   6  10  11  $12    0.100     1.4309   5394.36   0.3   -154.47   4.1  28.06.2025  09:48:39
  6   7  11  12  $12    0.100     1.4055   5298.72   0.0      5.45  14.6  28.06.2025  09:48:44
  5   6  11  12  $12    0.100     1.0276   6779.16   0.0    -24.32   1.0  28.06.2025  09:48:50
  6   7  11  12  $12    0.100     1.4219   5360.31   0.0      6.55   7.4  28.06.2025  09:48:55
  5   6  14  15  $12    0.100     0.3614   8173.92   3.1    -14.92  43.2  28.06.2025  09:49:05
  6   7  15  16  $12    0.100     1.2403  28055.62   0.6     24.51  41.9  28.06.2025  09:49:10
  5   6  15  16  $12    0.100     0.0638   1985.76  13.8   -129.19 130.0  28.06.2025  09:49:24
  6   7  15  16  $12    0.100     1.3273  30022.92   0.1    -34.03  34.2  28.06.2025  09:49:29
  9  10  14  15  $12    1.000    12.9476   4881.13   0.0     11.85   7.5  28.06.2025  09:49:33
 10  11  15  16  $12    1.000    22.8582   8617.34   0.0    -27.52   0.1  28.06.2025  09:49:35
  9  10  15  16  $12    1.000    12.7115   8386.19   0.0    -52.34   2.1  28.06.2025  09:49:37
 10  11  15  16  $12    1.000    22.5433   8498.64   0.0    -24.01   0.2  28.06.2025  09:49:39
