//C:\Users\user\Desktop\GeoTom\GeoTomE724.ini
//- Cable direction:
//  cable I: normal
//  cable II: normal
//  cable III: normal
//  cable IV: normal
//- Cable arrangement: sequential
//- Optimization: Last measurement
//- Sorting: Multi-level
//- Current levels: 0.001 mA .. 50.0 mA
Type:         Flow
Name:         Hyprop
Comment:      Example of a measurements sequence
Comment:      
Comment:      
Spacing:      1.00000
First El:     0.00000
Nr of points: 289
IP present:   1

  1   5   2   6  $12    0.001    47.9983 205624.44   0.1     96.96   0.3  28.06.2025  04:35:09
  1   5   3   7  $12    0.001     8.8507 166831.75   0.0    103.06   0.7  28.06.2025  04:35:11
  1   5   4   8  $12    0.001     2.2116  29181.76   0.1     75.43   3.0  28.06.2025  04:35:13
  1   5  14   2  $12    0.010    -3.3426   2996.69   0.0     12.91   0.9  28.06.2025  04:35:17
  1   5  15   3  $12    0.100   -12.5638  27629.24   0.0     26.70   0.5  28.06.2025  04:35:21
  1   5  16   4  $12    0.100    -6.0926    595.88   0.0     13.84   1.5  28.06.2025  04:35:23
  1   5  13   9  $12    0.100    12.8518   9690.00   0.1   -431.65   0.4  28.06.2025  04:35:25
  1   5  14  10  $12    0.010     2.8574  32820.95   0.0     23.62   2.8  28.06.2025  04:35:30
  1   5  15  11  $12    0.010     2.3879  39384.21   0.0     -0.25 244.2  28.06.2025  04:35:32
  1   5  16  12  $12    0.010     2.0381  46220.57   0.0      1.16   9.6  28.06.2025  04:35:34
  1   5  10   6  $12    0.001    45.6829 403641.97   0.0    101.27   0.1  28.06.2025  04:35:39
  1   5  11   7  $12    0.001     8.1991 193186.19   0.0    107.73   0.4  28.06.2025  04:35:41
  1   5  12   8  $12    0.010    16.3199  74021.74   0.0     85.95   0.2  28.06.2025  04:35:45
  2   6   1   5  $12    0.001    47.5439 203677.48   0.0    102.36   0.2  28.06.2025  04:35:50
  2   6   3   7  $12    0.001    27.3010 116957.10   0.0     45.47   0.4  28.06.2025  04:35:53
  2   6   4   8  $12    0.001     6.0679 114377.28   0.2     38.66   0.4  28.06.2025  04:35:55
  2   6  13   1  $12    0.010    -3.8552   2843.24   0.1    431.21   1.7  28.06.2025  04:35:59
  2   6  15   3  $12    0.010    -5.7125   5121.26   0.1     32.49   1.2  28.06.2025  04:36:01
  2   6  16   4  $12    0.010    -2.3417  51497.65   0.0      7.28  11.4  28.06.2025  04:36:03
  2   6  13   9  $12    0.010     2.3193  10519.77   0.1   -644.97   0.9  28.06.2025  04:36:05
  2   6  14  10  $12    0.010     2.8299  21336.93   0.0     86.62   0.9  28.06.2025  04:36:07
  2   6  15  11  $12    0.010     2.9962  34415.29   0.0    -60.36   1.6  28.06.2025  04:36:09
  2   6  16  12  $12    0.010     2.4288  40059.80   0.0     -4.28   4.3  28.06.2025  04:36:11
  2   6   9   5  $12    0.001    47.6945 629313.62   0.0    101.21   0.0  28.06.2025  04:36:17
  2   6  11   7  $12    0.001    26.1608 231149.37   0.0     47.78   0.7  28.06.2025  04:36:19
  2   6  12   8  $12    0.001     5.5162 129971.80   0.0     41.83   6.0  28.06.2025  04:36:21
  3   7   1   5  $12    0.001     9.0262 170139.62   0.1    103.20   1.9  28.06.2025  04:36:23
  3   7   2   6  $12    0.001    26.7754 114705.50   0.0     45.54   1.6  28.06.2025  04:36:26
  3   7   4   8  $12    0.001    19.6971  84382.19   0.0     21.84   0.6  28.06.2025  04:36:28
  3   7  13   1  $12    0.100    -7.6455   1200.94   0.0    509.61   1.4  28.06.2025  04:36:33
  3   7  14   2  $12    0.010    -5.9346   4376.82   0.0      8.61   0.6  28.06.2025  04:36:38
  3   7  16   4  $12    0.010    -5.2864   4739.25   0.0     15.52   0.1  28.06.2025  04:36:40
  3   7  13   9  $12    0.010     2.7111   6387.83   0.0   -141.89   0.4  28.06.2025  04:36:42
  3   7  14  10  $12    0.010     2.5266  11459.98   0.1     26.44   3.9  28.06.2025  04:36:44
  3   7  15  11  $12    0.010     2.8092  21180.65   0.0    -15.04   5.5  28.06.2025  04:36:46
  3   7  16  12  $12    0.010     2.7458  31539.44   0.0      2.39   5.9  28.06.2025  04:36:48
  3   7   9   5  $12    0.001     7.9199 149287.01   0.0    123.73   0.3  28.06.2025  04:36:53
  3   7  10   6  $12    0.001    23.5794 311122.22   0.0     66.14   2.2  28.06.2025  04:36:56
  3   7  12   8  $12    0.001    17.0724 150846.91   0.0     44.65   1.0  28.06.2025  04:36:58
  4   8   1   5  $12    0.001     2.1663  28583.63   0.3     85.59   3.1  28.06.2025  04:37:00
  4   8   2   6  $12    0.001     5.8162 109632.25   0.3     52.36   5.1  28.06.2025  04:37:02
  4   8   3   7  $12    0.001    18.2488  78177.85   0.0     40.39   2.8  28.06.2025  04:37:04
  4   8  13   1  $12    0.100    -2.1298    479.01   0.6    992.62   2.2  28.06.2025  04:37:09
  4   8  14   2  $12    0.100   -22.1762   3483.43   0.0      3.94   0.8  28.06.2025  04:37:11
  4   8  15   3  $12    0.010    -5.3083   3914.92   0.0     17.82   7.2  28.06.2025  04:37:16
  4   8  13   9  $12    0.010     2.3530   2079.08   0.2    -84.25   1.3  28.06.2025  04:37:18
  4   8  14  10  $12    0.010     2.4924   5872.48   0.0      4.88   9.6  28.06.2025  04:37:20
  4   8  15  11  $12    0.010     2.8673  13005.27   0.0     -7.90   4.2  28.06.2025  04:37:22
  4   8  16  12  $12    0.010     3.0618  23085.46   0.0     -1.22  13.5  28.06.2025  04:37:24
  4   8   9   5  $12    0.010    18.4885   7920.47   0.0    106.43   0.2  28.06.2025  04:37:26
  4   8  10   6  $12    0.001     5.4468 102670.25   0.9     64.75   4.4  28.06.2025  04:37:32
  4   8  11   7  $12    0.001    17.3690 229178.98   0.1     48.94   1.2  28.06.2025  04:37:34
  5   9   6  10  $12    0.001    50.8286 217749.18   0.0     84.37   0.8  28.06.2025  04:37:36
  5   9   7  11  $12    0.001     8.7471 164878.67   0.4     99.75   3.6  28.06.2025  04:37:38
  5   9   8  12  $12    0.001     2.1451  28304.34   0.5     95.59   2.8  28.06.2025  04:37:40
  5   9   2   6  $12    0.001   -49.9460 659021.76   0.0     86.71   0.0  28.06.2025  04:37:43
  5   9   3   7  $12    0.001    -8.4151 158620.43   0.0    110.53   0.7  28.06.2025  04:37:45
  5   9   4   8  $12    0.010   -16.5041   7070.32   0.0     94.80   0.3  28.06.2025  04:37:48
  5   9   1  13  $12    0.100    12.7404   3202.02   0.2   -303.21   0.3  28.06.2025  04:37:53
  5   9   2  14  $12    0.100    18.4138   4141.44   0.0      4.61   3.0  28.06.2025  04:37:55
  5   9   3  15  $12    0.100    17.9811   2824.47   0.0     -7.07   2.9  28.06.2025  04:37:57
  5   9   4  16  $12    0.100    16.5417   1219.97   0.0      1.73   7.4  28.06.2025  04:37:59
  5   9  14  10  $12    0.010     7.2697   6423.31   0.0      5.18   7.9  28.06.2025  04:38:04
  5   9  15  11  $12    0.100    13.3893   3154.78   0.0      9.72   1.5  28.06.2025  04:38:08
  5   9  16  12  $12    0.100     5.5481   2516.42   0.0     -7.98   0.9  28.06.2025  04:38:10
  6  10   5   9  $12    0.001    43.1615 184903.58   0.1    104.24   0.1  28.06.2025  04:38:18
  6  10   7  11  $12    0.001    24.3107 104146.78   0.0     62.30   0.2  28.06.2025  04:38:21
  6  10   8  12  $12    0.001     5.5880 105331.04   0.0     54.65   1.4  28.06.2025  04:38:23
  6  10   1   5  $12    0.001   -43.7984 386990.92   0.0    103.16   0.1  28.06.2025  04:38:25
  6  10   3   7  $12    0.001   -23.9647 316206.89   0.0     63.09   0.1  28.06.2025  04:38:28
  6  10   4   8  $12    0.001    -5.1742  97531.96   0.0     60.35   2.6  28.06.2025  04:38:30
  6  10   1  13  $12    0.010     2.0882   4696.63   0.3   -668.41   0.2  28.06.2025  04:38:34
  6  10   2  14  $12    0.010     2.0339   5111.75   0.0     21.49   4.5  28.06.2025  04:38:36
  6  10   3  15  $12    0.010     2.3686   5327.21   0.0    -55.11   1.2  28.06.2025  04:38:38
  6  10   4  16  $12    0.010     2.1096   3313.76   0.0      9.42   4.5  28.06.2025  04:38:40
  6  10  13   9  $12    0.010     7.0261   9270.75   0.0    186.56   1.2  28.06.2025  04:38:42
  6  10  15  11  $12    0.010     5.0829   4491.14   0.0     30.89   1.7  28.06.2025  04:38:44
  6  10  16  12  $12    0.010     2.0913   4927.54   0.0     -1.81   2.9  28.06.2025  04:38:46
  7  11   5   9  $12    0.001     7.9318 149510.01   0.0    113.97   0.5  28.06.2025  04:38:51
  7  11   6  10  $12    0.001    24.2549 103907.87   0.1     61.98   1.4  28.06.2025  04:38:53
  7  11   8  12  $12    0.001    18.8085  80575.43   0.0     37.62   0.6  28.06.2025  04:38:55
  7  11   1   5  $12    0.001    -7.7807 183328.94   0.0    122.06   0.8  28.06.2025  04:38:58
  7  11   2   6  $12    0.001   -23.7273 209648.02   0.0     63.19   1.3  28.06.2025  04:39:00
  7  11   4   8  $12    0.001   -17.8093 234988.43   0.0     40.75   1.3  28.06.2025  04:39:02
  7  11   1  13  $12    0.010     2.4237   3807.15   0.2   -179.19   3.4  28.06.2025  04:39:06
  7  11   2  14  $12    0.100    19.9315   4482.79   0.0      5.50   1.0  28.06.2025  04:39:10
  7  11   3  15  $12    0.010     2.5211   6336.32   0.1     -6.97   6.3  28.06.2025  04:39:15
  7  11   4  16  $12    0.010     2.7497   6184.39   0.0      2.48  27.5  28.06.2025  04:39:17
  7  11  13   9  $12    0.100    10.2128   1925.07   0.1    316.22   0.7  28.06.2025  04:39:21
  7  11  14  10  $12    0.010     5.6772   7490.86   0.0     -4.58   1.9  28.06.2025  04:39:26
  7  11  16  12  $12    0.010     7.8692   6953.02   0.0      6.14   1.2  28.06.2025  04:39:28
  8  12   5   9  $12    0.010    18.9341  24982.92   0.0     99.07   0.1  28.06.2025  04:39:30
  8  12   6  10  $12    0.001     5.4966 103608.87   0.0     59.54   3.1  28.06.2025  04:39:35
  8  12   7  11  $12    0.001    17.3267  74227.40   0.0     51.50   0.8  28.06.2025  04:39:37
  8  12   1   5  $12    0.010   -17.3381  78640.11   0.0    110.00   0.2  28.06.2025  04:39:41
  8  12   2   6  $12    0.001    -5.1117 120441.94   0.0     56.47   1.3  28.06.2025  04:39:45
  8  12   3   7  $12    0.001   -16.7715 148188.07   0.0     52.09   1.9  28.06.2025  04:39:47
  8  12   1  13  $12    0.010     2.0923   1543.09   0.8   -111.26   7.8  28.06.2025  04:39:52
  8  12   2  14  $12    0.100    19.1657   3010.54   0.0      5.75   0.3  28.06.2025  04:39:55
  8  12   3  15  $12    0.010     2.4774   5572.01   0.0     -3.71  14.6  28.06.2025  04:40:00
  8  12  16   4  $12    0.010    -2.8148   7074.25   0.1     14.30   8.9  28.06.2025  04:40:02
  8  12   9  13  $12    0.100    -1.9412     83.16   0.9   1021.57   0.8  28.06.2025  04:40:06
  8  12  10  14  $12    0.010    -2.2936   4323.40   0.0     -0.05 802.5  28.06.2025  04:40:11
  8  12  11  15  $12    0.010    -7.9451  10483.27   0.0      7.85   2.2  28.06.2025  04:40:13
  9  13  10  14  $12    0.010    18.8981   8095.93   0.0     42.81   0.9  28.06.2025  04:40:15
  9  13  11  15  $12    0.010     6.1075  11512.43   0.0     12.67   2.8  28.06.2025  04:40:17
  9  13  12  16  $12    0.010     3.2770   4323.88   0.0      6.85   1.8  28.06.2025  04:40:19
  9  13   6  10  $12    0.010    -7.0457   9296.64   0.2     97.43   5.4  28.06.2025  04:40:22
  9  13   7  11  $12    0.100   -11.9429   2251.18   0.0    113.32   1.6  28.06.2025  04:40:25
  9  13   8  12  $12    0.100    -4.8119    206.14   0.0    122.51   0.4  28.06.2025  04:40:27
  9  13   5   1  $12    0.010     2.4621  18563.98   0.7   -109.72   9.8  28.06.2025  04:40:32
  9  13   6   2  $12    0.010     1.9760   8962.46   0.9   -520.45   3.6  28.06.2025  04:40:36
  9  13   7   3  $12    0.010     2.4071   5671.50   0.3    -88.14   2.5  28.06.2025  04:40:39
  9  13   8   4  $12    0.100    20.1000   1775.98   0.0    -21.51   1.7  28.06.2025  04:40:43
  9  13   2  14  $12    0.010     6.6629   4913.91   0.2     14.56   7.4  28.06.2025  04:40:48
  9  13   3  15  $12    0.010     2.2710   3567.23   0.1     63.40   5.3  28.06.2025  04:40:50
  9  13   4  16  $12    0.100     7.1438   1606.71   0.0     -4.80   1.4  28.06.2025  04:40:53
 10  14   9  13  $12    0.010    16.5641   7096.05   0.1     13.18   3.0  28.06.2025  04:40:58
 10  14  11  15  $12    0.001     2.8409  12170.26   0.0    -16.95  10.3  28.06.2025  04:41:03
 10  14  12  16  $12    0.010     7.6503  14420.54   0.0      2.35   0.9  28.06.2025  04:41:07
 10  14   5   9  $12    0.010    -7.0658   6243.19   0.0      0.22 362.8  28.06.2025  04:41:09
 10  14   7  11  $12    0.010    -5.6663   7476.55   0.0     -3.72  36.5  28.06.2025  04:41:11
 10  14   8  12  $12    0.010    -2.2855   4308.00   0.0     -3.17  38.2  28.06.2025  04:41:13
 10  14   5   1  $12    0.010     2.9671  34082.01   0.1     25.35   9.4  28.06.2025  04:41:15
 10  14   6   2  $12    0.010     2.8630  21586.75   0.3     52.46  20.6  28.06.2025  04:41:17
 10  14   7   3  $12    0.010     2.5559  11592.68   0.1     24.66   7.3  28.06.2025  04:41:19
 10  14   8   4  $12    0.010     2.4974   5884.35   0.0     14.57   1.9  28.06.2025  04:41:21
 10  14   1  13  $12    0.010    10.7597   9646.15   0.0     98.94   1.6  28.06.2025  04:41:23
 10  14   3  15  $12    0.010    19.8183  14616.15   0.0    -20.43   0.5  28.06.2025  04:41:25
 10  14   4  16  $12    0.010     2.8796   4523.25   0.0     -2.79  18.3  28.06.2025  04:41:27
 11  15   9  13  $12    0.010     6.6387  12513.60   0.0     19.21   4.2  28.06.2025  04:41:29
 11  15  10  14  $12    0.001     2.8625  12263.09   0.0    -13.08   6.9  28.06.2025  04:41:34
 11  15  12  16  $12    0.010    18.8323   8067.72   0.0     15.43   0.3  28.06.2025  04:41:38
 11  15   5   9  $12    0.100   -11.1338   2623.35   0.0     25.75   1.7  28.06.2025  04:41:42
 11  15   6  10  $12    0.010    -5.1498   4550.23   0.0     33.25   5.5  28.06.2025  04:41:47
 11  15   8  12  $12    0.010    -7.9139  10442.17   0.0     12.08   4.1  28.06.2025  04:41:49
 11  15   5   1  $12    0.010     2.5530  42108.36   0.2     -8.86  18.1  28.06.2025  04:41:51
 11  15   6   2  $12    0.010     2.9169  33505.34   0.1    -50.53   4.2  28.06.2025  04:41:53
 11  15   7   3  $12    0.010     2.9153  21981.16   0.0    -32.99   1.1  28.06.2025  04:41:55
 11  15   8   4  $12    0.010     2.8861  13090.63   0.3    -19.07  13.5  28.06.2025  04:41:57
 11  15   1  13  $12    0.010     3.1118  68431.33   0.0     54.02   2.5  28.06.2025  04:41:59
 11  15   2  14  $12    0.010    20.7548  18606.75   0.0    -11.38   0.4  28.06.2025  04:42:01
 11  15   4  16  $12    0.010     7.9469   5860.87   0.0     29.39   0.1  28.06.2025  04:42:03
 12  16   9  13  $12    0.010     3.3563   4428.52   0.0      6.15  72.3  28.06.2025  04:42:05
 12  16  10  14  $12    0.010     7.6728  14462.97   0.0      2.15  10.5  28.06.2025  04:42:07
 12  16  11  15  $12    0.010    19.0520   8161.85   0.0     13.55   0.5  28.06.2025  04:42:09
 12  16   5   9  $12    0.100    -3.9478   1790.61   0.0    -44.42   3.1  28.06.2025  04:42:13
 12  16   6  10  $12    0.100   -20.6489   4865.29   0.0     -1.35  69.6  28.06.2025  04:42:15
 12  16   7  11  $12    0.010    -7.8092   6900.04   0.3      7.62  14.1  28.06.2025  04:42:20
 12  16   5   1  $12    0.010     2.1533  48833.21   0.2     -7.22  92.5  28.06.2025  04:42:22
 12  16   6   2  $12    0.010     2.4322  40115.45   0.6     10.68  75.6  28.06.2025  04:42:24
 12  16   7   3  $12    0.010     2.8535  32776.54   0.4     -9.51  53.3  28.06.2025  04:42:26
 12  16   8   4  $12    0.010     3.0974  23353.69   0.0      1.31 104.5  28.06.2025  04:42:28
 12  16  13   1  $12    0.100    -8.7394    854.75   0.3     32.91   6.2  28.06.2025  04:42:32
 12  16  14   2  $12    0.010    -3.1425  69107.21   0.0      7.68   1.4  28.06.2025  04:42:37
 12  16  15   3  $12    0.010    -8.4361   7562.98   0.0     31.50   0.5  28.06.2025  04:42:39
 13   1  14   2  $12    0.010    14.1904   4866.42   0.0     61.31   0.3  28.06.2025  04:42:41
 13   1  15   3  $12    0.010     5.5713   4224.81   0.0     23.03   1.5  28.06.2025  04:42:43
 13   1  16   4  $12    0.010     3.0226   3884.69   0.0      6.58   3.4  28.06.2025  04:42:45
 13   1  10  14  $12    0.010    -8.1115   7271.96   0.0     96.33   0.1  28.06.2025  04:42:47
 13   1  11  15  $12    0.010    -2.4050  52889.51   0.1     55.78   8.2  28.06.2025  04:42:49
 13   1  12  16  $12    0.100    -7.2276    706.89   0.0     11.94   0.4  28.06.2025  04:42:53
 13   1   9   5  $12    0.100    19.9910   5024.28   0.1   -105.78   0.4  28.06.2025  04:42:55
 13   1  10   6  $12    0.100    21.5589   4848.79   0.0   -182.19   0.2  28.06.2025  04:42:57
 13   1  11   7  $12    0.100    19.3653   3041.90   0.0    -89.90   0.8  28.06.2025  04:42:59
 13   1  12   8  $12    0.100    16.6970   1231.42   0.0    -45.24   0.7  28.06.2025  04:43:01
 13   1   6   2  $12    0.010     3.7644   2776.30   0.9    125.02   4.1  28.06.2025  04:43:06
 13   1   7   3  $12    0.100    12.1581   1909.79   0.1    135.79   0.6  28.06.2025  04:43:10
 13   1   8   4  $12    0.100     5.9429   1336.62   0.0    118.03   0.3  28.06.2025  04:43:12
 14   2  13   1  $12    0.010    12.0370   4127.95   0.1     11.86   6.3  28.06.2025  04:43:17
 14   2  15   3  $12    0.001     2.8743   9857.18   0.0    -16.73   5.6  28.06.2025  04:43:22
 14   2  16   4  $12    0.010     7.3389   5565.24   0.0      2.43   1.6  28.06.2025  04:43:25
 14   2   9  13  $12    0.010   -10.4896   7736.19   0.0    104.27   0.5  28.06.2025  04:43:27
 14   2  11  15  $12    0.010   -20.2422  18147.16   0.0    -15.80   1.9  28.06.2025  04:43:29
 14   2  12  16  $12    0.010    -3.1346  68933.92   0.0      7.85   1.8  28.06.2025  04:43:32
 14   2   9   5  $12    0.100    18.3579   4128.87   0.0      5.93   3.1  28.06.2025  04:43:35
 14   2  10   6  $12    0.100    20.1454   5063.10   0.1     18.51  13.0  28.06.2025  04:43:37
 14   2  11   7  $12    0.100    19.7355   4438.70   0.0      7.09  10.4  28.06.2025  04:43:39
 14   2  12   8  $12    0.100    19.2589   3025.18   0.0      5.85   3.0  28.06.2025  04:43:41
 14   2   5   1  $12    0.010     3.4266   3071.98   0.1      1.89 104.9  28.06.2025  04:43:46
 14   2   7   3  $12    0.010     6.0786   4483.03   0.3     -1.48  49.0  28.06.2025  04:43:48
 14   2   8   4  $12    0.010     2.2582   3547.22   0.0      1.32  53.6  28.06.2025  04:43:50
 15   3  13   1  $12    0.010     6.0580   4593.86   0.0     22.95   1.2  28.06.2025  04:43:52
 15   3  14   2  $12    0.001     2.8840   9890.31   0.0    -12.56   1.2  28.06.2025  04:43:57
 15   3  16   4  $12    0.010    15.9909   5483.88   0.0     19.03   0.2  28.06.2025  04:44:01
 15   3   9  13  $12    0.010    -3.0231   4748.73   0.1     51.00   3.6  28.06.2025  04:44:03
 15   3  10  14  $12    0.010   -20.5209  15134.30   0.0     -9.79   1.0  28.06.2025  04:44:05
 15   3  12  16  $12    0.010    -8.1430   7300.18   0.0     31.45   0.2  28.06.2025  04:44:07
 15   3   9   5  $12    0.100    18.4857   2903.73   0.0    -21.88   0.3  28.06.2025  04:44:11
 15   3  10   6  $12    0.010     2.2519   5064.78   0.1    -36.48  12.4  28.06.2025  04:44:16
 15   3  11   7  $12    0.010     2.5315   6362.37   0.1    -28.25  46.2  28.06.2025  04:44:18
 15   3  12   8  $12    0.010     2.4442   5497.25   0.2     -5.35  74.9  28.06.2025  04:44:20
 15   3   5   1  $12    0.100    12.0480  26494.90   0.0     51.07   1.0  28.06.2025  04:44:24
 15   3   6   2  $12    0.010     5.8970   5286.67   0.2     24.96  22.7  28.06.2025  04:44:29
 15   3   8   4  $12    0.010     5.3912   3976.07   0.0     13.17   3.9  28.06.2025  04:44:31
 16   4  13   1  $12    0.010     3.1338   4027.53   0.0     -5.35   3.5  28.06.2025  04:44:33
 16   4  14   2  $12    0.010     7.3464   5570.91   0.0      1.79   9.5  28.06.2025  04:44:35
 16   4  15   3  $12    0.010    16.1362   5533.70   0.0     17.30   0.3  28.06.2025  04:44:37
 16   4   9  13  $12    0.100    -8.0622   1813.28   0.0     15.32   2.5  28.06.2025  04:44:41
 16   4  10  14  $12    0.010    -2.8267   4440.24   0.0      8.68   3.1  28.06.2025  04:44:46
 16   4  11  15  $12    0.010    -8.0620   5945.81   0.0     33.49   1.4  28.06.2025  04:44:48
 16   4   9   5  $12    0.100    16.6766   1229.92   0.0      7.67   2.4  28.06.2025  04:44:51
 16   4  10   6  $12    0.100    21.0495   3306.44   0.0     19.69   3.9  28.06.2025  04:44:53
 16   4  11   7  $12    0.010     2.7412   6165.30   0.0      4.68  16.5  28.06.2025  04:44:58
 16   4  12   8  $12    0.010     2.8548   7174.96   0.0     -2.69 204.9  28.06.2025  04:45:00
 16   4   5   1  $12    0.100     6.1526    601.75   0.2    -19.24   4.7  28.06.2025  04:45:04
 16   4   6   2  $12    0.010     2.3760  52250.27   0.7    -10.13  12.3  28.06.2025  04:45:09
 16   4   7   3  $12    0.010     5.3955   4837.07   0.1      3.75 106.2  28.06.2025  04:45:11
  1   4   2   3  $12    0.010     5.8774   3692.89   0.0      5.50   2.1  28.06.2025  04:45:13
  2   3   1   4  $12    0.010     5.8854   3697.88   0.0      5.75   2.2  28.06.2025  04:45:15
  1   2   3   4  $12    0.010    -2.8319   5338.04   0.0      7.77   1.4  28.06.2025  04:45:17
  3   4   1   2  $12    0.010    -2.8337   5341.48   0.0      9.50   2.7  28.06.2025  04:45:20
  5   8   6   7  $12    0.001    55.4033 348109.34   0.0     69.97   0.3  28.06.2025  04:45:25
  6   7   5   8  $12    0.001    56.1831 353009.09   0.0     70.73   0.3  28.06.2025  04:45:27
  5   6   7   8  $12    0.001   -13.8876 261775.99   0.1     22.33   3.7  28.06.2025  04:45:29
  7   8   5   6  $12    0.001   -13.3744 252100.85   0.0     28.78   2.4  28.06.2025  04:45:32
  9  12  10  11  $12    0.010    12.8210   8055.69   0.0      9.58   1.2  28.06.2025  04:45:35
 10  11   9  12  $12    0.010    12.7755   8027.06   0.0      8.43   4.1  28.06.2025  04:45:37
  9  10  11  12  $12    0.010    -2.3327   4397.04   0.0     15.50   1.2  28.06.2025  04:45:39
 11  12   9  10  $12    0.010    -2.3378   4406.64   0.0     12.47   1.9  28.06.2025  04:45:41
 13  16  14  15  $12    0.010    12.5201   7866.61   0.0     82.94   0.1  28.06.2025  04:45:43
 14  15  13  16  $12    0.010    14.2307   8941.41   0.3     79.78   0.2  28.06.2025  04:45:45
 13  14  15  16  $12    0.010   -15.3221  28881.45   0.0    -15.91   2.9  28.06.2025  04:45:47
  1   9  10   2  $12    0.010   -15.2723   5495.81   0.0     10.96   1.1  28.06.2025  04:45:50
  1   9  11   3  $12    0.010    -6.6966   5737.60   0.0      4.97   1.2  28.06.2025  04:45:52
  1   9  12   4  $12    0.010    -4.7409   7927.44   0.0      7.58   1.2  28.06.2025  04:45:54
  2  10   9   1  $12    0.010   -15.2562   5490.01   0.0      9.04   0.4  28.06.2025  04:45:56
  2  10  11   3  $12    0.010   -16.1404   5808.21   0.0      6.14   0.8  28.06.2025  04:45:58
  2  10  12   4  $12    0.010    -8.9094   7633.58   0.0      6.91   1.2  28.06.2025  04:46:00
  3  11   9   1  $12    0.010    -6.6987   5739.40   0.0      5.65   1.2  28.06.2025  04:46:02
  3  11  10   2  $12    0.010   -16.1717   5819.46   0.0      5.92   1.1  28.06.2025  04:46:04
  3  11  12   4  $12    0.010   -18.6194   6700.28   0.0      6.98   0.6  28.06.2025  04:46:06
 12   4   9   1  $12    0.010     4.7929   8014.32   0.0      1.56  79.6  28.06.2025  04:46:08
 12   4  10   2  $12    0.010     8.9560   7673.46   0.0      3.53   5.6  28.06.2025  04:46:10
 12   4  11   3  $12    0.010    18.6433   6708.88   0.0      5.71   1.4  28.06.2025  04:46:12
 13   5  14   6  $12    0.001    53.2085 191473.50   0.0     68.64   0.2  28.06.2025  04:46:17
 13   5  15   7  $12    0.001     9.7768  83767.81   0.0     75.73   2.0  28.06.2025  04:46:19
 13   5  16   8  $12    0.001     2.5694  42963.67   0.1     48.72   5.4  28.06.2025  04:46:21
 14   6  13   5  $12    0.001    53.8613 193822.80   0.0     91.73   0.0  28.06.2025  04:46:24
 14   6  15   7  $12    0.001    28.9774 104276.82   0.0     47.42   0.7  28.06.2025  04:46:26
 14   6  16   8  $12    0.001     6.4461  55229.81   0.0     44.89   5.1  28.06.2025  04:46:29
 15   7  13   5  $12    0.001     9.9446  85204.86   0.1     89.18   0.6  28.06.2025  04:46:31
 15   7  14   6  $12    0.001    28.3639 102069.07   0.0     43.86   2.1  28.06.2025  04:46:33
 15   7  16   8  $12    0.001    19.9608  71829.89   0.0     30.48   2.2  28.06.2025  04:46:35
 16   8  13   5  $12    0.001     2.6253  43898.29   0.5     69.16   1.5  28.06.2025  04:46:37
 16   8  14   6  $12    0.001     6.4072  54896.54   0.0     41.29   2.7  28.06.2025  04:46:39
 16   8  15   7  $12    0.001    20.1623  72555.18   0.0     29.74   0.6  28.06.2025  04:46:41
  1   2   5   6  $12    0.100     4.5418   8561.02   0.3    -25.35  10.0  28.06.2025  04:46:47
  2   3   6   7  $12    0.100     2.0278   3822.23   0.5    132.96   2.9  28.06.2025  04:46:49
  3   4   7   8  $12    1.000     5.9508   1121.70   0.1      5.23  33.2  28.06.2025  04:46:53
  1   2   9  10  $12    1.000     6.7154  10632.86   0.0      4.06   7.8  28.06.2025  04:46:55
  2   3  10  11  $12    1.000     6.6065  10460.47   0.0     52.20   1.3  28.06.2025  04:46:57
  3   4  11  12  $12    1.000     2.4415   3865.70   0.0    -12.26   1.3  28.06.2025  04:46:59
  1   2  13  14  $12    0.100     3.9135 210977.88   0.1     29.87   1.1  28.06.2025  04:47:04
  2   3  14  15  $12    1.000    13.8038  74416.18   0.0      2.67   4.5  28.06.2025  04:47:08
  3   4  15  16  $12    1.000    11.8030  63629.77   0.0    -22.06   1.5  28.06.2025  04:47:10
  5   6   9  10  $12    0.100     4.5090   8499.22   0.0     98.20   0.0  28.06.2025  04:47:15
  6   7  10  11  $12    0.100     4.2825   8072.38   0.1    424.21   0.1  28.06.2025  04:47:17
  7   8  11  12  $12    1.000     9.4267   1776.89   0.7    -66.50  14.5  28.06.2025  04:47:21
  5   6  13  14  $12    0.100    13.7754 218114.36   0.0   -219.49   0.3  28.06.2025  04:47:26
  6   7  14  15  $12    0.100     1.7725  28064.53   0.1   -266.42   1.3  28.06.2025  04:47:32
  7   8  15  16  $12    1.000     3.4183   5412.46   0.7   -105.27   7.8  28.06.2025  04:47:36
  9  10  13  14  $12    0.100     5.7173  10776.77   0.5     94.33   8.8  28.06.2025  04:47:41
 10  11  14  15  $12    0.100     3.4249   6455.85   0.0     16.22  11.0  28.06.2025  04:47:43
 11  12  15  16  $12    1.000     7.6722   1446.17   0.0      3.18  19.3  28.06.2025  04:47:46
  1   2   6   7  $12    1.000    14.1735   5343.29   0.4    313.91   1.2  28.06.2025  04:47:48
  2   3   7   8  $12    1.000     5.1684   1948.46   0.3     17.26   9.7  28.06.2025  04:47:50
  1   2   7   8  $12    1.000     7.2570   4787.66   0.0     33.90   0.5  28.06.2025  04:47:52
  2   3   7   8  $12    1.000     5.1125   1927.38   0.0     39.19   1.5  28.06.2025  04:47:54
  1   2  10  11  $12    1.000    10.1672  22997.76   0.0     39.72   0.7  28.06.2025  04:47:56
  2   3  11  12  $12    1.000     2.5253   5712.19   0.0     -1.82  22.4  28.06.2025  04:47:58
  1   2  11  12  $12    1.000     3.7696  11724.20   0.0      0.26  47.7  28.06.2025  04:48:01
  2   3  11  12  $12    1.000     2.5171   5693.47   0.0     -1.26   5.7  28.06.2025  04:48:03
  1   2  14  15  $12    1.000    18.6165 127732.38   0.0      5.57   0.7  28.06.2025  04:48:05
  2   3  15  16  $12    1.000    10.9228  74944.03   0.0     -6.56   3.1  28.06.2025  04:48:07
  1   2  15  16  $12    1.000    13.4379 115250.69   0.0     -4.46   8.3  28.06.2025  04:48:09
  2   3  15  16  $12    1.000    10.9258  74964.52   0.0     -8.30   2.4  28.06.2025  04:48:11
  5   6  10  11  $12    0.100     1.6492   6217.50   0.0   -963.36   0.1  28.06.2025  04:48:16
  6   7  11  12  $12    0.100     1.3981   5270.71   0.1     21.31   4.4  28.06.2025  04:48:22
  5   6  11  12  $12    0.100     0.9321   6149.58   0.1    -69.61   0.7  28.06.2025  04:48:27
  6   7  11  12  $12    0.100     1.3839   5217.30   0.0     14.37   0.5  28.06.2025  04:48:32
  5   6  14  15  $12    0.100    -1.0200  23072.90   0.7   -514.11   0.4  28.06.2025  04:48:38
  6   7  15  16  $12    0.100    -1.5213  34411.19   0.2   -651.91   0.1  28.06.2025  04:48:43
  5   6  15  16  $12    0.100     2.0212  62861.87   0.9   -470.86   0.4  28.06.2025  04:48:45
  6   7  15  16  $12    0.100    -1.4426  32631.14   0.2   -649.26   0.0  28.06.2025  04:48:50
  9  10  14  15  $12    1.000    13.8719   5229.57   0.0    -19.39   1.2  28.06.2025  04:48:54
 10  11  15  16  $12    1.000    22.2028   8370.25   0.0     -8.66   0.7  28.06.2025  04:48:56
  9  10  15  16  $12    1.000    12.0125   7925.04   0.0    -24.80   1.5  28.06.2025  04:48:58
 10  11  15  16  $12    1.000    22.0149   8299.44   0.0     -6.98   0.4  28.06.2025  04:49:00
