//C:\Users\user\Desktop\GeoTom\GeoTomE724.ini
//- Cable direction:
//  cable I: normal
//  cable II: normal
//  cable III: normal
//  cable IV: normal
//- Cable arrangement: sequential
//- Optimization: Last measurement
//- Sorting: Multi-level
//- Current levels: 0.001 mA .. 50.0 mA
Type:         Flow
Name:         Hyprop
Comment:      Example of a measurements sequence
Comment:      
Comment:      
Spacing:      1.00000
First El:     0.00000
Nr of points: 289
IP present:   1

  1   5   2   6  $12    0.001   149.8553 641978.60   0.0     -0.03 615.5  29.06.2025  06:35:09
  1   5   3   7  $12    0.001     9.1947 173315.35   0.0    144.88   0.1  29.06.2025  06:35:11
  1   5   4   8  $12    0.001     3.7210  49097.61   0.0    184.39   0.0  29.06.2025  06:35:13
  1   5  14   2  $12    0.010    -3.9813   3569.26   0.0    -37.63   0.7  29.06.2025  06:35:17
  1   5  15   3  $12    0.100   -15.1160  33241.87   0.0    -39.05   0.2  29.06.2025  06:35:20
  1   5  16   4  $12    0.100    -3.8457    376.13   0.0    188.60   0.1  29.06.2025  06:35:23
  1   5  13   9  $12    0.010     7.5201  56700.25   0.0   -166.33   0.4  29.06.2025  06:35:27
  1   5  14  10  $12    0.010     1.6307  18730.43   0.2    992.17   0.3  29.06.2025  06:35:32
  1   5  15  11  $12    0.010     4.2326  69809.07   0.0    -58.03   1.3  29.06.2025  06:35:34
  1   5  16  12  $12    0.010     3.2740  74248.50   0.0     -1.26  23.0  29.06.2025  06:35:36
  1   5  10   6  $12    0.001   149.0224 1316721.17   0.0     -1.13  28.9  29.06.2025  06:35:41
  1   5  11   7  $12    0.001     8.5071 200443.82   0.0    159.86   0.3  29.06.2025  06:35:43
  1   5  12   8  $12    0.001     3.3182 150501.26   0.0    210.37   0.4  29.06.2025  06:35:45
  2   6   1   5  $12    0.001   146.5945 628009.43   0.0     12.13   1.2  29.06.2025  06:35:48
  2   6   3   7  $12    0.001    17.6030  75411.09   0.0    152.58   0.1  29.06.2025  06:35:50
  2   6   4   8  $12    0.001     6.5342 123166.93   0.0    203.41   0.1  29.06.2025  06:35:52
  2   6  13   1  $12    0.010     3.1599   2330.48   0.1  -1122.90   0.4  29.06.2025  06:35:55
  2   6  15   3  $12    0.010    -7.5041   6727.42   0.0     31.80   0.5  29.06.2025  06:35:57
  2   6  16   4  $12    0.010    -2.5915  56990.43   0.0    -19.91   3.1  29.06.2025  06:35:59
  2   6  13   9  $12    0.010     8.8957  40348.07   0.0   -303.47   0.2  29.06.2025  06:36:01
  2   6  14  10  $12    0.010    -1.3053   9841.41   0.4  -2538.65   0.7  29.06.2025  06:36:04
  2   6  15  11  $12    0.010     4.5432  52185.46   0.0   -110.89   0.3  29.06.2025  06:36:06
  2   6  16  12  $12    0.010     3.3165  54699.73   0.0     -1.93   4.3  29.06.2025  06:36:08
  2   6   9   5  $12    0.001   144.5593 1907414.40   0.0     13.34   0.1  29.06.2025  06:36:13
  2   6  11   7  $12    0.001    16.3811 144738.72   0.0    169.94   0.5  29.06.2025  06:36:15
  2   6  12   8  $12    0.001     5.9509 140215.20   0.0    229.40   0.1  29.06.2025  06:36:17
  3   7   1   5  $12    0.001     8.9975 169598.41   0.2    123.73   1.6  29.06.2025  06:36:19
  3   7   2   6  $12    0.001    16.4167  70328.89   0.0    113.76   2.8  29.06.2025  06:36:21
  3   7   4   8  $12    0.001     6.7684  28995.93   0.1    235.49   0.0  29.06.2025  06:36:23
  3   7  13   1  $12    0.100   -11.6412   1828.60   0.1     15.60   8.7  29.06.2025  06:36:29
  3   7  14   2  $12    0.010    -7.5884   5596.53   0.0     30.86   0.5  29.06.2025  06:36:34
  3   7  16   4  $12    0.010    -6.4109   5747.43   0.0     19.58   0.8  29.06.2025  06:36:36
  3   7  13   9  $12    0.010     2.5026   5896.67   0.1      2.95 188.1  29.06.2025  06:36:38
  3   7  14  10  $12    0.010     2.5192  11426.43   0.1     27.09   1.1  29.06.2025  06:36:40
  3   7  15  11  $12    0.010     2.8451  21451.25   0.0      3.86  41.6  29.06.2025  06:36:42
  3   7  16  12  $12    0.010     3.0393  34910.71   0.0      4.96   8.8  29.06.2025  06:36:44
  3   7   9   5  $12    0.001     6.9220 130476.76   0.0    117.48   2.1  29.06.2025  06:36:49
  3   7  10   6  $12    0.001    13.5716 179073.01   0.3    137.71   1.2  29.06.2025  06:36:51
  3   7  12   8  $12    0.001     5.1011  45071.57   0.2    281.02   0.2  29.06.2025  06:36:53
  4   8   1   5  $12    0.001     3.8868  51285.37   0.1    127.50   2.0  29.06.2025  06:36:55
  4   8   2   6  $12    0.001     6.9498 131001.17   0.2    136.96   8.4  29.06.2025  06:36:57
  4   8   3   7  $12    0.001     6.5925  28242.21   0.1    195.95   0.2  29.06.2025  06:36:59
  4   8  13   1  $12    0.100    -6.4128   1442.29   0.1    -54.21   5.9  29.06.2025  06:37:05
  4   8  14   2  $12    0.010    -2.4540   3854.69   0.0     17.49   8.2  29.06.2025  06:37:10
  4   8  15   3  $12    0.010    -6.5923   4861.85   0.0     13.97   1.9  29.06.2025  06:37:12
  4   8  13   9  $12    0.010     2.2801   2014.60   0.4     -6.31 132.2  29.06.2025  06:37:14
  4   8  14  10  $12    0.010     2.6291   6194.63   0.3      6.90  60.7  29.06.2025  06:37:16
  4   8  15  11  $12    0.010     2.9891  13557.74   0.1      6.86  15.7  29.06.2025  06:37:18
  4   8  16  12  $12    0.010     3.4676  26145.21   0.0      3.69   7.6  29.06.2025  06:37:20
  4   8   9   5  $12    0.010    22.9907   9849.18   0.0    143.46   0.5  29.06.2025  06:37:22
  4   8  10   6  $12    0.001     4.9005  92372.33   0.2    172.96   1.7  29.06.2025  06:37:27
  4   8  11   7  $12    0.001     4.6973  61979.83   0.1    262.37   0.5  29.06.2025  06:37:29
  5   9   6  10  $12    0.001   150.5317 644876.27   0.0      4.52   5.8  29.06.2025  06:37:31
  5   9   7  11  $12    0.001     8.1755 154103.94   0.0    153.31   0.4  29.06.2025  06:37:34
  5   9   8  12  $12    0.001     2.9688  39172.60   0.0    201.83   0.4  29.06.2025  06:37:36
  5   9   2   6  $12    0.001  -148.4492 1958741.11   0.0      9.09   2.0  29.06.2025  06:37:38
  5   9   3   7  $12    0.001    -8.0039 150869.34   0.0    159.63   0.1  29.06.2025  06:37:40
  5   9   4   8  $12    0.001    -2.8418  12174.07   0.0    228.38   0.3  29.06.2025  06:37:42
  5   9   1  13  $12    0.010     6.7559  16979.40   0.3   -206.84   1.1  29.06.2025  06:37:46
  5   9   2  14  $12    0.100    19.7308   4437.65   0.0     36.40   0.3  29.06.2025  06:37:50
  5   9   3  15  $12    0.100    17.5653   2759.15   0.0     40.07   0.2  29.06.2025  06:37:52
  5   9   4  16  $12    0.100    19.9742   1473.11   0.0     -4.40   1.1  29.06.2025  06:37:54
  5   9  14  10  $12    0.010    14.1603  12511.68   0.0    -75.41   1.1  29.06.2025  06:37:59
  5   9  15  11  $12    0.100     4.0849    962.49   0.0     73.67   1.4  29.06.2025  06:38:02
  5   9  16  12  $12    0.100    -4.6799   2122.65   0.0     -0.07 375.0  29.06.2025  06:38:05
  6  10   5   9  $12    0.001   144.6811 619812.20   0.0      0.15  77.9  29.06.2025  06:38:13
  6  10   7  11  $12    0.001    16.0468  68744.19   0.0    147.87   0.4  29.06.2025  06:38:15
  6  10   8  12  $12    0.001     5.7843 109030.99   0.0    198.58   0.1  29.06.2025  06:38:17
  6  10   1   5  $12    0.001  -143.3445 1266552.84   0.0      6.65   7.1  29.06.2025  06:38:19
  6  10   3   7  $12    0.001   -14.9619 197418.18   0.0    168.22   0.4  29.06.2025  06:38:21
  6  10   4   8  $12    0.001    -5.2303  98588.69   0.0    232.17   0.0  29.06.2025  06:38:23
  6  10   1  13  $12    0.010     7.4256  16700.96   0.0   -345.65   0.1  29.06.2025  06:38:28
  6  10   2  14  $12    0.100    22.0653   5545.61   0.0     -5.05   7.6  29.06.2025  06:38:31
  6  10   3  15  $12    0.100    19.1675   4310.96   0.0     80.48   0.7  29.06.2025  06:38:33
  6  10   4  16  $12    0.010     2.7142   4263.49   0.0     16.15   1.5  29.06.2025  06:38:38
  6  10  13   9  $12    0.010     8.0651  10641.64   0.2    207.15   1.4  29.06.2025  06:38:40
  6  10  15  11  $12    0.010     8.9859   7939.66   0.0     25.51   1.8  29.06.2025  06:38:42
  6  10  16  12  $12    0.010     2.8394   6690.09   0.0      0.19  91.6  29.06.2025  06:38:44
  7  11   5   9  $12    0.001     7.9017 148942.93   0.1    118.44   0.9  29.06.2025  06:38:49
  7  11   6  10  $12    0.001    15.4288  66096.66   0.2    122.17   1.8  29.06.2025  06:38:51
  7  11   8  12  $12    0.001     6.4854  27783.56   0.0    210.29   0.3  29.06.2025  06:38:53
  7  11   1   5  $12    0.001    -7.6502 180253.79   0.0    120.04   0.9  29.06.2025  06:38:55
  7  11   2   6  $12    0.001   -14.0172 123851.97   0.0    140.29   1.0  29.06.2025  06:38:57
  7  11   4   8  $12    0.001    -5.1161  67505.56   0.1    282.32   0.7  29.06.2025  06:38:59
  7  11   1  13  $12    0.010     2.3891   3752.80   0.0    -44.71   5.1  29.06.2025  06:39:03
  7  11   2  14  $12    0.010     2.2970   5166.17   0.2     -1.27  53.1  29.06.2025  06:39:06
  7  11   3  15  $12    0.010     2.8544   7173.96   0.0      8.54   3.8  29.06.2025  06:39:08
  7  11   4  16  $12    0.010     3.3218   7471.03   0.0      2.38   5.1  29.06.2025  06:39:10
  7  11  13   9  $12    0.100    15.8655   2990.58   0.0     47.66   0.3  29.06.2025  06:39:13
  7  11  14  10  $12    0.010    11.0350  14560.31   0.0      4.30   8.7  29.06.2025  06:39:18
  7  11  16  12  $12    0.010    10.8312   9570.15   0.0     11.04   0.3  29.06.2025  06:39:20
  8  12   5   9  $12    0.001     3.2375  42717.41   0.3    133.53   1.8  29.06.2025  06:39:25
  8  12   6  10  $12    0.001     5.7327 108059.79   0.2    132.22   5.3  29.06.2025  06:39:27
  8  12   7  11  $12    0.001     6.2247  26666.45   0.0    180.56   0.2  29.06.2025  06:39:29
  8  12   1   5  $12    0.001    -2.9411 133397.25   0.5    136.70   4.2  29.06.2025  06:39:31
  8  12   2   6  $12    0.001    -5.0131 118118.36   0.9    169.02   3.5  29.06.2025  06:39:33
  8  12   3   7  $12    0.001    -4.8133  42529.39   0.0    243.15   0.3  29.06.2025  06:39:35
  8  12   1  13  $12    0.100    17.7969   1312.54   0.0     -7.41  12.6  29.06.2025  06:39:41
  8  12   2  14  $12    0.100    20.7678   3262.20   0.0      2.94   6.6  29.06.2025  06:39:43
  8  12   3  15  $12    0.010     2.6119   5874.41   0.1      1.39  49.3  29.06.2025  06:39:48
  8  12  16   4  $12    0.010    -3.1448   7903.87   0.2      6.64   9.5  29.06.2025  06:39:50
  8  12   9  13  $12    0.100    -8.0187    343.52   0.1     28.72   4.4  29.06.2025  06:39:54
  8  12  10  14  $12    0.010    -4.2016   7919.81   0.1     10.55  18.1  29.06.2025  06:39:58
  8  12  11  15  $12    0.010   -11.2929  14900.58   0.0      4.65   3.2  29.06.2025  06:40:01
  9  13  10  14  $12    0.001     3.4295  14691.83   0.0     11.88  14.6  29.06.2025  06:40:05
  9  13  11  15  $12    0.010     7.4039  13955.95   0.0     17.72   0.8  29.06.2025  06:40:09
  9  13  12  16  $12    0.010     3.8599   5093.04   0.0     -2.98  15.5  29.06.2025  06:40:11
  9  13   6  10  $12    0.010    -9.0468  11936.91   0.1    283.71   1.0  29.06.2025  06:40:13
  9  13   7  11  $12    0.100   -15.2562   2875.73   0.0     68.08   0.9  29.06.2025  06:40:17
  9  13   8  12  $12    0.100    -7.4286    318.24   0.0     19.45   0.2  29.06.2025  06:40:19
  9  13   5   1  $12    0.010     5.7656  43471.61   0.1   -167.45   1.1  29.06.2025  06:40:24
  9  13   6   2  $12    0.010     5.7712  26176.46   0.8   -380.09   1.7  29.06.2025  06:40:26
  9  13   7   3  $12    0.010     2.4017   5658.76   0.1    -47.90   0.7  29.06.2025  06:40:28
  9  13   8   4  $12    0.010     2.1674   1915.03   0.0    -15.48   5.3  29.06.2025  06:40:30
  9  13   2  14  $12    0.010    13.5535   9995.82   0.0     39.00   0.5  29.06.2025  06:40:32
  9  13   3  15  $12    0.010     3.2999   5183.54   0.0     11.19   4.2  29.06.2025  06:40:34
  9  13   4  16  $12    0.100     9.2821   2087.63   0.0    -20.23   0.6  29.06.2025  06:40:38
 10  14   9  13  $12    0.001     3.1859  13648.25   0.0     17.35  13.4  29.06.2025  06:40:46
 10  14  11  15  $12    0.001     4.3760  18746.92   0.0    -16.24   5.5  29.06.2025  06:40:48
 10  14  12  16  $12    0.010    10.4555  19708.22   0.0      5.84   0.7  29.06.2025  06:40:52
 10  14   5   9  $12    0.010   -13.6568  12066.82   0.0    -96.12   0.5  29.06.2025  06:40:54
 10  14   7  11  $12    0.010   -11.1809  14752.82   0.0    -15.36   3.0  29.06.2025  06:40:56
 10  14   8  12  $12    0.010    -4.1811   7881.24   0.0      1.75  25.7  29.06.2025  06:40:58
 10  14   5   1  $12    0.100    19.0012  21825.64   0.0    801.56   0.0  29.06.2025  06:41:02
 10  14   6   2  $12    0.010    -1.6120  12154.37   0.8  -2238.95   1.1  29.06.2025  06:41:06
 10  14   7   3  $12    0.010     2.4804  11250.33   0.0     54.16   3.4  29.06.2025  06:41:08
 10  14   8   4  $12    0.010     2.6573   6261.22   0.1      6.64  10.0  29.06.2025  06:41:10
 10  14   1  13  $12    0.010    17.4796  15670.51   0.1     38.91   0.6  29.06.2025  06:41:13
 10  14   3  15  $12    0.001     2.9779  21962.56   0.0    -17.18   0.4  29.06.2025  06:41:18
 10  14   4  16  $12    0.010     3.6291   5700.58   0.0      7.31   2.0  29.06.2025  06:41:21
 11  15   9  13  $12    0.010     7.8746  14843.35   0.0     23.72   5.1  29.06.2025  06:41:23
 11  15  10  14  $12    0.001     4.3829  18776.46   0.1     -4.43  20.0  29.06.2025  06:41:28
 11  15  12  16  $12    0.001     2.4268  10396.48   0.0     18.85   3.1  29.06.2025  06:41:30
 11  15   5   9  $12    0.100    -0.5041    118.77   0.9   4611.66   0.4  29.06.2025  06:41:36
 11  15   6  10  $12    0.010    -8.9286   7889.03   0.1     64.69   1.0  29.06.2025  06:41:41
 11  15   8  12  $12    0.010   -11.2468  14839.85   0.0      7.65   1.0  29.06.2025  06:41:43
 11  15   5   1  $12    0.010     4.0901  67459.45   0.0    -61.88   7.4  29.06.2025  06:41:45
 11  15   6   2  $12    0.010     4.4408  51009.02   0.3   -114.02   6.2  29.06.2025  06:41:48
 11  15   7   3  $12    0.010     2.9376  22148.74   0.0      1.88  55.1  29.06.2025  06:41:50
 11  15   8   4  $12    0.010     3.0531  13848.09   0.0      7.55   7.6  29.06.2025  06:41:52
 11  15   1  13  $12    0.010     3.8261  84139.75   0.0     50.14  11.9  29.06.2025  06:41:54
 11  15   2  14  $12    0.001     3.0983  27776.09   0.0    -12.95   2.7  29.06.2025  06:41:59
 11  15   4  16  $12    0.010     9.1904   6778.02   0.0     34.45   0.2  29.06.2025  06:42:02
 12  16   9  13  $12    0.010     3.9040   5151.23   0.0      5.49  14.7  29.06.2025  06:42:04
 12  16  10  14  $12    0.010    10.5471  19880.73   0.1      3.64  38.6  29.06.2025  06:42:06
 12  16  11  15  $12    0.001     2.4071  10312.13   0.0     17.99  20.0  29.06.2025  06:42:11
 12  16   5   9  $12    0.100     4.3818   1987.44   0.1     44.51   3.5  29.06.2025  06:42:17
 12  16   6  10  $12    0.010    -2.7612   6505.85   0.3    -27.29  63.4  29.06.2025  06:42:22
 12  16   7  11  $12    0.010   -10.6409   9402.02   0.0      5.61   8.9  29.06.2025  06:42:24
 12  16   5   1  $12    0.010     3.3175  75235.66   0.4     -4.37  75.9  29.06.2025  06:42:26
 12  16   6   2  $12    0.010     3.2582  53738.97   0.1      7.68  89.6  29.06.2025  06:42:28
 12  16   7   3  $12    0.010     3.1459  36135.41   0.0     11.09   3.4  29.06.2025  06:42:30
 12  16   8   4  $12    0.010     3.5496  26763.60   0.0      6.70   5.7  29.06.2025  06:42:32
 12  16  13   1  $12    0.100   -11.0070   1076.53   0.0     20.99   5.4  29.06.2025  06:42:36
 12  16  14   2  $12    0.010    -4.3538  95745.19   0.0      7.98   3.5  29.06.2025  06:42:41
 12  16  15   3  $12    0.010    -9.9910   8956.98   0.0     38.26   0.5  29.06.2025  06:42:43
 13   1  14   2  $12    0.010    20.6717   7089.11   0.0     33.19   0.2  29.06.2025  06:42:45
 13   1  15   3  $12    0.010     6.6720   5059.49   0.0     13.08   0.5  29.06.2025  06:42:47
 13   1  16   4  $12    0.010     3.4975   4494.92   0.0     -6.89   1.4  29.06.2025  06:42:49
 13   1  10  14  $12    0.010   -15.0707  13510.90   0.0    -11.24  10.6  29.06.2025  06:42:51
 13   1  11  15  $12    0.010    -3.1595  69481.44   0.0     74.62   0.8  29.06.2025  06:42:53
 13   1  12  16  $12    0.100    -9.8942    967.69   0.0     -3.14   2.1  29.06.2025  06:42:57
 13   1   9   5  $12    0.010     5.2529  13202.07   0.1   -184.33   2.7  29.06.2025  06:43:02
 13   1  10   6  $12    0.010     5.5683  12523.58   0.2   -441.40   1.1  29.06.2025  06:43:04
 13   1  11   7  $12    0.010     2.2762   3575.51   0.3   -121.21   1.5  29.06.2025  06:43:06
 13   1  12   8  $12    0.100    17.5110   1291.45   0.0    -22.45   1.2  29.06.2025  06:43:10
 13   1   6   2  $12    0.010     0.1705    125.75   4.2  14018.86   1.8  29.06.2025  06:43:15
 13   1   7   3  $12    0.100    12.0053   1885.78   0.0     70.47   0.5  29.06.2025  06:43:18
 13   1   8   4  $12    0.100     7.2816   1637.70   0.0     14.20   0.7  29.06.2025  06:43:20
 14   2  13   1  $12    0.010    19.4679   6676.27   0.2     38.41   2.0  29.06.2025  06:43:25
 14   2  15   3  $12    0.001     4.0565  13911.29   0.0     -3.82   5.7  29.06.2025  06:43:30
 14   2  16   4  $12    0.010     8.9638   6797.38   0.0      3.35   4.8  29.06.2025  06:43:34
 14   2   9  13  $12    0.010   -15.5733  11485.46   0.0     80.15   0.3  29.06.2025  06:43:36
 14   2  11  15  $12    0.001    -3.0185  27060.63   0.0     -1.13  38.0  29.06.2025  06:43:41
 14   2  12  16  $12    0.010    -4.3575  95825.61   0.0      7.06   2.3  29.06.2025  06:43:45
 14   2   9   5  $12    0.100    18.7391   4214.61   0.0     85.10   1.2  29.06.2025  06:43:48
 14   2  10   6  $12    0.100    17.6927   4446.66   0.0    172.65   0.0  29.06.2025  06:43:50
 14   2  11   7  $12    0.100    22.5404   5069.55   0.0      8.74   2.4  29.06.2025  06:43:52
 14   2  12   8  $12    0.100    20.5674   3230.73   0.0      1.35   6.0  29.06.2025  06:43:55
 14   2   5   1  $12    0.010     3.9808   3568.79   0.3    -44.74   4.8  29.06.2025  06:43:59
 14   2   7   3  $12    0.010     7.6700   5656.70   0.0     22.41   1.7  29.06.2025  06:44:01
 14   2   8   4  $12    0.010     2.5282   3971.36   0.0      1.68  61.5  29.06.2025  06:44:04
 15   3  13   1  $12    0.010     7.0482   5344.79   0.2     24.05   4.5  29.06.2025  06:44:06
 15   3  14   2  $12    0.001     4.0540  13902.85   0.0     -0.98  49.3  29.06.2025  06:44:10
 15   3  16   4  $12    0.010    18.8654   6469.64   0.0     23.93   0.1  29.06.2025  06:44:14
 15   3   9  13  $12    0.010    -3.8480   6044.40   0.3     34.27   4.7  29.06.2025  06:44:16
 15   3  10  14  $12    0.001    -2.9946  22085.52   0.5      2.33 148.9  29.06.2025  06:44:21
 15   3  12  16  $12    0.010    -9.6037   8609.75   0.0     36.35   0.0  29.06.2025  06:44:25
 15   3   9   5  $12    0.010     2.1082   3311.62   0.3    -32.30  30.6  29.06.2025  06:44:27
 15   3  10   6  $12    0.010     2.6302   5915.53   0.1    -62.48  31.1  29.06.2025  06:44:29
 15   3  11   7  $12    0.010     2.7930   7019.58   0.0     10.32  28.3  29.06.2025  06:44:31
 15   3  12   8  $12    0.010     2.5592   5755.91   0.0      5.95   5.4  29.06.2025  06:44:33
 15   3   5   1  $12    0.100    10.5456  23190.94   0.0    109.24   1.7  29.06.2025  06:44:37
 15   3   6   2  $12    0.010     7.4899   6714.70   0.2     59.54   6.5  29.06.2025  06:44:42
 15   3   8   4  $12    0.010     6.6737   4921.92   0.0     14.20   2.3  29.06.2025  06:44:44
 16   4  13   1  $12    0.010     3.5851   4607.51   0.2      2.18  25.5  29.06.2025  06:44:46
 16   4  14   2  $12    0.010     8.9654   6798.62   0.0      4.90  11.3  29.06.2025  06:44:48
 16   4  15   3  $12    0.010    19.0958   6548.65   0.0     20.44   0.3  29.06.2025  06:44:50
 16   4   9  13  $12    0.100    -9.7632   2195.84   0.0    -13.46   8.7  29.06.2025  06:44:54
 16   4  10  14  $12    0.010    -3.5737   5613.58   0.2     19.70   3.9  29.06.2025  06:44:59
 16   4  11  15  $12    0.010    -9.3773   6915.86   0.0     39.55   0.5  29.06.2025  06:45:01
 16   4   9   5  $12    0.100    18.8089   1387.17   0.0     47.22   0.8  29.06.2025  06:45:04
 16   4  10   6  $12    0.010     2.7158   4265.98   0.5     32.98  52.0  29.06.2025  06:45:09
 16   4  11   7  $12    0.010     3.2980   7417.43   0.2      3.55  37.9  29.06.2025  06:45:11
 16   4  12   8  $12    0.010     3.1715   7970.73   0.0     -1.00 118.2  29.06.2025  06:45:13
 16   4   5   1  $12    0.100     6.7334    658.55   0.1   -152.93   1.9  29.06.2025  06:45:17
 16   4   6   2  $12    0.010     2.6616  58531.38   0.5    -58.25  55.3  29.06.2025  06:45:22
 16   4   7   3  $12    0.010     6.4558   5787.60   0.0      4.97   3.6  29.06.2025  06:45:24
  1   4   2   3  $12    0.010     7.2569   4559.65   0.0      9.97   1.3  29.06.2025  06:45:26
  2   3   1   4  $12    0.010     7.2505   4555.59   0.0     15.60   1.5  29.06.2025  06:45:28
  1   2   3   4  $12    0.010    -4.3039   8112.65   0.0     41.36   0.8  29.06.2025  06:45:30
  3   4   1   2  $12    0.010    -4.3486   8196.93   0.0     45.77   1.7  29.06.2025  06:45:32
  5   8   6   7  $12    0.001   138.2395 868584.28   0.0      6.93   1.1  29.06.2025  06:45:38
  6   7   5   8  $12    0.001   137.3343 862897.15   0.0      2.67   9.0  29.06.2025  06:45:40
  5   6   7   8  $12    0.001    -5.5422 104467.29   0.0    141.67   0.8  29.06.2025  06:45:42
  7   8   5   6  $12    0.001    -5.5591 104787.07   0.1    108.08   1.4  29.06.2025  06:45:44
  9  12  10  11  $12    0.010    19.3732  12172.56   0.1     31.96   0.9  29.06.2025  06:45:48
 10  11   9  12  $12    0.010    18.8570  11848.23   0.0     29.87   0.7  29.06.2025  06:45:50
  9  10  11  12  $12    0.010    -5.5610  10482.28   0.0     10.28   1.2  29.06.2025  06:45:52
 11  12   9  10  $12    0.010    -5.6227  10598.56   0.0     10.15   8.3  29.06.2025  06:45:54
 13  16  14  15  $12    0.010    17.4515  10965.08   0.0     56.21   0.3  29.06.2025  06:45:56
 14  15  13  16  $12    0.010    18.7019  11750.74   0.1     65.43   0.1  29.06.2025  06:45:58
 13  14  15  16  $12    0.001    -2.2987  43329.04   0.1     -9.45  26.1  29.06.2025  06:46:03
  1   9  10   2  $12    0.001    -2.1368   7689.42   0.1     33.97   9.2  29.06.2025  06:46:05
  1   9  11   3  $12    0.010    -7.3480   6295.72   0.0      6.49   2.2  29.06.2025  06:46:09
  1   9  12   4  $12    0.010    -5.3204   8896.39   0.0      7.72   0.5  29.06.2025  06:46:11
  2  10   9   1  $12    0.010   -21.1873   7624.37   0.0     23.74   0.8  29.06.2025  06:46:13
  2  10  11   3  $12    0.001    -2.3445   8436.88   0.0     18.75   3.6  29.06.2025  06:46:18
  2  10  12   4  $12    0.010   -11.3449   9720.28   0.0      6.62   0.9  29.06.2025  06:46:22
  3  11   9   1  $12    0.010    -7.3687   6313.53   0.0      3.30   7.9  29.06.2025  06:46:24
  3  11  10   2  $12    0.001    -2.3670   8517.73   0.0     22.68  23.2  29.06.2025  06:46:29
  3  11  12   4  $12    0.001    -2.3475   8447.67   0.0     13.14   5.5  29.06.2025  06:46:31
 12   4   9   1  $12    0.010     5.3961   9023.09   0.0     -0.53 177.8  29.06.2025  06:46:34
 12   4  10   2  $12    0.010    11.4305   9793.60   0.0      4.11  16.6  29.06.2025  06:46:37
 12   4  11   3  $12    0.001     2.3928   8610.64   0.0      4.48  11.3  29.06.2025  06:46:41
 13   5  14   6  $12    0.001   148.9242 535911.26   0.0     10.24   4.3  29.06.2025  06:46:44
 13   5  15   7  $12    0.001     9.5983  82237.75   0.0    141.67   0.1  29.06.2025  06:46:46
 13   5  16   8  $12    0.001     3.7227  62248.87   0.0    183.47   0.1  29.06.2025  06:46:48
 14   6  13   5  $12    0.001   149.1446 536704.64   0.0     10.01   0.0  29.06.2025  06:46:50
 14   6  15   7  $12    0.001    20.4285  73513.12   0.0    131.40   0.1  29.06.2025  06:46:52
 14   6  16   8  $12    0.001     6.6038  56581.21   0.0    196.26   0.1  29.06.2025  06:46:55
 15   7  13   5  $12    0.001     9.2343  79119.26   0.0    101.23   0.5  29.06.2025  06:46:57
 15   7  14   6  $12    0.001    19.7101  70927.91   0.0     96.34   0.5  29.06.2025  06:46:59
 15   7  16   8  $12    0.001     7.2831  26208.44   0.0    215.05   0.0  29.06.2025  06:47:01
 16   8  13   5  $12    0.001     3.4770  58139.79   0.3    145.17   1.9  29.06.2025  06:47:03
 16   8  14   6  $12    0.001     5.9928  51346.02   0.4    130.65   6.9  29.06.2025  06:47:05
 16   8  15   7  $12    0.001     6.7836  24411.07   0.2    199.60   0.1  29.06.2025  06:47:07
  1   2   5   6  $12    0.100     6.7057  12639.91   0.1    192.14   0.9  29.06.2025  06:47:12
  2   3   6   7  $12    0.100    -0.9676   1823.86   0.8  -1989.85   0.3  29.06.2025  06:47:16
  3   4   7   8  $12    1.000     4.2914    808.91   0.0    264.63   0.6  29.06.2025  06:47:20
  1   2   9  10  $12    1.000     4.2808   6778.06   0.0    910.05   0.4  29.06.2025  06:47:22
  2   3  10  11  $12    1.000    -6.4846  10267.53   0.3  -1107.81   0.5  29.06.2025  06:47:24
  3   4  11  12  $12    1.000     2.2488   3560.65   0.0      8.84  10.9  29.06.2025  06:47:26
  1   2  13  14  $12    0.100     4.9771 268313.78   0.1    -77.07   2.7  29.06.2025  06:47:31
  2   3  14  15  $12    1.000    15.0976  81390.53   0.0    -29.09   2.0  29.06.2025  06:47:35
  3   4  15  16  $12    1.000     8.9552  48277.32   0.0     30.66   1.6  29.06.2025  06:47:37
  5   6   9  10  $12    0.100    -5.5839  10525.40   0.2  -1223.08   0.5  29.06.2025  06:47:43
  6   7  10  11  $12    0.100   -10.9820  20700.62   0.2   -889.11   0.2  29.06.2025  06:47:45
  7   8  11  12  $12    1.000    17.2527   3252.06   0.0      0.13  54.8  29.06.2025  06:47:48
  5   6  13  14  $12    0.100    13.6054 215422.86   0.2   -505.81   0.2  29.06.2025  06:47:54
  6   7  14  15  $12    0.100    -6.7406 106727.62   0.3   -405.95   0.9  29.06.2025  06:47:56
  7   8  15  16  $12    1.000     0.6974   1104.31   0.6    975.64   0.4  29.06.2025  06:48:03
  9  10  13  14  $12    0.100    16.5037  31108.81   0.0   -374.91   0.5  29.06.2025  06:48:09
 10  11  14  15  $12    0.100     3.6732   6923.84   0.0    -77.64   2.4  29.06.2025  06:48:11
 11  12  15  16  $12    1.000     3.4881    657.50   0.0     74.51   0.9  29.06.2025  06:48:14
  1   2   6   7  $12    0.100     8.2282  31019.57   0.5   -204.27   3.5  29.06.2025  06:48:19
  2   3   7   8  $12    1.000     4.6106   1738.14   0.0    124.77   0.4  29.06.2025  06:48:23
  1   2   7   8  $12    1.000     9.1975   6067.88   0.0    -39.96   0.0  29.06.2025  06:48:25
  2   3   7   8  $12    1.000     4.6500   1753.01   0.0    124.12   0.7  29.06.2025  06:48:27
  1   2  10  11  $12    1.000    16.2311  36713.84   0.0   -318.99   0.7  29.06.2025  06:48:29
  2   3  11  12  $12    1.000     2.1528   4869.52   0.5    -32.96  24.3  29.06.2025  06:48:31
  1   2  11  12  $12    1.000     3.6013  11200.66   0.0    -11.72   1.1  29.06.2025  06:48:33
  2   3  11  12  $12    1.000     2.1857   4943.85   0.0      5.04   3.0  29.06.2025  06:48:35
  1   2  14  15  $12    1.000    18.4885 126854.23   0.0     35.82   0.6  29.06.2025  06:48:37
  2   3  15  16  $12    1.000     9.7708  67040.06   0.0     65.48   0.7  29.06.2025  06:48:39
  1   2  15  16  $12    1.000    16.9442 145322.58   0.0    -68.62   0.1  29.06.2025  06:48:42
  2   3  15  16  $12    1.000     9.7424  66844.79   0.0     66.59   0.2  29.06.2025  06:48:44
  5   6  10  11  $12    0.100    14.7624  55653.12   0.0   -635.05   0.0  29.06.2025  06:48:49
  6   7  11  12  $12    0.100     1.9807   7467.14   0.1   -161.45   2.9  29.06.2025  06:48:54
  5   6  11  12  $12    0.100     1.9329  12752.31   0.0    -46.64   0.6  29.06.2025  06:49:00
  6   7  11  12  $12    0.100     1.9643   7405.19   0.1   -145.07   0.6  29.06.2025  06:49:05
  5   6  14  15  $12    0.100     0.8917  20169.77   2.0   -496.26   0.5  29.06.2025  06:49:15
  6   7  15  16  $12    0.100     5.6215 127155.97   0.0   -233.31   0.1  29.06.2025  06:49:16
  5   6  15  16  $12    0.100     0.8163  25387.29   0.5   -643.67   1.1  29.06.2025  06:49:22
  6   7  15  16  $12    0.100     5.7149 129268.09   0.0   -260.03   0.2  29.06.2025  06:49:24
  9  10  14  15  $12    0.100     1.2579   4742.11   0.1    529.70   0.4  29.06.2025  06:49:29
 10  11  15  16  $12    0.100    -0.6784   2557.41   0.5  -1510.30   0.5  29.06.2025  06:49:34
  9  10  15  16  $12    0.100     5.1799  34173.65   0.0   -244.94   0.1  29.06.2025  06:49:36
 10  11  15  16  $12    0.100    -0.6077   2291.16   0.4  -1638.67   0.4  29.06.2025  06:49:42
