//C:\Users\user\Desktop\GeoTom\GeoTomE724.ini
//- Cable direction:
//  cable I: normal
//  cable II: normal
//  cable III: normal
//  cable IV: normal
//- Cable arrangement: sequential
//- Optimization: Last measurement
//- Sorting: Multi-level
//- Current levels: 0.001 mA .. 50.0 mA
Type:         Flow
Name:         Hyprop
Comment:      Example of a measurements sequence
Comment:      
Comment:      
Spacing:      1.00000
First El:     0.00000
Nr of points: 289
IP present:   1

  1   5   2   6  $12    0.001    85.8597 367821.94   0.1     49.00   0.8  28.06.2025  15:35:09
  1   5   3   7  $12    0.001     6.2008 116883.22   0.0    178.76   0.5  28.06.2025  15:35:11
  1   5   4   8  $12    0.001     3.2636  43062.80   0.1    174.79   0.5  28.06.2025  15:35:13
  1   5  14   2  $12    0.010    -3.4215   3067.36   0.0     -5.84   2.6  28.06.2025  15:35:17
  1   5  15   3  $12    0.100   -10.9617  24106.11   0.0     42.41   0.7  28.06.2025  15:35:21
  1   5  16   4  $12    0.100    -5.7779    565.10   0.0     21.97   1.9  28.06.2025  15:35:23
  1   5  13   9  $12    0.010     5.0507  38081.04   0.6   -214.58   0.8  28.06.2025  15:35:27
  1   5  14  10  $12    0.010     2.8122  32302.55   0.0    108.09   0.5  28.06.2025  15:35:30
  1   5  15  11  $12    0.010     2.7956  46109.03   0.0    -36.98   0.9  28.06.2025  15:35:32
  1   5  16  12  $12    0.010     2.3070  52318.22   0.0      2.01   9.8  28.06.2025  15:35:34
  1   5  10   6  $12    0.001    78.7361 695690.76   0.1     55.66   0.5  28.06.2025  15:35:39
  1   5  11   7  $12    0.001     5.3326 125646.84   0.0    207.16   0.2  28.06.2025  15:35:41
  1   5  12   8  $12    0.001     2.7410 124321.24   0.0    194.71   0.3  28.06.2025  15:35:43
  2   6   1   5  $12    0.001    81.9206 350946.89   0.0     61.47   0.1  28.06.2025  15:35:46
  2   6   3   7  $12    0.001    14.2450  61025.33   0.0    169.06   0.1  28.06.2025  15:35:48
  2   6   4   8  $12    0.001     6.8081 128328.92   0.1    166.81   0.2  28.06.2025  15:35:50
  2   6  13   1  $12    0.010     2.0944   1544.67   0.5  -1355.21   1.7  28.06.2025  15:35:54
  2   6  15   3  $12    0.010    -5.6300   5047.31   0.1     28.78   1.5  28.06.2025  15:35:56
  2   6  16   4  $12    0.010    -2.3685  52087.12   0.0      2.13  56.0  28.06.2025  15:35:58
  2   6  13   9  $12    0.010     8.1823  37112.39   0.1   -307.61   0.6  28.06.2025  15:36:00
  2   6  14  10  $12    0.010     2.1649  16323.23   0.1    323.01   0.6  28.06.2025  15:36:02
  2   6  15  11  $12    0.010     3.3298  38248.04   0.0    -71.17   0.9  28.06.2025  15:36:04
  2   6  16  12  $12    0.010     2.6408  43555.12   0.0     -4.39   7.5  28.06.2025  15:36:06
  2   6   9   5  $12    0.001    83.7221 1104687.34   0.0     59.07   0.0  28.06.2025  15:36:11
  2   6  11   7  $12    0.001    13.3150 117647.95   0.0    186.78   0.0  28.06.2025  15:36:13
  2   6  12   8  $12    0.001     6.3118 148717.71   0.0    183.31   0.0  28.06.2025  15:36:15
  3   7   1   5  $12    0.001     5.6099 105744.45   0.4    147.25   1.0  28.06.2025  15:36:18
  3   7   2   6  $12    0.001    13.3981  57397.19   0.2    135.68   0.4  28.06.2025  15:36:20
  3   7   4   8  $12    0.001     9.4284  40391.01   0.0    202.51   0.1  28.06.2025  15:36:22
  3   7  13   1  $12    0.100    -9.9523   1563.30   0.0     74.88   4.0  28.06.2025  15:36:27
  3   7  14   2  $12    0.010    -5.7764   4260.12   0.0     12.64   2.9  28.06.2025  15:36:32
  3   7  16   4  $12    0.010    -5.4301   4868.09   0.0     14.69   0.1  28.06.2025  15:36:34
  3   7  13   9  $12    0.010     2.1991   5181.55   0.4    -30.99   7.2  28.06.2025  15:36:36
  3   7  14  10  $12    0.010     2.4935  11309.89   0.0      4.62  19.7  28.06.2025  15:36:38
  3   7  15  11  $12    0.010     2.5716  19389.62   0.0      5.08  38.4  28.06.2025  15:36:40
  3   7  16  12  $12    0.010     2.6977  30987.09   0.0      5.08   1.4  28.06.2025  15:36:43
  3   7   9   5  $12    0.001     4.6248  87176.17   0.0    186.61   0.9  28.06.2025  15:36:47
  3   7  10   6  $12    0.001    10.6383 140368.99   0.0    170.58   0.9  28.06.2025  15:36:49
  3   7  12   8  $12    0.001     7.2105  63709.83   0.1    245.82   0.1  28.06.2025  15:36:51
  4   8   1   5  $12    0.001     2.9121  38424.31   0.6    155.02   2.7  28.06.2025  15:36:53
  4   8   2   6  $12    0.001     6.3148 119030.26   0.2    131.84   3.7  28.06.2025  15:36:56
  4   8   3   7  $12    0.001     7.7590  33239.30   0.1    217.25   0.0  28.06.2025  15:36:58
  4   8  13   1  $12    0.100    -2.2140    497.94   0.0    475.38   0.7  28.06.2025  15:37:03
  4   8  14   2  $12    0.100   -22.0821   3468.64   0.0      6.03   2.3  28.06.2025  15:37:05
  4   8  15   3  $12    0.010    -5.5414   4086.80   0.0     14.14   2.4  28.06.2025  15:37:10
  4   8  13   9  $12    0.010     2.3509   2077.22   0.3    -30.64  17.0  28.06.2025  15:37:12
  4   8  14  10  $12    0.010     2.4491   5770.51   0.2      5.47  29.0  28.06.2025  15:37:14
  4   8  15  11  $12    0.010     2.8289  12831.12   0.0      5.59  18.6  28.06.2025  15:37:16
  4   8  16  12  $12    0.010     3.1439  23704.17   0.0      4.33   5.3  28.06.2025  15:37:18
  4   8   9   5  $12    0.010    20.7404   8885.18   0.1    162.35   0.2  28.06.2025  15:37:20
  4   8  10   6  $12    0.001     4.9935  94124.53   0.3    180.58   5.4  28.06.2025  15:37:25
  4   8  11   7  $12    0.001     6.2759  82808.91   0.1    254.67   0.1  28.06.2025  15:37:27
  5   9   6  10  $12    0.001    91.6434 392599.38   0.0     48.67   0.5  28.06.2025  15:37:30
  5   9   7  11  $12    0.001     5.4730 103163.06   0.0    193.20   0.1  28.06.2025  15:37:32
  5   9   8  12  $12    0.001     2.6427  34869.95   0.2    191.37   0.1  28.06.2025  15:37:34
  5   9   2   6  $12    0.001   -90.8102 1198212.01   0.0     53.19   0.9  28.06.2025  15:37:36
  5   9   3   7  $12    0.001    -5.2148  98295.77   0.1    216.97   0.1  28.06.2025  15:37:38
  5   9   4   8  $12    0.001    -2.4861  10650.25   0.1    221.62   0.1  28.06.2025  15:37:40
  5   9   1  13  $12    0.010     4.4982  11305.17   0.3   -287.12   3.1  28.06.2025  15:37:49
  5   9   2  14  $12    0.100    17.4694   3929.03   0.0     22.71   1.7  28.06.2025  15:37:52
  5   9   3  15  $12    0.100    18.4721   2901.59   0.0    -13.34   1.1  28.06.2025  15:37:54
  5   9   4  16  $12    0.100    16.6877   1230.73   0.0      2.65   2.1  28.06.2025  15:37:56
  5   9  14  10  $12    0.010     8.4294   7448.01   0.0     -3.96   7.1  28.06.2025  15:38:01
  5   9  15  11  $12    0.100     9.8939   2331.19   0.0     39.08   1.2  28.06.2025  15:38:05
  5   9  16  12  $12    0.100     3.0156   1367.80   0.2    -18.63   0.8  28.06.2025  15:38:07
  6  10   5   9  $12    0.001    60.2527 258121.78   0.2     54.10   1.9  28.06.2025  15:38:16
  6  10   7  11  $12    0.001    10.7398  46009.07   0.0    184.84   0.2  28.06.2025  15:38:18
  6  10   8  12  $12    0.001     5.2494  98948.77   0.1    188.59   0.4  28.06.2025  15:38:20
  6  10   1   5  $12    0.001   -66.2745 585583.79   0.0     74.74   0.1  28.06.2025  15:38:22
  6  10   3   7  $12    0.001   -10.4244 137546.60   0.0    201.36   0.2  28.06.2025  15:38:24
  6  10   4   8  $12    0.001    -4.9599  93492.07   0.0    209.38   0.7  28.06.2025  15:38:26
  6  10   1  13  $12    0.010     6.4602  14529.64   0.0   -372.56   0.7  28.06.2025  15:38:35
  6  10   2  14  $12    0.100    18.7794   4719.78   0.0     -0.73  26.3  28.06.2025  15:38:38
  6  10   3  15  $12    0.100    19.7020   4431.17   0.0      2.59   3.0  28.06.2025  15:38:40
  6  10   4  16  $12    0.100    22.1280   3475.85   0.0     -9.27   0.4  28.06.2025  15:38:42
  6  10  13   9  $12    0.010     4.7341   6246.49   0.6    393.81   1.7  28.06.2025  15:38:47
  6  10  15  11  $12    0.010     5.9792   5283.06   0.0     24.60   1.3  28.06.2025  15:38:49
  6  10  16  12  $12    0.010     2.2421   5282.80   0.0     -5.94   9.3  28.06.2025  15:38:51
  7  11   5   9  $12    0.001     4.4039  83011.85   0.2    167.49   0.6  28.06.2025  15:38:56
  7  11   6  10  $12    0.001    10.2709  44000.29   0.2    159.00   0.7  28.06.2025  15:38:58
  7  11   8  12  $12    0.001     8.0202  34358.25   0.1    209.95   0.1  28.06.2025  15:39:00
  7  11   1   5  $12    0.001    -4.3153 101677.26   0.1    190.41   0.1  28.06.2025  15:39:02
  7  11   2   6  $12    0.001    -9.8585  87107.37   0.2    179.16   1.0  28.06.2025  15:39:04
  7  11   4   8  $12    0.001    -6.9319  91464.11   0.0    247.45   0.4  28.06.2025  15:39:06
  7  11   1  13  $12    0.010     2.1039   3304.84   0.3   -104.39  10.6  28.06.2025  15:39:11
  7  11   2  14  $12    0.010     2.0363   4579.78   0.1      5.93  13.8  28.06.2025  15:39:13
  7  11   3  15  $12    0.010     2.5130   6315.75   0.0      3.00   3.3  28.06.2025  15:39:15
  7  11   4  16  $12    0.010     2.8651   6443.90   0.0     -2.38   6.5  28.06.2025  15:39:17
  7  11  13   9  $12    0.100    11.5752   2181.88   0.0    104.62   0.9  28.06.2025  15:39:21
  7  11  14  10  $12    0.010     6.7658   8927.28   0.0      1.85   9.5  28.06.2025  15:39:25
  7  11  16  12  $12    0.010     8.5607   7564.04   0.0      4.92   0.5  28.06.2025  15:39:27
  8  12   5   9  $12    0.010    21.0218  27737.58   0.0    149.41   0.4  28.06.2025  15:39:30
  8  12   6  10  $12    0.001     5.0956  96049.76   0.5    157.94   1.5  28.06.2025  15:39:34
  8  12   7  11  $12    0.001     7.0092  30027.35   0.1    216.76   0.2  28.06.2025  15:39:36
  8  12   1   5  $12    0.001    -2.2883 103789.96   0.5    184.13   1.5  28.06.2025  15:39:38
  8  12   2   6  $12    0.001    -4.7598 112149.54   0.2    167.26   2.7  28.06.2025  15:39:41
  8  12   3   7  $12    0.001    -6.1407  54257.83   0.1    260.12   0.1  28.06.2025  15:39:43
  8  12   1  13  $12    0.010     2.0943   1544.59   0.5    -89.72   8.8  28.06.2025  15:39:47
  8  12   2  14  $12    0.100    18.7614   2947.03   0.0      7.48   0.6  28.06.2025  15:39:51
  8  12   3  15  $12    0.010     2.3841   5362.09   0.0      4.34   2.8  28.06.2025  15:39:55
  8  12  16   4  $12    0.010    -2.7845   6998.22   0.0      6.69   8.7  28.06.2025  15:39:57
  8  12   9  13  $12    0.100    -1.7848     76.46   0.2    950.94   0.4  28.06.2025  15:40:03
  8  12  10  14  $12    0.010    -2.7244   5135.37   0.1     -0.85 310.7  28.06.2025  15:40:08
  8  12  11  15  $12    0.010    -8.7220  11508.41   0.0      4.56   7.1  28.06.2025  15:40:10
  9  13  10  14  $12    0.001     3.0386  13017.53   0.2     41.92   1.4  28.06.2025  15:40:15
  9  13  11  15  $12    0.010     6.8670  12944.00   0.0     30.05   2.2  28.06.2025  15:40:19
  9  13  12  16  $12    0.010     3.3921   4475.74   0.0      5.02   3.6  28.06.2025  15:40:21
  9  13   6  10  $12    0.010    -5.3373   7042.38   0.1    362.14   0.7  28.06.2025  15:40:23
  9  13   7  11  $12    0.100   -13.3265   2511.99   0.1     42.60   1.4  28.06.2025  15:40:27
  9  13   8  12  $12    0.100    -4.3598    186.77   0.1    195.91   0.3  28.06.2025  15:40:29
  9  13   5   1  $12    0.010     4.2772  32249.69   0.1   -100.84   1.4  28.06.2025  15:40:34
  9  13   6   2  $12    0.010     4.0252  18257.19   0.5   -454.51   3.7  28.06.2025  15:40:36
  9  13   7   3  $12    0.010     2.1015   4951.64   0.0    -83.23   0.9  28.06.2025  15:40:38
  9  13   8   4  $12    0.010     2.0565   1817.06   0.0   -102.95   1.2  28.06.2025  15:40:40
  9  13   2  14  $12    0.010    11.1583   8229.36   0.1     75.23   0.0  28.06.2025  15:40:42
  9  13   3  15  $12    0.010     3.0064   4722.50   0.0     52.95   1.3  28.06.2025  15:40:44
  9  13   4  16  $12    0.100     8.4375   1897.67   0.0    -22.05   0.2  28.06.2025  15:40:48
 10  14   9  13  $12    0.010    20.4780   8772.74   0.1      8.69   2.6  28.06.2025  15:40:53
 10  14  11  15  $12    0.001     3.2975  14126.43   0.0    -14.56   3.5  28.06.2025  15:40:58
 10  14  12  16  $12    0.010     8.1586  15378.61   0.0      3.80   2.1  28.06.2025  15:41:01
 10  14   5   9  $12    0.010    -8.1739   7222.28   0.1     -7.51   3.7  28.06.2025  15:41:03
 10  14   7  11  $12    0.010    -6.7173   8863.20   0.0      8.74   6.3  28.06.2025  15:41:05
 10  14   8  12  $12    0.010    -2.7181   5123.42   0.1      0.14 508.9  28.06.2025  15:41:08
 10  14   5   1  $12    0.010     2.8536  32777.98   0.2     91.47   7.8  28.06.2025  15:41:10
 10  14   6   2  $12    0.010     2.2624  17057.85   0.2    263.12   1.2  28.06.2025  15:41:12
 10  14   7   3  $12    0.010     2.4921  11303.56   0.0      7.48  21.1  28.06.2025  15:41:14
 10  14   8   4  $12    0.010     2.4676   5814.13   0.1     16.54   4.0  28.06.2025  15:41:16
 10  14   1  13  $12    0.010    16.1160  14448.01   0.0    130.26   0.5  28.06.2025  15:41:18
 10  14   3  15  $12    0.001     2.3668  17455.57   0.1    -22.25   3.5  28.06.2025  15:41:23
 10  14   4  16  $12    0.010     2.9977   4708.78   0.0     -1.31  15.8  28.06.2025  15:41:27
 11  15   9  13  $12    0.010     7.5975  14321.03   0.0     42.20   0.7  28.06.2025  15:41:29
 11  15  10  14  $12    0.001     3.3337  14281.66   0.0    -10.59  13.0  28.06.2025  15:41:34
 11  15  12  16  $12    0.010    19.3780   8301.51   0.0     15.65   0.1  28.06.2025  15:41:37
 11  15   5   9  $12    0.100    -6.7789   1597.24   0.1    134.30   1.5  28.06.2025  15:41:41
 11  15   6  10  $12    0.010    -5.7074   5042.87   0.4     55.25   3.6  28.06.2025  15:41:46
 11  15   8  12  $12    0.010    -8.6354  11394.16   0.0      6.38   0.8  28.06.2025  15:41:48
 11  15   5   1  $12    0.010     2.9257  48254.38   0.0    -31.37  10.6  28.06.2025  15:41:50
 11  15   6   2  $12    0.010     3.3209  38144.89   0.4    -59.04   9.2  28.06.2025  15:41:52
 11  15   7   3  $12    0.010     2.6663  20103.38   0.1     -2.68  24.9  28.06.2025  15:41:54
 11  15   8   4  $12    0.010     2.8969  13139.39   0.0     -3.25  19.2  28.06.2025  15:41:56
 11  15   1  13  $12    0.010     4.1501  91265.43   0.1     72.77   5.1  28.06.2025  15:41:58
 11  15   2  14  $12    0.001     2.4592  22046.54   0.0    -16.07   3.0  28.06.2025  15:42:03
 11  15   4  16  $12    0.010     7.8401   5782.11   0.0     30.49   0.0  28.06.2025  15:42:07
 12  16   9  13  $12    0.010     3.4760   4586.50   0.1     23.26  12.7  28.06.2025  15:42:09
 12  16  10  14  $12    0.010     8.2111  15477.53   0.0      1.72  46.3  28.06.2025  15:42:11
 12  16  11  15  $12    0.010    19.6357   8411.91   0.0     14.21   1.4  28.06.2025  15:42:13
 12  16   5   9  $12    1.000   -10.0472    455.71   0.1   -344.22   0.1  28.06.2025  15:42:18
 12  16   6  10  $12    0.100   -21.3277   5025.23   0.0     -4.92  26.0  28.06.2025  15:42:23
 12  16   7  11  $12    0.010    -8.4587   7473.88   0.0      5.09   6.4  28.06.2025  15:42:28
 12  16   5   1  $12    0.010     2.4383  55296.82   0.0     -8.23  83.2  28.06.2025  15:42:30
 12  16   6   2  $12    0.010     2.6665  43979.77   0.9     -7.18 201.4  28.06.2025  15:42:33
 12  16   7   3  $12    0.010     2.7716  31835.29   0.0      2.58  28.0  28.06.2025  15:42:35
 12  16   8   4  $12    0.010     3.2143  24234.95   0.0      4.79  40.5  28.06.2025  15:42:37
 12  16  13   1  $12    0.100    -9.8571    964.07   0.0     63.34   1.5  28.06.2025  15:42:40
 12  16  14   2  $12    0.010    -3.3868  74479.69   0.0      8.15   0.5  28.06.2025  15:42:45
 12  16  15   3  $12    0.010    -8.3143   7453.83   0.0     37.99   0.2  28.06.2025  15:42:47
 13   1  14   2  $12    0.010    18.4105   6313.64   0.0     61.13   0.0  28.06.2025  15:42:49
 13   1  15   3  $12    0.010     6.1763   4683.58   0.0     32.08   0.3  28.06.2025  15:42:51
 13   1  16   4  $12    0.010     3.1456   4042.71   0.0     -3.00  13.9  28.06.2025  15:42:53
 13   1  10  14  $12    0.010   -12.3826  11101.01   0.0     70.45   0.4  28.06.2025  15:42:55
 13   1  11  15  $12    0.010    -2.9728  65375.92   0.0     97.29   0.5  28.06.2025  15:42:57
 13   1  12  16  $12    0.100    -8.1304    795.19   0.0      2.65   3.6  28.06.2025  15:43:01
 13   1   9   5  $12    0.010     3.4029   8552.39   0.1   -113.58   0.7  28.06.2025  15:43:06
 13   1  10   6  $12    0.010     3.3989   7644.37   0.1   -495.70   2.3  28.06.2025  15:43:08
 13   1  11   7  $12    0.100    18.9754   2980.66   0.0    -61.00   0.4  28.06.2025  15:43:12
 13   1  12   8  $12    0.100    16.7284   1233.73   0.0    -66.78   0.4  28.06.2025  15:43:14
 13   1   6   2  $12    0.100    21.6755   1598.59   0.1    554.73   0.0  28.06.2025  15:43:16
 13   1   7   3  $12    0.100    12.6267   1983.39   0.0     35.23   0.1  28.06.2025  15:43:18
 13   1   8   4  $12    0.100     6.1121   1374.67   0.0    125.82   0.0  28.06.2025  15:43:20
 14   2  13   1  $12    0.010    13.9637   4788.66   0.0      3.96   7.5  28.06.2025  15:43:25
 14   2  15   3  $12    0.001     3.2106  11010.21   0.0    -12.73   1.7  28.06.2025  15:43:30
 14   2  16   4  $12    0.010     7.5459   5722.21   0.0      1.75   3.5  28.06.2025  15:43:34
 14   2   9  13  $12    0.010   -13.7647  10151.55   0.2    128.01   0.1  28.06.2025  15:43:36
 14   2  11  15  $12    0.001    -2.3632  21186.02   0.1     -6.26   5.6  28.06.2025  15:43:41
 14   2  12  16  $12    0.010    -3.3855  74451.12   0.0      8.23   1.6  28.06.2025  15:43:44
 14   2   9   5  $12    0.100    17.4159   3917.00   0.0     30.33   1.2  28.06.2025  15:43:48
 14   2  10   6  $12    0.100    17.3827   4368.76   0.1     76.66   1.0  28.06.2025  15:43:50
 14   2  11   7  $12    0.100    20.2183   4547.29   0.0      3.82   3.4  28.06.2025  15:43:52
 14   2  12   8  $12    0.100    18.5796   2918.48   0.0      6.78   0.9  28.06.2025  15:43:54
 14   2   5   1  $12    0.010     3.4699   3110.81   0.2    -18.29  32.5  28.06.2025  15:43:59
 14   2   7   3  $12    0.010     5.8598   4321.61   0.0      4.41   8.2  28.06.2025  15:44:01
 14   2   8   4  $12    0.010     2.2747   3573.14   0.0      1.61  65.7  28.06.2025  15:44:03
 15   3  13   1  $12    0.010     6.9544   5273.65   0.1     36.35   5.4  28.06.2025  15:44:05
 15   3  14   2  $12    0.001     3.2203  11043.74   0.0     -7.13   1.2  28.06.2025  15:44:10
 15   3  16   4  $12    0.010    16.0734   5512.18   0.0     20.31   0.0  28.06.2025  15:44:14
 15   3   9  13  $12    0.010    -4.0038   6289.14   0.1     68.66   2.9  28.06.2025  15:44:16
 15   3  10  14  $12    0.001    -2.3663  17451.39   0.1     -5.77  68.9  28.06.2025  15:44:21
 15   3  12  16  $12    0.010    -8.0816   7245.22   0.0     32.62   0.1  28.06.2025  15:44:25
 15   3   9   5  $12    0.100    18.9403   2975.14   0.0    -37.95   1.8  28.06.2025  15:44:28
 15   3  10   6  $12    0.010     2.2354   5027.73   0.6    -39.18  12.8  28.06.2025  15:44:33
 15   3  11   7  $12    0.010     2.4925   6264.32   0.1      2.35  75.5  28.06.2025  15:44:36
 15   3  12   8  $12    0.010     2.3521   5290.04   0.1     -4.32  18.4  28.06.2025  15:44:38
 15   3   5   1  $12    0.100    10.5367  23171.51   0.0     85.35   1.2  28.06.2025  15:44:42
 15   3   6   2  $12    0.010     5.7527   5157.28   0.3     44.35  10.1  28.06.2025  15:44:46
 15   3   8   4  $12    0.010     5.6213   4145.76   0.0     12.54   8.2  28.06.2025  15:44:49
 16   4  13   1  $12    0.010     3.2677   4199.69   0.2     -2.61  99.2  28.06.2025  15:44:51
 16   4  14   2  $12    0.010     7.5545   5728.71   0.0      1.25  17.9  28.06.2025  15:44:53
 16   4  15   3  $12    0.010    16.2233   5563.57   0.0     19.05   0.3  28.06.2025  15:44:55
 16   4   9  13  $12    0.100    -9.5568   2149.42   0.1     19.67   1.0  28.06.2025  15:44:59
 16   4  10  14  $12    0.010    -2.9473   4629.58   0.0      9.58  23.4  28.06.2025  15:45:04
 16   4  11  15  $12    0.010    -7.9069   5831.44   0.0     37.10   0.9  28.06.2025  15:45:06
 16   4   9   5  $12    0.100    16.6337   1226.75   0.0     19.83   0.6  28.06.2025  15:45:09
 16   4  10   6  $12    0.100    21.4518   3369.63   0.1     45.40   1.6  28.06.2025  15:45:11
 16   4  11   7  $12    0.010     2.8589   6429.94   0.0      0.43 308.8  28.06.2025  15:45:16
 16   4  12   8  $12    0.010     2.8197   7086.74   0.0      1.27  51.3  28.06.2025  15:45:18
 16   4   5   1  $12    0.100     6.1381    600.33   0.3    -69.06   4.3  28.06.2025  15:45:22
 16   4   6   2  $12    0.010     2.5065  55120.63   0.5    -17.23  61.6  28.06.2025  15:45:27
 16   4   7   3  $12    0.010     5.4705   4904.31   0.0      6.49   4.0  28.06.2025  15:45:29
  1   4   2   3  $12    0.010     6.1036   3835.00   0.0      5.35   2.9  28.06.2025  15:45:31
  2   3   1   4  $12    0.010     6.1213   3846.10   0.0      4.71   7.3  28.06.2025  15:45:33
  1   2   3   4  $12    0.010    -2.7896   5258.35   0.0     15.82   2.6  28.06.2025  15:45:35
  3   4   1   2  $12    0.010    -2.8090   5294.91   0.0     19.15   3.8  28.06.2025  15:45:38
  5   8   6   7  $12    0.001    83.8515 526854.39   0.0     58.05   0.7  28.06.2025  15:45:43
  6   7   5   8  $12    0.001    84.3875 530222.17   0.0     55.67   0.0  28.06.2025  15:45:45
  5   6   7   8  $12    0.001    -4.1507  78239.16   0.1    165.68   0.0  28.06.2025  15:45:48
  7   8   5   6  $12    0.001    -4.0297  75958.99   0.4    130.47   1.1  28.06.2025  15:45:50
  9  12  10  11  $12    0.010    14.2856   8975.90   0.0     21.07   0.8  28.06.2025  15:45:53
 10  11   9  12  $12    0.010    14.1132   8867.56   0.0     18.42   0.7  28.06.2025  15:45:55
  9  10  11  12  $12    0.010    -2.9820   5620.89   0.0     16.52   3.1  28.06.2025  15:45:57
 11  12   9  10  $12    0.010    -3.0219   5696.17   0.0     13.51   1.4  28.06.2025  15:45:59
 13  16  14  15  $12    0.010    15.3089   9618.88   0.1     80.42   0.0  28.06.2025  15:46:01
 14  15  13  16  $12    0.010    17.5184  11007.11   0.4     85.04   1.5  28.06.2025  15:46:03
 13  14  15  16  $12    0.010   -18.1100  34136.48   0.0    -27.66   0.6  28.06.2025  15:46:06
  1   9  10   2  $12    0.010   -16.3862   5896.66   0.0     19.55   1.3  28.06.2025  15:46:08
  1   9  11   3  $12    0.010    -6.5863   5643.16   0.0      5.78   6.5  28.06.2025  15:46:10
  1   9  12   4  $12    0.010    -4.7170   7887.55   0.0      9.04   1.4  28.06.2025  15:46:12
  2  10   9   1  $12    0.010   -16.2547   5849.33   0.0     17.73   0.4  28.06.2025  15:46:14
  2  10  11   3  $12    0.010   -17.0147   6122.82   0.0      9.74   0.8  28.06.2025  15:46:16
  2  10  12   4  $12    0.010    -9.2288   7907.23   0.0      9.16   0.6  28.06.2025  15:46:18
  3  11   9   1  $12    0.010    -6.6172   5669.58   0.0      4.63   8.5  28.06.2025  15:46:20
  3  11  10   2  $12    0.010   -17.0992   6153.22   0.0      6.57   2.5  28.06.2025  15:46:22
  3  11  12   4  $12    0.010   -19.4936   7014.86   0.0      6.78   1.5  28.06.2025  15:46:24
 12   4   9   1  $12    0.010     4.7919   8012.70   0.0      1.03  59.4  28.06.2025  15:46:26
 12   4  10   2  $12    0.010     9.3238   7988.57   0.0      3.82   5.8  28.06.2025  15:46:28
 12   4  11   3  $12    0.010    19.5412   7031.99   0.0      5.42   2.0  28.06.2025  15:46:30
 13   5  14   6  $12    0.001    89.7151 322844.45   0.0     42.51   0.8  28.06.2025  15:46:35
 13   5  15   7  $12    0.001     6.4770  55494.94   0.0    157.66   0.0  28.06.2025  15:46:37
 13   5  16   8  $12    0.001     3.2075  53634.37   0.0    160.94   0.5  28.06.2025  15:46:40
 14   6  13   5  $12    0.001    91.0640 327698.66   0.0     58.04   0.0  28.06.2025  15:46:42
 14   6  15   7  $12    0.001    15.4521  55605.02   0.0    155.62   0.0  28.06.2025  15:46:44
 14   6  16   8  $12    0.001     6.4039  54868.80   0.0    178.65   0.2  28.06.2025  15:46:46
 15   7  13   5  $12    0.001     6.6646  57102.30   0.0    137.21   0.7  28.06.2025  15:46:48
 15   7  14   6  $12    0.001    14.7753  53169.73   0.2    125.30   3.1  28.06.2025  15:46:50
 15   7  16   8  $12    0.001     8.7054  31326.72   0.1    205.77   0.1  28.06.2025  15:46:52
 16   8  13   5  $12    0.001     3.2741  54747.01   0.3    128.07   1.5  28.06.2025  15:46:54
 16   8  14   6  $12    0.001     6.4003  54837.55   0.2    145.75   2.6  28.06.2025  15:46:56
 16   8  15   7  $12    0.001     8.3894  30189.55   0.2    212.25   0.1  28.06.2025  15:46:58
  1   2   5   6  $12    0.100     4.2949   8095.76   0.2     18.90  16.4  28.06.2025  15:47:04
  2   3   6   7  $12    1.000    -5.1216    965.40   0.1  -2368.30   0.3  28.06.2025  15:47:07
  3   4   7   8  $12    1.000     5.7896   1091.32   0.0    -14.21   1.3  28.06.2025  15:47:09
  1   2   9  10  $12    1.000     7.6125  12053.29   0.0      5.61   2.3  28.06.2025  15:47:12
  2   3  10  11  $12    1.000     3.7275   5901.95   0.0    429.49   0.2  28.06.2025  15:47:14
  3   4  11  12  $12    1.000     2.2056   3492.34   0.0     -0.32 215.0  28.06.2025  15:47:16
  1   2  13  14  $12    0.100     3.6897 198908.06   0.2     -8.15  40.8  28.06.2025  15:47:21
  2   3  14  15  $12    1.000    13.7603  74181.51   0.0    -19.03   0.6  28.06.2025  15:47:24
  3   4  15  16  $12    1.000    10.9251  58896.91   0.0    -13.86   2.2  28.06.2025  15:47:26
  5   6   9  10  $12    0.100     3.4310   6467.23   0.1    410.56   0.0  28.06.2025  15:47:32
  6   7  10  11  $12    0.100    -0.0799    150.63   6.4 -43075.32   6.4  28.06.2025  15:47:46
  7   8  11  12  $12    1.000    13.9139   2622.71   0.0     -7.66   0.9  28.06.2025  15:47:49
  5   6  13  14  $12    0.100    14.8788 235584.76   0.7   -408.65   0.2  28.06.2025  15:47:55
  6   7  14  15  $12    0.100    -0.3707   5869.98   0.7   -493.81   2.4  28.06.2025  15:48:00
  7   8  15  16  $12    1.000     2.6037   4122.64   0.5    -75.09   7.2  28.06.2025  15:48:04
  9  10  13  14  $12    0.100     7.1693  13513.84   0.1    -72.65   1.3  28.06.2025  15:48:09
 10  11  14  15  $12    0.100     3.3072   6234.02   0.0    -39.86   2.1  28.06.2025  15:48:11
 11  12  15  16  $12    1.000     6.0893   1147.80   0.0     14.89   0.3  28.06.2025  15:48:14
  1   2   6   7  $12    0.100     2.9728  11207.34   0.1      9.88  50.0  28.06.2025  15:48:19
  2   3   7   8  $12    1.000     5.7880   2182.04   0.0    -84.27   0.5  28.06.2025  15:48:23
  1   2   7   8  $12    1.000     7.0533   4653.32   0.0      7.80   2.8  28.06.2025  15:48:25
  2   3   7   8  $12    1.000     5.7771   2177.93   0.0    -83.30   0.1  28.06.2025  15:48:27
  1   2  10  11  $12    1.000     9.5791  21667.39   0.0     -1.88  43.3  28.06.2025  15:48:29
  2   3  11  12  $12    1.000     2.3450   5304.25   0.0      1.26 149.6  28.06.2025  15:48:31
  1   2  11  12  $12    1.000     3.5002  10886.12   0.0     -2.86   6.6  28.06.2025  15:48:33
  2   3  11  12  $12    1.000     2.3293   5268.67   0.0     -5.93   2.4  28.06.2025  15:48:35
  1   2  14  15  $12    1.000    17.9850 123399.70   0.0     15.32   1.4  28.06.2025  15:48:37
  2   3  15  16  $12    1.000    10.5309  72254.78   0.0     21.41   0.5  28.06.2025  15:48:39
  1   2  15  16  $12    1.000    14.3105 122734.76   0.0    -28.35   0.2  28.06.2025  15:48:41
  2   3  15  16  $12    1.000    10.5283  72237.17   0.0     21.41   0.8  28.06.2025  15:48:43
  5   6  10  11  $12    0.100     3.8378  14468.16   0.3   -704.44   0.3  28.06.2025  15:48:49
  6   7  11  12  $12    0.100     1.7262   6507.46   0.0    -12.49  13.1  28.06.2025  15:48:54
  5   6  11  12  $12    0.100     1.0780   7111.83   0.0    -38.40   1.5  28.06.2025  15:48:59
  6   7  11  12  $12    0.100     1.7305   6523.98   0.0     -6.05   2.6  28.06.2025  15:49:05
  5   6  14  15  $12    0.100    -1.2308  27838.98   0.1   -415.45   0.3  28.06.2025  15:49:10
  6   7  15  16  $12    0.100     0.0762   1724.11   1.2   4323.61   0.3  28.06.2025  15:49:24
  5   6  15  16  $12    0.100     2.1462  66750.29   0.1   -434.80   0.2  28.06.2025  15:49:26
  6   7  15  16  $12    0.100     0.1877   4246.53   3.1   1969.36   3.7  28.06.2025  15:49:39
  9  10  14  15  $12    1.000    15.8669   5981.70   0.3   -158.19   4.4  28.06.2025  15:49:43
 10  11  15  16  $12    0.100     1.5029   5665.71   0.0    134.44   1.3  28.06.2025  15:49:48
  9  10  15  16  $12    1.000    16.9614  11190.00   0.1    -79.87   3.3  28.06.2025  15:49:52
 10  11  15  16  $12    0.100     1.5278   5759.53   0.0    126.99   1.9  28.06.2025  15:49:57
