//C:\Users\user\Desktop\GeoTom\GeoTomE724.ini
//- Cable direction:
//  cable I: normal
//  cable II: normal
//  cable III: normal
//  cable IV: normal
//- Cable arrangement: sequential
//- Optimization: Last measurement
//- Sorting: Multi-level
//- Current levels: 0.001 mA .. 50.0 mA
Type:         Flow
Name:         Hyprop
Comment:      Example of a measurements sequence
Comment:      
Comment:      
Spacing:      1.00000
First El:     0.00000
Nr of points: 289
IP present:   1

  1   5   2   6  $12    0.001   100.5941 430943.99   0.0     35.29   0.9  28.06.2025  13:35:09
  1   5   3   7  $12    0.001     9.2628 174599.23   0.0    138.91   0.0  28.06.2025  13:35:11
  1   5   4   8  $12    0.001     3.9712  52398.26   0.1    148.80   0.1  28.06.2025  13:35:13
  1   5  14   2  $12    0.010    -3.3770   3027.48   0.0      6.30   3.8  28.06.2025  13:35:17
  1   5  15   3  $12    0.100   -10.9930  24174.92   0.1     56.73   4.7  28.06.2025  13:35:21
  1   5  16   4  $12    0.100    -5.5793    545.68   0.0     -4.93  63.3  28.06.2025  13:35:23
  1   5  13   9  $12    0.010     3.9944  30117.02   0.1   -416.02   1.7  28.06.2025  13:35:28
  1   5  14  10  $12    0.010     2.8332  32543.88   0.2    106.54   0.9  28.06.2025  13:35:30
  1   5  15  11  $12    0.010     2.9854  49239.85   0.0    -42.93   0.9  28.06.2025  13:35:32
  1   5  16  12  $12    0.010     2.3987  54399.01   0.0     -1.56   9.6  28.06.2025  13:35:34
  1   5  10   6  $12    0.001    94.3780 833898.72   0.0     33.67   0.1  28.06.2025  13:35:39
  1   5  11   7  $12    0.001     8.3554 196870.19   0.0    149.73   0.0  28.06.2025  13:35:41
  1   5  12   8  $12    0.001     3.5098 159194.67   0.0    154.42   0.5  28.06.2025  13:35:43
  2   6   1   5  $12    0.001    95.1049 407428.62   0.0     41.86   0.2  28.06.2025  13:35:46
  2   6   3   7  $12    0.001    16.5482  70892.32   0.0    149.43   0.3  28.06.2025  13:35:48
  2   6   4   8  $12    0.001     6.6599 125535.99   0.0    156.53   0.1  28.06.2025  13:35:50
  2   6  13   1  $12    0.010    -0.4084    301.20   1.2   6102.05   0.8  28.06.2025  13:35:54
  2   6  15   3  $12    0.010    -5.5064   4936.47   0.1     23.27   1.8  28.06.2025  13:35:56
  2   6  16   4  $12    0.010    -2.3200  51019.49   0.0      3.82  26.7  28.06.2025  13:35:58
  2   6  13   9  $12    0.010     5.6808  25766.29   0.2   -392.89   0.3  28.06.2025  13:36:00
  2   6  14  10  $12    0.010     2.4669  18600.09   0.0    184.45   1.2  28.06.2025  13:36:02
  2   6  15  11  $12    0.010     3.1150  35780.82   0.0    -56.99   0.4  28.06.2025  13:36:04
  2   6  16  12  $12    0.010     2.5586  42200.13   0.0     -4.17   1.4  28.06.2025  13:36:06
  2   6   9   5  $12    0.001    92.7113 1223297.00   0.0     44.83   0.3  28.06.2025  13:36:11
  2   6  11   7  $12    0.001    15.4287 136323.71   0.1    162.73   0.9  28.06.2025  13:36:14
  2   6  12   8  $12    0.001     6.0858 143393.30   0.0    172.19   0.2  28.06.2025  13:36:16
  3   7   1   5  $12    0.001     8.6403 162866.53   0.0    116.39   1.6  28.06.2025  13:36:18
  3   7   2   6  $12    0.001    16.2369  69558.74   0.1    117.61   1.2  28.06.2025  13:36:20
  3   7   4   8  $12    0.001    11.1870  47924.88   0.2    184.99   0.3  28.06.2025  13:36:22
  3   7  13   1  $12    0.100    -8.9459   1405.21   0.5    174.76   0.7  28.06.2025  13:36:27
  3   7  14   2  $12    0.010    -5.6296   4151.89   0.0     10.28   0.7  28.06.2025  13:36:32
  3   7  16   4  $12    0.010    -5.2915   4743.84   0.0     15.76   0.1  28.06.2025  13:36:34
  3   7  13   9  $12    0.010     2.2411   5280.51   0.2    -79.38  12.9  28.06.2025  13:36:36
  3   7  14  10  $12    0.010     2.4495  11110.12   0.1      9.22  16.1  28.06.2025  13:36:38
  3   7  15  11  $12    0.010     2.5749  19414.43   0.1      3.44  29.6  28.06.2025  13:36:40
  3   7  16  12  $12    0.010     2.6689  30656.69   0.0      5.87   6.9  28.06.2025  13:36:42
  3   7   9   5  $12    0.001     6.9635 131259.73   0.3    147.38   0.9  28.06.2025  13:36:47
  3   7  10   6  $12    0.001    12.9022 170240.28   0.1    161.22   0.9  28.06.2025  13:36:49
  3   7  12   8  $12    0.001     9.1657  80985.66   0.1    217.86   0.3  28.06.2025  13:36:51
  4   8   1   5  $12    0.001     3.5988  47484.49   0.3    128.99   4.4  28.06.2025  13:36:53
  4   8   2   6  $12    0.001     6.2264 117364.18   0.1    129.61   0.1  28.06.2025  13:36:55
  4   8   3   7  $12    0.001     9.6894  41509.20   0.1    195.96   0.1  28.06.2025  13:36:57
  4   8  13   1  $12    0.100    -2.4452    549.95   0.6    478.78   2.6  28.06.2025  13:37:03
  4   8  14   2  $12    0.100   -21.6590   3402.19   0.0      6.35   1.5  28.06.2025  13:37:05
  4   8  15   3  $12    0.010    -5.3910   3975.89   0.0     14.42   1.6  28.06.2025  13:37:10
  4   8  13   9  $12    0.010     2.3307   2059.38   0.4    -61.59  18.3  28.06.2025  13:37:12
  4   8  14  10  $12    0.010     2.4136   5686.83   0.0      4.06  42.6  28.06.2025  13:37:14
  4   8  15  11  $12    0.010     2.7714  12570.19   0.0      5.46   5.6  28.06.2025  13:37:16
  4   8  16  12  $12    0.010     3.0765  23195.91   0.0      3.15   2.0  28.06.2025  13:37:18
  4   8   9   5  $12    0.001     2.9045  12442.92   0.5    148.72   3.6  28.06.2025  13:37:23
  4   8  10   6  $12    0.001     4.9877  94015.70   0.3    161.35   2.5  28.06.2025  13:37:25
  4   8  11   7  $12    0.001     7.7315 102014.64   0.2    230.81   0.1  28.06.2025  13:37:27
  5   9   6  10  $12    0.001   102.5894 439491.86   0.0     34.17   0.2  28.06.2025  13:37:29
  5   9   7  11  $12    0.001     7.9987 150772.56   0.0    160.18   0.3  28.06.2025  13:37:31
  5   9   8  12  $12    0.001     3.1886  42072.13   0.0    169.53   1.0  28.06.2025  13:37:33
  5   9   2   6  $12    0.001  -101.7768 1342913.37   0.0     33.87   0.5  28.06.2025  13:37:36
  5   9   3   7  $12    0.001    -7.7919 146873.90   0.0    171.07   0.6  28.06.2025  13:37:38
  5   9   4   8  $12    0.001    -3.0576  13098.78   0.0    191.02   0.5  28.06.2025  13:37:40
  5   9   1  13  $12    0.010     3.1099   7816.06   0.3   -467.48   1.4  28.06.2025  13:37:48
  5   9   2  14  $12    0.100    17.0267   3829.48   0.0     11.40   2.3  28.06.2025  13:37:52
  5   9   3  15  $12    0.100    18.1028   2843.58   0.0    -23.67   3.7  28.06.2025  13:37:54
  5   9   4  16  $12    0.100    16.2824   1200.84   0.0      4.98   2.6  28.06.2025  13:37:56
  5   9  14  10  $12    0.010     7.9001   6980.27   0.0    -10.83   1.5  28.06.2025  13:38:01
  5   9  15  11  $12    0.100     7.8144   1841.22   0.7     29.36   2.2  28.06.2025  13:38:05
  5   9  16  12  $12    0.100     1.7811    807.84   0.8     -2.80 928.9  28.06.2025  13:38:10
  6  10   5   9  $12    0.001    61.0330 261464.86   0.2     51.40   0.9  28.06.2025  13:38:18
  6  10   7  11  $12    0.001    12.0574  51653.98   0.1    180.61   0.6  28.06.2025  13:38:21
  6  10   8  12  $12    0.001     5.0446  95087.84   0.0    180.67   0.8  28.06.2025  13:38:23
  6  10   1   5  $12    0.001   -65.1164 575350.54   0.1     59.35   0.6  28.06.2025  13:38:25
  6  10   3   7  $12    0.001   -11.8706 156629.00   0.1    193.45   0.5  28.06.2025  13:38:27
  6  10   4   8  $12    0.001    -4.7868  90229.04   0.0    203.33   0.3  28.06.2025  13:38:29
  6  10   1  13  $12    0.010     4.4076   9913.19   0.3   -471.54   0.9  28.06.2025  13:38:37
  6  10   2  14  $12    0.100    18.4995   4649.42   0.0     -4.81   2.6  28.06.2025  13:38:41
  6  10   3  15  $12    0.100    19.7422   4440.21   0.0     -5.99   0.9  28.06.2025  13:38:43
  6  10   4  16  $12    0.100    21.2244   3333.92   0.0     -6.64   1.5  28.06.2025  13:38:45
  6  10  13   9  $12    0.010     5.2837   6971.72   0.2    357.97   2.4  28.06.2025  13:38:50
  6  10  15  11  $12    0.010     5.4977   4857.59   0.0     33.36   2.1  28.06.2025  13:38:52
  6  10  16  12  $12    0.010     2.0684   4873.59   0.0     -4.82   2.8  28.06.2025  13:38:54
  7  11   5   9  $12    0.001     5.7715 108790.41   0.1    158.30   0.1  28.06.2025  13:38:59
  7  11   6  10  $12    0.001    12.3191  52775.08   0.2    154.62   1.2  28.06.2025  13:39:01
  7  11   8  12  $12    0.001     9.6546  41360.03   0.1    199.73   0.2  28.06.2025  13:39:03
  7  11   1   5  $12    0.001    -5.7114 134571.80   0.2    179.34   0.7  28.06.2025  13:39:05
  7  11   2   6  $12    0.001   -11.6823 103221.60   0.2    159.84   0.6  28.06.2025  13:39:07
  7  11   4   8  $12    0.001    -8.5699 113076.88   0.2    228.61   0.4  28.06.2025  13:39:09
  7  11   1  13  $12    0.010     2.0876   3279.18   0.0   -108.89   2.0  28.06.2025  13:39:13
  7  11   2  14  $12    0.100    19.9539   4487.82   0.0      5.70   0.5  28.06.2025  13:39:17
  7  11   3  15  $12    0.010     2.4514   6161.00   0.1      2.08  34.6  28.06.2025  13:39:22
  7  11   4  16  $12    0.010     2.7892   6273.10   0.0     -2.07   5.6  28.06.2025  13:39:24
  7  11  13   9  $12    0.100    11.0719   2087.01   0.1    175.25   0.6  28.06.2025  13:39:28
  7  11  14  10  $12    0.010     6.2510   8248.03   0.0     -2.11  19.9  28.06.2025  13:39:33
  7  11  16  12  $12    0.010     8.2279   7269.93   0.0      5.71   1.2  28.06.2025  13:39:35
  8  12   5   9  $12    0.010    22.8706  30176.99   0.0    147.41   0.2  28.06.2025  13:39:37
  8  12   6  10  $12    0.001     5.0866  95880.88   0.2    164.07   1.9  28.06.2025  13:39:42
  8  12   7  11  $12    0.001     8.4356  36138.17   0.1    218.30   0.2  28.06.2025  13:39:44
  8  12   1   5  $12    0.001    -2.4509 111163.98   0.2    179.62   3.0  28.06.2025  13:39:46
  8  12   2   6  $12    0.001    -4.7686 112357.93   0.5    181.39   2.4  28.06.2025  13:39:48
  8  12   3   7  $12    0.001    -7.4917  66194.88   0.1    247.52   0.2  28.06.2025  13:39:50
  8  12   1  13  $12    0.100    20.1855   1488.70   0.0    -87.80   1.1  28.06.2025  13:39:55
  8  12   2  14  $12    0.100    18.5229   2909.57   0.0      7.41   2.6  28.06.2025  13:39:57
  8  12   3  15  $12    0.010     2.3597   5307.20   0.0      0.75 175.2  28.06.2025  13:40:02
  8  12  16   4  $12    0.010    -2.7147   6822.67   0.0      3.86  22.4  28.06.2025  13:40:04
  8  12   9  13  $12    0.100    -1.7146     73.46   0.5   1077.35   1.2  28.06.2025  13:40:10
  8  12  10  14  $12    0.010    -2.5174   4745.23   0.0      4.90  13.7  28.06.2025  13:40:15
  8  12  11  15  $12    0.010    -8.3794  11056.39   0.0      3.88   6.0  28.06.2025  13:40:17
  9  13  10  14  $12    0.001     2.8293  12120.52   0.0     48.71   2.3  28.06.2025  13:40:22
  9  13  11  15  $12    0.010     6.6288  12494.94   0.0     26.40   1.5  28.06.2025  13:40:26
  9  13  12  16  $12    0.010     3.3047   4360.48   0.0      0.54  71.1  28.06.2025  13:40:28
  9  13   6  10  $12    0.010    -6.0291   7955.25   0.0    235.11   1.6  28.06.2025  13:40:30
  9  13   7  11  $12    0.100   -12.8745   2426.79   0.0     40.19   0.7  28.06.2025  13:40:34
  9  13   8  12  $12    0.100    -4.1963    179.77   0.1    182.30   0.7  28.06.2025  13:40:36
  9  13   5   1  $12    0.010     3.8376  28934.75   0.0   -111.11   2.3  28.06.2025  13:40:41
  9  13   6   2  $12    0.010     3.0318  13751.23   0.5   -593.07   2.4  28.06.2025  13:40:43
  9  13   7   3  $12    0.010     2.0543   4840.43   0.0    -89.58   0.4  28.06.2025  13:40:45
  9  13   8   4  $12    0.100    19.7165   1742.09   0.0    -42.38   0.7  28.06.2025  13:40:48
  9  13   2  14  $12    0.010     8.7440   6448.75   0.2     30.75   5.0  28.06.2025  13:40:53
  9  13   3  15  $12    0.010     2.6879   4222.18   0.1     54.07   2.3  28.06.2025  13:40:55
  9  13   4  16  $12    0.100     8.1909   1842.21   0.0    -18.23   0.7  28.06.2025  13:40:59
 10  14   9  13  $12    0.010    20.5756   8814.58   0.4     46.23   3.6  28.06.2025  13:41:04
 10  14  11  15  $12    0.001     3.1675  13569.33   0.0    -15.29   2.4  28.06.2025  13:41:09
 10  14  12  16  $12    0.010     7.8416  14781.05   0.0      4.68   1.2  28.06.2025  13:41:13
 10  14   5   9  $12    0.010    -7.5872   6703.81   0.1     -8.58  24.2  28.06.2025  13:41:15
 10  14   7  11  $12    0.010    -6.1740   8146.44   0.0      8.00   3.4  28.06.2025  13:41:17
 10  14   8  12  $12    0.010    -2.4807   4676.09   0.0      2.05  23.8  28.06.2025  13:41:19
 10  14   5   1  $12    0.010     2.8670  32931.09   0.1     64.28   3.7  28.06.2025  13:41:21
 10  14   6   2  $12    0.010     2.5291  19069.08   0.3    142.80   9.8  28.06.2025  13:41:23
 10  14   7   3  $12    0.010     2.4479  11102.99   0.0     10.08  30.6  28.06.2025  13:41:25
 10  14   8   4  $12    0.010     2.4381   5744.68   0.1     10.42   6.8  28.06.2025  13:41:27
 10  14   1  13  $12    0.010    14.8882  13347.28   0.1    127.46   0.2  28.06.2025  13:41:29
 10  14   3  15  $12    0.010    22.6527  16706.57   0.0    -17.30   0.3  28.06.2025  13:41:31
 10  14   4  16  $12    0.010     2.9505   4634.68   0.0      0.54  66.1  28.06.2025  13:41:33
 11  15   9  13  $12    0.010     7.2445  13655.58   0.0     25.84   3.7  28.06.2025  13:41:35
 11  15  10  14  $12    0.001     3.2039  13725.46   0.0    -14.03   1.6  28.06.2025  13:41:40
 11  15  12  16  $12    0.010    18.8615   8080.26   0.0     15.22   0.4  28.06.2025  13:41:44
 11  15   5   9  $12    0.100    -6.0810   1432.80   0.0    179.67   0.3  28.06.2025  13:41:48
 11  15   6  10  $12    0.010    -5.4193   4788.36   0.1     36.36   4.0  28.06.2025  13:41:53
 11  15   8  12  $12    0.010    -8.2913  10940.15   0.0      8.73   5.3  28.06.2025  13:41:55
 11  15   5   1  $12    0.010     2.9700  48985.62   0.1    -25.13  29.8  28.06.2025  13:41:57
 11  15   6   2  $12    0.010     3.1236  35879.28   0.4    -55.38  16.0  28.06.2025  13:41:59
 11  15   7   3  $12    0.010     2.6739  20160.97   0.1      2.06  23.4  28.06.2025  13:42:01
 11  15   8   4  $12    0.010     2.8651  12995.33   0.1     -0.96  66.8  28.06.2025  13:42:03
 11  15   1  13  $12    0.010     3.7612  82713.33   0.1     63.87   6.4  28.06.2025  13:42:05
 11  15   2  14  $12    0.001     2.3941  21463.34   0.0    -14.58   4.4  28.06.2025  13:42:10
 11  15   4  16  $12    0.010     7.6593   5648.82   0.0     29.82   0.2  28.06.2025  13:42:13
 12  16   9  13  $12    0.010     3.3546   4426.33   0.2      8.54  24.6  28.06.2025  13:42:16
 12  16  10  14  $12    0.010     7.8995  14890.28   0.0      3.42   4.7  28.06.2025  13:42:18
 12  16  11  15  $12    0.010    18.9709   8127.12   0.0     17.22   1.1  28.06.2025  13:42:20
 12  16   5   9  $12    1.000    -8.6218    391.05   0.0   -343.91   0.1  28.06.2025  13:42:25
 12  16   6  10  $12    0.100   -20.0922   4734.10   0.0     -4.92   6.9  28.06.2025  13:42:30
 12  16   7  11  $12    0.010    -8.1326   7185.78   0.0      4.61   4.1  28.06.2025  13:42:35
 12  16   5   1  $12    0.010     2.4454  55456.75   0.1      5.34  90.0  28.06.2025  13:42:37
 12  16   6   2  $12    0.010     2.5752  42474.24   0.2      2.23 680.4  28.06.2025  13:42:39
 12  16   7   3  $12    0.010     2.7454  31535.35   0.0      3.93  23.4  28.06.2025  13:42:41
 12  16   8   4  $12    0.010     3.1538  23778.91   0.0      2.95   2.9  28.06.2025  13:42:43
 12  16  13   1  $12    0.100    -9.2817    907.79   0.1     62.64   0.4  28.06.2025  13:42:47
 12  16  14   2  $12    0.010    -3.2907  72365.40   0.0      8.01   2.5  28.06.2025  13:42:52
 12  16  15   3  $12    0.010    -8.1016   7263.13   0.0     37.56   0.5  28.06.2025  13:42:54
 13   1  14   2  $12    0.010    16.8456   5776.97   0.0     65.02   0.0  28.06.2025  13:42:56
 13   1  15   3  $12    0.010     5.9429   4506.61   0.0     33.18   0.3  28.06.2025  13:42:58
 13   1  16   4  $12    0.010     3.0692   3944.49   0.0     -4.33  11.9  28.06.2025  13:43:00
 13   1  10  14  $12    0.010   -11.0794   9932.75   0.0     83.70   0.2  28.06.2025  13:43:02
 13   1  11  15  $12    0.010    -2.8113  61822.99   0.0     94.77   0.3  28.06.2025  13:43:04
 13   1  12  16  $12    0.100    -7.8037    763.24   0.0      7.39   4.9  28.06.2025  13:43:08
 13   1   9   5  $12    0.010     2.9327   7370.77   0.1   -175.58   2.7  28.06.2025  13:43:13
 13   1  10   6  $12    0.010     2.4346   5475.62   0.9   -718.62   1.6  28.06.2025  13:43:15
 13   1  11   7  $12    0.100    18.7069   2938.47   0.0    -66.29   0.5  28.06.2025  13:43:19
 13   1  12   8  $12    0.100    16.5533   1220.82   0.0    -63.94   0.4  28.06.2025  13:43:21
 13   1   6   2  $12    0.010     2.8116   2073.57   0.3    290.36   1.5  28.06.2025  13:43:26
 13   1   7   3  $12    0.100    12.4483   1955.38   0.0     55.26   0.4  28.06.2025  13:43:30
 13   1   8   4  $12    0.100     6.1063   1373.38   0.0    122.74   0.7  28.06.2025  13:43:32
 14   2  13   1  $12    0.010    13.6778   4690.62   0.1     12.86   2.4  28.06.2025  13:43:37
 14   2  15   3  $12    0.001     3.1262  10720.89   0.0    -13.51   3.8  28.06.2025  13:43:42
 14   2  16   4  $12    0.010     7.3905   5604.34   0.0      1.70   3.6  28.06.2025  13:43:45
 14   2   9  13  $12    0.010   -13.7749  10159.07   0.0    128.52   0.2  28.06.2025  13:43:47
 14   2  11  15  $12    0.001    -2.2991  20611.47   0.0     -3.83  35.5  28.06.2025  13:43:52
 14   2  12  16  $12    0.010    -3.2888  72324.85   0.0      8.25   2.6  28.06.2025  13:43:56
 14   2   9   5  $12    0.100    17.0027   3824.06   0.0     22.53   2.8  28.06.2025  13:44:00
 14   2  10   6  $12    0.100    17.6638   4439.39   0.0     44.92   2.0  28.06.2025  13:44:02
 14   2  11   7  $12    0.100    19.7218   4435.62   0.0      3.13   2.5  28.06.2025  13:44:04
 14   2  12   8  $12    0.100    18.3875   2888.30   0.0      5.01   2.2  28.06.2025  13:44:06
 14   2   5   1  $12    0.010     3.4135   3060.24   0.1    -15.48  11.4  28.06.2025  13:44:11
 14   2   7   3  $12    0.010     5.7033   4206.19   0.0      4.70  21.7  28.06.2025  13:44:13
 14   2   8   4  $12    0.010     2.2322   3506.38   0.2      1.62  26.0  28.06.2025  13:44:15
 15   3  13   1  $12    0.010     6.7142   5091.49   0.3     41.96   3.6  28.06.2025  13:44:17
 15   3  14   2  $12    0.001     3.1490  10799.09   0.0     -8.17   3.9  28.06.2025  13:44:22
 15   3  16   4  $12    0.010    15.6909   5380.98   0.0     19.81   0.1  28.06.2025  13:44:26
 15   3   9  13  $12    0.010    -3.7392   5873.46   0.2     63.83   2.7  28.06.2025  13:44:28
 15   3  10  14  $12    0.001    -2.3215  17121.55   0.0      1.76  17.4  28.06.2025  13:44:33
 15   3  12  16  $12    0.010    -7.8917   7074.91   0.0     32.17   0.1  28.06.2025  13:44:36
 15   3   9   5  $12    0.100    19.0371   2990.34   0.0    -49.19   0.8  28.06.2025  13:44:40
 15   3  10   6  $12    0.010     2.2393   5036.50   0.5    -48.17   4.7  28.06.2025  13:44:45
 15   3  11   7  $12    0.010     2.4314   6110.80   0.0     -6.54  27.0  28.06.2025  13:44:47
 15   3  12   8  $12    0.010     2.3193   5216.25   0.0      0.27 679.9  28.06.2025  13:44:49
 15   3   5   1  $12    0.100    10.1468  22314.02   0.0    108.96   0.9  28.06.2025  13:44:53
 15   3   6   2  $12    0.010     5.5899   5011.34   0.3     38.68  15.6  28.06.2025  13:44:58
 15   3   8   4  $12    0.010     5.4630   4028.99   0.0      9.35   3.2  28.06.2025  13:45:00
 16   4  13   1  $12    0.010     3.1827   4090.43   0.0      2.89   9.4  28.06.2025  13:45:02
 16   4  14   2  $12    0.010     7.3749   5592.50   0.0      0.52 108.3  28.06.2025  13:45:04
 16   4  15   3  $12    0.010    15.8537   5436.81   0.0     18.86   0.6  28.06.2025  13:45:06
 16   4   9  13  $12    0.100    -9.2947   2090.46   0.2     16.63   1.6  28.06.2025  13:45:10
 16   4  10  14  $12    0.010    -2.9020   4558.52   0.0      9.63  13.3  28.06.2025  13:45:15
 16   4  11  15  $12    0.010    -7.7492   5715.11   0.0     35.64   0.5  28.06.2025  13:45:17
 16   4   9   5  $12    0.100    16.1409   1190.41   0.0     22.37   1.8  28.06.2025  13:45:21
 16   4  10   6  $12    0.100    20.8466   3274.57   0.0     35.51   0.4  28.06.2025  13:45:23
 16   4  11   7  $12    0.010     2.7817   6256.25   0.0     -1.06 116.5  28.06.2025  13:45:28
 16   4  12   8  $12    0.010     2.7505   6912.79   0.0      2.22  21.0  28.06.2025  13:45:30
 16   4   5   1  $12    0.100     6.1722    603.67   0.0    -70.10   1.4  28.06.2025  13:45:34
 16   4   6   2  $12    0.010     2.3888  52532.10   0.4    -19.71  45.9  28.06.2025  13:45:39
 16   4   7   3  $12    0.010     5.3448   4791.60   0.0      6.67   8.9  28.06.2025  13:45:41
  1   4   2   3  $12    0.010     5.9274   3724.29   0.0      5.04   2.9  28.06.2025  13:45:43
  2   3   1   4  $12    0.010     5.9399   3732.12   0.0      4.09   4.5  28.06.2025  13:45:45
  1   2   3   4  $12    0.010    -2.6770   5045.99   0.0     13.20   1.4  28.06.2025  13:45:47
  3   4   1   2  $12    0.010    -2.6855   5062.05   0.0     13.67   4.3  28.06.2025  13:45:49
  5   8   6   7  $12    0.001    85.4881 537137.89   0.0     61.12   0.4  28.06.2025  13:45:54
  6   7   5   8  $12    0.001    85.4569 536941.29   0.0     56.99   0.1  28.06.2025  13:45:57
  5   6   7   8  $12    0.001    -4.7887  90264.99   0.1    167.76   0.6  28.06.2025  13:45:59
  7   8   5   6  $12    0.001    -4.9193  92725.70   0.1    123.46   1.5  28.06.2025  13:46:01
  9  12  10  11  $12    0.010    13.6297   8563.77   0.0     16.73   0.4  28.06.2025  13:46:05
 10  11   9  12  $12    0.010    13.5371   8505.62   0.0     14.09   2.0  28.06.2025  13:46:07
  9  10  11  12  $12    0.010    -2.6947   5079.35   0.0     22.45   2.1  28.06.2025  13:46:09
 11  12   9  10  $12    0.010    -2.7519   5187.30   0.0     14.12   8.6  28.06.2025  13:46:11
 13  16  14  15  $12    0.010    14.1741   8905.87   0.0     85.36   0.0  28.06.2025  13:46:13
 14  15  13  16  $12    0.010    16.4732  10350.39   0.5     89.35   2.3  28.06.2025  13:46:15
 13  14  15  16  $12    0.010   -17.7411  33441.21   0.0    -24.58   0.3  28.06.2025  13:46:17
  1   9  10   2  $12    0.010   -15.6994   5649.52   0.0     16.11   1.0  28.06.2025  13:46:19
  1   9  11   3  $12    0.010    -6.4972   5566.80   0.0      7.20   3.1  28.06.2025  13:46:21
  1   9  12   4  $12    0.010    -4.6425   7762.86   0.0      7.74   1.2  28.06.2025  13:46:23
  2  10   9   1  $12    0.010   -15.5964   5612.46   0.0     14.81   0.4  28.06.2025  13:46:25
  2  10  11   3  $12    0.010   -16.2551   5849.49   0.0      9.81   0.8  28.06.2025  13:46:27
  2  10  12   4  $12    0.010    -8.9154   7638.73   0.0     10.10   2.1  28.06.2025  13:46:29
  3  11   9   1  $12    0.010    -6.5128   5580.16   0.0      5.12   2.2  28.06.2025  13:46:31
  3  11  10   2  $12    0.010   -16.3942   5899.55   0.0      6.68   2.6  28.06.2025  13:46:33
  3  11  12   4  $12    0.010   -18.9357   6814.11   0.0      7.17   0.3  28.06.2025  13:46:35
 12   4   9   1  $12    0.010     4.7044   7866.40   0.0     -0.10 973.7  28.06.2025  13:46:37
 12   4  10   2  $12    0.010     9.0221   7730.15   0.0      3.68   3.2  28.06.2025  13:46:39
 12   4  11   3  $12    0.010    18.9840   6831.50   0.0      5.71   1.0  28.06.2025  13:46:41
 13   5  14   6  $12    0.001    90.8544 326944.26   0.0     46.34   0.2  28.06.2025  13:46:47
 13   5  15   7  $12    0.001     8.3153  71245.29   0.0    144.18   0.3  28.06.2025  13:46:49
 13   5  16   8  $12    0.001     3.4654  57946.87   0.0    153.83   0.3  28.06.2025  13:46:51
 14   6  13   5  $12    0.001    91.1209 327903.41   0.0     58.92   0.2  28.06.2025  13:46:53
 14   6  15   7  $12    0.001    17.5725  63235.54   0.0    149.30   0.1  28.06.2025  13:46:55
 14   6  16   8  $12    0.001     6.2623  53655.40   0.0    176.24   0.4  28.06.2025  13:46:57
 15   7  13   5  $12    0.001     8.1953  70217.56   0.1    133.26   0.8  28.06.2025  13:46:59
 15   7  14   6  $12    0.001    17.5550  63172.65   0.1    112.42   0.4  28.06.2025  13:47:01
 15   7  16   8  $12    0.001    11.0625  39809.11   0.0    190.99   0.1  28.06.2025  13:47:03
 16   8  13   5  $12    0.001     3.4935  58415.41   0.2    149.48   1.7  28.06.2025  13:47:06
 16   8  14   6  $12    0.001     6.3412  54331.63   0.2    142.53   2.1  28.06.2025  13:47:08
 16   8  15   7  $12    0.001    10.6484  38318.65   0.1    202.05   0.0  28.06.2025  13:47:10
  1   2   5   6  $12    0.100     4.2631   8035.70   0.2     19.14   9.6  28.06.2025  13:47:15
  2   3   6   7  $12    1.000     0.4905     92.45   0.9  15917.56   1.0  28.06.2025  13:47:19
  3   4   7   8  $12    1.000     5.4607   1029.32   0.0    -15.54   1.2  28.06.2025  13:47:21
  1   2   9  10  $12    1.000     7.3019  11561.60   0.0     -3.53   3.5  28.06.2025  13:47:23
  2   3  10  11  $12    1.000     4.6718   7397.16   0.0    231.81   0.5  28.06.2025  13:47:25
  3   4  11  12  $12    1.000     2.2288   3528.97   0.0     -3.68  16.7  28.06.2025  13:47:27
  1   2  13  14  $12    0.100     3.5563 191721.30   0.6    -10.56  42.0  28.06.2025  13:47:32
  2   3  14  15  $12    1.000    13.3056  71730.04   0.0    -13.89   1.0  28.06.2025  13:47:36
  3   4  15  16  $12    1.000    10.9273  58908.83   0.0    -16.78   2.3  28.06.2025  13:47:38
  5   6   9  10  $12    0.100     5.3506  10085.72   0.0    172.80   0.1  28.06.2025  13:47:43
  6   7  10  11  $12    0.100     1.1569   2180.72   0.3   2429.56   0.3  28.06.2025  13:47:45
  7   8  11  12  $12    1.000    13.4126   2528.22   0.0    -10.76   2.3  28.06.2025  13:47:49
  5   6  13  14  $12    0.100    13.8661 219550.21   0.3   -175.55   1.3  28.06.2025  13:47:54
  6   7  14  15  $12    0.100     0.3803   6020.96   0.2    -40.74   5.2  28.06.2025  13:48:08
  7   8  15  16  $12    1.000     2.9752   4710.83   0.9      3.47  41.7  28.06.2025  13:48:12
  9  10  13  14  $12    0.100     7.8903  14872.92   0.2     57.66   3.3  28.06.2025  13:48:17
 10  11  14  15  $12    0.100     3.2143   6058.80   0.0    -18.42   6.2  28.06.2025  13:48:19
 11  12  15  16  $12    1.000     6.4473   1215.29   0.0     16.73   0.7  28.06.2025  13:48:22
  1   2   6   7  $12    0.100     2.7955  10538.89   0.4     29.16  36.7  28.06.2025  13:48:27
  2   3   7   8  $12    1.000     5.4215   2043.84   0.0    -66.76   0.5  28.06.2025  13:48:31
  1   2   7   8  $12    1.000     7.0796   4670.63   0.0    -10.55   1.1  28.06.2025  13:48:33
  2   3   7   8  $12    1.000     5.3902   2032.04   0.0    -67.11   0.3  28.06.2025  13:48:35
  1   2  10  11  $12    1.000     9.4719  21424.84   0.0     17.66   0.6  28.06.2025  13:48:37
  2   3  11  12  $12    1.000     2.3150   5236.32   0.0     -3.11  23.8  28.06.2025  13:48:39
  1   2  11  12  $12    1.000     3.5051  10901.44   0.0     -5.36   5.4  28.06.2025  13:48:41
  2   3  11  12  $12    1.000     2.3319   5274.53   0.0     -4.11   3.1  28.06.2025  13:48:43
  1   2  14  15  $12    1.000    17.6914 121385.21   0.0     12.75   2.3  28.06.2025  13:48:45
  2   3  15  16  $12    1.000    10.5153  72148.09   0.0      8.84   4.6  28.06.2025  13:48:48
  1   2  15  16  $12    1.000    13.8116 118455.88   0.0    -23.16   0.6  28.06.2025  13:48:50
  2   3  15  16  $12    1.000    10.5257  72219.34   0.0      9.09   2.6  28.06.2025  13:48:52
  5   6  10  11  $12    0.100     2.5449   9594.23   0.1   -681.15   0.5  28.06.2025  13:48:57
  6   7  11  12  $12    0.100     1.6414   6187.80   0.0      0.93  48.3  28.06.2025  13:49:03
  5   6  11  12  $12    0.100     1.0632   7014.63   0.0    -34.17   0.6  28.06.2025  13:49:08
  6   7  11  12  $12    0.100     1.6280   6137.35   0.0      5.28   2.3  28.06.2025  13:49:13
  5   6  14  15  $12    0.100    -0.7706  17431.24   0.0   -429.34   0.4  28.06.2025  13:49:18
  6   7  15  16  $12    0.100    -0.5116  11572.48   0.6   -901.62   1.0  28.06.2025  13:49:24
  5   6  15  16  $12    0.100     1.4683  45667.92   0.1   -414.11   0.7  28.06.2025  13:49:29
  6   7  15  16  $12    0.100    -0.3507   7932.49   0.8  -1227.13   0.8  28.06.2025  13:49:34
  9  10  14  15  $12    1.000    16.2025   6108.18   0.9    -14.11  66.8  28.06.2025  13:49:38
 10  11  15  16  $12    0.100     1.7171   6473.17   0.2     73.35   4.2  28.06.2025  13:49:43
  9  10  15  16  $12    1.000    15.5354  10249.23   0.3    -66.70   2.3  28.06.2025  13:49:46
 10  11  15  16  $12    0.100     1.7394   6557.44   0.0     75.51   1.6  28.06.2025  13:49:51
