//C:\Users\user\Desktop\GeoTom\GeoTomE724.ini
//- Cable direction:
//  cable I: normal
//  cable II: normal
//  cable III: normal
//  cable IV: normal
//- Cable arrangement: sequential
//- Optimization: Last measurement
//- Sorting: Multi-level
//- Current levels: 0.001 mA .. 50.0 mA
Type:         Flow
Name:         Hyprop
Comment:      Example of a measurements sequence
Comment:      
Comment:      
Spacing:      1.00000
First El:     0.00000
Nr of points: 289
IP present:   1

  1   5   2   6  $12    0.001   140.4394 601640.92   0.1      0.95  53.2  28.06.2025  23:35:09
  1   5   3   7  $12    0.001     7.4067 139613.26   0.0    165.07   0.2  28.06.2025  23:35:11
  1   5   4   8  $12    0.001     3.8435  50713.78   0.0    184.84   0.2  28.06.2025  23:35:13
  1   5  14   2  $12    0.010    -3.8036   3409.91   0.0    -32.46   2.9  28.06.2025  23:35:17
  1   5  15   3  $12    0.100   -13.5756  29854.28   0.0    -10.86   2.9  28.06.2025  23:35:20
  1   5  16   4  $12    0.100    -4.0821    399.24   0.0    161.93   0.1  28.06.2025  23:35:23
  1   5  13   9  $12    0.010     8.5441  64421.08   0.0   -233.71   0.4  28.06.2025  23:35:27
  1   5  14  10  $12    0.010     2.6699  30667.28   0.7    243.61   5.4  28.06.2025  23:35:30
  1   5  15  11  $12    0.010     3.8164  62945.81   0.0    -54.78   1.0  28.06.2025  23:35:32
  1   5  16  12  $12    0.010     2.9608  67146.82   0.0     -6.63   5.0  28.06.2025  23:35:34
  1   5  10   6  $12    0.001   139.1429 1229429.00   0.0      5.92   4.8  28.06.2025  23:35:39
  1   5  11   7  $12    0.001     6.7140 158195.47   0.1    196.03   0.1  28.06.2025  23:35:41
  1   5  12   8  $12    0.001     3.4319 155661.41   0.0    214.91   0.4  28.06.2025  23:35:43
  2   6   1   5  $12    0.001   138.3526 592700.97   0.0     12.33   0.8  28.06.2025  23:35:46
  2   6   3   7  $12    0.001    13.9277  59665.94   0.0    177.46   0.2  28.06.2025  23:35:48
  2   6   4   8  $12    0.001     6.6628 125590.30   0.0    205.05   0.1  28.06.2025  23:35:50
  2   6  13   1  $12    0.010     4.4268   3264.77   0.3  -1036.06   0.2  28.06.2025  23:35:54
  2   6  15   3  $12    0.010    -6.2579   5610.22   0.0     51.37   1.5  28.06.2025  23:35:56
  2   6  16   4  $12    0.010    -2.4755  54439.68   0.0    -10.88   4.9  28.06.2025  23:35:58
  2   6  13   9  $12    0.010    10.6323  48224.46   0.0   -393.03   1.1  28.06.2025  23:36:00
  2   6  14  10  $12    0.010     0.7604   5732.99   0.4   2295.92   0.9  28.06.2025  23:36:04
  2   6  15  11  $12    0.010     3.9052  44856.98   0.0    -83.67   0.8  28.06.2025  23:36:06
  2   6  16  12  $12    0.010     2.9934  49370.86   0.0     -2.50  11.4  28.06.2025  23:36:08
  2   6   9   5  $12    0.001   127.5259 1682664.57   0.0      8.23   2.6  28.06.2025  23:36:14
  2   6  11   7  $12    0.001    11.5238 101820.93   0.0    198.03   0.4  28.06.2025  23:36:16
  2   6  12   8  $12    0.001     5.6091 132161.80   0.0    233.33   0.2  28.06.2025  23:36:18
  3   7   1   5  $12    0.001     6.5335 123153.50   0.3    129.55   0.5  28.06.2025  23:36:20
  3   7   2   6  $12    0.001    12.3469  52893.86   0.0    138.70   0.8  28.06.2025  23:36:22
  3   7   4   8  $12    0.001     6.1540  26363.75   0.1    242.59   0.1  28.06.2025  23:36:24
  3   7  13   1  $12    0.100   -11.0112   1729.63   0.2     55.55   1.9  28.06.2025  23:36:30
  3   7  14   2  $12    0.010    -6.4020   4721.56   0.0     20.29   0.7  28.06.2025  23:36:35
  3   7  16   4  $12    0.010    -5.8868   5277.53   0.0     16.68   0.8  28.06.2025  23:36:37
  3   7  13   9  $12    0.010     2.2771   5365.37   0.3    -40.32  31.8  28.06.2025  23:36:39
  3   7  14  10  $12    0.010     2.5571  11598.38   0.1     12.71  22.7  28.06.2025  23:36:41
  3   7  15  11  $12    0.010     2.6937  20310.22   0.0      7.40  14.2  28.06.2025  23:36:43
  3   7  16  12  $12    0.010     2.8662  32922.30   0.0      3.60   8.7  28.06.2025  23:36:45
  3   7   9   5  $12    0.001     5.4035 101853.11   0.1    163.19   1.6  28.06.2025  23:36:50
  3   7  10   6  $12    0.001    10.2062 134668.22   0.4    167.23   1.2  28.06.2025  23:36:52
  3   7  12   8  $12    0.001     4.6090  40723.74   0.2    294.42   0.0  28.06.2025  23:36:54
  4   8   1   5  $12    0.001     3.8558  50876.11   0.7    136.47   3.2  28.06.2025  23:36:56
  4   8   2   6  $12    0.001     5.7642 108652.74   0.9    147.04   1.7  28.06.2025  23:36:58
  4   8   3   7  $12    0.001     5.5278  23681.20   0.1    213.90   0.0  28.06.2025  23:37:00
  4   8  13   1  $12    0.100    -5.6123   1262.26   0.0    -32.50   6.5  28.06.2025  23:37:05
  4   8  14   2  $12    0.010    -2.3161   3638.14   0.0     15.09   1.2  28.06.2025  23:37:10
  4   8  15   3  $12    0.010    -6.0452   4458.36   0.0     13.18   0.8  28.06.2025  23:37:12
  4   8  13   9  $12    0.010     2.2043   1947.64   0.3    -28.42   9.9  28.06.2025  23:37:14
  4   8  14  10  $12    0.010     2.5739   6064.54   0.0      4.87  23.7  28.06.2025  23:37:17
  4   8  15  11  $12    0.010     2.9139  13216.63   0.0      1.99  41.7  28.06.2025  23:37:19
  4   8  16  12  $12    0.010     3.3170  25009.31   0.0      2.08   8.2  28.06.2025  23:37:21
  4   8   9   5  $12    0.010    21.2223   9091.63   0.1    152.17   0.1  28.06.2025  23:37:23
  4   8  10   6  $12    0.001     4.5300  85388.41   0.6    174.26   4.4  28.06.2025  23:37:28
  4   8  11   7  $12    0.001     3.8641  50985.47   0.3    279.96   0.2  28.06.2025  23:37:30
  5   9   6  10  $12    0.001   135.8912 582156.35   0.0      7.97   0.4  28.06.2025  23:37:32
  5   9   7  11  $12    0.001     6.2323 117476.17   0.0    173.59   0.0  28.06.2025  23:37:34
  5   9   8  12  $12    0.001     2.7967  36901.33   0.1    214.91   0.3  28.06.2025  23:37:36
  5   9   2   6  $12    0.001  -134.5468 1775303.66   0.0     10.12   1.8  28.06.2025  23:37:39
  5   9   3   7  $12    0.001    -6.0153 113385.13   0.0    182.33   0.0  28.06.2025  23:37:41
  5   9   4   8  $12    0.001    -2.6770  11468.21   0.0    246.14   0.0  28.06.2025  23:37:43
  5   9   1  13  $12    0.010     7.0039  17602.77   0.0   -298.78   0.2  28.06.2025  23:37:47
  5   9   2  14  $12    0.100    17.9947   4047.18   0.0     37.37   0.2  28.06.2025  23:37:50
  5   9   3  15  $12    0.100    17.4458   2740.37   0.0     16.03   0.6  28.06.2025  23:37:52
  5   9   4  16  $12    0.100    18.5584   1368.69   0.0     -5.71   0.7  28.06.2025  23:37:54
  5   9  14  10  $12    0.010    10.4395   9224.08   0.0    -49.51   3.6  28.06.2025  23:37:59
  5   9  15  11  $12    0.100     5.1959   1224.25   0.0     33.76   1.3  28.06.2025  23:38:03
  5   9  16  12  $12    0.100    -2.9565   1340.99   0.0     -1.84   5.1  28.06.2025  23:38:05
  6  10   5   9  $12    0.001   123.4148 528707.77   0.0      7.07   1.2  28.06.2025  23:38:13
  6  10   7  11  $12    0.001    11.0875  47498.73   0.0    177.24   0.5  28.06.2025  23:38:15
  6  10   8  12  $12    0.001     5.0529  95244.28   0.0    223.07   0.2  28.06.2025  23:38:18
  6  10   1   5  $12    0.001  -124.1030 1096540.66   0.0     19.06   0.3  28.06.2025  23:38:20
  6  10   3   7  $12    0.001   -10.3458 136510.17   0.0    190.35   0.3  28.06.2025  23:38:22
  6  10   4   8  $12    0.001    -4.6815  88244.75   0.1    249.86   0.4  28.06.2025  23:38:24
  6  10   1  13  $12    0.010     8.2439  18541.42   0.1   -441.04   0.4  28.06.2025  23:38:28
  6  10   2  14  $12    0.100    19.6950   4949.90   0.0      5.44   6.0  28.06.2025  23:38:32
  6  10   3  15  $12    0.100    18.7593   4219.15   0.0     43.63   0.1  28.06.2025  23:38:34
  6  10   4  16  $12    0.010     2.4040   3776.19   0.0     13.90   1.9  28.06.2025  23:38:39
  6  10  13   9  $12    0.010     4.2590   5619.55   0.3    615.53   0.3  28.06.2025  23:38:41
  6  10  15  11  $12    0.010     7.1963   6358.44   0.0     39.64   1.0  28.06.2025  23:38:43
  6  10  16  12  $12    0.010     2.5309   5963.41   0.0     -0.10 391.7  28.06.2025  23:38:45
  7  11   5   9  $12    0.001     5.7966 109262.69   0.1    135.41   2.3  28.06.2025  23:38:50
  7  11   6  10  $12    0.001    10.3827  44479.55   0.3    130.68   2.5  28.06.2025  23:38:52
  7  11   8  12  $12    0.001     5.6279  24109.68   0.0    227.15   0.3  28.06.2025  23:38:54
  7  11   1   5  $12    0.001    -5.4997 129583.92   0.2    159.88   2.2  28.06.2025  23:38:56
  7  11   2   6  $12    0.001    -9.5727  84581.95   0.0    159.02   0.5  28.06.2025  23:38:58
  7  11   4   8  $12    0.001    -4.3453  57335.53   0.0    300.35   0.5  28.06.2025  23:39:00
  7  11   1  13  $12    0.010     2.0816   3269.78   0.4    -91.82  10.3  28.06.2025  23:39:04
  7  11   2  14  $12    0.010     2.1638   4866.58   0.2     10.24   6.2  28.06.2025  23:39:06
  7  11   3  15  $12    0.010     2.6757   6724.64   0.0      9.96   9.8  28.06.2025  23:39:08
  7  11   4  16  $12    0.010     3.0987   6969.27   0.0     -0.63  14.3  28.06.2025  23:39:10
  7  11  13   9  $12    0.100    13.8421   2609.18   0.1     89.05   1.5  28.06.2025  23:39:14
  7  11  14  10  $12    0.010     8.8248  11644.11   0.0      4.24  40.1  28.06.2025  23:39:19
  7  11  16  12  $12    0.010     9.8425   8696.54   0.0      6.60   3.5  28.06.2025  23:39:21
  8  12   5   9  $12    0.001     2.9672  39151.30   0.9    148.53   1.4  28.06.2025  23:39:26
  8  12   6  10  $12    0.001     5.1586  97236.66   0.3    155.68   1.0  28.06.2025  23:39:28
  8  12   7  11  $12    0.001     5.1039  21864.91   0.2    196.74   0.0  28.06.2025  23:39:30
  8  12   1   5  $12    0.001    -2.6952 122243.30   0.2    149.65   0.2  28.06.2025  23:39:32
  8  12   2   6  $12    0.001    -4.5677 107624.60   0.1    177.35   0.8  28.06.2025  23:39:34
  8  12   3   7  $12    0.001    -4.0676  35939.93   0.1    268.83   0.1  28.06.2025  23:39:36
  8  12   1  13  $12    0.100    17.7083   1306.00   0.0    -24.30   1.1  28.06.2025  23:39:41
  8  12   2  14  $12    0.100    19.8349   3115.66   0.0      3.66   4.7  28.06.2025  23:39:43
  8  12   3  15  $12    0.010     2.5020   5627.18   0.0      1.12  17.1  28.06.2025  23:39:48
  8  12  16   4  $12    0.010    -2.9703   7465.05   0.0      9.35   7.9  28.06.2025  23:39:50
  8  12   9  13  $12    0.100    -6.2892    269.43   0.0     86.79   2.1  28.06.2025  23:39:54
  8  12  10  14  $12    0.010    -3.4768   6553.58   0.0      7.77  22.8  28.06.2025  23:39:59
  8  12  11  15  $12    0.010   -10.1557  13400.18   0.0      3.17   5.1  28.06.2025  23:40:01
  9  13  10  14  $12    0.001     3.2422  13889.72   0.0      9.30  22.9  28.06.2025  23:40:06
  9  13  11  15  $12    0.010     7.3388  13833.27   0.0     16.73   2.2  28.06.2025  23:40:09
  9  13  12  16  $12    0.010     3.6763   4850.81   0.0     -5.39   1.4  28.06.2025  23:40:12
  9  13   6  10  $12    0.010    -4.6499   6135.40   0.1    667.38   0.4  28.06.2025  23:40:14
  9  13   7  11  $12    0.100   -14.3831   2711.16   0.0     40.69   0.1  28.06.2025  23:40:17
  9  13   8  12  $12    0.100    -6.0886    260.83   0.0     19.21   2.2  28.06.2025  23:40:19
  9  13   5   1  $12    0.010     5.7706  43509.21   0.0   -177.78   1.6  28.06.2025  23:40:24
  9  13   6   2  $12    0.010     5.8184  26390.24   0.8   -380.22   2.5  28.06.2025  23:40:26
  9  13   7   3  $12    0.010     2.2166   5222.76   0.0    -26.16   3.9  28.06.2025  23:40:28
  9  13   8   4  $12    0.010     2.0970   1852.86   0.0    -22.77   2.8  28.06.2025  23:40:30
  9  13   2  14  $12    0.010    13.0544   9627.72   0.0     48.47   0.1  28.06.2025  23:40:32
  9  13   3  15  $12    0.010     3.2170   5053.18   0.1     26.11   3.5  28.06.2025  23:40:34
  9  13   4  16  $12    0.100     8.9942   2022.89   0.0    -23.40   0.3  28.06.2025  23:40:38
 10  14   9  13  $12    0.001     2.6517  11360.02   0.1     17.32   6.8  28.06.2025  23:40:46
 10  14  11  15  $12    0.001     3.7865  16221.53   0.1    -15.40   9.8  28.06.2025  23:40:48
 10  14  12  16  $12    0.010     9.2800  17492.42   0.0      6.63   0.3  28.06.2025  23:40:52
 10  14   5   9  $12    0.010   -10.0176   8851.30   0.0    -56.15   1.1  28.06.2025  23:40:54
 10  14   7  11  $12    0.010    -8.6642  11432.20   0.0      7.19   8.8  28.06.2025  23:40:56
 10  14   8  12  $12    0.010    -3.4111   6429.68   0.0     11.15   7.3  28.06.2025  23:40:58
 10  14   5   1  $12    0.010     2.4926  28631.09   0.5    371.75   1.2  28.06.2025  23:41:00
 10  14   6   2  $12    0.100     6.8617   5173.62   0.4   2655.62   0.3  28.06.2025  23:41:08
 10  14   7   3  $12    0.010     2.5485  11559.17   0.0     17.97   2.0  28.06.2025  23:41:13
 10  14   8   4  $12    0.010     2.5909   6104.59   0.0      7.77   1.0  28.06.2025  23:41:15
 10  14   1  13  $12    0.010    16.8240  15082.78   0.0     46.88   1.4  28.06.2025  23:41:17
 10  14   3  15  $12    0.001     2.6346  19430.50   0.0    -15.65   5.8  28.06.2025  23:41:22
 10  14   4  16  $12    0.010     3.2853   5160.55   0.0      2.95   1.4  28.06.2025  23:41:26
 11  15   9  13  $12    0.010     7.5510  14233.23   0.1     26.76   3.1  28.06.2025  23:41:28
 11  15  10  14  $12    0.001     3.8038  16295.56   0.2     -5.60  27.6  28.06.2025  23:41:33
 11  15  12  16  $12    0.001     2.2213   9516.12   0.0     17.35   3.2  28.06.2025  23:41:35
 11  15   5   9  $12    0.100    -1.7220    405.73   0.7   1234.87   0.2  28.06.2025  23:41:41
 11  15   6  10  $12    0.010    -7.2047   6365.89   0.0     70.71   2.9  28.06.2025  23:41:46
 11  15   8  12  $12    0.010   -10.0928  13317.10   0.0      6.54   0.9  28.06.2025  23:41:48
 11  15   5   1  $12    0.010     3.6208  59719.59   0.1    -39.73   3.9  28.06.2025  23:41:50
 11  15   6   2  $12    0.010     3.9108  44920.90   0.3   -104.52   0.5  28.06.2025  23:41:52
 11  15   7   3  $12    0.010     2.7672  20864.46   0.0      6.41   9.3  28.06.2025  23:41:54
 11  15   8   4  $12    0.010     2.9641  13444.14   0.0      7.96  12.6  28.06.2025  23:41:56
 11  15   1  13  $12    0.010     3.8324  84278.71   0.4     33.08  12.1  28.06.2025  23:41:58
 11  15   2  14  $12    0.001     2.7557  24705.20   0.0    -16.28   6.8  28.06.2025  23:42:03
 11  15   4  16  $12    0.010     8.4469   6229.66   0.0     32.27   0.2  28.06.2025  23:42:07
 12  16   9  13  $12    0.010     3.6998   4881.71   0.1      7.32  43.3  28.06.2025  23:42:09
 12  16  10  14  $12    0.010     9.3725  17666.81   0.0      3.77  50.1  28.06.2025  23:42:11
 12  16  11  15  $12    0.010    21.8016   9339.77   0.0     15.12   1.3  28.06.2025  23:42:13
 12  16   5   9  $12    0.100     2.6610   1206.95   0.5     51.49  11.7  28.06.2025  23:42:17
 12  16   6  10  $12    0.010    -2.4169   5694.76   0.1      2.42 289.2  28.06.2025  23:42:21
 12  16   7  11  $12    0.010    -9.6985   8569.29   0.0      7.42   2.3  28.06.2025  23:42:24
 12  16   5   1  $12    0.010     2.9447  66781.09   0.1      9.56  14.6  28.06.2025  23:42:26
 12  16   6   2  $12    0.010     3.0155  49736.40   0.6    -19.39  53.3  28.06.2025  23:42:28
 12  16   7   3  $12    0.010     2.9311  33668.44   0.1      5.47  35.8  28.06.2025  23:42:30
 12  16   8   4  $12    0.010     3.3979  25619.72   0.0      7.08  11.9  28.06.2025  23:42:32
 12  16  13   1  $12    0.100   -10.3125   1008.60   0.1     23.09   8.5  28.06.2025  23:42:36
 12  16  14   2  $12    0.010    -3.8258  84133.53   0.0      8.05   8.2  28.06.2025  23:42:41
 12  16  15   3  $12    0.010    -9.1075   8164.86   0.0     37.00   0.2  28.06.2025  23:42:43
 13   1  14   2  $12    0.010    20.6904   7095.50   0.0     32.69   0.5  28.06.2025  23:42:45
 13   1  15   3  $12    0.010     6.5599   4974.51   0.0     17.40   1.6  28.06.2025  23:42:47
 13   1  16   4  $12    0.010     3.3446   4298.45   0.0     -5.10   3.2  28.06.2025  23:42:49
 13   1  10  14  $12    0.010   -14.9835  13432.73   0.0     18.97   0.5  28.06.2025  23:42:51
 13   1  11  15  $12    0.010    -3.2041  70461.97   0.0     61.85   1.6  28.06.2025  23:42:53
 13   1  12  16  $12    0.100    -9.1284    892.80   0.0     -0.31  18.0  28.06.2025  23:42:57
 13   1   9   5  $12    0.010     4.6731  11744.66   0.2   -235.05   1.2  28.06.2025  23:43:02
 13   1  10   6  $12    0.010     5.1770  11643.46   0.4   -501.62   2.7  28.06.2025  23:43:04
 13   1  11   7  $12    0.010     2.0322   3192.19   0.1    -90.03   2.2  28.06.2025  23:43:06
 13   1  12   8  $12    0.100    16.9344   1248.93   0.0    -23.10   2.3  28.06.2025  23:43:09
 13   1   6   2  $12    0.100     4.1876    308.84   0.4   5215.80   0.5  28.06.2025  23:43:11
 13   1   7   3  $12    0.100    12.5446   1970.50   0.0     25.69   0.7  28.06.2025  23:43:13
 13   1   8   4  $12    0.100     6.8865   1548.84   0.0     13.33   1.3  28.06.2025  23:43:15
 14   2  13   1  $12    0.010    17.8890   6134.79   0.2     28.28   1.6  28.06.2025  23:43:21
 14   2  15   3  $12    0.001     3.6052  12363.72   0.0     -6.80   4.2  28.06.2025  23:43:25
 14   2  16   4  $12    0.010     8.2081   6224.36   0.0      2.18   3.5  28.06.2025  23:43:29
 14   2   9  13  $12    0.010   -14.9193  11003.09   0.0     78.69   0.2  28.06.2025  23:43:31
 14   2  11  15  $12    0.001    -2.6620  23864.89   0.0     -3.94   8.2  28.06.2025  23:43:36
 14   2  12  16  $12    0.010    -3.8223  84057.25   0.0      9.15   1.2  28.06.2025  23:43:40
 14   2   9   5  $12    0.100    17.4757   3930.45   0.0     79.91   1.1  28.06.2025  23:43:44
 14   2  10   6  $12    0.100    16.6597   4187.05   0.2    169.14   0.9  28.06.2025  23:43:46
 14   2  11   7  $12    0.100    21.5910   4856.01   0.0      3.54   4.3  28.06.2025  23:43:48
 14   2  12   8  $12    0.100    19.6335   3084.02   0.0      1.17   6.9  28.06.2025  23:43:50
 14   2   5   1  $12    0.010     3.8355   3438.56   0.0    -29.71   8.7  28.06.2025  23:43:55
 14   2   7   3  $12    0.010     6.5467   4828.24   0.0     16.00   0.4  28.06.2025  23:43:57
 14   2   8   4  $12    0.010     2.3951   3762.15   0.1      2.56  24.8  28.06.2025  23:43:59
 15   3  13   1  $12    0.010     6.8824   5219.00   0.2     20.47   8.4  28.06.2025  23:44:01
 15   3  14   2  $12    0.001     3.6096  12378.64   0.0     -3.59  15.1  28.06.2025  23:44:06
 15   3  16   4  $12    0.010    17.3585   5952.88   0.0     21.97   0.1  28.06.2025  23:44:09
 15   3   9  13  $12    0.010    -3.8487   6045.57   0.2     50.99   6.6  28.06.2025  23:44:12
 15   3  10  14  $12    0.001    -2.6590  19610.18   0.1     -3.37  18.5  28.06.2025  23:44:16
 15   3  12  16  $12    0.010    -8.7782   7869.65   0.0     35.09   0.1  28.06.2025  23:44:20
 15   3   9   5  $12    0.100    20.6760   3247.77   0.0    -59.98   0.6  28.06.2025  23:44:24
 15   3  10   6  $12    0.010     2.5506   5736.56   0.4    -78.79  10.3  28.06.2025  23:44:29
 15   3  11   7  $12    0.010     2.6524   6666.26   0.1     -3.58  36.0  28.06.2025  23:44:31
 15   3  12   8  $12    0.010     2.4549   5521.29   0.0      2.52  45.0  28.06.2025  23:44:33
 15   3   5   1  $12    0.100     9.8037  21559.37   0.1    144.45   1.0  28.06.2025  23:44:37
 15   3   6   2  $12    0.010     6.3181   5664.15   0.0     63.35   6.0  28.06.2025  23:44:42
 15   3   8   4  $12    0.010     6.1063   4503.43   0.0     12.80   2.1  28.06.2025  23:44:44
 16   4  13   1  $12    0.010     3.4325   4411.49   0.2    -18.36  18.8  28.06.2025  23:44:46
 16   4  14   2  $12    0.010     8.2116   6226.97   0.1     -0.02 593.4  28.06.2025  23:44:48
 16   4  15   3  $12    0.010    17.5773   6027.91   0.0     19.36   0.4  28.06.2025  23:44:50
 16   4   9  13  $12    0.100    -9.7274   2187.79   0.0    -11.37  26.5  28.06.2025  23:44:54
 16   4  10  14  $12    0.010    -3.2275   5069.69   0.1     14.07  20.4  28.06.2025  23:44:58
 16   4  11  15  $12    0.010    -8.5684   6319.26   0.0     38.85   1.6  28.06.2025  23:45:00
 16   4   9   5  $12    0.100    17.6549   1302.06   0.0     40.70   2.9  28.06.2025  23:45:04
 16   4  10   6  $12    0.010     2.3782   3735.64   0.4     41.57  25.0  28.06.2025  23:45:09
 16   4  11   7  $12    0.010     3.0807   6928.69   0.0      0.37  98.1  28.06.2025  23:45:11
 16   4  12   8  $12    0.010     2.9908   7516.65   0.0      1.37  76.8  28.06.2025  23:45:13
 16   4   5   1  $12    0.100     6.5570    641.30   0.1   -125.40   6.1  28.06.2025  23:45:17
 16   4   6   2  $12    0.010     2.6299  57835.22   0.2    -77.73   6.1  28.06.2025  23:45:22
 16   4   7   3  $12    0.010     5.9344   5320.18   0.0      7.06   4.1  28.06.2025  23:45:24
  1   4   2   3  $12    0.010     6.6836   4199.44   0.0      8.28   2.6  28.06.2025  23:45:26
  2   3   1   4  $12    0.010     6.6717   4191.96   0.0      9.63   4.0  28.06.2025  23:45:28
  1   2   3   4  $12    0.010    -3.3288   6274.65   0.0     38.14   1.2  28.06.2025  23:45:30
  3   4   1   2  $12    0.010    -3.3376   6291.20   0.0     32.08   1.7  28.06.2025  23:45:32
  5   8   6   7  $12    0.001   130.0357 817038.53   0.0      8.36   1.7  28.06.2025  23:45:38
  6   7   5   8  $12    0.001   129.2106 811854.29   0.0      6.05   2.5  28.06.2025  23:45:40
  5   6   7   8  $12    0.001    -3.5954  67771.38   0.1    165.77   0.3  28.06.2025  23:45:42
  7   8   5   6  $12    0.001    -3.7513  70710.09   0.2    108.76   2.5  28.06.2025  23:45:44
  9  12  10  11  $12    0.010    16.3429  10268.53   0.0     27.39   1.8  28.06.2025  23:45:48
 10  11   9  12  $12    0.010    15.9908  10047.33   0.0     24.83   0.7  28.06.2025  23:45:50
  9  10  11  12  $12    0.010    -4.1426   7808.67   0.0     20.94   1.0  28.06.2025  23:45:52
 11  12   9  10  $12    0.010    -4.2292   7971.92   0.0     14.71  10.1  28.06.2025  23:45:54
 13  16  14  15  $12    0.010    16.9881  10673.94   0.0     59.82   0.2  28.06.2025  23:45:56
 14  15  13  16  $12    0.010    17.9160  11256.92   0.3     51.90   2.2  28.06.2025  23:45:58
 13  14  15  16  $12    0.010   -20.6317  38889.77   0.0    -22.41   0.4  28.06.2025  23:46:00
  1   9  10   2  $12    0.010   -18.3574   6605.99   0.0     25.17   0.7  28.06.2025  23:46:02
  1   9  11   3  $12    0.010    -6.9354   5942.24   0.0      8.58   2.0  28.06.2025  23:46:04
  1   9  12   4  $12    0.010    -5.0219   8397.31   0.0      8.29   1.7  28.06.2025  23:46:06
  2  10   9   1  $12    0.010   -18.0768   6505.04   0.0     22.51   0.1  28.06.2025  23:46:08
  2  10  11   3  $12    0.010   -19.8841   7155.39   0.0     13.22   0.7  28.06.2025  23:46:10
  2  10  12   4  $12    0.010   -10.2938   8819.68   0.0      9.91   0.4  28.06.2025  23:46:12
  3  11   9   1  $12    0.010    -6.9657   5968.17   0.0      5.63   4.8  28.06.2025  23:46:14
  3  11  10   2  $12    0.010   -20.0079   7199.96   0.0     10.86   0.6  28.06.2025  23:46:16
  3  11  12   4  $12    0.010   -21.6338   7785.02   0.0      7.27   1.6  28.06.2025  23:46:19
 12   4   9   1  $12    0.010     5.0859   8504.25   0.0      0.65  22.3  28.06.2025  23:46:21
 12   4  10   2  $12    0.010    10.4033   8913.50   0.0      3.83  27.6  28.06.2025  23:46:23
 12   4  11   3  $12    0.010    21.6457   7789.31   0.0      5.05   2.2  28.06.2025  23:46:25
 13   5  14   6  $12    0.001   139.1119 500601.17   0.0     11.23   1.3  28.06.2025  23:46:30
 13   5  15   7  $12    0.001     7.5617  64788.36   0.0    155.60   0.3  28.06.2025  23:46:32
 13   5  16   8  $12    0.001     3.5840  59930.18   0.0    198.22   0.3  28.06.2025  23:46:34
 14   6  13   5  $12    0.001   139.7031 502728.94   0.0     11.43   0.9  28.06.2025  23:46:37
 14   6  15   7  $12    0.001    15.9247  57305.71   0.0    143.43   0.0  28.06.2025  23:46:39
 14   6  16   8  $12    0.001     6.2379  53446.29   0.0    213.07   0.3  28.06.2025  23:46:41
 15   7  13   5  $12    0.001     7.8888  67591.44   0.0    114.87   0.9  28.06.2025  23:46:43
 15   7  14   6  $12    0.001    16.0141  57627.59   0.0    108.76   1.0  28.06.2025  23:46:45
 15   7  16   8  $12    0.001     6.5627  23616.18   0.0    231.99   0.2  28.06.2025  23:46:47
 16   8  13   5  $12    0.001     3.8280  64009.65   0.2    132.68   2.2  28.06.2025  23:46:49
 16   8  14   6  $12    0.001     6.4886  55593.79   0.4    141.67   0.2  28.06.2025  23:46:51
 16   8  15   7  $12    0.001     6.6248  23839.56   0.1    213.34   0.0  28.06.2025  23:46:53
  1   2   5   6  $12    0.100     4.4688   8423.45   0.4    155.11   1.4  28.06.2025  23:46:58
  2   3   6   7  $12    0.100    -1.8310   3451.37   0.6  -1176.33   0.9  28.06.2025  23:47:03
  3   4   7   8  $12    1.000     5.9026   1112.62   0.0     50.94   0.7  28.06.2025  23:47:07
  1   2   9  10  $12    1.000     7.3875  11697.15   0.0    162.12   1.5  28.06.2025  23:47:09
  2   3  10  11  $12    1.000    -1.0104   1599.79   0.8  -4054.64   0.7  28.06.2025  23:47:11
  3   4  11  12  $12    1.000     2.1994   3482.50   0.2      1.73  36.3  28.06.2025  23:47:13
  1   2  13  14  $12    0.100     4.4676 240849.08   0.2    -64.70   2.5  28.06.2025  23:47:18
  2   3  14  15  $12    1.000    14.8479  80044.52   0.0    -28.35   0.5  28.06.2025  23:47:22
  3   4  15  16  $12    1.000    10.2379  55192.30   0.0     -3.38   8.3  28.06.2025  23:47:24
  5   6   9  10  $12    0.100     1.6755   3158.19   0.4   1747.76   0.7  28.06.2025  23:47:29
  6   7  10  11  $12    0.100    -3.3535   6321.18   0.2  -1793.03   0.2  28.06.2025  23:47:31
  7   8  11  12  $12    1.000    15.6094   2942.31   0.0     -1.48  42.1  28.06.2025  23:47:35
  5   6  13  14  $12    0.100    12.5963 199445.21   0.1   -504.44   0.1  28.06.2025  23:47:40
  6   7  14  15  $12    0.100    -3.7323  59095.83   0.2   -488.57   0.2  28.06.2025  23:47:42
  7   8  15  16  $12    1.000     2.0267   3208.93   0.3    152.18   1.8  28.06.2025  23:47:46
  9  10  13  14  $12    0.100     8.5500  16116.43   0.2   -250.69   1.1  28.06.2025  23:47:51
 10  11  14  15  $12    0.100     3.6868   6949.49   0.2    -67.82   0.5  28.06.2025  23:47:53
 11  12  15  16  $12    1.000     4.6298    872.69   0.0     39.74   0.4  28.06.2025  23:47:57
  1   2   6   7  $12    0.100     4.8836  18410.75   0.5   -170.33   0.6  28.06.2025  23:48:01
  2   3   7   8  $12    1.000     4.8157   1815.48   1.5    146.53  12.3  28.06.2025  23:48:10
  1   2   7   8  $12    1.000     7.5355   4971.44   0.0    -14.03   0.3  28.06.2025  23:48:12
  2   3   7   8  $12    1.000     5.2057   1962.51   0.1     50.48   1.8  28.06.2025  23:48:14
  1   2  10  11  $12    1.000    11.9013  26920.09   0.0   -128.04   0.5  28.06.2025  23:48:16
  2   3  11  12  $12    1.000     2.1981   4972.01   0.3    -25.31  26.8  28.06.2025  23:48:18
  1   2  11  12  $12    1.000     3.5257  10965.58   0.0     -6.43  11.0  28.06.2025  23:48:20
  2   3  11  12  $12    1.000     2.2340   5053.24   0.0      2.75  23.7  28.06.2025  23:48:22
  1   2  14  15  $12    1.000    18.3388 125826.67   0.0     28.89   0.6  28.06.2025  23:48:24
  2   3  15  16  $12    1.000     9.9372  68181.72   0.0     51.71   0.8  28.06.2025  23:48:26
  1   2  15  16  $12    1.000    15.8790 136186.76   0.0    -50.75   0.4  28.06.2025  23:48:28
  2   3  15  16  $12    1.000     9.9168  68041.74   0.0     53.08   0.3  28.06.2025  23:48:30
  5   6  10  11  $12    0.100     6.1591  23219.34   0.3   -534.93   0.4  28.06.2025  23:48:36
  6   7  11  12  $12    0.100     1.4164   5339.76   0.4     66.79   8.9  28.06.2025  23:48:41
  5   6  11  12  $12    0.100     1.5453  10194.84   0.0    -30.75   1.0  28.06.2025  23:48:46
  6   7  11  12  $12    0.100     1.4662   5527.37   0.0     30.10   1.7  28.06.2025  23:48:52
  5   6  14  15  $12    0.100    -0.4593  10389.01   0.9   -300.50   2.1  28.06.2025  23:48:57
  6   7  15  16  $12    0.100     2.0690  46800.22   0.0     10.85  12.8  28.06.2025  23:48:59
  5   6  15  16  $12    0.100     1.1045  34353.36   0.7   -440.65   1.2  28.06.2025  23:49:05
  6   7  15  16  $12    0.100     2.1944  49635.26   0.0    -14.12  12.1  28.06.2025  23:49:07
  9  10  14  15  $12    1.000     1.3391    504.84   0.9   2570.79   2.4  28.06.2025  23:49:13
 10  11  15  16  $12    0.100     1.1185   4216.78   0.1    348.11   0.2  28.06.2025  23:49:18
  9  10  15  16  $12    0.100     2.4861  16401.94   0.2   -124.01   0.9  28.06.2025  23:49:20
 10  11  15  16  $12    0.100     1.1082   4177.79   0.2    385.54   0.5  28.06.2025  23:49:24
