//C:\Users\user\Desktop\GeoTom\GeoTomE724.ini
//- Cable direction:
//  cable I: normal
//  cable II: normal
//  cable III: normal
//  cable IV: normal
//- Cable arrangement: sequential
//- Optimization: Last measurement
//- Sorting: Multi-level
//- Current levels: 0.001 mA .. 50.0 mA
Type:         Flow
Name:         Hyprop
Comment:      Example of a measurements sequence
Comment:      
Comment:      
Spacing:      1.00000
First El:     0.00000
Nr of points: 289
IP present:   1

  1   5   2   6  $12    0.001     2.4553  10518.27   0.0     47.16   2.3  27.06.2025  09:35:08
  1   5   3   7  $12    0.010     5.9318  11181.13   0.0      5.45   2.1  27.06.2025  09:35:12
  1   5   4   8  $12    0.010     3.8524   5083.16   0.0      0.89  10.0  27.06.2025  09:35:14
  1   5  14   2  $12    0.010    -3.4466   3089.91   0.0      7.00   1.0  27.06.2025  09:35:16
  1   5  15   3  $12    0.100   -14.2376  31310.04   0.0      3.68  12.3  27.06.2025  09:35:19
  1   5  16   4  $12    0.100    -7.0911    693.54   0.0      9.96   3.0  27.06.2025  09:35:21
  1   5  13   9  $12    0.010     2.7495  20730.46   0.0     -8.76  13.6  27.06.2025  09:35:26
  1   5  14  10  $12    0.010     2.4837  28528.90   0.0      0.62 121.0  27.06.2025  09:35:28
  1   5  15  11  $12    0.010     2.0237  33378.01   0.0     -9.35  11.7  27.06.2025  09:35:30
  1   5  16  12  $12    0.100    17.6017  39917.77   0.0      2.58   0.1  27.06.2025  09:35:34
  1   5  10   6  $12    0.010    17.7022  15641.22   0.1     54.90   1.6  27.06.2025  09:35:39
  1   5  11   7  $12    0.010     2.5063   5905.41   0.1     -0.31 107.6  27.06.2025  09:35:41
  1   5  12   8  $12    0.100    13.6509   6191.61   0.0      0.36  23.0  27.06.2025  09:35:45
  2   6   1   5  $12    0.010    21.4225   9177.38   0.1     38.65   1.2  27.06.2025  09:35:50
  2   6   3   7  $12    0.010    19.7624   8466.18   0.0     79.85   0.1  27.06.2025  09:35:52
  2   6   4   8  $12    0.010     7.4989  14135.14   0.0     12.40   0.1  27.06.2025  09:35:54
  2   6  13   1  $12    0.010    -3.6348   2680.71   0.0     29.16   2.7  27.06.2025  09:35:56
  2   6  15   3  $12    0.010    -5.7593   5163.23   0.0     15.98   1.6  27.06.2025  09:35:58
  2   6  16   4  $12    0.010    -2.3197  51012.11   0.0     16.68   3.5  27.06.2025  09:36:00
  2   6  13   9  $12    0.010     2.2226  10080.99   0.0    -29.56   0.8  27.06.2025  09:36:02
  2   6  14  10  $12    0.010     2.5886  19517.53   0.0     22.70   0.9  27.06.2025  09:36:04
  2   6  15  11  $12    0.010     2.3610  27119.19   0.1    -22.48  11.2  27.06.2025  09:36:06
  2   6  16  12  $12    0.010     2.1388  35276.73   0.0     -3.72   3.8  27.06.2025  09:36:08
  2   6   9   5  $12    0.010    16.2529  21445.14   0.0     57.44   0.0  27.06.2025  09:36:10
  2   6  11   7  $12    0.010    11.7614  10392.06   0.0    131.93   0.0  27.06.2025  09:36:12
  2   6  12   8  $12    0.010     3.0526   7192.50   0.0     23.33   1.4  27.06.2025  09:36:14
  3   7   1   5  $12    0.010     5.9270  11172.06   0.0      3.55   2.5  27.06.2025  09:36:16
  3   7   2   6  $12    0.010    19.3735   8299.59   0.1     50.40   0.8  27.06.2025  09:36:18
  3   7   4   8  $12    0.010    14.8119   6345.41   0.0      8.71   2.5  27.06.2025  09:36:20
  3   7  13   1  $12    0.100   -13.5782   2132.86   0.0      3.97   1.2  27.06.2025  09:36:24
  3   7  14   2  $12    0.010    -5.7720   4256.90   0.0      8.08   0.4  27.06.2025  09:36:29
  3   7  16   4  $12    0.010    -5.2221   4681.60   0.0     13.64   1.4  27.06.2025  09:36:31
  3   7  13   9  $12    0.010     2.0460   4820.85   0.0     -5.20   6.4  27.06.2025  09:36:33
  3   7  14  10  $12    0.010     2.3490  10654.47   0.0     -6.34   4.4  27.06.2025  09:36:35
  3   7  15  11  $12    0.010     2.3873  18000.18   0.1     -7.98   8.7  27.06.2025  09:36:37
  3   7  16  12  $12    0.010     2.4219  27818.99   0.0     -2.91   6.0  27.06.2025  09:36:39
  3   7   9   5  $12    0.010     2.5374   4782.85   0.0      2.79  11.5  27.06.2025  09:36:41
  3   7  10   6  $12    0.010    11.3160  14931.07   0.0     80.92   0.9  27.06.2025  09:36:43
  3   7  12   8  $12    0.010     7.1057   6278.39   0.0      9.14   2.2  27.06.2025  09:36:45
  4   8   1   5  $12    0.010     3.8640   5098.40   0.0     -1.70  22.1  27.06.2025  09:36:47
  4   8   2   6  $12    0.010     7.6443  14409.14   0.0     14.70  16.3  27.06.2025  09:36:49
  4   8   3   7  $12    0.010    14.8022   6341.24   0.0      9.85   0.4  27.06.2025  09:36:51
  4   8  13   1  $12    0.100    -6.2861   1413.80   0.0      8.15   5.0  27.06.2025  09:36:55
  4   8  14   2  $12    0.100   -21.6383   3398.94   0.0      8.79   0.2  27.06.2025  09:36:57
  4   8  15   3  $12    0.010    -5.1617   3806.82   0.0     18.00   1.2  27.06.2025  09:37:02
  4   8  13   9  $12    0.100    18.3927   1625.13   0.0      2.13   4.5  27.06.2025  09:37:06
  4   8  14  10  $12    0.100    22.9005   5395.81   0.0      2.04   1.7  27.06.2025  09:37:08
  4   8  15  11  $12    0.010     2.5771  11688.73   0.0     -8.17  15.1  27.06.2025  09:37:13
  4   8  16  12  $12    0.010     2.8077  21169.35   0.0     -2.75   6.2  27.06.2025  09:37:15
  4   8   9   5  $12    0.100    13.6851    586.27   0.0      2.27   0.7  27.06.2025  09:37:19
  4   8  10   6  $12    0.010     3.1599   5956.32   0.1     23.52   8.4  27.06.2025  09:37:23
  4   8  11   7  $12    0.010     7.0094   9248.69   0.0     14.58   4.2  27.06.2025  09:37:25
  5   9   6  10  $12    0.001     2.6904  11525.76   0.0     36.29   0.6  27.06.2025  09:37:30
  5   9   7  11  $12    0.010     5.7145  10771.53   0.0      3.80   5.1  27.06.2025  09:37:34
  5   9   8  12  $12    0.010     3.6162   4771.47   0.0     -0.65  28.0  27.06.2025  09:37:36
  5   9   2   6  $12    0.010   -17.9390  23669.89   0.0     47.83   0.5  27.06.2025  09:37:38
  5   9   3   7  $12    0.010    -2.4913   4696.02   0.0     20.02   1.4  27.06.2025  09:37:40
  5   9   4   8  $12    0.100   -13.5289    579.58   0.0      4.29   2.4  27.06.2025  09:37:44
  5   9   1  13  $12    0.010     2.5815   6487.91   0.0     38.27   1.1  27.06.2025  09:37:49
  5   9   2  14  $12    0.100    18.1077   4072.60   0.0      3.24   0.1  27.06.2025  09:37:53
  5   9   3  15  $12    0.100    16.4575   2585.14   0.0      6.26   6.0  27.06.2025  09:37:55
  5   9   4  16  $12    0.100    15.1903   1120.30   0.0      2.92   2.3  27.06.2025  09:37:57
  5   9  14  10  $12    0.010     6.6425   5869.16   0.0     -2.41   2.5  27.06.2025  09:38:02
  5   9  15  11  $12    0.100    15.4703   3645.10   0.0     -6.39   0.2  27.06.2025  09:38:05
  5   9  16  12  $12    0.100     7.2069   3268.80   0.0     -4.46   1.2  27.06.2025  09:38:08
  6  10   5   9  $12    0.001     2.5145  10772.26   0.1     41.43   1.1  27.06.2025  09:38:15
  6  10   7  11  $12    0.010    18.3496   7860.94   0.0     78.28   0.0  27.06.2025  09:38:19
  6  10   8  12  $12    0.010     7.1340  13447.32   0.0     15.34   1.0  27.06.2025  09:38:21
  6  10   1   5  $12    0.010   -15.9053  14053.45   0.0     59.30   0.0  27.06.2025  09:38:23
  6  10   3   7  $12    0.010   -11.1231  14676.55   0.0    124.42   0.0  27.06.2025  09:38:25
  6  10   4   8  $12    0.010    -3.0000   5654.91   0.0     33.48   0.5  27.06.2025  09:38:27
  6  10   1  13  $12    0.100    19.0949   4294.63   0.0    -18.52   0.5  27.06.2025  09:38:31
  6  10   2  14  $12    0.100    20.9478   5264.75   0.0     29.54   0.4  27.06.2025  09:38:33
  6  10   3  15  $12    0.100    20.3773   4583.05   0.0    -16.70   0.3  27.06.2025  09:38:35
  6  10   4  16  $12    0.100    18.9746   2980.52   0.0      3.88   1.1  27.06.2025  09:38:37
  6  10  13   9  $12    0.010     6.6126   8725.12   0.0      3.66   3.9  27.06.2025  09:38:42
  6  10  15  11  $12    0.010     5.1889   4584.80   0.0     15.04   0.9  27.06.2025  09:38:44
  6  10  16  12  $12    0.010     2.2082   5203.05   0.0      5.00   1.0  27.06.2025  09:38:46
  7  11   5   9  $12    0.010     5.7140  10770.58   0.0      2.75  10.1  27.06.2025  09:38:48
  7  11   6  10  $12    0.010    18.4091   7886.43   0.0     49.44   1.4  27.06.2025  09:38:50
  7  11   8  12  $12    0.010    16.7896   7192.63   0.0      7.15   1.0  27.06.2025  09:38:52
  7  11   1   5  $12    0.010    -2.4235   5710.34   0.0     19.04   2.1  27.06.2025  09:38:54
  7  11   2   6  $12    0.010   -10.8772   9610.83   0.0     87.28   1.1  27.06.2025  09:38:56
  7  11   4   8  $12    0.010    -6.9417   9159.35   0.0     12.97   0.7  27.06.2025  09:38:58
  7  11   1  13  $12    0.100    16.8134   2641.05   0.0      3.15   2.0  27.06.2025  09:39:02
  7  11   2  14  $12    0.100    19.9934   4496.71   0.0      3.43   0.7  27.06.2025  09:39:04
  7  11   3  15  $12    0.010     2.3796   5980.70   0.1      2.36 103.9  27.06.2025  09:39:09
  7  11   4  16  $12    0.010     2.5384   5709.01   0.0      3.28  17.2  27.06.2025  09:39:11
  7  11  13   9  $12    0.100    15.4398   2910.33   0.0      1.62   3.5  27.06.2025  09:39:15
  7  11  14  10  $12    0.010     5.3162   7014.54   0.0      7.14   1.5  27.06.2025  09:39:20
  7  11  16  12  $12    0.010     7.3229   6470.29   0.0      6.83   6.4  27.06.2025  09:39:22
  8  12   5   9  $12    0.010     3.6083   4761.03   0.0     -2.09  31.7  27.06.2025  09:39:24
  8  12   6  10  $12    0.010     7.2811  13724.46   0.1     15.59   7.9  27.06.2025  09:39:26
  8  12   7  11  $12    0.010    16.7860   7191.13   0.0      9.82   1.6  27.06.2025  09:39:28
  8  12   1   5  $12    0.100   -13.5697   6154.76   0.0      3.90   2.7  27.06.2025  09:39:32
  8  12   2   6  $12    0.010    -3.1055   7317.11   0.0     31.69  13.8  27.06.2025  09:39:37
  8  12   3   7  $12    0.010    -7.0780   6253.90   0.0     18.56   0.6  27.06.2025  09:39:39
  8  12   1  13  $12    0.100    15.1440   1116.88   0.0      3.25   3.9  27.06.2025  09:39:42
  8  12   2  14  $12    0.100    19.4062   3048.32   0.0      3.82   0.8  27.06.2025  09:39:44
  8  12   3  15  $12    0.010     2.3686   5327.30   0.0     -5.23   4.7  27.06.2025  09:39:49
  8  12  16   4  $12    0.010    -2.6515   6663.89   0.1      7.71   3.9  27.06.2025  09:39:51
  8  12   9  13  $12    0.100    -7.1345    305.64   0.0      3.66   6.3  27.06.2025  09:39:55
  8  12  10  14  $12    0.100   -21.8281   4114.51   0.0     10.15   1.6  27.06.2025  09:39:57
  8  12  11  15  $12    0.010    -7.2898   9618.69   0.0      9.31   3.6  27.06.2025  09:40:02
  9  13  10  14  $12    0.010    13.9502   5976.24   0.0     10.60   1.7  27.06.2025  09:40:04
  9  13  11  15  $12    0.010     5.3559  10095.64   0.1     -3.71  16.5  27.06.2025  09:40:06
  9  13  12  16  $12    0.010     3.2008   4223.35   0.0     -1.06  11.6  27.06.2025  09:40:08
  9  13   6  10  $12    0.010    -6.5016   8578.60   0.1     10.82  26.3  27.06.2025  09:40:10
  9  13   7  11  $12    0.100   -15.3462   2892.69   0.0      4.71   1.6  27.06.2025  09:40:14
  9  13   8  12  $12    0.100    -7.0493    301.99   0.0      7.29   0.2  27.06.2025  09:40:16
  9  13   5   1  $12    0.010     2.7700  20885.16   0.0     -7.18   5.9  27.06.2025  09:40:21
  9  13   6   2  $12    0.010     2.3006  10434.75   0.1    -26.44   0.9  27.06.2025  09:40:23
  9  13   7   3  $12    0.010     2.0492   4828.36   0.0     -3.26   5.2  27.06.2025  09:40:25
  9  13   8   4  $12    0.100    18.4422   1629.51   0.0      0.49   9.7  27.06.2025  09:40:28
  9  13   2  14  $12    0.010     5.0142   3698.01   0.0     20.76   0.5  27.06.2025  09:40:33
  9  13   3  15  $12    0.100    17.2224   2705.28   0.0    -11.89   0.7  27.06.2025  09:40:37
  9  13   4  16  $12    0.100     6.2650   1409.05   0.0     -3.16   7.3  27.06.2025  09:40:39
 10  14   9  13  $12    0.010    13.9228   5964.51   0.0     12.21   1.8  27.06.2025  09:40:44
 10  14  11  15  $12    0.010    19.2183   8233.11   0.0     -6.27   5.4  27.06.2025  09:40:46
 10  14  12  16  $12    0.010     6.9138  13032.17   0.0      3.62   1.3  27.06.2025  09:40:48
 10  14   5   9  $12    0.010    -6.6222   5851.20   0.0      3.24   5.7  27.06.2025  09:40:50
 10  14   7  11  $12    0.010    -5.2785   6964.87   0.0     13.26   1.5  27.06.2025  09:40:52
 10  14   8  12  $12    0.010    -2.1473   4047.61   0.0     16.77   2.0  27.06.2025  09:40:54
 10  14   5   1  $12    0.010     2.4738  28415.27   0.0     -0.99  40.0  27.06.2025  09:40:56
 10  14   6   2  $12    0.010     2.6295  19825.74   0.7     20.83  13.0  27.06.2025  09:40:58
 10  14   7   3  $12    0.010     2.3389  10608.27   0.0     -0.73  56.1  27.06.2025  09:41:00
 10  14   8   4  $12    0.010     2.3167   5458.70   0.0     -3.81  18.2  27.06.2025  09:41:02
 10  14   1  13  $12    0.010     4.9324   4421.91   0.0     33.32   0.6  27.06.2025  09:41:05
 10  14   3  15  $12    0.010    11.6331   8579.54   0.0    -15.36   1.6  27.06.2025  09:41:07
 10  14   4  16  $12    0.010     2.4582   3861.41   0.0     -1.08  49.3  27.06.2025  09:41:09
 11  15   9  13  $12    0.010     5.3567  10097.10   0.0     -0.50  20.1  27.06.2025  09:41:11
 11  15  10  14  $12    0.010    19.2410   8242.81   0.0     -2.91   1.1  27.06.2025  09:41:13
 11  15  12  16  $12    0.010    18.3808   7874.33   0.0     12.65   0.2  27.06.2025  09:41:15
 11  15   5   9  $12    0.100   -15.1912   3579.34   0.0      1.09   3.0  27.06.2025  09:41:18
 11  15   6  10  $12    0.010    -5.1781   4575.25   0.0     19.76   1.3  27.06.2025  09:41:23
 11  15   8  12  $12    0.010    -7.2615   9581.31   0.0      8.48   2.5  27.06.2025  09:41:25
 11  15   5   1  $12    0.010     2.0290  33465.64   0.0     -5.84  23.5  27.06.2025  09:41:27
 11  15   6   2  $12    0.010     2.3228  26680.95   0.4    -16.26   6.8  27.06.2025  09:41:29
 11  15   7   3  $12    0.010     2.3944  18053.12   0.0     -3.48   0.1  27.06.2025  09:41:31
 11  15   8   4  $12    0.010     2.5718  11664.97   0.1     -5.84  10.8  27.06.2025  09:41:33
 11  15   1  13  $12    0.100    18.3546  40363.86   0.0     11.74   0.3  27.06.2025  09:41:37
 11  15   2  14  $12    0.010    11.8072  10585.21   0.0    -12.04   0.3  27.06.2025  09:41:42
 11  15   4  16  $12    0.010     8.4684   6245.51   0.0     23.02   0.1  27.06.2025  09:41:44
 12  16   9  13  $12    0.010     3.2086   4233.69   0.0      0.10 170.8  27.06.2025  09:41:46
 12  16  10  14  $12    0.010     6.9425  13086.39   0.0      4.34   9.6  27.06.2025  09:41:48
 12  16  11  15  $12    0.010    18.3623   7866.41   0.0     11.17   0.6  27.06.2025  09:41:50
 12  16   5   9  $12    0.100    -7.0428   3194.36   0.0      3.62   2.3  27.06.2025  09:41:54
 12  16   6  10  $12    0.100   -22.1316   5214.65   0.0      6.38   1.7  27.06.2025  09:41:56
 12  16   7  11  $12    0.010    -7.2536   6409.12   0.0      7.01   0.8  27.06.2025  09:42:01
 12  16   5   1  $12    0.100    17.7150  40174.78   0.0      2.35   0.8  27.06.2025  09:42:05
 12  16   6   2  $12    0.100    21.2827  35102.31   0.0      3.55  14.3  27.06.2025  09:42:07
 12  16   7   3  $12    0.010     2.4327  27943.45   0.0     -2.71  10.4  27.06.2025  09:42:12
 12  16   8   4  $12    0.010     2.8108  21192.82   0.0     -1.59  19.0  27.06.2025  09:42:14
 12  16  13   1  $12    0.100    -7.1064    695.03   0.0      9.20   1.3  27.06.2025  09:42:18
 12  16  14   2  $12    0.010    -2.5511  56100.93   0.0      8.89   6.5  27.06.2025  09:42:22
 12  16  15   3  $12    0.010    -8.6467   7751.77   0.0     24.49   1.7  27.06.2025  09:42:24
 13   1  14   2  $12    0.010    10.3632   3553.93   0.0     12.19   0.4  27.06.2025  09:42:26
 13   1  15   3  $12    0.010     4.8533   3680.36   0.0     -2.54  17.4  27.06.2025  09:42:29
 13   1  16   4  $12    0.010     2.8693   3687.63   0.0     -3.34  23.5  27.06.2025  09:42:31
 13   1  10  14  $12    0.010    -4.7790   4284.34   0.0     23.83   1.3  27.06.2025  09:42:33
 13   1  11  15  $12    0.100   -17.5020  38488.88   0.0     -4.26   0.9  27.06.2025  09:42:36
 13   1  12  16  $12    0.100    -6.9831    682.98   0.0      5.62   0.8  27.06.2025  09:42:38
 13   1   9   5  $12    0.010     2.4946   6269.69   0.0     17.47   0.4  27.06.2025  09:42:43
 13   1  10   6  $12    0.100    20.2386   4551.86   0.0    -11.07   1.2  27.06.2025  09:42:47
 13   1  11   7  $12    0.100    16.8597   2648.32   0.0      1.44  11.4  27.06.2025  09:42:49
 13   1  12   8  $12    0.100    15.1599   1118.06   0.0      0.03 335.0  27.06.2025  09:42:51
 13   1   6   2  $12    0.010     3.6019   2656.44   0.1      7.42  29.7  27.06.2025  09:42:56
 13   1   7   3  $12    0.100    13.5502   2128.46   0.0      0.46  12.9  27.06.2025  09:43:00
 13   1   8   4  $12    0.100     6.3556   1429.43   0.0      7.48   5.9  27.06.2025  09:43:02
 14   2  13   1  $12    0.010    10.3540   3550.76   0.0     16.90   0.6  27.06.2025  09:43:07
 14   2  15   3  $12    0.010    19.5459   6703.01   0.0     -5.36   2.8  27.06.2025  09:43:09
 14   2  16   4  $12    0.010     6.7210   5096.66   0.0      3.44   3.6  27.06.2025  09:43:11
 14   2   9  13  $12    0.010    -5.0626   3733.71   0.0     38.62   0.2  27.06.2025  09:43:13
 14   2  11  15  $12    0.010   -11.7063  10494.78   0.0    -10.07   2.4  27.06.2025  09:43:15
 14   2  12  16  $12    0.010    -2.5451  55969.58   0.0     11.05   1.6  27.06.2025  09:43:17
 14   2   9   5  $12    0.100    18.1378   4079.35   0.0      3.34   2.0  27.06.2025  09:43:21
 14   2  10   6  $12    0.100    21.4217   5383.87   0.0     29.83   0.2  27.06.2025  09:43:23
 14   2  11   7  $12    0.100    19.9845   4494.70   0.0      4.26   0.6  27.06.2025  09:43:25
 14   2  12   8  $12    0.100    19.4747   3059.08   0.0      3.63   0.8  27.06.2025  09:43:27
 14   2   5   1  $12    0.010     3.5064   3143.47   0.0     -0.40  11.3  27.06.2025  09:43:32
 14   2   7   3  $12    0.010     5.7924   4271.95   0.0      2.12   2.0  27.06.2025  09:43:34
 14   2   8   4  $12    0.010     2.1989   3454.04   0.0      3.61   4.2  27.06.2025  09:43:36
 15   3  13   1  $12    0.010     4.8741   3696.10   0.0      0.18  12.4  27.06.2025  09:43:38
 15   3  14   2  $12    0.010    19.5344   6699.07   0.0     -4.32   0.8  27.06.2025  09:43:40
 15   3  16   4  $12    0.010    16.2132   5560.11   0.0     16.08   0.0  27.06.2025  09:43:42
 15   3   9  13  $12    0.100   -17.9085   2813.05   0.0     12.02   0.4  27.06.2025  09:43:46
 15   3  10  14  $12    0.010   -11.7221   8645.11   0.0     -9.80   0.5  27.06.2025  09:43:51
 15   3  12  16  $12    0.010    -8.5562   7670.65   0.0     25.23   1.2  27.06.2025  09:43:53
 15   3   9   5  $12    0.100    16.4766   2588.14   0.0      6.73   1.1  27.06.2025  09:43:56
 15   3  10   6  $12    0.100    20.8384   4686.74   0.0    -17.96   1.7  27.06.2025  09:43:58
 15   3  11   7  $12    0.010     2.3685   5952.63   0.0      6.75   2.7  27.06.2025  09:44:03
 15   3  12   8  $12    0.010     2.3678   5325.44   0.0     -2.99  12.7  27.06.2025  09:44:05
 15   3   5   1  $12    0.100    14.2570  31352.67   0.0      1.77   2.1  27.06.2025  09:44:09
 15   3   6   2  $12    0.010     5.8306   5227.15   0.0     13.10   5.7  27.06.2025  09:44:14
 15   3   8   4  $12    0.010     5.2124   3844.22   0.0     11.94   2.5  27.06.2025  09:44:16
 16   4  13   1  $12    0.010     2.8929   3717.92   0.0     -1.44  60.4  27.06.2025  09:44:18
 16   4  14   2  $12    0.010     6.7284   5102.24   0.0      2.34   2.2  27.06.2025  09:44:20
 16   4  15   3  $12    0.010    16.2942   5587.90   0.0     14.40   1.5  27.06.2025  09:44:22
 16   4   9  13  $12    0.100    -6.2508   1405.86   0.0      9.97   1.3  27.06.2025  09:44:26
 16   4  10  14  $12    0.010    -2.4109   3786.96   0.0      9.52   4.6  27.06.2025  09:44:31
 16   4  11  15  $12    0.010    -8.4548   6235.45   0.0     26.83   3.5  27.06.2025  09:44:33
 16   4   9   5  $12    0.100    15.2228   1122.69   0.0      2.69   1.5  27.06.2025  09:44:37
 16   4  10   6  $12    0.100    19.2637   3025.93   0.0      8.78   9.3  27.06.2025  09:44:39
 16   4  11   7  $12    0.010     2.5460   5726.21   0.0     -1.30   8.4  27.06.2025  09:44:44
 16   4  12   8  $12    0.010     2.7018   6790.25   0.0      0.94  14.4  27.06.2025  09:44:46
 16   4   5   1  $12    0.100     7.1240    696.76   0.0      4.17   2.6  27.06.2025  09:44:49
 16   4   6   2  $12    0.010     2.3516  51713.34   0.1    -21.21  47.0  27.06.2025  09:44:54
 16   4   7   3  $12    0.010     5.2517   4708.17   0.0      6.15   4.1  27.06.2025  09:44:56
  1   4   2   3  $12    0.010     5.7811   3632.38   0.0      6.75   2.0  27.06.2025  09:44:58
  2   3   1   4  $12    0.010     5.7941   3640.57   0.0      6.19   2.5  27.06.2025  09:45:00
  1   2   3   4  $12    0.010    -2.6628   5019.35   0.0     12.05   2.1  27.06.2025  09:45:02
  3   4   1   2  $12    0.010    -2.6637   5020.93   0.0      9.66   1.0  27.06.2025  09:45:05
  5   8   6   7  $12    0.010    20.3522  12787.67   0.0     42.66   3.1  27.06.2025  09:45:07
  6   7   5   8  $12    0.010    19.3559  12161.69   0.0     51.57   0.2  27.06.2025  09:45:09
  5   6   7   8  $12    0.010    -7.2844  13730.72   0.0    188.08   0.0  27.06.2025  09:45:11
  7   8   5   6  $12    0.010    -7.3984  13945.72   0.0    133.80   0.5  27.06.2025  09:45:13
  9  12  10  11  $12    0.010    11.1696   7018.06   0.0      2.83   1.2  27.06.2025  09:45:15
 10  11   9  12  $12    0.010    11.2374   7060.68   0.0      1.85  13.5  27.06.2025  09:45:17
  9  10  11  12  $12    0.010    -2.1291   4013.28   0.0     19.83   1.0  27.06.2025  09:45:19
 11  12   9  10  $12    0.010    -2.1632   4077.63   0.0     21.13   8.2  27.06.2025  09:45:21
 13  16  14  15  $12    0.010    10.2617   6447.60   0.0     29.88   1.3  27.06.2025  09:45:23
 14  15  13  16  $12    0.010    10.2736   6455.07   0.0     34.80   0.6  27.06.2025  09:45:25
 13  14  15  16  $12    0.010    -7.8966  14884.67   0.0    -14.20   3.7  27.06.2025  09:45:27
  1   9  10   2  $12    0.010   -14.3320   5157.46   0.0      4.13   3.1  27.06.2025  09:45:29
  1   9  11   3  $12    0.010    -6.6031   5657.54   0.0      7.32   9.7  27.06.2025  09:45:31
  1   9  12   4  $12    0.010    -4.6787   7823.50   0.0      7.93   2.1  27.06.2025  09:45:33
  2  10   9   1  $12    0.010   -14.3437   5161.66   0.0      3.61   1.0  27.06.2025  09:45:35
  2  10  11   3  $12    0.010   -15.3721   5531.73   0.0      7.73   0.6  27.06.2025  09:45:37
  2  10  12   4  $12    0.010    -8.5605   7334.60   0.0      8.73   1.6  27.06.2025  09:45:39
  3  11   9   1  $12    0.010    -6.5918   5647.85   0.0      6.07   0.7  27.06.2025  09:45:41
  3  11  10   2  $12    0.010   -15.3857   5536.64   0.0      7.37   2.6  27.06.2025  09:45:43
  3  11  12   4  $12    0.010   -17.4215   6269.20   0.0      8.25   1.7  27.06.2025  09:45:45
 12   4   9   1  $12    0.010     4.7252   7901.12   0.0      1.78   7.4  27.06.2025  09:45:47
 12   4  10   2  $12    0.010     8.6086   7375.80   0.0      6.19   1.5  27.06.2025  09:45:49
 12   4  11   3  $12    0.010    17.4858   6292.34   0.0      6.10   3.9  27.06.2025  09:45:51
 13   5  14   6  $12    0.001     2.8507  10258.31   0.1     33.29  12.5  27.06.2025  09:45:56
 13   5  15   7  $12    0.010     7.9857   6842.13   0.0      1.60  12.1  27.06.2025  09:46:00
 13   5  16   8  $12    0.010     5.3744   8986.82   0.0     -0.75  28.1  27.06.2025  09:46:02
 14   6  13   5  $12    0.001     2.7294   9821.87   0.0     46.98   0.8  27.06.2025  09:46:07
 14   6  15   7  $12    0.001     2.8668  10316.49   0.0     53.39   1.6  27.06.2025  09:46:09
 14   6  16   8  $12    0.010     9.7363   8342.01   0.0     11.70   0.1  27.06.2025  09:46:13
 15   7  13   5  $12    0.010     7.9812   6838.24   0.0      5.01   5.8  27.06.2025  09:46:15
 15   7  14   6  $12    0.001     2.8902  10400.36   0.1     39.61   6.5  27.06.2025  09:46:20
 15   7  16   8  $12    0.001     2.0782   7478.60   0.0     12.91   5.3  27.06.2025  09:46:22
 16   8  13   5  $12    0.010     5.3815   8998.58   0.0      2.72  12.8  27.06.2025  09:46:25
 16   8  14   6  $12    0.010     9.8283   8420.89   0.0     11.19   5.5  27.06.2025  09:46:27
 16   8  15   7  $12    0.010    20.5103   7380.74   0.0     16.92   0.4  27.06.2025  09:46:29
  1   2   5   6  $12    0.100     3.5319   6657.40   0.0     54.66   4.0  27.06.2025  09:46:34
  2   3   6   7  $12    0.100     3.3921   6393.93   0.0    141.72   1.0  27.06.2025  09:46:36
  3   4   7   8  $12    1.000     8.6591   1632.20   0.0      3.94   0.3  27.06.2025  09:46:39
  1   2   9  10  $12    1.000     6.4849  10267.91   0.0     36.79   1.8  27.06.2025  09:46:42
  2   3  10  11  $12    1.000     6.7848  10742.81   0.0      4.89   5.2  27.06.2025  09:46:44
  3   4  11  12  $12    1.000     2.3126   3661.69   0.1    -10.78   7.2  27.06.2025  09:46:46
  1   2  13  14  $12    0.100     4.1495 223700.17   0.1     42.64   1.9  27.06.2025  09:46:51
  2   3  14  15  $12    1.000    15.4981  83549.89   0.0      8.21   3.0  27.06.2025  09:46:54
  3   4  15  16  $12    1.000    11.0510  59575.76   0.0    -11.49   1.8  27.06.2025  09:46:56
  5   6   9  10  $12    1.000    17.6256   3322.35   0.3    152.39   0.9  27.06.2025  09:46:58
  6   7  10  11  $12    0.100     3.1295   5899.06   0.0    120.88   0.5  27.06.2025  09:47:03
  7   8  11  12  $12    1.000    11.2451   2119.66   0.0     -1.93   1.3  27.06.2025  09:47:07
  5   6  13  14  $12    1.000   -17.2496  27312.42   0.3   -159.29   0.3  27.06.2025  09:47:09
  6   7  14  15  $12    1.000     0.3060    484.56   1.4   6421.62   2.0  27.06.2025  09:47:15
  7   8  15  16  $12   10.000     9.0236   1428.76   0.7   -238.78  13.9  27.06.2025  09:47:19
  9  10  13  14  $12    0.100     5.4545  10281.58   0.1    186.87   0.4  27.06.2025  09:47:27
 10  11  14  15  $12    0.100     3.1682   5972.01   0.0     54.39   2.4  27.06.2025  09:47:29
 11  12  15  16  $12    1.000     8.6071   1622.41   0.0     50.78   0.7  27.06.2025  09:47:33
  1   2   6   7  $12    1.000    10.2932   3880.46   0.0      8.03   7.6  27.06.2025  09:47:35
  2   3   7   8  $12    1.000     8.5543   3224.90   0.0     -7.60   2.7  27.06.2025  09:47:37
  1   2   7   8  $12    1.000    10.8633   7166.87   0.0    -13.89   0.3  27.06.2025  09:47:39
  2   3   7   8  $12    1.000     8.5506   3223.49   0.0     -6.36   0.9  27.06.2025  09:47:41
  1   2  10  11  $12    1.000     9.6399  21805.01   0.0      4.02   2.8  27.06.2025  09:47:43
  2   3  11  12  $12    1.000     2.5125   5683.04   0.0      0.87   8.1  27.06.2025  09:47:45
  1   2  11  12  $12    1.000     3.5718  11108.92   0.0      2.21   8.2  27.06.2025  09:47:47
  2   3  11  12  $12    1.000     2.5131   5684.60   0.0      1.03  33.3  27.06.2025  09:47:49
  1   2  14  15  $12    1.000    20.1863 138502.83   0.0      3.45   3.4  27.06.2025  09:47:51
  2   3  15  16  $12    1.000    10.1165  69411.67   0.0     -8.91   0.7  27.06.2025  09:47:53
  1   2  15  16  $12    1.000    12.1445 104158.00   0.0     -4.45   4.3  27.06.2025  09:47:55
  2   3  15  16  $12    1.000    10.1153  69403.33   0.0    -10.09   4.5  27.06.2025  09:47:57
  5   6  10  11  $12    1.000     2.3803    897.34   0.4   -456.21   0.6  27.06.2025  09:47:59
  6   7  11  12  $12    1.000    11.1350   4197.81   0.0    -32.35   2.2  27.06.2025  09:48:01
  5   6  11  12  $12    1.000     6.0513   3992.28   0.0     34.84   0.4  27.06.2025  09:48:03
  6   7  11  12  $12    1.000    11.1122   4189.22   0.0    -33.32   0.3  27.06.2025  09:48:05
  5   6  14  15  $12    1.000     8.3697  18931.77   0.0   -234.92   0.0  27.06.2025  09:48:07
  6   7  15  16  $12    1.000    11.5091  26032.90   0.0   -202.53   0.0  27.06.2025  09:48:09
  5   6  15  16  $12    1.000    -6.5884  20491.23   0.1   -349.59   0.2  27.06.2025  09:48:11
  6   7  15  16  $12    1.000    11.6143  26271.02   0.0   -195.08   0.2  27.06.2025  09:48:13
  9  10  14  15  $12    1.000    14.7343   5554.69   0.0    -22.96   0.6  27.06.2025  09:48:15
 10  11  15  16  $12    1.000    17.6018   6635.73   0.0    -21.32   0.2  27.06.2025  09:48:17
  9  10  15  16  $12    1.000     8.0444   5307.19   0.0    -27.95   0.1  27.06.2025  09:48:20
 10  11  15  16  $12    1.000    17.5883   6630.65   0.0    -21.21   0.3  27.06.2025  09:48:22
