//C:\Users\user\Desktop\GeoTom\GeoTomE724.ini
//- Cable direction:
//  cable I: normal
//  cable II: normal
//  cable III: normal
//  cable IV: normal
//- Cable arrangement: sequential
//- Optimization: Last measurement
//- Sorting: Multi-level
//- Current levels: 0.001 mA .. 50.0 mA
Type:         Flow
Name:         Hyprop
Comment:      Example of a measurements sequence
Comment:      
Comment:      
Spacing:      1.00000
First El:     0.00000
Nr of points: 289
IP present:   1

  1   5   2   6  $12    0.001   183.3846 785617.95   0.0     11.05   0.8  29.06.2025  23:35:09
  1   5   3   7  $12    0.001    23.3079 439343.36   0.0     49.98   1.2  29.06.2025  23:35:11
  1   5   4   8  $12    0.001     4.9372  65144.70   0.0    162.90   0.1  29.06.2025  23:35:13
  1   5  14   2  $12    0.010    -4.4479   3987.54   0.0     21.11   3.4  29.06.2025  23:35:17
  1   5  15   3  $12    0.010    -2.0023  44033.69   0.0   -136.34   0.7  29.06.2025  23:35:19
  1   5  16   4  $12    0.100     8.4645    827.86   0.1  -1895.79   0.0  29.06.2025  23:35:23
  1   5  13   9  $12    0.010     6.1550  46407.47   0.1     55.98   1.4  29.06.2025  23:35:28
  1   5  14  10  $12    0.010     2.2365  25689.99   0.6    297.63   0.7  29.06.2025  23:35:30
  1   5  15  11  $12    0.010     4.6387  76508.15   0.0     72.26   0.6  29.06.2025  23:35:32
  1   5  16  12  $12    0.010     4.4713 101402.85   0.0     -2.74   1.2  29.06.2025  23:35:34
  1   5  10   6  $12    0.001   183.0808 1617652.63   0.0     10.21   0.6  29.06.2025  23:35:39
  1   5  11   7  $12    0.001    22.5549 531437.68   0.0     50.79   0.2  29.06.2025  23:35:41
  1   5  12   8  $12    0.001     4.5213 205070.90   0.0    176.81   0.0  29.06.2025  23:35:43
  2   6   1   5  $12    0.001   182.8857 783480.69   0.0      2.08   2.0  29.06.2025  23:35:46
  2   6   3   7  $12    0.001    44.2348 189501.58   0.0     42.12   0.2  29.06.2025  23:35:48
  2   6   4   8  $12    0.001     8.8530 166874.81   0.0    143.73   0.1  29.06.2025  23:35:50
  2   6  13   1  $12    0.010    -0.6340    467.56   0.7   -162.52   4.1  29.06.2025  23:35:57
  2   6  15   3  $12    0.010   -12.1904  10928.70   0.0    -46.25   0.0  29.06.2025  23:35:59
  2   6  16   4  $12    0.010    -2.5849  56845.71   0.0     92.68   0.4  29.06.2025  23:36:01
  2   6  13   9  $12    0.010     5.2012  23590.82   0.1    101.37   0.5  29.06.2025  23:36:03
  2   6  14  10  $12    0.010    -1.8481  13934.19   0.1   -905.12   0.4  29.06.2025  23:36:07
  2   6  15  11  $12    0.010     4.0548  46575.18   0.0    177.93   0.0  29.06.2025  23:36:09
  2   6  16  12  $12    0.010     4.4332  73118.94   0.0    -12.80   3.2  29.06.2025  23:36:11
  2   6   9   5  $12    0.001   182.9042 2413364.42   0.0     -3.76   3.9  29.06.2025  23:36:17
  2   6  11   7  $12    0.001    42.3886 374534.55   0.0     43.15   0.3  29.06.2025  23:36:19
  2   6  12   8  $12    0.001     8.1842 192834.85   0.0    155.69   0.3  29.06.2025  23:36:21
  3   7   1   5  $12    0.001    22.6485 426914.40   0.0     47.72   1.0  29.06.2025  23:36:23
  3   7   2   6  $12    0.001    43.2241 185171.44   0.0     48.04   0.7  29.06.2025  23:36:26
  3   7   4   8  $12    0.001    14.3424  61442.54   0.0    161.14   0.1  29.06.2025  23:36:28
  3   7  13   1  $12    0.100   -11.0893   1741.91   1.1     53.35  16.5  29.06.2025  23:36:38
  3   7  14   2  $12    0.010   -11.0832   8173.93   0.0     14.03   1.4  29.06.2025  23:36:43
  3   7  16   4  $12    0.010    -8.4491   7574.67   0.0     16.52   1.8  29.06.2025  23:36:45
  3   7  13   9  $12    0.010     2.9154   6869.36   0.0    -70.00   3.6  29.06.2025  23:36:47
  3   7  14  10  $12    0.010     2.2241  10087.65   0.2    331.75   0.2  29.06.2025  23:36:49
  3   7  15  11  $12    0.010     3.3730  25431.60   0.0     11.67   2.1  29.06.2025  23:36:51
  3   7  16  12  $12    0.010     3.9015  44814.38   0.0     -0.06 693.0  29.06.2025  23:36:53
  3   7   9   5  $12    0.001    16.4492 310059.43   0.2     42.21   3.0  29.06.2025  23:36:58
  3   7  10   6  $12    0.001    32.2707 425802.14   0.1     53.26   0.3  29.06.2025  23:37:00
  3   7  12   8  $12    0.001    10.4332  92184.97   0.0    182.48   0.0  29.06.2025  23:37:02
  4   8   1   5  $12    0.001     5.2768  69625.15   0.0     88.70   1.8  29.06.2025  23:37:04
  4   8   2   6  $12    0.001     8.8412 166652.99   0.1     96.07   0.6  29.06.2025  23:37:06
  4   8   3   7  $12    0.001    12.3325  52832.32   0.2    112.18   0.1  29.06.2025  23:37:08
  4   8  13   1  $12    0.100    -9.2838   2088.02   0.1   -133.37   0.7  29.06.2025  23:37:14
  4   8  14   2  $12    0.010    -2.9662   4659.34   0.0     21.57   1.5  29.06.2025  23:37:19
  4   8  15   3  $12    0.010    -8.7554   6457.18   0.0     14.76   1.0  29.06.2025  23:37:21
  4   8  13   9  $12    0.010     2.4923   2202.16   0.3     22.52   7.2  29.06.2025  23:37:23
  4   8  14  10  $12    0.010     3.1681   7464.61   0.0    -19.93  13.4  29.06.2025  23:37:25
  4   8  15  11  $12    0.010     3.3597  15238.53   0.0     15.84   6.9  29.06.2025  23:37:27
  4   8  16  12  $12    0.010     4.0869  30814.59   0.0      4.66  17.6  29.06.2025  23:37:29
  4   8   9   5  $12    0.001     4.4340  18995.12   0.2    123.42   0.6  29.06.2025  23:37:34
  4   8  10   6  $12    0.001     7.7989 147006.64   0.0    113.16   0.5  29.06.2025  23:37:36
  4   8  11   7  $12    0.001    11.1472 147084.48   0.1    142.41   0.3  29.06.2025  23:37:38
  5   9   6  10  $12    0.001   186.5352 799115.00   0.0     -2.66   4.0  29.06.2025  23:37:40
  5   9   7  11  $12    0.001    20.2514 381729.26   0.0     51.50   0.1  29.06.2025  23:37:42
  5   9   8  12  $12    0.001     4.8355  63802.43   0.0    142.62   0.1  29.06.2025  23:37:44
  5   9   2   6  $12    0.001  -183.8219 2425472.49   0.0     -0.77  37.1  29.06.2025  23:37:47
  5   9   3   7  $12    0.001   -20.1249 379345.19   0.0     51.99   0.2  29.06.2025  23:37:49
  5   9   4   8  $12    0.001    -4.7506  20351.46   0.0    154.37   0.2  29.06.2025  23:37:51
  5   9   1  13  $12    0.010     7.5038  18859.03   0.1     41.38   2.1  29.06.2025  23:37:55
  5   9   2  14  $12    0.010     2.5737   5788.52   0.2      5.02  19.8  29.06.2025  23:37:57
  5   9   3  15  $12    0.010     1.9571   3074.19   0.1    148.88   0.7  29.06.2025  23:38:01
  5   9   4  16  $12    0.010     2.5973   1915.55   0.0    -24.78   2.0  29.06.2025  23:38:03
  5   9  14  10  $12    0.010    20.4913  18105.52   0.0    -11.41   3.8  29.06.2025  23:38:05
  5   9  15  11  $12    0.100    15.5746   3669.69   0.2   -858.87   0.0  29.06.2025  23:38:09
  5   9  16  12  $12    0.100   -13.3607   6059.99   0.0   -303.77   0.0  29.06.2025  23:38:11
  6  10   5   9  $12    0.001   183.8200 787483.21   0.0     -1.29  10.9  29.06.2025  23:38:19
  6  10   7  11  $12    0.001    40.5556 173739.73   0.0     42.30   0.5  29.06.2025  23:38:22
  6  10   8  12  $12    0.001     9.1606 172673.41   0.0    129.45   0.1  29.06.2025  23:38:24
  6  10   1   5  $12    0.001  -182.1850 1609737.31   0.0     -1.17   6.7  29.06.2025  23:38:26
  6  10   3   7  $12    0.001   -39.1435 516486.72   0.0     45.22   0.4  29.06.2025  23:38:29
  6  10   4   8  $12    0.001    -8.4927 160083.27   0.0    147.60   0.0  29.06.2025  23:38:31
  6  10   1  13  $12    0.010     6.1678  13871.89   0.1     38.50   5.3  29.06.2025  23:38:35
  6  10   2  14  $12    0.010     2.3869   5999.06   0.2     16.78   3.8  29.06.2025  23:38:37
  6  10   3  15  $12    0.010     2.0357   4578.51   0.2    298.23   0.2  29.06.2025  23:38:39
  6  10   4  16  $12    0.010     3.6719   5767.77   0.0    -25.65   0.9  29.06.2025  23:38:41
  6  10  13   9  $12    0.010    17.4096  22971.49   0.0    -24.85   3.1  29.06.2025  23:38:43
  6  10  15  11  $12    0.010    14.5675  12871.45   0.0    -38.24   0.9  29.06.2025  23:38:45
  6  10  16  12  $12    0.010     3.2503   7658.40   0.0     10.79   3.9  29.06.2025  23:38:47
  7  11   5   9  $12    0.001    20.8709 393407.25   0.0     53.73   0.3  29.06.2025  23:38:52
  7  11   6  10  $12    0.001    40.7803 174702.28   0.0     53.82   0.5  29.06.2025  23:38:54
  7  11   8  12  $12    0.001    14.6058  62571.24   0.0    149.68   0.1  29.06.2025  23:38:56
  7  11   1   5  $12    0.001   -20.5064 483169.65   0.0     55.37   0.3  29.06.2025  23:38:58
  7  11   2   6  $12    0.001   -39.0083 344666.43   0.0     58.36   0.3  29.06.2025  23:39:01
  7  11   4   8  $12    0.001   -13.0048 171594.02   0.0    169.69   0.1  29.06.2025  23:39:03
  7  11   1  13  $12    0.010     3.1371   4927.74   0.0    -14.26  11.2  29.06.2025  23:39:07
  7  11   2  14  $12    0.010     2.5576   5752.28   0.1      3.91  76.7  29.06.2025  23:39:09
  7  11   3  15  $12    0.010     2.8459   7152.42   0.1    102.72   0.3  29.06.2025  23:39:11
  7  11   4  16  $12    0.010     4.1283   9284.85   0.0     -6.10   4.0  29.06.2025  23:39:13
  7  11  13   9  $12    0.010     2.1008   3959.85   0.3    -58.75   3.7  29.06.2025  23:39:15
  7  11  14  10  $12    0.010    17.6387  23273.73   0.0    -37.56   0.8  29.06.2025  23:39:17
  7  11  16  12  $12    0.010    12.8653  11367.46   0.0      8.45   1.0  29.06.2025  23:39:19
  8  12   5   9  $12    0.001     4.9847  65771.45   0.3     92.95   0.9  29.06.2025  23:39:24
  8  12   6  10  $12    0.001     9.1189 171886.29   0.0     92.82   0.4  29.06.2025  23:39:26
  8  12   7  11  $12    0.001    14.5692  62414.34   0.1    106.18   0.2  29.06.2025  23:39:28
  8  12   1   5  $12    0.001    -4.7092 213594.63   0.1     98.71   1.0  29.06.2025  23:39:30
  8  12   2   6  $12    0.001    -8.4218 198433.56   0.3     95.90   1.1  29.06.2025  23:39:32
  8  12   3   7  $12    0.001   -13.0040 114899.86   0.0    123.10   0.5  29.06.2025  23:39:34
  8  12   1  13  $12    0.100    19.7646   1457.65   0.0     68.90   0.1  29.06.2025  23:39:40
  8  12   2  14  $12    0.010     2.4650   3871.96   0.0     -8.98   6.7  29.06.2025  23:39:45
  8  12   3  15  $12    0.010     2.9285   6586.43   0.0      7.80   1.9  29.06.2025  23:39:47
  8  12  16   4  $12    0.010    -3.7004   9300.04   0.0      9.60  17.5  29.06.2025  23:39:49
  8  12   9  13  $12    0.100   -12.7245    545.12   0.0    -54.66   0.9  29.06.2025  23:39:53
  8  12  10  14  $12    0.010    -5.4460  10265.41   0.0     28.87   6.5  29.06.2025  23:39:58
  8  12  11  15  $12    0.010   -14.2218  18765.23   0.0      4.41   0.9  29.06.2025  23:40:00
  9  13  10  14  $12    0.001     4.3964  18834.01   0.0     20.88   6.2  29.06.2025  23:40:04
  9  13  11  15  $12    0.010     9.8165  18503.66   0.0    -14.12   2.4  29.06.2025  23:40:08
  9  13  12  16  $12    0.010     4.8083   6344.38   0.0     -4.62  12.5  29.06.2025  23:40:10
  9  13   6  10  $12    0.010   -15.7215  20744.05   0.0     87.66   1.1  29.06.2025  23:40:12
  9  13   7  11  $12    0.100   -12.4970   2355.62   0.3    157.62   1.6  29.06.2025  23:40:16
  9  13   8  12  $12    0.100   -11.3890    487.91   0.0    -73.76   0.0  29.06.2025  23:40:18
  9  13   5   1  $12    0.010     7.2240  54468.03   0.1    -86.24   0.4  29.06.2025  23:40:23
  9  13   6   2  $12    0.010     7.7849  35309.69   0.2   -157.75   2.2  29.06.2025  23:40:25
  9  13   7   3  $12    0.010     3.6442   8586.33   0.2    -78.35   2.5  29.06.2025  23:40:27
  9  13   8   4  $12    0.010     2.6127   2308.48   0.0      6.05  10.1  29.06.2025  23:40:29
  9  13   2  14  $12    0.010    18.0185  13288.79   0.0     24.82   0.1  29.06.2025  23:40:31
  9  13   3  15  $12    0.010     4.6450   7296.28   0.0    -36.15   1.4  29.06.2025  23:40:33
  9  13   4  16  $12    0.100    10.7105   2408.90   0.0      7.47   4.2  29.06.2025  23:40:37
 10  14   9  13  $12    0.001     4.1526  17789.66   0.0    -10.27   5.3  29.06.2025  23:40:45
 10  14  11  15  $12    0.001     5.8651  25126.11   0.1    -13.45   0.3  29.06.2025  23:40:47
 10  14  12  16  $12    0.010    13.1370  24762.62   0.0      5.33   1.3  29.06.2025  23:40:51
 10  14   5   9  $12    0.010   -20.2544  17896.23   0.0    -39.61   1.0  29.06.2025  23:40:53
 10  14   7  11  $12    0.010   -17.5256  23124.52   0.0    -18.92   1.9  29.06.2025  23:40:55
 10  14   8  12  $12    0.010    -5.3173  10022.95   0.0     44.67   0.6  29.06.2025  23:40:57
 10  14   5   1  $12    0.100    22.8103  26200.88   0.0    440.61   0.1  29.06.2025  23:41:00
 10  14   6   2  $12    0.100    -6.6589   5020.68   0.0  -2437.47   0.3  29.06.2025  23:41:02
 10  14   7   3  $12    0.100    17.7015   8028.83   0.0    274.49   0.1  29.06.2025  23:41:04
 10  14   8   4  $12    0.010     3.2253   7599.52   0.0    -50.58   0.2  29.06.2025  23:41:09
 10  14   1  13  $12    0.010    19.9187  17857.16   0.1     50.23   2.1  29.06.2025  23:41:12
 10  14   3  15  $12    0.001     3.9056  28804.09   0.1    -14.94   1.9  29.06.2025  23:41:16
 10  14   4  16  $12    0.010     4.6017   7228.35   0.0     -7.15   0.3  29.06.2025  23:41:20
 11  15   9  13  $12    0.010     9.8847  18632.15   0.0      8.62   6.7  29.06.2025  23:41:22
 11  15  10  14  $12    0.001     5.8768  25176.34   0.0      1.05 100.6  29.06.2025  23:41:27
 11  15  12  16  $12    0.001     2.8785  12331.55   0.0     21.59   0.8  29.06.2025  23:41:29
 11  15   5   9  $12    0.100     0.2671     62.93   1.7  -3848.80   2.0  29.06.2025  23:41:37
 11  15   6  10  $12    0.010   -13.8010  12194.17   0.0     20.72   2.7  29.06.2025  23:41:42
 11  15   8  12  $12    0.010   -14.2271  18772.21   0.0      7.55   1.0  29.06.2025  23:41:44
 11  15   5   1  $12    0.010     5.0446  83202.90   0.0      0.80 365.4  29.06.2025  23:41:46
 11  15   6   2  $12    0.010     5.0475  57977.98   0.1    -35.72   4.9  29.06.2025  23:41:48
 11  15   7   3  $12    0.010     3.7564  28322.35   0.0     19.10   3.8  29.06.2025  23:41:50
 11  15   8   4  $12    0.010     3.4546  15668.90   0.0     17.56   2.6  29.06.2025  23:41:52
 11  15   1  13  $12    0.010     4.8289 106192.20   0.0      1.79  39.7  29.06.2025  23:41:54
 11  15   2  14  $12    0.001     4.0713  36499.13   0.0     -7.49   1.8  29.06.2025  23:41:59
 11  15   4  16  $12    0.010    10.2308   7545.29   0.0     39.02   0.2  29.06.2025  23:42:02
 12  16   9  13  $12    0.010     4.8261   6367.90   0.0      3.79   3.7  29.06.2025  23:42:05
 12  16  10  14  $12    0.010    13.2191  24917.40   0.0      4.58  10.3  29.06.2025  23:42:07
 12  16  11  15  $12    0.001     2.8568  12238.31   0.0     18.08   2.7  29.06.2025  23:42:11
 12  16   5   9  $12    0.100     9.5866   4348.17   0.0     35.58   2.1  29.06.2025  23:42:17
 12  16   6  10  $12    0.010    -3.3354   7858.79   0.2     -4.33 111.5  29.06.2025  23:42:22
 12  16   7  11  $12    0.010   -12.6654  11190.79   0.0      8.56   3.9  29.06.2025  23:42:24
 12  16   5   1  $12    0.010     4.4159 100144.54   0.2      1.24 205.6  29.06.2025  23:42:26
 12  16   6   2  $12    0.010     4.3426  71624.83   0.3      6.89   8.4  29.06.2025  23:42:28
 12  16   7   3  $12    0.010     4.0946  47032.32   0.0      6.98   8.2  29.06.2025  23:42:30
 12  16   8   4  $12    0.010     4.2229  31839.72   0.0      5.70   6.2  29.06.2025  23:42:32
 12  16  13   1  $12    0.100   -14.0055   1369.79   0.0      8.67   6.1  29.06.2025  23:42:36
 12  16  14   2  $12    0.010    -5.5265 121533.07   0.0      8.15   2.1  29.06.2025  23:42:41
 12  16  15   3  $12    0.010   -11.5195  10327.24   0.0     41.24   2.4  29.06.2025  23:42:43
 13   1  14   2  $12    0.001     2.6620   9129.05   0.0     37.21   0.7  29.06.2025  23:42:48
 13   1  15   3  $12    0.010     8.6679   6572.98   0.0     -9.70   0.5  29.06.2025  23:42:52
 13   1  16   4  $12    0.010     4.2043   5403.40   0.0      5.31   0.9  29.06.2025  23:42:54
 13   1  10  14  $12    0.010   -19.8347  17781.89   0.0     -1.96  15.9  29.06.2025  23:42:56
 13   1  11  15  $12    0.010    -4.5472  99997.96   0.0     -0.33 144.4  29.06.2025  23:42:58
 13   1  12  16  $12    0.100   -12.7826   1250.19   0.2     52.19   4.6  29.06.2025  23:43:01
 13   1   9   5  $12    0.010     8.0809  20309.46   0.0    -73.33   1.6  29.06.2025  23:43:06
 13   1  10   6  $12    0.010     8.1470  18323.44   0.2   -159.63   0.6  29.06.2025  23:43:08
 13   1  11   7  $12    0.010     3.7556   5899.21   0.2   -136.02   1.5  29.06.2025  23:43:10
 13   1  12   8  $12    0.100    19.0055   1401.67   0.0     70.61   0.2  29.06.2025  23:43:14
 13   1   6   2  $12    0.100    -8.0944    596.97   0.3  -1871.87   0.2  29.06.2025  23:43:16
 13   1   7   3  $12    0.100     3.2053    503.49   0.1   1099.74   0.8  29.06.2025  23:43:18
 13   1   8   4  $12    0.100     9.4887   2134.09   0.0   -110.21   0.1  29.06.2025  23:43:20
 14   2  13   1  $12    0.001     2.4739   8484.04   0.0      7.72  40.5  29.06.2025  23:43:28
 14   2  15   3  $12    0.001     5.4393  18653.46   0.0     -9.81   3.9  29.06.2025  23:43:30
 14   2  16   4  $12    0.010    11.0717   8395.84   0.0      2.95   3.9  29.06.2025  23:43:34
 14   2   9  13  $12    0.010   -18.2756  13478.43   0.0     44.15   0.5  29.06.2025  23:43:36
 14   2  11  15  $12    0.001    -3.9789  35671.03   0.0     -7.13   4.0  29.06.2025  23:43:41
 14   2  12  16  $12    0.010    -5.5412 121856.84   0.0      7.84   1.4  29.06.2025  23:43:45
 14   2   9   5  $12    0.010     2.6224   5897.95   0.0     -1.65 220.0  29.06.2025  23:43:47
 14   2  10   6  $12    0.010     2.4538   6167.03   0.3     11.84  14.3  29.06.2025  23:43:49
 14   2  11   7  $12    0.010     2.7019   6076.90   0.2    -25.25  11.5  29.06.2025  23:43:51
 14   2  12   8  $12    0.010     2.4776   3891.76   0.0    -13.50   3.6  29.06.2025  23:43:53
 14   2   5   1  $12    0.010     4.6115   4134.22   0.1      9.88  37.9  29.06.2025  23:43:55
 14   2   7   3  $12    0.010    11.1195   8200.72   0.0     22.26   0.9  29.06.2025  23:43:57
 14   2   8   4  $12    0.010     3.0478   4787.43   0.0      9.69   1.4  29.06.2025  23:43:59
 15   3  13   1  $12    0.010     8.7587   6641.85   0.0     10.80   6.1  29.06.2025  23:44:01
 15   3  14   2  $12    0.001     5.4101  18553.27   0.0      1.78   5.5  29.06.2025  23:44:06
 15   3  16   4  $12    0.001     2.3566   8081.81   0.0     25.68   3.0  29.06.2025  23:44:08
 15   3   9  13  $12    0.010    -4.8155   7564.14   0.0     17.80   5.5  29.06.2025  23:44:12
 15   3  10  14  $12    0.001    -3.9002  28763.98   0.0      7.98   4.8  29.06.2025  23:44:17
 15   3  12  16  $12    0.010   -11.0538   9909.73   0.0     38.73   0.0  29.06.2025  23:44:20
 15   3   9   5  $12    0.010     2.1905   3440.80   0.1     68.60   5.0  29.06.2025  23:44:22
 15   3  10   6  $12    0.010     2.4234   5450.35   0.4    109.56   4.2  29.06.2025  23:44:24
 15   3  11   7  $12    0.010     3.0182   7585.46   0.1     19.04  41.5  29.06.2025  23:44:27
 15   3  12   8  $12    0.010     2.8955   6512.20   0.0      5.35   9.3  29.06.2025  23:44:29
 15   3   5   1  $12    0.100    16.4125  36092.90   0.0    -32.39   3.3  29.06.2025  23:44:32
 15   3   6   2  $12    0.010    12.1621  10903.33   0.3     10.40  10.0  29.06.2025  23:44:37
 15   3   8   4  $12    0.010     8.8496   6526.68   0.0     21.00   0.0  29.06.2025  23:44:39
 16   4  13   1  $12    0.010     4.3132   5543.31   0.2      9.15   7.0  29.06.2025  23:44:41
 16   4  14   2  $12    0.010    11.0345   8367.60   0.0     -0.38 200.1  29.06.2025  23:44:43
 16   4  15   3  $12    0.010    23.0094   7890.79   0.0     22.70   0.5  29.06.2025  23:44:45
 16   4   9  13  $12    0.100   -10.9585   2464.68   0.0     18.69   4.9  29.06.2025  23:44:49
 16   4  10  14  $12    0.010    -4.4721   7024.71   0.1      6.82  30.1  29.06.2025  23:44:54
 16   4  11  15  $12    0.010   -10.4669   7719.39   0.0     47.45   0.0  29.06.2025  23:44:56
 16   4   9   5  $12    0.010     2.5214   1859.59   0.0     -9.54  26.1  29.06.2025  23:44:58
 16   4  10   6  $12    0.010     3.4776   5462.67   0.3     22.26  14.8  29.06.2025  23:45:00
 16   4  11   7  $12    0.010     4.1498   9333.23   0.0     -6.38  37.5  29.06.2025  23:45:02
 16   4  12   8  $12    0.010     3.7362   9390.11   0.0      0.23 125.7  29.06.2025  23:45:04
 16   4   5   1  $12    0.100     8.7845    859.16   0.0   -102.92   0.5  29.06.2025  23:45:08
 16   4   6   2  $12    0.010     3.0866  67878.27   0.1    -11.60  19.0  29.06.2025  23:45:13
 16   4   7   3  $12    0.010     8.4597   7584.14   0.0     12.72  15.0  29.06.2025  23:45:15
  1   4   2   3  $12    0.010     9.2946   5839.98   0.0     17.14   0.7  29.06.2025  23:45:17
  2   3   1   4  $12    0.010     9.3699   5887.31   0.0     23.71   0.1  29.06.2025  23:45:19
  1   2   3   4  $12    0.010    -7.0744  13334.89   0.0     28.24   1.6  29.06.2025  23:45:21
  3   4   1   2  $12    0.010    -7.3554  13864.52   0.0     40.66   1.9  29.06.2025  23:45:23
  5   8   6   7  $12    0.001   165.8912 1042325.42   0.0      2.46   8.5  29.06.2025  23:45:28
  6   7   5   8  $12    0.001   164.7583 1035206.92   0.0     -3.96   1.5  29.06.2025  23:45:31
  5   6   7   8  $12    0.001   -16.0429 302402.36   0.0     23.10   3.0  29.06.2025  23:45:33
  7   8   5   6  $12    0.001   -15.6431 294865.97   0.0     40.85   2.9  29.06.2025  23:45:35
  9  12  10  11  $12    0.001     2.6977  16950.14   0.2     -4.66  32.9  29.06.2025  23:45:37
 10  11   9  12  $12    0.001     2.6860  16876.79   0.0      8.22  13.2  29.06.2025  23:45:39
  9  10  11  12  $12    0.010    -9.1171  17185.39   0.0      5.81   0.9  29.06.2025  23:45:43
 11  12   9  10  $12    0.010    -9.1460  17239.77   0.0      5.06  11.2  29.06.2025  23:45:45
 13  16  14  15  $12    0.010    20.7130  13014.38   0.0     64.33   0.2  29.06.2025  23:45:47
 14  15  13  16  $12    0.010    20.9647  13172.50   0.1     65.84   0.6  29.06.2025  23:45:49
 13  14  15  16  $12    0.001    -3.0631  57738.73   0.0     -4.96   7.6  29.06.2025  23:45:54
  1   9  10   2  $12    0.001    -2.9282  10537.35   0.1     40.99   7.9  29.06.2025  23:45:56
  1   9  11   3  $12    0.010    -9.0862   7785.00   0.0      9.10   1.1  29.06.2025  23:46:00
  1   9  12   4  $12    0.010    -6.5888  11017.35   0.0      9.46   0.2  29.06.2025  23:46:02
  2  10   9   1  $12    0.001    -2.9388  10575.33   0.0     24.07   1.0  29.06.2025  23:46:07
  2  10  11   3  $12    0.001    -3.3098  11910.54   0.0     20.25   5.5  29.06.2025  23:46:09
  2  10  12   4  $12    0.010   -14.0136  12006.84   0.0      7.98   0.4  29.06.2025  23:46:12
  3  11   9   1  $12    0.010    -9.1261   7819.24   0.0     10.31   4.2  29.06.2025  23:46:14
  3  11  10   2  $12    0.001    -3.3418  12025.82   0.0     18.32  13.0  29.06.2025  23:46:19
  3  11  12   4  $12    0.001    -2.9183  10501.79   0.0     18.78   0.6  29.06.2025  23:46:21
 12   4   9   1  $12    0.010     6.6799  11169.67   0.0      3.29   7.7  29.06.2025  23:46:25
 12   4  10   2  $12    0.010    14.1510  12124.55   0.0      7.98   0.9  29.06.2025  23:46:27
 12   4  11   3  $12    0.001     2.9681  10680.76   0.1      4.82  13.3  29.06.2025  23:46:32
 13   5  14   6  $12    0.001   184.9809 665663.43   0.0      3.55   0.9  29.06.2025  23:46:35
 13   5  15   7  $12    0.001    23.5541 201811.31   0.0     46.15   0.2  29.06.2025  23:46:37
 13   5  16   8  $12    0.001     5.7473  96103.57   0.0    121.43   0.1  29.06.2025  23:46:39
 14   6  13   5  $12    0.001   184.8492 665189.51   0.0      8.76   0.2  29.06.2025  23:46:42
 14   6  15   7  $12    0.001    46.9959 169117.19   0.0     41.99   0.2  29.06.2025  23:46:44
 14   6  16   8  $12    0.001    10.0788  86354.88   0.0    119.06   0.1  29.06.2025  23:46:46
 15   7  13   5  $12    0.001    23.4245 200700.35   0.0     46.90   0.3  29.06.2025  23:46:49
 15   7  14   6  $12    0.001    46.2572 166458.94   0.0     48.38   0.4  29.06.2025  23:46:51
 15   7  16   8  $12    0.001    16.0671  57818.20   0.0    135.71   0.0  29.06.2025  23:46:53
 16   8  13   5  $12    0.001     5.8924  98529.13   0.0     82.74   1.4  29.06.2025  23:46:55
 16   8  14   6  $12    0.001     9.5011  81405.02   0.2     90.10   6.6  29.06.2025  23:46:57
 16   8  15   7  $12    0.001    15.6337  56258.54   0.1    113.40   0.3  29.06.2025  23:46:59
  1   2   5   6  $12    0.100    12.2206  23035.23   0.1     33.45   4.0  29.06.2025  23:47:05
  2   3   6   7  $12    0.100     4.9081   9251.63   0.4   -192.45   0.4  29.06.2025  23:47:07
  3   4   7   8  $12    0.100    -3.6858   6947.62   0.0   -193.99   0.6  29.06.2025  23:47:09
  1   2   9  10  $12    1.000     3.7499   5937.46   0.4    405.09   1.2  29.06.2025  23:47:13
  2   3  10  11  $12    1.000     8.0292  12713.11   0.8    433.84  11.1  29.06.2025  23:47:15
  3   4  11  12  $12    1.000     2.2445   3553.93   0.5   -286.68   1.0  29.06.2025  23:47:17
  1   2  13  14  $12    0.100     4.8980 264047.60   0.0     20.19   8.3  29.06.2025  23:47:22
  2   3  14  15  $12    1.000    13.0032  70099.83   0.0    -29.93   4.6  29.06.2025  23:47:26
  3   4  15  16  $12    1.000     6.3451  34206.42   0.4    399.79   1.6  29.06.2025  23:47:28
  5   6   9  10  $12    0.100     6.9632  13125.38   0.9  -2407.77   0.3  29.06.2025  23:47:34
  6   7  10  11  $12    0.100    -9.3681  17658.51   0.8    208.03   1.6  29.06.2025  23:47:36
  7   8  11  12  $12    1.000    19.6479   3703.53   0.2    -44.18   0.4  29.06.2025  23:47:40
  5   6  13  14  $12    0.100   -13.8983 220059.74   0.9  -1467.86   0.3  29.06.2025  23:47:46
  6   7  14  15  $12    0.010    -0.3957  62658.57   0.2  -1689.10   0.1  29.06.2025  23:47:51
  7   8  15  16  $12    1.000     1.2861   2036.40   0.8  -1198.60   4.7  29.06.2025  23:48:00
  9  10  13  14  $12    0.100    10.9656  20669.73   0.5    332.75   1.4  29.06.2025  23:48:05
 10  11  14  15  $12    0.100    -8.6292  16265.72   0.2  -1201.80   0.0  29.06.2025  23:48:07
 11  12  15  16  $12    1.000    -1.4261    268.81   0.4   -330.76   0.2  29.06.2025  23:48:14
  1   2   6   7  $12    0.100    14.4697  54549.57   0.0    -43.79   4.8  29.06.2025  23:48:19
  2   3   7   8  $12    1.000     6.1157   2305.57   0.9     85.31  11.2  29.06.2025  23:48:23
  1   2   7   8  $12    1.000    11.1632   7364.78   0.1   -139.43   0.4  29.06.2025  23:48:25
  2   3   7   8  $12    1.000     6.3062   2377.39   0.4     53.72  14.7  29.06.2025  23:48:27
  1   2  10  11  $12    1.000    20.9240  47328.92   0.0   -132.04   0.2  29.06.2025  23:48:29
  2   3  11  12  $12    1.000     1.9222   4347.90   0.6      6.23  89.0  29.06.2025  23:48:34
  1   2  11  12  $12    1.000     3.8725  12044.04   0.0    -35.86   0.4  29.06.2025  23:48:36
  2   3  11  12  $12    1.000     1.9926   4507.18   0.0    -10.78   1.4  29.06.2025  23:48:41
  1   2  14  15  $12    1.000    21.3893 146757.22   0.0    -66.36   0.3  29.06.2025  23:48:43
  2   3  15  16  $12    1.000    11.9289  81847.33   0.2    -12.20  28.2  29.06.2025  23:48:46
  1   2  15  16  $12    1.000    16.4685 141243.03   0.0     48.65   1.6  29.06.2025  23:48:48
  2   3  15  16  $12    1.000    11.8130  81052.15   0.1    -20.47   3.2  29.06.2025  23:48:50
  5   6  10  11  $12    0.010     4.4898 169260.26   0.1   -247.28   1.6  29.06.2025  23:48:58
  6   7  11  12  $12    0.100     2.2945   8650.20   0.1   -828.22   0.3  29.06.2025  23:49:02
  5   6  11  12  $12    0.100     0.6956   4589.27   0.4   3094.58   2.8  29.06.2025  23:49:04
  6   7  11  12  $12    0.100     2.3729   8945.54   0.1   -916.00   0.1  29.06.2025  23:49:06
  5   6  14  15  $12    0.010     0.3573  80813.45   0.3  -1404.41   0.5  29.06.2025  23:49:11
  6   7  15  16  $12    0.010    -0.0682  15427.91   3.0   7879.22   3.3  29.06.2025  23:49:15
  5   6  15  16  $12    0.010    -0.0069   2151.00  41.3 -84008.39  54.3  29.06.2025  23:49:19
  6   7  15  16  $12    0.010    -0.0522  11803.81   0.4  10794.76   0.4  29.06.2025  23:49:24
  9  10  14  15  $12    0.100     4.7899  18057.58   0.2   -313.40   0.0  29.06.2025  23:49:28
 10  11  15  16  $12    0.100     3.0273  11412.48   0.9   -521.56   0.9  29.06.2025  23:49:30
  9  10  15  16  $12    0.100     4.0044  26418.42   0.0    184.71   0.3  29.06.2025  23:49:32
 10  11  15  16  $12    0.100     3.2365  12201.26   0.8   -554.14   1.0  29.06.2025  23:49:35
