//C:\Users\user\Desktop\GeoTom\GeoTomE724.ini
//- Cable direction:
//  cable I: normal
//  cable II: normal
//  cable III: normal
//  cable IV: normal
//- Cable arrangement: sequential
//- Optimization: Last measurement
//- Sorting: Multi-level
//- Current levels: 0.001 mA .. 50.0 mA
Type:         Flow
Name:         Hyprop
Comment:      Example of a measurements sequence
Comment:      
Comment:      
Spacing:      1.00000
First El:     0.00000
Nr of points: 289
IP present:   1

  1   5   2   6  $12    0.010    13.1247   5622.61   0.0      1.64   2.3  26.06.2025  02:35:05
  1   5   3   7  $12    0.010     6.4968  12246.14   0.0      4.54   0.4  26.06.2025  02:35:08
  1   5   4   8  $12    0.010     4.1905   5529.25   0.0      0.67  24.3  26.06.2025  02:35:10
  1   5  14   2  $12    0.010    -4.9891   4472.71   0.0      5.15   7.4  26.06.2025  02:35:12
  1   5  15   3  $12    0.010    -2.0006  43996.13   0.1     15.02   2.1  26.06.2025  02:35:14
  1   5  16   4  $12    0.100   -10.0523    983.16   0.0      9.12   0.5  26.06.2025  02:35:18
  1   5  13   9  $12    0.010     2.5720  19392.54   0.0      2.64   6.6  26.06.2025  02:35:22
  1   5  14  10  $12    0.010     2.2484  25826.00   0.0     -0.86  18.7  26.06.2025  02:35:25
  1   5  15  11  $12    0.100    19.1628  31605.93   0.0      3.51   1.2  26.06.2025  02:35:28
  1   5  16  12  $12    0.100    17.4149  39494.18   0.0      2.81   3.5  26.06.2025  02:35:30
  1   5  10   6  $12    0.010     5.9079   5220.04   0.0     -0.93   8.0  26.06.2025  02:35:35
  1   5  11   7  $12    0.010     2.5636   6040.32   0.0      0.55  21.6  26.06.2025  02:35:37
  1   5  12   8  $12    0.100    14.1625   6423.64   0.0      4.98   0.6  26.06.2025  02:35:41
  2   6   1   5  $12    0.010    13.2108   5659.49   0.0      1.76   5.0  26.06.2025  02:35:46
  2   6   3   7  $12    0.010    13.9558   5978.66   0.0     11.07   0.3  26.06.2025  02:35:48
  2   6   4   8  $12    0.010     7.0448  13279.23   0.0      5.34   0.4  26.06.2025  02:35:50
  2   6  13   1  $12    0.010    -4.9004   3614.05   0.0      8.52   0.5  26.06.2025  02:35:52
  2   6  15   3  $12    0.010    -5.7083   5117.52   0.0     14.75   1.2  26.06.2025  02:35:54
  2   6  16   4  $12    0.010    -2.2731  49988.73   0.0     15.61   2.4  26.06.2025  02:35:56
  2   6  13   9  $12    0.010     2.2564  10234.51   0.0     -2.08  38.5  26.06.2025  02:35:58
  2   6  14  10  $12    0.010     2.1940  16542.01   0.0      6.64   7.6  26.06.2025  02:36:00
  2   6  15  11  $12    0.010     2.0641  23708.68   0.0     -1.01   7.0  26.06.2025  02:36:02
  2   6  16  12  $12    0.100    19.4808  32130.42   0.0      2.50   0.3  26.06.2025  02:36:06
  2   6   9   5  $12    0.010     6.0651   8002.65   0.0     -1.11   7.2  26.06.2025  02:36:11
  2   6  11   7  $12    0.010     6.1847   5464.63   0.0     12.10   0.1  26.06.2025  02:36:13
  2   6  12   8  $12    0.010     2.8053   6609.89   0.0      3.52  18.8  26.06.2025  02:36:15
  3   7   1   5  $12    0.010     6.5242  12297.89   0.0      1.15   3.7  26.06.2025  02:36:17
  3   7   2   6  $12    0.010    14.1019   6041.26   0.0      6.84   0.5  26.06.2025  02:36:19
  3   7   4   8  $12    0.010    14.1290   6052.86   0.0      2.66   2.0  26.06.2025  02:36:21
  3   7  13   1  $12    0.100   -19.2429   3022.67   0.0      8.39   0.3  26.06.2025  02:36:25
  3   7  14   2  $12    0.010    -5.7445   4236.64   0.0     13.09   0.4  26.06.2025  02:36:30
  3   7  16   4  $12    0.010    -5.2380   4695.88   0.0     12.62   2.7  26.06.2025  02:36:32
  3   7  13   9  $12    0.100    19.5460   4605.41   0.0      3.06   0.7  26.06.2025  02:36:35
  3   7  14  10  $12    0.100    20.3052   9209.77   0.0      5.06   0.8  26.06.2025  02:36:37
  3   7  15  11  $12    0.100    22.0492  16624.73   0.0     13.70   0.3  26.06.2025  02:36:40
  3   7  16  12  $12    0.100    21.8267  25071.17   0.0      3.59   0.8  26.06.2025  02:36:42
  3   7   9   5  $12    0.010     2.6125   4924.38   0.0      0.20 133.1  26.06.2025  02:36:46
  3   7  10   6  $12    0.010     6.2320   8222.99   0.0     10.20   1.2  26.06.2025  02:36:49
  3   7  12   8  $12    0.010     6.7089   5927.81   0.0     -1.48   9.8  26.06.2025  02:36:51
  4   8   1   5  $12    0.010     4.2000   5541.78   0.0      1.35  15.7  26.06.2025  02:36:53
  4   8   2   6  $12    0.010     7.0659  13318.89   0.0      3.46   3.5  26.06.2025  02:36:55
  4   8   3   7  $12    0.010    14.1292   6052.93   0.0      2.98   1.0  26.06.2025  02:36:57
  4   8  13   1  $12    0.100    -9.5810   2154.86   0.0     10.49   0.2  26.06.2025  02:37:00
  4   8  14   2  $12    0.010    -2.3026   3616.91   0.0     16.48   1.0  26.06.2025  02:37:05
  4   8  15   3  $12    0.010    -5.2208   3850.35   0.0     10.12   5.5  26.06.2025  02:37:07
  4   8  13   9  $12    0.100    17.6986   1563.80   0.0      2.62   0.3  26.06.2025  02:37:11
  4   8  14  10  $12    0.100    19.6896   4639.25   0.0      4.72   0.6  26.06.2025  02:37:13
  4   8  15  11  $12    0.100    22.8365  10357.88   0.0      6.13   1.2  26.06.2025  02:37:15
  4   8  16  12  $12    0.010     2.4834  18724.53   0.0     -0.42  63.4  26.06.2025  02:37:20
  4   8   9   5  $12    0.100    14.3427    614.44   0.0      2.49   0.2  26.06.2025  02:37:24
  4   8  10   6  $12    0.010     2.7610   5204.30   0.0      1.89   0.7  26.06.2025  02:37:29
  4   8  11   7  $12    0.010     6.5832   8686.39   0.0     -2.38   3.7  26.06.2025  02:37:31
  5   9   6  10  $12    0.010    14.8091   6344.21   0.0      1.78   1.7  26.06.2025  02:37:33
  5   9   7  11  $12    0.010     5.9502  11215.77   0.0      4.57   4.0  26.06.2025  02:37:35
  5   9   8  12  $12    0.010     3.8371   5062.94   0.0     -0.26 184.6  26.06.2025  02:37:37
  5   9   2   6  $12    0.010    -5.9814   7892.31   0.0      4.95   3.6  26.06.2025  02:37:39
  5   9   3   7  $12    0.010    -2.5525   4811.40   0.0     15.26   0.1  26.06.2025  02:37:41
  5   9   4   8  $12    0.100   -14.2422    610.14   0.0      6.19   0.4  26.06.2025  02:37:45
  5   9   1  13  $12    0.100    21.5553   5417.43   0.0     33.75   0.0  26.06.2025  02:37:47
  5   9   2  14  $12    0.100    18.2163   4097.02   0.0      5.36   0.2  26.06.2025  02:37:49
  5   9   3  15  $12    0.100    16.6836   2620.66   0.0      4.56   1.4  26.06.2025  02:37:51
  5   9   4  16  $12    0.100    15.6947   1157.50   0.0      3.83   1.3  26.06.2025  02:37:53
  5   9  14  10  $12    0.010     6.9799   6167.29   0.0     -0.29   8.2  26.06.2025  02:37:58
  5   9  15  11  $12    0.100    16.7505   3946.75   0.0      3.41   3.2  26.06.2025  02:38:02
  5   9  16  12  $12    0.100     8.2116   3724.49   0.0      4.35   1.3  26.06.2025  02:38:04
  6  10   5   9  $12    0.010    14.8596   6365.85   0.0      2.23   1.6  26.06.2025  02:38:09
  6  10   7  11  $12    0.010    13.3947   5738.28   0.0     11.80   0.2  26.06.2025  02:38:11
  6  10   8  12  $12    0.010     6.9147  13033.81   0.0      6.76   5.8  26.06.2025  02:38:13
  6  10   1   5  $12    0.010    -5.9027   5215.45   0.0      4.20   1.4  26.06.2025  02:38:15
  6  10   3   7  $12    0.010    -6.1056   8056.18   0.0     18.79   0.6  26.06.2025  02:38:17
  6  10   4   8  $12    0.010    -2.6885   5067.66   0.0     15.61   1.4  26.06.2025  02:38:19
  6  10   1  13  $12    0.100    19.6165   4411.93   0.0      8.36   0.1  26.06.2025  02:38:22
  6  10   2  14  $12    0.100    19.8284   4983.42   0.0     16.64   0.3  26.06.2025  02:38:25
  6  10   3  15  $12    0.100    20.2130   4546.09   0.0     18.30   0.1  26.06.2025  02:38:27
  6  10   4  16  $12    0.100    19.2609   3025.50   0.0      5.28   1.0  26.06.2025  02:38:29
  6  10  13   9  $12    0.010     6.9728   9200.40   0.0      0.12  54.4  26.06.2025  02:38:34
  6  10  15  11  $12    0.010     5.2356   4626.06   0.0      2.32   4.4  26.06.2025  02:38:36
  6  10  16  12  $12    0.010     2.2828   5378.82   0.0     -0.20 136.4  26.06.2025  02:38:38
  7  11   5   9  $12    0.010     5.9795  11271.06   0.0      0.48   7.5  26.06.2025  02:38:40
  7  11   6  10  $12    0.010    13.4849   5776.92   0.0      9.12   0.8  26.06.2025  02:38:42
  7  11   8  12  $12    0.010    15.4537   6620.34   0.0      2.51   7.8  26.06.2025  02:38:44
  7  11   1   5  $12    0.010    -2.5128   5920.62   0.0     11.40   1.5  26.06.2025  02:38:46
  7  11   2   6  $12    0.010    -6.1816   5461.93   0.0     13.39   1.1  26.06.2025  02:38:48
  7  11   4   8  $12    0.010    -6.5268   8611.95   0.0      3.14   4.3  26.06.2025  02:38:50
  7  11   1  13  $12    0.100    17.0787   2682.71   0.0      4.15   0.4  26.06.2025  02:38:54
  7  11   2  14  $12    0.100    19.5321   4392.96   0.0      5.19   1.2  26.06.2025  02:38:56
  7  11   3  15  $12    0.100    22.8330   5738.55   0.0     17.57   0.4  26.06.2025  02:38:58
  7  11   4  16  $12    0.010     2.3701   5330.56   0.0     -1.97   2.3  26.06.2025  02:39:03
  7  11  13   9  $12    0.100    16.9259   3190.47   0.0      2.10   1.8  26.06.2025  02:39:07
  7  11  14  10  $12    0.010     5.3279   7029.95   0.0      8.04   0.7  26.06.2025  02:39:11
  7  11  16  12  $12    0.010     6.5328   5772.20   0.0      4.79   7.1  26.06.2025  02:39:14
  8  12   5   9  $12    0.010     3.8544   5085.79   0.0      2.50  21.0  26.06.2025  02:39:16
  8  12   6  10  $12    0.010     6.9517  13103.57   0.0      5.74   0.3  26.06.2025  02:39:18
  8  12   7  11  $12    0.010    15.4347   6612.19   0.0      3.06   3.3  26.06.2025  02:39:20
  8  12   1   5  $12    0.100   -14.1067   6398.32   0.0      5.50   0.7  26.06.2025  02:39:23
  8  12   2   6  $12    0.010    -2.7674   6520.59   0.0     14.76   0.3  26.06.2025  02:39:28
  8  12   3   7  $12    0.010    -6.6421   5868.80   0.0      3.06   2.7  26.06.2025  02:39:30
  8  12   1  13  $12    0.100    15.7993   1165.21   0.0      4.30   0.3  26.06.2025  02:39:34
  8  12   2  14  $12    0.100    19.0988   3000.03   0.0      5.03   1.6  26.06.2025  02:39:36
  8  12   3  15  $12    0.100    22.4574   5050.88   0.0      5.37   0.2  26.06.2025  02:39:38
  8  12  16   4  $12    0.010    -2.4880   6253.12   0.0     14.15   0.8  26.06.2025  02:39:43
  8  12   9  13  $12    0.100    -8.2108    351.75   0.0      5.63   0.4  26.06.2025  02:39:47
  8  12  10  14  $12    0.100   -22.1997   4184.54   0.0     11.04   0.4  26.06.2025  02:39:49
  8  12  11  15  $12    0.010    -6.4481   8508.06   0.0      8.64   1.7  26.06.2025  02:39:54
  9  13  10  14  $12    0.010    14.4029   6170.20   0.0      2.01   4.4  26.06.2025  02:39:56
  9  13  11  15  $12    0.010     5.3106  10010.27   0.0     -2.67   2.7  26.06.2025  02:39:58
  9  13  12  16  $12    0.010     3.3223   4383.64   0.0      0.08 222.4  26.06.2025  02:40:00
  9  13   6  10  $12    0.010    -6.8896   9090.61   0.0      2.35  34.7  26.06.2025  02:40:02
  9  13   7  11  $12    0.100   -16.8048   3167.63   0.0      4.98   0.2  26.06.2025  02:40:06
  9  13   8  12  $12    0.100    -8.1690    349.96   0.0      4.58   0.6  26.06.2025  02:40:08
  9  13   5   1  $12    0.010     2.5711  19385.27   0.0      2.26   7.6  26.06.2025  02:40:13
  9  13   6   2  $12    0.010     2.2546  10226.14   0.0      0.15 648.0  26.06.2025  02:40:15
  9  13   7   3  $12    0.100    19.5714   4611.40   0.0      4.12   0.7  26.06.2025  02:40:18
  9  13   8   4  $12    0.100    17.7225   1565.91   0.0      3.63   0.5  26.06.2025  02:40:20
  9  13   2  14  $12    0.010     5.2203   3850.02   0.0      6.70   0.4  26.06.2025  02:40:25
  9  13   3  15  $12    0.100    16.4571   2585.07   0.0    -12.18   0.7  26.06.2025  02:40:29
  9  13   4  16  $12    0.100     7.0603   1587.92   0.0      0.25 135.5  26.06.2025  02:40:31
 10  14   9  13  $12    0.010    14.3724   6157.13   0.0      4.05   1.3  26.06.2025  02:40:36
 10  14  11  15  $12    0.010    13.8691   5941.52   0.0     -0.44  50.5  26.06.2025  02:40:38
 10  14  12  16  $12    0.010     6.2518  11784.36   0.0      4.39   1.5  26.06.2025  02:40:40
 10  14   5   9  $12    0.010    -6.9391   6131.20   0.0      4.55   6.8  26.06.2025  02:40:42
 10  14   7  11  $12    0.010    -5.2636   6945.20   0.0     13.22   2.8  26.06.2025  02:40:44
 10  14   8  12  $12    0.010    -2.1894   4126.89   0.0     15.76   0.8  26.06.2025  02:40:46
 10  14   5   1  $12    0.010     2.2408  25738.50   0.0      4.28  11.9  26.06.2025  02:40:48
 10  14   6   2  $12    0.010     2.2034  16613.35   0.0      2.53  15.2  26.06.2025  02:40:50
 10  14   7   3  $12    0.010     2.0443   9272.25   0.0     -0.62  87.1  26.06.2025  02:40:52
 10  14   8   4  $12    0.100    19.6312   4625.50   0.0      5.47   0.0  26.06.2025  02:40:56
 10  14   1  13  $12    0.010     5.1603   4626.23   0.0      4.75   0.5  26.06.2025  02:41:01
 10  14   3  15  $12    0.010     6.5372   4821.20   0.0    -11.13   0.9  26.06.2025  02:41:03
 10  14   4  16  $12    0.010     2.0709   3253.01   0.0     -5.68   9.0  26.06.2025  02:41:05
 11  15   9  13  $12    0.010     5.2970   9984.69   0.0     -2.28   1.2  26.06.2025  02:41:07
 11  15  10  14  $12    0.010    13.7747   5901.08   0.0      1.54   0.6  26.06.2025  02:41:09
 11  15  12  16  $12    0.010    17.4892   7492.35   0.0     12.45   0.5  26.06.2025  02:41:11
 11  15   5   9  $12    0.100   -16.6235   3916.81   0.0      6.39   0.6  26.06.2025  02:41:15
 11  15   6  10  $12    0.010    -5.1983   4593.04   0.0     10.25   0.4  26.06.2025  02:41:20
 11  15   8  12  $12    0.010    -6.4569   8519.73   0.0      7.12   2.6  26.06.2025  02:41:22
 11  15   5   1  $12    0.100    19.1521  31588.23   0.0      4.17   0.4  26.06.2025  02:41:26
 11  15   6   2  $12    0.100    20.3829  23412.72   0.0      5.34   1.9  26.06.2025  02:41:28
 11  15   7   3  $12    0.100    21.9886  16579.04   0.0     14.42   0.1  26.06.2025  02:41:30
 11  15   8   4  $12    0.100    22.8205  10350.63   0.0      6.94   0.4  26.06.2025  02:41:32
 11  15   1  13  $12    0.100    17.1526  37720.55   0.0     -0.70  17.8  26.06.2025  02:41:34
 11  15   2  14  $12    0.010     6.5996   5916.53   0.0     -3.31   0.3  26.06.2025  02:41:39
 11  15   4  16  $12    0.010     8.5993   6342.02   0.0     20.96   0.4  26.06.2025  02:41:41
 12  16   9  13  $12    0.010     3.3214   4382.44   0.0     -1.22  13.9  26.06.2025  02:41:43
 12  16  10  14  $12    0.010     6.2756  11829.29   0.0      4.57   6.2  26.06.2025  02:41:45
 12  16  11  15  $12    0.010    17.3314   7424.77   0.0     12.96   0.0  26.06.2025  02:41:47
 12  16   5   9  $12    0.100    -8.1161   3681.19   0.0      8.91   0.9  26.06.2025  02:41:50
 12  16   6  10  $12    0.100   -22.5377   5310.33   0.0     11.22   0.1  26.06.2025  02:41:52
 12  16   7  11  $12    0.010    -6.4626   5710.14   0.0      9.04   1.0  26.06.2025  02:41:58
 12  16   5   1  $12    0.100    17.4577  39591.23   0.0      2.98   0.6  26.06.2025  02:42:01
 12  16   6   2  $12    0.100    19.5438  32234.22   0.0      3.19   3.0  26.06.2025  02:42:03
 12  16   7   3  $12    0.100    21.9176  25175.52   0.0      3.89   0.7  26.06.2025  02:42:05
 12  16   8   4  $12    0.010     2.4890  18766.88   0.0     -0.27  29.7  26.06.2025  02:42:10
 12  16  13   1  $12    0.100    -7.3614    719.98   0.0      1.76   1.9  26.06.2025  02:42:14
 12  16  14   2  $12    0.100   -20.2186  44463.07   0.0      6.40   0.4  26.06.2025  02:42:16
 12  16  15   3  $12    0.010    -8.5624   7676.23   0.0     25.18   0.0  26.06.2025  02:42:21
 13   1  14   2  $12    0.010    12.0069   4117.62   0.0      4.85   3.0  26.06.2025  02:42:23
 13   1  15   3  $12    0.010     5.3638   4067.47   0.0      0.23  55.5  26.06.2025  02:42:25
 13   1  16   4  $12    0.010     3.2968   4237.01   0.0     -0.47 101.2  26.06.2025  02:42:27
 13   1  10  14  $12    0.010    -5.1109   4581.90   0.0     10.94   0.8  26.06.2025  02:42:29
 13   1  11  15  $12    0.100   -17.0388  37470.31   0.0     -6.92   1.1  26.06.2025  02:42:33
 13   1  12  16  $12    0.100    -7.3603    719.87   0.0      3.27   1.1  26.06.2025  02:42:35
 13   1   9   5  $12    0.100    21.2044   5329.25   0.0     20.41   0.0  26.06.2025  02:42:37
 13   1  10   6  $12    0.100    19.5407   4394.88   0.0      7.46   0.1  26.06.2025  02:42:39
 13   1  11   7  $12    0.100    17.0253   2674.33   0.0      4.38   1.4  26.06.2025  02:42:41
 13   1  12   8  $12    0.100    15.7637   1162.58   0.0      4.36   0.2  26.06.2025  02:42:43
 13   1   6   2  $12    0.010     4.8950   3610.13   0.0      1.08   4.5  26.06.2025  02:42:48
 13   1   7   3  $12    0.100    19.2251   3019.87   0.0      4.72   0.2  26.06.2025  02:42:52
 13   1   8   4  $12    0.100     9.6237   2164.46   0.0      4.58   1.9  26.06.2025  02:42:54
 14   2  13   1  $12    0.010    12.0362   4127.67   0.0      4.35   0.5  26.06.2025  02:42:59
 14   2  15   3  $12    0.010    14.3630   4925.62   0.0      1.73   4.2  26.06.2025  02:43:01
 14   2  16   4  $12    0.010     6.3005   4777.79   0.0      4.80   2.4  26.06.2025  02:43:03
 14   2   9  13  $12    0.010    -5.1210   3776.79   0.0      9.64   7.8  26.06.2025  02:43:05
 14   2  11  15  $12    0.010    -6.5844   5902.94   0.0     -3.01   5.6  26.06.2025  02:43:07
 14   2  12  16  $12    0.010    -2.0002  43986.45   0.0     12.30   0.2  26.06.2025  02:43:09
 14   2   9   5  $12    0.100    18.2512   4104.87   0.0      4.60   1.0  26.06.2025  02:43:13
 14   2  10   6  $12    0.100    19.8209   4981.54   0.0     14.15   0.3  26.06.2025  02:43:15
 14   2  11   7  $12    0.100    19.5373   4394.12   0.0      5.38   0.4  26.06.2025  02:43:17
 14   2  12   8  $12    0.100    19.1395   3006.42   0.0      5.35   0.4  26.06.2025  02:43:19
 14   2   5   1  $12    0.010     5.0523   4529.42   0.0      0.46   8.9  26.06.2025  02:43:24
 14   2   7   3  $12    0.010     5.7816   4263.98   0.0      7.80   5.6  26.06.2025  02:43:26
 14   2   8   4  $12    0.010     2.3625   3711.01   0.0      3.38   9.3  26.06.2025  02:43:28
 15   3  13   1  $12    0.010     5.3521   4058.57   0.0     -0.82   4.2  26.06.2025  02:43:30
 15   3  14   2  $12    0.010    14.2838   4898.44   0.0      3.67   1.1  26.06.2025  02:43:32
 15   3  16   4  $12    0.010    16.2250   5564.15   0.0     14.01   0.3  26.06.2025  02:43:34
 15   3   9  13  $12    0.100   -16.5292   2596.40   0.0      2.16   1.7  26.06.2025  02:43:38
 15   3  10  14  $12    0.010    -6.5025   4795.62   0.0     -3.66   0.8  26.06.2025  02:43:42
 15   3  12  16  $12    0.010    -8.6218   7729.45   0.0     23.73   0.1  26.06.2025  02:43:44
 15   3   9   5  $12    0.100    16.6709   2618.67   0.0      5.00   0.4  26.06.2025  02:43:48
 15   3  10   6  $12    0.100    20.0977   4520.17   0.0     18.03   0.1  26.06.2025  02:43:50
 15   3  11   7  $12    0.100    22.7048   5706.34   0.0     17.48   0.2  26.06.2025  02:43:52
 15   3  12   8  $12    0.100    22.4733   5054.46   0.0      5.92   0.1  26.06.2025  02:43:54
 15   3   5   1  $12    0.100    20.1162  44237.74   0.0      6.94   1.0  26.06.2025  02:43:57
 15   3   6   2  $12    0.010     5.7506   5155.45   0.0      9.01   0.7  26.06.2025  02:44:01
 15   3   8   4  $12    0.010     5.2758   3890.95   0.0      6.91   2.8  26.06.2025  02:44:04
 16   4  13   1  $12    0.010     3.3109   4255.17   0.0      0.12 105.1  26.06.2025  02:44:06
 16   4  14   2  $12    0.010     6.3082   4783.62   0.0      4.01   3.1  26.06.2025  02:44:08
 16   4  15   3  $12    0.010    16.1503   5538.55   0.0     12.98   0.9  26.06.2025  02:44:10
 16   4   9  13  $12    0.100    -7.0176   1578.31   0.0      5.88   0.5  26.06.2025  02:44:13
 16   4  10  14  $12    0.100   -20.4696   3215.36   0.0      5.28   0.6  26.06.2025  02:44:15
 16   4  11  15  $12    0.010    -8.4594   6238.91   0.0     23.96   0.8  26.06.2025  02:44:20
 16   4   9   5  $12    0.100    15.7060   1158.33   0.0      3.65   0.6  26.06.2025  02:44:24
 16   4  10   6  $12    0.100    19.3220   3035.10   0.0      5.67   0.1  26.06.2025  02:44:26
 16   4  11   7  $12    0.010     2.3685   5327.07   0.0     -2.07   4.2  26.06.2025  02:44:31
 16   4  12   8  $12    0.010     2.5414   6387.15   0.0      1.54  18.9  26.06.2025  02:44:33
 16   4   5   1  $12    0.100    10.0381    981.77   0.0      5.26   0.8  26.06.2025  02:44:37
 16   4   6   2  $12    0.100    22.8387  50224.88   0.0      9.00   0.6  26.06.2025  02:44:39
 16   4   7   3  $12    0.010     5.2443   4701.56   0.0      5.18   0.3  26.06.2025  02:44:44
  1   4   2   3  $12    0.010     6.5053   4087.39   0.0      3.36   0.4  26.06.2025  02:44:46
  2   3   1   4  $12    0.010     6.5436   4111.44   0.0      0.33 114.1  26.06.2025  02:44:48
  1   2   3   4  $12    0.010    -2.3228   4378.29   0.0     22.24   2.2  26.06.2025  02:44:50
  3   4   1   2  $12    0.010    -2.3399   4410.57   0.0     19.95   0.5  26.06.2025  02:44:52
  5   8   6   7  $12    0.010     7.7927   4896.29   0.0     -3.60   2.8  26.06.2025  02:44:54
  6   7   5   8  $12    0.010     7.7899   4894.55   0.0     -1.98   3.7  26.06.2025  02:44:56
  5   6   7   8  $12    0.010    -2.1859   4120.29   0.0     25.71   0.1  26.06.2025  02:44:58
  7   8   5   6  $12    0.010    -2.2218   4187.98   0.0     25.48   3.3  26.06.2025  02:45:00
  9  12  10  11  $12    0.010    10.3082   6476.85   0.0      3.16   7.0  26.06.2025  02:45:02
 10  11   9  12  $12    0.010    10.3237   6486.59   0.0      1.71   3.5  26.06.2025  02:45:04
  9  10  11  12  $12    0.010    -2.0839   3928.07   0.0     28.24   1.5  26.06.2025  02:45:06
 11  12   9  10  $12    0.010    -2.0837   3927.71   0.0     19.02   6.9  26.06.2025  02:45:08
 13  16  14  15  $12    0.010    10.8326   6806.30   0.0     22.29   1.2  26.06.2025  02:45:10
 14  15  13  16  $12    0.010    10.9195   6860.95   0.0     19.71   0.3  26.06.2025  02:45:12
 13  14  15  16  $12    0.010    -3.5405   6673.78   0.0      0.91  77.3  26.06.2025  02:45:14
  1   9  10   2  $12    0.010   -15.9682   5746.22   0.0      5.22   2.1  26.06.2025  02:45:16
  1   9  11   3  $12    0.010    -7.2458   6208.21   0.0      8.31   0.6  26.06.2025  02:45:19
  1   9  12   4  $12    0.010    -5.1027   8532.35   0.0      9.47   0.8  26.06.2025  02:45:21
  2  10   9   1  $12    0.010   -15.9839   5751.91   0.0      5.38   1.1  26.06.2025  02:45:23
  2  10  11   3  $12    0.010   -15.0371   5411.20   0.0     11.84   0.5  26.06.2025  02:45:25
  2  10  12   4  $12    0.010    -8.4064   7202.61   0.0     10.31   0.3  26.06.2025  02:45:27
  3  11   9   1  $12    0.010    -7.2628   6222.78   0.0      7.16   2.5  26.06.2025  02:45:29
  3  11  10   2  $12    0.010   -15.1018   5434.45   0.0     10.13   1.0  26.06.2025  02:45:31
  3  11  12   4  $12    0.010   -16.2810   5858.81   0.0      6.84   0.6  26.06.2025  02:45:33
 12   4   9   1  $12    0.010     5.1555   8620.70   0.0      1.24  34.8  26.06.2025  02:45:35
 12   4  10   2  $12    0.010     8.4911   7275.12   0.0      4.89   4.2  26.06.2025  02:45:37
 12   4  11   3  $12    0.010    16.3315   5876.98   0.0      4.98   2.1  26.06.2025  02:45:39
 13   5  14   6  $12    0.010    15.2238   5478.36   0.0      3.99   1.0  26.06.2025  02:45:41
 13   5  15   7  $12    0.010     7.8821   6753.34   0.0      0.28 122.3  26.06.2025  02:45:43
 13   5  16   8  $12    0.010     5.4887   9177.93   0.0      1.62   3.1  26.06.2025  02:45:45
 14   6  13   5  $12    0.010    15.2507   5488.05   0.0      4.31   0.9  26.06.2025  02:45:47
 14   6  15   7  $12    0.010    16.8132   6050.30   0.0      3.56   1.9  26.06.2025  02:45:49
 14   6  16   8  $12    0.010     8.6754   7433.05   0.0      5.34   2.2  26.06.2025  02:45:51
 15   7  13   5  $12    0.010     7.8772   6749.13   0.0      0.34  12.9  26.06.2025  02:45:53
 15   7  14   6  $12    0.010    16.7364   6022.66   0.0      4.37   2.1  26.06.2025  02:45:55
 15   7  16   8  $12    0.010    19.7728   7115.35   0.0     10.67   0.5  26.06.2025  02:45:57
 16   8  13   5  $12    0.010     5.5012   9198.82   0.0     -0.25  84.7  26.06.2025  02:45:59
 16   8  14   6  $12    0.010     8.6955   7450.32   0.0      3.65   6.6  26.06.2025  02:46:01
 16   8  15   7  $12    0.010    19.6374   7066.62   0.0     11.53   0.5  26.06.2025  02:46:03
  1   2   5   6  $12    1.000    11.9442   2251.43   0.0     38.48   0.2  26.06.2025  02:46:09
  2   3   6   7  $12    1.000    11.7092   2207.14   0.0     27.72   0.7  26.06.2025  02:46:11
  3   4   7   8  $12    1.000     8.0789   1522.85   0.0     17.67   0.4  26.06.2025  02:46:13
  1   2   9  10  $12    1.000     3.7466   5932.23   0.0     39.24   1.0  26.06.2025  02:46:15
  2   3  10  11  $12    1.000     4.5956   7276.49   0.0     10.89   2.7  26.06.2025  02:46:17
  3   4  11  12  $12   10.000    19.0924   3023.02   0.0     17.68   0.2  26.06.2025  02:46:21
  1   2  13  14  $12    1.000    20.2648 109247.05   0.0     53.97   0.0  26.06.2025  02:46:26
  2   3  14  15  $12    1.000    17.7313  95588.76   0.0     53.74   0.3  26.06.2025  02:46:28
  3   4  15  16  $12    1.000    11.5511  62271.56   0.0     63.60   0.5  26.06.2025  02:46:30
  5   6   9  10  $12    1.000    12.5524   2366.07   0.0     88.17   0.1  26.06.2025  02:46:32
  6   7  10  11  $12    1.000    18.6767   3520.47   0.0     63.69   0.2  26.06.2025  02:46:34
  7   8  11  12  $12    1.000     9.4057   1772.94   0.0     27.18   0.3  26.06.2025  02:46:36
  5   6  13  14  $12    1.000     3.8802   6143.69   0.0    111.39   0.2  26.06.2025  02:46:38
  6   7  14  15  $12    1.000     3.5608   5638.08   0.0    -14.57   1.8  26.06.2025  02:46:40
  7   8  15  16  $12   10.000     5.9158    936.69   0.2   -498.44   0.4  26.06.2025  02:46:44
  9  10  13  14  $12    0.100     2.8681   5406.23   0.0    219.05   0.0  26.06.2025  02:46:51
 10  11  14  15  $12    0.100     2.4443   4607.38   0.0     73.72   0.1  26.06.2025  02:46:53
 11  12  15  16  $12    1.000    12.1890   2297.58   0.0    141.26   0.0  26.06.2025  02:46:57
  1   2   6   7  $12    1.000    11.6674   4398.49   0.0     -3.69   1.1  26.06.2025  02:46:59
  2   3   7   8  $12    1.000     7.5821   2858.39   0.0     10.97   1.1  26.06.2025  02:47:01
  1   2   7   8  $12    1.000     7.4495   4914.66   0.0      4.18   2.0  26.06.2025  02:47:03
  2   3   7   8  $12    1.000     7.5894   2861.12   0.0     11.67   0.2  26.06.2025  02:47:05
  1   2  10  11  $12    1.000     5.0428  11406.65   0.0      6.56   2.6  26.06.2025  02:47:07
  2   3  11  12  $12   10.000    18.7248   4235.44   0.0     -6.41   0.5  26.06.2025  02:47:11
  1   2  11  12  $12   10.000    21.3774   6648.75   0.0      4.93   2.0  26.06.2025  02:47:13
  2   3  11  12  $12   10.000    18.6743   4224.02   0.0     -6.55   0.4  26.06.2025  02:47:15
  1   2  14  15  $12    1.000    17.6059 120798.45   0.0     35.68   0.2  26.06.2025  02:47:20
  2   3  15  16  $12    1.000     4.8969  33598.87   0.0   -191.09   0.0  26.06.2025  02:47:22
  1   2  15  16  $12    1.000     5.5655  47732.76   0.0    -97.05   0.0  26.06.2025  02:47:24
  2   3  15  16  $12    1.000     4.8970  33599.16   0.0   -188.23   0.0  26.06.2025  02:47:26
  5   6  10  11  $12    1.000     9.6241   3628.20   0.0    -58.89   0.0  26.06.2025  02:47:28
  6   7  11  12  $12    1.000     7.6280   2875.69   0.0    -27.12   0.0  26.06.2025  02:47:30
  5   6  11  12  $12    1.000     5.7753   3810.16   0.0    -10.55   0.5  26.06.2025  02:47:32
  6   7  11  12  $12    1.000     7.6197   2872.55   0.0    -27.59   0.1  26.06.2025  02:47:34
  5   6  14  15  $12    1.000     3.9761   8993.77   0.0     73.84   0.6  26.06.2025  02:47:36
  6   7  15  16  $12    1.000     2.5669   5806.17   0.0     56.08   0.8  26.06.2025  02:47:38
  5   6  15  16  $12   10.000     6.2647   1948.45   0.5   -424.33   0.7  26.06.2025  02:47:42
  6   7  15  16  $12    1.000     2.6289   5946.49   0.0     62.50   0.5  26.06.2025  02:47:47
  9  10  14  15  $12    1.000    17.7582   6694.68   0.0     55.92   0.2  26.06.2025  02:47:49
 10  11  15  16  $12    1.000    12.9965   4899.57   0.0     -8.72   1.3  26.06.2025  02:47:51
  9  10  15  16  $12    1.000    -1.9298   1273.19   0.1    997.36   0.0  26.06.2025  02:47:53
 10  11  15  16  $12    1.000    13.0267   4910.95   0.0     -9.49   2.3  26.06.2025  02:47:55
