//C:\Users\user\Desktop\GeoTom\GeoTomE724.ini
//- Cable direction:
//  cable I: normal
//  cable II: normal
//  cable III: normal
//  cable IV: normal
//- Cable arrangement: sequential
//- Optimization: Last measurement
//- Sorting: Multi-level
//- Current levels: 0.001 mA .. 50.0 mA
Type:         Flow
Name:         Hyprop
Comment:      Example of a measurements sequence
Comment:      
Comment:      
Spacing:      1.00000
First El:     0.00000
Nr of points: 289
IP present:   1

  1   5   2   6  $12    0.001   132.0942 565890.42   0.0      4.31   2.6  28.06.2025  22:35:09
  1   5   3   7  $12    0.001     8.0275 151314.95   0.0    165.67   0.1  28.06.2025  22:35:11
  1   5   4   8  $12    0.001     3.9203  51726.98   0.0    186.65   0.0  28.06.2025  22:35:13
  1   5  14   2  $12    0.010    -3.7531   3364.65   0.0    -25.19   2.2  28.06.2025  22:35:17
  1   5  15   3  $12    0.100   -13.1519  28922.63   0.0     -2.48   6.5  28.06.2025  22:35:21
  1   5  16   4  $12    0.100    -4.2320    413.91   0.0    144.31   0.1  28.06.2025  22:35:23
  1   5  13   9  $12    0.010     8.3139  62685.59   0.0   -229.43   0.0  28.06.2025  22:35:28
  1   5  14  10  $12    0.010     2.5481  29268.17   0.1    309.51   0.6  28.06.2025  22:35:30
  1   5  15  11  $12    0.010     3.7226  61398.29   0.0    -49.83   1.6  28.06.2025  22:35:32
  1   5  16  12  $12    0.010     2.9033  65842.40   0.0     -3.62  10.3  28.06.2025  22:35:34
  1   5  10   6  $12    0.001   130.9538 1157072.60   0.0      6.21   5.9  28.06.2025  22:35:39
  1   5  11   7  $12    0.001     7.3940 174217.57   0.0    184.58   0.4  28.06.2025  22:35:41
  1   5  12   8  $12    0.001     3.5149 159424.23   0.0    211.58   0.1  28.06.2025  22:35:43
  2   6   1   5  $12    0.001   129.4879 554724.87   0.0     15.72   0.3  28.06.2025  22:35:46
  2   6   3   7  $12    0.001    14.7046  62994.15   0.0    178.70   0.2  28.06.2025  22:35:48
  2   6   4   8  $12    0.001     6.6383 125128.30   0.0    206.70   0.1  28.06.2025  22:35:50
  2   6  13   1  $12    0.010     3.5906   2648.06   0.2  -1149.82   0.9  28.06.2025  22:35:54
  2   6  15   3  $12    0.010    -6.2181   5574.54   0.0     38.29   2.3  28.06.2025  22:35:56
  2   6  16   4  $12    0.010    -2.4586  54068.21   0.0     -5.53   6.4  28.06.2025  22:35:58
  2   6  13   9  $12    0.010     9.8478  44666.26   0.1   -373.16   0.3  28.06.2025  22:36:00
  2   6  14  10  $12    0.010     1.1866   8946.56   0.2   1246.36   0.4  28.06.2025  22:36:04
  2   6  15  11  $12    0.010     3.7387  42943.92   0.0    -71.67   1.2  28.06.2025  22:36:06
  2   6  16  12  $12    0.010     2.9355  48415.97   0.0     -3.50   6.7  28.06.2025  22:36:08
  2   6   9   5  $12    0.001   117.5643 1551224.13   0.0     11.33   2.2  28.06.2025  22:36:13
  2   6  11   7  $12    0.001    12.1508 107361.00   0.0    194.82   0.3  28.06.2025  22:36:16
  2   6  12   8  $12    0.001     5.5604 131014.46   0.0    227.06   0.3  28.06.2025  22:36:18
  3   7   1   5  $12    0.001     7.6354 143923.94   0.1    129.53   1.1  28.06.2025  22:36:20
  3   7   2   6  $12    0.001    13.6870  58634.84   0.2    143.87   3.0  28.06.2025  22:36:22
  3   7   4   8  $12    0.001     6.8915  29523.00   0.3    248.72   0.2  28.06.2025  22:36:24
  3   7  13   1  $12    0.100   -10.6106   1666.72   0.1     84.86   3.0  28.06.2025  22:36:29
  3   7  14   2  $12    0.010    -6.3437   4678.52   0.0     20.93   1.4  28.06.2025  22:36:34
  3   7  16   4  $12    0.010    -5.8493   5243.95   0.0     16.37   0.6  28.06.2025  22:36:36
  3   7  13   9  $12    0.010     2.3154   5455.49   0.1    -31.11   3.3  28.06.2025  22:36:38
  3   7  14  10  $12    0.010     2.5558  11592.16   0.0     16.55   8.0  28.06.2025  22:36:40
  3   7  15  11  $12    0.010     2.6861  20252.46   0.0     11.26  11.1  28.06.2025  22:36:42
  3   7  16  12  $12    0.010     2.8691  32956.00   0.0      3.45   0.9  28.06.2025  22:36:44
  3   7   9   5  $12    0.001     6.0072 113232.65   0.0    151.78   0.6  28.06.2025  22:36:49
  3   7  10   6  $12    0.001    10.9318 144241.77   0.3    161.71   1.6  28.06.2025  22:36:51
  3   7  12   8  $12    0.001     5.4524  48175.57   0.0    287.60   0.2  28.06.2025  22:36:53
  4   8   1   5  $12    0.001     3.5617  46995.86   0.5    132.07   4.6  28.06.2025  22:36:55
  4   8   2   6  $12    0.001     6.0642 114307.35   0.3    137.29   2.0  28.06.2025  22:36:57
  4   8   3   7  $12    0.001     6.2858  26928.48   0.1    214.72   0.0  28.06.2025  22:36:59
  4   8  13   1  $12    0.100    -5.4236   1219.83   0.0    -11.78  26.9  28.06.2025  22:37:09
  4   8  14   2  $12    0.100   -23.1055   3629.40   0.0      7.81   2.7  28.06.2025  22:37:12
  4   8  15   3  $12    0.010    -6.0093   4431.92   0.0     12.82   1.3  28.06.2025  22:37:17
  4   8  13   9  $12    0.010     2.1858   1931.34   0.1    -43.86  12.9  28.06.2025  22:37:19
  4   8  14  10  $12    0.010     2.5545   6018.94   0.2     14.43  35.6  28.06.2025  22:37:21
  4   8  15  11  $12    0.010     2.8979  13143.72   0.0      4.51  16.4  28.06.2025  22:37:23
  4   8  16  12  $12    0.010     3.2930  24828.77   0.0      2.27   7.4  28.06.2025  22:37:25
  4   8   9   5  $12    0.010    22.0151   9431.27   0.1    157.91   0.6  28.06.2025  22:37:27
  4   8  10   6  $12    0.001     4.4115  83154.85   0.3    185.74   4.9  28.06.2025  22:37:32
  4   8  11   7  $12    0.001     4.4706  58988.76   0.2    279.04   0.1  28.06.2025  22:37:34
  5   9   6  10  $12    0.001   128.3321 549773.62   0.0     15.48   7.3  28.06.2025  22:37:36
  5   9   7  11  $12    0.001     6.8471 129065.08   0.0    171.65   0.1  28.06.2025  22:37:38
  5   9   8  12  $12    0.001     2.8511  37618.78   0.0    216.79   0.0  28.06.2025  22:37:40
  5   9   2   6  $12    0.001  -127.1214 1677327.99   0.0     15.96   0.2  28.06.2025  22:37:43
  5   9   3   7  $12    0.001    -6.6341 125048.90   0.0    183.15   0.1  28.06.2025  22:37:45
  5   9   4   8  $12    0.001    -2.7188  11647.37   0.0    242.10   0.4  28.06.2025  22:37:47
  5   9   1  13  $12    0.010     6.5984  16583.64   0.2   -299.87   0.5  28.06.2025  22:37:51
  5   9   2  14  $12    0.100    17.7899   4001.12   0.0     36.70   0.3  28.06.2025  22:37:54
  5   9   3  15  $12    0.100    17.6262   2768.71   0.0     10.64   0.5  28.06.2025  22:37:56
  5   9   4  16  $12    0.100    18.3145   1350.71   0.0     -4.37   1.5  28.06.2025  22:37:58
  5   9  14  10  $12    0.010     9.9915   8828.19   0.0    -47.71   4.2  28.06.2025  22:38:03
  5   9  15  11  $12    0.100     5.1244   1207.41   0.0     46.76   1.4  28.06.2025  22:38:07
  5   9  16  12  $12    0.100    -2.6286   1192.26   0.0      3.67   1.6  28.06.2025  22:38:09
  6  10   5   9  $12    0.001   113.9788 488283.86   0.0     -1.54  18.8  28.06.2025  22:38:17
  6  10   7  11  $12    0.001    11.5765  49593.48   0.1    161.99   0.4  28.06.2025  22:38:20
  6  10   8  12  $12    0.001     4.8958  92283.45   0.0    204.32   0.0  28.06.2025  22:38:22
  6  10   1   5  $12    0.001  -113.7341 1004923.81   0.0     11.30   2.1  28.06.2025  22:38:24
  6  10   3   7  $12    0.001   -10.8701 143427.53   0.0    180.87   0.4  28.06.2025  22:38:26
  6  10   4   8  $12    0.001    -4.5103  85016.87   0.0    252.68   0.2  28.06.2025  22:38:28
  6  10   1  13  $12    0.010     7.4531  16762.62   0.3   -418.71   0.1  28.06.2025  22:38:32
  6  10   2  14  $12    0.100    19.5083   4902.96   0.0      8.86   2.4  28.06.2025  22:38:36
  6  10   3  15  $12    0.100    19.3930   4361.68   0.0     29.62   0.1  28.06.2025  22:38:38
  6  10   4  16  $12    0.010     2.3701   3722.98   0.0     12.03   1.3  28.06.2025  22:38:43
  6  10  13   9  $12    0.010     4.4450   5865.08   0.4    531.16   0.3  28.06.2025  22:38:45
  6  10  15  11  $12    0.010     7.0996   6273.02   0.0     37.98   0.8  28.06.2025  22:38:47
  6  10  16  12  $12    0.010     2.5036   5898.89   0.0      3.76   4.7  28.06.2025  22:38:49
  7  11   5   9  $12    0.001     6.2714 118213.71   0.2    143.93   0.6  28.06.2025  22:38:54
  7  11   6  10  $12    0.001    10.7714  46144.69   0.0    131.39   0.3  28.06.2025  22:38:56
  7  11   8  12  $12    0.001     6.1056  26156.31   0.1    234.52   0.4  28.06.2025  22:38:58
  7  11   1   5  $12    0.001    -6.0288 142050.16   0.1    151.61   0.6  28.06.2025  22:39:00
  7  11   2   6  $12    0.001   -10.0244  88572.66   0.2    164.82   2.0  28.06.2025  22:39:02
  7  11   4   8  $12    0.001    -4.7978  63305.37   0.2    302.42   0.5  28.06.2025  22:39:04
  7  11   1  13  $12    0.010     2.1961   3449.69   0.7    -79.05   2.6  28.06.2025  22:39:08
  7  11   2  14  $12    0.010     2.1331   4797.45   0.1      5.72  41.5  28.06.2025  22:39:10
  7  11   3  15  $12    0.010     2.6586   6681.85   0.0      3.29  20.4  28.06.2025  22:39:12
  7  11   4  16  $12    0.010     3.0631   6889.16   0.0     -0.40  76.8  28.06.2025  22:39:14
  7  11  13   9  $12    0.100    13.3191   2510.60   0.0    109.11   0.4  28.06.2025  22:39:18
  7  11  14  10  $12    0.010     8.5193  11240.96   0.0      5.53   8.6  28.06.2025  22:39:23
  7  11  16  12  $12    0.010     9.6760   8549.50   0.0      7.77   2.1  28.06.2025  22:39:25
  8  12   5   9  $12    0.001     3.0560  40322.95   0.2    139.38   1.9  28.06.2025  22:39:30
  8  12   6  10  $12    0.001     5.0727  95617.59   0.5    162.25   0.9  28.06.2025  22:39:32
  8  12   7  11  $12    0.001     5.7762  24745.21   0.1    205.63   0.1  28.06.2025  22:39:34
  8  12   1   5  $12    0.001    -2.7057 122723.82   0.7    153.93   0.5  28.06.2025  22:39:36
  8  12   2   6  $12    0.001    -4.3043 101417.53   0.1    202.28   7.3  28.06.2025  22:39:38
  8  12   3   7  $12    0.001    -4.4654  39454.74   0.1    274.29   0.1  28.06.2025  22:39:40
  8  12   1  13  $12    0.100    17.7870   1311.80   0.0    -36.76   7.2  28.06.2025  22:39:45
  8  12   2  14  $12    0.100    19.6944   3093.58   0.0      5.43   3.7  28.06.2025  22:39:47
  8  12   3  15  $12    0.010     2.4786   5574.51   0.1      1.40  30.8  28.06.2025  22:39:52
  8  12  16   4  $12    0.010    -2.9391   7386.81   0.0     11.80   9.3  28.06.2025  22:39:54
  8  12   9  13  $12    0.100    -5.9192    253.58   0.1    129.97   2.3  28.06.2025  22:39:59
  8  12  10  14  $12    0.010    -3.3815   6373.96   0.0      4.61  18.1  28.06.2025  22:40:03
  8  12  11  15  $12    0.010    -9.9427  13119.13   0.0      3.29   3.9  28.06.2025  22:40:05
  9  13  10  14  $12    0.001     3.2533  13936.94   0.2      9.35  29.6  28.06.2025  22:40:10
  9  13  11  15  $12    0.010     7.3719  13895.71   0.0     18.28   1.4  28.06.2025  22:40:14
  9  13  12  16  $12    0.010     3.6395   4802.25   0.0     -5.08   5.0  28.06.2025  22:40:16
  9  13   6  10  $12    0.010    -4.7715   6295.87   0.2    598.98   0.3  28.06.2025  22:40:18
  9  13   7  11  $12    0.100   -14.0845   2654.87   0.1     43.84   3.4  28.06.2025  22:40:22
  9  13   8  12  $12    0.100    -5.9484    254.83   0.0     27.43   0.6  28.06.2025  22:40:24
  9  13   5   1  $12    0.010     5.7230  43150.52   0.1   -180.10   2.1  28.06.2025  22:40:29
  9  13   6   2  $12    0.010     5.4749  24832.36   0.2   -374.23   1.6  28.06.2025  22:40:31
  9  13   7   3  $12    0.010     2.2423   5283.20   0.0    -27.70   2.8  28.06.2025  22:40:33
  9  13   8   4  $12    0.010     2.0806   1838.37   0.0    -19.09   3.5  28.06.2025  22:40:35
  9  13   2  14  $12    0.010    12.9726   9567.37   0.0     55.29   0.2  28.06.2025  22:40:37
  9  13   3  15  $12    0.010     3.2331   5078.56   0.0     26.78   3.8  28.06.2025  22:40:39
  9  13   4  16  $12    0.100     8.8454   1989.41   0.0    -23.88   0.7  28.06.2025  22:40:43
 10  14   9  13  $12    0.001     2.6032  11151.99   0.2     14.18  28.9  28.06.2025  22:40:51
 10  14  11  15  $12    0.001     3.7436  16037.75   0.0     -8.15  32.3  28.06.2025  22:40:53
 10  14  12  16  $12    0.010     9.1056  17163.62   0.0      7.58   2.9  28.06.2025  22:40:57
 10  14   5   9  $12    0.010    -9.5164   8408.41   0.0    -48.09   1.3  28.06.2025  22:40:59
 10  14   7  11  $12    0.010    -8.3912  11071.99   0.0      9.26   3.7  28.06.2025  22:41:01
 10  14   8  12  $12    0.010    -3.2987   6217.82   0.0      9.40   6.2  28.06.2025  22:41:03
 10  14   5   1  $12    0.010     2.7298  31355.28   0.1    278.77   1.9  28.06.2025  22:41:05
 10  14   6   2  $12    0.100    12.6800   9560.49   0.5   1090.10   0.5  28.06.2025  22:41:08
 10  14   7   3  $12    0.010     2.5462  11548.53   0.1     17.47   5.3  28.06.2025  22:41:13
 10  14   8   4  $12    0.010     2.5860   6093.15   0.0      8.34   8.5  28.06.2025  22:41:15
 10  14   1  13  $12    0.010    16.8542  15109.85   0.0     52.55   1.6  28.06.2025  22:41:18
 10  14   3  15  $12    0.001     2.6290  19389.00   0.0    -17.32   1.2  28.06.2025  22:41:22
 10  14   4  16  $12    0.010     3.2263   5067.88   0.0      3.44   7.6  28.06.2025  22:41:26
 11  15   9  13  $12    0.010     7.6266  14375.78   0.0     24.42   4.3  28.06.2025  22:41:28
 11  15  10  14  $12    0.001     3.7835  16208.47   0.0    -11.97   9.4  28.06.2025  22:41:33
 11  15  12  16  $12    0.001     2.1856   9363.18   0.0     11.67   1.8  28.06.2025  22:41:35
 11  15   5   9  $12    0.100    -2.0489    482.77   0.2    997.27   0.7  28.06.2025  22:41:41
 11  15   6  10  $12    0.010    -7.0352   6216.09   0.1     55.16   5.3  28.06.2025  22:41:46
 11  15   8  12  $12    0.010    -9.9162  13084.18   0.0      5.73   0.9  28.06.2025  22:41:48
 11  15   5   1  $12    0.010     3.5976  59336.77   0.1    -53.11   6.6  28.06.2025  22:41:50
 11  15   6   2  $12    0.010     3.7564  43147.94   0.1    -82.05   3.0  28.06.2025  22:41:52
 11  15   7   3  $12    0.010     2.7713  20895.35   0.0      7.96  13.6  28.06.2025  22:41:54
 11  15   8   4  $12    0.010     2.9528  13392.86   0.0      8.65  10.2  28.06.2025  22:41:56
 11  15   1  13  $12    0.010     3.8569  84818.40   0.5     57.21   2.9  28.06.2025  22:41:58
 11  15   2  14  $12    0.001     2.7426  24587.87   0.0    -15.25   5.0  28.06.2025  22:42:03
 11  15   4  16  $12    0.010     8.3399   6150.72   0.0     31.78   0.2  28.06.2025  22:42:07
 12  16   9  13  $12    0.010     3.6631   4833.32   0.1     11.53   7.9  28.06.2025  22:42:09
 12  16  10  14  $12    0.010     9.1904  17323.57   0.0      3.14  62.6  28.06.2025  22:42:11
 12  16  11  15  $12    0.010    21.5031   9211.91   0.0     15.63   0.7  28.06.2025  22:42:13
 12  16   5   9  $12    0.100     2.5332   1148.96   0.0     73.90  11.7  28.06.2025  22:42:16
 12  16   6  10  $12    0.010    -2.4561   5787.05   0.9     18.28  33.9  28.06.2025  22:42:21
 12  16   7  11  $12    0.010    -9.5354   8425.19   0.0      3.53   4.6  28.06.2025  22:42:23
 12  16   5   1  $12    0.010     2.8935  65619.26   0.1      1.79 260.2  28.06.2025  22:42:25
 12  16   6   2  $12    0.010     3.0199  49808.29   0.6    -44.76  74.9  28.06.2025  22:42:28
 12  16   7   3  $12    0.010     2.9391  33759.91   0.0     10.06   8.6  28.06.2025  22:42:30
 12  16   8   4  $12    0.010     3.3755  25451.04   0.0      7.37   3.5  28.06.2025  22:42:32
 12  16  13   1  $12    0.100   -10.3889   1016.08   0.1     22.68   3.7  28.06.2025  22:42:36
 12  16  14   2  $12    0.010    -3.7573  82627.83   0.0      8.35   4.0  28.06.2025  22:42:41
 12  16  15   3  $12    0.010    -8.9885   8058.23   0.0     37.16   0.9  28.06.2025  22:42:43
 13   1  14   2  $12    0.010    20.4519   7013.71   0.1     37.04   0.4  28.06.2025  22:42:45
 13   1  15   3  $12    0.010     6.5389   4958.51   0.0     20.10   0.6  28.06.2025  22:42:47
 13   1  16   4  $12    0.010     3.3083   4251.76   0.0     -1.46  37.4  28.06.2025  22:42:49
 13   1  10  14  $12    0.010   -14.6428  13127.29   0.0     31.12   1.8  28.06.2025  22:42:51
 13   1  11  15  $12    0.010    -3.2123  70641.25   0.1     68.05   2.2  28.06.2025  22:42:53
 13   1  12  16  $12    0.100    -8.9580    876.13   0.0     -0.04  97.9  28.06.2025  22:42:56
 13   1   9   5  $12    0.010     4.4840  11269.43   0.1   -204.31   1.0  28.06.2025  22:43:01
 13   1  10   6  $12    0.010     4.7027  10576.86   0.3   -431.89   2.4  28.06.2025  22:43:03
 13   1  11   7  $12    0.100    20.2942   3187.81   0.0    -58.39   0.4  28.06.2025  22:43:07
 13   1  12   8  $12    0.100    16.8099   1239.74   0.0    -27.70   0.5  28.06.2025  22:43:09
 13   1   6   2  $12    0.100     9.6060    708.45   0.1   1894.27   0.2  28.06.2025  22:43:11
 13   1   7   3  $12    0.100    12.4472   1955.20   0.0     33.20   0.8  28.06.2025  22:43:13
 13   1   8   4  $12    0.100     6.7859   1526.22   0.0     23.17   1.2  28.06.2025  22:43:15
 14   2  13   1  $12    0.010    16.4557   5643.27   0.1      6.01   8.8  28.06.2025  22:43:20
 14   2  15   3  $12    0.001     3.5758  12262.74   0.0     -8.90   4.7  28.06.2025  22:43:25
 14   2  16   4  $12    0.010     8.1096   6149.65   0.0      2.09   4.9  28.06.2025  22:43:29
 14   2   9  13  $12    0.010   -14.6111  10775.84   0.1     75.56   0.3  28.06.2025  22:43:31
 14   2  11  15  $12    0.001    -2.6481  23740.13   0.0     -6.83  18.5  28.06.2025  22:43:36
 14   2  12  16  $12    0.010    -3.7525  82520.91   0.0      9.30   1.6  28.06.2025  22:43:40
 14   2   9   5  $12    0.100    17.4264   3919.37   0.0     70.68   1.3  28.06.2025  22:43:43
 14   2  10   6  $12    0.100    17.1458   4309.22   0.0    129.59   0.8  28.06.2025  22:43:45
 14   2  11   7  $12    0.100    21.2910   4788.55   0.0      3.58   4.0  28.06.2025  22:43:47
 14   2  12   8  $12    0.100    19.4658   3057.68   0.0      2.19   7.8  28.06.2025  22:43:49
 14   2   5   1  $12    0.010     3.7866   3394.66   0.3    -30.75   9.9  28.06.2025  22:43:54
 14   2   7   3  $12    0.010     6.4800   4779.08   0.0     15.76   1.7  28.06.2025  22:43:56
 14   2   8   4  $12    0.010     2.3818   3741.35   0.0     -0.63 241.1  28.06.2025  22:43:58
 15   3  13   1  $12    0.010     6.9345   5258.57   0.1     31.21   9.4  28.06.2025  22:44:00
 15   3  14   2  $12    0.001     3.5854  12295.77   0.0     -3.31  13.8  28.06.2025  22:44:05
 15   3  16   4  $12    0.010    17.1707   5888.46   0.0     21.96   0.3  28.06.2025  22:44:09
 15   3   9  13  $12    0.010    -3.9219   6160.53   0.1     47.76   4.1  28.06.2025  22:44:11
 15   3  10  14  $12    0.001    -2.6423  19487.15   0.0     -2.21  39.2  28.06.2025  22:44:16
 15   3  12  16  $12    0.010    -8.6420   7747.55   0.0     34.04   0.0  28.06.2025  22:44:20
 15   3   9   5  $12    0.100    20.4123   3206.35   0.0    -56.89   1.4  28.06.2025  22:44:23
 15   3  10   6  $12    0.010     2.5120   5649.71   0.8    -95.13   8.2  28.06.2025  22:44:28
 15   3  11   7  $12    0.010     2.6255   6598.68   0.1      5.50  39.6  28.06.2025  22:44:31
 15   3  12   8  $12    0.010     2.4471   5503.73   0.0     -1.14  83.5  28.06.2025  22:44:33
 15   3   5   1  $12    0.100     9.9643  21912.73   0.0    137.22   0.5  28.06.2025  22:44:36
 15   3   6   2  $12    0.010     6.2110   5568.20   0.0     47.69   5.1  28.06.2025  22:44:41
 15   3   8   4  $12    0.010     6.0707   4477.19   0.0     11.38   0.8  28.06.2025  22:44:43
 16   4  13   1  $12    0.010     3.4050   4376.06   0.1     -4.92  69.7  28.06.2025  22:44:45
 16   4  14   2  $12    0.010     8.0899   6134.66   0.0      1.00  58.9  28.06.2025  22:44:47
 16   4  15   3  $12    0.010    17.4096   5970.39   0.0     18.77   1.8  28.06.2025  22:44:49
 16   4   9  13  $12    0.100    -9.7930   2202.54   0.0    -21.24  10.5  28.06.2025  22:44:53
 16   4  10  14  $12    0.010    -3.1574   4959.64   0.1     11.60  13.3  28.06.2025  22:44:58
 16   4  11  15  $12    0.010    -8.4681   6245.26   0.0     39.75   1.8  28.06.2025  22:45:00
 16   4   9   5  $12    0.100    17.4783   1289.04   0.0     38.89   2.6  28.06.2025  22:45:04
 16   4  10   6  $12    0.010     2.3544   3698.29   0.3     44.57  47.4  28.06.2025  22:45:09
 16   4  11   7  $12    0.010     3.0678   6899.72   0.0     -6.45   5.9  28.06.2025  22:45:11
 16   4  12   8  $12    0.010     2.9617   7443.67   0.0     -0.89  35.2  28.06.2025  22:45:13
 16   4   5   1  $12    0.100     6.4713    632.92   0.3   -121.78   0.6  28.06.2025  22:45:17
 16   4   6   2  $12    0.010     2.5702  56521.94   0.4    -45.01  11.4  28.06.2025  22:45:22
 16   4   7   3  $12    0.010     5.9014   5290.59   0.0      6.76   5.8  28.06.2025  22:45:24
  1   4   2   3  $12    0.010     6.6282   4164.62   0.0      8.57   2.4  28.06.2025  22:45:26
  2   3   1   4  $12    0.010     6.6272   4163.98   0.0      8.71   0.6  28.06.2025  22:45:28
  1   2   3   4  $12    0.010    -3.2740   6171.28   0.0     36.49   0.7  28.06.2025  22:45:30
  3   4   1   2  $12    0.010    -3.2942   6209.41   0.1     24.26   1.4  28.06.2025  22:45:32
  5   8   6   7  $12    0.001   122.3691 768868.01   0.0     11.27   1.6  28.06.2025  22:45:37
  6   7   5   8  $12    0.001   121.2509 761841.76   0.0     10.19   0.9  28.06.2025  22:45:40
  5   6   7   8  $12    0.001    -3.8239  72078.31   0.1    163.03   0.8  28.06.2025  22:45:42
  7   8   5   6  $12    0.001    -3.9832  75081.41   0.0    118.49   2.3  28.06.2025  22:45:44
  9  12  10  11  $12    0.010    16.0055  10056.56   0.0     26.17   0.1  28.06.2025  22:45:48
 10  11   9  12  $12    0.010    15.6377   9825.46   0.0     24.55   0.7  28.06.2025  22:45:50
  9  10  11  12  $12    0.010    -3.9778   7497.99   0.0     24.17   0.4  28.06.2025  22:45:52
 11  12   9  10  $12    0.010    -4.0650   7662.34   0.0     16.84   2.7  28.06.2025  22:45:54
 13  16  14  15  $12    0.010    16.9920  10676.40   0.0     62.62   0.2  28.06.2025  22:45:56
 14  15  13  16  $12    0.010    18.2810  11486.32   0.2     53.31   1.9  28.06.2025  22:45:58
 13  14  15  16  $12    0.010   -20.5266  38691.67   0.0    -23.19   1.0  28.06.2025  22:46:00
  1   9  10   2  $12    0.010   -18.0134   6482.21   0.0     25.32   0.8  28.06.2025  22:46:02
  1   9  11   3  $12    0.010    -6.8889   5902.38   0.0      5.05   2.4  28.06.2025  22:46:04
  1   9  12   4  $12    0.010    -4.9780   8323.88   0.0      7.46   0.9  28.06.2025  22:46:06
  2  10   9   1  $12    0.010   -17.7199   6376.60   0.0     21.89   1.2  28.06.2025  22:46:08
  2  10  11   3  $12    0.010   -19.5049   7018.94   0.0     14.04   0.1  28.06.2025  22:46:10
  2  10  12   4  $12    0.010   -10.1502   8696.64   0.0      9.73   0.4  28.06.2025  22:46:12
  3  11   9   1  $12    0.010    -6.9136   5923.54   0.0      3.95   1.6  28.06.2025  22:46:14
  3  11  10   2  $12    0.010   -19.6171   7059.31   0.0     10.45   1.8  28.06.2025  22:46:16
  3  11  12   4  $12    0.010   -21.3639   7687.92   0.0      6.89   0.7  28.06.2025  22:46:18
 12   4   9   1  $12    0.010     5.0357   8420.44   0.0      0.35 246.5  28.06.2025  22:46:20
 12   4  10   2  $12    0.010    10.2565   8787.78   0.0      3.75  24.2  28.06.2025  22:46:23
 12   4  11   3  $12    0.010    21.3765   7692.44   0.0      5.41   0.9  28.06.2025  22:46:25
 13   5  14   6  $12    0.001   132.5778 477088.16   0.0     12.51   1.8  28.06.2025  22:46:30
 13   5  15   7  $12    0.001     8.2306  70519.68   0.1    160.09   0.4  28.06.2025  22:46:32
 13   5  16   8  $12    0.001     3.6675  61325.28   0.0    196.72   0.1  28.06.2025  22:46:34
 14   6  13   5  $12    0.001   132.8008 477890.48   0.0     14.38   0.1  28.06.2025  22:46:36
 14   6  15   7  $12    0.001    16.6417  59885.98   0.0    147.81   0.1  28.06.2025  22:46:39
 14   6  16   8  $12    0.001     6.1725  52886.14   0.0    212.55   0.0  28.06.2025  22:46:41
 15   7  13   5  $12    0.001     8.5466  73226.96   0.0    114.37   0.8  28.06.2025  22:46:43
 15   7  14   6  $12    0.001    16.7092  60128.94   0.0    111.57   1.6  28.06.2025  22:46:45
 15   7  16   8  $12    0.001     7.1863  25860.39   0.0    236.98   0.1  28.06.2025  22:46:47
 16   8  13   5  $12    0.001     3.6445  60941.55   0.4    146.05   0.2  28.06.2025  22:46:49
 16   8  14   6  $12    0.001     6.2148  53248.68   0.3    156.01   0.9  28.06.2025  22:46:51
 16   8  15   7  $12    0.001     7.0606  25407.97   0.1    220.47   0.0  28.06.2025  22:46:53
  1   2   5   6  $12    0.100     4.6480   8761.19   0.2    107.27   0.8  28.06.2025  22:46:58
  2   3   6   7  $12    1.000   -19.0872   3597.85   0.2  -1087.33   0.1  28.06.2025  22:47:02
  3   4   7   8  $12    1.000     5.7961   1092.53   0.0     44.38   0.8  28.06.2025  22:47:04
  1   2   9  10  $12    1.000     7.5260  11916.38   0.0    131.95   0.7  28.06.2025  22:47:06
  2   3  10  11  $12    1.000    -0.5291    837.83   0.8  -7305.17   0.7  28.06.2025  22:47:09
  3   4  11  12  $12    1.000     2.2120   3502.33   0.0     -8.57   2.0  28.06.2025  22:47:11
  1   2  13  14  $12    0.100     4.5132 243303.04   0.1    -67.07   0.7  28.06.2025  22:47:16
  2   3  14  15  $12    1.000    14.8416  80010.86   0.0    -29.51   0.6  28.06.2025  22:47:20
  3   4  15  16  $12    1.000    10.4759  56475.09   0.0     -6.36   4.7  28.06.2025  22:47:22
  5   6   9  10  $12    0.100     4.2392   7990.70   0.1    404.53   0.0  28.06.2025  22:47:27
  6   7  10  11  $12    0.100    -3.3908   6391.56   0.2  -1672.61   0.2  28.06.2025  22:47:29
  7   8  11  12  $12    1.000    15.3763   2898.37   0.0     -2.86   1.2  28.06.2025  22:47:33
  5   6  13  14  $12    0.100     8.7846 139092.06   0.2   -487.15   0.2  28.06.2025  22:47:38
  6   7  14  15  $12    0.100    -3.4685  54918.70   0.0   -321.92   0.1  28.06.2025  22:47:40
  7   8  15  16  $12    1.000     1.9875   3146.92   0.5    150.70   0.2  28.06.2025  22:47:47
  9  10  13  14  $12    0.100     7.6315  14384.95   0.1   -233.05   0.9  28.06.2025  22:47:52
 10  11  14  15  $12    0.100     3.5826   6753.00   0.1    -46.52   3.0  28.06.2025  22:47:54
 11  12  15  16  $12    1.000     4.8653    917.08   0.0     38.35   1.8  28.06.2025  22:47:58
  1   2   6   7  $12    0.100     4.7683  17976.00   0.6   -130.70   2.5  28.06.2025  22:48:03
  2   3   7   8  $12    1.000     4.4558   1679.80   0.9    127.28   5.3  28.06.2025  22:48:07
  1   2   7   8  $12    1.000     7.3536   4851.43   0.0      7.09   4.7  28.06.2025  22:48:09
  2   3   7   8  $12    1.000     5.1127   1927.44   0.3     41.06   5.2  28.06.2025  22:48:11
  1   2  10  11  $12    1.000    11.3896  25762.77   0.1   -120.35   1.0  28.06.2025  22:48:13
  2   3  11  12  $12    1.000     2.2395   5065.59   0.4     20.95   3.5  28.06.2025  22:48:15
  1   2  11  12  $12    1.000     3.5155  10933.84   0.0     -7.10   3.5  28.06.2025  22:48:17
  2   3  11  12  $12    1.000     2.2726   5140.54   0.0     -1.40  22.6  28.06.2025  22:48:19
  1   2  14  15  $12    1.000    18.3182 125685.25   0.0     26.17   0.1  28.06.2025  22:48:21
  2   3  15  16  $12    1.000    10.1455  69610.47   0.0     43.43   0.9  28.06.2025  22:48:23
  1   2  15  16  $12    1.000    15.7321 134926.76   0.0    -46.87   0.5  28.06.2025  22:48:26
  2   3  15  16  $12    1.000    10.1400  69572.65   0.0     44.20   2.8  28.06.2025  22:48:28
  5   6  10  11  $12    0.100     4.2070  15860.09   0.2   -533.99   0.1  28.06.2025  22:48:33
  6   7  11  12  $12    0.100     1.6001   6032.23   0.2      7.54 120.3  28.06.2025  22:48:38
  5   6  11  12  $12    0.100     1.4698   9696.54   0.0    -20.55   1.4  28.06.2025  22:48:44
  6   7  11  12  $12    0.100     1.6219   6114.56   0.0     12.24   1.9  28.06.2025  22:48:49
  5   6  14  15  $12    0.100    -0.3087   6982.50   0.3   -387.94   2.2  28.06.2025  22:49:03
  6   7  15  16  $12    0.100     1.5055  34053.52   0.0     50.42   4.3  28.06.2025  22:49:08
  5   6  15  16  $12    0.100     0.5632  17516.93   0.2   -473.02   1.7  28.06.2025  22:49:13
  6   7  15  16  $12    0.100     1.5025  33985.73   0.1     31.79  15.2  28.06.2025  22:49:18
  9  10  14  15  $12    1.000    -0.9904    373.37   0.2  -2668.32  10.4  28.06.2025  22:49:23
 10  11  15  16  $12    0.100     1.1574   4363.42   0.2    305.19   1.5  28.06.2025  22:49:27
  9  10  15  16  $12    0.100     2.4443  16125.75   0.1   -115.51   1.1  28.06.2025  22:49:29
 10  11  15  16  $12    0.100     1.1173   4212.04   0.1    320.10   0.6  28.06.2025  22:49:34
