//C:\Users\user\Desktop\GeoTom\GeoTomE724.ini
//- Cable direction:
//  cable I: normal
//  cable II: normal
//  cable III: normal
//  cable IV: normal
//- Cable arrangement: sequential
//- Optimization: Last measurement
//- Sorting: Multi-level
//- Current levels: 0.001 mA .. 50.0 mA
Type:         Flow
Name:         Hyprop
Comment:      Example of a measurements sequence
Comment:      
Comment:      
Spacing:      1.00000
First El:     0.00000
Nr of points: 289
IP present:   1

  1   5   2   6  $12    0.010    11.9905   5136.72   0.0      3.79   2.5  26.06.2025  17:35:05
  1   5   3   7  $12    0.010     5.8042  10940.67   0.0      2.34   6.5  26.06.2025  17:35:08
  1   5   4   8  $12    0.010     3.7865   4996.14   0.0      0.35  88.1  26.06.2025  17:35:10
  1   5  14   2  $12    0.010    -3.9211   3515.25   0.0      6.43   2.0  26.06.2025  17:35:12
  1   5  15   3  $12    0.100   -16.0819  35365.88   0.0      5.70   0.7  26.06.2025  17:35:15
  1   5  16   4  $12    0.100    -7.9962    782.06   0.0      9.83   1.7  26.06.2025  17:35:17
  1   5  13   9  $12    0.010     2.6244  19787.34   0.0      4.36   3.8  26.06.2025  17:35:22
  1   5  14  10  $12    0.010     2.2676  26046.99   0.0      2.69  30.6  26.06.2025  17:35:24
  1   5  15  11  $12    0.100    18.9250  31213.63   0.0      2.40   2.5  26.06.2025  17:35:28
  1   5  16  12  $12    0.100    16.8948  38314.67   0.0      2.55   1.7  26.06.2025  17:35:30
  1   5  10   6  $12    0.010     5.8051   5129.24   0.0      3.25   6.2  26.06.2025  17:35:35
  1   5  11   7  $12    0.010     2.3072   5436.20   0.0      3.85  22.3  26.06.2025  17:35:37
  1   5  12   8  $12    0.100    12.7693   5791.74   0.0      2.01   2.1  26.06.2025  17:35:41
  2   6   1   5  $12    0.010    12.1328   5197.69   0.0      2.87   3.7  26.06.2025  17:35:46
  2   6   3   7  $12    0.010    13.7259   5880.18   0.0      7.17   0.2  26.06.2025  17:35:48
  2   6   4   8  $12    0.010     6.8417  12896.24   0.0      6.41   0.6  26.06.2025  17:35:50
  2   6  13   1  $12    0.010    -3.9460   2910.17   0.0     19.69   1.4  26.06.2025  17:35:52
  2   6  15   3  $12    0.010    -5.8330   5229.31   0.0     11.70   3.1  26.06.2025  17:35:54
  2   6  16   4  $12    0.010    -2.2606  49714.04   0.0     19.30   0.5  26.06.2025  17:35:56
  2   6  13   9  $12    0.010     2.1212   9621.11   0.0    -23.71   0.4  26.06.2025  17:35:58
  2   6  14  10  $12    0.010     2.2916  17278.20   0.0      7.03   6.7  26.06.2025  17:36:00
  2   6  15  11  $12    0.010     2.0482  23526.57   0.0    -16.23   1.2  26.06.2025  17:36:02
  2   6  16  12  $12    0.100    19.6668  32437.09   0.0      2.45   1.3  26.06.2025  17:36:06
  2   6   9   5  $12    0.010     6.0818   8024.78   0.0      3.88   3.8  26.06.2025  17:36:11
  2   6  11   7  $12    0.010     5.8424   5162.16   0.0      9.46   0.6  26.06.2025  17:36:13
  2   6  12   8  $12    0.010     2.5804   6079.90   0.0      4.28  10.8  26.06.2025  17:36:15
  3   7   1   5  $12    0.010     5.8162  10963.32   0.0      1.03  10.0  26.06.2025  17:36:17
  3   7   2   6  $12    0.010    13.8351   5926.92   0.0      7.32   0.7  26.06.2025  17:36:19
  3   7   4   8  $12    0.010    13.6668   5854.83   0.0      5.11   1.7  26.06.2025  17:36:21
  3   7  13   1  $12    0.100   -15.4010   2419.18   0.0      7.20   0.8  26.06.2025  17:36:25
  3   7  14   2  $12    0.010    -5.7978   4275.95   0.0     10.29   0.7  26.06.2025  17:36:30
  3   7  16   4  $12    0.010    -4.9937   4476.86   0.0     15.24   1.7  26.06.2025  17:36:32
  3   7  13   9  $12    0.100    19.1147   4503.80   0.0      2.12   1.0  26.06.2025  17:36:35
  3   7  14  10  $12    0.100    20.8933   9476.50   0.0      4.63   1.3  26.06.2025  17:36:37
  3   7  15  11  $12    0.100    22.1993  16737.89   0.0      7.52   0.8  26.06.2025  17:36:39
  3   7  16  12  $12    0.100    22.2651  25574.71   0.0      2.93   0.4  26.06.2025  17:36:42
  3   7   9   5  $12    0.010     2.3559   4440.73   0.0     -2.52   4.7  26.06.2025  17:36:46
  3   7  10   6  $12    0.010     5.9535   7855.47   0.0      9.23   3.3  26.06.2025  17:36:48
  3   7  12   8  $12    0.010     6.3910   5646.89   0.0      0.89   5.1  26.06.2025  17:36:50
  4   8   1   5  $12    0.010     3.7953   5007.82   0.0      0.39  11.6  26.06.2025  17:36:53
  4   8   2   6  $12    0.010     6.8759  12960.75   0.0      7.47   6.8  26.06.2025  17:36:55
  4   8   3   7  $12    0.010    13.6394   5843.10   0.0      5.97   0.7  26.06.2025  17:36:57
  4   8  13   1  $12    0.100    -7.2609   1633.04   0.0     14.12   0.3  26.06.2025  17:37:00
  4   8  14   2  $12    0.100   -22.1948   3486.35   0.0     10.75   0.2  26.06.2025  17:37:03
  4   8  15   3  $12    0.010    -4.9339   3638.78   0.0     15.41   3.9  26.06.2025  17:37:07
  4   8  13   9  $12    0.100    17.3595   1533.84   0.0      0.91   4.7  26.06.2025  17:37:11
  4   8  14  10  $12    0.100    20.4958   4829.21   0.0      4.04   1.4  26.06.2025  17:37:13
  4   8  15  11  $12    0.010     2.3740  10767.68   0.0     -2.76  17.9  26.06.2025  17:37:18
  4   8  16  12  $12    0.010     2.5693  19372.00   0.0     -0.73  23.3  26.06.2025  17:37:20
  4   8   9   5  $12    0.100    13.0900    560.77   0.0      1.84   5.2  26.06.2025  17:37:24
  4   8  10   6  $12    0.010     2.6029   4906.30   0.0      5.40  12.8  26.06.2025  17:37:29
  4   8  11   7  $12    0.010     6.3283   8349.98   0.0      1.97  11.3  26.06.2025  17:37:31
  5   9   6  10  $12    0.010    14.7626   6324.28   0.0      3.24   4.5  26.06.2025  17:37:33
  5   9   7  11  $12    0.010     5.5114  10388.80   0.0      2.78  13.8  26.06.2025  17:37:35
  5   9   8  12  $12    0.010     3.5453   4677.98   0.0      0.80   7.3  26.06.2025  17:37:37
  5   9   2   6  $12    0.010    -5.9879   7900.82   0.0     10.40   1.4  26.06.2025  17:37:39
  5   9   3   7  $12    0.010    -2.3040   4342.88   0.0     12.14   0.9  26.06.2025  17:37:41
  5   9   4   8  $12    0.100   -12.9688    555.58   0.0      4.34   0.2  26.06.2025  17:37:45
  5   9   1  13  $12    0.100    23.0922   5803.71   0.0     42.52   0.0  26.06.2025  17:37:47
  5   9   2  14  $12    0.100    17.7869   4000.45   0.0      3.86   1.1  26.06.2025  17:37:49
  5   9   3  15  $12    0.100    16.0111   2515.01   0.0      4.13   2.1  26.06.2025  17:37:51
  5   9   4  16  $12    0.100    14.8178   1092.82   0.0      3.72   0.7  26.06.2025  17:37:53
  5   9  14  10  $12    0.010     6.9541   6144.49   0.0     -0.46  13.9  26.06.2025  17:37:58
  5   9  15  11  $12    0.100    15.5131   3655.18   0.0      0.46  11.9  26.06.2025  17:38:01
  5   9  16  12  $12    0.100     7.4182   3364.66   0.0      0.38   4.2  26.06.2025  17:38:04
  6  10   5   9  $12    0.010    14.7895   6335.79   0.0      3.33   0.5  26.06.2025  17:38:09
  6  10   7  11  $12    0.010    12.7952   5481.47   0.0     10.91   0.5  26.06.2025  17:38:11
  6  10   8  12  $12    0.010     6.5465  12339.84   0.0      7.17   1.6  26.06.2025  17:38:13
  6  10   1   5  $12    0.010    -5.8690   5185.68   0.0      7.54   1.0  26.06.2025  17:38:15
  6  10   3   7  $12    0.010    -5.7961   7647.74   0.0     14.49   0.9  26.06.2025  17:38:17
  6  10   4   8  $12    0.010    -2.5153   4741.30   0.0     15.27   1.0  26.06.2025  17:38:19
  6  10   1  13  $12    0.100    19.1025   4296.34   0.0     -0.10  24.2  26.06.2025  17:38:23
  6  10   2  14  $12    0.100    19.7942   4974.82   0.0     24.39   0.0  26.06.2025  17:38:25
  6  10   3  15  $12    0.100    18.9576   4263.74   0.0      5.56   2.8  26.06.2025  17:38:27
  6  10   4  16  $12    0.100    18.3642   2884.65   0.0      5.42   2.1  26.06.2025  17:38:29
  6  10  13   9  $12    0.010     7.0046   9242.39   0.0      3.12   1.5  26.06.2025  17:38:33
  6  10  15  11  $12    0.010     5.0687   4478.58   0.0      7.48   3.1  26.06.2025  17:38:36
  6  10  16  12  $12    0.010     2.1602   5089.85   0.0      4.32   1.2  26.06.2025  17:38:38
  7  11   5   9  $12    0.010     5.5071  10380.56   0.0      0.96  20.3  26.06.2025  17:38:40
  7  11   6  10  $12    0.010    12.8902   5522.16   0.0      9.25   2.6  26.06.2025  17:38:42
  7  11   8  12  $12    0.010    15.3949   6595.15   0.0      3.14   5.2  26.06.2025  17:38:44
  7  11   1   5  $12    0.010    -2.2487   5298.38   0.0     13.51   2.2  26.06.2025  17:38:46
  7  11   2   6  $12    0.010    -5.8789   5194.43   0.0     15.54   2.1  26.06.2025  17:38:48
  7  11   4   8  $12    0.010    -6.2503   8247.09   0.0      5.73   1.3  26.06.2025  17:38:50
  7  11   1  13  $12    0.100    16.2961   2559.79   0.0      4.69   0.6  26.06.2025  17:38:53
  7  11   2  14  $12    0.100    19.3934   4361.75   0.0      3.83   0.9  26.06.2025  17:38:56
  7  11   3  15  $12    0.100    22.6217   5685.45   0.0     14.92   0.7  26.06.2025  17:38:58
  7  11   4  16  $12    0.010     2.3976   5392.44   0.0     -0.61  18.8  26.06.2025  17:39:03
  7  11  13   9  $12    0.100    15.7434   2967.57   0.0      0.24   8.6  26.06.2025  17:39:06
  7  11  14  10  $12    0.010     5.0538   6668.32   0.0      7.79   1.5  26.06.2025  17:39:11
  7  11  16  12  $12    0.010     6.7462   5960.73   0.0      5.07   2.6  26.06.2025  17:39:13
  8  12   5   9  $12    0.010     3.5464   4679.43   0.0      0.22  25.5  26.06.2025  17:39:15
  8  12   6  10  $12    0.010     6.6063  12452.61   0.0      5.73   0.7  26.06.2025  17:39:17
  8  12   7  11  $12    0.010    15.4085   6600.97   0.0      4.11   1.1  26.06.2025  17:39:19
  8  12   1   5  $12    0.100   -12.7358   5776.53   0.0      4.00   2.3  26.06.2025  17:39:23
  8  12   2   6  $12    0.010    -2.5777   6073.58   0.1     19.04   1.6  26.06.2025  17:39:28
  8  12   3   7  $12    0.010    -6.3604   5619.87   0.0      7.86   1.0  26.06.2025  17:39:30
  8  12   1  13  $12    0.100    14.8646   1096.28   0.0      4.71   0.6  26.06.2025  17:39:34
  8  12   2  14  $12    0.100    18.9869   2982.45   0.0      4.15   0.4  26.06.2025  17:39:36
  8  12   3  15  $12    0.100    22.5221   5065.43   0.0      5.06   4.0  26.06.2025  17:39:38
  8  12  16   4  $12    0.010    -2.5141   6318.57   0.0     14.83   0.9  26.06.2025  17:39:43
  8  12   9  13  $12    0.100    -7.5767    324.59   0.0      2.53   4.6  26.06.2025  17:39:47
  8  12  10  14  $12    0.100   -20.7704   3915.13   0.0     10.62   0.4  26.06.2025  17:39:49
  8  12  11  15  $12    0.010    -6.6988   8838.88   0.0      7.31   6.0  26.06.2025  17:39:53
  9  13  10  14  $12    0.010    13.7931   5908.93   0.0      3.74   3.8  26.06.2025  17:39:56
  9  13  11  15  $12    0.010     5.1448   9697.73   0.0     -4.41   6.1  26.06.2025  17:39:58
  9  13  12  16  $12    0.010     3.1311   4131.40   0.0     -2.14  14.0  26.06.2025  17:40:00
  9  13   6  10  $12    0.010    -6.9198   9130.46   0.0      0.97  62.7  26.06.2025  17:40:02
  9  13   7  11  $12    0.100   -15.6164   2943.62   0.0      4.81   0.9  26.06.2025  17:40:06
  9  13   8  12  $12    0.100    -7.5030    321.43   0.0      4.94   1.6  26.06.2025  17:40:08
  9  13   5   1  $12    0.010     2.6230  19776.99   0.0      2.60   8.2  26.06.2025  17:40:12
  9  13   6   2  $12    0.010     2.1496   9750.10   0.0    -15.74  12.5  26.06.2025  17:40:14
  9  13   7   3  $12    0.100    19.2065   4525.41   0.0      1.55   0.2  26.06.2025  17:40:18
  9  13   8   4  $12    0.100    17.3878   1536.34   0.0      0.82   5.3  26.06.2025  17:40:20
  9  13   2  14  $12    0.010     4.6887   3457.94   0.0     11.56   0.5  26.06.2025  17:40:25
  9  13   3  15  $12    0.100    16.2718   2555.97   0.0    -13.02   0.8  26.06.2025  17:40:29
  9  13   4  16  $12    0.100     6.1583   1385.05   0.0     -0.03 302.4  26.06.2025  17:40:31
 10  14   9  13  $12    0.010    13.7800   5903.32   0.0      5.17   2.5  26.06.2025  17:40:36
 10  14  11  15  $12    0.010    15.6934   6723.06   0.0     -3.61   4.0  26.06.2025  17:40:38
 10  14  12  16  $12    0.010     6.3000  11875.31   0.0      4.69   1.6  26.06.2025  17:40:40
 10  14   5   9  $12    0.010    -6.9429   6134.59   0.0      4.56   4.9  26.06.2025  17:40:42
 10  14   7  11  $12    0.010    -5.0065   6605.93   0.0     14.55   1.1  26.06.2025  17:40:44
 10  14   8  12  $12    0.010    -2.0470   3858.58   0.0     17.53   2.6  26.06.2025  17:40:46
 10  14   5   1  $12    0.010     2.2679  26050.48   0.0      0.74  40.6  26.06.2025  17:40:48
 10  14   6   2  $12    0.010     2.2790  17183.55   0.1      5.90  12.2  26.06.2025  17:40:50
 10  14   7   3  $12    0.010     2.1110   9574.77   0.0      0.25 235.9  26.06.2025  17:40:52
 10  14   8   4  $12    0.010     2.0637   4862.38   0.0     -0.10 290.2  26.06.2025  17:40:54
 10  14   1  13  $12    0.010     4.5984   4122.50   0.0     13.95   0.9  26.06.2025  17:40:56
 10  14   3  15  $12    0.010     8.5787   6326.85   0.0    -15.22   1.9  26.06.2025  17:40:58
 10  14   4  16  $12    0.010     2.1923   3443.70   0.0     -1.29  78.5  26.06.2025  17:41:00
 11  15   9  13  $12    0.010     5.1543   9715.61   0.0      0.03 931.8  26.06.2025  17:41:02
 11  15  10  14  $12    0.010    15.6662   6711.40   0.0     -1.15  39.1  26.06.2025  17:41:04
 11  15  12  16  $12    0.010    17.3534   7434.17   0.0     12.71   0.1  26.06.2025  17:41:06
 11  15   5   9  $12    0.100   -15.3626   3619.72   0.0      4.75   0.4  26.06.2025  17:41:10
 11  15   6  10  $12    0.010    -5.0365   4450.15   0.0     14.82   1.7  26.06.2025  17:41:15
 11  15   8  12  $12    0.010    -6.7104   8854.13   0.0      8.15   4.0  26.06.2025  17:41:17
 11  15   5   1  $12    0.100    18.9580  31268.14   0.0      4.24   0.8  26.06.2025  17:41:21
 11  15   6   2  $12    0.100    20.4753  23518.81   0.0     -4.21   1.6  26.06.2025  17:41:23
 11  15   7   3  $12    0.100    22.2664  16788.46   0.0      7.72   0.2  26.06.2025  17:41:25
 11  15   8   4  $12    0.010     2.3748  10771.39   0.0     -3.87   7.0  26.06.2025  17:41:30
 11  15   1  13  $12    0.100    17.1417  37696.53   0.0      2.07   1.0  26.06.2025  17:41:34
 11  15   2  14  $12    0.010     8.6483   7753.27   0.0     -9.89   0.4  26.06.2025  17:41:38
 11  15   4  16  $12    0.010     8.1689   6024.60   0.0     23.13   0.0  26.06.2025  17:41:40
 12  16   9  13  $12    0.010     3.1358   4137.65   0.0     -4.02   8.1  26.06.2025  17:41:43
 12  16  10  14  $12    0.010     6.3145  11902.61   0.0      3.35   9.8  26.06.2025  17:41:45
 12  16  11  15  $12    0.010    17.2175   7375.96   0.0     12.54   0.6  26.06.2025  17:41:47
 12  16   5   9  $12    0.100    -7.3391   3328.76   0.0      6.45   0.8  26.06.2025  17:41:50
 12  16   6  10  $12    0.100   -21.4775   5060.52   0.0     10.08   1.2  26.06.2025  17:41:52
 12  16   7  11  $12    0.010    -6.6827   5904.65   0.0      7.72   0.9  26.06.2025  17:41:57
 12  16   5   1  $12    0.100    16.9728  38491.52   0.0      2.57   0.3  26.06.2025  17:42:01
 12  16   6   2  $12    0.100    19.7700  32607.36   0.0      2.59   1.5  26.06.2025  17:42:03
 12  16   7   3  $12    0.100    22.4193  25751.79   0.0      3.52   0.3  26.06.2025  17:42:05
 12  16   8   4  $12    0.010     2.5768  19428.49   0.0     -2.16   5.1  26.06.2025  17:42:10
 12  16  13   1  $12    0.100    -6.7992    664.99   0.0      3.55   1.6  26.06.2025  17:42:14
 12  16  14   2  $12    0.100   -21.7039  47729.38   0.0      5.54   1.0  26.06.2025  17:42:16
 12  16  15   3  $12    0.010    -8.2397   7386.91   0.0     27.54   0.6  26.06.2025  17:42:21
 13   1  14   2  $12    0.010    10.4420   3580.97   0.0      6.40   0.9  26.06.2025  17:42:23
 13   1  15   3  $12    0.010     4.8818   3701.93   0.0     -1.97  15.5  26.06.2025  17:42:25
 13   1  16   4  $12    0.010     2.9140   3745.05   0.0      2.07   9.8  26.06.2025  17:42:27
 13   1  10  14  $12    0.010    -4.5558   4084.29   0.0     15.69   1.5  26.06.2025  17:42:29
 13   1  11  15  $12    0.100   -16.7992  36943.48   0.0     -6.33   0.5  26.06.2025  17:42:33
 13   1  12  16  $12    0.100    -6.7711    662.24   0.0      3.56   1.2  26.06.2025  17:42:35
 13   1   9   5  $12    0.100    22.4250   5636.03   0.0     19.13   0.0  26.06.2025  17:42:37
 13   1  10   6  $12    0.100    19.3640   4355.15   0.0      2.96   1.7  26.06.2025  17:42:39
 13   1  11   7  $12    0.100    16.2740   2556.31   0.0      2.90   1.8  26.06.2025  17:42:41
 13   1  12   8  $12    0.100    14.8544   1095.52   0.0      1.78   1.4  26.06.2025  17:42:43
 13   1   6   2  $12    0.010     3.9214   2892.06   0.0      2.05  21.6  26.06.2025  17:42:48
 13   1   7   3  $12    0.100    15.2754   2399.45   0.0      0.38   1.4  26.06.2025  17:42:52
 13   1   8   4  $12    0.100     7.2858   1638.65   0.0      6.84   0.1  26.06.2025  17:42:54
 14   2  13   1  $12    0.010    10.4396   3580.13   0.0      8.63   0.8  26.06.2025  17:42:59
 14   2  15   3  $12    0.010    16.3941   5622.14   0.0     -2.97   8.9  26.06.2025  17:43:01
 14   2  16   4  $12    0.010     6.3267   4797.60   0.0      4.07   4.6  26.06.2025  17:43:03
 14   2   9  13  $12    0.010    -4.6567   3434.35   0.0     22.13   1.2  26.06.2025  17:43:05
 14   2  11  15  $12    0.010    -8.6096   7718.49   0.0     -7.85   0.9  26.06.2025  17:43:07
 14   2  12  16  $12    0.010    -2.1494  47267.46   0.0     12.60   2.3  26.06.2025  17:43:09
 14   2   9   5  $12    0.100    17.8086   4005.31   0.0      3.60   0.7  26.06.2025  17:43:13
 14   2  10   6  $12    0.100    19.9740   5020.01   0.0     22.44   0.6  26.06.2025  17:43:15
 14   2  11   7  $12    0.100    19.3715   4356.83   0.0      4.65   1.1  26.06.2025  17:43:17
 14   2  12   8  $12    0.100    19.0333   2989.74   0.0      4.20   0.5  26.06.2025  17:43:19
 14   2   5   1  $12    0.010     4.0097   3594.71   0.0     -1.08  38.9  26.06.2025  17:43:24
 14   2   7   3  $12    0.010     5.8160   4289.32   0.0      4.04   2.3  26.06.2025  17:43:26
 14   2   8   4  $12    0.010     2.2563   3544.21   0.0      2.52  12.7  26.06.2025  17:43:28
 15   3  13   1  $12    0.010     4.8777   3698.81   0.0     -2.10   2.3  26.06.2025  17:43:30
 15   3  14   2  $12    0.010    16.3418   5604.20   0.0     -0.93   0.2  26.06.2025  17:43:32
 15   3  16   4  $12    0.010    15.5855   5344.85   0.0     15.67   0.1  26.06.2025  17:43:34
 15   3   9  13  $12    0.100   -16.5890   2605.80   0.0      5.78   0.6  26.06.2025  17:43:37
 15   3  10  14  $12    0.010    -8.5952   6339.01   0.0     -7.91   1.2  26.06.2025  17:43:42
 15   3  12  16  $12    0.010    -8.2432   7390.04   0.0     25.97   0.3  26.06.2025  17:43:44
 15   3   9   5  $12    0.100    16.0026   2513.68   0.0      4.79   0.4  26.06.2025  17:43:48
 15   3  10   6  $12    0.100    19.0959   4294.86   0.0      7.41   1.0  26.06.2025  17:43:50
 15   3  11   7  $12    0.100    22.5405   5665.05   0.0     14.54   1.0  26.06.2025  17:43:52
 15   3  12   8  $12    0.100    22.5370   5068.78   0.0      4.50   0.1  26.06.2025  17:43:54
 15   3   5   1  $12    0.100    16.1003  35406.44   0.0      4.13   0.3  26.06.2025  17:43:56
 15   3   6   2  $12    0.010     5.8692   5261.78   0.0      6.71   1.6  26.06.2025  17:44:01
 15   3   8   4  $12    0.010     4.9931   3682.43   0.0      8.88   2.9  26.06.2025  17:44:03
 16   4  13   1  $12    0.010     2.9277   3762.69   0.0     -1.57  21.6  26.06.2025  17:44:05
 16   4  14   2  $12    0.010     6.3503   4815.50   0.0      3.20   5.4  26.06.2025  17:44:07
 16   4  15   3  $12    0.010    15.5688   5339.12   0.0     15.35   0.6  26.06.2025  17:44:09
 16   4   9  13  $12    0.100    -6.1257   1377.73   0.0      8.95   0.2  26.06.2025  17:44:13
 16   4  10  14  $12    0.100   -21.6385   3398.97   0.0      4.82   1.4  26.06.2025  17:44:15
 16   4  11  15  $12    0.010    -8.0711   5952.51   0.0     27.51   0.8  26.06.2025  17:44:20
 16   4   9   5  $12    0.100    14.8247   1093.33   0.0      3.16   1.9  26.06.2025  17:44:24
 16   4  10   6  $12    0.100    18.5497   2913.78   0.0      6.89   2.1  26.06.2025  17:44:26
 16   4  11   7  $12    0.010     2.3965   5389.92   0.0     -0.62  11.3  26.06.2025  17:44:31
 16   4  12   8  $12    0.010     2.5676   6453.09   0.0      0.15 248.2  26.06.2025  17:44:33
 16   4   5   1  $12    0.100     8.0089    783.31   0.0      5.41   1.8  26.06.2025  17:44:37
 16   4   6   2  $12    0.100    22.7935  50125.42   0.0      7.39   0.6  26.06.2025  17:44:39
 16   4   7   3  $12    0.010     5.0188   4499.38   0.0      7.29   1.3  26.06.2025  17:44:43
  1   4   2   3  $12    0.010     5.7424   3608.08   0.0      5.79   3.4  26.06.2025  17:44:46
  2   3   1   4  $12    0.010     5.7704   3625.68   0.0      5.28   3.3  26.06.2025  17:44:48
  1   2   3   4  $12    0.010    -2.5746   4852.93   0.0     14.44   0.7  26.06.2025  17:44:50
  3   4   1   2  $12    0.010    -2.5913   4884.54   0.0     12.44   1.4  26.06.2025  17:44:52
  5   8   6   7  $12    0.010     8.0847   5079.75   0.0      4.79   7.8  26.06.2025  17:44:54
  6   7   5   8  $12    0.010     8.1412   5115.29   0.0      5.52   3.5  26.06.2025  17:44:56
  5   6   7   8  $12    0.010    -2.1299   4014.82   0.0     31.17   0.7  26.06.2025  17:44:58
  7   8   5   6  $12    0.010    -2.2058   4157.82   0.1     33.12   1.8  26.06.2025  17:45:00
  9  12  10  11  $12    0.010    10.8906   6842.78   0.0      2.37   6.1  26.06.2025  17:45:02
 10  11   9  12  $12    0.010    10.9015   6849.59   0.0      1.71   4.8  26.06.2025  17:45:04
  9  10  11  12  $12    0.010    -2.0093   3787.53   0.0     27.21   2.1  26.06.2025  17:45:06
 11  12   9  10  $12    0.010    -2.0037   3776.94   0.0     16.03   2.8  26.06.2025  17:45:08
 13  16  14  15  $12    0.010     9.9999   6283.15   0.0     26.91   1.0  26.06.2025  17:45:10
 14  15  13  16  $12    0.010     9.9984   6282.20   0.0     28.91   0.3  26.06.2025  17:45:12
 13  14  15  16  $12    0.010    -5.3127  10014.20   0.0    -10.76   4.8  26.06.2025  17:45:14
  1   9  10   2  $12    0.010   -14.8883   5357.62   0.0      4.02   2.1  26.06.2025  17:45:16
  1   9  11   3  $12    0.010    -6.6161   5668.64   0.0      9.39   1.4  26.06.2025  17:45:18
  1   9  12   4  $12    0.010    -4.6775   7821.36   0.0     10.38   0.5  26.06.2025  17:45:20
  2  10   9   1  $12    0.010   -14.9115   5365.97   0.0      4.25   1.8  26.06.2025  17:45:22
  2  10  11   3  $12    0.010   -14.8338   5338.01   0.0      9.40   0.1  26.06.2025  17:45:24
  2  10  12   4  $12    0.010    -8.2192   7042.17   0.0     10.91   0.2  26.06.2025  17:45:26
  3  11   9   1  $12    0.010    -6.6362   5685.85   0.0      5.98   1.6  26.06.2025  17:45:28
  3  11  10   2  $12    0.010   -14.8698   5350.99   0.0      9.32   0.4  26.06.2025  17:45:30
  3  11  12   4  $12    0.010   -16.3227   5873.79   0.0      7.42   0.8  26.06.2025  17:45:32
 12   4   9   1  $12    0.010     4.7462   7936.29   0.0      1.66  11.7  26.06.2025  17:45:35
 12   4  10   2  $12    0.010     8.3018   7112.95   0.0      3.47   4.2  26.06.2025  17:45:37
 12   4  11   3  $12    0.010    16.3647   5888.93   0.0      4.93   3.2  26.06.2025  17:45:39
 13   5  14   6  $12    0.010    14.6524   5272.74   0.0      5.44   2.6  26.06.2025  17:45:41
 13   5  15   7  $12    0.010     7.5294   6451.17   0.0     -0.90  18.2  26.06.2025  17:45:43
 13   5  16   8  $12    0.010     5.1604   8628.86   0.0     -0.39  46.2  26.06.2025  17:45:45
 14   6  13   5  $12    0.010    14.6879   5285.51   0.0      8.45   0.5  26.06.2025  17:45:47
 14   6  15   7  $12    0.010    18.5196   6664.38   0.0     -0.94  29.0  26.06.2025  17:45:49
 14   6  16   8  $12    0.010     8.6245   7389.48   0.0      4.22   1.4  26.06.2025  17:45:51
 15   7  13   5  $12    0.010     7.5171   6440.67   0.0      0.59   4.2  26.06.2025  17:45:53
 15   7  14   6  $12    0.010    18.5467   6674.14   0.0      1.58   3.4  26.06.2025  17:45:55
 15   7  16   8  $12    0.010    19.1438   6888.98   0.0     11.56   0.2  26.06.2025  17:45:57
 16   8  13   5  $12    0.010     5.1580   8624.83   0.0      1.43   9.9  26.06.2025  17:45:59
 16   8  14   6  $12    0.010     8.6724   7430.52   0.0      4.76   2.3  26.06.2025  17:46:01
 16   8  15   7  $12    0.010    19.0985   6872.68   0.0     13.17   0.6  26.06.2025  17:46:03
  1   2   5   6  $12    0.100     2.1555   4062.93   0.0     77.03   0.5  26.06.2025  17:46:07
  2   3   6   7  $12    1.000    18.1851   3427.82   0.0     70.05   0.1  26.06.2025  17:46:10
  3   4   7   8  $12    1.000     8.7702   1653.14   0.0     21.03   0.1  26.06.2025  17:46:13
  1   2   9  10  $12    1.000     4.9376   7818.08   0.0     32.29   0.8  26.06.2025  17:46:15
  2   3  10  11  $12    1.000     5.7097   9040.47   0.0     20.31   3.3  26.06.2025  17:46:17
  3   4  11  12  $12    1.000     2.2039   3489.63   0.1     22.42   1.2  26.06.2025  17:46:19
  1   2  13  14  $12    0.100     3.5800 192995.73   0.0     91.60   0.3  26.06.2025  17:46:24
  2   3  14  15  $12    1.000    16.1594  87114.91   0.0     40.23   0.0  26.06.2025  17:46:27
  3   4  15  16  $12    1.000    11.6387  62744.05   0.0     35.88   0.7  26.06.2025  17:46:29
  5   6   9  10  $12    1.000    15.0012   2827.66   0.0    101.73   0.1  26.06.2025  17:46:32
  6   7  10  11  $12    0.100     2.4842   4682.53   0.0     78.67   0.3  26.06.2025  17:46:36
  7   8  11  12  $12    1.000     9.7951   1846.34   0.0     14.88   0.6  26.06.2025  17:46:40
  5   6  13  14  $12    1.000     1.1735   1858.06   2.9   -547.39   4.3  26.06.2025  17:46:50
  6   7  14  15  $12    1.000     3.1057   4917.38   0.4   -292.02   0.8  26.06.2025  17:46:52
  7   8  15  16  $12   10.000    13.1617   2083.97   0.0   -170.37   0.4  26.06.2025  17:46:56
  9  10  13  14  $12    0.100     4.2093   7934.35   0.0    217.63   0.0  26.06.2025  17:47:04
 10  11  14  15  $12    0.100     2.8938   5454.64   0.0     66.59   1.3  26.06.2025  17:47:06
 11  12  15  16  $12    1.000     9.9545   1876.38   0.0    103.11   0.2  26.06.2025  17:47:10
  1   2   6   7  $12    1.000    13.4177   5058.35   0.0     -3.29   3.8  26.06.2025  17:47:12
  2   3   7   8  $12    1.000     7.3319   2764.07   0.0     -0.34  42.6  26.06.2025  17:47:14
  1   2   7   8  $12    1.000     9.4277   6219.77   0.0      1.99   5.9  26.06.2025  17:47:16
  2   3   7   8  $12    1.000     7.3473   2769.86   0.0     -2.31   0.7  26.06.2025  17:47:18
  1   2  10  11  $12    1.000     7.9244  17924.61   0.0     11.47   0.8  26.06.2025  17:47:20
  2   3  11  12  $12    1.000     2.0149   4557.55   0.0    -22.48   0.6  26.06.2025  17:47:22
  1   2  11  12  $12    1.000     2.9311   9116.31   0.0     -1.70   7.4  26.06.2025  17:47:24
  2   3  11  12  $12    1.000     2.0139   4555.37   0.0    -23.66   1.6  26.06.2025  17:47:26
  1   2  14  15  $12    1.000    20.2988 139274.64   0.0     16.52   0.0  26.06.2025  17:47:28
  2   3  15  16  $12    1.000     7.0107  48101.94   0.0    -79.23   0.3  26.06.2025  17:47:30
  1   2  15  16  $12    1.000     9.4595  81130.08   0.0    -26.14   0.2  26.06.2025  17:47:32
  2   3  15  16  $12    1.000     7.0064  48072.67   0.0    -79.04   0.3  26.06.2025  17:47:34
  5   6  10  11  $12    1.000     8.4496   3185.41   0.0   -134.31   0.2  26.06.2025  17:47:36
  6   7  11  12  $12    1.000     9.5477   3599.38   0.0      2.04   5.4  26.06.2025  17:47:38
  5   6  11  12  $12    1.000     5.6398   3720.76   0.0    -19.14   0.5  26.06.2025  17:47:40
  6   7  11  12  $12    1.000     9.6089   3622.49   0.0     -4.83   4.0  26.06.2025  17:47:42
  5   6  14  15  $12    1.000     4.7285  10695.70   0.1    219.80   0.4  26.06.2025  17:47:44
  6   7  15  16  $12    1.000     4.6498  10517.50   0.0    289.79   0.3  26.06.2025  17:47:46
  5   6  15  16  $12    1.000    -0.2802    871.54   0.5   5033.01   0.7  26.06.2025  17:47:52
  6   7  15  16  $12    1.000     4.3609   9864.17   0.1    263.05   0.5  26.06.2025  17:47:54
  9  10  14  15  $12    1.000    15.8388   5971.09   0.0     13.07   0.9  26.06.2025  17:47:56
 10  11  15  16  $12    1.000    16.6476   6276.01   0.0     -2.88   3.0  26.06.2025  17:47:58
  9  10  15  16  $12    1.000     3.0027   1980.96   0.0   -423.55   0.1  26.06.2025  17:48:00
 10  11  15  16  $12    1.000    16.6381   6272.42   0.0     -3.53   4.5  26.06.2025  17:48:02
