//C:\Users\user\Desktop\GeoTom\GeoTomE724.ini
//- Cable direction:
//  cable I: normal
//  cable II: normal
//  cable III: normal
//  cable IV: normal
//- Cable arrangement: sequential
//- Optimization: Last measurement
//- Sorting: Multi-level
//- Current levels: 0.001 mA .. 50.0 mA
Type:         Flow
Name:         Hyprop
Comment:      Example of a measurements sequence
Comment:      
Comment:      
Spacing:      1.00000
First El:     0.00000
Nr of points: 289
IP present:   1

  1   5   2   6  $12    0.010    18.7887   8049.06   0.0      4.60   0.9  09.07.2025  22:35:05
  1   5   3   7  $12    0.010     9.7382  18356.15   0.0      1.67  10.8  09.07.2025  22:35:08
  1   5   4   8  $12    0.010     5.6091   7400.98   0.0      1.33  20.9  09.07.2025  22:35:10
  1   5  14   2  $12    0.010    -5.6722   5085.14   0.0     11.24   1.6  09.07.2025  22:35:12
  1   5  15   3  $12    0.100     7.4134  16302.89   0.0    -12.03   1.8  09.07.2025  22:35:16
  1   5  16   4  $12    0.100    12.1105   1184.46   0.0     -0.36  31.4  09.07.2025  22:35:18
  1   5  13   9  $12    0.010     8.4834  63963.23   0.0      1.16   5.7  09.07.2025  22:35:22
  1   5  14  10  $12    0.010     7.0776  81296.56   0.0      0.76   6.2  09.07.2025  22:35:25
  1   5  15  11  $12    0.010     6.9481 114598.20   0.0      0.78  16.1  09.07.2025  22:35:27
  1   5  16  12  $12    0.010     5.1696 117237.15   0.0      1.20  16.8  09.07.2025  22:35:29
  1   5  10   6  $12    0.010     6.0411   5337.71   0.0      3.97   1.8  09.07.2025  22:35:31
  1   5  11   7  $12    0.010     3.5467   8356.79   0.0     -0.54  30.4  09.07.2025  22:35:33
  1   5  12   8  $12    0.100    16.5405   7502.22   0.0     -0.01 741.6  09.07.2025  22:35:37
  2   6   1   5  $12    0.010    18.7873   8048.46   0.0      4.89   0.7  09.07.2025  22:35:41
  2   6   3   7  $12    0.010    15.8329   6782.79   0.0      3.46   5.1  09.07.2025  22:35:44
  2   6   4   8  $12    0.010     7.2922  13745.51   0.0      2.01  10.4  09.07.2025  22:35:46
  2   6  13   1  $12    0.010    -6.5025   4795.62   0.0      9.52   8.2  09.07.2025  22:35:48
  2   6  15   3  $12    0.010    -2.7780   2490.48   0.0     12.14   3.2  09.07.2025  22:35:50
  2   6  16   4  $12    0.100    -3.5499   7806.72   0.0     24.40   0.5  09.07.2025  22:35:53
  2   6  13   9  $12    0.010     6.6677  30242.65   0.0      0.94   3.4  09.07.2025  22:35:58
  2   6  14  10  $12    0.010     5.7810  43587.98   0.0      0.44  18.4  09.07.2025  22:36:00
  2   6  15  11  $12    0.010     5.6561  64968.95   0.0      1.03   9.7  09.07.2025  22:36:02
  2   6  16  12  $12    0.010     4.5424  74918.97   0.0      0.67  38.5  09.07.2025  22:36:05
  2   6   9   5  $12    0.010     5.6443   7447.53   0.0      4.09   4.9  09.07.2025  22:36:07
  2   6  11   7  $12    0.010     7.4037   6541.70   0.0      2.82   2.9  09.07.2025  22:36:09
  2   6  12   8  $12    0.010     2.4258   5715.55   0.0     -3.90   2.8  09.07.2025  22:36:11
  3   7   1   5  $12    0.010     9.7347  18349.42   0.0      3.04   7.1  09.07.2025  22:36:13
  3   7   2   6  $12    0.010    15.8153   6775.25   0.0      4.08   3.3  09.07.2025  22:36:15
  3   7   4   8  $12    0.010    14.8529   6362.98   0.0      5.09   3.1  09.07.2025  22:36:17
  3   7  13   1  $12    0.010    -2.0145   3164.32   0.1     10.74  21.4  09.07.2025  22:36:19
  3   7  14   2  $12    0.010    -4.1860   3087.22   0.0      7.72   1.8  09.07.2025  22:36:21
  3   7  16   4  $12    0.010    -5.9540   5337.76   0.0      9.90   1.2  09.07.2025  22:36:23
  3   7  13   9  $12    0.010     5.0695  11944.64   0.0      1.59  11.7  09.07.2025  22:36:25
  3   7  14  10  $12    0.010     4.6950  21294.78   0.0      1.24   2.0  09.07.2025  22:36:27
  3   7  15  11  $12    0.010     4.5518  34319.46   0.0      1.64   4.8  09.07.2025  22:36:29
  3   7  16  12  $12    0.010     4.2224  48500.52   0.0      2.96   8.1  09.07.2025  22:36:31
  3   7   9   5  $12    0.010     2.6665   5026.20   0.0      1.96  26.2  09.07.2025  22:36:33
  3   7  10   6  $12    0.010     6.9362   9152.16   0.0      4.31   4.5  09.07.2025  22:36:35
  3   7  12   8  $12    0.010     4.6584   4116.05   0.0     -0.62  19.5  09.07.2025  22:36:37
  4   8   1   5  $12    0.010     5.6228   7419.15   0.0      1.17   8.8  09.07.2025  22:36:39
  4   8   2   6  $12    0.010     7.3118  13782.39   0.0      0.62  58.1  09.07.2025  22:36:41
  4   8   3   7  $12    0.010    14.8728   6371.51   0.0      1.63   2.1  09.07.2025  22:36:43
  4   8  13   1  $12    0.100    -8.9330   2009.11   0.0      4.69   0.8  09.07.2025  22:36:47
  4   8  14   2  $12    0.100   -15.4245   2422.87   0.0      2.24   7.8  09.07.2025  22:36:49
  4   8  15   3  $12    0.010    -6.4217   4736.05   0.0      6.87   4.8  09.07.2025  22:36:54
  4   8  13   9  $12    0.010     3.9845   3520.63   0.0      0.02 1051.5  09.07.2025  22:36:56
  4   8  14  10  $12    0.010     3.9503   9307.67   0.0     -0.37  17.5  09.07.2025  22:36:58
  4   8  15  11  $12    0.010     3.9600  17961.24   0.0      1.08   3.8  09.07.2025  22:37:00
  4   8  16  12  $12    0.010     4.1548  31326.79   0.0     -0.98  28.8  09.07.2025  22:37:02
  4   8   9   5  $12    0.100     7.3239    313.76   0.0      2.76   1.1  09.07.2025  22:37:06
  4   8  10   6  $12    0.100    17.9942   3391.82   0.0      3.08   3.3  09.07.2025  22:37:08
  4   8  11   7  $12    0.010     4.4561   5879.68   0.0     -0.82  14.0  09.07.2025  22:37:13
  5   9   6  10  $12    0.010    13.2293   5667.42   0.0      0.95   4.8  09.07.2025  22:37:15
  5   9   7  11  $12    0.010     6.5307  12310.08   0.0     -0.13  41.7  09.07.2025  22:37:17
  5   9   8  12  $12    0.010     3.3827   4463.32   0.0     -2.08  38.7  09.07.2025  22:37:19
  5   9   2   6  $12    0.010    -5.6026   7392.39   0.0      2.32  19.8  09.07.2025  22:37:21
  5   9   3   7  $12    0.010    -2.6253   4948.61   0.0      6.42   1.5  09.07.2025  22:37:23
  5   9   4   8  $12    0.100    -7.2045    308.64   0.0      7.05   0.3  09.07.2025  22:37:27
  5   9   1  13  $12    0.100     7.5787   1904.73   0.0      2.83   7.6  09.07.2025  22:37:29
  5   9   2  14  $12    0.100    10.0235   2254.37   0.0      4.79   2.8  09.07.2025  22:37:31
  5   9   3  15  $12    0.100    11.1748   1755.33   0.0      2.24   2.7  09.07.2025  22:37:33
  5   9   4  16  $12    0.100     9.9475    733.63   0.0      1.82   2.4  09.07.2025  22:37:35
  5   9  14  10  $12    0.010     6.5742   5808.83   0.0      0.96   7.1  09.07.2025  22:37:40
  5   9  15  11  $12    0.010     2.7480   6474.89   0.0     -1.45   7.6  09.07.2025  22:37:42
  5   9  16  12  $12    0.100    16.2664   7377.92   0.0      8.21   0.1  09.07.2025  22:37:46
  6  10   5   9  $12    0.010    13.1973   5653.69   0.0      2.56   0.7  09.07.2025  22:37:51
  6  10   7  11  $12    0.010    13.3652   5725.65   0.0      3.42   3.6  09.07.2025  22:37:53
  6  10   8  12  $12    0.010     5.7301  10801.06   0.0      3.23   3.2  09.07.2025  22:37:55
  6  10   1   5  $12    0.010    -5.9954   5297.34   0.0      9.09   1.7  09.07.2025  22:37:57
  6  10   3   7  $12    0.010    -6.8975   9101.05   0.0      6.04   0.2  09.07.2025  22:37:59
  6  10   4   8  $12    0.100   -17.7388   3343.68   0.0      4.50   0.3  09.07.2025  22:38:03
  6  10   1  13  $12    0.100     8.6340   1941.87   0.0      3.82   1.4  09.07.2025  22:38:05
  6  10   2  14  $12    0.100    11.6808   2935.71   0.0      3.88   1.7  09.07.2025  22:38:07
  6  10   3  15  $12    0.100    13.6286   3065.21   0.0      2.64   3.5  09.07.2025  22:38:09
  6  10   4  16  $12    0.100    12.7880   2008.73   0.0      1.82   1.0  09.07.2025  22:38:11
  6  10  13   9  $12    0.010     6.3226   8342.45   0.0      0.19  65.3  09.07.2025  22:38:16
  6  10  15  11  $12    0.010     5.0541   4465.70   0.0      1.79  25.7  09.07.2025  22:38:18
  6  10  16  12  $12    0.010     2.6661   6281.74   0.0      5.57  16.7  09.07.2025  22:38:20
  7  11   5   9  $12    0.010     6.5061  12263.72   0.0      2.20   0.3  09.07.2025  22:38:22
  7  11   6  10  $12    0.010    13.3481   5718.32   0.0      4.29   0.5  09.07.2025  22:38:24
  7  11   8  12  $12    0.010    12.8298   5496.27   0.0      7.38   2.0  09.07.2025  22:38:26
  7  11   1   5  $12    0.010    -3.5116   8274.03   0.0      9.69   5.3  09.07.2025  22:38:28
  7  11   2   6  $12    0.010    -7.3841   6524.35   0.0      6.29   3.2  09.07.2025  22:38:30
  7  11   4   8  $12    0.010    -4.4104   5819.43   0.0      6.52  18.0  09.07.2025  22:38:32
  7  11   1  13  $12    0.100     9.8339   1544.71   0.0      4.65   0.4  09.07.2025  22:38:36
  7  11   2  14  $12    0.100    14.1246   3176.75   0.0      5.58   1.7  09.07.2025  22:38:38
  7  11   3  15  $12    0.100    16.5770   4166.26   0.0      3.95   1.7  09.07.2025  22:38:40
  7  11   4  16  $12    0.100    16.9181   3805.04   0.0      2.11   1.0  09.07.2025  22:38:42
  7  11  13   9  $12    0.100    19.5032   3676.27   0.0      3.51   4.2  09.07.2025  22:38:44
  7  11  14  10  $12    0.010     4.5032   5941.78   0.0      5.96   0.7  09.07.2025  22:38:49
  7  11  16  12  $12    0.010     6.6993   5919.36   0.0     14.49   4.4  09.07.2025  22:38:51
  8  12   5   9  $12    0.010     3.3448   4413.37   0.0      2.28   2.2  09.07.2025  22:38:53
  8  12   6  10  $12    0.010     5.6797  10705.90   0.0      4.56   2.3  09.07.2025  22:38:55
  8  12   7  11  $12    0.010    12.6571   5422.30   0.0      6.97   0.6  09.07.2025  22:38:58
  8  12   1   5  $12    0.100   -16.6948   7572.20   0.0      2.53   1.4  09.07.2025  22:39:01
  8  12   2   6  $12    0.010    -2.3914   5634.61   0.0     10.09   0.3  09.07.2025  22:39:06
  8  12   3   7  $12    0.010    -4.6261   4087.47   0.0      8.86   3.7  09.07.2025  22:39:08
  8  12   1  13  $12    0.100    10.1561    749.02   0.0      1.89   5.5  09.07.2025  22:39:12
  8  12   2  14  $12    0.100    15.2576   2396.66   0.0      1.34   7.9  09.07.2025  22:39:14
  8  12   3  15  $12    0.100    18.6543   4195.54   0.0      0.58   4.8  09.07.2025  22:39:16
  8  12  16   4  $12    0.100   -20.5572   5166.58   0.0      2.34   3.6  09.07.2025  22:39:18
  8  12   9  13  $12    0.100    -6.2348    267.10   0.0     20.60   1.9  09.07.2025  22:39:20
  8  12  10  14  $12    0.100   -16.9618   3197.23   0.0     17.02   0.0  09.07.2025  22:39:22
  8  12  11  15  $12    0.010    -6.0267   7952.06   0.0     15.28   0.5  09.07.2025  22:39:27
  9  13  10  14  $12    0.010    16.7049   7156.38   0.0      2.92   4.4  09.07.2025  22:39:29
  9  13  11  15  $12    0.010    15.1927  28637.65   0.0      1.93   3.2  09.07.2025  22:39:31
  9  13  12  16  $12    0.010     8.0349  10601.77   0.0      3.47   2.1  09.07.2025  22:39:33
  9  13   6  10  $12    0.010    -6.2644   8265.71   0.0      4.63   6.9  09.07.2025  22:39:35
  9  13   7  11  $12    0.100   -19.6519   3704.30   0.0      6.82   0.4  09.07.2025  22:39:39
  9  13   8  12  $12    0.100    -6.4860    277.86   0.0     25.93   0.2  09.07.2025  22:39:41
  9  13   5   1  $12    0.010     8.4966  64062.94   0.0      0.40  16.5  09.07.2025  22:39:46
  9  13   6   2  $12    0.010     6.6601  30208.14   0.0     -0.47  42.5  09.07.2025  22:39:48
  9  13   7   3  $12    0.010     5.0793  11967.88   0.0      1.20   3.4  09.07.2025  22:39:50
  9  13   8   4  $12    0.010     3.9973   3531.92   0.0      1.11  31.4  09.07.2025  22:39:52
  9  13   2  14  $12    0.010     3.7765   2785.17   0.0      2.05   3.4  09.07.2025  22:39:54
  9  13   3  15  $12    0.010     8.1659  12826.90   0.0     -1.12   8.8  09.07.2025  22:39:56
  9  13   4  16  $12    0.010     3.4094   7667.96   0.0      1.34   6.7  09.07.2025  22:39:58
 10  14   9  13  $12    0.010    16.7034   7155.72   0.0      3.43   4.3  09.07.2025  22:40:01
 10  14  11  15  $12    0.010    16.9470   7260.09   0.0      4.98   2.1  09.07.2025  22:40:03
 10  14  12  16  $12    0.010    12.6006  23751.62   0.0      5.74   1.0  09.07.2025  22:40:05
 10  14   5   9  $12    0.010    -6.5441   5782.21   0.0      4.01   8.7  09.07.2025  22:40:07
 10  14   7  11  $12    0.010    -4.4927   5928.04   0.0     10.02   1.7  09.07.2025  22:40:09
 10  14   8  12  $12    0.100   -17.3787   3275.81   0.0     18.30   0.4  09.07.2025  22:40:12
 10  14   5   1  $12    0.010     7.0976  81526.21   0.0      0.20  18.1  09.07.2025  22:40:17
 10  14   6   2  $12    0.010     5.7818  43594.07   0.0      0.39  37.4  09.07.2025  22:40:19
 10  14   7   3  $12    0.010     4.7073  21350.67   0.0     -1.10  39.9  09.07.2025  22:40:22
 10  14   8   4  $12    0.010     3.9542   9316.91   0.0     -0.08 985.2  09.07.2025  22:40:24
 10  14   1  13  $12    0.010     3.0750   2756.75   0.0      0.19 132.1  09.07.2025  22:40:26
 10  14   3  15  $12    0.010     7.7461   5712.81   0.0      4.50   2.9  09.07.2025  22:40:28
 10  14   4  16  $12    0.010     6.9027  10842.79   0.0      4.99   0.7  09.07.2025  22:40:30
 11  15   9  13  $12    0.010    15.1824  28618.12   0.0      1.26   1.8  09.07.2025  22:40:32
 11  15  10  14  $12    0.010    16.9839   7275.87   0.0      3.97   0.7  09.07.2025  22:40:34
 11  15  12  16  $12    0.010    14.0425   6015.79   0.0      7.40   1.1  09.07.2025  22:40:36
 11  15   5   9  $12    0.010    -2.6921   6343.14   0.0     12.58   3.0  09.07.2025  22:40:38
 11  15   6  10  $12    0.010    -5.0132   4429.57   0.0      7.85   1.2  09.07.2025  22:40:40
 11  15   8  12  $12    0.010    -6.2317   8222.49   0.0     14.44   0.8  09.07.2025  22:40:42
 11  15   5   1  $12    0.010     6.9612 114814.24   0.0      0.66   5.3  09.07.2025  22:40:44
 11  15   6   2  $12    0.010     5.6575  64984.96   0.0     -1.95   5.5  09.07.2025  22:40:46
 11  15   7   3  $12    0.010     4.5713  34466.66   0.0     -1.76  12.1  09.07.2025  22:40:48
 11  15   8   4  $12    0.010     3.9788  18046.55   0.0      1.90  10.6  09.07.2025  22:40:50
 11  15   1  13  $12    0.010     5.5073 121112.52   0.0     -1.11  22.0  09.07.2025  22:40:52
 11  15   2  14  $12    0.010     6.2926   5641.30   0.0      4.30   2.3  09.07.2025  22:40:54
 11  15   4  16  $12    0.010     3.8226   2819.19   0.0      2.45  35.5  09.07.2025  22:40:56
 12  16   9  13  $12    0.010     8.0128  10572.68   0.0      4.60   1.9  09.07.2025  22:40:58
 12  16  10  14  $12    0.010    12.5055  23572.35   0.0      7.46   0.5  09.07.2025  22:41:00
 12  16  11  15  $12    0.010    13.8843   5948.04   0.0      8.53   0.5  09.07.2025  22:41:02
 12  16   5   9  $12    0.100   -15.9064   7214.60   0.0      8.45   0.3  09.07.2025  22:41:06
 12  16   6  10  $12    0.010    -2.5526   6014.39   0.0     17.26   1.0  09.07.2025  22:41:11
 12  16   7  11  $12    0.010    -6.4402   5690.36   0.0     14.58   0.7  09.07.2025  22:41:13
 12  16   5   1  $12    0.010     5.1570 116951.74   0.0      2.08   3.8  09.07.2025  22:41:15
 12  16   6   2  $12    0.010     4.5129  74433.66   0.0      0.51 124.6  09.07.2025  22:41:17
 12  16   7   3  $12    0.010     4.2224  48500.28   0.0      0.89  29.3  09.07.2025  22:41:19
 12  16   8   4  $12    0.010     4.1613  31375.23   0.0      1.51  17.5  09.07.2025  22:41:21
 12  16  13   1  $12    0.100   -12.1914   1192.37   0.0     14.48   0.3  09.07.2025  22:41:25
 12  16  14   2  $12    0.010    -5.2346 115115.31   0.0     16.11   0.6  09.07.2025  22:41:30
 12  16  15   3  $12    0.010    -3.0443   2729.27   0.0     15.59   4.6  09.07.2025  22:41:32
 13   1  14   2  $12    0.010    10.4808   3594.27   0.0      5.41   2.1  09.07.2025  22:41:34
 13   1  15   3  $12    0.010     8.5192   6460.24   0.0      2.63   6.4  09.07.2025  22:41:36
 13   1  16   4  $12    0.010     3.1774   4083.57   0.0      2.68   7.5  09.07.2025  22:41:38
 13   1  10  14  $12    0.010    -3.0112   2699.57   0.0     14.56   1.4  09.07.2025  22:41:40
 13   1  11  15  $12    0.010    -5.4662 120208.73   0.0      8.13   1.0  09.07.2025  22:41:42
 13   1  12  16  $12    0.100   -12.2880   1201.82   0.0     14.20   0.0  09.07.2025  22:41:46
 13   1   9   5  $12    0.100     7.5432   1895.81   0.0      3.76   3.7  09.07.2025  22:41:48
 13   1  10   6  $12    0.100     8.5931   1932.67   0.0      4.36   1.3  09.07.2025  22:41:50
 13   1  11   7  $12    0.100     9.8096   1540.90   0.0      4.11   2.7  09.07.2025  22:41:52
 13   1  12   8  $12    0.100    10.0853    743.80   0.0      2.42   0.4  09.07.2025  22:41:54
 13   1   6   2  $12    0.010     6.5736   4848.07   0.0      5.39   1.7  09.07.2025  22:41:59
 13   1   7   3  $12    0.010     2.0486   3218.00   0.1     -1.31 105.0  09.07.2025  22:42:01
 13   1   8   4  $12    0.100     9.0903   2044.50   0.0      0.48   7.7  09.07.2025  22:42:05
 14   2  13   1  $12    0.010    10.4405   3580.45   0.0      6.00   0.5  09.07.2025  22:42:10
 14   2  15   3  $12    0.010    11.8705   4070.85   0.0      5.46   0.6  09.07.2025  22:42:12
 14   2  16   4  $12    0.010     8.4554   6411.84   0.0      7.66   0.2  09.07.2025  22:42:14
 14   2   9  13  $12    0.010    -3.6990   2728.06   0.0     12.21   3.0  09.07.2025  22:42:16
 14   2  11  15  $12    0.010    -6.1996   5557.94   0.0     12.25   0.8  09.07.2025  22:42:18
 14   2  12  16  $12    0.010    -5.3348 117317.86   0.0     16.01   1.2  09.07.2025  22:42:20
 14   2   9   5  $12    0.100     9.9472   2237.21   0.0      4.38   0.5  09.07.2025  22:42:24
 14   2  10   6  $12    0.100    11.6042   2916.46   0.0      5.07   0.7  09.07.2025  22:42:26
 14   2  11   7  $12    0.100    14.0524   3160.52   0.0      5.28   0.5  09.07.2025  22:42:28
 14   2  12   8  $12    0.100    15.1325   2377.01   0.0      2.87   0.4  09.07.2025  22:42:30
 14   2   5   1  $12    0.010     5.7303   5137.25   0.0      4.90   1.1  09.07.2025  22:42:35
 14   2   7   3  $12    0.010     4.2433   3129.45   0.0     -1.98  11.6  09.07.2025  22:42:37
 14   2   8   4  $12    0.100    15.7818   2479.00   0.0      1.64   0.3  09.07.2025  22:42:41
 15   3  13   1  $12    0.010     8.5124   6455.09   0.0      5.02   1.2  09.07.2025  22:42:46
 15   3  14   2  $12    0.010    11.8631   4068.30   0.0      4.86   2.0  09.07.2025  22:42:48
 15   3  16   4  $12    0.010    11.4822   3937.67   0.0      5.34   2.7  09.07.2025  22:42:50
 15   3   9  13  $12    0.010    -8.1111  12740.96   0.0      6.84   4.6  09.07.2025  22:42:52
 15   3  10  14  $12    0.010    -7.6833   5666.51   0.0      9.46   0.3  09.07.2025  22:42:54
 15   3  12  16  $12    0.010    -3.0888   2769.08   0.0     17.95   3.4  09.07.2025  22:42:56
 15   3   9   5  $12    0.100    11.1354   1749.14   0.0      1.13   6.7  09.07.2025  22:43:00
 15   3  10   6  $12    0.100    13.5931   3057.22   0.0      2.91   2.3  09.07.2025  22:43:02
 15   3  11   7  $12    0.100    16.5623   4162.55   0.0      2.71   0.0  09.07.2025  22:43:04
 15   3  12   8  $12    0.100    18.5789   4178.56   0.0      0.80   2.3  09.07.2025  22:43:06
 15   3   5   1  $12    0.100    -7.4450  16372.42   0.0     -9.44   0.2  09.07.2025  22:43:08
 15   3   6   2  $12    0.010     2.7914   2502.46   0.0      0.76  23.4  09.07.2025  22:43:13
 15   3   8   4  $12    0.010     6.5041   4796.83   0.0      2.52  14.7  09.07.2025  22:43:15
 16   4  13   1  $12    0.010     3.1815   4088.83   0.0      1.16  10.8  09.07.2025  22:43:17
 16   4  14   2  $12    0.010     8.4045   6373.23   0.0      6.23   2.7  09.07.2025  22:43:19
 16   4  15   3  $12    0.010    11.4532   3927.74   0.0      4.72   3.2  09.07.2025  22:43:21
 16   4   9  13  $12    0.010    -3.3392   7510.20   0.0     12.80   6.1  09.07.2025  22:43:23
 16   4  10  14  $12    0.010    -6.7548  10610.38   0.0     11.04   0.6  09.07.2025  22:43:25
 16   4  11  15  $12    0.010    -3.7468   2763.31   0.0     11.38   4.3  09.07.2025  22:43:27
 16   4   9   5  $12    0.100     9.9191    731.54   0.0      2.52   1.0  09.07.2025  22:43:31
 16   4  10   6  $12    0.100    12.7762   2006.88   0.0      2.60   0.8  09.07.2025  22:43:33
 16   4  11   7  $12    0.100    16.9138   3804.08   0.0      2.51   0.8  09.07.2025  22:43:35
 16   4  12   8  $12    0.100    20.5255   5158.62   0.0      1.98   1.6  09.07.2025  22:43:37
 16   4   5   1  $12    0.100   -12.1194   1185.33   0.0      2.87   1.7  09.07.2025  22:43:39
 16   4   6   2  $12    0.100     3.4216   7524.50   0.0      8.37   4.7  09.07.2025  22:43:41
 16   4   7   3  $12    0.010     5.9702   5352.33   0.0      2.56   0.4  09.07.2025  22:43:46
  1   4   2   3  $12    0.010    11.1663   7016.01   0.0      5.40   7.4  09.07.2025  22:43:48
  2   3   1   4  $12    0.010    11.1741   7020.88   0.0      4.62   3.1  09.07.2025  22:43:50
  1   2   3   4  $12    0.100   -13.6648   2575.76   0.0      2.65   3.1  09.07.2025  22:43:54
  3   4   1   2  $12    0.100   -13.6273   2568.68   0.0      3.43   1.8  09.07.2025  22:43:56
  5   8   6   7  $12    0.010     5.9670   3749.16   0.0      1.29   0.7  09.07.2025  22:44:01
  6   7   5   8  $12    0.010     5.9820   3758.63   0.0      0.40 117.7  09.07.2025  22:44:03
  5   6   7   8  $12    0.010    -2.9903   5636.58   0.0      9.75   3.4  09.07.2025  22:44:05
  7   8   5   6  $12    0.010    -2.9776   5612.72   0.0     11.62   2.4  09.07.2025  22:44:07
  9  12  10  11  $12    0.010     8.7436   5493.80   0.0      5.62   2.2  09.07.2025  22:44:09
 10  11   9  12  $12    0.010     8.8561   5564.44   0.0      4.65   1.5  09.07.2025  22:44:11
  9  10  11  12  $12    0.100   -12.2632   2311.56   0.0      6.30   0.6  09.07.2025  22:44:15
 11  12   9  10  $12    0.100   -12.1541   2291.00   0.0     12.13   1.3  09.07.2025  22:44:17
 13  16  14  15  $12    0.010    -5.7745   3628.20   0.0      8.15   0.9  09.07.2025  22:44:22
 14  15  13  16  $12    0.010    -5.8360   3666.85   0.0      3.09   2.5  09.07.2025  22:44:24
 13  14  15  16  $12    0.010     4.1021   7732.27   0.0     -8.06   1.4  09.07.2025  22:44:26
  1   9  10   2  $12    0.010   -20.3658   7328.76   0.0      5.72   2.9  09.07.2025  22:44:28
  1   9  11   3  $12    0.010   -10.0188   8584.09   0.0      6.38   2.0  09.07.2025  22:44:30
  1   9  12   4  $12    0.010    -6.5121  10889.18   0.0      9.44   5.0  09.07.2025  22:44:32
  2  10   9   1  $12    0.010   -20.3204   7312.40   0.0      5.61   0.7  09.07.2025  22:44:34
  2  10  11   3  $12    0.010   -14.7922   5323.04   0.0      6.37   0.3  09.07.2025  22:44:36
  2  10  12   4  $12    0.010    -8.7312   7480.88   0.0      9.35   2.7  09.07.2025  22:44:38
  3  11   9   1  $12    0.010   -10.0080   8574.88   0.0      7.25   4.3  09.07.2025  22:44:41
  3  11  10   2  $12    0.010   -14.7819   5319.33   0.0      7.01   0.5  09.07.2025  22:44:43
  3  11  12   4  $12    0.010   -18.4461   6637.91   0.0      9.63   1.7  09.07.2025  22:44:45
 12   4   9   1  $12    0.010     6.5445  10943.23   0.0      4.52   1.1  09.07.2025  22:44:47
 12   4  10   2  $12    0.010     8.7619   7507.20   0.0      4.62   4.8  09.07.2025  22:44:49
 12   4  11   3  $12    0.010    18.4190   6628.19   0.0      7.00   1.3  09.07.2025  22:44:51
 13   5  14   6  $12    0.010    17.0747   6144.42   0.0      2.89  13.3  09.07.2025  22:44:53
 13   5  15   7  $12    0.010    17.0257  14587.59   0.0      1.25   3.9  09.07.2025  22:44:55
 13   5  16   8  $12    0.010     9.1043  15223.62   0.0      1.76   3.9  09.07.2025  22:44:57
 14   6  13   5  $12    0.010    17.0693   6142.46   0.0      2.78   3.9  09.07.2025  22:44:59
 14   6  15   7  $12    0.010    20.7668   7473.05   0.0      3.67   0.4  09.07.2025  22:45:01
 14   6  16   8  $12    0.010    13.8507  11867.22   0.0      4.25   5.7  09.07.2025  22:45:03
 15   7  13   5  $12    0.010    17.0006  14566.10   0.0      3.11   7.0  09.07.2025  22:45:05
 15   7  14   6  $12    0.010    20.7701   7474.24   0.0      4.65   0.6  09.07.2025  22:45:07
 15   7  16   8  $12    0.010    13.8707   4991.44   0.0      4.21   2.8  09.07.2025  22:45:09
 16   8  13   5  $12    0.010     9.0975  15212.20   0.0      2.79   3.3  09.07.2025  22:45:11
 16   8  14   6  $12    0.010    13.8053  11828.34   0.0      5.25   0.7  09.07.2025  22:45:13
 16   8  15   7  $12    0.010    13.8462   4982.61   0.0      3.84   1.0  09.07.2025  22:45:15
  1   2   5   6  $12   10.000    13.7590    259.35   0.6    -33.40   5.5  09.07.2025  22:45:23
  2   3   6   7  $12    1.000     8.0801   1523.06   0.0      3.55   1.2  09.07.2025  22:45:28
  3   4   7   8  $12    1.000    13.0175   2453.74   0.0     10.90   0.3  09.07.2025  22:45:30
  1   2   9  10  $12    1.000    -3.5344   5596.25   0.1     11.58   7.2  09.07.2025  22:45:32
  2   3  10  11  $12    1.000    -1.5146   2398.18   0.0     -5.84   5.7  09.07.2025  22:45:38
  3   4  11  12  $12   10.000    10.1137   1601.36   0.1    -87.73   0.9  09.07.2025  22:45:41
  1   2  13  14  $12    0.100     3.9223 211452.40   0.0     -4.00   1.2  09.07.2025  22:45:49
  2   3  14  15  $12    0.100    -2.2537 121498.15   0.0      9.66   2.4  09.07.2025  22:45:51
  3   4  15  16  $12    0.100     3.9758 214335.13   0.0     -5.95   7.5  09.07.2025  22:45:53
  5   6   9  10  $12    1.000     9.4000   1771.86   0.0      1.04   4.1  09.07.2025  22:45:57
  6   7  10  11  $12    1.000    18.8320   3549.74   0.0     -1.94   1.4  09.07.2025  22:45:59
  7   8  11  12  $12    1.000    19.2337   3625.46   0.0     -8.60   0.6  09.07.2025  22:46:01
  5   6  13  14  $12   10.000    14.5569   2304.89   0.0     -0.51  16.7  09.07.2025  22:46:05
  6   7  14  15  $12   10.000    -9.5620   1514.01   0.0     27.17   2.1  09.07.2025  22:46:07
  7   8  15  16  $12    1.000     6.2108   9833.97   0.0     -7.16   0.9  09.07.2025  22:46:12
  9  10  13  14  $12    1.000     2.7138    511.55   0.0     -4.93   2.1  09.07.2025  22:46:14
 10  11  14  15  $12    1.000    -5.4129   1020.31   0.0      2.09   3.3  09.07.2025  22:46:16
 11  12  15  16  $12    1.000    10.6484   2007.17   0.0      1.47   4.5  09.07.2025  22:46:18
  1   2   6   7  $12   10.000     5.6565    213.25   0.3     30.09   6.5  09.07.2025  22:46:22
  2   3   7   8  $12    1.000    11.5481   4353.53   0.0     -5.66   0.6  09.07.2025  22:46:27
  1   2   7   8  $12   10.000     1.0420     68.75   2.5   -648.43   6.1  09.07.2025  22:46:39
  2   3   7   8  $12    1.000    11.8451   4465.48   0.0     -3.40   2.6  09.07.2025  22:46:44
  1   2  10  11  $12    1.000    -4.6486  10514.92   0.0      3.11   8.5  09.07.2025  22:46:46
  2   3  11  12  $12    1.000    -0.8166   1847.11   0.1    -48.95   0.8  09.07.2025  22:46:51
  1   2  11  12  $12    1.000    -3.1498   9796.51   0.0    -18.94   0.9  09.07.2025  22:46:53
  2   3  11  12  $12    1.000    -0.8390   1897.71   0.1    -38.88   1.6  09.07.2025  22:46:59
  1   2  14  15  $12    1.000   -19.6326 134704.20   0.0     -0.51   7.3  09.07.2025  22:47:00
  2   3  15  16  $12    0.100     7.1482 490454.45   0.0     -1.74   3.5  09.07.2025  22:47:06
  1   2  15  16  $12    0.100     5.5841 478919.23   0.0     -4.94   0.4  09.07.2025  22:47:08
  2   3  15  16  $12    0.100     7.1581 491137.47   0.0     -1.75   6.5  09.07.2025  22:47:10
  5   6  10  11  $12    1.000    14.6481   5522.20   0.0     -4.35   0.1  09.07.2025  22:47:13
  6   7  11  12  $12    1.000    12.8521   4845.13   0.0     -4.62   2.5  09.07.2025  22:47:15
  5   6  11  12  $12    1.000     9.3955   6198.56   0.0     -8.32   0.1  09.07.2025  22:47:18
  6   7  11  12  $12    1.000    12.8521   4845.12   0.0     -5.40   1.5  09.07.2025  22:47:20
  5   6  14  15  $12   10.000    -6.7321   1522.76   0.0      9.64   2.0  09.07.2025  22:47:23
  6   7  15  16  $12    1.000     3.9364   8904.01   0.0     -1.23  14.5  09.07.2025  22:47:28
  5   6  15  16  $12    1.000     3.1361   9753.89   0.0     -5.20   5.6  09.07.2025  22:47:30
  6   7  15  16  $12    1.000     3.9360   8902.94   0.0     -0.89  22.3  09.07.2025  22:47:32
  9  10  14  15  $12   10.000   -16.8853    636.56   0.0      4.25   2.9  09.07.2025  22:47:36
 10  11  15  16  $12    1.000     8.7556   3300.79   0.0     -7.30   0.7  09.07.2025  22:47:41
  9  10  15  16  $12   10.000     8.9282    589.02   0.0     -6.18   0.3  09.07.2025  22:47:45
 10  11  15  16  $12    1.000     8.7378   3294.09   0.0     -7.40   1.0  09.07.2025  22:47:50
