//C:\Users\user\Desktop\GeoTom\GeoTomE724.ini
//- Cable direction:
//  cable I: normal
//  cable II: normal
//  cable III: normal
//  cable IV: normal
//- Cable arrangement: sequential
//- Optimization: Last measurement
//- Sorting: Multi-level
//- Current levels: 0.001 mA .. 50.0 mA
Type:         Flow
Name:         Hyprop
Comment:      Example of a measurements sequence
Comment:      
Comment:      
Spacing:      1.00000
First El:     0.00000
Nr of points: 289
IP present:   1

  1   5   2   6  $12    0.001     6.5165  27916.57   0.0      8.78   0.7  12.07.2025  08:35:08
  1   5   3   7  $12    0.001     2.8579  53870.69   0.0      8.14   3.3  12.07.2025  08:35:11
  1   5   4   8  $12    0.010    18.9598  25016.85   0.0      4.11   0.4  12.07.2025  08:35:14
  1   5  14   2  $12    0.001    -3.2006  28693.44   0.0     11.40   2.1  12.07.2025  08:35:19
  1   5  15   3  $12    0.100    -5.0021  11000.09   0.0     91.08   0.5  12.07.2025  08:35:25
  1   5  16   4  $12    0.100     9.2203    901.78   0.0     -8.29   2.4  12.07.2025  08:35:27
  1   5  13   9  $12    0.001     2.3843 179770.31   0.0      4.52   5.9  12.07.2025  08:35:34
  1   5  14  10  $12    0.001     2.1766 250017.52   0.1     -6.16  26.5  12.07.2025  08:35:36
  1   5  15  11  $12    0.001     2.1126 348443.05   0.1     -0.75 174.5  12.07.2025  08:35:38
  1   5  16  12  $12    0.010    16.8742 382678.75   0.0      2.18   1.6  12.07.2025  08:35:42
  1   5  10   6  $12    0.010    11.3219  10003.70   0.0      0.82  20.6  12.07.2025  08:35:44
  1   5  11   7  $12    0.010     7.1037  16737.72   0.0      0.79  18.7  12.07.2025  08:35:46
  1   5  12   8  $12    0.010     3.0480  13824.51   0.0      7.24   9.7  12.07.2025  08:35:48
  2   6   1   5  $12    0.001     6.5275  27963.71   0.0      4.49   7.7  12.07.2025  08:35:53
  2   6   3   7  $12    0.001     4.0411  17312.16   0.0     -0.24 302.7  12.07.2025  08:35:55
  2   6   4   8  $12    0.001     2.1146  39859.59   0.0      4.41  19.4  12.07.2025  08:35:57
  2   6  13   1  $12    0.001    -3.2740  24146.32   0.1     15.78  18.4  12.07.2025  08:35:59
  2   6  15   3  $12    0.010    -5.7138   5122.43   0.0      1.54  27.6  12.07.2025  08:36:03
  2   6  16   4  $12    0.100   -13.6627  30045.82   0.0      4.79   0.3  12.07.2025  08:36:07
  2   6  13   9  $12    0.010    20.9122  94851.07   0.0      1.99   0.3  12.07.2025  08:36:12
  2   6  14  10  $12    0.010    18.9372 142783.22   0.0      2.65   9.8  12.07.2025  08:36:14
  2   6  15  11  $12    0.010    18.6440 214153.05   0.0      2.32   3.2  12.07.2025  08:36:16
  2   6  16  12  $12    0.010    15.6979 258911.28   0.0      1.44   4.8  12.07.2025  08:36:18
  2   6   9   5  $12    0.010    10.8457  14310.52   0.0      3.06   3.6  12.07.2025  08:36:20
  2   6  11   7  $12    0.010    15.7191  13888.99   0.0      1.25  10.8  12.07.2025  08:36:22
  2   6  12   8  $12    0.010     3.8355   9037.22   0.0      1.59  56.0  12.07.2025  08:36:24
  3   7   1   5  $12    0.001     2.8651  54006.78   0.0      1.41  58.9  12.07.2025  08:36:29
  3   7   2   6  $12    0.001     4.0480  17341.70   0.0      3.01  25.5  12.07.2025  08:36:31
  3   7   4   8  $12    0.001     3.7026  15861.96   0.0      7.17   8.3  12.07.2025  08:36:33
  3   7  13   1  $12    0.010    -4.2599   6691.36   0.0     10.82   4.8  12.07.2025  08:36:37
  3   7  14   2  $12    0.010    -7.7749   5734.06   0.0      3.12  24.4  12.07.2025  08:36:39
  3   7  16   4  $12    0.010   -15.1149  13550.52   0.0     11.34   3.7  12.07.2025  08:36:41
  3   7  13   9  $12    0.010    18.0809  42602.23   0.0      3.67   0.4  12.07.2025  08:36:43
  3   7  14  10  $12    0.010    17.0467  77318.16   0.0      4.33   4.0  12.07.2025  08:36:45
  3   7  15  11  $12    0.010    16.6166 125286.08   0.0      2.77   5.8  12.07.2025  08:36:47
  3   7  16  12  $12    0.010    15.5785 178941.30   0.0      2.84   2.6  12.07.2025  08:36:49
  3   7   9   5  $12    0.010     5.9259  11170.05   0.0      3.99   3.4  12.07.2025  08:36:51
  3   7  10   6  $12    0.010    15.0692  19883.40   0.0      0.96  21.6  12.07.2025  08:36:53
  3   7  12   8  $12    0.010     5.9109   5222.70   0.0      8.28   8.0  12.07.2025  08:36:55
  4   8   1   5  $12    0.010    19.0244  25102.09   0.0      1.71  18.0  12.07.2025  08:36:57
  4   8   2   6  $12    0.010    20.8865  39370.20   0.0      1.73   6.4  12.07.2025  08:36:59
  4   8   3   7  $12    0.001     3.7071  15880.99   0.0      2.55   8.3  12.07.2025  08:37:04
  4   8  13   1  $12    0.100   -15.4679   3478.87   0.0     13.76   2.3  12.07.2025  08:37:10
  4   8  14   2  $12    0.010    -2.8411   4462.76   0.0     12.51  12.9  12.07.2025  08:37:15
  4   8  15   3  $12    0.010   -15.7618  11624.48   0.0      6.10   7.5  12.07.2025  08:37:17
  4   8  13   9  $12    0.010    16.4566  14540.56   0.0      2.53   1.5  12.07.2025  08:37:19
  4   8  14  10  $12    0.010    15.8314  37301.80   0.0      1.95  18.1  12.07.2025  08:37:21
  4   8  15  11  $12    0.010    15.7714  71534.06   0.0      1.41  12.1  12.07.2025  08:37:23
  4   8  16  12  $12    0.010    15.7706 118907.76   0.0      0.70  11.6  12.07.2025  08:37:25
  4   8   9   5  $12    0.100     9.5267    408.12   0.0      6.26   0.4  12.07.2025  08:37:29
  4   8  10   6  $12    0.100    21.4358   4040.56   0.0      1.14  24.1  12.07.2025  08:37:31
  4   8  11   7  $12    0.010     4.9163   6486.93   0.0      7.63   2.1  12.07.2025  08:37:35
  5   9   6  10  $12    0.001     2.8634  12266.73   0.0     -3.06  20.6  12.07.2025  08:37:40
  5   9   7  11  $12    0.010    14.3941  27132.21   0.0      0.69  14.2  12.07.2025  08:37:44
  5   9   8  12  $12    0.010     5.1653   6815.47   0.0      0.82  13.8  12.07.2025  08:37:46
  5   9   2   6  $12    0.010   -10.7925  14240.37   0.0      5.85   4.3  12.07.2025  08:37:48
  5   9   3   7  $12    0.010    -5.8894  11101.27   0.0      6.62   1.1  12.07.2025  08:37:50
  5   9   4   8  $12    0.100    -9.5222    407.93   0.0      9.38   0.7  12.07.2025  08:37:54
  5   9   1  13  $12    0.100    10.2509   2576.34   0.0     -1.90   6.7  12.07.2025  08:37:56
  5   9   2  14  $12    0.100    13.4122   3016.52   0.0     -0.36 189.0  12.07.2025  08:37:58
  5   9   3  15  $12    0.100    11.4493   1798.46   0.0      0.17 292.8  12.07.2025  08:38:00
  5   9   4  16  $12    0.100    10.4819    773.05   0.0      0.90  11.2  12.07.2025  08:38:02
  5   9  14  10  $12    0.010    15.9548  14097.23   0.0      3.11   5.7  12.07.2025  08:38:07
  5   9  15  11  $12    0.010     7.3394  17293.15   0.0      0.10 356.4  12.07.2025  08:38:09
  5   9  16  12  $12    0.010     3.1527  14299.42   0.0     -1.64  28.0  12.07.2025  08:38:11
  6  10   5   9  $12    0.001     2.8318  12131.56   0.0      2.77  15.8  12.07.2025  08:38:16
  6  10   7  11  $12    0.001     2.7286  11689.29   0.0      4.87  10.6  12.07.2025  08:38:18
  6  10   8  12  $12    0.010     7.4597  14061.19   0.0      3.40   0.0  12.07.2025  08:38:22
  6  10   1   5  $12    0.010   -11.4155  10086.41   0.0      6.61   9.5  12.07.2025  08:38:24
  6  10   3   7  $12    0.010   -15.0620  19873.85   0.0      4.28  12.3  12.07.2025  08:38:26
  6  10   4   8  $12    0.010    -2.1457   4044.46   0.0     11.90   5.4  12.07.2025  08:38:28
  6  10   1  13  $12    0.100    10.3450   2326.68   0.0     32.73   1.3  12.07.2025  08:38:32
  6  10   2  14  $12    0.100    12.6401   3176.81   0.0     69.16   0.8  12.07.2025  08:38:34
  6  10   3  15  $12    0.100    12.8013   2879.13   0.0     36.85   1.5  12.07.2025  08:38:36
  6  10   4  16  $12    0.100    13.0774   2054.20   0.0      4.90   1.3  12.07.2025  08:38:38
  6  10  13   9  $12    0.010    15.6426  20639.98   0.0      2.37   2.2  12.07.2025  08:38:43
  6  10  15  11  $12    0.010    10.5892   9356.33   0.0     -1.30  10.3  12.07.2025  08:38:45
  6  10  16  12  $12    0.010     3.9884   9397.50   0.0      0.78  93.7  12.07.2025  08:38:47
  7  11   5   9  $12    0.010    14.3764  27098.91   0.0      2.85  16.3  12.07.2025  08:38:49
  7  11   6  10  $12    0.001     2.7344  11714.12   0.0     -0.61  76.4  12.07.2025  08:38:54
  7  11   8  12  $12    0.010    13.8411   5929.52   0.0     11.46   0.5  12.07.2025  08:38:57
  7  11   1   5  $12    0.010    -7.0892  16703.57   0.0      8.10  10.3  12.07.2025  08:38:59
  7  11   2   6  $12    0.010   -15.6473  13825.55   0.0      3.48   8.8  12.07.2025  08:39:01
  7  11   4   8  $12    0.010    -4.9444   6523.97   0.1     25.78   3.8  12.07.2025  08:39:03
  7  11   1  13  $12    0.100    14.4712   2273.14   0.0     10.01   0.3  12.07.2025  08:39:07
  7  11   2  14  $12    0.100    18.9694   4266.41   0.0     22.67   2.8  12.07.2025  08:39:09
  7  11   3  15  $12    0.100    19.0195   4780.11   0.0     11.84   3.9  12.07.2025  08:39:11
  7  11   4  16  $12    0.100    18.6488   4194.29   0.0      5.92   1.3  12.07.2025  08:39:13
  7  11  13   9  $12    0.010     5.8339  10996.72   0.0      0.23  37.8  12.07.2025  08:39:18
  7  11  14  10  $12    0.010     9.3575  12346.95   0.0     -6.86   5.1  12.07.2025  08:39:20
  7  11  16  12  $12    0.010     7.0200   6202.69   0.0     11.98  14.2  12.07.2025  08:39:22
  8  12   5   9  $12    0.010     5.1347   6775.08   0.1     -2.68  32.6  12.07.2025  08:39:24
  8  12   6  10  $12    0.010     7.4534  14049.32   0.0      2.30  11.6  12.07.2025  08:39:26
  8  12   7  11  $12    0.010    13.8008   5912.25   0.0      7.97   2.3  12.07.2025  08:39:29
  8  12   1   5  $12    0.010    -2.9745  13491.15   0.1     11.98  11.6  12.07.2025  08:39:31
  8  12   2   6  $12    0.010    -3.7782   8902.24   0.0     11.56   1.7  12.07.2025  08:39:33
  8  12   3   7  $12    0.010    -5.7812   5108.07   0.0     13.17   1.9  12.07.2025  08:39:35
  8  12   1  13  $12    0.100    17.9294   1322.30   0.0     -5.33   3.8  12.07.2025  08:39:38
  8  12   2  14  $12    0.010     2.5245   3965.48   0.2     -7.57   6.0  12.07.2025  08:39:43
  8  12   3  15  $12    0.010     2.7009   6074.68   0.0     -1.06 202.0  12.07.2025  08:39:45
  8  12  16   4  $12    0.010    -2.6202   6585.38   0.2      0.38 297.6  12.07.2025  08:39:47
  8  12   9  13  $12    0.100    -2.9575    126.70   0.0     11.58   1.3  12.07.2025  08:39:51
  8  12  10  14  $12    0.100   -10.7604   2028.28   0.0     23.89   2.4  12.07.2025  08:39:53
  8  12  11  15  $12    0.010    -5.2745   6959.49   0.0     19.38   1.3  12.07.2025  08:39:58
  9  13  10  14  $12    0.001     4.6911  20096.61   0.0      1.37  31.5  12.07.2025  08:40:03
  9  13  11  15  $12    0.001     3.9183  73858.56   0.1      0.50 105.9  12.07.2025  08:40:05
  9  13  12  16  $12    0.001     2.4744  32649.02   0.0      1.05  40.7  12.07.2025  08:40:07
  9  13   6  10  $12    0.010   -15.6057  20591.23   0.0      4.48   2.3  12.07.2025  08:40:11
  9  13   7  11  $12    0.010    -5.7678  10872.03   0.0      4.28  37.1  12.07.2025  08:40:13
  9  13   8  12  $12    0.100    -3.2184    137.88   0.0      1.67  20.0  12.07.2025  08:40:17
  9  13   5   1  $12    0.001     2.3993 180905.66   0.0     -0.02 2027.3  12.07.2025  08:40:25
  9  13   6   2  $12    0.001     2.1339  96788.56   0.0      1.69   6.2  12.07.2025  08:40:27
  9  13   7   3  $12    0.010    18.1469  42757.68   0.0      2.71   2.1  12.07.2025  08:40:30
  9  13   8   4  $12    0.010    16.4666  14549.44   0.0      2.91   4.0  12.07.2025  08:40:32
  9  13   2  14  $12    0.010     9.8199   7242.29   0.0      5.18  12.0  12.07.2025  08:40:34
  9  13   3  15  $12    0.010    14.9018  23407.75   0.0     12.37   3.1  12.07.2025  08:40:36
  9  13   4  16  $12    0.010     7.6018  17097.09   0.0      5.16   2.3  12.07.2025  08:40:38
 10  14   9  13  $12    0.001     4.6676  19995.97   0.0      6.46   1.0  12.07.2025  08:40:43
 10  14  11  15  $12    0.001     4.4485  19057.16   0.0      5.25   2.1  12.07.2025  08:40:45
 10  14  12  16  $12    0.001     2.9481  55570.75   0.0     11.11   1.7  12.07.2025  08:40:47
 10  14   5   9  $12    0.010   -15.8282  13985.33   0.0      6.87   0.6  12.07.2025  08:40:51
 10  14   7  11  $12    0.010    -9.3525  12340.31   0.0      0.08  26.6  12.07.2025  08:40:53
 10  14   8  12  $12    0.100   -11.3331   2136.24   0.0     23.41   0.3  12.07.2025  08:40:57
 10  14   5   1  $12    0.010    21.3324 245033.49   0.0      3.30   1.0  12.07.2025  08:41:02
 10  14   6   2  $12    0.010    18.9957 143223.85   0.0      4.72   7.0  12.07.2025  08:41:04
 10  14   7   3  $12    0.010    17.0383  77280.23   0.0      4.47   1.6  12.07.2025  08:41:06
 10  14   8   4  $12    0.010    15.8191  37272.96   0.0      2.29   5.0  12.07.2025  08:41:08
 10  14   1  13  $12    0.010     9.1147   8171.37   0.0      1.18  50.1  12.07.2025  08:41:10
 10  14   3  15  $12    0.010    17.6687  13030.84   0.0      3.03  10.3  12.07.2025  08:41:12
 10  14   4  16  $12    0.010    12.1888  19146.13   0.0     17.26   0.4  12.07.2025  08:41:14
 11  15   9  13  $12    0.001     3.9150  73796.34   0.0      4.44   2.1  12.07.2025  08:41:19
 11  15  10  14  $12    0.001     4.4533  19077.94   0.0      1.88  52.3  12.07.2025  08:41:21
 11  15  12  16  $12    0.001     2.9861  12792.54   0.1     -1.13  44.3  12.07.2025  08:41:23
 11  15   5   9  $12    0.010    -7.2877  17171.15   0.0      4.67   2.9  12.07.2025  08:41:27
 11  15   6  10  $12    0.010   -10.5390   9311.97   0.0      1.53   6.1  12.07.2025  08:41:29
 11  15   8  12  $12    0.010    -5.3268   7028.54   0.0     15.21   4.0  12.07.2025  08:41:31
 11  15   5   1  $12    0.010    20.7860 342831.08   0.0      1.75   8.7  12.07.2025  08:41:33
 11  15   6   2  $12    0.010    18.7074 214881.37   0.0      2.22   4.1  12.07.2025  08:41:35
 11  15   7   3  $12    0.010    16.6562 125584.58   0.0      2.34   2.3  12.07.2025  08:41:37
 11  15   8   4  $12    0.010    15.7768  71558.63   0.0      1.86  12.6  12.07.2025  08:41:39
 11  15   1  13  $12    0.010    10.5542 232098.34   0.0      9.96   2.6  12.07.2025  08:41:41
 11  15   2  14  $12    0.010    15.0429  13486.03   0.0     -2.73  16.8  12.07.2025  08:41:43
 11  15   4  16  $12    0.010     8.3679   6171.41   0.0      5.49   7.8  12.07.2025  08:41:45
 12  16   9  13  $12    0.001     2.4693  32581.54   0.0      0.93  18.2  12.07.2025  08:41:50
 12  16  10  14  $12    0.001     2.9401  55418.86   0.1      2.69  30.4  12.07.2025  08:41:52
 12  16  11  15  $12    0.001     2.9711  12728.12   0.1      0.35 342.2  12.07.2025  08:41:54
 12  16   5   9  $12    0.010    -3.0952  14038.68   0.0      9.27   1.2  12.07.2025  08:41:58
 12  16   6  10  $12    0.010    -3.9282   9255.50   0.0      8.76   4.5  12.07.2025  08:42:00
 12  16   7  11  $12    0.010    -6.9321   6125.05   0.0     11.32   0.8  12.07.2025  08:42:02
 12  16   5   1  $12    0.010    16.9225 383775.71   0.0      3.92   4.7  12.07.2025  08:42:04
 12  16   6   2  $12    0.010    15.7771 260216.67   0.0      1.88   3.6  12.07.2025  08:42:06
 12  16   7   3  $12    0.010    15.6406 179654.70   0.0      1.46   3.5  12.07.2025  08:42:08
 12  16   8   4  $12    0.010    15.8182 119266.69   0.0      2.17   5.4  12.07.2025  08:42:10
 12  16  13   1  $12    0.010    -4.2220   4129.29   0.0      8.78   7.9  12.07.2025  08:42:12
 12  16  14   2  $12    0.010    -9.2347 203081.75   0.0     15.21   7.2  12.07.2025  08:42:14
 12  16  15   3  $12    0.010    -6.7108   6016.27   0.0      8.76   1.7  12.07.2025  08:42:16
 13   1  14   2  $12    0.001     4.3712  14990.44   0.0      1.64  42.1  12.07.2025  08:42:21
 13   1  15   3  $12    0.010    16.4494  12473.81   0.0     12.67   0.9  12.07.2025  08:42:25
 13   1  16   4  $12    0.010     7.6680   9854.85   0.0      5.95   6.1  12.07.2025  08:42:27
 13   1  10  14  $12    0.010    -9.0845   8144.25   0.1      8.62   8.9  12.07.2025  08:42:29
 13   1  11  15  $12    0.010   -10.6219 233588.60   0.0     19.97   0.8  12.07.2025  08:42:31
 13   1  12  16  $12    0.010    -4.2648   4171.17   0.0     16.79   1.4  12.07.2025  08:42:33
 13   1   9   5  $12    0.100    10.3649   2604.98   0.0     -7.26   1.9  12.07.2025  08:42:36
 13   1  10   6  $12    0.100    10.5970   2383.37   0.0     30.21   0.3  12.07.2025  08:42:39
 13   1  11   7  $12    0.100    14.5962   2292.77   0.0     12.29   1.1  12.07.2025  08:42:41
 13   1  12   8  $12    0.100    17.9250   1321.99   0.0     -2.58   2.0  12.07.2025  08:42:43
 13   1   6   2  $12    0.001     3.3794  24923.23   0.0     -3.86   2.2  12.07.2025  08:42:50
 13   1   7   3  $12    0.010     4.3547   6840.29   0.0     -1.00   2.4  12.07.2025  08:42:54
 13   1   8   4  $12    0.100    15.6399   3517.56   0.0      6.80   0.1  12.07.2025  08:42:58
 14   2  13   1  $12    0.001     4.3924  15063.28   0.0      9.23   2.8  12.07.2025  08:43:06
 14   2  15   3  $12    0.001     2.4910   8542.72   0.1      6.62  29.7  12.07.2025  08:43:08
 14   2  16   4  $12    0.010    14.7947  11219.03   0.0     14.76   0.1  12.07.2025  08:43:12
 14   2   9  13  $12    0.010    -9.7704   7205.77   0.0      5.48   0.8  12.07.2025  08:43:14
 14   2  11  15  $12    0.010   -14.8467  13310.13   0.0      4.10   2.7  12.07.2025  08:43:16
 14   2  12  16  $12    0.010    -9.3580 205792.88   0.0     24.41   0.1  12.07.2025  08:43:18
 14   2   9   5  $12    0.100    13.6672   3073.87   0.0    -18.22   0.2  12.07.2025  08:43:21
 14   2  10   6  $12    0.100    13.0845   3288.48   0.0     65.85   0.3  12.07.2025  08:43:23
 14   2  11   7  $12    0.100    19.1476   4306.49   0.0     21.27   0.6  12.07.2025  08:43:25
 14   2  12   8  $12    0.010     2.5394   3988.95   0.0     -9.93   0.3  12.07.2025  08:43:30
 14   2   5   1  $12    0.001     3.2704  29318.91   0.0     11.00   5.4  12.07.2025  08:43:35
 14   2   7   3  $12    0.010     7.9984   5898.91   0.0     -0.85   1.4  12.07.2025  08:43:39
 14   2   8   4  $12    0.010     2.8928   4543.95   0.0      5.24  11.8  12.07.2025  08:43:41
 15   3  13   1  $12    0.010    16.3141  12371.25   0.0     10.85   1.4  12.07.2025  08:43:43
 15   3  14   2  $12    0.001     2.5048   8589.98   0.0      4.46  27.1  12.07.2025  08:43:48
 15   3  16   4  $12    0.001     2.5848   8864.13   0.0      9.99  10.6  12.07.2025  08:43:50
 15   3   9  13  $12    0.010   -14.6363  22990.60   0.0     14.12   0.3  12.07.2025  08:43:54
 15   3  10  14  $12    0.010   -17.7276  13074.27   0.0      5.83   1.5  12.07.2025  08:43:56
 15   3  12  16  $12    0.010    -6.8066   6102.12   0.0     16.45   1.6  12.07.2025  08:43:58
 15   3   9   5  $12    0.100    11.4992   1806.29   0.0     -7.55   1.6  12.07.2025  08:44:02
 15   3  10   6  $12    0.100    12.9184   2905.47   0.0     39.65   0.6  12.07.2025  08:44:04
 15   3  11   7  $12    0.100    18.9939   4773.68   0.0     14.88   1.0  12.07.2025  08:44:06
 15   3  12   8  $12    0.010     2.6718   6009.14   0.0     -3.80   5.3  12.07.2025  08:44:11
 15   3   5   1  $12    0.100     4.5294   9960.60   0.0     62.21   1.1  12.07.2025  08:44:14
 15   3   6   2  $12    0.010     5.7219   5129.71   0.0     -3.52   2.1  12.07.2025  08:44:19
 15   3   8   4  $12    0.010    15.8651  11700.65   0.0      5.59   0.3  12.07.2025  08:44:21
 16   4  13   1  $12    0.010     7.6515   9833.72   0.0      3.87   1.9  12.07.2025  08:44:23
 16   4  14   2  $12    0.010    14.7009  11147.90   0.0      6.08   4.7  12.07.2025  08:44:26
 16   4  15   3  $12    0.001     2.5671   8803.69   0.0      3.77  39.4  12.07.2025  08:44:30
 16   4   9  13  $12    0.010    -7.5125  16896.22   0.0      7.83   2.8  12.07.2025  08:44:34
 16   4  10  14  $12    0.010   -11.9416  18757.78   0.0     12.10   0.8  12.07.2025  08:44:36
 16   4  11  15  $12    0.010    -8.2151   6058.71   0.0      7.67   5.5  12.07.2025  08:44:38
 16   4   9   5  $12    0.100    10.4184    768.37   0.0      1.14   1.6  12.07.2025  08:44:42
 16   4  10   6  $12    0.100    13.0586   2051.24   0.0     -0.41  17.5  12.07.2025  08:44:44
 16   4  11   7  $12    0.100    18.6200   4187.82   0.0      4.26   3.0  12.07.2025  08:44:46
 16   4  12   8  $12    0.010     2.6434   6643.71   0.0      0.14 121.8  12.07.2025  08:44:51
 16   4   5   1  $12    0.100    -9.3766    917.07   0.0     15.94   1.8  12.07.2025  08:44:55
 16   4   6   2  $12    0.100    13.0881  28782.32   0.0     -0.62  35.4  12.07.2025  08:44:57
 16   4   7   3  $12    0.010    15.0639  13504.86   0.0      4.05   0.7  12.07.2025  08:45:02
  1   4   2   3  $12    0.001     4.5257  28435.87   0.0      3.30   1.6  12.07.2025  08:45:07
  2   3   1   4  $12    0.001     4.5267  28441.80   0.1     -2.97  27.7  12.07.2025  08:45:09
  1   2   3   4  $12    0.010    -2.0783   3917.52   0.0     16.37   5.8  12.07.2025  08:45:13
  3   4   1   2  $12    0.010    -2.0542   3871.99   0.0     13.54   7.8  12.07.2025  08:45:15
  5   8   6   7  $12    0.010     8.0441   5054.29   0.1     -0.81 203.8  12.07.2025  08:45:17
  6   7   5   8  $12    0.010     8.1463   5118.45   0.0      8.03   0.6  12.07.2025  08:45:19
  5   6   7   8  $12    0.010    -7.4108  13968.99   0.0      8.62   6.6  12.07.2025  08:45:21
  7   8   5   6  $12    0.010    -7.4415  14026.86   0.0      9.83  10.3  12.07.2025  08:45:23
  9  12  10  11  $12    0.010    13.4702   8463.57   0.0      6.44   3.3  12.07.2025  08:45:25
 10  11   9  12  $12    0.010    13.3315   8376.42   0.0      7.74   1.1  12.07.2025  08:45:27
  9  10  11  12  $12    0.010    -2.2612   4262.33   0.0      2.86  12.7  12.07.2025  08:45:29
 11  12   9  10  $12    0.010    -2.2414   4225.00   0.0     -0.16 824.6  12.07.2025  08:45:31
 13  16  14  15  $12    0.010    -5.4890   3448.81   0.0     41.21   0.1  12.07.2025  08:45:33
 14  15  13  16  $12    0.010    -5.5840   3508.52   0.0     28.42   1.9  12.07.2025  08:45:35
 13  14  15  16  $12    0.100    15.7595   2970.60   0.0    152.21   0.0  12.07.2025  08:45:39
  1   9  10   2  $12    0.001    -7.1209  25624.94   0.0      8.68   0.7  12.07.2025  08:45:46
  1   9  11   3  $12    0.001    -2.9574  25338.89   0.0     14.42  11.4  12.07.2025  08:45:48
  1   9  12   4  $12    0.010   -20.1389  33675.03   0.0      4.13   1.2  12.07.2025  08:45:52
  2  10   9   1  $12    0.001    -7.1023  25557.93   0.0      8.32   1.3  12.07.2025  08:45:57
  2  10  11   3  $12    0.001    -3.6140  13005.18   0.0      8.09   1.3  12.07.2025  08:45:59
  2  10  12   4  $12    0.001    -2.2225  19042.66   0.0     12.90   3.5  12.07.2025  08:46:01
  3  11   9   1  $12    0.001    -2.9716  25460.81   0.0     11.25   8.6  12.07.2025  08:46:03
  3  11  10   2  $12    0.001    -3.6425  13107.63   0.1      8.43  26.8  12.07.2025  08:46:05
  3  11  12   4  $12    0.001    -3.9490  14210.83   0.0     11.49   3.4  12.07.2025  08:46:07
 12   4   9   1  $12    0.001     2.0456  34205.84   0.0     -4.63  12.2  12.07.2025  08:46:09
 12   4  10   2  $12    0.001     2.2857  19583.96   0.3    -11.89   7.4  12.07.2025  08:46:12
 12   4  11   3  $12    0.001     4.0079  14422.68   0.0     -0.57 122.3  12.07.2025  08:46:14
 13   5  14   6  $12    0.001     4.3540  15668.00   0.1     -3.59  30.8  12.07.2025  08:46:16
 13   5  15   7  $12    0.001     4.0388  34604.65   0.0      1.65  48.1  12.07.2025  08:46:18
 13   5  16   8  $12    0.001     2.6384  44116.97   0.2      4.80  11.7  12.07.2025  08:46:20
 14   6  13   5  $12    0.001     4.3436  15630.55   0.0      3.52   5.6  12.07.2025  08:46:22
 14   6  15   7  $12    0.001     5.1535  18545.30   0.0      5.96   3.8  12.07.2025  08:46:24
 14   6  16   8  $12    0.001     3.1703  27163.26   0.0      6.56  17.4  12.07.2025  08:46:26
 15   7  13   5  $12    0.001     4.0308  34536.06   0.0     10.86   2.3  12.07.2025  08:46:28
 15   7  14   6  $12    0.001     5.1451  18514.76   0.1      6.66  18.6  12.07.2025  08:46:30
 15   7  16   8  $12    0.001     3.1491  11332.36   0.0      5.29  22.8  12.07.2025  08:46:32
 16   8  13   5  $12    0.001     2.6482  44281.50   0.2      4.45  36.6  12.07.2025  08:46:34
 16   8  14   6  $12    0.001     3.1647  27115.31   0.0      1.54  16.0  12.07.2025  08:46:36
 16   8  15   7  $12    0.001     3.1088  11187.07   0.1      2.35  61.3  12.07.2025  08:46:38
  1   2   5   6  $12    0.100    -2.8566   5384.50   0.0   -315.64   1.1  12.07.2025  08:46:43
  2   3   6   7  $12    0.100    -0.8573   1616.01   0.2   -759.17   0.8  12.07.2025  08:46:49
  3   4   7   8  $12    1.000    14.3869   2711.86   0.5   -644.39   0.4  12.07.2025  08:46:52
  1   2   9  10  $12    0.100    -1.8718  29637.10   0.0   -132.50   1.6  12.07.2025  08:46:58
  2   3  10  11  $12    0.100    -1.5034  23804.95   0.1   -201.21   0.4  12.07.2025  08:47:03
  3   4  11  12  $12    1.000     2.0100   3182.55   0.0   -371.45   0.0  12.07.2025  08:47:07
  1   2  13  14  $12    0.100     3.8720 208739.71   0.0      1.80   6.3  12.07.2025  08:47:12
  2   3  14  15  $12    0.100    -2.7733 149507.42   0.0    -69.89   1.3  12.07.2025  08:47:14
  3   4  15  16  $12    0.100     4.7855 257986.13   0.0    -30.11   0.9  12.07.2025  08:47:16
  5   6   9  10  $12    0.100    -3.3081   6235.62   0.1   -315.72   1.0  12.07.2025  08:47:18
  6   7  10  11  $12    0.100    -0.7717   1454.70   0.1   -930.01   1.0  12.07.2025  08:47:24
  7   8  11  12  $12    0.100     6.2078  11701.48   0.0    -12.06   0.9  12.07.2025  08:47:26
  5   6  13  14  $12    0.100     0.2473   3915.64   0.4     -9.65  49.7  12.07.2025  08:47:31
  6   7  14  15  $12    0.100    -0.5140   8139.06   0.7  -1079.37   0.5  12.07.2025  08:47:36
  7   8  15  16  $12    1.000     5.9803   9468.95   0.0   -207.90   0.1  12.07.2025  08:47:40
  9  10  13  14  $12    1.000     8.2547   1555.98   0.9   -213.01   3.0  12.07.2025  08:47:42
 10  11  14  15  $12    1.000    -5.8074   1094.66   0.4      4.50  66.5  12.07.2025  08:47:44
 11  12  15  16  $12    1.000     1.6102    303.52   0.0     90.31   0.0  12.07.2025  08:47:50
  1   2   6   7  $12    0.100     2.8610  10785.59   0.0   -273.55   0.3  12.07.2025  08:47:55
  2   3   7   8  $12    0.100     2.0919   7886.27   0.5    146.40   1.4  12.07.2025  08:47:57
  1   2   7   8  $12    0.100     0.5612   3702.44   0.3   -589.87   0.3  12.07.2025  08:48:02
  2   3   7   8  $12    0.100     2.0734   7816.47   0.0    126.73   0.4  12.07.2025  08:48:04
  1   2  10  11  $12    0.100     0.6257  14152.49   0.1   -619.32   0.0  12.07.2025  08:48:10
  2   3  11  12  $12    0.100    -0.3105   7023.74   1.0   -102.88  11.9  12.07.2025  08:48:15
  1   2  11  12  $12    0.100    -0.9538  29663.86   0.1     40.07   2.2  12.07.2025  08:48:20
  2   3  11  12  $12    0.100    -0.2727   6167.85   0.2     16.33  15.3  12.07.2025  08:48:25
  1   2  14  15  $12    0.100    -1.0956  75172.31   0.3    285.84   2.2  12.07.2025  08:48:31
  2   3  15  16  $12    0.100    16.7541 1149541.33   0.0    -16.30   0.4  12.07.2025  08:48:33
  1   2  15  16  $12    0.100     6.0138 515778.32   0.0     25.03   0.3  12.07.2025  08:48:35
  2   3  15  16  $12    0.100    16.7447 1148895.69   0.0    -16.55   0.4  12.07.2025  08:48:37
  5   6  10  11  $12    0.100     2.5624   9660.20   0.4    880.87   1.2  12.07.2025  08:48:39
  6   7  11  12  $12    0.100     2.6078   9831.18   0.3    -28.59  41.6  12.07.2025  08:48:41
  5   6  11  12  $12    0.100     1.9711  13004.16   0.0    -17.55   7.1  12.07.2025  08:48:47
  6   7  11  12  $12    0.100     2.4560   9258.84   0.1    -13.72   1.1  12.07.2025  08:48:49
  5   6  14  15  $12    0.100     1.3326  30143.33   0.3  -1089.05   0.3  12.07.2025  08:48:54
  6   7  15  16  $12    0.100     0.6834  15458.49   0.1   -521.48   0.2  12.07.2025  08:48:59
  5   6  15  16  $12    0.100    -0.7481  23267.58   0.1   -610.38   0.1  12.07.2025  08:49:04
  6   7  15  16  $12    0.100     0.6897  15600.94   0.0   -518.04   0.1  12.07.2025  08:49:10
  9  10  14  15  $12    1.000     2.9480   1111.35   0.2   -948.32   0.6  12.07.2025  08:49:13
 10  11  15  16  $12    1.000     6.6955   2524.14   0.3   -217.17   0.3  12.07.2025  08:49:15
  9  10  15  16  $12    1.000    -8.6581   5712.03   0.0   -226.74   0.1  12.07.2025  08:49:17
 10  11  15  16  $12    1.000     5.7000   2148.86   0.6   -424.50   0.3  12.07.2025  08:49:19
