//C:\Users\user\Desktop\GeoTom\GeoTomE724.ini
//- Cable direction:
//  cable I: normal
//  cable II: normal
//  cable III: normal
//  cable IV: normal
//- Cable arrangement: sequential
//- Optimization: Last measurement
//- Sorting: Multi-level
//- Current levels: 0.001 mA .. 50.0 mA
Type:         Flow
Name:         Hyprop
Comment:      Example of a measurements sequence
Comment:      
Comment:      
Spacing:      1.00000
First El:     0.00000
Nr of points: 289
IP present:   1

  1   5   2   6  $12    0.010    11.0012   4712.89   0.0      1.77   2.3  08.07.2025  17:35:05
  1   5   3   7  $12    0.010     5.4751  10320.34   0.0      1.33  49.9  08.07.2025  17:35:08
  1   5   4   8  $12    0.010     3.1056   4097.81   0.0     -0.97  42.9  08.07.2025  17:35:10
  1   5  14   2  $12    0.010    -4.4072   3951.03   0.1      1.44  91.8  08.07.2025  17:35:12
  1   5  15   3  $12    0.100   -17.2961  38036.06   0.0      3.13   0.9  08.07.2025  17:35:15
  1   5  16   4  $12    0.100    -7.8589    768.63   0.1      1.68  11.2  08.07.2025  17:35:17
  1   5  13   9  $12    0.100    19.2629  14523.91   0.0      2.94   0.8  08.07.2025  17:35:19
  1   5  14  10  $12    0.100    16.6645  19141.57   0.0      2.72   9.9  08.07.2025  17:35:21
  1   5  15  11  $12    0.100    16.4647  27155.80   0.0      2.99   7.4  08.07.2025  17:35:23
  1   5  16  12  $12    0.100    15.0148  34051.14   0.0      3.07   9.4  08.07.2025  17:35:25
  1   5  10   6  $12    0.010     4.8919   4322.37   0.0      1.82   0.7  08.07.2025  17:35:30
  1   5  11   7  $12    0.010     2.0905   4925.66   0.0     -0.40 386.1  08.07.2025  17:35:32
  1   5  12   8  $12    0.100     7.9736   3616.59   0.0      5.50   0.8  08.07.2025  17:35:36
  2   6   1   5  $12    0.010    11.0197   4720.84   0.0      1.26   3.1  08.07.2025  17:35:41
  2   6   3   7  $12    0.010    11.1732   4786.60   0.0      4.18  12.9  08.07.2025  17:35:43
  2   6   4   8  $12    0.010     5.1934   9789.30   0.0      1.52  11.0  08.07.2025  17:35:45
  2   6  13   1  $12    0.010    -4.2822   3158.14   0.1      6.39  32.4  08.07.2025  17:35:47
  2   6  15   3  $12    0.010    -4.2077   3772.22   0.0      8.62   4.6  08.07.2025  17:35:49
  2   6  16   4  $12    0.100   -16.4538  36183.88   0.0      7.09   0.3  08.07.2025  17:35:52
  2   6  13   9  $12    0.100    17.7421   8047.22   0.0      2.42   0.7  08.07.2025  17:35:54
  2   6  14  10  $12    0.100    16.7117  12600.36   0.0      2.51  14.3  08.07.2025  17:35:56
  2   6  15  11  $12    0.100    16.7141  19198.51   0.0      2.37   1.1  08.07.2025  17:35:58
  2   6  16  12  $12    0.100    16.8622  27811.39   0.0      4.11   1.7  08.07.2025  17:36:00
  2   6   9   5  $12    0.010     4.9425   6521.47   0.0      0.37  31.1  08.07.2025  17:36:05
  2   6  11   7  $12    0.010     5.2642   4651.32   0.0      1.83   9.6  08.07.2025  17:36:07
  2   6  12   8  $12    0.100    18.2665   4303.95   0.0      3.83   0.2  08.07.2025  17:36:11
  3   7   1   5  $12    0.010     5.4696  10310.01   0.0      1.14  11.5  08.07.2025  17:36:16
  3   7   2   6  $12    0.010    11.1495   4776.44   0.1      3.82  15.6  08.07.2025  17:36:18
  3   7   4   8  $12    0.010    11.2084   4801.69   0.0      3.19   2.3  08.07.2025  17:36:20
  3   7  13   1  $12    0.100   -17.8606   2805.53   0.0      3.06   1.8  08.07.2025  17:36:23
  3   7  14   2  $12    0.010    -4.2140   3107.86   0.0     10.02   0.4  08.07.2025  17:36:28
  3   7  16   4  $12    0.010    -4.4772   4013.84   0.1     11.96  29.8  08.07.2025  17:36:30
  3   7  13   9  $12    0.100    15.5573   3665.60   0.0      2.72   1.2  08.07.2025  17:36:34
  3   7  14  10  $12    0.100    16.5789   7519.64   0.0      2.82  12.2  08.07.2025  17:36:36
  3   7  15  11  $12    0.100    16.8296  12689.25   0.0      2.93   3.3  08.07.2025  17:36:38
  3   7  16  12  $12    0.100    19.5642  22472.29   0.0      4.09   2.9  08.07.2025  17:36:40
  3   7   9   5  $12    0.100    20.9610   3951.06   0.0      5.74   1.3  08.07.2025  17:36:42
  3   7  10   6  $12    0.010     5.2625   6943.68   0.0      3.34   0.7  08.07.2025  17:36:47
  3   7  12   8  $12    0.010     4.7332   4182.14   0.2      2.11  38.4  08.07.2025  17:36:49
  4   8   1   5  $12    0.010     3.0956   4084.56   0.1      1.12 168.2  08.07.2025  17:36:51
  4   8   2   6  $12    0.010     5.2034   9808.24   0.1      5.03  15.2  08.07.2025  17:36:53
  4   8   3   7  $12    0.010    11.2108   4802.71   0.0      3.15   5.5  08.07.2025  17:36:55
  4   8  13   1  $12    0.100    -8.8478   1989.95   0.0      4.85   1.5  08.07.2025  17:36:58
  4   8  14   2  $12    0.100   -17.0300   2675.07   0.0      6.60   1.2  08.07.2025  17:37:01
  4   8  15   3  $12    0.010    -4.7873   3530.67   0.0      8.11   0.4  08.07.2025  17:37:05
  4   8  13   9  $12    0.100    13.6058   1202.17   0.0      3.13   4.5  08.07.2025  17:37:09
  4   8  14  10  $12    0.100    16.3722   3857.61   0.0      3.48  14.6  08.07.2025  17:37:11
  4   8  15  11  $12    0.100    16.9781   7700.73   0.0      3.57   2.6  08.07.2025  17:37:13
  4   8  16  12  $12    0.100    22.2157  16750.27   0.0      4.38   2.9  08.07.2025  17:37:15
  4   8   9   5  $12    0.100     8.4052    360.08   0.0      3.35   7.5  08.07.2025  17:37:17
  4   8  10   6  $12    0.100    18.3312   3455.36   0.0      4.28   2.1  08.07.2025  17:37:19
  4   8  11   7  $12    0.010     4.7035   6206.09   0.0      0.39  29.9  08.07.2025  17:37:24
  5   9   6  10  $12    0.010    10.4857   4492.06   0.0      0.12  63.3  08.07.2025  17:37:26
  5   9   7  11  $12    0.010     4.9808   9388.53   0.0     -1.29  43.6  08.07.2025  17:37:28
  5   9   8  12  $12    0.010     2.9409   3880.40   0.0     -4.05  14.0  08.07.2025  17:37:30
  5   9   2   6  $12    0.010    -4.9142   6484.16   0.0      1.73  39.6  08.07.2025  17:37:32
  5   9   3   7  $12    0.010    -2.0863   3932.53   0.0     10.79   8.7  08.07.2025  17:37:34
  5   9   4   8  $12    0.100    -8.3607    358.17   0.0      6.59   0.8  08.07.2025  17:37:38
  5   9   1  13  $12    0.100    15.9700   4013.70   0.0      2.86   2.9  08.07.2025  17:37:40
  5   9   2  14  $12    0.100    13.6607   3072.42   0.0      3.32  10.2  08.07.2025  17:37:42
  5   9   3  15  $12    0.100    13.6600   2145.71   0.0      3.19   3.4  08.07.2025  17:37:44
  5   9   4  16  $12    0.100    10.7224    790.79   0.0      2.11  20.1  08.07.2025  17:37:46
  5   9  14  10  $12    0.010     4.1666   3681.48   0.0     -0.60  15.9  08.07.2025  17:37:50
  5   9  15  11  $12    0.100    14.7571   3477.05   0.0      1.90   0.6  08.07.2025  17:37:54
  5   9  16  12  $12    0.100    10.0386   4553.19   0.0      3.41  15.8  08.07.2025  17:37:56
  6  10   5   9  $12    0.010    10.4439   4474.14   0.0      1.42  14.0  08.07.2025  17:38:01
  6  10   7  11  $12    0.010    10.3293   4425.07   0.0      2.04  15.5  08.07.2025  17:38:03
  6  10   8  12  $12    0.010     5.1359   9681.00   0.0      0.98  61.7  08.07.2025  17:38:05
  6  10   1   5  $12    0.010    -4.8413   4277.65   0.1      8.48  47.8  08.07.2025  17:38:07
  6  10   3   7  $12    0.010    -5.2261   6895.62   0.1      5.42  22.3  08.07.2025  17:38:09
  6  10   4   8  $12    0.100   -18.2113   3432.74   0.0      5.38   0.5  08.07.2025  17:38:13
  6  10   1  13  $12    0.100    15.2436   3428.44   0.0      2.78   1.5  08.07.2025  17:38:15
  6  10   2  14  $12    0.100    14.2203   3573.96   0.0      2.95  13.7  08.07.2025  17:38:17
  6  10   3  15  $12    0.100    14.5094   3263.31   0.0      3.24   2.4  08.07.2025  17:38:19
  6  10   4  16  $12    0.100    12.5569   1972.44   0.0      1.25  15.6  08.07.2025  17:38:21
  6  10  13   9  $12    0.010     4.0539   5349.05   0.0     -0.62  30.9  08.07.2025  17:38:25
  6  10  15  11  $12    0.010     3.6139   3193.11   0.1     -3.77  13.8  08.07.2025  17:38:27
  6  10  16  12  $12    0.010     2.0457   4820.06   0.0     -3.70  37.5  08.07.2025  17:38:29
  7  11   5   9  $12    0.010     4.9455   9322.01   0.0      3.16  44.5  08.07.2025  17:38:31
  7  11   6  10  $12    0.010    10.3020   4413.38   0.0      4.04   2.3  08.07.2025  17:38:33
  7  11   8  12  $12    0.010    12.1764   5216.36   0.0      4.56   1.2  08.07.2025  17:38:35
  7  11   1   5  $12    0.010    -2.0805   4902.13   0.1     12.28  55.6  08.07.2025  17:38:37
  7  11   2   6  $12    0.010    -5.2261   4617.63   0.1      6.70  13.8  08.07.2025  17:38:39
  7  11   4   8  $12    0.010    -4.6501   6135.67   0.0      7.20   1.9  08.07.2025  17:38:41
  7  11   1  13  $12    0.100    13.4514   2112.95   0.0      3.17   1.0  08.07.2025  17:38:45
  7  11   2  14  $12    0.100    14.1765   3188.42   0.0      3.91  10.1  08.07.2025  17:38:47
  7  11   3  15  $12    0.100    14.4428   3629.86   0.0      3.92  11.0  08.07.2025  17:38:49
  7  11   4  16  $12    0.100    14.4389   3247.45   0.0      1.84  30.8  08.07.2025  17:38:51
  7  11  13   9  $12    0.100    15.0855   2843.55   0.0      3.79   4.8  08.07.2025  17:38:53
  7  11  14  10  $12    0.010     3.6249   4782.92   0.0      3.18   4.0  08.07.2025  17:38:58
  7  11  16  12  $12    0.010     6.0619   5356.13   0.0      3.28  21.4  08.07.2025  17:39:00
  8  12   5   9  $12    0.010     2.9345   3871.96   0.1     -0.01 -2887.7  08.07.2025  17:39:02
  8  12   6  10  $12    0.010     5.1173   9645.94   0.0      2.72  37.6  08.07.2025  17:39:04
  8  12   7  11  $12    0.010    12.1461   5203.38   0.0      4.34   6.6  08.07.2025  17:39:06
  8  12   1   5  $12    0.100    -7.9580   3609.50   0.0      9.44   0.5  08.07.2025  17:39:09
  8  12   2   6  $12    0.100   -18.2703   4304.85   0.0      6.40   5.9  08.07.2025  17:39:11
  8  12   3   7  $12    0.010    -4.6972   4150.28   0.0      8.06   0.9  08.07.2025  17:39:16
  8  12   1  13  $12    0.100    11.6109    856.31   0.0      3.07   0.8  08.07.2025  17:39:20
  8  12   2  14  $12    0.100    13.3174   2091.90   0.0      4.40   6.3  08.07.2025  17:39:22
  8  12   3  15  $12    0.100    14.1257   3177.01   0.0      3.53   4.4  08.07.2025  17:39:24
  8  12  16   4  $12    0.100   -15.5071   3897.37   0.0      4.39   0.5  08.07.2025  17:39:26
  8  12   9  13  $12    0.100    -9.3484    400.49   0.0      9.70   2.8  08.07.2025  17:39:28
  8  12  10  14  $12    0.100   -19.2171   3622.34   0.0     10.97   4.2  08.07.2025  17:39:30
  8  12  11  15  $12    0.010    -5.9372   7833.95   0.0     11.47   0.4  08.07.2025  17:39:35
  9  13  10  14  $12    0.010     7.5150   3219.44   0.0      1.77   5.6  08.07.2025  17:39:37
  9  13  11  15  $12    0.010     7.5485  14228.63   0.0      0.45   9.3  08.07.2025  17:39:39
  9  13  12  16  $12    0.010     3.3265   4389.22   0.1     -1.14  54.0  08.07.2025  17:39:41
  9  13   6  10  $12    0.010    -4.0088   5289.48   0.0      8.25   4.9  08.07.2025  17:39:43
  9  13   7  11  $12    0.100   -15.1194   2849.94   0.0      5.82   1.2  08.07.2025  17:39:47
  9  13   8  12  $12    0.100    -9.4424    404.51   0.0      7.12   0.6  08.07.2025  17:39:49
  9  13   5   1  $12    0.100    19.3456  14586.22   0.0      2.98  20.9  08.07.2025  17:39:50
  9  13   6   2  $12    0.100    17.8121   8079.01   0.0      2.44  14.1  08.07.2025  17:39:52
  9  13   7   3  $12    0.100    15.5900   3673.30   0.0      2.84   6.6  08.07.2025  17:39:54
  9  13   8   4  $12    0.100    13.6313   1204.42   0.0      2.86   1.0  08.07.2025  17:39:56
  9  13   2  14  $12    0.100    16.6137   1225.27   0.0      6.98   1.4  08.07.2025  17:39:58
  9  13   3  15  $12    0.010     4.4538   6995.97   0.0     -0.15  13.5  08.07.2025  17:40:03
  9  13   4  16  $12    0.100     9.8345   2211.88   0.0      3.81   3.7  08.07.2025  17:40:07
 10  14   9  13  $12    0.010     7.5049   3215.09   0.0      1.60   3.0  08.07.2025  17:40:12
 10  14  11  15  $12    0.010     9.5277   4081.66   0.0      3.08   2.7  08.07.2025  17:40:14
 10  14  12  16  $12    0.010     8.6287  16264.65   0.0      0.23  89.9  08.07.2025  17:40:16
 10  14   5   9  $12    0.010    -4.1039   3626.10   0.4      8.61  41.6  08.07.2025  17:40:18
 10  14   7  11  $12    0.010    -3.6260   4784.42   0.0      8.61  35.5  08.07.2025  17:40:20
 10  14   8  12  $12    0.100   -19.3960   3656.06   0.0      7.91   0.0  08.07.2025  17:40:23
 10  14   5   1  $12    0.100    16.7170  19201.92   0.0      2.92  18.8  08.07.2025  17:40:25
 10  14   6   2  $12    0.100    16.7553  12633.23   0.0      2.26  27.0  08.07.2025  17:40:27
 10  14   7   3  $12    0.100    16.6266   7541.30   0.0      2.72   8.0  08.07.2025  17:40:29
 10  14   8   4  $12    0.100    16.4140   3867.45   0.0      2.65   1.3  08.07.2025  17:40:31
 10  14   1  13  $12    0.100    16.5455   1483.31   0.0      4.79   1.3  08.07.2025  17:40:34
 10  14   3  15  $12    0.010     4.2405   3127.42   0.0      3.79   1.4  08.07.2025  17:40:38
 10  14   4  16  $12    0.010     5.0350   7908.98   0.1      1.25  40.3  08.07.2025  17:40:40
 11  15   9  13  $12    0.010     7.5446  14221.18   0.0      0.99  10.3  08.07.2025  17:40:42
 11  15  10  14  $12    0.010     9.5138   4075.69   0.0      2.28  20.5  08.07.2025  17:40:44
 11  15  12  16  $12    0.010     9.6118   4117.70   0.0      3.63   1.6  08.07.2025  17:40:46
 11  15   5   9  $12    0.100   -14.5814   3435.66   0.0      6.44   2.3  08.07.2025  17:40:50
 11  15   6  10  $12    0.010    -3.5522   3138.65   0.0     10.38   1.3  08.07.2025  17:40:55
 11  15   8  12  $12    0.010    -6.0090   7928.72   0.0      7.99   3.3  08.07.2025  17:40:57
 11  15   5   1  $12    0.100    16.5400  27279.99   0.0      3.01   2.9  08.07.2025  17:41:00
 11  15   6   2  $12    0.100    16.7664  19258.60   0.0      2.52  15.7  08.07.2025  17:41:02
 11  15   7   3  $12    0.100    16.8875  12732.87   0.0      3.34   9.2  08.07.2025  17:41:04
 11  15   8   4  $12    0.100    17.0468   7731.87   0.0      3.51   1.5  08.07.2025  17:41:06
 11  15   1  13  $12    0.010     4.4361  97554.84   0.0     -2.00   5.5  08.07.2025  17:41:11
 11  15   2  14  $12    0.010     4.2284   3790.81   0.0      5.66  15.8  08.07.2025  17:41:13
 11  15   4  16  $12    0.100    18.2801   1348.17   0.0      6.95   1.8  08.07.2025  17:41:17
 12  16   9  13  $12    0.010     3.3073   4363.91   0.0      1.50   4.3  08.07.2025  17:41:22
 12  16  10  14  $12    0.010     8.5869  16186.02   0.0      3.02  14.4  08.07.2025  17:41:24
 12  16  11  15  $12    0.010     9.5342   4084.44   0.0      6.30   1.7  08.07.2025  17:41:26
 12  16   5   9  $12    0.100    -9.8807   4481.58   0.0      8.70   2.3  08.07.2025  17:41:29
 12  16   6  10  $12    0.100   -19.9973   4711.75   0.0     10.24   2.7  08.07.2025  17:41:31
 12  16   7  11  $12    0.010    -5.9582   5264.48   0.0     12.17   0.4  08.07.2025  17:41:36
 12  16   5   1  $12    0.100    15.0156  34053.04   0.0      4.60   0.7  08.07.2025  17:41:40
 12  16   6   2  $12    0.100    16.8639  27814.30   0.0      3.90  10.8  08.07.2025  17:41:42
 12  16   7   3  $12    0.100    19.5564  22463.40   0.0      4.66   2.4  08.07.2025  17:41:44
 12  16   8   4  $12    0.100    22.2333  16763.50   0.0      4.59   0.2  08.07.2025  17:41:46
 12  16  13   1  $12    0.100    -7.8445    767.23   0.0      7.31   1.2  08.07.2025  17:41:48
 12  16  14   2  $12    0.010    -4.8364 106359.04   0.0      9.48   0.6  08.07.2025  17:41:53
 12  16  15   3  $12    0.100   -15.5260   1391.91   0.0     10.28   0.2  08.07.2025  17:41:56
 13   1  14   2  $12    0.010     7.4929   2569.61   0.0      1.72   4.4  08.07.2025  17:42:01
 13   1  15   3  $12    0.010     7.5564   5730.12   0.0      2.37  19.1  08.07.2025  17:42:03
 13   1  16   4  $12    0.010     2.8777   3698.41   0.0     -0.46 683.2  08.07.2025  17:42:05
 13   1  10  14  $12    0.100   -16.5234   1481.33   0.0      8.11   0.2  08.07.2025  17:42:09
 13   1  11  15  $12    0.010    -4.3618  95921.47   0.0      6.88   1.6  08.07.2025  17:42:14
 13   1  12  16  $12    0.100    -7.8468    767.45   0.0      6.34   1.9  08.07.2025  17:42:18
 13   1   9   5  $12    0.100    15.9740   4014.71   0.0      3.81  15.5  08.07.2025  17:42:20
 13   1  10   6  $12    0.100    15.2227   3423.73   0.0      3.49   4.4  08.07.2025  17:42:22
 13   1  11   7  $12    0.100    13.4648   2115.05   0.0      2.89   2.3  08.07.2025  17:42:24
 13   1  12   8  $12    0.100    11.6270    857.50   0.0      2.37   2.9  08.07.2025  17:42:26
 13   1   6   2  $12    0.010     4.3130   3180.87   0.0     -1.73   2.4  08.07.2025  17:42:30
 13   1   7   3  $12    0.100    17.9633   2821.66   0.0      1.63   1.4  08.07.2025  17:42:34
 13   1   8   4  $12    0.100     8.9036   2002.51   0.0      0.66  18.1  08.07.2025  17:42:36
 14   2  13   1  $12    0.010     7.5052   2573.82   0.0      1.05   4.0  08.07.2025  17:42:41
 14   2  15   3  $12    0.010     9.9249   3403.62   0.0      5.20   4.9  08.07.2025  17:42:43
 14   2  16   4  $12    0.010     7.9325   6015.36   0.0      1.04 117.9  08.07.2025  17:42:45
 14   2   9  13  $12    0.100   -16.5408   1219.90   0.0      9.13   0.9  08.07.2025  17:42:49
 14   2  11  15  $12    0.010    -4.2018   3766.91   0.0     16.09   1.0  08.07.2025  17:42:54
 14   2  12  16  $12    0.010    -4.8532 106727.51   0.0      3.45  22.6  08.07.2025  17:42:56
 14   2   9   5  $12    0.100    13.6665   3073.74   0.0      3.29   1.6  08.07.2025  17:42:59
 14   2  10   6  $12    0.100    14.2109   3571.59   0.0      4.14   8.1  08.07.2025  17:43:01
 14   2  11   7  $12    0.100    14.1797   3189.15   0.0      3.08   2.5  08.07.2025  17:43:03
 14   2  12   8  $12    0.100    13.3225   2092.69   0.0      3.62   2.9  08.07.2025  17:43:05
 14   2   5   1  $12    0.010     4.4652   4003.05   0.0     -2.73   4.4  08.07.2025  17:43:10
 14   2   7   3  $12    0.010     4.2961   3168.38   0.0      0.75 181.7  08.07.2025  17:43:12
 14   2   8   4  $12    0.100    17.0271   2674.61   0.0      5.70   0.4  08.07.2025  17:43:16
 15   3  13   1  $12    0.010     7.5682   5739.12   0.0      0.06  77.5  08.07.2025  17:43:21
 15   3  14   2  $12    0.010     9.8882   3391.03   0.0      6.11   0.3  08.07.2025  17:43:23
 15   3  16   4  $12    0.010     7.8158   2680.33   0.0      2.05  11.8  08.07.2025  17:43:25
 15   3   9  13  $12    0.010    -4.4491   6988.65   0.0      5.81  28.6  08.07.2025  17:43:27
 15   3  10  14  $12    0.010    -4.1618   3069.32   0.0     14.95   1.3  08.07.2025  17:43:29
 15   3  12  16  $12    0.100   -15.4780   1387.61   0.0      8.61   0.1  08.07.2025  17:43:32
 15   3   9   5  $12    0.100    13.6323   2141.35   0.0      3.69  11.3  08.07.2025  17:43:34
 15   3  10   6  $12    0.100    14.4949   3260.05   0.0      2.83  12.3  08.07.2025  17:43:36
 15   3  11   7  $12    0.100    14.4419   3629.64   0.0      2.65   0.2  08.07.2025  17:43:39
 15   3  12   8  $12    0.100    14.1203   3175.79   0.0      2.92   3.4  08.07.2025  17:43:41
 15   3   5   1  $12    0.100    17.2179  37864.16   0.1      2.04   9.6  08.07.2025  17:43:43
 15   3   6   2  $12    0.010     4.2582   3817.50   0.0      1.32  14.7  08.07.2025  17:43:48
 15   3   8   4  $12    0.010     4.8298   3562.05   0.0      1.02  31.9  08.07.2025  17:43:50
 16   4  13   1  $12    0.010     2.8595   3675.04   0.0     -1.26  15.4  08.07.2025  17:43:52
 16   4  14   2  $12    0.010     7.9299   6013.33   0.0      1.16  17.6  08.07.2025  17:43:54
 16   4  15   3  $12    0.010     7.7972   2673.96   0.0      2.31  10.6  08.07.2025  17:43:55
 16   4   9  13  $12    0.100    -9.7877   2201.34   0.0      9.00   0.5  08.07.2025  17:43:59
 16   4  10  14  $12    0.010    -4.9692   7805.62   0.0      8.33   2.0  08.07.2025  17:44:04
 16   4  11  15  $12    0.100   -18.2473   1345.75   0.0     10.31   0.2  08.07.2025  17:44:08
 16   4   9   5  $12    0.100    10.7061    789.59   0.0      3.00   2.7  08.07.2025  17:44:10
 16   4  10   6  $12    0.100    12.5418   1970.05   0.0      1.94  10.0  08.07.2025  17:44:12
 16   4  11   7  $12    0.100    14.4309   3245.65   0.0      2.12   2.7  08.07.2025  17:44:14
 16   4  12   8  $12    0.100    15.5783   3915.25   0.0      2.40   1.6  08.07.2025  17:44:16
 16   4   5   1  $12    0.100     7.8535    768.11   0.1      1.31 189.2  08.07.2025  17:44:18
 16   4   6   2  $12    0.100    16.5281  36347.26   0.0      5.39   3.2  08.07.2025  17:44:20
 16   4   7   3  $12    0.010     4.5175   4049.93   0.0      1.48   2.0  08.07.2025  17:44:24
  1   4   2   3  $12    0.010     5.9029   3708.90   0.0      0.43   3.4  08.07.2025  17:44:26
  2   3   1   4  $12    0.010     5.9170   3717.75   0.0     -0.84  97.9  08.07.2025  17:44:28
  1   2   3   4  $12    0.100   -14.2302   2682.33   0.0     12.98   0.1  08.07.2025  17:44:32
  3   4   1   2  $12    0.100   -14.2310   2682.47   0.0      9.56   3.6  08.07.2025  17:44:34
  5   8   6   7  $12    0.010     6.2306   3914.79   0.0     -0.08 101.5  08.07.2025  17:44:39
  6   7   5   8  $12    0.010     6.2187   3907.35   0.0      0.65  26.2  08.07.2025  17:44:41
  5   6   7   8  $12    0.010    -2.0348   3835.45   0.0     13.56  26.6  08.07.2025  17:44:43
  7   8   5   6  $12    0.010    -2.0099   3788.54   0.0     14.82   5.0  08.07.2025  17:44:45
  9  12  10  11  $12    0.010     7.0312   4417.84   0.0      3.75  23.4  08.07.2025  17:44:47
 10  11   9  12  $12    0.010     7.0668   4440.18   0.0      1.92  15.4  08.07.2025  17:44:49
  9  10  11  12  $12    0.100    -9.8258   1852.12   0.0      7.66   1.6  08.07.2025  17:44:53
 11  12   9  10  $12    0.100    -9.5983   1809.24   0.0     15.31   1.7  08.07.2025  17:44:55
 13  16  14  15  $12    0.010    -5.9644   3747.57   0.0      4.76   0.6  08.07.2025  17:45:00
 14  15  13  16  $12    0.010    -5.9630   3746.66   0.0      3.56   5.9  08.07.2025  17:45:02
 13  14  15  16  $12    0.010     4.4921   8467.50   0.0     -5.46   4.0  08.07.2025  17:45:04
  1   9  10   2  $12    0.010   -11.5904   4170.85   0.0      4.81   3.7  08.07.2025  17:45:06
  1   9  11   3  $12    0.010    -6.1922   5305.45   0.0      5.93  15.2  08.07.2025  17:45:08
  1   9  12   4  $12    0.010    -4.3413   7259.33   0.0      7.42   2.1  08.07.2025  17:45:10
  2  10   9   1  $12    0.010   -11.6094   4177.70   0.0      3.69   1.1  08.07.2025  17:45:12
  2  10  11   3  $12    0.010   -10.9581   3943.31   0.0      4.77   1.1  08.07.2025  17:45:14
  2  10  12   4  $12    0.010    -6.6176   5669.92   0.0      5.96   0.8  08.07.2025  17:45:16
  3  11   9   1  $12    0.010    -6.1938   5306.80   0.0      5.25   2.7  08.07.2025  17:45:18
  3  11  10   2  $12    0.010   -10.9261   3931.80   0.0      6.21   1.7  08.07.2025  17:45:20
  3  11  12   4  $12    0.010   -13.9372   5015.36   0.0      6.65   2.6  08.07.2025  17:45:22
 12   4   9   1  $12    0.010     4.3705   7308.04   0.0      2.06  37.8  08.07.2025  17:45:24
 12   4  10   2  $12    0.010     6.6325   5682.70   0.0      3.97   3.1  08.07.2025  17:45:26
 12   4  11   3  $12    0.010    13.9148   5007.30   0.0      5.69   5.1  08.07.2025  17:45:28
 13   5  14   6  $12    0.010     9.7780   3518.68   0.0      2.12  21.0  08.07.2025  17:45:30
 13   5  15   7  $12    0.010     9.5028   8142.00   0.0      1.47   1.6  08.07.2025  17:45:32
 13   5  16   8  $12    0.010     4.2860   7166.76   0.0     -1.30   9.7  08.07.2025  17:45:34
 14   6  13   5  $12    0.010     9.7769   3518.29   0.0      2.09   5.2  08.07.2025  17:45:36
 14   6  15   7  $12    0.010    12.6304   4545.13   0.0      4.80   7.0  08.07.2025  17:45:38
 14   6  16   8  $12    0.010     9.7532   8356.50   0.0      1.60  22.6  08.07.2025  17:45:40
 15   7  13   5  $12    0.010     9.5229   8159.19   0.0      1.76  17.3  08.07.2025  17:45:42
 15   7  14   6  $12    0.010    12.6006   4534.40   0.0      6.17   1.3  08.07.2025  17:45:44
 15   7  16   8  $12    0.010     9.6499   3472.57   0.0      2.55   8.9  08.07.2025  17:45:46
 16   8  13   5  $12    0.010     4.2892   7172.09   0.0      0.58 189.2  08.07.2025  17:45:48
 16   8  14   6  $12    0.010     9.7366   8342.28   0.1      4.27  17.5  08.07.2025  17:45:50
 16   8  15   7  $12    0.010     9.6550   3474.41   0.0      3.11  13.7  08.07.2025  17:45:52
  1   2   5   6  $12    1.000     8.3455   1573.09   0.0      4.80   1.1  08.07.2025  17:45:57
  2   3   6   7  $12    1.000     9.8103   1849.19   0.0      0.07 134.6  08.07.2025  17:45:59
  3   4   7   8  $12    1.000    11.3665   2142.54   0.0      2.77   7.3  08.07.2025  17:46:01
  1   2   9  10  $12   10.000    18.6123   2947.00   0.0     18.04   0.3  08.07.2025  17:46:05
  2   3  10  11  $12    1.000     3.8173   6044.09   0.0     -2.54   1.3  08.07.2025  17:46:10
  3   4  11  12  $12    1.000     2.3136   3663.27   0.1     -5.83  15.6  08.07.2025  17:46:12
  1   2  13  14  $12    1.000    14.2644  76899.17   0.0     -0.32  54.4  08.07.2025  17:46:14
  2   3  14  15  $12    1.000   -10.5336  56786.41   0.1     -3.23   9.7  08.07.2025  17:46:16
  3   4  15  16  $12    0.100     2.5517 137564.13   0.0     -0.73  18.1  08.07.2025  17:46:21
  5   6   9  10  $12    1.000     7.0088   1321.12   0.0      4.26   2.7  08.07.2025  17:46:24
  6   7  10  11  $12    1.000    14.1415   2665.62   0.0      2.40   7.8  08.07.2025  17:46:26
  7   8  11  12  $12    1.000     8.8072   1660.11   0.0      1.65  26.5  08.07.2025  17:46:28
  5   6  13  14  $12    1.000     3.9368   6233.37   0.0     -2.18  53.0  08.07.2025  17:46:30
  6   7  14  15  $12    1.000    -2.5772   4080.65   0.0      3.10  95.9  08.07.2025  17:46:32
  7   8  15  16  $12    1.000     6.9235  10962.35   0.0      1.48   7.6  08.07.2025  17:46:34
  9  10  13  14  $12    1.000    10.1035   1904.47   0.0      2.42  27.7  08.07.2025  17:46:36
 10  11  14  15  $12    1.000    -8.9328   1683.79   0.1      1.83  27.7  08.07.2025  17:46:38
 11  12  15  16  $12    1.000    12.5425   2364.20   0.0     -1.18   5.1  08.07.2025  17:46:40
  1   2   6   7  $12    1.000     8.8519   3337.10   0.0     -0.31  34.6  08.07.2025  17:46:42
  2   3   7   8  $12    1.000     9.9836   3763.73   0.0      2.70  10.6  08.07.2025  17:46:44
  1   2   7   8  $12    1.000     7.8638   5188.03   0.0      4.18   3.0  08.07.2025  17:46:46
  2   3   7   8  $12    1.000     9.9862   3764.70   0.0      2.75   2.1  08.07.2025  17:46:48
  1   2  10  11  $12    1.000     3.0526   6904.90   0.1     -1.18  93.2  08.07.2025  17:46:50
  2   3  11  12  $12    1.000     2.3335   5278.22   0.0     -9.82   2.6  08.07.2025  17:46:52
  1   2  11  12  $12   10.000    17.6196   5480.01   0.0      4.35   0.5  08.07.2025  17:46:56
  2   3  11  12  $12   10.000    22.6862   5131.50   0.0      1.22   3.7  08.07.2025  17:46:58
  1   2  14  15  $12    1.000    -7.2026  49419.10   0.0     -2.43   4.0  08.07.2025  17:47:03
  2   3  15  16  $12    0.100     2.6676 183027.72   0.0     -2.30   4.2  08.07.2025  17:47:08
  1   2  15  16  $12    1.000    17.1966 147487.68   0.0      2.34   0.9  08.07.2025  17:47:11
  2   3  15  16  $12    0.100     2.6696 183169.36   0.0     -2.22   4.4  08.07.2025  17:47:16
  5   6  10  11  $12    1.000    10.4999   3958.37   0.0      0.11  71.4  08.07.2025  17:47:20
  6   7  11  12  $12    1.000     8.3821   3159.96   0.0     -1.80  12.9  08.07.2025  17:47:22
  5   6  11  12  $12    1.000     5.7320   3781.58   0.0     -2.16   5.4  08.07.2025  17:47:24
  6   7  11  12  $12    1.000     8.3831   3160.37   0.0     -1.50   4.5  08.07.2025  17:47:26
  5   6  14  15  $12    1.000    -2.0388   4611.64   0.4      4.96  11.6  08.07.2025  17:47:28
  6   7  15  16  $12    1.000     6.7192  15198.55   0.0     -1.44   2.3  08.07.2025  17:47:30
  5   6  15  16  $12    1.000     5.3431  16617.88   0.0     -1.14  22.7  08.07.2025  17:47:32
  6   7  15  16  $12    1.000     6.7200  15200.32   0.0     -1.57   1.7  08.07.2025  17:47:34
  9  10  14  15  $12    1.000    -4.9075   1850.10   0.0      7.02   9.0  08.07.2025  17:47:36
 10  11  15  16  $12    1.000    20.1123   7582.16   0.0      1.21   4.6  08.07.2025  17:47:38
  9  10  15  16  $12    1.000     9.7400   6425.79   0.0     -1.07   6.5  08.07.2025  17:47:40
 10  11  15  16  $12    1.000    20.1172   7584.01   0.0      1.09   5.3  08.07.2025  17:47:42
