//C:\Users\user\Desktop\GeoTom\GeoTomE724.ini
//- Cable direction:
//  cable I: normal
//  cable II: normal
//  cable III: normal
//  cable IV: normal
//- Cable arrangement: sequential
//- Optimization: Last measurement
//- Sorting: Multi-level
//- Current levels: 0.001 mA .. 50.0 mA
Type:         Flow
Name:         Hyprop
Comment:      Example of a measurements sequence
Comment:      
Comment:      
Spacing:      1.00000
First El:     0.00000
Nr of points: 289
IP present:   1

  1   5   2   6  $12    0.001     3.8547  16513.68   0.0     -0.79  36.6  11.07.2025  10:35:08
  1   5   3   7  $12    0.010    16.8106  31687.27   0.0      2.42   1.1  11.07.2025  10:35:12
  1   5   4   8  $12    0.010    10.4790  13826.65   0.0      3.08   1.6  11.07.2025  10:35:14
  1   5  14   2  $12    0.010   -17.6115  15788.81   0.0      1.13  16.9  11.07.2025  10:35:16
  1   5  15   3  $12    0.100     8.7513  19245.20   0.0    -16.88   0.6  11.07.2025  10:35:20
  1   5  16   4  $12    0.100    16.6780   1631.18   0.0      2.15   0.2  11.07.2025  10:35:22
  1   5  13   9  $12    0.010    15.0655 113591.38   0.0      2.41   0.5  11.07.2025  10:35:27
  1   5  14  10  $12    0.010    13.3509 153354.82   0.0      1.43   5.4  11.07.2025  10:35:29
  1   5  15  11  $12    0.010    12.9388 213404.21   0.0      1.90   3.5  11.07.2025  10:35:31
  1   5  16  12  $12    0.010    10.0322 227513.77   0.0      2.05   3.0  11.07.2025  10:35:33
  1   5  10   6  $12    0.010     7.0834   6258.70   0.0     -1.46  19.5  11.07.2025  10:35:35
  1   5  11   7  $12    0.010     4.7861  11276.95   0.0      1.81   2.6  11.07.2025  10:35:37
  1   5  12   8  $12    0.010     2.1442   9725.29   0.0      1.95  51.2  11.07.2025  10:35:39
  2   6   1   5  $12    0.001     3.8464  16477.86   0.0     -0.63  50.8  11.07.2025  10:35:44
  2   6   3   7  $12    0.001     2.4953  10689.98   0.0      1.19  48.8  11.07.2025  10:35:46
  2   6   4   8  $12    0.010    11.8883  22408.83   0.0      4.32   1.0  11.07.2025  10:35:50
  2   6  13   1  $12    0.010   -18.5121  13652.84   0.0      2.35  31.3  11.07.2025  10:35:52
  2   6  15   3  $12    0.010    -2.7435   2459.56   0.0     10.66  16.4  11.07.2025  10:35:54
  2   6  16   4  $12    1.000    -9.5120   2091.79   0.4    114.42   0.4  11.07.2025  10:36:00
  2   6  13   9  $12    0.010    12.7951  58034.36   0.0      3.61   0.7  11.07.2025  10:36:08
  2   6  14  10  $12    0.010    11.5333  86959.33   0.0      3.44   3.9  11.07.2025  10:36:10
  2   6  15  11  $12    0.010    11.2008 128657.59   0.0      3.47   6.0  11.07.2025  10:36:12
  2   6  16  12  $12    0.010     9.0743 149665.98   0.0      3.67   0.4  11.07.2025  10:36:14
  2   6   9   5  $12    0.010     6.6875   8823.95   0.0      4.27   1.3  11.07.2025  10:36:16
  2   6  11   7  $12    0.010    10.6598   9418.70   0.0      4.43   2.7  11.07.2025  10:36:18
  2   6  12   8  $12    0.010     2.7950   6585.60   0.0      6.56   3.5  11.07.2025  10:36:20
  3   7   1   5  $12    0.010    16.8149  31695.31   0.0      3.70   4.3  11.07.2025  10:36:22
  3   7   2   6  $12    0.001     2.5042  10728.09   0.0     -2.34  22.6  11.07.2025  10:36:27
  3   7   4   8  $12    0.001     2.3363  10008.53   0.3    -13.63  45.5  11.07.2025  10:36:29
  3   7  13   1  $12    0.010    -2.5714   4039.17   0.1      7.75  10.7  11.07.2025  10:36:33
  3   7  14   2  $12    0.010    -4.6421   3423.55   0.4    -11.00   7.7  11.07.2025  10:36:35
  3   7  16   4  $12    0.010    -9.6547   8655.43   0.4     13.88  18.2  11.07.2025  10:36:37
  3   7  13   9  $12    0.010    10.4145  24538.59   0.0      1.86   8.0  11.07.2025  10:36:39
  3   7  14  10  $12    0.010     9.7910  44408.99   0.0      1.92   5.7  11.07.2025  10:36:41
  3   7  15  11  $12    0.010     9.4254  71065.66   0.0      1.34  10.2  11.07.2025  10:36:43
  3   7  16  12  $12    0.010     8.5924  98696.13   0.0      1.43   6.2  11.07.2025  10:36:45
  3   7   9   5  $12    0.010     3.8145   7190.17   0.0      2.90   1.4  11.07.2025  10:36:48
  3   7  10   6  $12    0.010    10.0686  13285.25   0.0      2.15  20.7  11.07.2025  10:36:50
  3   7  12   8  $12    0.010     4.2343   3741.35   0.0      2.70  71.3  11.07.2025  10:36:52
  4   8   1   5  $12    0.010    10.4735  13819.51   0.0      2.38   5.4  11.07.2025  10:36:54
  4   8   2   6  $12    0.010    11.9780  22578.07   0.0      1.14 179.7  11.07.2025  10:36:56
  4   8   3   7  $12    0.010    22.5374   9654.98   0.0      5.18   9.7  11.07.2025  10:36:58
  4   8  13   1  $12    0.100    -9.3899   2111.88   0.0      9.26   2.6  11.07.2025  10:37:01
  4   8  14   2  $12    0.100   -16.3790   2572.80   0.0     10.40  13.8  11.07.2025  10:37:04
  4   8  15   3  $12    0.010   -10.2812   7582.47   0.0      6.49   1.3  11.07.2025  10:37:09
  4   8  13   9  $12    0.010     8.8543   7823.40   0.0      2.89   1.4  11.07.2025  10:37:11
  4   8  14  10  $12    0.010     8.5551  20157.56   0.0      2.70   2.4  11.07.2025  10:37:13
  4   8  15  11  $12    0.010     8.4938  38524.88   0.0      3.02   3.9  11.07.2025  10:37:15
  4   8  16  12  $12    0.010     8.3735  63134.59   0.0      1.55   3.2  11.07.2025  10:37:17
  4   8   9   5  $12    0.100     6.5854    282.12   0.0      4.00   1.6  11.07.2025  10:37:21
  4   8  10   6  $12    0.100    16.7078   3149.35   0.0      3.39  13.0  11.07.2025  10:37:23
  4   8  11   7  $12    0.010     3.6547   4822.20   0.0      0.57  41.8  11.07.2025  10:37:28
  5   9   6  10  $12    0.010    18.8894   8092.21   0.0      3.73   8.0  11.07.2025  10:37:30
  5   9   7  11  $12    0.010     9.6742  18235.37   0.0      3.04   5.9  11.07.2025  10:37:32
  5   9   8  12  $12    0.010     4.0041   5283.32   0.0      1.83   7.4  11.07.2025  10:37:34
  5   9   2   6  $12    0.010    -6.6207   8735.79   0.1      1.82  79.5  11.07.2025  10:37:36
  5   9   3   7  $12    0.010    -3.7588   7085.19   0.2     -3.10  45.2  11.07.2025  10:37:38
  5   9   4   8  $12    0.100    -6.4829    277.73   0.0      6.70   1.0  11.07.2025  10:37:41
  5   9   1  13  $12    0.100     7.8247   1966.56   0.0     -1.80   8.3  11.07.2025  10:37:43
  5   9   2  14  $12    0.100    10.3709   2332.52   0.1     -3.35  50.1  11.07.2025  10:37:46
  5   9   3  15  $12    0.100     9.7204   1526.87   0.1      5.50  19.9  11.07.2025  10:37:48
  5   9   4  16  $12    0.100     9.1167    672.36   0.0      1.47   5.8  11.07.2025  10:37:50
  5   9  14  10  $12    0.010    11.1948   9891.43   0.0      2.52   8.1  11.07.2025  10:37:55
  5   9  15  11  $12    0.010     4.9148  11580.34   0.0     -0.41  25.2  11.07.2025  10:37:57
  5   9  16  12  $12    0.010     2.4380  11057.75   0.0      2.80   4.4  11.07.2025  10:37:59
  6  10   5   9  $12    0.010    18.8510   8075.73   0.0      4.16   2.1  11.07.2025  10:38:01
  6  10   7  11  $12    0.010    18.5129   7930.92   0.0      4.34   0.9  11.07.2025  10:38:03
  6  10   8  12  $12    0.010     6.0228  11352.71   0.0      6.48   0.6  11.07.2025  10:38:05
  6  10   1   5  $12    0.010    -7.0740   6250.38   0.0      6.87   6.0  11.07.2025  10:38:07
  6  10   3   7  $12    0.010   -10.0672  13283.32   0.0      5.93   3.1  11.07.2025  10:38:09
  6  10   4   8  $12    0.100   -16.6886   3145.73   0.0      5.05   0.3  11.07.2025  10:38:13
  6  10   1  13  $12    0.100     8.4831   1907.93   0.0     19.87   0.9  11.07.2025  10:38:15
  6  10   2  14  $12    0.100    11.1246   2795.92   0.0     38.56   0.6  11.07.2025  10:38:17
  6  10   3  15  $12    0.100    11.6324   2616.23   0.0     22.50   2.8  11.07.2025  10:38:19
  6  10   4  16  $12    0.100    11.6437   1828.99   0.0      1.08   4.5  11.07.2025  10:38:21
  6  10  13   9  $12    0.010    10.9284  14419.70   0.0      1.78   3.3  11.07.2025  10:38:26
  6  10  15  11  $12    0.010     7.2509   6406.70   0.0      1.88  31.8  11.07.2025  10:38:28
  6  10  16  12  $12    0.010     3.1899   7516.12   0.0      6.03   1.6  11.07.2025  10:38:30
  7  11   5   9  $12    0.010     9.6651  18218.24   0.0      1.70   6.6  11.07.2025  10:38:32
  7  11   6  10  $12    0.010    18.5243   7935.81   0.0      2.74   3.8  11.07.2025  10:38:34
  7  11   8  12  $12    0.010    11.6532   4992.21   0.0     11.91   1.1  11.07.2025  10:38:36
  7  11   1   5  $12    0.010    -4.7532  11199.37   0.0      7.18   1.9  11.07.2025  10:38:38
  7  11   2   6  $12    0.010   -10.5905   9357.46   0.0      5.00   9.6  11.07.2025  10:38:40
  7  11   4   8  $12    0.010    -3.6309   4790.81   0.0      9.61   1.7  11.07.2025  10:38:42
  7  11   1  13  $12    0.100    11.5593   1815.72   0.0      6.75   0.7  11.07.2025  10:38:46
  7  11   2  14  $12    0.100    15.6994   3530.93   0.0     13.70   2.5  11.07.2025  10:38:48
  7  11   3  15  $12    0.100    16.8150   4226.08   0.0     11.07   2.3  11.07.2025  10:38:50
  7  11   4  16  $12    0.100    16.8259   3784.31   0.0      3.24   5.6  11.07.2025  10:38:52
  7  11  13   9  $12    0.010     3.7273   7025.78   0.0     -1.59   1.7  11.07.2025  10:38:57
  7  11  14  10  $12    0.010     6.2906   8300.19   0.0      0.34  61.2  11.07.2025  10:38:59
  7  11  16  12  $12    0.010     6.3025   5568.72   0.0     20.02   1.5  11.07.2025  10:39:01
  8  12   5   9  $12    0.010     3.9907   5265.54   0.0      0.87  50.2  11.07.2025  10:39:03
  8  12   6  10  $12    0.010     6.0221  11351.35   0.0      1.85  10.3  11.07.2025  10:39:05
  8  12   7  11  $12    0.010    11.5742   4958.39   0.0      7.19   0.9  11.07.2025  10:39:07
  8  12   1   5  $12    0.010    -2.1038   9542.26   0.0     12.72  12.9  11.07.2025  10:39:09
  8  12   2   6  $12    0.010    -2.7475   6473.53   0.1     15.56   6.4  11.07.2025  10:39:12
  8  12   3   7  $12    0.010    -4.1514   3668.07   0.0      5.92  14.6  11.07.2025  10:39:14
  8  12   1  13  $12    0.100    13.9610   1029.63   0.0     -3.45   3.1  11.07.2025  10:39:17
  8  12   2  14  $12    0.100    19.7085   3095.80   0.0     -5.45   3.7  11.07.2025  10:39:19
  8  12   3  15  $12    0.100    22.8512   5139.44   0.0     -1.18  23.2  11.07.2025  10:39:21
  8  12  16   4  $12    0.010    -2.3642   5941.80   0.0     12.04   1.8  11.07.2025  10:39:26
  8  12   9  13  $12    0.100    -3.9685    170.01   0.0     12.88   4.3  11.07.2025  10:39:30
  8  12  10  14  $12    0.100   -11.8197   2227.95   0.0     13.61   0.6  11.07.2025  10:39:32
  8  12  11  15  $12    0.010    -4.9294   6504.16   0.0     21.28   1.3  11.07.2025  10:39:37
  9  13  10  14  $12    0.001     3.1352  13431.38   0.0     -0.84  37.3  11.07.2025  10:39:42
  9  13  11  15  $12    0.001     2.6261  49499.96   0.0      1.78  65.4  11.07.2025  10:39:44
  9  13  12  16  $12    0.010    15.4072  20329.29   0.0      4.33   0.9  11.07.2025  10:39:48
  9  13   6  10  $12    0.010   -10.8737  14347.52   0.0      5.14   0.9  11.07.2025  10:39:50
  9  13   7  11  $12    0.010    -3.6738   6924.92   0.0      7.24   1.8  11.07.2025  10:39:52
  9  13   8  12  $12    0.100    -4.1883    179.43   0.0     18.63   0.5  11.07.2025  10:39:56
  9  13   5   1  $12    0.010    15.1203 114004.52   0.0      3.62   5.8  11.07.2025  10:40:01
  9  13   6   2  $12    0.010    12.8847  58440.91   0.0      2.31   7.2  11.07.2025  10:40:03
  9  13   7   3  $12    0.010    10.4127  24534.24   0.0      2.72  10.2  11.07.2025  10:40:05
  9  13   8   4  $12    0.010     8.8723   7839.35   0.0      3.43   2.9  11.07.2025  10:40:07
  9  13   2  14  $12    0.010     7.1284   5257.23   0.1      5.17  18.4  11.07.2025  10:40:09
  9  13   3  15  $12    0.010    11.7225  18413.63   0.0     13.80   1.1  11.07.2025  10:40:11
  9  13   4  16  $12    0.010     6.1482  13827.91   0.0      3.34   4.8  11.07.2025  10:40:13
 10  14   9  13  $12    0.001     3.1339  13425.45   0.0      1.35  11.3  11.07.2025  10:40:18
 10  14  11  15  $12    0.001     2.9609  12684.26   0.0      0.59  39.8  11.07.2025  10:40:20
 10  14  12  16  $12    0.010    19.3943  36557.41   0.0      7.09   0.3  11.07.2025  10:40:24
 10  14   5   9  $12    0.010   -11.1302   9834.34   0.0      4.49  10.0  11.07.2025  10:40:26
 10  14   7  11  $12    0.010    -6.2677   8270.02   0.0      5.67   6.3  11.07.2025  10:40:28
 10  14   8  12  $12    0.100   -12.2677   2312.40   0.0     15.01   0.1  11.07.2025  10:40:31
 10  14   5   1  $12    0.010    13.3719 153595.07   0.0      3.28   1.2  11.07.2025  10:40:36
 10  14   6   2  $12    0.010    11.6041  87492.63   0.0      1.81  13.8  11.07.2025  10:40:38
 10  14   7   3  $12    0.010     9.7929  44417.45   0.0      1.49  23.2  11.07.2025  10:40:40
 10  14   8   4  $12    0.010     8.5543  20155.64   0.0      2.86   7.1  11.07.2025  10:40:43
 10  14   1  13  $12    0.010     6.3552   5697.49   0.0     -0.02 2214.9  11.07.2025  10:40:45
 10  14   3  15  $12    0.010    13.1328   9685.51   0.0      1.69   8.0  11.07.2025  10:40:47
 10  14   4  16  $12    0.010     9.6167  15105.92   0.0      8.84   0.5  11.07.2025  10:40:49
 11  15   9  13  $12    0.001     2.6191  49369.01   0.0      3.28  10.8  11.07.2025  10:40:54
 11  15  10  14  $12    0.001     2.9673  12712.09   0.0     -2.85  21.2  11.07.2025  10:40:56
 11  15  12  16  $12    0.001     2.0557   8806.76   0.0      2.17  19.1  11.07.2025  10:40:58
 11  15   5   9  $12    0.010    -4.8657  11464.45   0.0      4.05   2.2  11.07.2025  10:41:02
 11  15   6  10  $12    0.010    -7.2023   6363.71   0.0      3.46  10.7  11.07.2025  10:41:04
 11  15   8  12  $12    0.010    -5.0724   6692.84   0.0     19.15   0.9  11.07.2025  10:41:06
 11  15   5   1  $12    0.010    12.9705 213926.68   0.0      1.66   8.6  11.07.2025  10:41:08
 11  15   6   2  $12    0.010    11.2695 129446.46   0.0      0.75  13.7  11.07.2025  10:41:10
 11  15   7   3  $12    0.010     9.4224  71043.14   0.0     -0.88  29.0  11.07.2025  10:41:12
 11  15   8   4  $12    0.010     8.5106  38601.26   0.0      0.56  24.2  11.07.2025  10:41:14
 11  15   1  13  $12    0.010     7.9526 174887.38   0.0      8.56   5.5  11.07.2025  10:41:16
 11  15   2  14  $12    0.010    10.7751   9659.93   0.0     -1.35   8.3  11.07.2025  10:41:18
 11  15   4  16  $12    0.010     6.6414   4898.05   0.0      1.61  22.3  11.07.2025  10:41:20
 12  16   9  13  $12    0.010    15.3720  20282.87   0.0      3.14   2.7  11.07.2025  10:41:22
 12  16  10  14  $12    0.010    19.2662  36315.98   0.0      5.81   0.2  11.07.2025  10:41:24
 12  16  11  15  $12    0.010    20.0271   8579.58   0.0      6.28   0.9  11.07.2025  10:41:26
 12  16   5   9  $12    0.010    -2.3468  10644.25   0.0     11.42  10.3  11.07.2025  10:41:28
 12  16   6  10  $12    0.010    -3.0873   7274.18   0.0     15.49   2.2  11.07.2025  10:41:30
 12  16   7  11  $12    0.010    -6.0732   5366.13   0.0     16.80   0.7  11.07.2025  10:41:32
 12  16   5   1  $12    0.010    10.0404 227700.08   0.0      2.78   3.6  11.07.2025  10:41:34
 12  16   6   2  $12    0.010     9.1185 150394.63   0.0      2.04   6.9  11.07.2025  10:41:36
 12  16   7   3  $12    0.010     8.5983  98764.37   0.0      1.21  14.1  11.07.2025  10:41:38
 12  16   8   4  $12    0.010     8.3898  63257.45   0.0      1.33   4.4  11.07.2025  10:41:40
 12  16  13   1  $12    0.010    -2.9283   2863.98   0.0      9.52   3.0  11.07.2025  10:41:42
 12  16  14   2  $12    0.010    -6.9878 153669.59   0.0     13.36   1.9  11.07.2025  10:41:44
 12  16  15   3  $12    0.010    -5.3361   4783.88   0.0     10.27   3.9  11.07.2025  10:41:46
 13   1  14   2  $12    0.001     2.5856   8866.86   0.1     -3.85  46.2  11.07.2025  10:41:51
 13   1  15   3  $12    0.010    11.7411   8903.45   0.0     12.23   0.5  11.07.2025  10:41:55
 13   1  16   4  $12    0.010     5.3415   6864.94   0.0      2.23   6.7  11.07.2025  10:41:57
 13   1  10  14  $12    0.010    -6.3502   5692.94   0.0      8.18   6.9  11.07.2025  10:41:59
 13   1  11  15  $12    0.010    -7.9374 174551.86   0.0     20.65   0.9  11.07.2025  10:42:01
 13   1  12  16  $12    0.010    -2.9476   2882.88   0.0     10.75   1.1  11.07.2025  10:42:03
 13   1   9   5  $12    0.100     7.8359   1969.36   0.0      2.69   1.6  11.07.2025  10:42:07
 13   1  10   6  $12    0.100     8.6329   1941.62   0.0     17.37   2.8  11.07.2025  10:42:09
 13   1  11   7  $12    0.100    11.7097   1839.35   0.0      8.39   1.3  11.07.2025  10:42:11
 13   1  12   8  $12    0.100    14.0040   1032.81   0.0      3.11   1.5  11.07.2025  10:42:13
 13   1   6   2  $12    0.010    18.5124  13653.01   0.0      0.29  32.8  11.07.2025  10:42:18
 13   1   7   3  $12    0.010     2.6142   4106.38   0.0     -3.76  10.2  11.07.2025  10:42:20
 13   1   8   4  $12    0.100     9.4772   2131.50   0.0     -0.18  28.6  11.07.2025  10:42:24
 14   2  13   1  $12    0.001     2.6080   8943.69   0.0      3.42  24.1  11.07.2025  10:42:32
 14   2  15   3  $12    0.010    17.0524   5847.91   0.0      3.33   4.1  11.07.2025  10:42:36
 14   2  16   4  $12    0.010    10.7566   8156.90   0.0      8.83   1.4  11.07.2025  10:42:38
 14   2   9  13  $12    0.010    -7.0946   5232.36   0.0      6.91   2.6  11.07.2025  10:42:40
 14   2  11  15  $12    0.010   -10.6762   9571.24   0.0      4.69   3.5  11.07.2025  10:42:42
 14   2  12  16  $12    0.010    -7.0699 155474.17   0.0     17.16   0.9  11.07.2025  10:42:44
 14   2   9   5  $12    0.100    10.2792   2311.89   0.0      4.06   1.9  11.07.2025  10:42:48
 14   2  10   6  $12    0.100    11.3033   2840.83   0.0     37.80   1.5  11.07.2025  10:42:50
 14   2  11   7  $12    0.100    15.8764   3570.76   0.0     14.99   0.8  11.07.2025  10:42:52
 14   2  12   8  $12    0.100    19.7395   3100.68   0.0      1.51   6.3  11.07.2025  10:42:54
 14   2   5   1  $12    0.010    17.6426  15816.62   0.0      0.10 179.3  11.07.2025  10:42:59
 14   2   7   3  $12    0.010     4.7605   3510.88   0.0     -0.75  32.2  11.07.2025  10:43:01
 14   2   8   4  $12    0.100    16.5460   2599.03   0.0      0.39   8.7  11.07.2025  10:43:04
 15   3  13   1  $12    0.010    11.6279   8817.61   0.0      9.09   1.2  11.07.2025  10:43:09
 15   3  14   2  $12    0.010    17.0932   5861.89   0.0      3.27   3.6  11.07.2025  10:43:11
 15   3  16   4  $12    0.010    18.0211   6180.10   0.0      4.75   1.0  11.07.2025  10:43:13
 15   3   9  13  $12    0.010   -11.5359  18120.53   0.0     14.40   1.2  11.07.2025  10:43:15
 15   3  10  14  $12    0.010   -13.1228   9678.18   0.0      4.80   2.4  11.07.2025  10:43:17
 15   3  12  16  $12    0.010    -5.3670   4811.50   0.0     10.07   0.9  11.07.2025  10:43:19
 15   3   9   5  $12    0.100     9.5444   1499.23   0.0      5.30   1.2  11.07.2025  10:43:23
 15   3  10   6  $12    0.100    11.6599   2622.43   0.0     21.13   1.2  11.07.2025  10:43:25
 15   3  11   7  $12    0.100    16.8164   4226.43   0.0      9.27   1.6  11.07.2025  10:43:28
 15   3  12   8  $12    0.100    22.7272   5111.57   0.0      3.31   1.9  11.07.2025  10:43:30
 15   3   5   1  $12    0.100    -9.1591  20141.87   0.0      8.02   5.3  11.07.2025  10:43:32
 15   3   6   2  $12    0.010     2.7664   2480.05   0.0     -3.46   3.2  11.07.2025  10:43:37
 15   3   8   4  $12    0.010    10.3583   7639.35   0.0      2.99   0.4  11.07.2025  10:43:39
 16   4  13   1  $12    0.010     5.3206   6838.02   0.0      1.20  15.7  11.07.2025  10:43:41
 16   4  14   2  $12    0.010    10.7222   8130.80   0.0      7.01   4.5  11.07.2025  10:43:43
 16   4  15   3  $12    0.010    17.9850   6167.71   0.0      3.91   1.8  11.07.2025  10:43:45
 16   4   9  13  $12    0.010    -6.0620  13633.95   0.0      6.42   7.8  11.07.2025  10:43:47
 16   4  10  14  $12    0.010    -9.4733  14880.67   0.0     10.12   1.3  11.07.2025  10:43:49
 16   4  11  15  $12    0.010    -6.5381   4821.88   0.0      7.78   4.1  11.07.2025  10:43:51
 16   4   9   5  $12    0.100     9.0468    667.21   0.0      0.72   5.0  11.07.2025  10:43:55
 16   4  10   6  $12    0.100    11.5722   1817.75   0.0      0.33  67.4  11.07.2025  10:43:57
 16   4  11   7  $12    0.100    16.7973   3777.88   0.0      2.91   1.4  11.07.2025  10:43:59
 16   4  12   8  $12    0.010     2.3986   6028.42   0.0     -0.42  25.4  11.07.2025  10:44:04
 16   4   5   1  $12    0.100   -17.0507   1667.63   0.0      8.81   0.5  11.07.2025  10:44:07
 16   4   6   2  $12   10.000     0.8098     17.81  23.0 -75318.84  94.4  11.07.2025  10:44:21
 16   4   7   3  $12    0.010     9.6095   8614.96   0.0      3.28   2.4  11.07.2025  10:44:31
  1   4   2   3  $12    0.001     2.7469  17259.32   0.0     -2.19  24.4  11.07.2025  10:44:36
  2   3   1   4  $12    0.001     2.7464  17255.83   0.0     -2.28  52.4  11.07.2025  10:44:38
  1   2   3   4  $12    0.100   -12.8999   2431.57   0.0     19.75   0.3  11.07.2025  10:44:44
  3   4   1   2  $12    0.100   -12.9222   2435.79   0.0     19.27   0.2  11.07.2025  10:44:46
  5   8   6   7  $12    0.010     5.1367   3227.51   0.0     -0.63  90.1  11.07.2025  10:44:51
  6   7   5   8  $12    0.010     5.1662   3246.00   0.0      2.73   7.4  11.07.2025  10:44:53
  5   6   7   8  $12    0.010    -4.9874   9401.10   0.0      8.42   7.0  11.07.2025  10:44:55
  7   8   5   6  $12    0.010    -4.9676   9363.74   0.0      9.33   4.8  11.07.2025  10:44:57
  9  12  10  11  $12    0.010    10.6127   6668.15   0.0      6.22   2.7  11.07.2025  10:44:59
 10  11   9  12  $12    0.010    10.6249   6675.82   0.0      7.74   1.8  11.07.2025  10:45:01
  9  10  11  12  $12    0.100   -14.6966   2770.24   0.0     -0.02 153.0  11.07.2025  10:45:05
 11  12   9  10  $12    0.100   -14.8803   2804.87   0.0      2.01  20.7  11.07.2025  10:45:07
 13  16  14  15  $12    0.010    -4.6561   2925.52   0.0     37.66   0.2  11.07.2025  10:45:12
 14  15  13  16  $12    0.010    -4.7736   2999.31   0.0     23.27   2.5  11.07.2025  10:45:14
 13  14  15  16  $12    0.010     2.0527   3869.22   0.1     67.54   0.5  11.07.2025  10:45:16
  1   9  10   2  $12    0.001    -4.3042  15488.92   0.0      5.79  10.9  11.07.2025  10:45:21
  1   9  11   3  $12    0.010   -17.8046  15254.93   0.0      4.53   2.4  11.07.2025  10:45:25
  1   9  12   4  $12    0.010   -11.5491  19311.62   0.0      7.38   3.3  11.07.2025  10:45:27
  2  10   9   1  $12    0.001    -4.2939  15451.70   0.0      7.77   2.7  11.07.2025  10:45:32
  2  10  11   3  $12    0.001    -2.2269   8013.45   0.0     14.46   3.9  11.07.2025  10:45:34
  2  10  12   4  $12    0.010   -13.3235  11415.53   0.0      7.15   1.2  11.07.2025  10:45:38
  3  11   9   1  $12    0.010   -17.7798  15233.66   0.0      4.52   5.6  11.07.2025  10:45:40
  3  11  10   2  $12    0.010   -22.2863   8019.83   0.0      5.11   3.1  11.07.2025  10:45:42
  3  11  12   4  $12    0.001    -2.5908   9322.99   0.0     14.63   1.6  11.07.2025  10:45:47
 12   4   9   1  $12    0.010    11.5922  19383.77   0.0      2.84   1.8  11.07.2025  10:45:51
 12   4  10   2  $12    0.010    13.3675  11453.22   0.0      3.82   2.5  11.07.2025  10:45:53
 12   4  11   3  $12    0.001     2.6435   9512.93   0.0      1.84  32.9  11.07.2025  10:45:58
 13   5  14   6  $12    0.001     2.7968  10064.45   0.0      0.31 570.5  11.07.2025  10:46:00
 13   5  15   7  $12    0.001     2.7236  23336.03   0.0      3.57   8.8  11.07.2025  10:46:02
 13   5  16   8  $12    0.010    16.4893  27572.36   0.0      3.72   1.4  11.07.2025  10:46:05
 14   6  13   5  $12    0.001     2.7969  10064.94   0.0      4.29   3.8  11.07.2025  10:46:10
 14   6  15   7  $12    0.001     3.4575  12441.97   0.0      0.41 113.6  11.07.2025  10:46:12
 14   6  16   8  $12    0.001     2.1105  18082.71   0.0      3.91   2.3  11.07.2025  10:46:14
 15   7  13   5  $12    0.001     2.7162  23272.74   0.0      6.70   1.7  11.07.2025  10:46:16
 15   7  14   6  $12    0.001     3.4419  12385.82   0.0      3.80  25.8  11.07.2025  10:46:18
 15   7  16   8  $12    0.001     2.0667   7437.19   0.0     -1.49  11.9  11.07.2025  10:46:20
 16   8  13   5  $12    0.010    16.4651  27531.87   0.0      3.71   1.4  11.07.2025  10:46:24
 16   8  14   6  $12    0.010    20.7154  17748.89   0.0      5.22   2.4  11.07.2025  10:46:26
 16   8  15   7  $12    0.010    20.3085   7308.11   0.0      3.66   3.8  11.07.2025  10:46:28
  1   2   5   6  $12    1.000    -4.4727    843.08   0.2   -546.52   0.3  11.07.2025  10:46:34
  2   3   6   7  $12    1.000     7.0699   1332.64   0.0    130.47   0.6  11.07.2025  10:46:36
  3   4   7   8  $12    1.000    10.0531   1894.97   0.0     89.97   0.0  11.07.2025  10:46:38
  1   2   9  10  $12    1.000    -4.6119   7302.32   0.0   -109.72   0.2  11.07.2025  10:46:40
  2   3  10  11  $12    1.000    -3.0640   4851.36   0.2   -113.03   0.3  11.07.2025  10:46:42
  3   4  11  12  $12    1.000    -1.6834   2665.42   0.1     83.08   1.2  11.07.2025  10:46:47
  1   2  13  14  $12    0.100     3.5983 193983.19   0.0     -7.76   1.2  11.07.2025  10:46:52
  2   3  14  15  $12    0.100    -2.0898 112662.42   0.1     10.47  11.2  11.07.2025  10:46:54
  3   4  15  16  $12    0.100     3.5905 193561.77   0.0    -16.93   0.4  11.07.2025  10:46:56
  5   6   9  10  $12    1.000     6.9084   1302.20   0.0     31.83   0.8  11.07.2025  10:47:00
  6   7  10  11  $12    1.000    14.3985   2714.05   0.0     24.15   0.0  11.07.2025  10:47:02
  7   8  11  12  $12    0.100     3.8004   7163.59   0.0     -6.36   2.4  11.07.2025  10:47:07
  5   6  13  14  $12    1.000    -0.8213   1300.36   2.3   1370.38   5.9  11.07.2025  10:47:29
  6   7  14  15  $12    1.000    -1.7075   2703.62   0.6   -549.23   0.4  11.07.2025  10:47:34
  7   8  15  16  $12    1.000     4.1485   6568.66   0.0    -75.35   0.3  11.07.2025  10:47:36
  9  10  13  14  $12    1.000     2.1285    401.22   0.0    -47.63   0.5  11.07.2025  10:47:38
 10  11  14  15  $12    1.000    -4.1246    777.46   0.0     -4.79   6.1  11.07.2025  10:47:40
 11  12  15  16  $12    1.000     2.2349    421.27   0.0     36.59   0.8  11.07.2025  10:47:42
  1   2   6   7  $12    1.000     1.9670    741.55   0.6   -714.24   0.5  11.07.2025  10:47:48
  2   3   7   8  $12    0.100     2.3019   8677.97   0.0     36.70   0.7  11.07.2025  10:47:52
  1   2   7   8  $12    1.000    -1.9699   1299.58   0.1    517.02   0.2  11.07.2025  10:47:59
  2   3   7   8  $12    1.000    23.0719   8697.91   0.0     31.30   0.2  11.07.2025  10:48:01
  1   2  10  11  $12    1.000    -7.2699  16444.04   0.0     49.40   0.1  11.07.2025  10:48:03
  2   3  11  12  $12    1.000    -3.5220   7966.55   0.1      9.38  27.8  11.07.2025  10:48:05
  1   2  11  12  $12    1.000    -9.9873  31062.17   0.0    -11.00   1.2  11.07.2025  10:48:07
  2   3  11  12  $12    1.000    -3.6156   8178.41   0.0      3.44   4.0  11.07.2025  10:48:09
  1   2  14  15  $12    1.000   -12.6382  86713.92   0.0     56.59   0.0  11.07.2025  10:48:11
  2   3  15  16  $12    0.100    11.3216 776805.18   0.0     -4.58   1.6  11.07.2025  10:48:17
  1   2  15  16  $12    0.100     5.5964 479975.23   0.0     11.57   0.6  11.07.2025  10:48:19
  2   3  15  16  $12    0.100    11.3494 778706.86   0.0     -4.40   1.2  11.07.2025  10:48:21
  5   6  10  11  $12    1.000    14.1536   5335.78   0.0    -26.89   0.1  11.07.2025  10:48:24
  6   7  11  12  $12    1.000    14.9697   5643.45   0.0    -13.39   0.6  11.07.2025  10:48:26
  5   6  11  12  $12    1.000    13.0456   8606.61   0.0      6.21   0.5  11.07.2025  10:48:28
  6   7  11  12  $12    1.000    14.8659   5604.32   0.0    -14.30   0.2  11.07.2025  10:48:30
  5   6  14  15  $12    1.000     2.4008   5430.51   0.0   -543.92   0.0  11.07.2025  10:48:33
  6   7  15  16  $12    1.000     2.7669   6258.65   0.1   -242.88   0.0  11.07.2025  10:48:35
  5   6  15  16  $12    1.000    -1.5526   4828.82   0.0   -683.26   0.0  11.07.2025  10:48:40
  6   7  15  16  $12    1.000     3.0259   6844.48   0.2   -250.90   0.1  11.07.2025  10:48:42
  9  10  14  15  $12   10.000   -14.7253    555.13   0.1    -17.36  36.9  11.07.2025  10:48:46
 10  11  15  16  $12    1.000    -0.6737    253.98   0.0     73.17   0.3  11.07.2025  10:48:51
  9  10  15  16  $12   10.000   -15.5030   1022.78   0.3   -143.51   3.5  11.07.2025  10:48:55
 10  11  15  16  $12    1.000    -0.6688    252.14   0.0     33.74   1.9  11.07.2025  10:49:00
