//C:\Users\user\Desktop\GeoTom\GeoTomE724.ini
//- Cable direction:
//  cable I: normal
//  cable II: normal
//  cable III: normal
//  cable IV: normal
//- Cable arrangement: sequential
//- Optimization: Last measurement
//- Sorting: Multi-level
//- Current levels: 0.001 mA .. 50.0 mA
Type:         Flow
Name:         Hyprop
Comment:      Example of a measurements sequence
Comment:      
Comment:      
Spacing:      1.00000
First El:     0.00000
Nr of points: 289
IP present:   1

  1   5   2   6  $12    0.001     7.0550  30223.48   0.0      7.26   2.1  12.07.2025  13:35:08
  1   5   3   7  $12    0.001     3.0847  58146.02   0.0      6.13   3.1  12.07.2025  13:35:11
  1   5   4   8  $12    0.001     2.0819  27470.05   0.0      6.14   3.6  12.07.2025  13:35:13
  1   5  14   2  $12    0.001    -3.4821  31217.40   0.0      9.20  51.1  12.07.2025  13:35:15
  1   5  15   3  $12    0.100    -7.1818  15793.64   0.0     84.61   0.5  12.07.2025  13:35:20
  1   5  16   4  $12    0.100     9.2766    907.29   0.0    -11.77   0.3  12.07.2025  13:35:22
  1   5  13   9  $12    0.001     2.5412 191605.73   0.0      6.42   1.0  12.07.2025  13:35:30
  1   5  14  10  $12    0.001     2.3243 266985.22   0.0      7.29   9.5  12.07.2025  13:35:32
  1   5  15  11  $12    0.001     2.2598 372718.78   0.0      4.22   6.7  12.07.2025  13:35:34
  1   5  16  12  $12    0.010    18.3229 415532.94   0.0      2.54   1.0  12.07.2025  13:35:38
  1   5  10   6  $12    0.010    11.8096  10434.67   0.0      1.25  14.1  12.07.2025  13:35:40
  1   5  11   7  $12    0.010     7.5772  17853.24   0.0      0.87  60.4  12.07.2025  13:35:42
  1   5  12   8  $12    0.010     3.2096  14557.78   0.0     11.36   3.2  12.07.2025  13:35:44
  2   6   1   5  $12    0.001     7.0805  30332.83   0.0      3.18   2.6  12.07.2025  13:35:49
  2   6   3   7  $12    0.001     4.4296  18976.31   0.0     -0.70 176.2  12.07.2025  13:35:51
  2   6   4   8  $12    0.001     2.2884  43135.66   0.0      2.45  22.2  12.07.2025  13:35:53
  2   6  13   1  $12    0.001    -3.6714  27076.77   0.0      5.86  23.7  12.07.2025  13:35:55
  2   6  15   3  $12    0.010    -6.2756   5626.06   0.0     -1.25  11.5  12.07.2025  13:35:59
  2   6  16   4  $12    0.100   -14.2375  31309.83   0.0      4.47   1.1  12.07.2025  13:36:02
  2   6  13   9  $12    0.010    22.5299 102188.40   0.0      1.49   1.0  12.07.2025  13:36:07
  2   6  14  10  $12    0.010    20.3781 153647.15   0.0      2.37  16.1  12.07.2025  13:36:09
  2   6  15  11  $12    0.010    20.1811 231809.71   0.0      2.14   3.5  12.07.2025  13:36:11
  2   6  16  12  $12    0.010    17.1227 282410.66   0.0      1.93   4.6  12.07.2025  13:36:14
  2   6   9   5  $12    0.010    11.4029  15045.72   0.0      3.08   3.2  12.07.2025  13:36:16
  2   6  11   7  $12    0.010    17.3159  15299.88   0.0      1.75   5.8  12.07.2025  13:36:18
  2   6  12   8  $12    0.010     4.1604   9802.71   0.0     -1.14  19.6  12.07.2025  13:36:20
  3   7   1   5  $12    0.001     3.0899  58242.61   0.0      1.85  16.0  12.07.2025  13:36:25
  3   7   2   6  $12    0.001     4.3995  18847.56   0.1     -1.97  46.2  12.07.2025  13:36:27
  3   7   4   8  $12    0.001     3.9422  16888.39   0.0      8.32   3.8  12.07.2025  13:36:29
  3   7  13   1  $12    0.010    -4.6411   7290.24   0.0      9.74   6.2  12.07.2025  13:36:33
  3   7  14   2  $12    0.010    -8.5934   6337.67   0.1      1.38 111.8  12.07.2025  13:36:35
  3   7  16   4  $12    0.010   -15.9852  14330.75   0.0      5.91   6.6  12.07.2025  13:36:37
  3   7  13   9  $12    0.010    19.5130  45976.37   0.0      3.54   1.4  12.07.2025  13:36:39
  3   7  14  10  $12    0.010    18.4423  83648.41   0.0      4.70   2.2  12.07.2025  13:36:41
  3   7  15  11  $12    0.010    18.0193 135862.19   0.0      3.23   0.2  12.07.2025  13:36:43
  3   7  16  12  $12    0.010    16.9809 195049.97   0.0      2.16   7.0  12.07.2025  13:36:45
  3   7   9   5  $12    0.010     6.3640  11995.80   0.0      5.00   6.9  12.07.2025  13:36:47
  3   7  10   6  $12    0.010    16.5972  21899.55   0.0      2.74  10.1  12.07.2025  13:36:49
  3   7  12   8  $12    0.010     6.1958   5474.44   0.1     12.99  14.0  12.07.2025  13:36:51
  4   8   1   5  $12    0.010    20.5860  27162.60   0.0      4.50   4.2  12.07.2025  13:36:53
  4   8   2   6  $12    0.010    22.6536  42700.94   0.0      2.54  13.3  12.07.2025  13:36:55
  4   8   3   7  $12    0.001     3.9678  16997.92   0.0      2.16   5.2  12.07.2025  13:37:00
  4   8  13   1  $12    0.100   -16.8914   3799.03   0.0     16.51   0.1  12.07.2025  13:37:05
  4   8  14   2  $12    0.010    -3.1106   4886.06   0.0     14.97   0.6  12.07.2025  13:37:10
  4   8  15   3  $12    0.010   -16.6790  12300.90   0.0      5.39   7.8  12.07.2025  13:37:12
  4   8  13   9  $12    0.010    17.8543  15775.60   0.0      1.48  15.2  12.07.2025  13:37:14
  4   8  14  10  $12    0.010    17.1983  40522.62   0.0      1.52   3.5  12.07.2025  13:37:16
  4   8  15  11  $12    0.010    17.1382  77733.46   0.0      1.44   1.4  12.07.2025  13:37:18
  4   8  16  12  $12    0.010    17.1786 129523.45   0.0     -0.20  18.9  12.07.2025  13:37:21
  4   8   9   5  $12    0.100    10.0789    431.78   0.0      6.12   0.2  12.07.2025  13:37:24
  4   8  10   6  $12    0.100    22.6799   4275.05   0.0     -1.49   1.2  12.07.2025  13:37:26
  4   8  11   7  $12    0.010     5.1688   6820.06   0.0      8.81   2.0  12.07.2025  13:37:31
  5   9   6  10  $12    0.001     3.0066  12880.39   0.0     -0.05 363.1  12.07.2025  13:37:36
  5   9   7  11  $12    0.010    15.3984  29025.25   0.0      0.81   9.1  12.07.2025  13:37:40
  5   9   8  12  $12    0.010     5.4007   7126.07   0.0      1.04   6.1  12.07.2025  13:37:42
  5   9   2   6  $12    0.010   -11.3362  14957.77   0.0      6.37   1.8  12.07.2025  13:37:44
  5   9   3   7  $12    0.010    -6.3412  11952.80   0.0      6.11   5.0  12.07.2025  13:37:46
  5   9   4   8  $12    0.100   -10.1264    433.82   0.0     10.28   0.2  12.07.2025  13:37:50
  5   9   1  13  $12    0.100    10.6651   2680.42   0.0     -2.32   8.4  12.07.2025  13:37:52
  5   9   2  14  $12    0.100    13.7685   3096.68   0.0     -1.65  29.7  12.07.2025  13:37:54
  5   9   3  15  $12    0.100    11.8422   1860.17   0.0     -0.96  50.0  12.07.2025  13:37:56
  5   9   4  16  $12    0.100    10.8312    798.81   0.0      2.62   1.1  12.07.2025  13:37:58
  5   9  14  10  $12    0.010    16.8896  14923.24   0.0      2.53   3.8  12.07.2025  13:38:03
  5   9  15  11  $12    0.010     7.8569  18512.39   0.0     -0.71  27.5  12.07.2025  13:38:05
  5   9  16  12  $12    0.010     3.2986  14961.44   0.0     -2.76  12.3  12.07.2025  13:38:07
  6  10   5   9  $12    0.001     2.9822  12775.61   0.0      2.32   5.8  12.07.2025  13:38:12
  6  10   7  11  $12    0.001     2.9460  12620.60   0.0     -1.30  44.9  12.07.2025  13:38:14
  6  10   8  12  $12    0.010     7.8217  14743.49   0.0      0.88   7.2  12.07.2025  13:38:18
  6  10   1   5  $12    0.010   -11.9778  10583.22   0.0     -0.84  62.2  12.07.2025  13:38:20
  6  10   3   7  $12    0.010   -16.5512  21838.86   0.0     -0.38 188.5  12.07.2025  13:38:22
  6  10   4   8  $12    0.010    -2.3007   4336.72   0.0      9.98   9.4  12.07.2025  13:38:24
  6  10   1  13  $12    0.100    10.2982   2316.17   0.0     42.24   0.5  12.07.2025  13:38:27
  6  10   2  14  $12    0.100    12.2389   3075.98   0.1     84.07   0.3  12.07.2025  13:38:29
  6  10   3  15  $12    0.100    12.8422   2888.33   0.0     47.29   0.2  12.07.2025  13:38:31
  6  10   4  16  $12    0.100    13.4827   2117.85   0.0      5.96   1.9  12.07.2025  13:38:34
  6  10  13   9  $12    0.010    16.6051  21909.94   0.0      2.26   3.0  12.07.2025  13:38:39
  6  10  15  11  $12    0.010    11.3290  10010.04   0.0     -3.29   8.5  12.07.2025  13:38:41
  6  10  16  12  $12    0.010     4.1705   9826.61   0.0     -2.84  19.2  12.07.2025  13:38:43
  7  11   5   9  $12    0.010    15.3489  28931.90   0.0      4.41   9.5  12.07.2025  13:38:45
  7  11   6  10  $12    0.001     2.9660  12706.34   0.0     -1.01  41.3  12.07.2025  13:38:50
  7  11   8  12  $12    0.010    14.2111   6088.04   0.0     11.36   1.2  12.07.2025  13:38:53
  7  11   1   5  $12    0.010    -7.5179  17713.67   0.0      3.96  13.7  12.07.2025  13:38:55
  7  11   2   6  $12    0.010   -17.2763  15264.89   0.0      4.87   5.5  12.07.2025  13:38:57
  7  11   4   8  $12    0.010    -5.2684   6951.47   0.0     25.57   6.2  12.07.2025  13:38:59
  7  11   1  13  $12    0.100    14.8482   2332.34   0.0     12.07   0.3  12.07.2025  13:39:03
  7  11   2  14  $12    0.100    19.2023   4318.78   0.0     21.16   1.4  12.07.2025  13:39:05
  7  11   3  15  $12    0.100    19.3848   4871.92   0.0     13.81   0.7  12.07.2025  13:39:07
  7  11   4  16  $12    0.100    19.0224   4278.32   0.0      6.71   3.5  12.07.2025  13:39:09
  7  11  13   9  $12    0.010     6.3404  11951.34   0.0     -0.47  21.4  12.07.2025  13:39:14
  7  11  14  10  $12    0.010    10.0008  13195.78   0.1      1.29  38.1  12.07.2025  13:39:16
  7  11  16  12  $12    0.010     7.1136   6285.39   0.0     12.87   6.4  12.07.2025  13:39:18
  8  12   5   9  $12    0.010     5.3550   7065.76   0.1     -1.26 102.1  12.07.2025  13:39:20
  8  12   6  10  $12    0.010     7.8101  14721.66   0.0      1.63  35.1  12.07.2025  13:39:22
  8  12   7  11  $12    0.010    14.1646   6068.11   0.0      9.36   1.1  12.07.2025  13:39:24
  8  12   1   5  $12    0.010    -3.1846  14444.24   0.2     17.53  15.4  12.07.2025  13:39:26
  8  12   2   6  $12    0.010    -4.0565   9557.93   0.0     15.86   2.8  12.07.2025  13:39:29
  8  12   3   7  $12    0.010    -6.0700   5363.28   0.0     19.05   0.8  12.07.2025  13:39:31
  8  12   1  13  $12    0.100    18.7613   1383.66   0.0     -8.31   0.4  12.07.2025  13:39:34
  8  12   2  14  $12    0.010     2.6265   4125.74   0.2    -10.13  15.8  12.07.2025  13:39:39
  8  12   3  15  $12    0.010     2.7471   6178.43   0.1     -6.31  28.0  12.07.2025  13:39:41
  8  12  16   4  $12    0.010    -2.6777   6729.91   0.5     23.87  12.8  12.07.2025  13:39:43
  8  12   9  13  $12    0.100    -2.9337    125.68   0.0      5.89   3.5  12.07.2025  13:39:47
  8  12  10  14  $12    0.100   -10.4594   1971.56   0.0     28.42   0.8  12.07.2025  13:39:49
  8  12  11  15  $12    0.010    -5.2148   6880.81   0.0     17.25   0.5  12.07.2025  13:39:54
  9  13  10  14  $12    0.001     5.0054  21443.21   0.0      1.12  29.2  12.07.2025  13:39:59
  9  13  11  15  $12    0.001     4.1963  79098.97   0.0     -2.05  41.4  12.07.2025  13:40:01
  9  13  12  16  $12    0.001     2.6595  35090.90   0.0     -1.27  19.5  12.07.2025  13:40:03
  9  13   6  10  $12    0.010   -16.5843  21882.45   0.0      4.88   0.4  12.07.2025  13:40:07
  9  13   7  11  $12    0.010    -6.2721  11822.60   0.0      1.99  17.0  12.07.2025  13:40:09
  9  13   8  12  $12    0.100    -3.1502    134.95   0.0    -11.01   0.9  12.07.2025  13:40:13
  9  13   5   1  $12    0.001     2.5643 193345.49   0.0      0.29 111.7  12.07.2025  13:40:20
  9  13   6   2  $12    0.001     2.2972 104193.00   0.3      1.57  84.1  12.07.2025  13:40:22
  9  13   7   3  $12    0.010    19.5982  46177.28   0.0      2.81   1.2  12.07.2025  13:40:26
  9  13   8   4  $12    0.010    17.8774  15796.00   0.0      2.70   5.2  12.07.2025  13:40:28
  9  13   2  14  $12    0.010    10.2160   7534.36   0.0      2.05  92.7  12.07.2025  13:40:30
  9  13   3  15  $12    0.010    15.5948  24496.30   0.0     12.37   2.0  12.07.2025  13:40:32
  9  13   4  16  $12    0.010     8.0101  18015.43   0.0      5.51   6.0  12.07.2025  13:40:34
 10  14   9  13  $12    0.001     4.9767  21320.11   0.0      5.89   0.4  12.07.2025  13:40:39
 10  14  11  15  $12    0.001     4.7466  20334.31   0.0      6.12   7.2  12.07.2025  13:40:41
 10  14  12  16  $12    0.001     3.1344  59082.07   0.0      9.53   0.4  12.07.2025  13:40:43
 10  14   5   9  $12    0.010   -16.7431  14793.77   0.0      6.56   0.4  12.07.2025  13:40:47
 10  14   7  11  $12    0.010   -10.0124  13211.03   0.0     -0.73  45.3  12.07.2025  13:40:49
 10  14   8  12  $12    0.100   -10.8892   2052.57   0.0     30.33   0.3  12.07.2025  13:40:53
 10  14   5   1  $12    0.010    22.9501 263615.52   0.0      2.45   0.7  12.07.2025  13:40:58
 10  14   6   2  $12    0.010    20.4284 154026.86   0.0      4.99   3.6  12.07.2025  13:41:00
 10  14   7   3  $12    0.010    18.4388  83632.35   0.0      4.86   2.5  12.07.2025  13:41:02
 10  14   8   4  $12    0.010    17.1719  40460.25   0.0      2.45   2.6  12.07.2025  13:41:04
 10  14   1  13  $12    0.010     9.6350   8637.82   0.0      1.53  19.0  12.07.2025  13:41:06
 10  14   3  15  $12    0.010    18.5225  13660.46   0.0      5.48   2.2  12.07.2025  13:41:08
 10  14   4  16  $12    0.010    12.7333  20001.40   0.0     17.87   0.2  12.07.2025  13:41:10
 11  15   9  13  $12    0.001     4.1838  78861.94   0.0      5.11   2.6  12.07.2025  13:41:15
 11  15  10  14  $12    0.001     4.7480  20340.55   0.0      3.54   7.9  12.07.2025  13:41:17
 11  15  12  16  $12    0.001     3.1549  13515.59   0.0      6.99   8.9  12.07.2025  13:41:19
 11  15   5   9  $12    0.010    -7.8098  18401.43   0.0      4.67   1.4  12.07.2025  13:41:23
 11  15   6  10  $12    0.010   -11.2497   9939.93   0.0      1.04  20.2  12.07.2025  13:41:25
 11  15   8  12  $12    0.010    -5.2489   6925.79   0.0     14.17   3.1  12.07.2025  13:41:27
 11  15   5   1  $12    0.010    22.3626 368834.25   0.0      1.97  11.9  12.07.2025  13:41:29
 11  15   6   2  $12    0.010    20.2574 232685.60   0.0      4.02   1.6  12.07.2025  13:41:31
 11  15   7   3  $12    0.010    18.0607 136174.19   0.0      1.99   2.8  12.07.2025  13:41:33
 11  15   8   4  $12    0.010    17.1408  77745.16   0.0      2.18   2.6  12.07.2025  13:41:35
 11  15   1  13  $12    0.010    11.1081 244278.95   0.0     10.20   1.3  12.07.2025  13:41:37
 11  15   2  14  $12    0.010    15.6946  14070.28   0.0     -1.55  21.6  12.07.2025  13:41:39
 11  15   4  16  $12    0.010     8.8172   6502.79   0.0      5.28   2.8  12.07.2025  13:41:41
 12  16   9  13  $12    0.001     2.6493  34956.51   0.0      2.04   7.3  12.07.2025  13:41:46
 12  16  10  14  $12    0.001     3.1425  59234.16   0.3     -1.48 177.2  12.07.2025  13:41:48
 12  16  11  15  $12    0.001     3.1632  13551.15   0.0      0.73  33.4  12.07.2025  13:41:50
 12  16   5   9  $12    0.010    -3.2387  14689.91   0.0      8.87   1.3  12.07.2025  13:41:54
 12  16   6  10  $12    0.010    -4.1060   9674.49   0.0      4.94  11.4  12.07.2025  13:41:56
 12  16   7  11  $12    0.010    -6.9771   6164.82   0.0     10.60   2.5  12.07.2025  13:41:58
 12  16   5   1  $12    0.010    18.3826 416888.21   0.0      3.51  15.7  12.07.2025  13:42:00
 12  16   6   2  $12    0.010    17.2094 283840.14   0.0      2.63   1.7  12.07.2025  13:42:02
 12  16   7   3  $12    0.010    17.0521 195867.72   0.0      2.73   1.0  12.07.2025  13:42:04
 12  16   8   4  $12    0.010    17.2189 129827.47   0.0      1.48   7.1  12.07.2025  13:42:06
 12  16  13   1  $12    0.010    -4.4359   4338.51   0.0     10.22   7.6  12.07.2025  13:42:08
 12  16  14   2  $12    0.010    -9.4362 207512.43   0.0     15.68   8.3  12.07.2025  13:42:10
 12  16  15   3  $12    0.010    -6.9721   6250.48   0.0     10.32   3.7  12.07.2025  13:42:12
 13   1  14   2  $12    0.001     4.7914  16431.38   0.0     -2.19  28.9  12.07.2025  13:42:17
 13   1  15   3  $12    0.010    17.4328  13219.53   0.0     11.75   0.6  12.07.2025  13:42:21
 13   1  16   4  $12    0.010     8.1115  10424.86   0.0      7.37  11.1  12.07.2025  13:42:23
 13   1  10  14  $12    0.010    -9.5982   8604.85   0.0      2.74  22.4  12.07.2025  13:42:25
 13   1  11  15  $12    0.010   -11.1525 245256.71   0.0     20.93   0.9  12.07.2025  13:42:27
 13   1  12  16  $12    0.010    -4.4594   4361.50   0.0     15.42   2.2  12.07.2025  13:42:29
 13   1   9   5  $12    0.100    10.7825   2709.94   0.0     -6.43   0.5  12.07.2025  13:42:33
 13   1  10   6  $12    0.100    10.5454   2371.75   0.0     42.95   0.3  12.07.2025  13:42:35
 13   1  11   7  $12    0.100    14.9178   2343.28   0.0     13.69   0.9  12.07.2025  13:42:37
 13   1  12   8  $12    0.100    18.7653   1383.96   0.0     -4.97   1.4  12.07.2025  13:42:39
 13   1   6   2  $12    0.001     3.7113  27371.44   0.0     -2.99  15.0  12.07.2025  13:42:47
 13   1   7   3  $12    0.010     4.7565   7471.43   0.0     -2.28  16.0  12.07.2025  13:42:50
 13   1   8   4  $12    0.100    17.0976   3845.42   0.0      9.63   0.0  12.07.2025  13:42:54
 14   2  13   1  $12    0.001     4.7638  16336.94   0.0      9.67   7.1  12.07.2025  13:43:02
 14   2  15   3  $12    0.001     2.6439   9066.95   0.1     -1.02 216.0  12.07.2025  13:43:04
 14   2  16   4  $12    0.010    15.4326  11702.81   0.0     15.63   0.0  12.07.2025  13:43:08
 14   2   9  13  $12    0.010   -10.2428   7554.14   0.0      4.21   3.3  12.07.2025  13:43:10
 14   2  11  15  $12    0.010   -15.4996  13895.41   0.0      3.91   5.3  12.07.2025  13:43:12
 14   2  12  16  $12    0.010    -9.6083 211297.18   0.0     24.54   0.4  12.07.2025  13:43:14
 14   2   9   5  $12    0.100    13.9701   3142.01   0.0    -15.16   0.6  12.07.2025  13:43:18
 14   2  10   6  $12    0.100    12.4988   3141.30   0.0     91.43   0.7  12.07.2025  13:43:20
 14   2  11   7  $12    0.100    19.2824   4336.80   0.0     23.08   1.1  12.07.2025  13:43:22
 14   2  12   8  $12    0.010     2.6329   4135.83   0.0    -12.28   2.6  12.07.2025  13:43:27
 14   2   5   1  $12    0.001     3.6083  32348.18   0.0     13.44   2.0  12.07.2025  13:43:32
 14   2   7   3  $12    0.010     8.7620   6462.03   0.0      0.73  16.9  12.07.2025  13:43:35
 14   2   8   4  $12    0.010     3.1910   5012.46   0.0      9.35   3.5  12.07.2025  13:43:37
 15   3  13   1  $12    0.010    17.2929  13113.48   0.0     11.66   0.8  12.07.2025  13:43:39
 15   3  14   2  $12    0.001     2.6422   9061.02   0.1      8.02  23.8  12.07.2025  13:43:44
 15   3  16   4  $12    0.001     2.7114   9298.23   0.3      0.03 -879.8  12.07.2025  13:43:46
 15   3   9  13  $12    0.010   -15.3469  24106.86   0.0     14.19   0.2  12.07.2025  13:43:50
 15   3  10  14  $12    0.010   -18.5746  13698.93   0.0      7.24   6.6  12.07.2025  13:43:52
 15   3  12  16  $12    0.010    -7.0561   6325.82   0.0     17.95   0.6  12.07.2025  13:43:54
 15   3   9   5  $12    0.100    11.8753   1865.37   0.0     -5.25   0.5  12.07.2025  13:43:58
 15   3  10   6  $12    0.100    12.8480   2889.63   0.0     55.71   1.2  12.07.2025  13:44:00
 15   3  11   7  $12    0.100    19.2896   4848.01   0.0     17.95   0.3  12.07.2025  13:44:02
 15   3  12   8  $12    0.010     2.7605   6208.74   0.0     -4.29   1.3  12.07.2025  13:44:07
 15   3   5   1  $12    0.100     6.7240  14786.94   0.0     57.96   1.3  12.07.2025  13:44:11
 15   3   6   2  $12    0.010     6.2702   5621.29   0.0     -5.44   2.5  12.07.2025  13:44:16
 15   3   8   4  $12    0.010    16.8589  12433.60   0.0      6.54   1.3  12.07.2025  13:44:18
 16   4  13   1  $12    0.010     8.0975  10406.84   0.0      2.47  10.4  12.07.2025  13:44:20
 16   4  14   2  $12    0.010    15.3551  11644.01   0.0      6.48   7.9  12.07.2025  13:44:22
 16   4  15   3  $12    0.001     2.6982   9253.10   0.0      2.26  16.3  12.07.2025  13:44:27
 16   4   9  13  $12    0.010    -7.8984  17764.18   0.0      7.23   4.7  12.07.2025  13:44:30
 16   4  10  14  $12    0.010   -12.5204  19666.98   0.0     11.46   1.1  12.07.2025  13:44:32
 16   4  11  15  $12    0.010    -8.6393   6371.57   0.0      7.89   2.8  12.07.2025  13:44:34
 16   4   9   5  $12    0.100    10.7655    793.97   0.0      0.67  17.8  12.07.2025  13:44:38
 16   4  10   6  $12    0.100    13.4816   2117.69   0.0     -0.87  21.6  12.07.2025  13:44:40
 16   4  11   7  $12    0.100    18.9417   4260.16   0.0      3.56   2.1  12.07.2025  13:44:42
 16   4  12   8  $12    0.010     2.7125   6817.32   0.0      0.24  95.0  12.07.2025  13:44:47
 16   4   5   1  $12    0.100    -9.3772    917.13   0.0     14.02   0.5  12.07.2025  13:44:51
 16   4   6   2  $12    0.100    13.5193  29730.44   0.0      2.35  32.4  12.07.2025  13:44:53
 16   4   7   3  $12    0.010    15.9357  14286.36   0.0      4.29   0.5  12.07.2025  13:44:58
  1   4   2   3  $12    0.001     4.9041  30813.16   0.0      6.92   4.6  12.07.2025  13:45:03
  2   3   1   4  $12    0.001     4.9323  30990.47   0.0     -1.22 129.5  12.07.2025  13:45:05
  1   2   3   4  $12    0.010    -2.2817   4300.94   0.0     15.78   3.1  12.07.2025  13:45:09
  3   4   1   2  $12    0.010    -2.2588   4257.75   0.1      1.02 119.9  12.07.2025  13:45:11
  5   8   6   7  $12    0.010     8.2813   5203.32   0.0      7.36   0.7  12.07.2025  13:45:13
  6   7   5   8  $12    0.010     8.3144   5224.08   0.0      9.41   1.1  12.07.2025  13:45:15
  5   6   7   8  $12    0.010    -8.3294  15700.51   0.0      9.70   1.5  12.07.2025  13:45:17
  7   8   5   6  $12    0.010    -8.3212  15685.18   0.0     10.95   1.4  12.07.2025  13:45:19
  9  12  10  11  $12    0.010    13.8257   8686.97   0.0      8.80   2.4  12.07.2025  13:45:21
 10  11   9  12  $12    0.010    13.7102   8614.39   0.0      5.35   1.1  12.07.2025  13:45:23
  9  10  11  12  $12    0.010    -2.4284   4577.43   0.0     -4.24   6.7  12.07.2025  13:45:25
 11  12   9  10  $12    0.010    -2.3604   4449.32   0.0     -4.19  28.7  12.07.2025  13:45:27
 13  16  14  15  $12    0.010    -5.5491   3486.61   0.0     42.41   0.8  12.07.2025  13:45:29
 14  15  13  16  $12    0.010    -5.6799   3568.79   0.0     27.06   1.4  12.07.2025  13:45:31
 13  14  15  16  $12    0.100    14.8416   2797.58   0.0    158.77   0.0  12.07.2025  13:45:35
  1   9  10   2  $12    0.001    -7.7096  27743.33   0.0     10.71   1.2  12.07.2025  13:45:43
  1   9  11   3  $12    0.001    -3.1987  27406.39   0.0     12.26   2.4  12.07.2025  13:45:45
  1   9  12   4  $12    0.001    -2.1614  36141.14   0.0     18.10   1.2  12.07.2025  13:45:47
  2  10   9   1  $12    0.001    -7.6744  27616.78   0.0      9.65   4.6  12.07.2025  13:45:49
  2  10  11   3  $12    0.001    -3.9108  14073.04   0.0      9.51  10.7  12.07.2025  13:45:51
  2  10  12   4  $12    0.001    -2.3888  20467.32   0.0     15.11   0.5  12.07.2025  13:45:53
  3  11   9   1  $12    0.001    -3.2106  27508.56   0.0     12.48   8.3  12.07.2025  13:45:55
  3  11  10   2  $12    0.001    -3.9275  14133.42   0.0      9.54   8.3  12.07.2025  13:45:57
  3  11  12   4  $12    0.001    -4.1964  15101.01   0.0     13.02   2.6  12.07.2025  13:45:59
 12   4   9   1  $12    0.001     2.2031  36839.22   0.0      0.85 200.4  12.07.2025  13:46:01
 12   4  10   2  $12    0.001     2.4468  20964.26   0.2     -1.09 570.4  12.07.2025  13:46:03
 12   4  11   3  $12    0.001     4.2469  15282.81   0.0      2.02   9.9  12.07.2025  13:46:05
 13   5  14   6  $12    0.001     4.6436  16710.41   0.0     -1.29 203.6  12.07.2025  13:46:07
 13   5  15   7  $12    0.001     4.3213  37024.64   0.0      0.90  55.8  12.07.2025  13:46:09
 13   5  16   8  $12    0.001     2.8310  47338.73   0.1      7.80   8.0  12.07.2025  13:46:11
 14   6  13   5  $12    0.001     4.6248  16642.72   0.1     -1.68  24.9  12.07.2025  13:46:13
 14   6  15   7  $12    0.001     5.5534  19984.29   0.0      2.66  13.7  12.07.2025  13:46:16
 14   6  16   8  $12    0.001     3.3887  29034.22   0.0      1.52  14.8  12.07.2025  13:46:18
 15   7  13   5  $12    0.001     4.2816  36684.90   0.0     13.93   1.8  12.07.2025  13:46:20
 15   7  14   6  $12    0.001     5.5447  19952.81   0.1      6.72  26.4  12.07.2025  13:46:22
 15   7  16   8  $12    0.001     3.3208  11950.14   0.2     20.19   5.2  12.07.2025  13:46:24
 16   8  13   5  $12    0.001     2.8432  47542.86   0.0     -0.77  29.4  12.07.2025  13:46:26
 16   8  14   6  $12    0.001     3.3652  28832.75   0.1     12.10  25.6  12.07.2025  13:46:28
 16   8  15   7  $12    0.001     3.3356  12003.42   0.0      3.46  20.5  12.07.2025  13:46:30
  1   2   5   6  $12    0.100    -3.5136   6622.95   0.1   -259.30   0.8  12.07.2025  13:46:35
  2   3   6   7  $12    0.100    -1.6754   3158.13   0.2   -474.63   0.4  12.07.2025  13:46:41
  3   4   7   8  $12    1.000    16.9623   3197.32   0.7   -811.87   0.3  12.07.2025  13:46:45
  1   2   9  10  $12    0.100    -2.0572  32573.33   0.3   -106.59   0.5  12.07.2025  13:46:50
  2   3  10  11  $12    0.100    -1.9316  30584.81   0.3   -167.00   1.4  12.07.2025  13:46:56
  3   4  11  12  $12    1.000     2.1724   3439.78   0.1     55.60   2.1  12.07.2025  13:46:59
  1   2  13  14  $12    0.100     3.7134 200185.88   0.0      1.44   9.5  12.07.2025  13:47:05
  2   3  14  15  $12    0.100    -3.0327 163491.15   0.0    -84.30   0.4  12.07.2025  13:47:07
  3   4  15  16  $12    0.100     5.0122 270203.96   0.0    -32.92   1.1  12.07.2025  13:47:09
  5   6   9  10  $12    0.100    -5.1491   9705.83   0.1   -295.78   0.3  12.07.2025  13:47:11
  6   7  10  11  $12    0.100    -2.3732   4473.34   0.1   -415.07   0.3  12.07.2025  13:47:13
  7   8  11  12  $12    0.100     6.7193  12665.59   0.0    -16.10   0.6  12.07.2025  13:47:15
  5   6  13  14  $12    0.100     0.2391   3786.56   0.3     41.50  25.8  12.07.2025  13:47:20
  6   7  14  15  $12    0.100    -0.8696  13768.62   0.0   -819.90   0.2  12.07.2025  13:47:25
  7   8  15  16  $12    1.000     5.1506   8155.22   0.3     92.15   7.3  12.07.2025  13:47:29
  9  10  13  14  $12    1.000     8.2646   1557.85   0.7    542.04   0.1  12.07.2025  13:47:31
 10  11  14  15  $12    1.000   -10.7900   2033.87   0.9   -117.06   2.8  12.07.2025  13:47:33
 11  12  15  16  $12    1.000     1.0294    194.04   0.3    204.56   0.2  12.07.2025  13:47:39
  1   2   6   7  $12    0.100     3.3506  12631.30   0.0   -257.50   1.8  12.07.2025  13:47:44
  2   3   7   8  $12    0.100     1.9199   7237.97   0.7    183.07   1.5  12.07.2025  13:47:49
  1   2   7   8  $12    0.100     0.7503   4950.27   0.2   -480.81   0.1  12.07.2025  13:47:55
  2   3   7   8  $12    0.100     1.8970   7151.70   0.0    172.58   0.9  12.07.2025  13:48:00
  1   2  10  11  $12    0.100     1.2848  29061.32   0.6   -421.04   5.4  12.07.2025  13:48:05
  2   3  11  12  $12    0.100    -0.2109   4769.88   0.3    252.96   0.3  12.07.2025  13:48:19
  1   2  11  12  $12    0.100    -1.1045  34351.73   0.0    -21.07   3.5  12.07.2025  13:48:24
  2   3  11  12  $12    0.100    -0.2181   4934.37   0.2    258.29   1.0  12.07.2025  13:48:30
  1   2  14  15  $12    0.100    -0.8931  61278.86   0.2    395.30   0.5  12.07.2025  13:48:35
  2   3  15  16  $12    0.100    17.9885 1234231.41   0.0    -16.40   0.4  12.07.2025  13:48:37
  1   2  15  16  $12    0.100     5.8264 499703.87   0.0     25.69   0.6  12.07.2025  13:48:39
  2   3  15  16  $12    0.100    17.9928 1234526.19   0.0    -17.69   0.0  12.07.2025  13:48:41
  5   6  10  11  $12    0.100   -11.6308  43847.17   0.1  -1823.77   0.0  12.07.2025  13:48:43
  6   7  11  12  $12    0.100     2.9772  11223.85   0.8    -18.25  37.0  12.07.2025  13:48:45
  5   6  11  12  $12    0.100     3.1637  20871.81   0.0   -556.64   0.1  12.07.2025  13:48:47
  6   7  11  12  $12    0.100     2.9206  11010.57   0.0    -43.02   0.5  12.07.2025  13:48:49
  5   6  14  15  $12    0.100     1.8692  42280.64   0.2   -849.05   0.1  12.07.2025  13:48:54
  6   7  15  16  $12    0.100     0.9878  22344.05   0.2   -445.98   0.2  12.07.2025  13:49:08
  5   6  15  16  $12    0.100    -1.4601  45411.11   0.0   -426.77   0.1  12.07.2025  13:49:13
  6   7  15  16  $12    0.100     1.1199  25331.98   0.1   -425.07   0.1  12.07.2025  13:49:19
  9  10  14  15  $12    1.000     6.1034   2300.93   0.2   -220.22   2.7  12.07.2025  13:49:22
 10  11  15  16  $12    1.000    11.0035   4148.22   0.2     73.45   2.4  12.07.2025  13:49:24
  9  10  15  16  $12    1.000   -11.7482   7750.68   0.2    298.45   0.8  12.07.2025  13:49:26
 10  11  15  16  $12    1.000    11.6578   4394.87   0.0     80.56   2.3  12.07.2025  13:49:28
