//C:\Users\user\Desktop\GeoTom\GeoTomE724.ini
//- Cable direction:
//  cable I: normal
//  cable II: normal
//  cable III: normal
//  cable IV: normal
//- Cable arrangement: sequential
//- Optimization: Last measurement
//- Sorting: Multi-level
//- Current levels: 0.001 mA .. 50.0 mA
Type:         Flow
Name:         Hyprop
Comment:      Example of a measurements sequence
Comment:      
Comment:      
Spacing:      1.00000
First El:     0.00000
Nr of points: 289
IP present:   1

  1   5   2   6  $12    0.001     3.2258  13819.10   0.0      0.66  69.4  11.07.2025  00:35:08
  1   5   3   7  $12    0.010    14.8686  28026.69   0.0      3.68   3.1  11.07.2025  00:35:12
  1   5   4   8  $12    0.010     9.0082  11885.98   0.0      3.29   1.4  11.07.2025  00:35:14
  1   5  14   2  $12    0.010   -13.3451  11963.91   0.0      5.27  10.4  11.07.2025  00:35:16
  1   5  15   3  $12    0.100    11.7024  25734.91   0.0     -8.69   0.5  11.07.2025  00:35:20
  1   5  16   4  $12    0.100    18.8821   1846.75   0.0     -0.13  22.3  11.07.2025  00:35:22
  1   5  13   9  $12    0.010    13.8926 104747.85   0.0      2.83   1.1  11.07.2025  00:35:27
  1   5  14  10  $12    0.010    12.1115 139118.54   0.0      2.46   3.4  11.07.2025  00:35:29
  1   5  15  11  $12    0.010    11.7392 193619.47   0.0      2.75   9.0  11.07.2025  00:35:31
  1   5  16  12  $12    0.010     8.9030 201904.80   0.0      2.37   3.0  11.07.2025  00:35:33
  1   5  10   6  $12    0.010     6.3545   5614.67   0.0      3.45   6.8  11.07.2025  00:35:35
  1   5  11   7  $12    0.010     4.3404  10226.91   0.0      1.11  19.4  11.07.2025  00:35:37
  1   5  12   8  $12    0.010     2.0289   9202.39   0.0      1.40  38.1  11.07.2025  00:35:39
  2   6   1   5  $12    0.001     3.2180  13785.88   0.0      1.25  17.3  11.07.2025  00:35:44
  2   6   3   7  $12    0.001     2.2639   9698.65   0.0      3.67   6.5  11.07.2025  00:35:46
  2   6   4   8  $12    0.010    10.5847  19951.68   0.0      3.73   1.3  11.07.2025  00:35:50
  2   6  13   1  $12    0.010   -14.1452  10432.19   0.0      5.97   6.7  11.07.2025  00:35:52
  2   6  15   3  $12    0.010    -2.4640   2209.00   0.0     11.81  10.5  11.07.2025  00:35:54
  2   6  16   4  $12    1.000    18.1159   3983.89   0.1    -47.01   0.5  11.07.2025  00:36:00
  2   6  13   9  $12    0.010    11.5991  52609.57   0.0      3.26   0.8  11.07.2025  00:36:07
  2   6  14  10  $12    0.010    10.3334  77911.87   0.0      3.03   1.5  11.07.2025  00:36:09
  2   6  15  11  $12    0.010    10.0433 115361.47   0.0      3.09   2.5  11.07.2025  00:36:11
  2   6  16  12  $12    0.010     8.0029 131995.12   0.0      3.20   4.6  11.07.2025  00:36:14
  2   6   9   5  $12    0.010     5.9402   7837.88   0.0      5.15   1.7  11.07.2025  00:36:16
  2   6  11   7  $12    0.010     9.8546   8707.22   0.0      4.20   1.8  11.07.2025  00:36:18
  2   6  12   8  $12    0.010     2.8126   6627.05   0.0      1.69  19.5  11.07.2025  00:36:20
  3   7   1   5  $12    0.010    14.8826  28053.01   0.0      3.50   6.7  11.07.2025  00:36:22
  3   7   2   6  $12    0.010    22.3969   9594.83   0.0      4.57  11.9  11.07.2025  00:36:24
  3   7   4   8  $12    0.010    20.1899   8649.33   0.0      6.33   7.4  11.07.2025  00:36:26
  3   7  13   1  $12    0.010    -2.4090   3784.09   0.2     21.33   6.6  11.07.2025  00:36:28
  3   7  14   2  $12    0.010    -4.6897   3458.69   0.1      0.65 706.4  11.07.2025  00:36:30
  3   7  16   4  $12    0.010    -8.4338   7560.93   0.2     16.51  10.0  11.07.2025  00:36:32
  3   7  13   9  $12    0.010     9.1209  21490.60   0.0      1.96   1.3  11.07.2025  00:36:34
  3   7  14  10  $12    0.010     8.5142  38617.66   0.0      1.68   3.5  11.07.2025  00:36:36
  3   7  15  11  $12    0.010     8.1829  61697.43   0.0      1.88   3.7  11.07.2025  00:36:38
  3   7  16  12  $12    0.010     7.4016  85017.61   0.0      1.43   7.1  11.07.2025  00:36:40
  3   7   9   5  $12    0.010     3.3319   6280.45   0.0      0.72   2.5  11.07.2025  00:36:42
  3   7  10   6  $12    0.010     9.2157  12159.89   0.0      3.78  12.4  11.07.2025  00:36:44
  3   7  12   8  $12    0.010     4.3705   3861.64   0.0     -2.19  24.6  11.07.2025  00:36:46
  4   8   1   5  $12    0.010     9.0047  11881.42   0.0      3.28   2.9  11.07.2025  00:36:48
  4   8   2   6  $12    0.010    10.6201  20018.48   0.0     -0.87   9.5  11.07.2025  00:36:50
  4   8   3   7  $12    0.010    20.1392   8627.63   0.0      3.36   6.2  11.07.2025  00:36:52
  4   8  13   1  $12    0.100    -9.0881   2044.00   0.0      8.76   1.8  11.07.2025  00:36:56
  4   8  14   2  $12    0.100   -16.4482   2583.68   0.0      3.57   6.2  11.07.2025  00:36:58
  4   8  15   3  $12    0.010    -9.0510   6675.20   0.0      7.24   0.5  11.07.2025  00:37:03
  4   8  13   9  $12    0.010     7.4504   6582.94   0.0      2.34   4.4  11.07.2025  00:37:05
  4   8  14  10  $12    0.010     7.1957  16954.40   0.0      2.52   3.5  11.07.2025  00:37:07
  4   8  15  11  $12    0.010     7.1618  32483.37   0.0      2.61   1.6  11.07.2025  00:37:09
  4   8  16  12  $12    0.010     7.0692  53300.45   0.0      1.20  12.1  11.07.2025  00:37:11
  4   8   9   5  $12    0.100     6.3375    271.50   0.0      1.95   2.7  11.07.2025  00:37:15
  4   8  10   6  $12    0.100    17.3634   3272.92   0.0      3.26   3.3  11.07.2025  00:37:17
  4   8  11   7  $12    0.010     3.8923   5135.74   0.0     -0.41  23.1  11.07.2025  00:37:22
  5   9   6  10  $12    0.010    17.0185   7290.72   0.0      3.56   3.8  11.07.2025  00:37:24
  5   9   7  11  $12    0.010     8.6543  16313.04   0.0      1.88  30.8  11.07.2025  00:37:26
  5   9   8  12  $12    0.010     3.8888   5131.15   0.0      1.29  37.4  11.07.2025  00:37:28
  5   9   2   6  $12    0.010    -5.9276   7821.33   0.0      8.43   2.9  11.07.2025  00:37:30
  5   9   3   7  $12    0.010    -3.2964   6213.61   0.0      9.30  12.5  11.07.2025  00:37:32
  5   9   4   8  $12    0.100    -6.2468    267.61   0.0      6.57   0.9  11.07.2025  00:37:36
  5   9   1  13  $12    0.100     7.5792   1904.86   0.0      1.15  39.3  11.07.2025  00:37:38
  5   9   2  14  $12    0.100    10.0106   2251.47   0.0      0.61  70.3  11.07.2025  00:37:40
  5   9   3  15  $12    0.100    10.0254   1574.78   0.0      1.84  44.1  11.07.2025  00:37:42
  5   9   4  16  $12    0.100     9.5320    702.99   0.0      0.85  10.9  11.07.2025  00:37:44
  5   9  14  10  $12    0.010    10.0634   8891.75   0.0      2.35   2.3  11.07.2025  00:37:49
  5   9  15  11  $12    0.010     4.3342  10212.14   0.0     -0.17  13.6  11.07.2025  00:37:51
  5   9  16  12  $12    0.010     2.3006  10434.60   0.0      0.99  44.6  11.07.2025  00:37:53
  6  10   5   9  $12    0.010    16.9665   7268.43   0.0      3.61   0.6  11.07.2025  00:37:55
  6  10   7  11  $12    0.010    17.2149   7374.86   0.0      4.10   0.7  11.07.2025  00:37:57
  6  10   8  12  $12    0.010     6.1613  11613.86   0.0      5.64   1.4  11.07.2025  00:37:59
  6  10   1   5  $12    0.010    -6.2493   5521.74   0.0      7.54   4.8  11.07.2025  00:38:01
  6  10   3   7  $12    0.010    -9.2017  12141.35   0.0      5.63   4.5  11.07.2025  00:38:03
  6  10   4   8  $12    0.100   -17.2919   3259.45   0.0      4.17   0.5  11.07.2025  00:38:07
  6  10   1  13  $12    0.100     8.5534   1923.75   0.0      9.95   0.9  11.07.2025  00:38:09
  6  10   2  14  $12    0.100    11.4311   2872.94   0.0     16.09   5.7  11.07.2025  00:38:11
  6  10   3  15  $12    0.100    12.4919   2809.55   0.0     10.65   3.8  11.07.2025  00:38:13
  6  10   4  16  $12    0.100    12.4595   1957.13   0.0      0.81  11.2  11.07.2025  00:38:15
  6  10  13   9  $12    0.010     9.8395  12982.97   0.0      1.40   6.1  11.07.2025  00:38:20
  6  10  15  11  $12    0.010     6.7385   5954.00   0.0      1.96   4.5  11.07.2025  00:38:22
  6  10  16  12  $12    0.010     3.1692   7467.23   0.0      8.88   5.3  11.07.2025  00:38:24
  7  11   5   9  $12    0.010     8.6307  16268.58   0.0      3.19   8.5  11.07.2025  00:38:26
  7  11   6  10  $12    0.010    17.1877   7363.21   0.0      4.60   3.5  11.07.2025  00:38:28
  7  11   8  12  $12    0.010    12.3185   5277.25   0.0     12.03   0.4  11.07.2025  00:38:30
  7  11   1   5  $12    0.010    -4.2932  10115.58   0.0      9.24   7.6  11.07.2025  00:38:32
  7  11   2   6  $12    0.010    -9.8039   8662.49   0.0      6.91   4.2  11.07.2025  00:38:34
  7  11   4   8  $12    0.010    -3.8512   5081.57   0.0      7.78   1.4  11.07.2025  00:38:36
  7  11   1  13  $12    0.100    11.2502   1767.18   0.0      6.21   1.5  11.07.2025  00:38:40
  7  11   2  14  $12    0.100    15.5097   3488.27   0.0      7.19   6.9  11.07.2025  00:38:42
  7  11   3  15  $12    0.100    17.3581   4362.55   0.0      6.77   2.8  11.07.2025  00:38:44
  7  11   4  16  $12    0.100    17.7767   3998.15   0.0      3.09   1.3  11.07.2025  00:38:46
  7  11  13   9  $12    0.010     3.1782   5990.83   0.0     -0.88  21.0  11.07.2025  00:38:51
  7  11  14  10  $12    0.010     5.7760   7621.21   0.0      2.39   7.0  11.07.2025  00:38:53
  7  11  16  12  $12    0.010     6.6328   5860.59   0.0     18.13   1.9  11.07.2025  00:38:55
  8  12   5   9  $12    0.010     3.8589   5091.66   0.0      0.89  19.6  11.07.2025  00:38:57
  8  12   6  10  $12    0.010     6.1221  11539.96   0.0      2.25  38.3  11.07.2025  00:38:59
  8  12   7  11  $12    0.010    12.2072   5229.54   0.0      7.73   1.5  11.07.2025  00:39:01
  8  12   1   5  $12    0.100   -20.0762   9105.90   0.0      6.61   0.6  11.07.2025  00:39:05
  8  12   2   6  $12    0.010    -2.7598   6502.71   0.0     10.92   1.9  11.07.2025  00:39:10
  8  12   3   7  $12    0.010    -4.3034   3802.40   0.0      5.99   6.9  11.07.2025  00:39:12
  8  12   1  13  $12    0.100    13.2741    978.98   0.0     -2.99   3.0  11.07.2025  00:39:16
  8  12   2  14  $12    0.100    19.0355   2990.10   0.0     -4.99   3.1  11.07.2025  00:39:18
  8  12   3  15  $12    0.100    22.6616   5096.80   0.0     -1.10   5.6  11.07.2025  00:39:20
  8  12  16   4  $12    0.010    -2.4130   6064.45   0.0     11.56   3.9  11.07.2025  00:39:25
  8  12   9  13  $12    0.100    -4.5956    196.88   0.0     16.27   1.5  11.07.2025  00:39:28
  8  12  10  14  $12    0.100   -13.5974   2563.06   0.0     12.57   0.8  11.07.2025  00:39:30
  8  12  11  15  $12    0.010    -5.4092   7137.28   0.0     20.85   0.3  11.07.2025  00:39:35
  9  13  10  14  $12    0.001     2.8262  12107.36   0.0     -1.82  10.4  11.07.2025  00:39:40
  9  13  11  15  $12    0.001     2.4163  45546.20   0.0      4.24   6.4  11.07.2025  00:39:42
  9  13  12  16  $12    0.010    13.7590  18154.53   0.0      4.20   0.6  11.07.2025  00:39:46
  9  13   6  10  $12    0.010    -9.7920  12920.25   0.0      4.78   0.8  11.07.2025  00:39:48
  9  13   7  11  $12    0.010    -3.1421   5922.76   0.0      8.92   8.5  11.07.2025  00:39:50
  9  13   8  12  $12    0.100    -4.8426    207.46   0.0     20.55   0.3  11.07.2025  00:39:54
  9  13   5   1  $12    0.010    13.9580 105240.62   0.0      2.76   4.0  11.07.2025  00:39:59
  9  13   6   2  $12    0.010    11.6480  52831.72   0.0      2.54   2.8  11.07.2025  00:40:01
  9  13   7   3  $12    0.010     9.1356  21525.19   0.0      1.76  10.6  11.07.2025  00:40:03
  9  13   8   4  $12    0.010     7.4709   6601.06   0.0      2.49   2.0  11.07.2025  00:40:05
  9  13   2  14  $12    0.010     6.4619   4765.71   0.0      1.33 112.9  11.07.2025  00:40:07
  9  13   3  15  $12    0.010    11.6061  18230.79   0.0     10.53   0.8  11.07.2025  00:40:09
  9  13   4  16  $12    0.010     5.8368  13127.41   0.0      2.89   4.6  11.07.2025  00:40:11
 10  14   9  13  $12    0.001     2.8294  12121.15   0.0     -0.20 108.8  11.07.2025  00:40:16
 10  14  11  15  $12    0.001     2.7041  11584.38   0.0     -0.09 747.1  11.07.2025  00:40:18
 10  14  12  16  $12    0.010    18.0302  33986.05   0.0      7.66   0.6  11.07.2025  00:40:22
 10  14   5   9  $12    0.010   -10.0119   8846.21   0.0      6.82   2.5  11.07.2025  00:40:24
 10  14   7  11  $12    0.010    -5.7445   7579.74   0.0      8.11   0.5  11.07.2025  00:40:26
 10  14   8  12  $12    0.100   -14.0452   2647.46   0.0     17.68   0.2  11.07.2025  00:40:30
 10  14   5   1  $12    0.010    12.1561 139630.33   0.0      3.06   7.2  11.07.2025  00:40:35
 10  14   6   2  $12    0.010    10.3582  78098.96   0.0      2.78   7.7  11.07.2025  00:40:37
 10  14   7   3  $12    0.010     8.5224  38654.78   0.0      1.86   3.7  11.07.2025  00:40:39
 10  14   8   4  $12    0.010     7.2154  17000.84   0.0      2.70   2.2  11.07.2025  00:40:41
 10  14   1  13  $12    0.010     5.7034   5113.09   0.0      2.48  21.7  11.07.2025  00:40:43
 10  14   3  15  $12    0.010    12.3416   9102.01   0.0      1.19  27.3  11.07.2025  00:40:45
 10  14   4  16  $12    0.010     9.4159  14790.40   0.0      8.49   0.5  11.07.2025  00:40:47
 11  15   9  13  $12    0.001     2.4175  45569.71   0.0      3.57   1.0  11.07.2025  00:40:52
 11  15  10  14  $12    0.001     2.7068  11595.92   0.0     -1.91   5.1  11.07.2025  00:40:54
 11  15  12  16  $12    0.010    19.0798   8173.75   0.0      7.23   0.8  11.07.2025  00:40:58
 11  15   5   9  $12    0.010    -4.2755  10073.98   0.0     10.49   4.4  11.07.2025  00:41:00
 11  15   6  10  $12    0.010    -6.6585   5883.26   0.0      8.15   2.6  11.07.2025  00:41:02
 11  15   8  12  $12    0.010    -5.5958   7383.46   0.0     18.22   1.2  11.07.2025  00:41:04
 11  15   5   1  $12    0.010    11.7962 194559.15   0.0      2.92   3.5  11.07.2025  00:41:06
 11  15   6   2  $12    0.010    10.0736 115710.05   0.0      1.55   5.9  11.07.2025  00:41:08
 11  15   7   3  $12    0.010     8.1947  61786.95   0.0      1.21   2.5  11.07.2025  00:41:10
 11  15   8   4  $12    0.010     7.1860  32593.40   0.0      1.91   1.7  11.07.2025  00:41:12
 11  15   1  13  $12    0.010     7.7145 169650.16   0.0      9.49   0.7  11.07.2025  00:41:14
 11  15   2  14  $12    0.010     9.9469   8917.40   0.0     -1.54  20.2  11.07.2025  00:41:16
 11  15   4  16  $12    0.010     6.2945   4642.22   0.0      0.55  48.5  11.07.2025  00:41:18
 12  16   9  13  $12    0.010    13.7432  18133.74   0.0      3.47   2.3  11.07.2025  00:41:20
 12  16  10  14  $12    0.010    17.9465  33828.45   0.0      5.59   0.9  11.07.2025  00:41:22
 12  16  11  15  $12    0.010    18.9226   8106.42   0.0      6.37   2.2  11.07.2025  00:41:24
 12  16   5   9  $12    0.010    -2.2252  10092.83   0.0     11.84   4.1  11.07.2025  00:41:26
 12  16   6  10  $12    0.010    -3.0853   7269.51   0.0     11.37   7.7  11.07.2025  00:41:28
 12  16   7  11  $12    0.010    -6.4208   5673.24   0.0     16.98   0.9  11.07.2025  00:41:30
 12  16   5   1  $12    0.010     8.9270 202449.24   0.0      1.25   8.1  11.07.2025  00:41:32
 12  16   6   2  $12    0.010     8.0196 132269.75   0.0      0.38  69.9  11.07.2025  00:41:34
 12  16   7   3  $12    0.010     7.4046  85052.03   0.0      0.19 155.0  11.07.2025  00:41:36
 12  16   8   4  $12    0.010     7.0942  53488.73   0.0      1.30   5.6  11.07.2025  00:41:38
 12  16  13   1  $12    0.010    -2.5416   2485.75   0.0     14.85   2.7  11.07.2025  00:41:40
 12  16  14   2  $12    0.010    -6.7361 148134.41   0.0     14.59  10.3  11.07.2025  00:41:42
 12  16  15   3  $12    0.010    -5.0106   4492.06   0.0      9.33   8.0  11.07.2025  00:41:44
 13   1  14   2  $12    0.010    20.7513   7116.40   0.0      3.34   6.6  11.07.2025  00:41:46
 13   1  15   3  $12    0.010    11.3216   8585.36   0.0     13.02   1.0  11.07.2025  00:41:48
 13   1  16   4  $12    0.010     4.8527   6236.62   0.0      1.68  25.0  11.07.2025  00:41:51
 13   1  10  14  $12    0.010    -5.6659   5079.50   0.0      6.69   2.7  11.07.2025  00:41:53
 13   1  11  15  $12    0.010    -7.6960 169243.44   0.0     19.27   0.4  11.07.2025  00:41:55
 13   1  12  16  $12    0.010    -2.5630   2506.72   0.0     14.40   4.3  11.07.2025  00:41:57
 13   1   9   5  $12    0.100     7.5904   1907.67   0.0      4.59   1.6  11.07.2025  00:42:00
 13   1  10   6  $12    0.100     8.6240   1939.63   0.0     10.64   1.1  11.07.2025  00:42:02
 13   1  11   7  $12    0.100    11.3713   1786.20   0.0      8.27   0.9  11.07.2025  00:42:04
 13   1  12   8  $12    0.100    13.2858    979.84   0.0      2.47   2.2  11.07.2025  00:42:06
 13   1   6   2  $12    0.010    14.2626  10518.81   0.0      3.19   3.2  11.07.2025  00:42:11
 13   1   7   3  $12    0.010     2.4637   3870.05   0.0     -0.87  29.4  11.07.2025  00:42:13
 13   1   8   4  $12    0.100     9.1841   2065.58   0.0      0.01 211.2  11.07.2025  00:42:17
 14   2  13   1  $12    0.010    20.8154   7138.39   0.0      4.51   1.4  11.07.2025  00:42:22
 14   2  15   3  $12    0.010    16.0680   5510.31   0.0      2.67   6.4  11.07.2025  00:42:24
 14   2  16   4  $12    0.010    10.3942   7882.09   0.0      9.28   0.7  11.07.2025  00:42:26
 14   2   9  13  $12    0.010    -6.3885   4711.59   0.0      8.21   0.9  11.07.2025  00:42:28
 14   2  11  15  $12    0.010    -9.8302   8812.81   0.0      3.95   4.7  11.07.2025  00:42:30
 14   2  12  16  $12    0.010    -6.7887 149291.45   0.0     17.15   1.1  11.07.2025  00:42:32
 14   2   9   5  $12    0.100     9.9294   2233.23   0.0      6.25   1.0  11.07.2025  00:42:36
 14   2  10   6  $12    0.100    11.4512   2878.01   0.0     18.23   0.2  11.07.2025  00:42:38
 14   2  11   7  $12    0.100    15.6014   3508.91   0.0     11.91   0.9  11.07.2025  00:42:40
 14   2  12   8  $12    0.100    18.9952   2983.76   0.0      1.58   9.5  11.07.2025  00:42:42
 14   2   5   1  $12    0.010    13.3859  12000.53   0.0      2.32   1.7  11.07.2025  00:42:47
 14   2   7   3  $12    0.010     4.6558   3433.71   0.0     -0.61   9.4  11.07.2025  00:42:49
 14   2   8   4  $12    0.100    16.6651   2617.74   0.0      2.56   0.5  11.07.2025  00:42:53
 15   3  13   1  $12    0.010    11.2073   8498.65   0.0     10.33   1.9  11.07.2025  00:42:58
 15   3  14   2  $12    0.010    16.1187   5527.72   0.0      2.22  10.7  11.07.2025  00:43:00
 15   3  16   4  $12    0.010    16.4935   5656.25   0.0      5.05   4.8  11.07.2025  00:43:02
 15   3   9  13  $12    0.010   -11.3985  17904.67   0.0     11.70   0.9  11.07.2025  00:43:04
 15   3  10  14  $12    0.010   -12.3529   9110.36   0.0      4.11   2.2  11.07.2025  00:43:06
 15   3  12  16  $12    0.010    -5.0591   4535.46   0.0     10.04   0.8  11.07.2025  00:43:08
 15   3   9   5  $12    0.100     9.9517   1563.21   0.0      5.38   0.4  11.07.2025  00:43:12
 15   3  10   6  $12    0.100    12.4930   2809.80   0.0     11.06   1.2  11.07.2025  00:43:14
 15   3  11   7  $12    0.100    17.4223   4378.69   0.0      8.13   0.2  11.07.2025  00:43:16
 15   3  12   8  $12    0.100    22.5812   5078.72   0.0      2.84   1.2  11.07.2025  00:43:18
 15   3   5   1  $12    0.100   -12.0545  26509.21   0.0      0.06 261.2  11.07.2025  00:43:20
 15   3   6   2  $12    0.010     2.5011   2242.29   0.0     -1.89   1.2  11.07.2025  00:43:25
 15   3   8   4  $12    0.010     9.1655   6759.61   0.0      3.64   0.8  11.07.2025  00:43:27
 16   4  13   1  $12    0.010     4.8302   6207.75   0.0      2.41   1.8  11.07.2025  00:43:29
 16   4  14   2  $12    0.010    10.3410   7841.71   0.0      5.30   5.0  11.07.2025  00:43:31
 16   4  15   3  $12    0.010    16.4493   5641.07   0.0      4.14   2.4  11.07.2025  00:43:33
 16   4   9  13  $12    0.010    -5.7527  12938.37   0.0      6.82  13.5  11.07.2025  00:43:35
 16   4  10  14  $12    0.010    -9.2606  14546.53   0.0     10.41   0.7  11.07.2025  00:43:37
 16   4  11  15  $12    0.010    -6.1881   4563.76   0.0      6.31   1.5  11.07.2025  00:43:39
 16   4   9   5  $12    0.100     9.4940    700.19   0.0      1.53   6.7  11.07.2025  00:43:43
 16   4  10   6  $12    0.100    12.4249   1951.71   0.0      2.45   1.6  11.07.2025  00:43:45
 16   4  11   7  $12    0.100    17.8326   4010.71   0.0      3.63   0.5  11.07.2025  00:43:47
 16   4  12   8  $12    0.010     2.4571   6175.43   0.0     -1.32  22.5  11.07.2025  00:43:52
 16   4   5   1  $12    0.100   -19.2390   1881.65   0.0      4.13   1.2  11.07.2025  00:43:56
 16   4   6   2  $12    0.100    -2.2102   4860.56   0.0      6.20   3.6  11.07.2025  00:43:58
 16   4   7   3  $12    0.010     8.3853   7517.43   0.0      4.13   2.5  11.07.2025  00:44:03
  1   4   2   3  $12    0.010    21.9192  13772.21   0.0      3.05   2.1  11.07.2025  00:44:05
  2   3   1   4  $12    0.010    21.8965  13757.96   0.0      3.36   2.4  11.07.2025  00:44:07
  1   2   3   4  $12    0.100   -12.8922   2430.13   0.0     12.52   2.0  11.07.2025  00:44:10
  3   4   1   2  $12    0.100   -12.9781   2446.32   0.0     11.62   3.6  11.07.2025  00:44:13
  5   8   6   7  $12    0.010     5.0914   3199.04   0.0      1.98   7.2  11.07.2025  00:44:17
  6   7   5   8  $12    0.010     5.0661   3183.14   0.0      3.66   4.1  11.07.2025  00:44:20
  5   6   7   8  $12    0.010    -4.5335   8545.52   0.0      9.50   1.6  11.07.2025  00:44:22
  7   8   5   6  $12    0.010    -4.5321   8542.73   0.0     10.11   2.1  11.07.2025  00:44:24
  9  12  10  11  $12    0.010    10.4689   6577.83   0.0      6.64   1.5  11.07.2025  00:44:26
 10  11   9  12  $12    0.010    10.5185   6608.96   0.0      8.30   0.4  11.07.2025  00:44:28
  9  10  11  12  $12    0.100   -14.0587   2650.00   0.0      3.68   0.2  11.07.2025  00:44:31
 11  12   9  10  $12    0.100   -14.1561   2668.37   0.0      5.98   2.5  11.07.2025  00:44:33
 13  16  14  15  $12    0.010    -5.3394   3354.83   0.0     31.14   0.3  11.07.2025  00:44:38
 14  15  13  16  $12    0.010    -5.4316   3412.75   0.0     15.36   0.9  11.07.2025  00:44:40
 13  14  15  16  $12    0.010     2.8996   5465.70   0.1     33.78   4.2  11.07.2025  00:44:42
  1   9  10   2  $12    0.001    -3.6495  13133.01   0.0      9.70   1.7  11.07.2025  00:44:47
  1   9  11   3  $12    0.010   -15.8329  13565.61   0.0      5.76   0.3  11.07.2025  00:44:51
  1   9  12   4  $12    0.010   -10.1602  16989.29   0.0      7.59   0.5  11.07.2025  00:44:53
  2  10   9   1  $12    0.001    -3.6515  13140.25   0.0     11.95   2.7  11.07.2025  00:44:58
  2  10  11   3  $12    0.001    -2.0355   7324.94   0.1     20.66   2.9  11.07.2025  00:45:00
  2  10  12   4  $12    0.010   -12.1377  10399.52   0.0      7.41   0.1  11.07.2025  00:45:04
  3  11   9   1  $12    0.010   -15.8314  13564.27   0.0      5.18   1.6  11.07.2025  00:45:06
  3  11  10   2  $12    0.010   -20.4592   7362.35   0.0      5.41   7.1  11.07.2025  00:45:08
  3  11  12   4  $12    0.001    -2.4076   8664.04   0.0     17.03   2.5  11.07.2025  00:45:13
 12   4   9   1  $12    0.010    10.1927  17043.59   0.0      3.27   6.0  11.07.2025  00:45:17
 12   4  10   2  $12    0.010    12.1718  10428.81   0.0      3.40  11.0  11.07.2025  00:45:19
 12   4  11   3  $12    0.001     2.4458   8801.45   0.0      3.90  11.1  11.07.2025  00:45:24
 13   5  14   6  $12    0.001     2.5543   9191.80   0.1     -2.16  50.0  11.07.2025  00:45:26
 13   5  15   7  $12    0.001     2.5447  21802.83   0.0      3.88   4.2  11.07.2025  00:45:28
 13   5  16   8  $12    0.010    14.8526  24835.56   0.0      4.01   1.5  11.07.2025  00:45:31
 14   6  13   5  $12    0.001     2.5379   9132.79   0.0      2.13  10.2  11.07.2025  00:45:36
 14   6  15   7  $12    0.001     3.1775  11434.32   0.0      4.04   9.7  11.07.2025  00:45:38
 14   6  16   8  $12    0.010    19.5084  16714.72   0.0      6.48   0.1  11.07.2025  00:45:42
 15   7  13   5  $12    0.001     2.5334  21706.31   0.0      4.73   7.1  11.07.2025  00:45:47
 15   7  14   6  $12    0.001     3.1805  11445.33   0.0     -0.16 711.4  11.07.2025  00:45:49
 15   7  16   8  $12    0.010    19.0960   6871.80   0.0      3.59   0.8  11.07.2025  00:45:53
 16   8  13   5  $12    0.010    14.8177  24777.28   0.0      4.45   4.1  11.07.2025  00:45:55
 16   8  14   6  $12    0.010    19.4105  16630.91   0.0      5.50   3.2  11.07.2025  00:45:57
 16   8  15   7  $12    0.010    19.0244   6846.02   0.0      3.88   0.9  11.07.2025  00:45:59
  1   2   5   6  $12    1.000    -1.2330    232.42   0.2   -778.20   0.2  11.07.2025  00:46:08
  2   3   6   7  $12    1.000     8.1484   1535.94   0.0     32.09   0.0  11.07.2025  00:46:10
  3   4   7   8  $12    1.000    12.1199   2284.54   0.0     45.61   0.4  11.07.2025  00:46:12
  1   2   9  10  $12    1.000    -4.3618   6906.31   0.0    -39.48   1.5  11.07.2025  00:46:14
  2   3  10  11  $12    1.000    -3.9753   6294.33   0.1    -34.68   1.6  11.07.2025  00:46:16
  3   4  11  12  $12    1.000    -1.5546   2461.48   0.0    211.41   0.3  11.07.2025  00:46:21
  1   2  13  14  $12    0.100     4.0244 216956.87   0.0     -3.37   4.0  11.07.2025  00:46:26
  2   3  14  15  $12    0.100    -2.3517 126778.34   0.0     17.28   6.0  11.07.2025  00:46:28
  3   4  15  16  $12    0.100     4.0673 219269.60   0.0    -11.63   1.7  11.07.2025  00:46:30
  5   6   9  10  $12    1.000     8.8628   1670.60   0.0     23.39   0.3  11.07.2025  00:46:34
  6   7  10  11  $12    1.000    16.4428   3099.39   0.0      6.54   0.4  11.07.2025  00:46:36
  7   8  11  12  $12    0.100     3.2951   6211.08   0.0    -12.28   0.7  11.07.2025  00:46:41
  5   6  13  14  $12    1.000     0.6491   1027.74   0.1    -99.91   0.2  11.07.2025  00:46:48
  6   7  14  15  $12    1.000     0.0154     24.42   3.4   2510.83   2.6  11.07.2025  00:47:03
  7   8  15  16  $12    1.000     4.4571   7057.16   0.0    -26.17   0.5  11.07.2025  00:47:05
  9  10  13  14  $12    1.000     2.0750    391.14   0.0    -21.43   3.1  11.07.2025  00:47:07
 10  11  14  15  $12    1.000    -4.4240    833.90   0.0      1.61   4.8  11.07.2025  00:47:09
 11  12  15  16  $12    1.000     4.3379    817.68   0.0     24.32   0.7  11.07.2025  00:47:11
  1   2   6   7  $12    1.000     0.6622    249.63   0.7   -804.28   0.9  11.07.2025  00:47:16
  2   3   7   8  $12    1.000    18.8488   7105.82   0.0     14.44   1.9  11.07.2025  00:47:18
  1   2   7   8  $12    1.000    -1.1797    778.29   0.2    512.73   0.6  11.07.2025  00:47:24
  2   3   7   8  $12    1.000    18.9852   7157.24   0.0     12.32   0.2  11.07.2025  00:47:26
  1   2  10  11  $12    1.000    -7.4151  16772.67   0.0     22.75   3.8  11.07.2025  00:47:28
  2   3  11  12  $12    1.000    -4.6786  10582.71   0.0     17.80   5.8  11.07.2025  00:47:30
  1   2  11  12  $12    1.000    -8.6806  26998.29   0.0    -26.19   0.0  11.07.2025  00:47:32
  2   3  11  12  $12    1.000    -4.7740  10798.43   0.0     18.56   0.3  11.07.2025  00:47:34
  1   2  14  15  $12    1.000   -15.7740 108228.92   0.0     22.42   0.1  11.07.2025  00:47:36
  2   3  15  16  $12    0.100    10.8988 747795.30   0.0     -1.54   7.4  11.07.2025  00:47:41
  1   2  15  16  $12    0.100     6.1316 525879.01   0.0      6.74   2.0  11.07.2025  00:47:43
  2   3  15  16  $12    0.100    10.9195 749212.40   0.0     -0.86   0.7  11.07.2025  00:47:45
  5   6  10  11  $12    1.000    16.2741   6135.18   0.0     -9.76   0.3  11.07.2025  00:47:49
  6   7  11  12  $12    1.000    14.8491   5598.00   0.0    -17.76   0.2  11.07.2025  00:47:51
  5   6  11  12  $12    1.000    13.1338   8664.80   0.0      6.94   0.3  11.07.2025  00:47:53
  6   7  11  12  $12    1.000    14.8595   5601.90   0.0    -17.79   0.0  11.07.2025  00:47:55
  5   6  14  15  $12    1.000     0.0710    160.70   1.1  -3695.38   0.8  11.07.2025  00:48:10
  6   7  15  16  $12    1.000     1.9269   4358.47   0.0   -103.61   0.3  11.07.2025  00:48:15
  5   6  15  16  $12    1.000     0.9413   2927.73   0.3    456.13   0.3  11.07.2025  00:48:21
  6   7  15  16  $12    1.000     2.0065   4538.52   0.0   -126.52   0.2  11.07.2025  00:48:22
  9  10  14  15  $12   10.000   -14.9548    563.78   0.2     -7.21  11.3  11.07.2025  00:48:26
 10  11  15  16  $12   10.000     7.5534    284.76   0.0     40.80   1.1  11.07.2025  00:48:28
  9  10  15  16  $12   10.000   -10.5735    697.57   0.0    -36.29   0.2  11.07.2025  00:48:30
 10  11  15  16  $12   10.000     7.4124    279.44   0.0     40.22   0.5  11.07.2025  00:48:32
