//C:\Users\user\Desktop\GeoTom\GeoTomE724.ini
//- Cable direction:
//  cable I: normal
//  cable II: normal
//  cable III: normal
//  cable IV: normal
//- Cable arrangement: sequential
//- Optimization: Last measurement
//- Sorting: Multi-level
//- Current levels: 0.001 mA .. 50.0 mA
Type:         Flow
Name:         Hyprop
Comment:      Example of a measurements sequence
Comment:      
Comment:      
Spacing:      1.00000
First El:     0.00000
Nr of points: 289
IP present:   1

  1   5   2   6  $12    0.010    22.1054   9469.94   0.0      6.52   0.5  10.07.2025  09:35:05
  1   5   3   7  $12    0.010    11.4751  21630.11   0.0      3.00   1.9  10.07.2025  09:35:08
  1   5   4   8  $12    0.010     6.6837   8818.93   0.0      2.21   7.0  10.07.2025  09:35:10
  1   5  14   2  $12    0.010    -7.2555   6504.59   0.0     15.37   1.5  10.07.2025  09:35:12
  1   5  15   3  $12    0.100    10.8790  23924.27   0.0    -13.04   0.3  10.07.2025  09:35:16
  1   5  16   4  $12    0.100    16.0566   1570.41   0.0     -3.03   0.1  10.07.2025  09:35:18
  1   5  13   9  $12    0.010    10.5758  79739.88   0.0      1.61   4.2  10.07.2025  09:35:23
  1   5  14  10  $12    0.010     9.0247 103661.50   0.0      1.36   2.5  10.07.2025  09:35:25
  1   5  15  11  $12    0.010     8.7731 144697.45   0.0      1.75   1.6  10.07.2025  09:35:27
  1   5  16  12  $12    0.010     6.5233 147938.78   0.0      2.47   8.1  10.07.2025  09:35:29
  1   5  10   6  $12    0.010     5.8359   5156.41   0.0      5.25   1.5  10.07.2025  09:35:31
  1   5  11   7  $12    0.010     3.8106   8978.53   0.0      0.58  25.5  10.07.2025  09:35:33
  1   5  12   8  $12    0.100    17.6630   8011.38   0.0      0.07  50.6  10.07.2025  09:35:36
  2   6   1   5  $12    0.010    22.0711   9455.23   0.0      6.17   1.1  10.07.2025  09:35:41
  2   6   3   7  $12    0.010    18.1486   7774.83   0.0      2.96   3.0  10.07.2025  09:35:43
  2   6   4   8  $12    0.010     8.2914  15628.83   0.0      2.31   6.9  10.07.2025  09:35:46
  2   6  13   1  $12    0.010    -8.1595   6017.70   0.0     14.24   0.9  10.07.2025  09:35:48
  2   6  15   3  $12    0.010    -2.5619   2296.79   0.0      9.30  10.9  10.07.2025  09:35:50
  2   6  16   4  $12    1.000    -2.5218    554.57   1.7    197.78   1.3  10.07.2025  09:36:00
  2   6  13   9  $12    0.010     8.5419  38743.42   0.0      1.75   5.6  10.07.2025  09:36:08
  2   6  14  10  $12    0.010     7.4975  56529.59   0.0      1.24   7.5  10.07.2025  09:36:10
  2   6  15  11  $12    0.010     7.2794  83614.41   0.0      1.25   7.3  10.07.2025  09:36:12
  2   6  16  12  $12    0.010     5.7712  95186.43   0.0      1.79   6.8  10.07.2025  09:36:14
  2   6   9   5  $12    0.010     5.4710   7218.80   0.0      3.58   5.3  10.07.2025  09:36:16
  2   6  11   7  $12    0.010     8.3627   7389.07   0.0      3.36   1.2  10.07.2025  09:36:18
  2   6  12   8  $12    0.010     2.5495   6007.13   0.0     -3.10   0.8  10.07.2025  09:36:20
  3   7   1   5  $12    0.010    11.4647  21610.52   0.0      3.58   3.7  10.07.2025  09:36:22
  3   7   2   6  $12    0.010    18.1710   7784.42   0.0      3.03   3.1  10.07.2025  09:36:24
  3   7   4   8  $12    0.010    15.9493   6832.64   0.0      3.62   0.5  10.07.2025  09:36:26
  3   7  13   1  $12    0.010    -2.0486   3217.93   0.1      7.15   4.4  10.07.2025  09:36:28
  3   7  14   2  $12    0.010    -4.3126   3180.54   0.0      7.93  17.7  10.07.2025  09:36:30
  3   7  16   4  $12    0.010    -6.3722   5712.73   0.0      9.54   3.8  10.07.2025  09:36:32
  3   7  13   9  $12    0.010     6.5718  15484.43   0.0      2.37   2.4  10.07.2025  09:36:34
  3   7  14  10  $12    0.010     6.0940  27640.38   0.0      1.71   5.3  10.07.2025  09:36:36
  3   7  15  11  $12    0.010     5.8615  44194.61   0.0      1.34   7.1  10.07.2025  09:36:38
  3   7  16  12  $12    0.010     5.3017  60897.16   0.0      2.49   5.6  10.07.2025  09:36:40
  3   7   9   5  $12    0.010     2.8494   5371.01   0.0      0.51  17.4  10.07.2025  09:36:42
  3   7  10   6  $12    0.010     7.7784  10263.32   0.0      4.20  10.4  10.07.2025  09:36:44
  3   7  12   8  $12    0.010     4.2964   3796.20   0.0      0.88  37.3  10.07.2025  09:36:46
  4   8   1   5  $12    0.010     6.7007   8841.43   0.0      0.84  18.6  10.07.2025  09:36:48
  4   8   2   6  $12    0.010     8.3271  15696.26   0.0      1.34   3.1  10.07.2025  09:36:50
  4   8   3   7  $12    0.010    15.9591   6836.85   0.0      2.52   3.7  10.07.2025  09:36:53
  4   8  13   1  $12    0.100    -8.3644   1881.23   0.0      4.87   1.0  10.07.2025  09:36:56
  4   8  14   2  $12    0.100   -15.2630   2397.51   0.0      2.07   8.5  10.07.2025  09:36:58
  4   8  15   3  $12    0.010    -6.9081   5094.75   0.0      6.65   1.8  10.07.2025  09:37:03
  4   8  13   9  $12    0.010     5.1950   4590.13   0.0      1.70   4.1  10.07.2025  09:37:05
  4   8  14  10  $12    0.010     5.0642  11932.25   0.0      0.84   8.6  10.07.2025  09:37:07
  4   8  15  11  $12    0.010     5.0504  22906.79   0.0      1.01  11.6  10.07.2025  09:37:10
  4   8  16  12  $12    0.010     5.0903  38379.77   0.0      0.23 105.7  10.07.2025  09:37:12
  4   8   9   5  $12    0.100     6.5297    279.73   0.0      1.42   2.5  10.07.2025  09:37:15
  4   8  10   6  $12    0.100    17.1365   3230.15   0.0      1.28   4.8  10.07.2025  09:37:17
  4   8  11   7  $12    0.010     3.9661   5233.18   0.0     -1.14   7.3  10.07.2025  09:37:22
  5   9   6  10  $12    0.010    14.1218   6049.77   0.0      2.88   6.5  10.07.2025  09:37:24
  5   9   7  11  $12    0.010     7.0873  13359.22   0.0      2.92   5.8  10.07.2025  09:37:26
  5   9   8  12  $12    0.010     3.4532   4556.43   0.0      2.98  12.5  10.07.2025  09:37:29
  5   9   2   6  $12    0.010    -5.4379   7175.15   0.0      5.85  10.9  10.07.2025  09:37:31
  5   9   3   7  $12    0.010    -2.8151   5306.30   0.0      9.44   6.7  10.07.2025  09:37:33
  5   9   4   8  $12    0.100    -6.4435    276.04   0.0      5.96   1.1  10.07.2025  09:37:36
  5   9   1  13  $12    0.100     6.9908   1756.98   0.0      4.82   1.8  10.07.2025  09:37:38
  5   9   2  14  $12    0.100     9.3377   2100.13   0.0      4.16   2.9  10.07.2025  09:37:40
  5   9   3  15  $12    0.100    10.0438   1577.68   0.0      2.81   0.5  10.07.2025  09:37:43
  5   9   4  16  $12    0.100     9.3320    688.24   0.0      1.52   2.1  10.07.2025  09:37:45
  5   9  14  10  $12    0.010     7.7170   6818.52   0.0      1.04   4.9  10.07.2025  09:37:49
  5   9  15  11  $12    0.010     3.2534   7665.54   0.0     -1.56   6.0  10.07.2025  09:37:52
  5   9  16  12  $12    0.100    18.4618   8373.66   0.0      7.90   0.2  10.07.2025  09:37:56
  6  10   5   9  $12    0.010    14.0789   6031.41   0.0      3.82   2.1  10.07.2025  09:38:00
  6  10   7  11  $12    0.010    14.5095   6215.85   0.0      4.15   1.0  10.07.2025  09:38:03
  6  10   8  12  $12    0.010     5.7311  10802.86   0.0      4.78   3.3  10.07.2025  09:38:05
  6  10   1   5  $12    0.010    -5.7537   5083.85   0.0      9.67   1.9  10.07.2025  09:38:07
  6  10   3   7  $12    0.010    -7.7422  10215.57   0.0      7.02   1.6  10.07.2025  09:38:09
  6  10   4   8  $12    0.100   -16.9995   3204.34   0.0      3.51   0.1  10.07.2025  09:38:12
  6  10   1  13  $12    0.100     8.1318   1828.91   0.0      5.13   1.8  10.07.2025  09:38:14
  6  10   2  14  $12    0.100    11.0538   2778.12   0.0      4.89   6.1  10.07.2025  09:38:16
  6  10   3  15  $12    0.100    12.6170   2837.69   0.0      3.62   3.5  10.07.2025  09:38:18
  6  10   4  16  $12    0.100    12.2455   1923.52   0.0      1.71   2.3  10.07.2025  09:38:21
  6  10  13   9  $12    0.010     7.5029   9899.88   0.0      1.78   2.7  10.07.2025  09:38:26
  6  10  15  11  $12    0.010     5.4688   4832.07   0.0      5.06   8.0  10.07.2025  09:38:28
  6  10  16  12  $12    0.010     2.7958   6587.50   0.0      8.65   4.7  10.07.2025  09:38:30
  7  11   5   9  $12    0.010     7.0691  13325.03   0.0      2.93   1.6  10.07.2025  09:38:32
  7  11   6  10  $12    0.010    14.4875   6206.44   0.0      4.40   0.9  10.07.2025  09:38:34
  7  11   8  12  $12    0.010    12.1314   5197.07   0.0      8.90   0.5  10.07.2025  09:38:36
  7  11   1   5  $12    0.010    -3.7633   8867.18   0.0      8.30   9.9  10.07.2025  09:38:38
  7  11   2   6  $12    0.010    -8.3118   7344.04   0.0      6.33   5.8  10.07.2025  09:38:40
  7  11   4   8  $12    0.010    -3.9033   5150.30   0.0      7.35   5.8  10.07.2025  09:38:42
  7  11   1  13  $12    0.100     9.9581   1564.21   0.0      7.22   1.6  10.07.2025  09:38:46
  7  11   2  14  $12    0.100    14.1416   3180.58   0.0      6.08   2.8  10.07.2025  09:38:48
  7  11   3  15  $12    0.100    16.3208   4101.87   0.0      5.07   1.6  10.07.2025  09:38:50
  7  11   4  16  $12    0.100    16.7815   3774.32   0.0      2.59   2.0  10.07.2025  09:38:52
  7  11  13   9  $12    0.100    22.5319   4247.17   0.0      4.53   3.5  10.07.2025  09:38:54
  7  11  14  10  $12    0.010     4.7040   6206.73   0.0      4.81   1.6  10.07.2025  09:38:59
  7  11  16  12  $12    0.010     6.4818   5727.11   0.0     14.17   4.6  10.07.2025  09:39:01
  8  12   5   9  $12    0.010     3.4192   4511.48   0.0      1.72   8.3  10.07.2025  09:39:03
  8  12   6  10  $12    0.010     5.6928  10730.72   0.0      3.30   7.0  10.07.2025  09:39:05
  8  12   7  11  $12    0.010    11.9655   5126.02   0.0      7.33   1.7  10.07.2025  09:39:07
  8  12   1   5  $12    0.100   -17.7658   8057.99   0.0      2.29   1.8  10.07.2025  09:39:11
  8  12   2   6  $12    0.010    -2.5042   5900.35   0.0      9.07   7.3  10.07.2025  09:39:16
  8  12   3   7  $12    0.010    -4.2490   3754.35   0.0      7.18   7.3  10.07.2025  09:39:18
  8  12   1  13  $12    0.100    10.9413    806.93   0.0      2.36   5.3  10.07.2025  09:39:21
  8  12   2  14  $12    0.100    16.1843   2542.23   0.0      0.31  11.9  10.07.2025  09:39:24
  8  12   3  15  $12    0.100    19.5700   4401.49   0.0      0.62   6.1  10.07.2025  09:39:26
  8  12  16   4  $12    0.100   -21.4507   5391.15   0.0      2.50   3.6  10.07.2025  09:39:28
  8  12   9  13  $12    0.100    -5.0243    215.24   0.0     20.15   2.4  10.07.2025  09:39:30
  8  12  10  14  $12    0.100   -14.7828   2786.49   0.0     15.78   0.3  10.07.2025  09:39:32
  8  12  11  15  $12    0.010    -5.5724   7352.59   0.0     17.90   0.4  10.07.2025  09:39:37
  9  13  10  14  $12    0.010    20.6677   8854.01   0.0      2.53   2.8  10.07.2025  09:39:39
  9  13  11  15  $12    0.010    18.1786  34265.86   0.0      3.61   1.7  10.07.2025  09:39:41
  9  13  12  16  $12    0.010    10.0506  13261.50   0.0      3.67   0.7  10.07.2025  09:39:43
  9  13   6  10  $12    0.010    -7.4539   9835.23   0.0      4.92   8.7  10.07.2025  09:39:45
  9  13   7  11  $12    0.010    -2.2398   4221.90   0.0     12.97   2.6  10.07.2025  09:39:47
  9  13   8  12  $12    0.100    -5.3343    228.52   0.0     27.58   0.3  10.07.2025  09:39:51
  9  13   5   1  $12    0.010    10.5901  79847.73   0.0      0.12 104.4  10.07.2025  09:39:56
  9  13   6   2  $12    0.010     8.4840  38480.59   0.0      0.92  27.7  10.07.2025  09:39:58
  9  13   7   3  $12    0.010     6.5873  15521.02   0.0     -0.28  66.3  10.07.2025  09:40:00
  9  13   8   4  $12    0.010     5.2045   4598.54   0.0      1.36  18.4  10.07.2025  09:40:02
  9  13   2  14  $12    0.010     4.7367   3493.35   0.0      3.63   4.4  10.07.2025  09:40:04
  9  13   3  15  $12    0.010     9.3330  14660.30   0.0      4.84   3.9  10.07.2025  09:40:06
  9  13   4  16  $12    0.010     4.3293   9737.09   0.0      3.33   5.3  10.07.2025  09:40:08
 10  14   9  13  $12    0.010    20.6641   8852.49   0.0      1.85   2.3  10.07.2025  09:40:10
 10  14  11  15  $12    0.010    20.1833   8646.50   0.0      2.52   8.3  10.07.2025  09:40:12
 10  14  12  16  $12    0.010    14.3009  26956.60   0.0      7.07   0.8  10.07.2025  09:40:14
 10  14   5   9  $12    0.010    -7.6787   6784.72   0.0      3.54   4.7  10.07.2025  09:40:16
 10  14   7  11  $12    0.010    -4.6961   6196.30   0.0      9.00   2.5  10.07.2025  09:40:18
 10  14   8  12  $12    0.100   -15.2871   2881.55   0.0     18.59   0.1  10.07.2025  09:40:22
 10  14   5   1  $12    0.010     9.0450 103895.00   0.0      0.03 138.5  10.07.2025  09:40:27
 10  14   6   2  $12    0.010     7.4644  56280.56   0.0      0.74  23.0  10.07.2025  09:40:29
 10  14   7   3  $12    0.010     6.1160  27740.23   0.0      0.81  25.0  10.07.2025  09:40:31
 10  14   8   4  $12    0.010     5.0791  11967.36   0.0      1.02  29.6  10.07.2025  09:40:33
 10  14   1  13  $12    0.010     3.9526   3543.54   0.0      2.84   7.7  10.07.2025  09:40:35
 10  14   3  15  $12    0.010     9.3523   6897.39   0.0      2.61   7.6  10.07.2025  09:40:37
 10  14   4  16  $12    0.010     7.7094  12109.90   0.0      6.32   1.5  10.07.2025  09:40:39
 11  15   9  13  $12    0.010    18.1262  34167.18   0.0      3.71   0.4  10.07.2025  09:40:41
 11  15  10  14  $12    0.010    20.1977   8652.68   0.0      3.71   1.6  10.07.2025  09:40:43
 11  15  12  16  $12    0.010    15.5723   6671.17   0.0      7.35   0.7  10.07.2025  09:40:45
 11  15   5   9  $12    0.010    -3.1875   7510.34   0.0      7.83   3.1  10.07.2025  09:40:47
 11  15   6  10  $12    0.010    -5.4149   4784.49   0.0      9.00   0.1  10.07.2025  09:40:50
 11  15   8  12  $12    0.010    -5.7856   7633.98   0.0     16.97   0.3  10.07.2025  09:40:52
 11  15   5   1  $12    0.010     8.7885 144952.72   0.0      0.52  39.6  10.07.2025  09:40:54
 11  15   6   2  $12    0.010     7.2510  83288.22   0.0      0.65  59.5  10.07.2025  09:40:56
 11  15   7   3  $12    0.010     5.8823  44351.76   0.0      1.09  46.6  10.07.2025  09:40:58
 11  15   8   4  $12    0.010     5.0621  22959.93   0.0      1.59  20.1  10.07.2025  09:41:00
 11  15   1  13  $12    0.010     6.1405 135036.41   0.0      5.36   2.5  10.07.2025  09:41:02
 11  15   2  14  $12    0.010     7.5295   6750.19   0.0      1.25  14.5  10.07.2025  09:41:04
 11  15   4  16  $12    0.010     4.7248   3484.58   0.0      3.08   5.6  10.07.2025  09:41:06
 12  16   9  13  $12    0.010    10.0278  13231.37   0.0      4.16   2.3  10.07.2025  09:41:08
 12  16  10  14  $12    0.010    14.2090  26783.33   0.0      6.96   0.8  10.07.2025  09:41:10
 12  16  11  15  $12    0.010    15.4146   6603.60   0.0      7.69   0.2  10.07.2025  09:41:12
 12  16   5   9  $12    0.100   -17.9747   8152.76   0.0      7.41   0.6  10.07.2025  09:41:16
 12  16   6  10  $12    0.010    -2.6819   6319.07   0.0     16.52   0.2  10.07.2025  09:41:21
 12  16   7  11  $12    0.010    -6.1930   5472.00   0.0     16.54   1.2  10.07.2025  09:41:23
 12  16   5   1  $12    0.010     6.5131 147706.60   0.0      2.45  11.2  10.07.2025  09:41:25
 12  16   6   2  $12    0.010     5.7365  94613.84   0.0      0.68  15.6  10.07.2025  09:41:27
 12  16   7   3  $12    0.010     5.3081  60971.79   0.0      0.24  64.2  10.07.2025  09:41:29
 12  16   8   4  $12    0.010     5.0875  38358.91   0.0      2.50  12.4  10.07.2025  09:41:31
 12  16  13   1  $12    0.100   -16.5342   1617.12   0.0     14.18   0.1  10.07.2025  09:41:35
 12  16  14   2  $12    0.010    -5.5782 122671.91   0.0     15.78   1.0  10.07.2025  09:41:40
 12  16  15   3  $12    0.010    -3.7426   3355.27   0.0     13.65   3.4  10.07.2025  09:41:42
 13   1  14   2  $12    0.010    12.9455   4439.50   0.0      8.43   1.2  10.07.2025  09:41:44
 13   1  15   3  $12    0.010     9.1891   6968.27   0.0      9.23   2.2  10.07.2025  09:41:46
 13   1  16   4  $12    0.010     3.6392   4677.14   0.0      4.32   6.0  10.07.2025  09:41:48
 13   1  10  14  $12    0.010    -3.8936   3490.65   0.0     13.01   1.8  10.07.2025  09:41:50
 13   1  11  15  $12    0.010    -6.0770 133640.41   0.0     16.33   0.4  10.07.2025  09:41:52
 13   1  12  16  $12    0.100   -16.7132   1634.62   0.0     14.31   0.1  10.07.2025  09:41:56
 13   1   9   5  $12    0.100     6.9247   1740.38   0.0      4.12   4.2  10.07.2025  09:41:58
 13   1  10   6  $12    0.100     8.0744   1816.00   0.0      6.40   2.6  10.07.2025  09:42:00
 13   1  11   7  $12    0.100     9.9307   1559.91   0.0      7.33   0.2  10.07.2025  09:42:02
 13   1  12   8  $12    0.100    10.8407    799.51   0.0      3.96   0.9  10.07.2025  09:42:04
 13   1   6   2  $12    0.010     8.1996   6047.27   0.0      8.82   2.4  10.07.2025  09:42:09
 13   1   7   3  $12    0.010     2.0943   3289.65   0.0     -5.09  19.7  10.07.2025  09:42:11
 13   1   8   4  $12    0.100     8.4986   1911.41   0.0      0.07 103.8  10.07.2025  09:42:15
 14   2  13   1  $12    0.010    12.8965   4422.68   0.0      8.05   1.1  10.07.2025  09:42:20
 14   2  15   3  $12    0.010    13.1753   4518.30   0.0      3.31   8.6  10.07.2025  09:42:22
 14   2  16   4  $12    0.010     8.8732   6728.71   0.0      8.91   0.8  10.07.2025  09:42:24
 14   2   9  13  $12    0.010    -4.6696   3443.88   0.0     11.92   0.0  10.07.2025  09:42:26
 14   2  11  15  $12    0.010    -7.4148   6647.41   0.0      8.17   0.8  10.07.2025  09:42:28
 14   2  12  16  $12    0.010    -5.6717 124728.13   0.0     19.01   1.0  10.07.2025  09:42:30
 14   2   9   5  $12    0.100     9.2661   2084.04   0.0      2.96   0.9  10.07.2025  09:42:34
 14   2  10   6  $12    0.100    10.9982   2764.14   0.0      5.30   0.1  10.07.2025  09:42:36
 14   2  11   7  $12    0.100    14.1319   3178.41   0.0      5.96   0.2  10.07.2025  09:42:38
 14   2  12   8  $12    0.100    16.0808   2525.97   0.0      1.39   4.8  10.07.2025  09:42:40
 14   2   5   1  $12    0.010     7.2814   6527.82   0.0      9.99   0.2  10.07.2025  09:42:45
 14   2   7   3  $12    0.010     4.3301   3193.52   0.0     -1.91   7.0  10.07.2025  09:42:47
 14   2   8   4  $12    0.100    15.5366   2440.49   0.0      0.92   1.1  10.07.2025  09:42:50
 15   3  13   1  $12    0.010     9.1458   6935.38   0.0      9.16   0.7  10.07.2025  09:42:55
 15   3  14   2  $12    0.010    13.2034   4527.94   0.0      3.70   2.5  10.07.2025  09:42:57
 15   3  16   4  $12    0.010    12.7731   4380.36   0.0      4.66   1.3  10.07.2025  09:42:59
 15   3   9  13  $12    0.010    -9.1943  14442.44   0.0     10.96   1.0  10.07.2025  09:43:01
 15   3  10  14  $12    0.010    -9.3232   6875.92   0.0      6.99   3.8  10.07.2025  09:43:03
 15   3  12  16  $12    0.010    -3.7901   3397.83   0.0     12.78   3.0  10.07.2025  09:43:05
 15   3   9   5  $12    0.100     9.9741   1566.73   0.0      1.93   3.1  10.07.2025  09:43:09
 15   3  10   6  $12    0.100    12.5608   2825.04   0.0      3.81   1.9  10.07.2025  09:43:11
 15   3  11   7  $12    0.100    16.3184   4101.26   0.0      4.37   0.6  10.07.2025  09:43:13
 15   3  12   8  $12    0.100    19.4678   4378.50   0.0      0.89   1.6  10.07.2025  09:43:15
 15   3   5   1  $12    0.100   -10.9753  24136.02   0.0    -16.09   0.3  10.07.2025  09:43:18
 15   3   6   2  $12    0.010     2.5852   2317.64   0.0     -0.71  63.0  10.07.2025  09:43:22
 15   3   8   4  $12    0.010     7.0100   5169.92   0.0      1.62   4.2  10.07.2025  09:43:24
 16   4  13   1  $12    0.010     3.6362   4673.27   0.0      4.03   6.5  10.07.2025  09:43:27
 16   4  14   2  $12    0.010     8.8308   6696.56   0.0      6.40   1.1  10.07.2025  09:43:29
 16   4  15   3  $12    0.010    12.7166   4361.00   0.0      3.75   2.5  10.07.2025  09:43:31
 16   4   9  13  $12    0.010    -4.2721   9608.27   0.0     11.62   7.5  10.07.2025  09:43:33
 16   4  10  14  $12    0.010    -7.5280  11824.90   0.0     10.68   1.0  10.07.2025  09:43:35
 16   4  11  15  $12    0.010    -4.6137   3402.61   0.0      9.26   1.7  10.07.2025  09:43:37
 16   4   9   5  $12    0.100     9.2917    685.27   0.0      1.99   2.7  10.07.2025  09:43:41
 16   4  10   6  $12    0.100    12.2120   1918.26   0.0      2.33   3.5  10.07.2025  09:43:43
 16   4  11   7  $12    0.100    16.8015   3778.83   0.0      3.00   0.2  10.07.2025  09:43:45
 16   4  12   8  $12    0.100    21.4199   5383.41   0.0      2.40   1.3  10.07.2025  09:43:47
 16   4   5   1  $12    0.100   -16.1294   1577.53   0.0     -0.70  10.4  10.07.2025  09:43:49
 16   4   6   2  $12   10.000    19.7293    433.87   0.5     50.75   2.0  10.07.2025  09:43:54
 16   4   7   3  $12    0.010     6.3193   5665.23   0.0      3.48   3.0  10.07.2025  09:44:05
  1   4   2   3  $12    0.010    13.5647   8522.94   0.0      6.69   3.1  10.07.2025  09:44:07
  2   3   1   4  $12    0.010    13.5649   8523.10   0.0      6.22   1.3  10.07.2025  09:44:09
  1   2   3   4  $12    0.100   -13.8453   2609.77   0.0      1.26  14.6  10.07.2025  09:44:13
  3   4   1   2  $12    0.100   -13.7600   2593.70   0.0      3.63  10.6  10.07.2025  09:44:15
  5   8   6   7  $12    0.010     5.1246   3219.91   0.0      2.89   2.6  10.07.2025  09:44:20
  6   7   5   8  $12    0.010     5.1209   3217.54   0.0      2.66  12.0  10.07.2025  09:44:22
  5   6   7   8  $12    0.010    -3.6408   6862.78   0.0      8.62   1.0  10.07.2025  09:44:24
  7   8   5   6  $12    0.010    -3.6416   6864.20   0.0      8.59   1.7  10.07.2025  09:44:26
  9  12  10  11  $12    0.010     9.2024   5782.04   0.0      6.00   1.2  10.07.2025  09:44:28
 10  11   9  12  $12    0.010     9.2862   5834.71   0.0      6.72   2.3  10.07.2025  09:44:30
  9  10  11  12  $12    0.100   -12.1286   2286.19   0.0      7.68   0.4  10.07.2025  09:44:34
 11  12   9  10  $12    0.100   -12.0509   2271.55   0.0     10.15   0.3  10.07.2025  09:44:36
 13  16  14  15  $12    0.010    -5.4232   3407.49   0.0     18.04   0.4  10.07.2025  09:44:41
 14  15  13  16  $12    0.010    -5.4584   3429.61   0.0      8.21   3.2  10.07.2025  09:44:43
 13  14  15  16  $12    0.010     3.5352   6663.70   0.0      6.55   2.3  10.07.2025  09:44:45
  1   9  10   2  $12    0.001    -2.4942   8975.47   0.0     13.59   2.0  10.07.2025  09:44:50
  1   9  11   3  $12    0.010   -11.8578  10159.70   0.0      6.45   2.6  10.07.2025  09:44:54
  1   9  12   4  $12    0.010    -7.6095  12724.06   0.0      8.52   1.1  10.07.2025  09:44:56
  2  10   9   1  $12    0.001    -2.4856   8944.70   0.0     14.36   5.8  10.07.2025  09:45:01
  2  10  11   3  $12    0.010   -16.4644   5924.81   0.0      5.79   2.2  10.07.2025  09:45:04
  2  10  12   4  $12    0.010    -9.6828   8296.17   0.0      8.08   1.4  10.07.2025  09:45:06
  3  11   9   1  $12    0.010   -11.8543  10156.77   0.0      5.99   1.5  10.07.2025  09:45:08
  3  11  10   2  $12    0.010   -16.4434   5917.25   0.0      6.05   1.1  10.07.2025  09:45:10
  3  11  12   4  $12    0.010   -19.5998   7053.10   0.0     10.00   0.6  10.07.2025  09:45:13
 12   4   9   1  $12    0.010     7.6380  12771.83   0.0      4.60   1.2  10.07.2025  09:45:15
 12   4  10   2  $12    0.010     9.6994   8310.41   0.0      4.75   3.5  10.07.2025  09:45:17
 12   4  11   3  $12    0.010    19.5501   7035.19   0.0      7.17   2.1  10.07.2025  09:45:19
 13   5  14   6  $12    0.010    19.5963   7051.82   0.0      3.78   1.6  10.07.2025  09:45:21
 13   5  15   7  $12    0.010    19.7295  16904.21   0.0      4.07   0.8  10.07.2025  09:45:23
 13   5  16   8  $12    0.010    11.0938  18550.39   0.0      2.83   0.7  10.07.2025  09:45:25
 14   6  13   5  $12    0.010    19.5742   7043.89   0.0      4.27   0.6  10.07.2025  09:45:27
 14   6  15   7  $12    0.001     2.4885   8954.99   0.0     -3.66   4.4  10.07.2025  09:45:32
 14   6  16   8  $12    0.010    15.6448  13404.40   0.0      4.91   0.4  10.07.2025  09:45:36
 15   7  13   5  $12    0.010    19.6755  16857.92   0.0      4.92   1.2  10.07.2025  09:45:38
 15   7  14   6  $12    0.001     2.4877   8952.05   0.0     -2.43  16.7  10.07.2025  09:45:43
 15   7  16   8  $12    0.010    15.3518   5524.42   0.0      3.64   1.3  10.07.2025  09:45:46
 16   8  13   5  $12    0.010    11.0684  18507.97   0.0      3.42   2.3  10.07.2025  09:45:48
 16   8  14   6  $12    0.010    15.5874  13355.28   0.0      5.25   1.2  10.07.2025  09:45:50
 16   8  15   7  $12    0.010    15.3263   5515.24   0.0      3.19   2.9  10.07.2025  09:45:52
  1   2   5   6  $12    1.000     0.9640    181.71   0.9     55.48   4.6  10.07.2025  09:46:01
  2   3   6   7  $12    1.000     6.7331   1269.16   0.0      0.57   7.8  10.07.2025  09:46:03
  3   4   7   8  $12    1.000    12.4304   2343.08   0.0     17.24   0.6  10.07.2025  09:46:05
  1   2   9  10  $12    1.000    -3.8399   6080.03   0.0      2.60  16.4  10.07.2025  09:46:07
  2   3  10  11  $12    1.000    -3.8357   6073.36   0.0      2.54   1.8  10.07.2025  09:46:10
  3   4  11  12  $12   10.000    -2.9328    464.37   0.9    918.23   1.3  10.07.2025  09:46:14
  1   2  13  14  $12    0.100     4.0711 219471.27   0.0     -3.30   3.4  10.07.2025  09:46:22
  2   3  14  15  $12    0.100    -2.2078 119021.59   0.0     16.55   2.4  10.07.2025  09:46:24
  3   4  15  16  $12    0.100     4.1389 223127.36   0.0     -3.97   2.7  10.07.2025  09:46:26
  5   6   9  10  $12    1.000     9.4084   1773.43   0.0      1.06   3.5  10.07.2025  09:46:30
  6   7  10  11  $12    1.000    16.5965   3128.38   0.0     -0.05  67.5  10.07.2025  09:46:32
  7   8  11  12  $12    0.100     2.3828   4491.39   0.0    -12.34   0.3  10.07.2025  09:46:37
  5   6  13  14  $12   10.000     8.2035   1298.91   0.0     -7.38   3.7  10.07.2025  09:46:43
  6   7  14  15  $12   10.000    -4.8536    768.51   0.2     45.18   3.7  10.07.2025  09:46:45
  7   8  15  16  $12    1.000     5.0585   8009.45   0.0    -10.28   0.3  10.07.2025  09:46:50
  9  10  13  14  $12   10.000    17.7974    335.47   0.0     -6.06   0.8  10.07.2025  09:46:54
 10  11  14  15  $12    1.000    -4.4109    831.43   0.0      6.19   2.8  10.07.2025  09:46:58
 11  12  15  16  $12    1.000     7.2808   1372.40   0.0     11.71   0.5  10.07.2025  09:47:00
  1   2   6   7  $12    1.000     0.1466     55.28   0.3    204.94   1.1  10.07.2025  09:47:16
  2   3   7   8  $12    1.000    12.6230   4758.75   0.0     -3.15   8.8  10.07.2025  09:47:18
  1   2   7   8  $12    1.000    -0.6151    405.78   0.1    252.13   0.4  10.07.2025  09:47:24
  2   3   7   8  $12    1.000    12.6155   4755.91   0.0     -4.14   2.3  10.07.2025  09:47:25
  1   2  10  11  $12    1.000    -6.4259  14535.07   0.0      3.69  22.8  10.07.2025  09:47:27
  2   3  11  12  $12    1.000    -3.3208   7511.40   0.0      3.89   8.6  10.07.2025  09:47:30
  1   2  11  12  $12    1.000    -5.6866  17686.43   0.0    -24.28   0.7  10.07.2025  09:47:32
  2   3  11  12  $12    1.000    -3.3931   7675.04   0.0     -1.82   9.5  10.07.2025  09:47:34
  1   2  14  15  $12    1.000   -18.5149 127034.98   0.0      4.46   0.4  10.07.2025  09:47:36
  2   3  15  16  $12    0.100     8.3406 572267.92   0.0     -0.09 101.9  10.07.2025  09:47:41
  1   2  15  16  $12    0.100     6.1369 526338.25   0.0     -0.92   5.1  10.07.2025  09:47:43
  2   3  15  16  $12    0.100     8.3563 573344.94   0.0     -0.14  73.6  10.07.2025  09:47:45
  5   6  10  11  $12    1.000    15.4380   5819.97   0.0     -2.78   1.7  10.07.2025  09:47:49
  6   7  11  12  $12    1.000    12.2796   4629.28   0.0     -8.05   2.2  10.07.2025  09:47:51
  5   6  11  12  $12    1.000    10.7387   7084.69   0.0     -8.39   0.4  10.07.2025  09:47:53
  6   7  11  12  $12    1.000    12.2718   4626.35   0.0     -9.02   0.7  10.07.2025  09:47:55
  5   6  14  15  $12   10.000    -3.4653    783.84   0.1   -126.34   2.4  10.07.2025  09:47:59
  6   7  15  16  $12   10.000    22.2228   5026.69   0.1    124.58   1.8  10.07.2025  09:48:01
  5   6  15  16  $12   10.000    21.8938   6809.35   0.0     29.71   1.1  10.07.2025  09:48:03
  6   7  15  16  $12    1.000     2.4510   5544.00   0.0      3.11   3.4  10.07.2025  09:48:08
  9  10  14  15  $12   10.000   -13.5574    511.10   0.0     -3.72   2.4  10.07.2025  09:48:11
 10  11  15  16  $12    1.000     4.1304   1557.12   0.0      0.24  39.8  10.07.2025  09:48:16
  9  10  15  16  $12   10.000    -5.4680    360.74   0.0    -32.61   0.3  10.07.2025  09:48:20
 10  11  15  16  $12    1.000     4.1124   1550.33   0.0     -0.43   7.9  10.07.2025  09:48:25
