//C:\Users\user\Desktop\GeoTom\GeoTomE724.ini
//- Cable direction:
//  cable I: normal
//  cable II: normal
//  cable III: normal
//  cable IV: normal
//- Cable arrangement: sequential
//- Optimization: Last measurement
//- Sorting: Multi-level
//- Current levels: 0.001 mA .. 50.0 mA
Type:         Flow
Name:         Hyprop
Comment:      Example of a measurements sequence
Comment:      
Comment:      
Spacing:      1.00000
First El:     0.00000
Nr of points: 289
IP present:   1

  1   5   2   6  $12    0.001     2.6100  11181.22   0.0      1.42  55.2  10.07.2025  15:35:08
  1   5   3   7  $12    0.010    12.9476  24405.57   0.0      3.82   7.0  10.07.2025  15:35:12
  1   5   4   8  $12    0.010     7.6266  10063.01   0.0      2.86   6.2  10.07.2025  15:35:14
  1   5  14   2  $12    0.010    -9.3306   8364.91   0.0     11.58   2.1  10.07.2025  15:35:16
  1   5  15   3  $12    0.100    11.3929  25054.26   0.0    -12.09   0.8  10.07.2025  15:35:20
  1   5  16   4  $12    0.100    17.8418   1745.00   0.0     -1.91   1.0  10.07.2025  15:35:22
  1   5  13   9  $12    0.010    12.1239  91412.30   0.0      2.00   1.6  10.07.2025  15:35:27
  1   5  14  10  $12    0.010    10.4259 119756.20   0.0      1.91   2.9  10.07.2025  15:35:29
  1   5  15  11  $12    0.010    10.1166 166857.40   0.0      1.70   5.5  10.07.2025  15:35:31
  1   5  16  12  $12    0.010     7.5574 171389.01   0.0      2.94   5.7  10.07.2025  15:35:33
  1   5  10   6  $12    0.010     5.9310   5240.48   0.0      5.39   3.6  10.07.2025  15:35:35
  1   5  11   7  $12    0.010     3.9922   9406.48   0.0      1.23  13.9  10.07.2025  15:35:37
  1   5  12   8  $12    0.100    18.5924   8432.91   0.0      2.54   0.7  10.07.2025  15:35:41
  2   6   1   5  $12    0.001     2.6055  11161.83   0.0      1.88  26.4  10.07.2025  15:35:49
  2   6   3   7  $12    0.001     2.0441   8756.70   0.1     -2.22   9.2  10.07.2025  15:35:51
  2   6   4   8  $12    0.010     9.2823  17496.76   0.0      3.25   1.1  10.07.2025  15:35:55
  2   6  13   1  $12    0.010   -10.1819   7509.23   0.0     10.06   3.0  10.07.2025  15:35:57
  2   6  15   3  $12    0.010    -2.6668   2390.75   0.0      9.73  10.9  10.07.2025  15:35:59
  2   6  16   4  $12    1.000     6.8648   1509.66   0.2    -70.03   0.3  10.07.2025  15:36:04
  2   6  13   9  $12    0.010     9.9080  44939.40   0.0      2.21   1.1  10.07.2025  15:36:12
  2   6  14  10  $12    0.010     8.7463  65945.38   0.0      2.13   1.5  10.07.2025  15:36:14
  2   6  15  11  $12    0.010     8.4949  97576.62   0.0      1.14   9.7  10.07.2025  15:36:16
  2   6  16  12  $12    0.010     6.7263 110939.56   0.0      1.22  18.8  10.07.2025  15:36:18
  2   6   9   5  $12    0.010     5.5848   7368.91   0.0      3.95   3.0  10.07.2025  15:36:20
  2   6  11   7  $12    0.010     8.9618   7918.45   0.0      3.49   3.6  10.07.2025  15:36:22
  2   6  12   8  $12    0.010     2.6624   6273.22   0.0     -2.05  16.6  10.07.2025  15:36:24
  3   7   1   5  $12    0.010    12.9462  24403.08   0.0      2.83   4.5  10.07.2025  15:36:26
  3   7   2   6  $12    0.010    20.0858   8604.75   0.0      2.59   0.7  10.07.2025  15:36:28
  3   7   4   8  $12    0.010    17.3799   7445.54   0.0      4.04   0.4  10.07.2025  15:36:30
  3   7  13   1  $12    0.010    -2.2611   3551.76   0.1     19.79   8.2  10.07.2025  15:36:32
  3   7  14   2  $12    0.010    -4.6136   3402.53   0.1      9.92  13.2  10.07.2025  15:36:34
  3   7  16   4  $12    0.010    -6.9449   6226.08   0.0     11.71   3.0  10.07.2025  15:36:36
  3   7  13   9  $12    0.010     7.6875  18113.15   0.0      1.02   3.2  10.07.2025  15:36:39
  3   7  14  10  $12    0.010     7.1234  32309.42   0.0      1.32   4.4  10.07.2025  15:36:41
  3   7  15  11  $12    0.010     6.8503  51649.73   0.0      0.81  24.6  10.07.2025  15:36:43
  3   7  16  12  $12    0.010     6.1432  70564.07   0.0      2.18   2.9  10.07.2025  15:36:45
  3   7   9   5  $12    0.010     2.9987   5652.44   0.0      0.89  19.4  10.07.2025  15:36:47
  3   7  10   6  $12    0.010     8.3069  10960.63   0.0      2.83   4.0  10.07.2025  15:36:49
  3   7  12   8  $12    0.010     4.3008   3800.08   0.0      0.51  61.3  10.07.2025  15:36:51
  4   8   1   5  $12    0.010     7.6461  10088.76   0.0      1.70  11.6  10.07.2025  15:36:53
  4   8   2   6  $12    0.010     9.2878  17507.01   0.0      1.93   3.6  10.07.2025  15:36:55
  4   8   3   7  $12    0.010    17.3463   7431.12   0.0      2.82   1.7  10.07.2025  15:36:57
  4   8  13   1  $12    0.100    -8.7783   1974.33   0.0      6.81   2.0  10.07.2025  15:37:01
  4   8  14   2  $12    0.100   -16.4336   2581.39   0.0      4.49   1.1  10.07.2025  15:37:03
  4   8  15   3  $12    0.010    -7.5357   5557.65   0.0      6.82   1.7  10.07.2025  15:37:08
  4   8  13   9  $12    0.010     6.1062   5395.28   0.0      0.73  22.0  10.07.2025  15:37:10
  4   8  14  10  $12    0.010     5.9182  13944.41   0.0      1.62   4.0  10.07.2025  15:37:12
  4   8  15  11  $12    0.010     5.8910  26719.56   0.0      0.48  48.7  10.07.2025  15:37:14
  4   8  16  12  $12    0.010     5.8451  44071.04   0.0      1.16  11.7  10.07.2025  15:37:16
  4   8   9   5  $12    0.100     6.3021    269.98   0.0      1.02   2.1  10.07.2025  15:37:19
  4   8  10   6  $12    0.100    17.0823   3219.93   0.0      1.13  15.9  10.07.2025  15:37:21
  4   8  11   7  $12    0.010     3.9006   5146.76   0.0     -1.06  16.8  10.07.2025  15:37:26
  5   9   6  10  $12    0.010    15.1563   6492.94   0.0      3.15   2.2  10.07.2025  15:37:28
  5   9   7  11  $12    0.010     7.6424  14405.63   0.0      1.95   3.0  10.07.2025  15:37:30
  5   9   8  12  $12    0.010     3.6175   4773.18   0.0      2.08  11.7  10.07.2025  15:37:33
  5   9   2   6  $12    0.010    -5.5664   7344.75   0.0      7.94   3.4  10.07.2025  15:37:35
  5   9   3   7  $12    0.010    -2.9638   5586.54   0.0      8.73   2.9  10.07.2025  15:37:37
  5   9   4   8  $12    0.100    -6.2172    266.34   0.0      6.04   0.2  10.07.2025  15:37:40
  5   9   1  13  $12    0.100     6.8672   1725.92   0.0      4.26   4.1  10.07.2025  15:37:42
  5   9   2  14  $12    0.100     9.1865   2066.12   0.0      2.28   5.5  10.07.2025  15:37:44
  5   9   3  15  $12    0.100     9.7728   1535.10   0.0      2.78  14.6  10.07.2025  15:37:46
  5   9   4  16  $12    0.100     9.2742    683.98   0.0      0.94   4.3  10.07.2025  15:37:48
  5   9  14  10  $12    0.010     8.6283   7623.71   0.0      1.70   1.3  10.07.2025  15:37:53
  5   9  15  11  $12    0.010     3.6741   8656.84   0.0     -0.60  81.0  10.07.2025  15:37:55
  5   9  16  12  $12    0.010     2.0578   9333.71   0.0     -0.44  37.4  10.07.2025  15:37:58
  6  10   5   9  $12    0.010    15.0974   6467.73   0.0      4.76   4.1  10.07.2025  15:38:00
  6  10   7  11  $12    0.010    15.5297   6652.89   0.0      4.52   4.9  10.07.2025  15:38:02
  6  10   8  12  $12    0.010     5.9079  11136.21   0.0      4.98   1.2  10.07.2025  15:38:04
  6  10   1   5  $12    0.010    -5.8522   5170.82   0.0     10.63   2.3  10.07.2025  15:38:06
  6  10   3   7  $12    0.010    -8.2847  10931.42   0.0      7.09   1.6  10.07.2025  15:38:08
  6  10   4   8  $12    0.100   -16.9933   3203.17   0.0      3.32   1.0  10.07.2025  15:38:11
  6  10   1  13  $12    0.100     8.0039   1800.15   0.0      5.87   1.7  10.07.2025  15:38:13
  6  10   2  14  $12    0.100    10.9158   2743.43   0.0      4.91   1.6  10.07.2025  15:38:15
  6  10   3  15  $12    0.100    12.3422   2775.87   0.0      4.36   1.7  10.07.2025  15:38:17
  6  10   4  16  $12    0.100    12.2312   1921.27   0.0      0.81   4.3  10.07.2025  15:38:19
  6  10  13   9  $12    0.010     8.4303  11123.58   0.0      2.35   2.2  10.07.2025  15:38:24
  6  10  15  11  $12    0.010     5.9617   5267.63   0.0      3.26  18.5  10.07.2025  15:38:26
  6  10  16  12  $12    0.010     2.9759   7011.90   0.0      4.93   5.5  10.07.2025  15:38:28
  7  11   5   9  $12    0.010     7.6190  14361.56   0.0      3.05   4.2  10.07.2025  15:38:30
  7  11   6  10  $12    0.010    15.4880   6635.06   0.0      4.27   2.1  10.07.2025  15:38:32
  7  11   8  12  $12    0.010    12.1884   5221.50   0.0     10.52   0.9  10.07.2025  15:38:34
  7  11   1   5  $12    0.010    -3.9421   9288.44   0.0      8.39   1.4  10.07.2025  15:38:37
  7  11   2   6  $12    0.010    -8.9092   7871.93   0.0      6.19   0.7  10.07.2025  15:38:39
  7  11   4   8  $12    0.010    -3.8509   5081.20   0.0     10.51   1.9  10.07.2025  15:38:41
  7  11   1  13  $12    0.100    10.2157   1604.67   0.0      6.44   0.2  10.07.2025  15:38:44
  7  11   2  14  $12    0.100    14.4196   3243.10   0.0      5.06   2.3  10.07.2025  15:38:47
  7  11   3  15  $12    0.100    16.5533   4160.30   0.0      5.58   1.1  10.07.2025  15:38:49
  7  11   4  16  $12    0.100    17.1257   3851.72   0.0      2.55   0.8  10.07.2025  15:38:51
  7  11  13   9  $12    0.010     2.6169   4932.73   0.0     -1.80  14.1  10.07.2025  15:38:56
  7  11  14  10  $12    0.010     5.0942   6721.58   0.0      3.85   0.8  10.07.2025  15:38:58
  7  11  16  12  $12    0.010     6.5582   5794.64   0.0     17.33   5.3  10.07.2025  15:39:00
  8  12   5   9  $12    0.010     3.5861   4731.69   0.0      1.04   4.7  10.07.2025  15:39:02
  8  12   6  10  $12    0.010     5.8435  11014.66   0.0      4.53   5.6  10.07.2025  15:39:04
  8  12   7  11  $12    0.010    11.9802   5132.33   0.0      8.53   0.5  10.07.2025  15:39:06
  8  12   1   5  $12    0.100   -18.6739   8469.88   0.0      3.50   1.2  10.07.2025  15:39:09
  8  12   2   6  $12    0.010    -2.6196   6172.21   0.0     11.96   4.4  10.07.2025  15:39:14
  8  12   3   7  $12    0.010    -4.2460   3751.62   0.0      8.16   4.5  10.07.2025  15:39:16
  8  12   1  13  $12    0.100    11.6621    860.09   0.0      1.05  10.1  10.07.2025  15:39:20
  8  12   2  14  $12    0.100    17.1235   2689.75   0.0     -1.79  16.6  10.07.2025  15:39:22
  8  12   3  15  $12    0.100    20.6097   4635.31   0.0      0.11  41.6  10.07.2025  15:39:24
  8  12  16   4  $12    0.100   -22.5562   5668.99   0.0      3.13   2.7  10.07.2025  15:39:26
  8  12   9  13  $12    0.100    -4.9231    210.91   0.1     18.71  10.6  10.07.2025  15:39:28
  8  12  10  14  $12    0.100   -14.3717   2709.00   0.0     14.57   0.4  10.07.2025  15:39:30
  8  12  11  15  $12    0.010    -5.5142   7275.82   0.0     19.28   0.7  10.07.2025  15:39:35
  9  13  10  14  $12    0.001     2.4036  10297.14   0.0     -4.56   4.2  10.07.2025  15:39:40
  9  13  11  15  $12    0.001     2.0926  39444.40   0.0     -0.73 133.4  10.07.2025  15:39:42
  9  13  12  16  $12    0.010    11.5975  15302.51   0.0      3.98   0.3  10.07.2025  15:39:46
  9  13   6  10  $12    0.010    -8.3874  11066.89   0.0      4.67   7.8  10.07.2025  15:39:48
  9  13   7  11  $12    0.010    -2.5788   4860.84   0.0     11.02   2.6  10.07.2025  15:39:50
  9  13   8  12  $12    0.100    -5.2290    224.01   0.0     23.33   0.8  10.07.2025  15:39:54
  9  13   5   1  $12    0.010    12.1408  91539.19   0.0      1.28   7.2  10.07.2025  15:39:59
  9  13   6   2  $12    0.010     9.9091  44944.34   0.0      1.67   2.2  10.07.2025  15:40:01
  9  13   7   3  $12    0.010     7.7115  18169.77   0.0      0.89  14.9  10.07.2025  15:40:03
  9  13   8   4  $12    0.010     6.1325   5418.47   0.0      2.23   5.7  10.07.2025  15:40:05
  9  13   2  14  $12    0.010     5.3660   3957.44   0.0     -0.75  91.6  10.07.2025  15:40:07
  9  13   3  15  $12    0.010    10.2677  16128.44   0.0      6.95   1.3  10.07.2025  15:40:09
  9  13   4  16  $12    0.010     4.9751  11189.57   0.0      2.64   5.9  10.07.2025  15:40:11
 10  14   9  13  $12    0.001     2.4046  10301.40   0.0     -2.21  13.3  10.07.2025  15:40:16
 10  14  11  15  $12    0.001     2.3239   9955.38   0.0     -2.71  18.5  10.07.2025  15:40:18
 10  14  12  16  $12    0.010    15.8523  29880.89   0.0      6.13   0.6  10.07.2025  15:40:22
 10  14   5   9  $12    0.010    -8.5866   7586.89   0.0      4.50   3.6  10.07.2025  15:40:24
 10  14   7  11  $12    0.010    -5.0710   6690.96   0.0      7.54   1.2  10.07.2025  15:40:26
 10  14   8  12  $12    0.100   -14.9034   2809.23   0.0     17.53   0.3  10.07.2025  15:40:29
 10  14   5   1  $12    0.010    10.4420 119941.56   0.0      1.01  27.4  10.07.2025  15:40:34
 10  14   6   2  $12    0.010     8.7506  65978.25   0.0      1.48  11.9  10.07.2025  15:40:36
 10  14   7   3  $12    0.010     7.1416  32391.97   0.0      0.70  45.9  10.07.2025  15:40:38
 10  14   8   4  $12    0.010     5.9373  13989.45   0.0      1.58  13.4  10.07.2025  15:40:40
 10  14   1  13  $12    0.010     4.6289   4149.86   0.0      4.76   3.9  10.07.2025  15:40:42
 10  14   3  15  $12    0.010    10.6164   7829.66   0.0      2.09  12.4  10.07.2025  15:40:44
 10  14   4  16  $12    0.010     8.4290  13240.21   0.0      7.24   0.6  10.07.2025  15:40:47
 11  15   9  13  $12    0.010    20.4823  38608.28   0.0      5.09   0.8  10.07.2025  15:40:49
 11  15  10  14  $12    0.010    22.8749   9799.60   0.0      3.18   0.8  10.07.2025  15:40:51
 11  15  12  16  $12    0.010    17.0248   7293.40   0.0      7.50   0.5  10.07.2025  15:40:53
 11  15   5   9  $12    0.010    -3.6195   8528.23   0.0     10.50   3.3  10.07.2025  15:40:55
 11  15   6  10  $12    0.010    -5.8938   5207.63   0.0      8.68   1.4  10.07.2025  15:40:57
 11  15   8  12  $12    0.010    -5.7237   7552.24   0.0     18.70   0.6  10.07.2025  15:40:59
 11  15   5   1  $12    0.010    10.1212 166932.41   0.0      1.66   9.3  10.07.2025  15:41:01
 11  15   6   2  $12    0.010     8.4861  97475.03   0.0      2.08   3.5  10.07.2025  15:41:03
 11  15   7   3  $12    0.010     6.8688  51789.18   0.0      1.46   8.0  10.07.2025  15:41:05
 11  15   8   4  $12    0.010     5.9079  26796.27   0.0      2.67   4.6  10.07.2025  15:41:07
 11  15   1  13  $12    0.010     6.7550 148551.28   0.0      7.37   4.6  10.07.2025  15:41:09
 11  15   2  14  $12    0.010     8.4860   7607.70   0.0      1.23  14.7  10.07.2025  15:41:11
 11  15   4  16  $12    0.010     5.3839   3970.69   0.0      3.16   2.8  10.07.2025  15:41:13
 12  16   9  13  $12    0.010    11.5678  15263.32   0.0      4.09   0.5  10.07.2025  15:41:15
 12  16  10  14  $12    0.010    15.7339  29657.61   0.0      6.61   1.0  10.07.2025  15:41:17
 12  16  11  15  $12    0.010    16.7948   7194.89   0.0      8.34   0.5  10.07.2025  15:41:19
 12  16   5   9  $12    0.100   -19.7957   8978.70   0.0      7.31   0.7  10.07.2025  15:41:23
 12  16   6  10  $12    0.010    -2.8588   6735.81   0.0     16.10   1.6  10.07.2025  15:41:28
 12  16   7  11  $12    0.010    -6.2688   5538.93   0.0     17.41   0.1  10.07.2025  15:41:30
 12  16   5   1  $12    0.010     7.5342 170863.82   0.0      2.12  11.9  10.07.2025  15:41:32
 12  16   6   2  $12    0.010     6.7091 110656.29   0.0      2.19   2.7  10.07.2025  15:41:34
 12  16   7   3  $12    0.010     6.1486  70625.33   0.0      1.62   6.6  10.07.2025  15:41:36
 12  16   8   4  $12    0.010     5.8616  44195.71   0.0      1.48   9.5  10.07.2025  15:41:38
 12  16  13   1  $12    0.100   -19.8023   1936.75   0.0     10.74   0.5  10.07.2025  15:41:42
 12  16  14   2  $12    0.010    -5.9356 130529.69   0.0     14.97   1.8  10.07.2025  15:41:47
 12  16  15   3  $12    0.010    -4.2565   3815.94   0.0     11.34   2.7  10.07.2025  15:41:49
 13   1  14   2  $12    0.010    15.6947   5382.30   0.0      6.98   0.9  10.07.2025  15:41:51
 13   1  15   3  $12    0.010    10.0323   7607.69   0.0     11.16   0.5  10.07.2025  15:41:53
 13   1  16   4  $12    0.010     4.0734   5235.06   0.0      3.63  17.2  10.07.2025  15:41:55
 13   1  10  14  $12    0.010    -4.5648   4092.35   0.0     12.94   0.4  10.07.2025  15:41:57
 13   1  11  15  $12    0.010    -6.6794 146886.81   0.0     18.46   1.2  10.07.2025  15:41:59
 13   1  12  16  $12    0.100   -20.0694   1962.87   0.0     12.48   0.2  10.07.2025  15:42:03
 13   1   9   5  $12    0.100     6.8342   1717.62   0.0      4.65   1.9  10.07.2025  15:42:05
 13   1  10   6  $12    0.100     7.9985   1798.93   0.0      5.82   0.9  10.07.2025  15:42:07
 13   1  11   7  $12    0.100    10.2444   1609.19   0.0      7.20   0.2  10.07.2025  15:42:09
 13   1  12   8  $12    0.100    11.6013    855.60   0.0      3.48   3.2  10.07.2025  15:42:11
 13   1   6   2  $12    0.010    10.2805   7581.93   0.0      6.28   0.3  10.07.2025  15:42:16
 13   1   7   3  $12    0.010     2.3043   3619.66   0.0     -1.43  19.6  10.07.2025  15:42:18
 13   1   8   4  $12    0.100     8.9081   2003.51   0.0      1.04   2.7  10.07.2025  15:42:21
 14   2  13   1  $12    0.010    15.6793   5377.03   0.0      7.05   2.2  10.07.2025  15:42:27
 14   2  15   3  $12    0.010    14.5376   4985.47   0.0      3.72   4.4  10.07.2025  15:42:29
 14   2  16   4  $12    0.010     9.4802   7189.01   0.0      8.76   0.4  10.07.2025  15:42:31
 14   2   9  13  $12    0.010    -5.3180   3922.08   0.0      9.30   2.9  10.07.2025  15:42:33
 14   2  11  15  $12    0.010    -8.3748   7508.00   0.0      5.86   0.4  10.07.2025  15:42:35
 14   2  12  16  $12    0.010    -6.0565 133188.97   0.0     18.47   0.6  10.07.2025  15:42:37
 14   2   9   5  $12    0.100     9.1604   2060.27   0.0      3.06   0.8  10.07.2025  15:42:40
 14   2  10   6  $12    0.100    10.9163   2743.55   0.0      6.10   1.1  10.07.2025  15:42:42
 14   2  11   7  $12    0.100    14.4825   3257.25   0.0      6.93   0.4  10.07.2025  15:42:45
 14   2  12   8  $12    0.100    17.0814   2683.14   0.0      0.78   6.2  10.07.2025  15:42:47
 14   2   5   1  $12    0.010     9.4379   8461.13   0.0      8.42   0.8  10.07.2025  15:42:52
 14   2   7   3  $12    0.010     4.6795   3451.15   0.0      0.10  13.9  10.07.2025  15:42:54
 14   2   8   4  $12    0.100    16.7187   2626.16   0.0      2.21   1.3  10.07.2025  15:42:57
 15   3  13   1  $12    0.010     9.9591   7552.11   0.0     10.48   1.0  10.07.2025  15:43:02
 15   3  14   2  $12    0.010    14.5648   4994.81   0.0      3.91   2.2  10.07.2025  15:43:04
 15   3  16   4  $12    0.010    14.0509   4818.57   0.0      4.41   1.9  10.07.2025  15:43:06
 15   3   9  13  $12    0.010   -10.0931  15854.28   0.0     12.68   1.6  10.07.2025  15:43:08
 15   3  10  14  $12    0.010   -10.6085   7823.85   0.0      5.37   1.6  10.07.2025  15:43:10
 15   3  12  16  $12    0.010    -4.3250   3877.40   0.0     12.16   0.6  10.07.2025  15:43:12
 15   3   9   5  $12    0.100     9.6979   1523.34   0.0      2.74   2.7  10.07.2025  15:43:16
 15   3  10   6  $12    0.100    12.3122   2769.12   0.0      4.08   1.3  10.07.2025  15:43:18
 15   3  11   7  $12    0.100    16.5859   4168.48   0.0      5.45   0.4  10.07.2025  15:43:20
 15   3  12   8  $12    0.100    20.5320   4617.83   0.0      1.46   3.0  10.07.2025  15:43:22
 15   3   5   1  $12    0.100   -11.3711  25006.30   0.0    -13.87   0.3  10.07.2025  15:43:24
 15   3   6   2  $12    0.010     2.7026   2422.92   0.0     -1.24  37.7  10.07.2025  15:43:29
 15   3   8   4  $12    0.010     7.6472   5639.86   0.0      2.62   2.1  10.07.2025  15:43:31
 16   4  13   1  $12    0.010     4.0897   5256.12   0.0      4.22   9.6  10.07.2025  15:43:33
 16   4  14   2  $12    0.010     9.4673   7179.18   0.0      6.13   2.4  10.07.2025  15:43:35
 16   4  15   3  $12    0.010    14.0113   4805.01   0.0      4.17   5.3  10.07.2025  15:43:37
 16   4   9  13  $12    0.010    -4.8997  11019.88   0.0     12.81   2.6  10.07.2025  15:43:39
 16   4  10  14  $12    0.010    -8.2198  12911.69   0.0     11.39   0.7  10.07.2025  15:43:41
 16   4  11  15  $12    0.010    -5.2682   3885.37   0.0      9.03   1.5  10.07.2025  15:43:43
 16   4   9   5  $12    0.100     9.2381    681.32   0.0      2.11   1.8  10.07.2025  15:43:47
 16   4  10   6  $12    0.100    12.1930   1915.28   0.0      1.97   4.5  10.07.2025  15:43:49
 16   4  11   7  $12    0.100    17.1597   3859.37   0.0      3.60   0.8  10.07.2025  15:43:51
 16   4  12   8  $12    0.100    22.5384   5664.52   0.0      3.17   0.6  10.07.2025  15:43:53
 16   4   5   1  $12    0.100   -17.9094   1751.62   0.0     -0.04 396.8  10.07.2025  15:43:55
 16   4   6   2  $12    1.000    -9.2621   2036.85   0.0      6.69   2.1  10.07.2025  15:43:59
 16   4   7   3  $12    0.010     6.8904   6177.22   0.0      4.12   6.6  10.07.2025  15:44:07
  1   4   2   3  $12    0.010    16.2606  10216.85   0.0      5.13   2.3  10.07.2025  15:44:09
  2   3   1   4  $12    0.010    16.2700  10222.76   0.0      4.78   0.9  10.07.2025  15:44:11
  1   2   3   4  $12    0.100   -14.3360   2702.27   0.0      5.10   4.5  10.07.2025  15:44:15
  3   4   1   2  $12    0.100   -14.2793   2691.58   0.0      6.23   5.3  10.07.2025  15:44:17
  5   8   6   7  $12    0.010     5.0371   3164.91   0.0      3.35   5.9  10.07.2025  15:44:22
  6   7   5   8  $12    0.010     5.0242   3156.82   0.0      4.34   8.9  10.07.2025  15:44:24
  5   6   7   8  $12    0.010    -4.0077   7554.42   0.0      8.44   0.3  10.07.2025  15:44:26
  7   8   5   6  $12    0.010    -4.0078   7554.50   0.0      8.19   0.8  10.07.2025  15:44:28
  9  12  10  11  $12    0.010     9.7119   6102.15   0.0      7.01   1.1  10.07.2025  15:44:30
 10  11   9  12  $12    0.010     9.7771   6143.14   0.0      7.64   0.2  10.07.2025  15:44:32
  9  10  11  12  $12    0.100   -12.7566   2404.57   0.0      5.14   0.6  10.07.2025  15:44:36
 11  12   9  10  $12    0.100   -12.7453   2402.44   0.0      7.87   1.0  10.07.2025  15:44:38
 13  16  14  15  $12    0.010    -5.3676   3372.55   0.0     23.99   0.3  10.07.2025  15:44:43
 14  15  13  16  $12    0.010    -5.4028   3394.68   0.0     12.62   0.9  10.07.2025  15:44:45
 13  14  15  16  $12    0.010     3.2121   6054.67   0.0     18.41   0.6  10.07.2025  15:44:47
  1   9  10   2  $12    0.001    -2.9413  10584.30   0.0     11.45   3.2  10.07.2025  15:44:52
  1   9  11   3  $12    0.010   -13.5785  11634.04   0.0      5.68   1.7  10.07.2025  15:44:55
  1   9  12   4  $12    0.010    -8.6574  14476.31   0.0      7.73   1.5  10.07.2025  15:44:57
  2  10   9   1  $12    0.001    -2.9345  10559.86   0.0     13.07   7.1  10.07.2025  15:45:02
  2  10  11   3  $12    0.010   -18.3117   6589.55   0.0      5.13   1.3  10.07.2025  15:45:06
  2  10  12   4  $12    0.010   -10.7388   9201.01   0.0      7.98   1.1  10.07.2025  15:45:08
  3  11   9   1  $12    0.010   -13.5825  11637.45   0.0      6.10   2.4  10.07.2025  15:45:10
  3  11  10   2  $12    0.010   -18.2876   6580.89   0.0      5.69   1.7  10.07.2025  15:45:12
  3  11  12   4  $12    0.010   -21.1885   7624.79   0.0      9.17   0.1  10.07.2025  15:45:14
 12   4   9   1  $12    0.010     8.6890  14529.28   0.0      5.43   2.3  10.07.2025  15:45:16
 12   4  10   2  $12    0.010    10.7670   9225.14   0.0      5.53   3.1  10.07.2025  15:45:19
 12   4  11   3  $12    0.010    21.1553   7612.86   0.0      7.55   1.7  10.07.2025  15:45:21
 13   5  14   6  $12    0.010    21.7990   7844.49   0.0      3.65   1.7  10.07.2025  15:45:23
 13   5  15   7  $12    0.010    21.9338  18792.87   0.0      5.42   1.5  10.07.2025  15:45:25
 13   5  16   8  $12    0.010    12.6225  21106.60   0.0      4.03   5.0  10.07.2025  15:45:27
 14   6  13   5  $12    0.010    21.7709   7834.36   0.0      4.40   0.3  10.07.2025  15:45:29
 14   6  15   7  $12    0.001     2.7821  10011.51   0.0      0.17 259.1  10.07.2025  15:45:34
 14   6  16   8  $12    0.010    17.1793  14719.16   0.0      6.41   0.6  10.07.2025  15:45:37
 15   7  13   5  $12    0.010    21.8626  18731.83   0.0      5.48   0.3  10.07.2025  15:45:39
 15   7  14   6  $12    0.001     2.7751   9986.47   0.0     -0.24 194.7  10.07.2025  15:45:44
 15   7  16   8  $12    0.010    16.8394   6059.73   0.0      3.74   1.0  10.07.2025  15:45:48
 16   8  13   5  $12    0.010    12.6214  21104.80   0.0      4.53   9.0  10.07.2025  15:45:50
 16   8  14   6  $12    0.010    17.1126  14662.06   0.0      5.88   1.0  10.07.2025  15:45:52
 16   8  15   7  $12    0.010    16.8053   6047.48   0.0      3.90   0.5  10.07.2025  15:45:54
  1   2   5   6  $12    1.000     0.6046    113.96   0.4    382.86   0.2  10.07.2025  15:46:03
  2   3   6   7  $12    1.000     6.6132   1246.55   0.0      2.71   7.5  10.07.2025  15:46:05
  3   4   7   8  $12    1.000    12.3480   2327.54   0.0     23.84   0.0  10.07.2025  15:46:07
  1   2   9  10  $12    1.000    -3.8701   6127.75   0.0    -12.36   1.0  10.07.2025  15:46:09
  2   3  10  11  $12    1.000    -4.8932   7747.71   0.0      3.66   0.6  10.07.2025  15:46:11
  3   4  11  12  $12    1.000    -1.1432   1810.02   0.0    222.48   0.1  10.07.2025  15:46:16
  1   2  13  14  $12    0.100     4.1637 224463.93   0.0     -3.74   1.1  10.07.2025  15:46:21
  2   3  14  15  $12    0.100    -2.2500 121294.78   0.0     15.19   5.2  10.07.2025  15:46:23
  3   4  15  16  $12    0.100     4.3389 233909.19   0.0     -5.73   7.5  10.07.2025  15:46:25
  5   6   9  10  $12    1.000     9.5347   1797.24   0.0      5.78   1.2  10.07.2025  15:46:29
  6   7  10  11  $12    1.000    16.5356   3116.88   0.0      1.52   1.3  10.07.2025  15:46:31
  7   8  11  12  $12    0.100     2.7220   5130.79   0.0    -12.10   1.3  10.07.2025  15:46:36
  5   6  13  14  $12   10.000     5.4401    861.37   0.0     38.36   2.0  10.07.2025  15:46:42
  6   7  14  15  $12   10.000    -3.2506    514.69   0.0     33.63   2.0  10.07.2025  15:46:44
  7   8  15  16  $12    1.000     4.6472   7358.27   0.0    -14.51   0.3  10.07.2025  15:46:48
  9  10  13  14  $12   10.000    17.6531    332.75   0.0     -8.97   0.7  10.07.2025  15:46:52
 10  11  14  15  $12    1.000    -4.2781    806.41   0.0      6.14   0.1  10.07.2025  15:46:57
 11  12  15  16  $12    1.000     5.6494   1064.88   0.0     16.64   0.7  10.07.2025  15:46:59
  1   2   6   7  $12    1.000     0.2398     90.42   1.6      8.03 140.1  10.07.2025  15:47:04
  2   3   7   8  $12    1.000    13.2888   5009.77   0.0      1.05  32.9  10.07.2025  15:47:06
  1   2   7   8  $12    1.000    -0.3474    229.17   0.7    711.10   0.8  10.07.2025  15:47:12
  2   3   7   8  $12    1.000    13.5472   5107.17   0.0      3.57   3.9  10.07.2025  15:47:14
  1   2  10  11  $12    1.000    -7.1174  16099.29   0.0      3.23   8.4  10.07.2025  15:47:16
  2   3  11  12  $12    1.000    -4.5439  10278.06   0.0     12.64   6.6  10.07.2025  15:47:18
  1   2  11  12  $12    1.000    -7.1056  22099.53   0.0    -27.16   0.3  10.07.2025  15:47:20
  2   3  11  12  $12    1.000    -4.6227  10456.38   0.0      8.41   3.2  10.07.2025  15:47:22
  1   2  14  15  $12    1.000   -17.8899 122746.73   0.0      8.58   0.6  10.07.2025  15:47:24
  2   3  15  16  $12    0.100     9.2301 633295.85   0.0     -0.63  12.5  10.07.2025  15:47:29
  1   2  15  16  $12    0.100     6.3674 546101.04   0.0      3.13   7.6  10.07.2025  15:47:31
  2   3  15  16  $12    0.100     9.2386 633881.09   0.0      0.17  31.3  10.07.2025  15:47:33
  5   6  10  11  $12    1.000    16.2719   6134.35   0.0     -2.98   0.4  10.07.2025  15:47:37
  6   7  11  12  $12    1.000    12.8193   4832.75   0.0     -9.54   0.5  10.07.2025  15:47:39
  5   6  11  12  $12    1.000    12.0548   7952.95   0.0     -4.38   1.4  10.07.2025  15:47:41
  6   7  11  12  $12    1.000    12.8205   4833.23   0.0     -9.90   0.9  10.07.2025  15:47:43
  5   6  14  15  $12   10.000    -0.4560    103.15   1.1   1566.49   1.2  10.07.2025  15:47:50
  6   7  15  16  $12   10.000    20.3111   4594.27   0.0     -3.17  15.6  10.07.2025  15:47:52
  5   6  15  16  $12   10.000    15.8133   4918.22   0.0     86.66   0.7  10.07.2025  15:47:54
  6   7  15  16  $12   10.000    19.4974   4410.22   0.4     30.59  14.0  10.07.2025  15:47:56
  9  10  14  15  $12   10.000   -13.9628    526.39   0.0     -3.80   4.9  10.07.2025  15:47:58
 10  11  15  16  $12   10.000    20.9983    791.62   0.0     15.51   0.9  10.07.2025  15:48:00
  9  10  15  16  $12   10.000    -9.1079    600.88   0.0    -26.15   0.8  10.07.2025  15:48:02
 10  11  15  16  $12   10.000    20.7666    782.88   0.0     14.43   0.9  10.07.2025  15:48:04
