//C:\Users\user\Desktop\GeoTom\GeoTomE724.ini
//- Cable direction:
//  cable I: normal
//  cable II: normal
//  cable III: normal
//  cable IV: normal
//- Cable arrangement: sequential
//- Optimization: Last measurement
//- Sorting: Multi-level
//- Current levels: 0.001 mA .. 50.0 mA
Type:         Flow
Name:         Hyprop
Comment:      Example of a measurements sequence
Comment:      
Comment:      
Spacing:      1.00000
First El:     0.00000
Nr of points: 289
IP present:   1

  1   5   2   6  $12    0.001     2.6634  11410.12   0.0      2.78  36.4  10.07.2025  16:35:08
  1   5   3   7  $12    0.010    13.1387  24765.80   0.0      3.67   6.3  10.07.2025  16:35:12
  1   5   4   8  $12    0.010     7.7631  10243.16   0.0      2.82   3.8  10.07.2025  16:35:14
  1   5  14   2  $12    0.010    -9.6832   8681.00   0.0     11.55   3.2  10.07.2025  16:35:16
  1   5  15   3  $12    0.100    11.1510  24522.26   0.0    -10.59   2.2  10.07.2025  16:35:20
  1   5  16   4  $12    0.100    17.8999   1750.69   0.0     -0.99   1.7  10.07.2025  16:35:22
  1   5  13   9  $12    0.010    12.3033  92764.61   0.0      2.19   3.2  10.07.2025  16:35:27
  1   5  14  10  $12    0.010    10.5970 121721.74   0.0      1.94   2.7  10.07.2025  16:35:29
  1   5  15  11  $12    0.010    10.2819 169583.11   0.0      2.07   7.6  10.07.2025  16:35:31
  1   5  16  12  $12    0.010     7.6791 174148.50   0.0      3.24   4.0  10.07.2025  16:35:33
  1   5  10   6  $12    0.010     5.9355   5244.44   0.0      4.99   1.9  10.07.2025  16:35:35
  1   5  11   7  $12    0.010     4.0073   9442.09   0.0      1.04  30.8  10.07.2025  16:35:37
  1   5  12   8  $12    0.100    18.6893   8476.87   0.0      2.63   1.7  10.07.2025  16:35:41
  2   6   1   5  $12    0.001     2.6607  11398.31   0.0      2.73  19.7  10.07.2025  16:35:49
  2   6   3   7  $12    0.001     2.0750   8889.22   0.0     -0.19 271.9  10.07.2025  16:35:51
  2   6   4   8  $12    0.010     9.4244  17764.58   0.0      2.84   1.5  10.07.2025  16:35:55
  2   6  13   1  $12    0.010   -10.5230   7760.76   0.0     10.14   2.4  10.07.2025  16:35:57
  2   6  15   3  $12    0.010    -2.6748   2397.96   0.0      8.33  16.9  10.07.2025  16:35:59
  2   6  16   4  $12    1.000     8.7674   1928.06   0.1    -48.13   0.5  10.07.2025  16:36:04
  2   6  13   9  $12    0.010    10.0951  45788.16   0.0      2.64   2.0  10.07.2025  16:36:12
  2   6  14  10  $12    0.010     8.9242  67286.70   0.0      2.77   1.4  10.07.2025  16:36:14
  2   6  15  11  $12    0.010     8.6615  99489.56   0.0      2.80   4.6  10.07.2025  16:36:16
  2   6  16  12  $12    0.010     6.8653 113231.11   0.0      1.99   5.4  10.07.2025  16:36:18
  2   6   9   5  $12    0.010     5.5878   7372.97   0.0      4.36   3.0  10.07.2025  16:36:20
  2   6  11   7  $12    0.010     9.0539   7999.77   0.0      2.95   1.8  10.07.2025  16:36:22
  2   6  12   8  $12    0.010     2.6846   6325.36   0.0     -2.08  12.2  10.07.2025  16:36:24
  3   7   1   5  $12    0.010    13.1363  24761.30   0.0      2.74   7.1  10.07.2025  16:36:26
  3   7   2   6  $12    0.010    20.3524   8718.93   0.0      4.01   2.9  10.07.2025  16:36:28
  3   7   4   8  $12    0.010    17.6024   7540.86   0.0      4.78   2.7  10.07.2025  16:36:30
  3   7  13   1  $12    0.010    -2.2838   3587.46   0.1      5.02  21.1  10.07.2025  16:36:32
  3   7  14   2  $12    0.010    -4.6713   3445.15   0.1      6.96  53.8  10.07.2025  16:36:34
  3   7  16   4  $12    0.010    -7.0561   6325.80   0.0      7.94   3.5  10.07.2025  16:36:36
  3   7  13   9  $12    0.010     7.8371  18465.70   0.0      1.71   8.3  10.07.2025  16:36:38
  3   7  14  10  $12    0.010     7.2713  32980.14   0.0      1.61   7.3  10.07.2025  16:36:40
  3   7  15  11  $12    0.010     6.9903  52705.99   0.0      1.01  30.7  10.07.2025  16:36:42
  3   7  16  12  $12    0.010     6.2706  72026.97   0.0      0.58  48.5  10.07.2025  16:36:44
  3   7   9   5  $12    0.010     3.0139   5681.08   0.0      0.04 286.9  10.07.2025  16:36:46
  3   7  10   6  $12    0.010     8.4126  11100.14   0.0      2.38   2.8  10.07.2025  16:36:48
  3   7  12   8  $12    0.010     4.2952   3795.15   0.0     -0.66  51.2  10.07.2025  16:36:50
  4   8   1   5  $12    0.010     7.7773  10261.87   0.0      1.75  11.2  10.07.2025  16:36:52
  4   8   2   6  $12    0.010     9.4315  17777.91   0.0      1.90  11.4  10.07.2025  16:36:54
  4   8   3   7  $12    0.010    17.5716   7527.64   0.0      3.07   1.8  10.07.2025  16:36:56
  4   8  13   1  $12    0.100    -8.7878   1976.45   0.0      6.67   2.7  10.07.2025  16:37:00
  4   8  14   2  $12    0.100   -16.5399   2598.08   0.0      4.39   6.9  10.07.2025  16:37:02
  4   8  15   3  $12    0.010    -7.6418   5635.88   0.0      6.86   3.2  10.07.2025  16:37:07
  4   8  13   9  $12    0.010     6.2421   5515.34   0.0      1.82  14.9  10.07.2025  16:37:09
  4   8  14  10  $12    0.010     6.0438  14240.40   0.0      1.76   3.4  10.07.2025  16:37:11
  4   8  15  11  $12    0.010     6.0181  27296.37   0.0      1.21  21.9  10.07.2025  16:37:13
  4   8  16  12  $12    0.010     5.9606  44941.95   0.0      1.56  23.1  10.07.2025  16:37:15
  4   8   9   5  $12    0.100     6.2371    267.20   0.0      1.04   5.4  10.07.2025  16:37:19
  4   8  10   6  $12    0.100    17.0612   3215.97   0.0      1.16   8.0  10.07.2025  16:37:21
  4   8  11   7  $12    0.010     3.8900   5132.73   0.0     -0.98  12.0  10.07.2025  16:37:26
  5   9   6  10  $12    0.010    15.2980   6553.64   0.0      2.78   8.2  10.07.2025  16:37:28
  5   9   7  11  $12    0.010     7.7102  14533.46   0.0      3.09   4.3  10.07.2025  16:37:30
  5   9   8  12  $12    0.010     3.6266   4785.13   0.0      3.22   5.4  10.07.2025  16:37:32
  5   9   2   6  $12    0.010    -5.5645   7342.24   0.0      8.31   4.4  10.07.2025  16:37:34
  5   9   3   7  $12    0.010    -2.9763   5610.21   0.0      8.36  13.8  10.07.2025  16:37:36
  5   9   4   8  $12    0.100    -6.1591    263.85   0.0      5.69   1.8  10.07.2025  16:37:40
  5   9   1  13  $12    0.100     6.8686   1726.26   0.0      2.60  12.9  10.07.2025  16:37:42
  5   9   2  14  $12    0.100     9.1692   2062.24   0.0      2.84  16.6  10.07.2025  16:37:44
  5   9   3  15  $12    0.100     9.7168   1526.31   0.0      2.53   9.9  10.07.2025  16:37:46
  5   9   4  16  $12    0.100     9.2361    681.17   0.0      0.87  15.7  10.07.2025  16:37:48
  5   9  14  10  $12    0.010     8.7667   7746.05   0.0      1.97   0.8  10.07.2025  16:37:53
  5   9  15  11  $12    0.010     3.7470   8828.59   0.0     -0.77  20.1  10.07.2025  16:37:55
  5   9  16  12  $12    0.010     2.0783   9426.43   0.0      2.40  27.4  10.07.2025  16:37:57
  6  10   5   9  $12    0.010    15.2361   6527.14   0.0      4.60   1.2  10.07.2025  16:37:59
  6  10   7  11  $12    0.010    15.6692   6712.69   0.0      4.56   1.7  10.07.2025  16:38:01
  6  10   8  12  $12    0.010     5.9182  11155.45   0.0      5.55   2.6  10.07.2025  16:38:03
  6  10   1   5  $12    0.010    -5.8413   5161.21   0.0      8.31   5.5  10.07.2025  16:38:06
  6  10   3   7  $12    0.010    -8.3587  11029.03   0.0      6.12   2.2  10.07.2025  16:38:08
  6  10   4   8  $12    0.100   -16.9882   3202.20   0.0      2.84   1.1  10.07.2025  16:38:11
  6  10   1  13  $12    0.100     8.0079   1801.05   0.0      6.77   3.6  10.07.2025  16:38:13
  6  10   2  14  $12    0.100    10.8898   2736.92   0.0      7.00   3.6  10.07.2025  16:38:15
  6  10   3  15  $12    0.100    12.2854   2763.10   0.0      5.14   0.6  10.07.2025  16:38:17
  6  10   4  16  $12    0.100    12.1936   1915.36   0.0      1.34   2.5  10.07.2025  16:38:19
  6  10  13   9  $12    0.010     8.5620  11297.28   0.0      2.40   2.3  10.07.2025  16:38:24
  6  10  15  11  $12    0.010     6.0470   5342.99   0.0      3.14  10.5  10.07.2025  16:38:26
  6  10  16  12  $12    0.010     2.9983   7064.63   0.0      8.72   6.9  10.07.2025  16:38:28
  7  11   5   9  $12    0.010     7.6912  14497.61   0.0      3.06   1.2  10.07.2025  16:38:30
  7  11   6  10  $12    0.010    15.6390   6699.72   0.0      4.14   0.8  10.07.2025  16:38:32
  7  11   8  12  $12    0.010    12.1668   5212.24   0.0     11.12   0.5  10.07.2025  16:38:34
  7  11   1   5  $12    0.010    -3.9580   9325.75   0.0      8.52   4.4  10.07.2025  16:38:36
  7  11   2   6  $12    0.010    -8.9902   7943.51   0.0      5.54   5.0  10.07.2025  16:38:38
  7  11   4   8  $12    0.010    -3.8509   5081.17   0.0      8.79   8.8  10.07.2025  16:38:40
  7  11   1  13  $12    0.100    10.2973   1617.50   0.0      6.34   4.5  10.07.2025  16:38:44
  7  11   2  14  $12    0.100    14.4754   3255.66   0.0      5.51   2.9  10.07.2025  16:38:46
  7  11   3  15  $12    0.100    16.5886   4169.16   0.0      4.72   5.1  10.07.2025  16:38:48
  7  11   4  16  $12    0.100    17.1618   3859.86   0.0      2.72   1.2  10.07.2025  16:38:50
  7  11  13   9  $12    0.010     2.6690   5031.02   0.0     -1.75  13.3  10.07.2025  16:38:55
  7  11  14  10  $12    0.010     5.1545   6801.16   0.0      3.62   3.0  10.07.2025  16:38:57
  7  11  16  12  $12    0.010     6.5760   5810.34   0.0     16.09   4.1  10.07.2025  16:38:59
  8  12   5   9  $12    0.010     3.6071   4759.45   0.0      1.41  10.0  10.07.2025  16:39:01
  8  12   6  10  $12    0.010     5.9001  11121.42   0.0      2.14  14.8  10.07.2025  16:39:04
  8  12   7  11  $12    0.010    11.9608   5124.00   0.0      9.19   0.3  10.07.2025  16:39:06
  8  12   1   5  $12    0.100   -18.7490   8503.94   0.0      4.36   1.8  10.07.2025  16:39:09
  8  12   2   6  $12    0.010    -2.6319   6201.17   0.0     11.83   5.9  10.07.2025  16:39:14
  8  12   3   7  $12    0.010    -4.2378   3744.36   0.0      8.78   1.7  10.07.2025  16:39:16
  8  12   1  13  $12    0.100    11.8245    872.06   0.0      0.08 132.8  10.07.2025  16:39:20
  8  12   2  14  $12    0.100    17.2851   2715.13   0.0     -1.99  14.7  10.07.2025  16:39:22
  8  12   3  15  $12    0.100    20.7835   4674.41   0.0      0.25  42.0  10.07.2025  16:39:24
  8  12  16   4  $12    0.100   -22.7326   5713.31   0.0      2.42   1.7  10.07.2025  16:39:26
  8  12   9  13  $12    0.100    -4.8257    206.73   0.0     17.53   5.2  10.07.2025  16:39:28
  8  12  10  14  $12    0.100   -14.2431   2684.75   0.0     14.02   0.2  10.07.2025  16:39:30
  8  12  11  15  $12    0.010    -5.5020   7259.74   0.0     19.97   0.4  10.07.2025  16:39:35
  9  13  10  14  $12    0.001     2.4476  10485.68   0.0     -2.07  14.5  10.07.2025  16:39:40
  9  13  11  15  $12    0.001     2.1309  40166.14   0.0     -3.62  18.0  10.07.2025  16:39:42
  9  13  12  16  $12    0.010    11.8262  15604.25   0.0      4.14   1.7  10.07.2025  16:39:46
  9  13   6  10  $12    0.010    -8.5224  11244.99   0.0      6.49   3.6  10.07.2025  16:39:48
  9  13   7  11  $12    0.010    -2.6287   4954.99   0.0     11.00   3.3  10.07.2025  16:39:50
  9  13   8  12  $12    0.100    -5.1441    220.37   0.0     23.97   0.2  10.07.2025  16:39:54
  9  13   5   1  $12    0.010    12.3335  92992.62   0.0      1.34  14.4  10.07.2025  16:39:58
  9  13   6   2  $12    0.010    10.0960  45792.39   0.0      1.61   6.5  10.07.2025  16:40:00
  9  13   7   3  $12    0.010     7.8588  18516.93   0.0      1.36  11.1  10.07.2025  16:40:03
  9  13   8   4  $12    0.010     6.2668   5537.19   0.0      2.19   3.3  10.07.2025  16:40:05
  9  13   2  14  $12    0.010     5.4859   4045.87   0.0     -0.52 200.9  10.07.2025  16:40:07
  9  13   3  15  $12    0.010    10.3957  16329.49   0.0      8.18   1.3  10.07.2025  16:40:09
  9  13   4  16  $12    0.010     5.0701  11403.19   0.0      2.74   8.8  10.07.2025  16:40:11
 10  14   9  13  $12    0.001     2.4451  10474.99   0.0     -1.80  21.2  10.07.2025  16:40:16
 10  14  11  15  $12    0.001     2.3587  10104.78   0.0     -3.21   6.7  10.07.2025  16:40:18
 10  14  12  16  $12    0.010    16.0706  30292.42   0.0      6.71   0.3  10.07.2025  16:40:21
 10  14   5   9  $12    0.010    -8.7263   7710.36   0.0      5.45   5.9  10.07.2025  16:40:23
 10  14   7  11  $12    0.010    -5.1329   6772.66   0.0      7.22   0.7  10.07.2025  16:40:25
 10  14   8  12  $12    0.100   -14.7623   2782.63   0.0     18.04   0.1  10.07.2025  16:40:29
 10  14   5   1  $12    0.010    10.6181 121963.79   0.0      1.33   6.9  10.07.2025  16:40:34
 10  14   6   2  $12    0.010     8.9274  67310.96   0.0      1.66   5.0  10.07.2025  16:40:36
 10  14   7   3  $12    0.010     7.2840  33037.84   0.0      1.07   9.2  10.07.2025  16:40:38
 10  14   8   4  $12    0.010     6.0633  14286.27   0.0      2.25   8.9  10.07.2025  16:40:40
 10  14   1  13  $12    0.010     4.7319   4242.14   0.0      2.36  14.3  10.07.2025  16:40:42
 10  14   3  15  $12    0.010    10.7926   7959.63   0.0      1.45  15.5  10.07.2025  16:40:44
 10  14   4  16  $12    0.010     8.5363  13408.73   0.0      7.27   0.8  10.07.2025  16:40:46
 11  15   9  13  $12    0.010    20.8200  39244.83   0.0      4.71   0.8  10.07.2025  16:40:48
 11  15  10  14  $12    0.001     2.3566  10095.58   0.0     -1.54  21.1  10.07.2025  16:40:53
 11  15  12  16  $12    0.010    17.2253   7379.30   0.0      7.42   0.2  10.07.2025  16:40:57
 11  15   5   9  $12    0.010    -3.6735   8655.39   0.0     11.20   6.1  10.07.2025  16:40:59
 11  15   6  10  $12    0.010    -5.9740   5278.50   0.0      8.48   0.8  10.07.2025  16:41:01
 11  15   8  12  $12    0.010    -5.7018   7523.31   0.0     18.74   0.6  10.07.2025  16:41:03
 11  15   5   1  $12    0.010    10.2938 169778.58   0.0      1.29   9.6  10.07.2025  16:41:05
 11  15   6   2  $12    0.010     8.6550  99415.18   0.0      1.49   7.6  10.07.2025  16:41:07
 11  15   7   3  $12    0.010     7.0041  52809.57   0.0      1.55  19.1  10.07.2025  16:41:09
 11  15   8   4  $12    0.010     6.0350  27372.70   0.0      1.66  24.1  10.07.2025  16:41:11
 11  15   1  13  $12    0.010     6.8006 149553.69   0.0     10.14   5.5  10.07.2025  16:41:13
 11  15   2  14  $12    0.010     8.6125   7721.11   0.0      0.96  27.2  10.07.2025  16:41:15
 11  15   4  16  $12    0.010     5.4807   4042.03   0.0      3.56   1.1  10.07.2025  16:41:17
 12  16   9  13  $12    0.010    11.7887  15554.85   0.0      3.64   4.0  10.07.2025  16:41:19
 12  16  10  14  $12    0.010    15.9659  30095.00   0.0      6.61   1.0  10.07.2025  16:41:21
 12  16  11  15  $12    0.010    17.0476   7303.16   0.0      7.28   1.3  10.07.2025  16:41:23
 12  16   5   9  $12    0.010    -2.0020   9080.43   0.1     19.95   6.0  10.07.2025  16:41:25
 12  16   6  10  $12    0.010    -2.9026   6839.09   0.0     14.08   1.2  10.07.2025  16:41:27
 12  16   7  11  $12    0.010    -6.3407   5602.51   0.0     17.15   0.1  10.07.2025  16:41:30
 12  16   5   1  $12    0.010     7.6804 174178.92   0.0      1.93  14.6  10.07.2025  16:41:32
 12  16   6   2  $12    0.010     6.8525 113020.43   0.0      2.14   6.5  10.07.2025  16:41:34
 12  16   7   3  $12    0.010     6.2698  72017.22   0.0      1.10  20.6  10.07.2025  16:41:36
 12  16   8   4  $12    0.010     5.9709  45019.37   0.0      0.97  21.3  10.07.2025  16:41:38
 12  16  13   1  $12    0.010    -2.0388   1994.08   0.0     16.89   3.2  10.07.2025  16:41:40
 12  16  14   2  $12    0.010    -6.0783 133667.83   0.0     14.71   1.0  10.07.2025  16:41:42
 12  16  15   3  $12    0.010    -4.3669   3914.93   0.0     11.04   2.9  10.07.2025  16:41:44
 13   1  14   2  $12    0.010    16.1436   5536.26   0.0      5.78   5.9  10.07.2025  16:41:46
 13   1  15   3  $12    0.010    10.1749   7715.82   0.0     10.39   1.7  10.07.2025  16:41:48
 13   1  16   4  $12    0.010     4.1672   5355.63   0.0      4.46   1.9  10.07.2025  16:41:50
 13   1  10  14  $12    0.010    -4.6760   4192.06   0.0     12.75   3.1  10.07.2025  16:41:52
 13   1  11  15  $12    0.010    -6.7830 149166.09   0.0     18.19   0.3  10.07.2025  16:41:54
 13   1  12  16  $12    0.010    -2.0498   2004.81   0.0     18.59   3.8  10.07.2025  16:41:56
 13   1   9   5  $12    0.100     6.8928   1732.36   0.0      3.30   0.9  10.07.2025  16:42:00
 13   1  10   6  $12    0.100     8.0444   1809.27   0.0      5.97   1.9  10.07.2025  16:42:02
 13   1  11   7  $12    0.100    10.3629   1627.80   0.0      6.27   0.6  10.07.2025  16:42:04
 13   1  12   8  $12    0.100    11.7959    869.95   0.0      2.26   0.4  10.07.2025  16:42:06
 13   1   6   2  $12    0.010    10.6379   7845.55   0.0      5.82   7.4  10.07.2025  16:42:11
 13   1   7   3  $12    0.010     2.3326   3664.05   0.0     -1.99   7.5  10.07.2025  16:42:13
 13   1   8   4  $12    0.100     8.9434   2011.46   0.0     -0.10  69.1  10.07.2025  16:42:17
 14   2  13   1  $12    0.010    16.1519   5539.09   0.0      6.42   2.1  10.07.2025  16:42:22
 14   2  15   3  $12    0.010    14.7098   5044.53   0.0      3.87   4.3  10.07.2025  16:42:24
 14   2  16   4  $12    0.010     9.6002   7280.01   0.0      8.93   0.6  10.07.2025  16:42:26
 14   2   9  13  $12    0.010    -5.4059   3986.87   0.0      9.71   3.5  10.07.2025  16:42:28
 14   2  11  15  $12    0.010    -8.5051   7624.85   0.0      5.55   0.9  10.07.2025  16:42:30
 14   2  12  16  $12    0.010    -6.1471 135182.05   0.0     18.09   0.9  10.07.2025  16:42:32
 14   2   9   5  $12    0.100     9.1495   2057.80   0.0      3.09   3.6  10.07.2025  16:42:36
 14   2  10   6  $12    0.100    10.9161   2743.52   0.0      5.98   1.5  10.07.2025  16:42:38
 14   2  11   7  $12    0.100    14.5285   3267.60   0.0      7.28   0.3  10.07.2025  16:42:40
 14   2  12   8  $12    0.100    17.2242   2705.57   0.0      1.19   1.7  10.07.2025  16:42:42
 14   2   5   1  $12    0.010     9.8099   8794.62   0.0      6.87   1.6  10.07.2025  16:42:46
 14   2   7   3  $12    0.010     4.7137   3476.38   0.0     -0.37  21.8  10.07.2025  16:42:48
 14   2   8   4  $12    0.100    16.8466   2646.25   0.0      2.76   0.9  10.07.2025  16:42:52
 15   3  13   1  $12    0.010    10.1017   7660.30   0.0     10.02   1.1  10.07.2025  16:42:57
 15   3  14   2  $12    0.010    14.7464   5057.09   0.0      3.22   9.2  10.07.2025  16:42:59
 15   3  16   4  $12    0.010    14.2610   4890.63   0.0      4.03   0.4  10.07.2025  16:43:01
 15   3   9  13  $12    0.010   -10.2321  16072.54   0.0     10.73   1.8  10.07.2025  16:43:03
 15   3  10  14  $12    0.010   -10.7827   7952.35   0.0      5.36   1.8  10.07.2025  16:43:05
 15   3  12  16  $12    0.010    -4.4084   3952.11   0.0     10.55   1.1  10.07.2025  16:43:07
 15   3   9   5  $12    0.100     9.6569   1516.91   0.0      2.97   0.5  10.07.2025  16:43:11
 15   3  10   6  $12    0.100    12.2697   2759.57   0.0      4.54   0.5  10.07.2025  16:43:13
 15   3  11   7  $12    0.100    16.6267   4178.76   0.0      5.70   0.5  10.07.2025  16:43:15
 15   3  12   8  $12    0.100    20.6992   4655.45   0.0      1.66   0.9  10.07.2025  16:43:17
 15   3   5   1  $12    0.100   -11.2146  24662.21   0.0    -11.23   0.5  10.07.2025  16:43:19
 15   3   6   2  $12    0.010     2.7094   2428.97   0.0      1.63  12.0  10.07.2025  16:43:24
 15   3   8   4  $12    0.010     7.7539   5718.54   0.0      3.19   1.3  10.07.2025  16:43:26
 16   4  13   1  $12    0.010     4.1731   5363.25   0.0      3.37   2.2  10.07.2025  16:43:28
 16   4  14   2  $12    0.010     9.5304   7227.07   0.0      6.76   2.4  10.07.2025  16:43:30
 16   4  15   3  $12    0.010    14.1920   4866.97   0.0      4.16   1.4  10.07.2025  16:43:32
 16   4   9  13  $12    0.010    -4.9929  11229.45   0.1      7.68  19.6  10.07.2025  16:43:34
 16   4  10  14  $12    0.010    -8.3753  13155.84   0.0     10.52   0.2  10.07.2025  16:43:36
 16   4  11  15  $12    0.010    -5.3663   3957.71   0.0      8.09   1.3  10.07.2025  16:43:38
 16   4   9   5  $12    0.100     9.2115    679.35   0.0      2.18   5.3  10.07.2025  16:43:42
 16   4  10   6  $12    0.100    12.1774   1912.82   0.0      2.48   2.3  10.07.2025  16:43:44
 16   4  11   7  $12    0.100    17.1974   3867.87   0.0      3.58   0.1  10.07.2025  16:43:46
 16   4  12   8  $12    0.100    22.6834   5700.96   0.0      3.32   0.9  10.07.2025  16:43:48
 16   4   5   1  $12    0.100   -17.9889   1759.39   0.0      0.65  17.4  10.07.2025  16:43:50
 16   4   6   2  $12    1.000   -10.6205   2335.56   0.0      9.46   2.1  10.07.2025  16:43:54
 16   4   7   3  $12    0.010     6.9933   6269.56   0.0      4.13   3.8  10.07.2025  16:44:02
  1   4   2   3  $12    0.010    16.7208  10505.97   0.0      4.74   1.3  10.07.2025  16:44:04
  2   3   1   4  $12    0.010    16.6981  10491.70   0.0      5.37   4.5  10.07.2025  16:44:06
  1   2   3   4  $12    0.100   -14.3113   2697.63   0.0      5.75   5.3  10.07.2025  16:44:09
  3   4   1   2  $12    0.100   -14.2378   2683.77   0.0      6.00   0.4  10.07.2025  16:44:12
  5   8   6   7  $12    0.010     5.0208   3154.69   0.0      3.29   3.9  10.07.2025  16:44:17
  6   7   5   8  $12    0.010     4.9977   3140.13   0.0      5.44   2.0  10.07.2025  16:44:19
  5   6   7   8  $12    0.010    -4.0591   7651.17   0.0      8.62   2.9  10.07.2025  16:44:21
  7   8   5   6  $12    0.010    -4.0557   7644.84   0.0      8.21   2.1  10.07.2025  16:44:23
  9  12  10  11  $12    0.010     9.7423   6121.28   0.0      7.36   0.8  10.07.2025  16:44:25
 10  11   9  12  $12    0.010     9.8147   6166.76   0.0      7.35   2.3  10.07.2025  16:44:27
  9  10  11  12  $12    0.100   -12.8810   2428.01   0.0      4.54   0.8  10.07.2025  16:44:30
 11  12   9  10  $12    0.100   -12.8742   2426.73   0.0      5.54   5.1  10.07.2025  16:44:32
 13  16  14  15  $12    0.010    -5.3695   3373.73   0.0     24.54   0.4  10.07.2025  16:44:37
 14  15  13  16  $12    0.010    -5.4519   3425.54   0.0     11.22   0.0  10.07.2025  16:44:39
 13  14  15  16  $12    0.010     3.1967   6025.59   0.0     16.41   3.4  10.07.2025  16:44:41
  1   9  10   2  $12    0.001    -3.0081  10824.88   0.0     11.47   0.7  10.07.2025  16:44:46
  1   9  11   3  $12    0.010   -13.8081  11830.77   0.0      5.40   6.1  10.07.2025  16:44:50
  1   9  12   4  $12    0.010    -8.8015  14717.39   0.0      8.23   3.1  10.07.2025  16:44:52
  2  10   9   1  $12    0.001    -3.0038  10809.16   0.0     10.46   1.8  10.07.2025  16:44:57
  2  10  11   3  $12    0.010   -18.5419   6672.41   0.0      5.01   2.0  10.07.2025  16:45:01
  2  10  12   4  $12    0.010   -10.8787   9320.87   0.0      7.75   1.3  10.07.2025  16:45:03
  3  11   9   1  $12    0.010   -13.8086  11831.20   0.0      6.03   3.2  10.07.2025  16:45:05
  3  11  10   2  $12    0.010   -18.5264   6666.83   0.0      5.27   1.9  10.07.2025  16:45:07
  3  11  12   4  $12    0.010   -21.4186   7707.61   0.0      9.69   1.0  10.07.2025  16:45:09
 12   4   9   1  $12    0.010     8.8231  14753.46   0.0      5.16   3.8  10.07.2025  16:45:11
 12   4  10   2  $12    0.010    10.8991   9338.35   0.0      5.31   2.6  10.07.2025  16:45:13
 12   4  11   3  $12    0.010    21.3667   7688.93   0.0      7.70   1.6  10.07.2025  16:45:15
 13   5  14   6  $12    0.010    22.0808   7945.88   0.0      3.50   3.4  10.07.2025  16:45:17
 13   5  15   7  $12    0.010    22.1877  19010.34   0.0      5.74   0.6  10.07.2025  16:45:19
 13   5  16   8  $12    0.010    12.8255  21445.95   0.0      3.82   1.8  10.07.2025  16:45:21
 14   6  13   5  $12    0.010    22.0524   7935.68   0.0      4.20   5.2  10.07.2025  16:45:23
 14   6  15   7  $12    0.001     2.8134  10124.03   0.0     -0.69  75.3  10.07.2025  16:45:28
 14   6  16   8  $12    0.010    17.3921  14901.52   0.0      6.57   0.7  10.07.2025  16:45:32
 15   7  13   5  $12    0.010    22.1266  18958.03   0.0      6.66   1.5  10.07.2025  16:45:34
 15   7  14   6  $12    0.001     2.8126  10121.39   0.0      0.24 152.8  10.07.2025  16:45:39
 15   7  16   8  $12    0.010    17.0481   6134.84   0.0      4.18   1.5  10.07.2025  16:45:43
 16   8  13   5  $12    0.010    12.8349  21461.68   0.0      4.32   1.9  10.07.2025  16:45:45
 16   8  14   6  $12    0.010    17.3812  14892.19   0.0      5.75   1.2  10.07.2025  16:45:47
 16   8  15   7  $12    0.010    17.0231   6125.84   0.0      3.86   1.6  10.07.2025  16:45:49
  1   2   5   6  $12    1.000     0.5617    105.88   0.4    520.08   0.3  10.07.2025  16:45:57
  2   3   6   7  $12    1.000     6.8361   1288.57   0.0      0.93  12.2  10.07.2025  16:45:59
  3   4   7   8  $12    1.000    12.2670   2312.28   0.0     26.72   0.2  10.07.2025  16:46:01
  1   2   9  10  $12    1.000    -4.0073   6345.00   0.0    -19.82   0.6  10.07.2025  16:46:03
  2   3  10  11  $12    1.000    -4.5779   7248.48   0.0      3.26  14.7  10.07.2025  16:46:05
  3   4  11  12  $12    1.000    -1.2086   1913.69   0.1    216.58   0.5  10.07.2025  16:46:11
  1   2  13  14  $12    0.100     4.1498 223716.56   0.0     -3.04   2.9  10.07.2025  16:46:16
  2   3  14  15  $12    0.100    -2.2389 120700.50   0.0     17.91   2.6  10.07.2025  16:46:18
  3   4  15  16  $12    0.100     4.3671 235431.62   0.0     -6.98   7.2  10.07.2025  16:46:20
  5   6   9  10  $12    1.000     9.5178   1794.05   0.0      7.43   0.3  10.07.2025  16:46:24
  6   7  10  11  $12    1.000    16.4905   3108.39   0.0      1.36   1.6  10.07.2025  16:46:26
  7   8  11  12  $12    0.100     2.7745   5229.80   0.0    -11.90   0.3  10.07.2025  16:46:31
  5   6  13  14  $12   10.000     4.8402    766.38   0.9    -92.95   8.8  10.07.2025  16:46:36
  6   7  14  15  $12   10.000    -3.0665    485.54   0.3     41.42   0.3  10.07.2025  16:46:38
  7   8  15  16  $12    1.000     4.6106   7300.32   0.0    -15.91   0.3  10.07.2025  16:46:43
  9  10  13  14  $12   10.000    17.9809    338.93   0.0     -9.37   1.2  10.07.2025  16:46:47
 10  11  14  15  $12    1.000    -4.2962    809.82   0.0      3.69   4.5  10.07.2025  16:46:52
 11  12  15  16  $12    1.000     5.4768   1032.36   0.0     18.82   0.6  10.07.2025  16:46:54
  1   2   6   7  $12    1.000     0.2245     84.63   1.4    -98.89   6.3  10.07.2025  16:46:59
  2   3   7   8  $12    1.000    13.8332   5215.00   0.0      0.33 140.5  10.07.2025  16:47:01
  1   2   7   8  $12    1.000    -0.6626    437.14   0.1    449.01   0.0  10.07.2025  16:47:17
  2   3   7   8  $12    1.000    14.1493   5334.17   0.0      6.24   1.7  10.07.2025  16:47:18
  1   2  10  11  $12    1.000    -7.2717  16448.21   0.0      8.10  14.5  10.07.2025  16:47:21
  2   3  11  12  $12    1.000    -4.4318  10024.42   0.0     15.56   5.7  10.07.2025  16:47:23
  1   2  11  12  $12    1.000    -7.3512  22863.68   0.0    -26.17   0.5  10.07.2025  16:47:25
  2   3  11  12  $12    1.000    -4.4582  10084.27   0.0     13.43   1.3  10.07.2025  16:47:27
  1   2  14  15  $12    1.000   -17.6293 120958.71   0.0     10.22   0.3  10.07.2025  16:47:29
  2   3  15  16  $12    0.100     9.3046 638409.91   0.0     -0.99   4.4  10.07.2025  16:47:34
  1   2  15  16  $12    0.100     6.3246 542429.78   0.0      4.48   0.8  10.07.2025  16:47:36
  2   3  15  16  $12    0.100     9.3164 639218.04   0.0     -1.13  12.8  10.07.2025  16:47:38
  5   6  10  11  $12    1.000    16.3459   6162.25   0.0     -3.03   0.9  10.07.2025  16:47:42
  6   7  11  12  $12    1.000    12.9682   4888.88   0.0    -10.11   0.3  10.07.2025  16:47:44
  5   6  11  12  $12    1.000    12.2025   8050.43   0.0     -3.20   4.6  10.07.2025  16:47:46
  6   7  11  12  $12    1.000    12.9628   4886.87   0.0    -10.05   0.6  10.07.2025  16:47:48
  5   6  14  15  $12   10.000    -2.3620    534.27   6.6   -475.05  12.2  10.07.2025  16:48:08
  6   7  15  16  $12    1.000     2.0351   4603.20   0.0    -24.90   0.7  10.07.2025  16:48:13
  5   6  15  16  $12   10.000     5.8557   1821.22   0.7   1333.24   1.5  10.07.2025  16:48:17
  6   7  15  16  $12   10.000    21.6140   4888.98   0.5    -34.94  61.3  10.07.2025  16:48:19
  9  10  14  15  $12   10.000   -14.1627    533.92   0.0     -3.02   7.9  10.07.2025  16:48:21
 10  11  15  16  $12   10.000    18.9344    713.81   0.0     16.86   0.3  10.07.2025  16:48:23
  9  10  15  16  $12   10.000    -9.1722    605.12   0.0    -26.94   0.3  10.07.2025  16:48:25
 10  11  15  16  $12   10.000    18.7189    705.69   0.0     16.00   1.2  10.07.2025  16:48:27
