//C:\Users\user\Desktop\GeoTom\GeoTomE724.ini
//- Cable direction:
//  cable I: normal
//  cable II: normal
//  cable III: normal
//  cable IV: normal
//- Cable arrangement: sequential
//- Optimization: Last measurement
//- Sorting: Multi-level
//- Current levels: 0.001 mA .. 50.0 mA
Type:         Flow
Name:         Hyprop
Comment:      Example of a measurements sequence
Comment:      
Comment:      
Spacing:      1.00000
First El:     0.00000
Nr of points: 289
IP present:   1

  1   5   2   6  $12    0.010    17.8337   7639.93   0.0      4.09   0.7  09.07.2025  19:35:06
  1   5   3   7  $12    0.010     9.1601  17266.45   0.0      3.44   8.5  09.07.2025  19:35:08
  1   5   4   8  $12    0.010     5.2711   6955.08   0.0      2.15   4.1  09.07.2025  19:35:10
  1   5  14   2  $12    0.010    -5.4498   4885.74   0.0     10.54   5.2  09.07.2025  19:35:12
  1   5  15   3  $12    0.100     5.4005  11876.39   0.0    -18.93   0.4  09.07.2025  19:35:16
  1   5  16   4  $12    0.100    10.2139    998.96   0.0     -0.74  11.7  09.07.2025  19:35:18
  1   5  13   9  $12    0.010     7.7473  58413.54   0.0      1.03   4.9  09.07.2025  19:35:23
  1   5  14  10  $12    0.010     6.4376  73944.61   0.0      0.51  27.1  09.07.2025  19:35:25
  1   5  15  11  $12    0.010     6.3442 104636.79   0.0      0.96  10.2  09.07.2025  19:35:27
  1   5  16  12  $12    0.010     4.7344 107368.37   0.0      2.37   7.6  09.07.2025  19:35:29
  1   5  10   6  $12    0.010     5.9283   5238.09   0.0      3.51   5.2  09.07.2025  19:35:31
  1   5  11   7  $12    0.010     3.3685   7936.81   0.0     -0.91  11.4  09.07.2025  19:35:33
  1   5  12   8  $12    0.100    15.6003   7075.79   0.0      0.73   9.0  09.07.2025  19:35:37
  2   6   1   5  $12    0.010    17.8246   7636.06   0.0      4.56   0.6  09.07.2025  19:35:41
  2   6   3   7  $12    0.010    15.0010   6426.43   0.0      2.91   3.2  09.07.2025  19:35:43
  2   6   4   8  $12    0.010     6.9496  13099.62   0.0      1.66   6.0  09.07.2025  19:35:46
  2   6  13   1  $12    0.010    -6.1584   4541.84   0.0     13.03   4.3  09.07.2025  19:35:48
  2   6  15   3  $12    0.010    -2.8116   2520.61   0.0     12.62   0.8  09.07.2025  19:35:50
  2   6  16   4  $12    0.100    -4.5225   9945.44   0.0     20.50   0.3  09.07.2025  19:35:53
  2   6  13   9  $12    0.010     6.1189  27753.49   0.0      0.47   8.1  09.07.2025  19:35:58
  2   6  14  10  $12    0.010     5.2900  39885.98   0.0     -0.12 115.5  09.07.2025  19:36:00
  2   6  15  11  $12    0.010     5.1930  59648.75   0.0      0.09 179.1  09.07.2025  19:36:02
  2   6  16  12  $12    0.010     4.1841  69009.73   0.0      1.04  28.0  09.07.2025  19:36:05
  2   6   9   5  $12    0.010     5.5503   7323.49   0.0      4.17   5.2  09.07.2025  19:36:07
  2   6  11   7  $12    0.010     7.0069   6191.07   0.0      3.18   0.9  09.07.2025  19:36:09
  2   6  12   8  $12    0.010     2.3309   5492.03   0.0     -4.26   6.9  09.07.2025  19:36:11
  3   7   1   5  $12    0.010     9.1575  17261.40   0.0      3.96   2.2  09.07.2025  19:36:13
  3   7   2   6  $12    0.010    14.9886   6421.09   0.0      5.05   1.9  09.07.2025  19:36:15
  3   7   4   8  $12    0.010    14.3343   6140.79   0.0      3.56   5.7  09.07.2025  19:36:17
  3   7  13   1  $12    0.100   -19.6714   3089.98   0.0      5.41   0.2  09.07.2025  19:36:21
  3   7  14   2  $12    0.010    -4.0969   3021.51   0.0      6.84   3.0  09.07.2025  19:36:26
  3   7  16   4  $12    0.010    -5.7383   5144.40   0.0     10.38   0.3  09.07.2025  19:36:28
  3   7  13   9  $12    0.010     4.6336  10917.61   0.0      2.35  13.1  09.07.2025  19:36:30
  3   7  14  10  $12    0.010     4.3059  19530.34   0.0      1.27  10.4  09.07.2025  19:36:32
  3   7  15  11  $12    0.010     4.1850  31554.50   0.0      1.74  18.3  09.07.2025  19:36:34
  3   7  16  12  $12    0.010     3.9260  45095.55   0.0      1.22  22.0  09.07.2025  19:36:36
  3   7   9   5  $12    0.010     2.5616   4828.58   0.0     -1.33  11.5  09.07.2025  19:36:38
  3   7  10   6  $12    0.010     6.5817   8684.36   0.0      5.24   1.6  09.07.2025  19:36:40
  3   7  12   8  $12    0.010     4.6680   4124.55   0.0      0.40  75.0  09.07.2025  19:36:42
  4   8   1   5  $12    0.010     5.2814   6968.60   0.0      1.46  21.3  09.07.2025  19:36:44
  4   8   2   6  $12    0.010     6.9589  13117.22   0.0     -0.46  49.4  09.07.2025  19:36:46
  4   8   3   7  $12    0.010    14.3358   6141.42   0.0      2.98  10.8  09.07.2025  19:36:48
  4   8  13   1  $12    0.100    -8.7542   1968.89   0.0      5.07   0.3  09.07.2025  19:36:52
  4   8  14   2  $12    0.100   -15.3014   2403.54   0.0      2.19   8.8  09.07.2025  19:36:54
  4   8  15   3  $12    0.010    -6.1757   4554.63   0.0      7.55   0.5  09.07.2025  19:36:59
  4   8  13   9  $12    0.010     3.6608   3234.56   0.0     -0.41  19.8  09.07.2025  19:37:01
  4   8  14  10  $12    0.010     3.6411   8579.24   0.0     -0.43  23.9  09.07.2025  19:37:03
  4   8  15  11  $12    0.010     3.6606  16603.45   0.0      0.90   3.2  09.07.2025  19:37:05
  4   8  16  12  $12    0.010     3.8835  29281.20   0.0     -0.88  33.1  09.07.2025  19:37:07
  4   8   9   5  $12    0.100     7.3591    315.26   0.0      3.00   0.8  09.07.2025  19:37:11
  4   8  10   6  $12    0.100    17.7611   3347.90   0.0      3.71   2.1  09.07.2025  19:37:13
  4   8  11   7  $12    0.010     4.4912   5925.93   0.0     -0.69   3.5  09.07.2025  19:37:18
  5   9   6  10  $12    0.010    12.7113   5445.52   0.0      0.42  41.7  09.07.2025  19:37:20
  5   9   7  11  $12    0.010     6.2383  11758.94   0.0      0.85   4.3  09.07.2025  19:37:22
  5   9   8  12  $12    0.010     3.2675   4311.37   0.0      2.16  16.9  09.07.2025  19:37:24
  5   9   2   6  $12    0.010    -5.5008   7258.18   0.0      4.32  15.7  09.07.2025  19:37:26
  5   9   3   7  $12    0.010    -2.5182   4746.65   0.0      7.85   5.1  09.07.2025  19:37:28
  5   9   4   8  $12    0.100    -7.2462    310.43   0.0      7.15   0.7  09.07.2025  19:37:32
  5   9   1  13  $12    0.100     7.8425   1971.04   0.0      2.94   3.1  09.07.2025  19:37:34
  5   9   2  14  $12    0.100    10.0583   2262.20   0.0      3.72   1.9  09.07.2025  19:37:36
  5   9   3  15  $12    0.100    11.2423   1765.93   0.0      1.62   8.6  09.07.2025  19:37:38
  5   9   4  16  $12    0.100     9.8947    729.74   0.0      1.74   2.4  09.07.2025  19:37:40
  5   9  14  10  $12    0.010     6.1418   5426.76   0.0      0.71  12.4  09.07.2025  19:37:45
  5   9  15  11  $12    0.010     2.5651   6043.95   0.0     -1.55  23.9  09.07.2025  19:37:47
  5   9  16  12  $12    0.100    15.3745   6973.39   0.0      7.72   0.4  09.07.2025  19:37:51
  6  10   5   9  $12    0.010    12.6875   5435.33   0.0      2.60   1.5  09.07.2025  19:37:56
  6  10   7  11  $12    0.010    12.7900   5479.22   0.0      3.31   6.5  09.07.2025  19:37:58
  6  10   8  12  $12    0.010     5.5951  10546.56   0.0      3.56   7.2  09.07.2025  19:38:00
  6  10   1   5  $12    0.010    -5.8929   5206.82   0.0      9.04   2.2  09.07.2025  19:38:02
  6  10   3   7  $12    0.010    -6.5528   8646.25   0.0      7.36   1.5  09.07.2025  19:38:04
  6  10   4   8  $12    0.100   -17.5204   3302.51   0.0      4.71   0.3  09.07.2025  19:38:08
  6  10   1  13  $12    0.100     8.8343   1986.92   0.0      3.28   2.2  09.07.2025  19:38:10
  6  10   2  14  $12    0.100    11.6339   2923.93   0.0      4.44   4.1  09.07.2025  19:38:12
  6  10   3  15  $12    0.100    13.5895   3056.41   0.0      2.55   2.0  09.07.2025  19:38:14
  6  10   4  16  $12    0.100    12.6377   1985.12   0.0      1.71   1.6  09.07.2025  19:38:16
  6  10  13   9  $12    0.010     5.8901   7771.82   0.0      0.11  35.4  09.07.2025  19:38:21
  6  10  15  11  $12    0.010     4.8310   4268.50   0.0      3.72  12.0  09.07.2025  19:38:23
  6  10  16  12  $12    0.010     2.5654   6044.59   0.0      5.03   6.3  09.07.2025  19:38:25
  7  11   5   9  $12    0.010     6.2272  11737.98   0.0      1.90   2.5  09.07.2025  19:38:27
  7  11   6  10  $12    0.010    12.7679   5469.78   0.0      4.26   1.2  09.07.2025  19:38:29
  7  11   8  12  $12    0.010    12.7142   5446.74   0.0      7.09   1.1  09.07.2025  19:38:31
  7  11   1   5  $12    0.010    -3.3205   7823.63   0.0      6.92   7.9  09.07.2025  19:38:33
  7  11   2   6  $12    0.010    -6.9662   6155.16   0.0      4.87  12.8  09.07.2025  19:38:35
  7  11   4   8  $12    0.010    -4.4457   5865.94   0.0      5.39  29.7  09.07.2025  19:38:37
  7  11   1  13  $12    0.100     9.8494   1547.14   0.0      4.32   0.2  09.07.2025  19:38:41
  7  11   2  14  $12    0.100    13.8588   3116.98   0.0      4.86   2.5  09.07.2025  19:38:43
  7  11   3  15  $12    0.100    16.2504   4084.16   0.0      3.58   0.2  09.07.2025  19:38:45
  7  11   4  16  $12    0.100    16.5564   3723.69   0.0      1.97   2.5  09.07.2025  19:38:47
  7  11  13   9  $12    0.100    18.4585   3479.34   0.0      3.89   4.7  09.07.2025  19:38:49
  7  11  14  10  $12    0.010     4.3521   5742.47   0.0      5.41   0.7  09.07.2025  19:38:54
  7  11  16  12  $12    0.010     6.5844   5817.78   0.0     15.14   3.3  09.07.2025  19:38:56
  8  12   5   9  $12    0.010     3.2562   4296.39   0.0      1.66  10.5  09.07.2025  19:38:58
  8  12   6  10  $12    0.010     5.5585  10477.44   0.0      4.67   3.3  09.07.2025  19:39:00
  8  12   7  11  $12    0.010    12.5758   5387.45   0.0      6.99   0.7  09.07.2025  19:39:03
  8  12   1   5  $12    0.100   -15.7177   7129.04   0.0      3.22   1.1  09.07.2025  19:39:06
  8  12   2   6  $12    0.010    -2.2938   5404.72   0.0     10.82   0.7  09.07.2025  19:39:11
  8  12   3   7  $12    0.010    -4.6219   4083.74   0.0      8.34   3.0  09.07.2025  19:39:13
  8  12   1  13  $12    0.100     9.9793    735.98   0.0      2.36   1.8  09.07.2025  19:39:17
  8  12   2  14  $12    0.100    14.7348   2314.53   0.0      2.98   1.9  09.07.2025  19:39:19
  8  12   3  15  $12    0.100    17.9711   4041.87   0.0      1.01   7.1  09.07.2025  19:39:21
  8  12  16   4  $12    0.100   -19.8255   4982.69   0.0      1.86   4.2  09.07.2025  19:39:23
  8  12   9  13  $12    0.100    -6.5046    278.66   0.0     18.38   4.3  09.07.2025  19:39:25
  8  12  10  14  $12    0.100   -17.1714   3236.73   0.0     16.95   0.1  09.07.2025  19:39:27
  8  12  11  15  $12    0.010    -5.9957   7911.09   0.0     14.21   0.2  09.07.2025  19:39:32
  9  13  10  14  $12    0.010    15.4593   6622.74   0.0      1.87   1.0  09.07.2025  19:39:34
  9  13  11  15  $12    0.010    14.3217  26995.77   0.0      0.52   2.6  09.07.2025  19:39:36
  9  13  12  16  $12    0.010     7.4525   9833.36   0.0      3.11   3.8  09.07.2025  19:39:39
  9  13   6  10  $12    0.010    -5.8194   7678.54   0.0      4.70   6.4  09.07.2025  19:39:41
  9  13   7  11  $12    0.100   -18.6380   3513.19   0.0      6.97   0.3  09.07.2025  19:39:44
  9  13   8  12  $12    0.100    -6.7385    288.68   0.0     22.56   0.2  09.07.2025  19:39:46
  9  13   5   1  $12    0.010     7.7597  58506.45   0.0      0.51  22.0  09.07.2025  19:39:51
  9  13   6   2  $12    0.010     6.1113  27718.89   0.0     -1.14  20.0  09.07.2025  19:39:53
  9  13   7   3  $12    0.010     4.6475  10950.47   0.0     -0.56 270.4  09.07.2025  19:39:55
  9  13   8   4  $12    0.010     3.6677   3240.71   0.0      0.42  84.8  09.07.2025  19:39:57
  9  13   2  14  $12    0.010     3.5117   2589.88   0.0      2.87   6.1  09.07.2025  19:39:59
  9  13   3  15  $12    0.010     7.8245  12290.73   0.0     -2.08  13.4  09.07.2025  19:40:01
  9  13   4  16  $12    0.010     3.1301   7039.97   0.0      0.65  24.0  09.07.2025  19:40:03
 10  14   9  13  $12    0.010    15.4685   6626.71   0.0      2.09   1.2  09.07.2025  19:40:05
 10  14  11  15  $12    0.010    15.8591   6794.00   0.0      4.30   0.7  09.07.2025  19:40:08
 10  14  12  16  $12    0.010    12.0078  22634.24   0.0      4.83   1.5  09.07.2025  19:40:10
 10  14   5   9  $12    0.010    -6.1121   5400.47   0.0      6.23   8.1  09.07.2025  19:40:12
 10  14   7  11  $12    0.010    -4.3580   5750.26   0.0      7.93   0.9  09.07.2025  19:40:14
 10  14   8  12  $12    0.100   -17.5384   3305.91   0.0     16.59   0.2  09.07.2025  19:40:17
 10  14   5   1  $12    0.010     6.4496  74082.79   0.0      0.26  40.0  09.07.2025  19:40:22
 10  14   6   2  $12    0.010     5.2995  39957.56   0.0      0.27 137.7  09.07.2025  19:40:24
 10  14   7   3  $12    0.010     4.3157  19574.58   0.0      1.78  26.3  09.07.2025  19:40:26
 10  14   8   4  $12    0.010     3.6446   8587.34   0.0     -1.20  43.9  09.07.2025  19:40:29
 10  14   1  13  $12    0.010     2.9106   2609.32   0.0      2.37  13.1  09.07.2025  19:40:31
 10  14   3  15  $12    0.010     7.1858   5299.58   0.0      5.31   1.5  09.07.2025  19:40:33
 10  14   4  16  $12    0.010     6.5897  10351.12   0.0      3.84   0.8  09.07.2025  19:40:35
 11  15   9  13  $12    0.010    14.3226  26997.41   0.0      0.71   2.4  09.07.2025  19:40:37
 11  15  10  14  $12    0.010    15.8574   6793.27   0.0      4.50   1.2  09.07.2025  19:40:39
 11  15  12  16  $12    0.010    13.4007   5740.84   0.0      6.74   0.6  09.07.2025  19:40:41
 11  15   5   9  $12    0.010    -2.5162   5928.60   0.0     10.55   5.7  09.07.2025  19:40:43
 11  15   6  10  $12    0.010    -4.7804   4223.86   0.0      9.88   2.6  09.07.2025  19:40:45
 11  15   8  12  $12    0.010    -6.1862   8162.50   0.0     15.32   0.3  09.07.2025  19:40:47
 11  15   5   1  $12    0.010     6.3544 104805.64   0.0      0.75   6.5  09.07.2025  19:40:49
 11  15   6   2  $12    0.010     5.1945  59666.56   0.0     -2.99   5.8  09.07.2025  19:40:51
 11  15   7   3  $12    0.010     4.2103  31744.91   0.0      1.19  55.3  09.07.2025  19:40:53
 11  15   8   4  $12    0.010     3.6804  16693.23   0.0      0.42  52.2  09.07.2025  19:40:55
 11  15   1  13  $12    0.010     5.4180 119148.02   0.0     -1.32  34.9  09.07.2025  19:40:57
 11  15   2  14  $12    0.010     5.8449   5239.97   0.0      5.88  12.3  09.07.2025  19:40:59
 11  15   4  16  $12    0.010     3.5253   2599.94   0.0      1.68  27.7  09.07.2025  19:41:02
 12  16   9  13  $12    0.010     7.4199   9790.29   0.0      4.92   0.4  09.07.2025  19:41:04
 12  16  10  14  $12    0.010    11.8432  22323.96   0.0      7.70   0.6  09.07.2025  19:41:06
 12  16  11  15  $12    0.010    13.2054   5657.18   0.0      8.61   0.3  09.07.2025  19:41:08
 12  16   5   9  $12    0.100   -15.0557   6828.78   0.0      8.55   0.3  09.07.2025  19:41:11
 12  16   6  10  $12    0.010    -2.4618   5800.43   0.0     17.35   0.3  09.07.2025  19:41:16
 12  16   7  11  $12    0.010    -6.3439   5605.27   0.0     14.42   1.0  09.07.2025  19:41:19
 12  16   5   1  $12    0.010     4.7158 106947.03   0.0      2.11  12.1  09.07.2025  19:41:21
 12  16   6   2  $12    0.010     4.1771  68894.28   0.0      3.29   4.0  09.07.2025  19:41:23
 12  16   7   3  $12    0.010     3.9284  45123.47   0.0      3.76   7.7  09.07.2025  19:41:25
 12  16   8   4  $12    0.010     3.8834  29280.01   0.0      0.42  90.4  09.07.2025  19:41:27
 12  16  13   1  $12    0.100   -11.6245   1136.93   0.0     14.40   0.0  09.07.2025  19:41:31
 12  16  14   2  $12    0.010    -5.0853 111832.23   0.0     15.82   1.0  09.07.2025  19:41:35
 12  16  15   3  $12    0.010    -2.8155   2524.13   0.0     17.33   2.4  09.07.2025  19:41:37
 13   1  14   2  $12    0.010    10.0176   3435.40   0.0      4.86   1.3  09.07.2025  19:41:40
 13   1  15   3  $12    0.010     8.4148   6381.09   0.0      1.26  23.8  09.07.2025  19:41:42
 13   1  16   4  $12    0.010     3.0864   3966.66   0.0      2.58   5.6  09.07.2025  19:41:44
 13   1  10  14  $12    0.010    -2.8510   2555.89   0.0     13.31   4.1  09.07.2025  19:41:46
 13   1  11  15  $12    0.010    -5.4163 119110.22   0.0      4.69   4.7  09.07.2025  19:41:48
 13   1  12  16  $12    0.100   -11.7220   1146.46   0.0     13.23   0.4  09.07.2025  19:41:51
 13   1   9   5  $12    0.100     7.7799   1955.31   0.0      4.72   1.3  09.07.2025  19:41:53
 13   1  10   6  $12    0.100     8.7842   1975.65   0.0      4.22   1.0  09.07.2025  19:41:55
 13   1  11   7  $12    0.100     9.8057   1540.27   0.0      4.01   0.5  09.07.2025  19:41:58
 13   1  12   8  $12    0.100     9.9092    730.81   0.0      2.66   3.2  09.07.2025  19:42:00
 13   1   6   2  $12    0.010     6.2392   4601.49   0.0      5.66   1.8  09.07.2025  19:42:04
 13   1   7   3  $12    0.100    19.7779   3106.71   0.0      2.53   2.1  09.07.2025  19:42:08
 13   1   8   4  $12    0.100     8.8993   2001.54   0.0      0.83  18.2  09.07.2025  19:42:10
 14   2  13   1  $12    0.010     9.9740   3420.46   0.0      6.03   1.1  09.07.2025  19:42:15
 14   2  15   3  $12    0.010    11.3312   3885.91   0.0      6.25   0.4  09.07.2025  19:42:17
 14   2  16   4  $12    0.010     8.2355   6245.08   0.0      7.13   0.3  09.07.2025  19:42:19
 14   2   9  13  $12    0.010    -3.4438   2539.84   0.0     13.01   3.1  09.07.2025  19:42:21
 14   2  11  15  $12    0.010    -5.7618   5165.45   0.0     15.22   0.3  09.07.2025  19:42:24
 14   2  12  16  $12    0.010    -5.1668 113622.98   0.0     16.78   0.7  09.07.2025  19:42:26
 14   2   9   5  $12    0.100     9.9678   2241.85   0.0      5.16   0.6  09.07.2025  19:42:29
 14   2  10   6  $12    0.100    11.5709   2908.09   0.0      5.76   1.1  09.07.2025  19:42:31
 14   2  11   7  $12    0.100    13.7757   3098.28   0.0      5.33   0.1  09.07.2025  19:42:33
 14   2  12   8  $12    0.100    14.6200   2296.50   0.0      3.43   1.2  09.07.2025  19:42:35
 14   2   5   1  $12    0.010     5.5171   4946.12   0.0      3.99   2.0  09.07.2025  19:42:40
 14   2   7   3  $12    0.010     4.1659   3072.35   0.0     -1.84   3.4  09.07.2025  19:42:42
 14   2   8   4  $12    0.100    15.6552   2459.11   0.0      0.42   6.1  09.07.2025  19:42:46
 15   3  13   1  $12    0.010     8.3975   6367.93   0.0      3.23   1.6  09.07.2025  19:42:51
 15   3  14   2  $12    0.010    11.3254   3883.91   0.0      6.18   1.8  09.07.2025  19:42:53
 15   3  16   4  $12    0.010    10.9320   3748.99   0.0      5.61   2.4  09.07.2025  19:42:55
 15   3   9  13  $12    0.010    -7.7734  12210.39   0.0      6.20   5.9  09.07.2025  19:42:57
 15   3  10  14  $12    0.010    -7.0975   5234.44   0.0     11.32   1.1  09.07.2025  19:42:59
 15   3  12  16  $12    0.010    -2.8485   2553.71   0.0     15.56   1.3  09.07.2025  19:43:01
 15   3   9   5  $12    0.100    11.2027   1759.72   0.0      2.22   1.1  09.07.2025  19:43:05
 15   3  10   6  $12    0.100    13.5576   3049.22   0.0      2.71   3.3  09.07.2025  19:43:07
 15   3  11   7  $12    0.100    16.2226   4077.18   0.0      2.90   0.5  09.07.2025  19:43:09
 15   3  12   8  $12    0.100    17.9117   4028.52   0.0      0.69   2.5  09.07.2025  19:43:11
 15   3   5   1  $12    0.100    -5.4418  11967.16   0.0    -11.65   1.1  09.07.2025  19:43:13
 15   3   6   2  $12    0.010     2.8322   2539.10   0.0     -0.24  18.4  09.07.2025  19:43:18
 15   3   8   4  $12    0.010     6.2617   4618.02   0.0      1.39  52.1  09.07.2025  19:43:20
 16   4  13   1  $12    0.010     3.0825   3961.57   0.0      2.34  21.8  09.07.2025  19:43:22
 16   4  14   2  $12    0.010     8.1869   6208.23   0.0      6.47   6.1  09.07.2025  19:43:24
 16   4  15   3  $12    0.010    10.8897   3734.49   0.0      4.66   2.5  09.07.2025  19:43:26
 16   4   9  13  $12    0.010    -3.0621   6886.92   0.0     10.11   8.6  09.07.2025  19:43:29
 16   4  10  14  $12    0.010    -6.4499  10131.47   0.0     10.53   0.2  09.07.2025  19:43:31
 16   4  11  15  $12    0.010    -3.4531   2546.69   0.0     13.94   0.9  09.07.2025  19:43:33
 16   4   9   5  $12    0.100     9.8633    727.42   0.0      2.53   2.5  09.07.2025  19:43:36
 16   4  10   6  $12    0.100    12.6327   1984.34   0.0      2.77   4.0  09.07.2025  19:43:38
 16   4  11   7  $12    0.100    16.5394   3719.87   0.0      2.35   0.6  09.07.2025  19:43:40
 16   4  12   8  $12    0.100    19.8107   4978.97   0.0      1.85   2.2  09.07.2025  19:43:42
 16   4   5   1  $12    0.100   -10.2248   1000.03   0.0      3.39   6.0  09.07.2025  19:43:44
 16   4   6   2  $12    0.100     4.4105   9699.28   0.0      8.63   7.0  09.07.2025  19:43:47
 16   4   7   3  $12    0.010     5.7544   5158.81   0.0      2.85   1.6  09.07.2025  19:43:51
  1   4   2   3  $12    0.010    10.5162   6607.52   0.0      5.33   4.4  09.07.2025  19:43:53
  2   3   1   4  $12    0.010    10.5363   6620.14   0.0      5.47   3.2  09.07.2025  19:43:55
  1   2   3   4  $12    0.100   -13.3476   2515.97   0.0      3.17   0.4  09.07.2025  19:43:59
  3   4   1   2  $12    0.100   -13.2915   2505.39   0.0      1.88  22.5  09.07.2025  19:44:01
  5   8   6   7  $12    0.010     6.0654   3810.98   0.0      1.02   8.8  09.07.2025  19:44:06
  6   7   5   8  $12    0.010     6.0713   3814.69   0.0      2.22  27.5  09.07.2025  19:44:08
  5   6   7   8  $12    0.010    -2.7871   5253.47   0.0      9.00   1.2  09.07.2025  19:44:10
  7   8   5   6  $12    0.010    -2.7794   5238.99   0.0     10.48   3.1  09.07.2025  19:44:12
  9  12  10  11  $12    0.010     8.4547   5312.25   0.0      5.45   1.9  09.07.2025  19:44:15
 10  11   9  12  $12    0.010     8.5655   5381.87   0.0      6.10   4.6  09.07.2025  19:44:17
  9  10  11  12  $12    0.100   -11.8725   2237.92   0.0      6.29   1.2  09.07.2025  19:44:20
 11  12   9  10  $12    0.100   -11.8261   2229.17   0.0     13.06   0.9  09.07.2025  19:44:22
 13  16  14  15  $12    0.010    -5.8646   3684.81   0.0      4.90   1.6  09.07.2025  19:44:27
 14  15  13  16  $12    0.010    -5.8953   3704.13   0.0      1.22   4.8  09.07.2025  19:44:29
 13  14  15  16  $12    0.010     4.3113   8126.54   0.0     -8.78   0.2  09.07.2025  19:44:31
  1   9  10   2  $12    0.010   -19.0493   6854.98   0.0      4.64   1.9  09.07.2025  19:44:33
  1   9  11   3  $12    0.010    -9.4466   8093.84   0.0      5.79   3.8  09.07.2025  19:44:35
  1   9  12   4  $12    0.010    -6.1894  10349.57   0.0      8.21   6.1  09.07.2025  19:44:37
  2  10   9   1  $12    0.010   -19.0384   6851.06   0.0      5.55   0.4  09.07.2025  19:44:39
  2  10  11   3  $12    0.010   -14.1398   5088.28   0.0      6.15   0.4  09.07.2025  19:44:42
  2  10  12   4  $12    0.010    -8.3725   7173.53   0.0      9.24   0.6  09.07.2025  19:44:44
  3  11   9   1  $12    0.010    -9.4181   8069.39   0.0      7.48   1.6  09.07.2025  19:44:46
  3  11  10   2  $12    0.010   -14.1278   5083.96   0.0      6.64   3.3  09.07.2025  19:44:48
  3  11  12   4  $12    0.010   -17.7775   6397.33   0.0     10.90   1.7  09.07.2025  19:44:50
 12   4   9   1  $12    0.010     6.2172  10396.06   0.0      4.09   5.1  09.07.2025  19:44:52
 12   4  10   2  $12    0.010     8.3875   7186.40   0.0      5.44   5.5  09.07.2025  19:44:54
 12   4  11   3  $12    0.010    17.7530   6388.51   0.0      7.43   0.8  09.07.2025  19:44:56
 13   5  14   6  $12    0.010    16.1830   5823.52   0.0      2.09   5.4  09.07.2025  19:44:58
 13   5  15   7  $12    0.010    16.1757  13859.31   0.0      0.51   4.3  09.07.2025  19:45:00
 13   5  16   8  $12    0.010     8.5017  14216.00   0.0      2.87   2.7  09.07.2025  19:45:02
 14   6  13   5  $12    0.010    16.1677   5818.05   0.0      2.96   7.9  09.07.2025  19:45:04
 14   6  15   7  $12    0.010    19.4396   6995.46   0.0      4.14   1.4  09.07.2025  19:45:06
 14   6  16   8  $12    0.010    13.1976  11307.66   0.0      3.90   2.7  09.07.2025  19:45:08
 15   7  13   5  $12    0.010    16.1393  13828.12   0.0      2.05   4.9  09.07.2025  19:45:10
 15   7  14   6  $12    0.010    19.4327   6992.97   0.0      4.86   1.0  09.07.2025  19:45:12
 15   7  16   8  $12    0.010    13.2687   4774.82   0.0      3.15   4.7  09.07.2025  19:45:14
 16   8  13   5  $12    0.010     8.4940  14203.09   0.0      2.75   6.0  09.07.2025  19:45:16
 16   8  14   6  $12    0.010    13.1572  11273.02   0.0      5.00   0.9  09.07.2025  19:45:18
 16   8  15   7  $12    0.010    13.2615   4772.21   0.0      3.61   0.8  09.07.2025  19:45:21
  1   2   5   6  $12   10.000    15.0498    283.68   0.9    -11.58   0.8  09.07.2025  19:45:28
  2   3   6   7  $12    1.000     8.1823   1542.34   0.0      3.92   1.4  09.07.2025  19:45:33
  3   4   7   8  $12    1.000    12.8318   2418.74   0.0      8.04   0.3  09.07.2025  19:45:35
  1   2   9  10  $12    1.000    -3.0295   4796.74   0.1     10.89   4.8  09.07.2025  19:45:37
  2   3  10  11  $12    1.000    -0.7849   1242.75   0.1    -13.29   6.1  09.07.2025  19:45:43
  3   4  11  12  $12   10.000    12.8206   2029.97   0.0    -32.84   6.1  09.07.2025  19:45:46
  1   2  13  14  $12    0.100     3.6749 198110.41   0.0     -4.32   3.7  09.07.2025  19:45:54
  2   3  14  15  $12    0.100    -2.2074 119000.13   0.0     10.01   1.9  09.07.2025  19:45:56
  3   4  15  16  $12    0.100     3.8608 208133.57   0.0     -5.26   6.3  09.07.2025  19:45:58
  5   6   9  10  $12    1.000     9.1190   1718.90   0.0      1.71   2.2  09.07.2025  19:46:02
  6   7  10  11  $12    1.000    18.9197   3566.28   0.0     -1.57   6.9  09.07.2025  19:46:04
  7   8  11  12  $12    1.000    17.8810   3370.49   0.0     -7.80   0.6  09.07.2025  19:46:06
  5   6  13  14  $12   10.000    15.5186   2457.15   0.0      0.54  10.8  09.07.2025  19:46:10
  6   7  14  15  $12   10.000   -11.1141   1759.77   0.0     17.78   2.2  09.07.2025  19:46:12
  7   8  15  16  $12    1.000     6.2879   9956.08   0.0     -7.26   0.5  09.07.2025  19:46:17
  9  10  13  14  $12    1.000     2.9804    561.79   0.0     -3.00   9.7  09.07.2025  19:46:19
 10  11  14  15  $12    1.000    -5.6629   1067.42   0.0      0.91   5.1  09.07.2025  19:46:21
 11  12  15  16  $12    1.000    11.1321   2098.34   0.0      0.19  58.6  09.07.2025  19:46:23
  1   2   6   7  $12   10.000     9.7778    368.61   0.7     -2.63  31.7  09.07.2025  19:46:27
  2   3   7   8  $12    1.000    11.0229   4155.52   0.0     -5.28   1.0  09.07.2025  19:46:32
  1   2   7   8  $12   10.000     6.6473    438.54   0.4    -52.78   0.3  09.07.2025  19:46:36
  2   3   7   8  $12    1.000    10.9172   4115.70   0.0     -5.57   2.4  09.07.2025  19:46:42
  1   2  10  11  $12    1.000    -3.3751   7634.36   0.0      2.07  16.5  09.07.2025  19:46:44
  2   3  11  12  $12    1.000    -0.3224    729.35   0.1    -87.59   2.3  09.07.2025  19:46:49
  1   2  11  12  $12   10.000   -17.4273   5420.19   0.1    101.07   2.1  09.07.2025  19:46:53
  2   3  11  12  $12    1.000    -0.3306    747.81   0.6    -79.87   3.4  09.07.2025  19:46:58
  1   2  14  15  $12    1.000   -18.9706 130161.65   0.0     -1.43   4.7  09.07.2025  19:47:00
  2   3  15  16  $12    0.100     6.7379 462303.03   0.0     -2.63   0.9  09.07.2025  19:47:05
  1   2  15  16  $12    0.100     5.2150 447269.11   0.0     -5.38   5.6  09.07.2025  19:47:07
  2   3  15  16  $12    0.100     6.7484 463020.57   0.0     -2.34   1.6  09.07.2025  19:47:09
  5   6  10  11  $12    1.000    14.1027   5316.58   0.0     -3.82   1.2  09.07.2025  19:47:13
  6   7  11  12  $12    1.000    12.6924   4784.92   0.0     -4.20   1.2  09.07.2025  19:47:15
  5   6  11  12  $12    1.000     8.8662   5849.32   0.0     -7.84   0.3  09.07.2025  19:47:17
  6   7  11  12  $12    1.000    12.6923   4784.89   0.0     -4.67   1.3  09.07.2025  19:47:19
  5   6  14  15  $12   10.000    -7.6434   1728.91   0.0      5.53   1.9  09.07.2025  19:47:23
  6   7  15  16  $12    1.000     4.2617   9639.71   0.0     -2.40   6.5  09.07.2025  19:47:28
  5   6  15  16  $12    1.000     3.2475  10100.33   0.0     -5.26   2.0  09.07.2025  19:47:30
  6   7  15  16  $12    1.000     4.2682   9654.52   0.0     -4.35   7.1  09.07.2025  19:47:32
  9  10  14  15  $12   10.000   -17.9293    675.92   0.0      4.97   1.4  09.07.2025  19:47:36
 10  11  15  16  $12    1.000     9.8606   3717.38   0.0     -8.30   1.0  09.07.2025  19:47:41
  9  10  15  16  $12   10.000    13.5665    895.03   0.0     -5.41   0.5  09.07.2025  19:47:44
 10  11  15  16  $12    1.000     9.8496   3713.21   0.0     -8.37   0.7  09.07.2025  19:47:49
