//C:\Users\user\Desktop\GeoTom\GeoTomE724.ini
//- Cable direction:
//  cable I: normal
//  cable II: normal
//  cable III: normal
//  cable IV: normal
//- Cable arrangement: sequential
//- Optimization: Last measurement
//- Sorting: Multi-level
//- Current levels: 0.001 mA .. 50.0 mA
Type:         Flow
Name:         Hyprop
Comment:      Example of a measurements sequence
Comment:      
Comment:      
Spacing:      1.00000
First El:     0.00000
Nr of points: 289
IP present:   1

  1   5   2   6  $12    0.001     6.1913  26523.52   0.0      8.28   1.3  12.07.2025  05:35:08
  1   5   3   7  $12    0.001     2.7231  51328.41   0.0      7.53   3.7  12.07.2025  05:35:11
  1   5   4   8  $12    0.010    17.9993  23749.56   0.0      4.02   1.4  12.07.2025  05:35:14
  1   5  14   2  $12    0.001    -3.0298  27161.90   0.1     12.21  15.3  12.07.2025  05:35:19
  1   5  15   3  $12    0.100    -4.1204   9061.24   0.0    107.94   0.8  12.07.2025  05:35:25
  1   5  16   4  $12    0.100     9.0754    887.61   0.0     -6.80   3.6  12.07.2025  05:35:27
  1   5  13   9  $12    0.010    22.4759 169464.57   0.0      3.82   0.2  12.07.2025  05:35:32
  1   5  14  10  $12    0.010    20.2943 233109.52   0.0      1.65  11.1  12.07.2025  05:35:34
  1   5  15  11  $12    0.010    19.7298 325411.17   0.0      2.41   4.0  12.07.2025  05:35:36
  1   5  16  12  $12    0.010    15.9993 362838.06   0.0      2.71   1.0  12.07.2025  05:35:38
  1   5  10   6  $12    0.010    10.8918   9623.74   0.0      1.42  13.4  12.07.2025  05:35:40
  1   5  11   7  $12    0.010     6.8657  16176.81   0.0      1.19  17.4  12.07.2025  05:35:42
  1   5  12   8  $12    0.010     2.9448  13356.65   0.0      9.61   3.2  12.07.2025  05:35:44
  2   6   1   5  $12    0.001     6.2198  26645.49   0.0      3.31   3.1  12.07.2025  05:35:49
  2   6   3   7  $12    0.001     3.8042  16297.17   0.0      4.83  12.8  12.07.2025  05:35:51
  2   6   4   8  $12    0.001     2.0107  37899.99   0.0      1.90  49.5  12.07.2025  05:35:53
  2   6  13   1  $12    0.001    -3.1038  22891.11   0.0     13.56  11.5  12.07.2025  05:35:55
  2   6  15   3  $12    0.010    -5.3723   4816.32   0.0      3.84   7.1  12.07.2025  05:35:59
  2   6  16   4  $12    0.100   -12.9408  28458.41   0.0      5.86   1.3  12.07.2025  05:36:02
  2   6  13   9  $12    0.010    19.9417  90449.19   0.0      2.31   0.6  12.07.2025  05:36:07
  2   6  14  10  $12    0.010    18.0703 136247.12   0.0      3.19   3.1  12.07.2025  05:36:09
  2   6  15  11  $12    0.010    17.7202 203541.88   0.0      1.94   3.0  12.07.2025  05:36:11
  2   6  16  12  $12    0.010    14.8751 245339.61   0.0      2.00   3.6  12.07.2025  05:36:14
  2   6   9   5  $12    0.010    10.3727  13686.50   0.0      5.18   2.6  12.07.2025  05:36:16
  2   6  11   7  $12    0.010    14.7821  13061.07   0.0      1.88   6.9  12.07.2025  05:36:18
  2   6  12   8  $12    0.010     3.6676   8641.46   0.0     -0.25 321.7  12.07.2025  05:36:20
  3   7   1   5  $12    0.001     2.7332  51520.40   0.0      2.63  11.8  12.07.2025  05:36:25
  3   7   2   6  $12    0.001     3.8382  16442.98   0.0      0.20 1204.6  12.07.2025  05:36:27
  3   7   4   8  $12    0.001     3.5302  15123.36   0.0      4.41  25.6  12.07.2025  05:36:29
  3   7  13   1  $12    0.010    -4.0159   6308.14   0.0     10.95   2.6  12.07.2025  05:36:32
  3   7  14   2  $12    0.010    -7.2919   5377.85   0.1      8.42  27.5  12.07.2025  05:36:34
  3   7  16   4  $12    0.010   -14.5977  13086.87   0.1      5.42  11.7  12.07.2025  05:36:36
  3   7  13   9  $12    0.010    17.2380  40615.97   0.0      3.42   1.5  12.07.2025  05:36:38
  3   7  14  10  $12    0.010    16.2471  73691.42   0.0      3.51   7.2  12.07.2025  05:36:40
  3   7  15  11  $12    0.010    15.8018 119142.41   0.0      3.83   1.7  12.07.2025  05:36:43
  3   7  16  12  $12    0.010    14.7730 169688.81   0.0      2.17   0.3  12.07.2025  05:36:45
  3   7   9   5  $12    0.010     5.6992  10742.65   0.0      5.91   0.8  12.07.2025  05:36:47
  3   7  10   6  $12    0.010    14.1459  18665.06   0.0      3.93   2.0  12.07.2025  05:36:49
  3   7  12   8  $12    0.010     5.6867   5024.58   0.0      4.80  12.7  12.07.2025  05:36:51
  4   8   1   5  $12    0.010    18.0647  23835.83   0.0      1.61  25.3  12.07.2025  05:36:53
  4   8   2   6  $12    0.010    19.8212  37362.01   0.0      1.71   7.5  12.07.2025  05:36:55
  4   8   3   7  $12    0.001     3.5546  15227.74   0.0      1.53   8.3  12.07.2025  05:37:00
  4   8  13   1  $12    0.100   -14.3354   3224.18   0.0     14.45   0.1  12.07.2025  05:37:05
  4   8  14   2  $12    0.010    -2.6159   4109.05   0.1      9.56   7.6  12.07.2025  05:37:10
  4   8  15   3  $12    0.010   -15.1624  11182.37   0.0      6.54  13.7  12.07.2025  05:37:12
  4   8  13   9  $12    0.010    15.6323  13812.25   0.0      2.91   0.1  12.07.2025  05:37:14
  4   8  14  10  $12    0.010    15.0495  35459.56   0.0      3.05   1.5  12.07.2025  05:37:16
  4   8  15  11  $12    0.010    14.9697  67897.53   0.0      3.04   3.8  12.07.2025  05:37:18
  4   8  16  12  $12    0.010    14.9317 112582.29   0.0      1.78   3.2  12.07.2025  05:37:20
  4   8   9   5  $12    0.100     9.3071    398.71   0.0      6.65   0.7  12.07.2025  05:37:24
  4   8  10   6  $12    0.100    20.8121   3922.99   0.0      1.70   3.6  12.07.2025  05:37:26
  4   8  11   7  $12    0.010     4.7521   6270.24   0.0      6.99   4.1  12.07.2025  05:37:31
  5   9   6  10  $12    0.001     2.7594  11821.27   0.0     -2.81  11.6  12.07.2025  05:37:36
  5   9   7  11  $12    0.010    13.8470  26100.98   0.0      2.11   6.3  12.07.2025  05:37:40
  5   9   8  12  $12    0.010     5.0459   6657.92   0.0      1.54   6.7  12.07.2025  05:37:42
  5   9   2   6  $12    0.010   -10.2886  13575.47   0.0      7.34   2.1  12.07.2025  05:37:44
  5   9   3   7  $12    0.010    -5.6615  10671.70   0.0      7.89   1.7  12.07.2025  05:37:46
  5   9   4   8  $12    0.100    -9.2952    398.20   0.0      9.09   0.3  12.07.2025  05:37:50
  5   9   1  13  $12    0.100    10.1437   2549.39   0.0     -1.52   2.9  12.07.2025  05:37:52
  5   9   2  14  $12    0.100    13.2540   2980.95   0.0      0.18 250.4  12.07.2025  05:37:54
  5   9   3  15  $12    0.100    11.2776   1771.47   0.0      0.43 185.1  12.07.2025  05:37:56
  5   9   4  16  $12    0.100    10.3238    761.39   0.0      0.21  14.3  12.07.2025  05:37:58
  5   9  14  10  $12    0.010    15.4930  13689.23   0.0      2.11   2.1  12.07.2025  05:38:03
  5   9  15  11  $12    0.010     7.0332  16571.68   0.0      0.99  36.4  12.07.2025  05:38:05
  5   9  16  12  $12    0.010     3.0728  13937.25   0.0     -0.26 196.0  12.07.2025  05:38:07
  6  10   5   9  $12    0.001     2.7362  11721.84   0.0      4.32   9.5  12.07.2025  05:38:12
  6  10   7  11  $12    0.001     2.5915  11101.81   0.0      3.63  15.9  12.07.2025  05:38:14
  6  10   8  12  $12    0.010     7.2455  13657.54   0.0      4.20   2.0  12.07.2025  05:38:18
  6  10   1   5  $12    0.010   -10.9497   9674.85   0.1      0.40 111.1  12.07.2025  05:38:20
  6  10   3   7  $12    0.010   -14.1303  18644.43   0.0      1.95  40.6  12.07.2025  05:38:22
  6  10   4   8  $12    0.010    -2.1025   3963.09   0.0      6.42  10.2  12.07.2025  05:38:24
  6  10   1  13  $12    0.100    10.1310   2278.55   0.0     34.33   0.5  12.07.2025  05:38:27
  6  10   2  14  $12    0.100    12.2200   3071.21   0.0     77.77   1.0  12.07.2025  05:38:29
  6  10   3  15  $12    0.100    12.4749   2805.72   0.0     38.57   0.9  12.07.2025  05:38:31
  6  10   4  16  $12    0.100    12.8000   2010.62   0.0      4.50   4.9  12.07.2025  05:38:34
  6  10  13   9  $12    0.010    15.1543  19995.59   0.0      2.72   2.2  12.07.2025  05:38:38
  6  10  15  11  $12    0.010    10.0958   8920.36   0.0     -1.70  19.7  12.07.2025  05:38:40
  6  10  16  12  $12    0.010     3.8525   9077.22   0.0      3.40  25.4  12.07.2025  05:38:42
  7  11   5   9  $12    0.010    13.8415  26090.59   0.0      5.49   2.2  12.07.2025  05:38:44
  7  11   6  10  $12    0.001     2.5886  11089.51   0.0     -1.33  51.8  12.07.2025  05:38:49
  7  11   8  12  $12    0.010    13.5582   5808.32   0.0     11.76   0.6  12.07.2025  05:38:53
  7  11   1   5  $12    0.010    -6.8079  16040.70   0.0      8.17  16.6  12.07.2025  05:38:55
  7  11   2   6  $12    0.010   -14.7096  12997.03   0.0      2.82   6.0  12.07.2025  05:38:57
  7  11   4   8  $12    0.010    -4.8125   6349.96   0.1      7.82  30.2  12.07.2025  05:38:59
  7  11   1  13  $12    0.100    14.3198   2249.35   0.0     11.16   1.8  12.07.2025  05:39:03
  7  11   2  14  $12    0.100    18.7327   4213.17   0.0     22.52   3.0  12.07.2025  05:39:05
  7  11   3  15  $12    0.100    18.7260   4706.36   0.0     13.79   1.5  12.07.2025  05:39:07
  7  11   4  16  $12    0.100    18.3934   4136.86   0.0      6.38   1.2  12.07.2025  05:39:09
  7  11  13   9  $12    0.010     5.5676  10494.61   0.0     -1.49   6.7  12.07.2025  05:39:14
  7  11  14  10  $12    0.010     8.9115  11758.46   0.1     -5.86  19.5  12.07.2025  05:39:16
  7  11  16  12  $12    0.010     6.9261   6119.74   0.0     11.51   8.4  12.07.2025  05:39:18
  8  12   5   9  $12    0.010     5.0463   6658.37   0.0      0.47 434.3  12.07.2025  05:39:20
  8  12   6  10  $12    0.010     7.2395  13646.14   0.0      2.85   9.1  12.07.2025  05:39:22
  8  12   7  11  $12    0.010    13.5201   5791.99   0.0      9.53   2.1  12.07.2025  05:39:24
  8  12   1   5  $12    0.010    -2.9101  13199.09   0.3      9.71  69.5  12.07.2025  05:39:26
  8  12   2   6  $12    0.010    -3.6125   8511.64   0.0     13.94   2.0  12.07.2025  05:39:29
  8  12   3   7  $12    0.010    -5.5723   4923.52   0.0     11.62   3.2  12.07.2025  05:39:31
  8  12   1  13  $12    0.100    17.7230   1307.09   0.0     -5.15   1.9  12.07.2025  05:39:34
  8  12   2  14  $12    0.010     2.4906   3912.30   0.2     -7.08  12.4  12.07.2025  05:39:39
  8  12   3  15  $12    0.010     2.6568   5975.46   0.1     -9.73  26.3  12.07.2025  05:39:41
  8  12  16   4  $12    0.010    -2.5583   6429.73   0.0     13.72  22.2  12.07.2025  05:39:43
  8  12   9  13  $12    0.100    -2.9144    124.85   0.0     10.10   5.1  12.07.2025  05:39:47
  8  12  10  14  $12    0.100   -10.6659   2010.47   0.0     19.24   1.5  12.07.2025  05:39:49
  8  12  11  15  $12    0.010    -5.2265   6896.22   0.0     20.93   0.5  12.07.2025  05:39:54
  9  13  10  14  $12    0.001     4.5301  19406.95   0.0     -0.24 172.9  12.07.2025  05:39:59
  9  13  11  15  $12    0.001     3.7883  71408.12   0.1      1.09  25.3  12.07.2025  05:40:01
  9  13  12  16  $12    0.001     2.3648  31203.05   0.0     -2.15  37.8  12.07.2025  05:40:03
  9  13   6  10  $12    0.010   -15.1115  19939.16   0.0      4.55   2.6  12.07.2025  05:40:07
  9  13   7  11  $12    0.010    -5.4726  10315.61   0.0      4.18  12.4  12.07.2025  05:40:09
  9  13   8  12  $12    0.100    -3.1567    135.23   0.0      4.86   6.0  12.07.2025  05:40:13
  9  13   5   1  $12    0.010    22.5699 170172.80   0.0      4.24   1.3  12.07.2025  05:40:17
  9  13   6   2  $12    0.010    20.0530  90953.94   0.0      2.71   3.5  12.07.2025  05:40:19
  9  13   7   3  $12    0.010    17.2969  40754.83   0.0      2.56   7.4  12.07.2025  05:40:22
  9  13   8   4  $12    0.010    15.6682  13843.99   0.0      2.22   7.4  12.07.2025  05:40:24
  9  13   2  14  $12    0.010     9.6662   7128.91   0.0      0.32 335.2  12.07.2025  05:40:26
  9  13   3  15  $12    0.010    14.6728  23047.97   0.0     14.06   1.4  12.07.2025  05:40:28
  9  13   4  16  $12    0.010     7.4202  16688.73   0.0      6.26   2.0  12.07.2025  05:40:30
 10  14   9  13  $12    0.001     4.5065  19305.81   0.0      6.56   0.8  12.07.2025  05:40:35
 10  14  11  15  $12    0.001     4.2662  18276.33   0.0      5.66   2.6  12.07.2025  05:40:37
 10  14  12  16  $12    0.001     2.8397  53527.99   0.0     10.76   1.3  12.07.2025  05:40:39
 10  14   5   9  $12    0.010   -15.3878  13596.27   0.0      6.12   0.7  12.07.2025  05:40:42
 10  14   7  11  $12    0.010    -8.9045  11749.15   0.0      0.93   3.7  12.07.2025  05:40:44
 10  14   8  12  $12    0.100   -11.2183   2114.61   0.0     21.30   0.2  12.07.2025  05:40:48
 10  14   5   1  $12    0.010    20.3521 233772.85   0.0      3.02   3.4  12.07.2025  05:40:53
 10  14   6   2  $12    0.010    18.1352 136735.86   0.0      3.89   3.0  12.07.2025  05:40:55
 10  14   7   3  $12    0.010    16.2660  73777.44   0.0      3.94   3.3  12.07.2025  05:40:57
 10  14   8   4  $12    0.010    15.0421  35442.08   0.0      3.29   2.7  12.07.2025  05:40:59
 10  14   1  13  $12    0.010     8.9235   7999.95   0.0      2.17   4.8  12.07.2025  05:41:01
 10  14   3  15  $12    0.010    17.1728  12665.06   0.0      3.01   4.6  12.07.2025  05:41:03
 10  14   4  16  $12    0.010    11.8940  18683.03   0.0     16.71   1.0  12.07.2025  05:41:06
 11  15   9  13  $12    0.001     3.7862  71368.42   0.0      4.47   3.0  12.07.2025  05:41:10
 11  15  10  14  $12    0.001     4.3021  18430.08   0.0     -3.78  19.9  12.07.2025  05:41:12
 11  15  12  16  $12    0.001     2.8960  12406.56   0.0      3.87  38.1  12.07.2025  05:41:15
 11  15   5   9  $12    0.010    -7.0093  16515.29   0.0      4.55   2.3  12.07.2025  05:41:18
 11  15   6  10  $12    0.010   -10.0722   8899.51   0.0      2.17   7.9  12.07.2025  05:41:20
 11  15   8  12  $12    0.010    -5.2730   6957.56   0.0     14.08   3.1  12.07.2025  05:41:22
 11  15   5   1  $12    0.010    19.8459 327325.27   0.0      2.56   7.2  12.07.2025  05:41:24
 11  15   6   2  $12    0.010    17.8072 204541.87   0.0      2.90   6.2  12.07.2025  05:41:26
 11  15   7   3  $12    0.010    15.8480 119491.08   0.0      1.73   7.2  12.07.2025  05:41:28
 11  15   8   4  $12    0.010    15.0031  68049.05   0.0      1.31   4.5  12.07.2025  05:41:30
 11  15   1  13  $12    0.010    10.4665 230169.55   0.0     10.75   1.6  12.07.2025  05:41:32
 11  15   2  14  $12    0.010    14.6472  13131.30   0.0      1.76  12.6  12.07.2025  05:41:34
 11  15   4  16  $12    0.010     8.1999   6047.51   0.0      3.87   8.9  12.07.2025  05:41:37
 12  16   9  13  $12    0.001     2.3671  31233.47   0.0     -0.21 140.5  12.07.2025  05:41:41
 12  16  10  14  $12    0.001     2.8457  53640.19   0.1      8.98  14.1  12.07.2025  05:41:43
 12  16  11  15  $12    0.001     2.8917  12387.98   0.0      0.25 212.9  12.07.2025  05:41:45
 12  16   5   9  $12    0.010    -3.0147  13673.80   0.0      9.26   2.3  12.07.2025  05:41:49
 12  16   6  10  $12    0.010    -3.7992   8951.62   0.0     11.06   1.3  12.07.2025  05:41:51
 12  16   7  11  $12    0.010    -6.8285   6033.51   0.0     12.25   0.3  12.07.2025  05:41:53
 12  16   5   1  $12    0.010    16.0619 364257.73   0.0      3.77   3.8  12.07.2025  05:41:56
 12  16   6   2  $12    0.010    14.9617 246769.26   0.0      3.68   2.9  12.07.2025  05:41:58
 12  16   7   3  $12    0.010    14.8470 170539.06   0.0      1.70   5.6  12.07.2025  05:42:00
 12  16   8   4  $12    0.010    14.9935 113048.28   0.0      1.50  14.8  12.07.2025  05:42:02
 12  16  13   1  $12    0.010    -4.1560   4064.79   0.0     10.27   2.9  12.07.2025  05:42:04
 12  16  14   2  $12    0.010    -9.0816 199713.87   0.0     16.85   4.9  12.07.2025  05:42:06
 12  16  15   3  $12    0.010    -6.5762   5895.57   0.0      7.79   3.4  12.07.2025  05:42:08
 13   1  14   2  $12    0.001     4.1872  14359.41   0.1     -4.92  14.1  12.07.2025  05:42:13
 13   1  15   3  $12    0.010    16.1052  12212.81   0.0     13.96   0.3  12.07.2025  05:42:16
 13   1  16   4  $12    0.010     7.4834   9617.69   0.0      5.77   9.8  12.07.2025  05:42:18
 13   1  10  14  $12    0.010    -8.9293   8005.15   0.0      6.08  16.0  12.07.2025  05:42:20
 13   1  11  15  $12    0.010   -10.5445 231886.10   0.0     22.49   1.0  12.07.2025  05:42:22
 13   1  12  16  $12    0.010    -4.1964   4104.28   0.0     14.14   3.9  12.07.2025  05:42:24
 13   1   9   5  $12    0.100    10.2581   2578.15   0.0     -6.91   0.6  12.07.2025  05:42:28
 13   1  10   6  $12    0.100    10.4707   2354.97   0.0     29.29   0.4  12.07.2025  05:42:30
 13   1  11   7  $12    0.100    14.5034   2278.20   0.0     12.87   1.2  12.07.2025  05:42:32
 13   1  12   8  $12    0.100    17.7472   1308.87   0.0     -1.72   2.7  12.07.2025  05:42:34
 13   1   6   2  $12    0.001     3.1986  23589.96   0.0     -3.55   3.9  12.07.2025  05:42:42
 13   1   7   3  $12    0.010     4.0990   6438.73   0.0     -0.82   7.3  12.07.2025  05:42:46
 13   1   8   4  $12    0.100    14.4877   3258.42   0.0      6.04   0.4  12.07.2025  05:42:49
 14   2  13   1  $12    0.001     4.1926  14377.84   0.0     10.57   2.2  12.07.2025  05:42:57
 14   2  15   3  $12    0.001     2.4270   8323.19   0.1     12.07  11.2  12.07.2025  05:42:59
 14   2  16   4  $12    0.010    14.3870  10909.89   0.0     14.01   0.0  12.07.2025  05:43:03
 14   2   9  13  $12    0.010    -9.5842   7068.46   0.0      6.16   0.4  12.07.2025  05:43:05
 14   2  11  15  $12    0.010   -14.4902  12990.48   0.0      4.47   7.1  12.07.2025  05:43:07
 14   2  12  16  $12    0.010    -9.1976 202265.53   0.0     23.35   0.4  12.07.2025  05:43:09
 14   2   9   5  $12    0.100    13.3894   3011.40   0.0    -17.04   0.3  12.07.2025  05:43:13
 14   2  10   6  $12    0.100    12.7569   3206.17   0.0     69.21   0.5  12.07.2025  05:43:15
 14   2  11   7  $12    0.100    18.9130   4253.72   0.0     22.22   0.3  12.07.2025  05:43:17
 14   2  12   8  $12    0.010     2.4994   3926.04   0.0     -9.28   1.2  12.07.2025  05:43:22
 14   2   5   1  $12    0.001     3.0948  27744.81   0.0      8.74   2.2  12.07.2025  05:43:27
 14   2   7   3  $12    0.010     7.5069   5536.42   0.0     -0.56  26.2  12.07.2025  05:43:31
 14   2   8   4  $12    0.010     2.6966   4235.76   0.0      3.67  14.4  12.07.2025  05:43:33
 15   3  13   1  $12    0.010    15.9909  12126.12   0.0     11.97   1.3  12.07.2025  05:43:35
 15   3  14   2  $12    0.001     2.4185   8293.94   0.0      3.37  98.6  12.07.2025  05:43:40
 15   3  16   4  $12    0.001     2.5098   8607.19   0.0      1.07 345.2  12.07.2025  05:43:42
 15   3   9  13  $12    0.010   -14.4005  22620.32   0.0     15.60   0.1  12.07.2025  05:43:45
 15   3  10  14  $12    0.010   -17.2195  12699.54   0.0      6.11   1.0  12.07.2025  05:43:47
 15   3  12  16  $12    0.010    -6.6493   5961.16   0.0     16.44   1.1  12.07.2025  05:43:49
 15   3   9   5  $12    0.100    11.3197   1778.09   0.0     -8.20   1.7  12.07.2025  05:43:53
 15   3  10   6  $12    0.100    12.6620   2847.81   0.0     37.14   0.8  12.07.2025  05:43:55
 15   3  11   7  $12    0.100    18.7567   4714.08   0.0     15.65   1.4  12.07.2025  05:43:57
 15   3  12   8  $12    0.010     2.6294   5913.69   0.0     -3.47   0.6  12.07.2025  05:44:02
 15   3   5   1  $12    0.100     3.6322   7987.61   0.0     74.28   1.0  12.07.2025  05:44:06
 15   3   6   2  $12    0.010     5.4023   4843.16   0.0     -3.37   3.5  12.07.2025  05:44:11
 15   3   8   4  $12    0.010    15.3143  11294.41   0.0      5.29   0.1  12.07.2025  05:44:13
 16   4  13   1  $12    0.010     7.4666   9596.01   0.0      2.43   4.9  12.07.2025  05:44:15
 16   4  14   2  $12    0.010    14.3041  10847.01   0.0     10.35   5.2  12.07.2025  05:44:17
 16   4  15   3  $12    0.001     2.4974   8564.64   0.0      1.33  32.3  12.07.2025  05:44:22
 16   4   9  13  $12    0.010    -7.3097  16440.14   0.0      8.19   4.3  12.07.2025  05:44:26
 16   4  10  14  $12    0.010   -11.6997  18377.85   0.0     12.43   2.5  12.07.2025  05:44:28
 16   4  11  15  $12    0.010    -8.0301   5922.28   0.0      7.54   5.8  12.07.2025  05:44:30
 16   4   9   5  $12    0.100    10.2693    757.37   0.0      1.19  14.1  12.07.2025  05:44:34
 16   4  10   6  $12    0.100    12.7847   2008.21   0.0      1.88   8.0  12.07.2025  05:44:36
 16   4  11   7  $12    0.100    18.4048   4139.41   0.0      3.68   1.3  12.07.2025  05:44:38
 16   4  12   8  $12    0.010     2.6078   6554.01   0.0      0.27  86.9  12.07.2025  05:44:43
 16   4   5   1  $12    0.100    -9.3003    909.61   0.0     16.56   5.2  12.07.2025  05:44:46
 16   4   6   2  $12    0.100    12.4737  27431.09   0.0      1.60  17.1  12.07.2025  05:44:48
 16   4   7   3  $12    0.010    14.5640  13056.71   0.0      3.96   1.1  12.07.2025  05:44:53
  1   4   2   3  $12    0.001     4.3269  27187.02   0.0      1.95  20.2  12.07.2025  05:44:58
  2   3   1   4  $12    0.001     4.3374  27252.46   0.1     -2.57  54.1  12.07.2025  05:45:00
  1   2   3   4  $12    0.100   -19.6698   3707.66   0.0     11.76   1.2  12.07.2025  05:45:06
  3   4   1   2  $12    0.100   -19.1582   3611.24   0.1     12.10   8.1  12.07.2025  05:45:08
  5   8   6   7  $12    0.010     7.6971   4836.21   0.0      1.60  11.0  12.07.2025  05:45:13
  6   7   5   8  $12    0.010     7.7387   4862.40   0.0      7.82   0.8  12.07.2025  05:45:15
  5   6   7   8  $12    0.010    -6.8598  12930.51   0.0      9.63   3.8  12.07.2025  05:45:17
  7   8   5   6  $12    0.010    -6.8457  12903.76   0.0      5.84   3.1  12.07.2025  05:45:19
  9  12  10  11  $12    0.010    13.2441   8321.52   0.0      6.61   1.9  12.07.2025  05:45:21
 10  11   9  12  $12    0.010    13.1397   8255.89   0.0      7.89   0.7  12.07.2025  05:45:23
  9  10  11  12  $12    0.010    -2.1250   4005.45   0.0     -0.90  56.1  12.07.2025  05:45:25
 11  12   9  10  $12    0.010    -2.1094   3976.14   0.1      3.05  35.4  12.07.2025  05:45:27
 13  16  14  15  $12    0.010    -5.5304   3474.84   0.0     44.83   0.4  12.07.2025  05:45:29
 14  15  13  16  $12    0.010    -5.6099   3524.81   0.0     30.31   0.8  12.07.2025  05:45:31
 13  14  15  16  $12    0.100    17.6117   3319.73   0.0    151.57   0.0  12.07.2025  05:45:35
  1   9  10   2  $12    0.001    -6.7856  24418.31   0.0     11.39   4.3  12.07.2025  05:45:43
  1   9  11   3  $12    0.001    -2.8350  24289.88   0.1      8.72  10.8  12.07.2025  05:45:45
  1   9  12   4  $12    0.010   -19.1944  32095.67   0.0      4.18   0.8  12.07.2025  05:45:48
  2  10   9   1  $12    0.001    -6.7812  24402.32   0.0      6.16  23.4  12.07.2025  05:45:53
  2  10  11   3  $12    0.001    -3.4457  12399.70   0.0      5.77  11.4  12.07.2025  05:45:55
  2  10  12   4  $12    0.001    -2.1152  18123.02   0.0     14.90   4.5  12.07.2025  05:45:57
  3  11   9   1  $12    0.001    -2.8401  24333.69   0.1     11.63  15.6  12.07.2025  05:45:59
  3  11  10   2  $12    0.001    -3.4455  12398.72   0.0      9.70  13.7  12.07.2025  05:46:01
  3  11  12   4  $12    0.001    -3.8222  13754.26   0.0     14.11   4.0  12.07.2025  05:46:03
 12   4   9   1  $12    0.010    19.2183  32135.68   0.0      2.02   7.5  12.07.2025  05:46:07
 12   4  10   2  $12    0.010    21.3157  18263.29   0.0      3.05   5.3  12.07.2025  05:46:09
 12   4  11   3  $12    0.001     3.8730  13937.29   0.0      1.59  19.9  12.07.2025  05:46:14
 13   5  14   6  $12    0.001     4.2168  15174.21   0.1      4.59  35.7  12.07.2025  05:46:16
 13   5  15   7  $12    0.001     3.9045  33453.83   0.1      3.78  23.7  12.07.2025  05:46:18
 13   5  16   8  $12    0.001     2.5521  42674.21   0.0     -0.08 1935.5  12.07.2025  05:46:20
 14   6  13   5  $12    0.001     4.1785  15036.46   0.0      7.24   3.8  12.07.2025  05:46:23
 14   6  15   7  $12    0.001     4.9284  17735.21   0.0      9.51   4.5  12.07.2025  05:46:25
 14   6  16   8  $12    0.001     3.0467  26104.37   0.0      6.02  12.1  12.07.2025  05:46:27
 15   7  13   5  $12    0.001     3.9169  33559.59   0.0      4.01  15.6  12.07.2025  05:46:29
 15   7  14   6  $12    0.001     4.9637  17861.99   0.0      3.77  12.6  12.07.2025  05:46:31
 15   7  16   8  $12    0.001     3.0336  10916.55   0.2      4.46  60.5  12.07.2025  05:46:33
 16   8  13   5  $12    0.001     2.5514  42662.99   0.0      0.86 316.9  12.07.2025  05:46:35
 16   8  14   6  $12    0.001     3.0409  26054.63   0.0      9.23  11.7  12.07.2025  05:46:37
 16   8  15   7  $12    0.001     2.9885  10754.10   0.1      0.54 309.6  12.07.2025  05:46:39
  1   2   5   6  $12    0.100    -2.7073   5103.13   0.2   -347.00   1.3  12.07.2025  05:46:44
  2   3   6   7  $12    0.100    -0.6441   1214.06   0.2   -938.51   1.6  12.07.2025  05:46:50
  3   4   7   8  $12    1.000     6.0416   1138.82   0.1    204.37   0.4  12.07.2025  05:46:53
  1   2   9  10  $12    0.100    -1.7822  28218.34   0.2   -171.51   0.2  12.07.2025  05:46:59
  2   3  10  11  $12    0.100    -1.2990  20567.24   0.1   -243.26   1.2  12.07.2025  05:47:04
  3   4  11  12  $12    1.000     1.3815   2187.43   0.2   -614.12   0.0  12.07.2025  05:47:11
  1   2  13  14  $12    0.100     3.8325 206611.71   0.0     -0.92   8.7  12.07.2025  05:47:17
  2   3  14  15  $12    0.100    -2.6545 143105.32   0.0    -57.72   1.9  12.07.2025  05:47:19
  3   4  15  16  $12    0.100     4.6246 249310.84   0.0    -27.47   2.1  12.07.2025  05:47:21
  5   6   9  10  $12    0.100    -2.6475   4990.39   0.0   -367.51   0.4  12.07.2025  05:47:23
  6   7  10  11  $12    0.100    -0.5696   1073.74   0.2  -1227.18   0.3  12.07.2025  05:47:36
  7   8  11  12  $12    0.100     5.8634  11052.21   0.0    -11.23   1.4  12.07.2025  05:47:38
  5   6  13  14  $12    0.100     0.2729   4321.47   0.2    -70.47   5.4  12.07.2025  05:47:44
  6   7  14  15  $12    0.100    -0.3182   5038.73   0.2  -1418.14   0.3  12.07.2025  05:47:49
  7   8  15  16  $12    1.000     5.4343   8604.49   0.1   -173.92   0.2  12.07.2025  05:47:53
  9  10  13  14  $12    1.000     7.1537   1348.44   0.2   -138.55   2.9  12.07.2025  05:47:55
 10  11  14  15  $12    1.000    -4.3757    824.81   0.3   -454.69   1.2  12.07.2025  05:47:57
 11  12  15  16  $12    1.000     1.6614    313.17   0.1     83.13   1.4  12.07.2025  05:48:02
  1   2   6   7  $12    0.100     2.5707   9691.45   0.0   -304.70   0.9  12.07.2025  05:48:07
  2   3   7   8  $12    0.100     2.1367   8055.31   0.2    142.22   1.6  12.07.2025  05:48:09
  1   2   7   8  $12    0.100     0.5271   3477.62   0.2   -651.16   0.1  12.07.2025  05:48:15
  2   3   7   8  $12    0.100     2.0985   7911.00   0.0    134.80   1.1  12.07.2025  05:48:17
  1   2  10  11  $12    0.100     0.5118  11575.56   0.3   -851.78   1.2  12.07.2025  05:48:22
  2   3  11  12  $12    0.100    -0.2474   5596.14   1.8    170.16  14.5  12.07.2025  05:48:27
  1   2  11  12  $12    0.100    -0.9708  30192.81   0.0     29.79   2.8  12.07.2025  05:48:32
  2   3  11  12  $12    0.100    -0.2213   5005.95   0.8     32.08  13.9  12.07.2025  05:48:38
  1   2  14  15  $12    0.100    -1.1338  77794.40   0.1    248.05   1.4  12.07.2025  05:48:43
  2   3  15  16  $12    0.100    16.0392 1100487.90   0.0    -14.71   0.6  12.07.2025  05:48:45
  1   2  15  16  $12    0.100     5.9528 510545.99   0.0     22.57   0.1  12.07.2025  05:48:47
  2   3  15  16  $12    0.100    16.0266 1099624.41   0.0    -14.66   0.3  12.07.2025  05:48:49
  5   6  10  11  $12    0.100     4.7560  17929.78   0.5   -300.10   1.9  12.07.2025  05:48:51
  6   7  11  12  $12    0.100     2.3944   9026.52   0.8    -45.42   9.6  12.07.2025  05:48:53
  5   6  11  12  $12    0.100     1.8266  12050.42   0.3    -11.46  18.3  12.07.2025  05:48:58
  6   7  11  12  $12    0.100     2.2667   8545.40   0.0     -7.74   2.4  12.07.2025  05:49:00
  5   6  14  15  $12    0.100     0.4494  10166.21   0.1  -1324.15   0.1  12.07.2025  05:49:06
  6   7  15  16  $12    0.100     0.5353  12108.15   0.0   -549.95   0.6  12.07.2025  05:49:11
  5   6  15  16  $12    0.100    -0.4570  14212.54   0.4   -790.76   0.3  12.07.2025  05:49:16
  6   7  15  16  $12    0.100     0.5509  12461.08   0.1   -547.81   0.3  12.07.2025  05:49:21
  9  10  14  15  $12    1.000     1.5008    565.80   0.6  -2140.98   2.3  12.07.2025  05:49:26
 10  11  15  16  $12    1.000     6.2590   2359.58   0.4   -139.69   2.5  12.07.2025  05:49:28
  9  10  15  16  $12    1.000    -8.6082   5679.11   0.8    104.23   3.3  12.07.2025  05:49:30
 10  11  15  16  $12    1.000     7.0387   2653.53   0.7   -108.79  12.9  12.07.2025  05:49:33
