//C:\Users\user\Desktop\GeoTom\GeoTomE724.ini
//- Cable direction:
//  cable I: normal
//  cable II: normal
//  cable III: normal
//  cable IV: normal
//- Cable arrangement: sequential
//- Optimization: Last measurement
//- Sorting: Multi-level
//- Current levels: 0.001 mA .. 50.0 mA
Type:         Flow
Name:         Hyprop
Comment:      Example of a measurements sequence
Comment:      
Comment:      
Spacing:      1.00000
First El:     0.00000
Nr of points: 289
IP present:   1

  1   5   2   6  $12    0.001     6.0614  25967.18   0.0      5.21   1.8  12.07.2025  04:35:08
  1   5   3   7  $12    0.001     2.6707  50342.19   0.0      5.59   5.0  12.07.2025  04:35:11
  1   5   4   8  $12    0.010    17.6025  23225.91   0.0      3.38   1.2  12.07.2025  04:35:14
  1   5  14   2  $12    0.001    -2.9405  26361.32   0.0     17.81   7.8  12.07.2025  04:35:19
  1   5  15   3  $12    0.100    -3.1043   6826.68   0.1    253.71   0.4  12.07.2025  04:35:25
  1   5  16   4  $12    0.100     9.0979    889.82   0.0     -0.82  37.6  12.07.2025  04:35:27
  1   5  13   9  $12    0.010    22.0463 166225.48   0.0      3.44   0.9  12.07.2025  04:35:32
  1   5  14  10  $12    0.010    19.9110 228707.21   0.0     -1.70  24.4  12.07.2025  04:35:34
  1   5  15  11  $12    0.010    19.3430 319031.83   0.0      2.46   7.8  12.07.2025  04:35:36
  1   5  16  12  $12    0.010    15.6243 354333.82   0.0      2.16   2.8  12.07.2025  04:35:38
  1   5  10   6  $12    0.010    10.7159   9468.32   0.0     -0.76  86.0  12.07.2025  04:35:40
  1   5  11   7  $12    0.010     6.7427  15887.20   0.0     -1.97  31.4  12.07.2025  04:35:42
  1   5  12   8  $12    0.010     2.9132  13213.39   0.0      5.16  12.1  12.07.2025  04:35:44
  2   6   1   5  $12    0.001     6.0537  25933.92   0.0      6.20  16.7  12.07.2025  04:35:49
  2   6   3   7  $12    0.001     3.7473  16053.37   0.1     -1.78  23.9  12.07.2025  04:35:51
  2   6   4   8  $12    0.010    19.3519  36477.53   0.0      3.00   0.9  12.07.2025  04:35:55
  2   6  13   1  $12    0.001    -3.0458  22462.89   0.0      9.41  11.6  12.07.2025  04:35:59
  2   6  15   3  $12    0.010    -5.1833   4646.83   0.0      1.34  42.4  12.07.2025  04:36:03
  2   6  16   4  $12    0.100   -12.5036  27496.85   0.0      8.43   0.0  12.07.2025  04:36:07
  2   6  13   9  $12    0.010    19.5217  88544.02   0.0      2.12   2.0  12.07.2025  04:36:12
  2   6  14  10  $12    0.010    17.6949 133416.25   0.0      3.22   6.5  12.07.2025  04:36:14
  2   6  15  11  $12    0.010    17.3548 199344.79   0.0      2.47   3.4  12.07.2025  04:36:16
  2   6  16  12  $12    0.010    14.5255 239573.82   0.0      1.76   4.2  12.07.2025  04:36:18
  2   6   9   5  $12    0.010    10.2079  13468.95   0.0      4.94   2.1  12.07.2025  04:36:20
  2   6  11   7  $12    0.010    14.4165  12737.99   0.0      0.58  22.2  12.07.2025  04:36:22
  2   6  12   8  $12    0.010     3.6329   8559.89   0.0      0.60 209.0  12.07.2025  04:36:24
  3   7   1   5  $12    0.001     2.6693  50315.92   0.0      1.94   8.8  12.07.2025  04:36:29
  3   7   2   6  $12    0.001     3.7305  15981.28   0.1     -4.35  12.2  12.07.2025  04:36:31
  3   7   4   8  $12    0.001     3.4821  14917.31   0.0      7.00   3.8  12.07.2025  04:36:33
  3   7  13   1  $12    0.010    -3.8253   6008.71   0.0     11.36   4.2  12.07.2025  04:36:37
  3   7  14   2  $12    0.010    -7.0330   5186.92   0.0      3.68  70.4  12.07.2025  04:36:39
  3   7  16   4  $12    0.010   -14.4221  12929.44   0.0     10.08   7.1  12.07.2025  04:36:41
  3   7  13   9  $12    0.010    16.9129  39850.14   0.0      3.63   3.2  12.07.2025  04:36:43
  3   7  14  10  $12    0.010    15.9641  72408.06   0.0      2.37  19.8  12.07.2025  04:36:45
  3   7  15  11  $12    0.010    15.5068 116918.81   0.0      2.59   4.4  12.07.2025  04:36:47
  3   7  16  12  $12    0.010    14.4627 166125.56   0.0      2.31   0.6  12.07.2025  04:36:49
  3   7   9   5  $12    0.010     5.5959  10547.96   0.0      4.23   8.4  12.07.2025  04:36:51
  3   7  10   6  $12    0.010    13.8162  18230.02   0.0      2.35  32.5  12.07.2025  04:36:53
  3   7  12   8  $12    0.010     5.5886   4937.91   0.2      3.71  15.7  12.07.2025  04:36:56
  4   8   1   5  $12    0.010    17.6416  23277.52   0.0      1.32  12.5  12.07.2025  04:36:58
  4   8   2   6  $12    0.010    19.3836  36537.22   0.0      1.92   8.4  12.07.2025  04:37:00
  4   8   3   7  $12    0.001     3.4983  14986.63   0.0      2.67  17.6  12.07.2025  04:37:04
  4   8  13   1  $12    0.100   -13.4346   3021.57   0.0     12.66   2.9  12.07.2025  04:37:10
  4   8  14   2  $12    0.010    -2.4690   3878.28   0.3     -0.88 149.0  12.07.2025  04:37:15
  4   8  15   3  $12    0.010   -14.9592  11032.56   0.0      5.93   1.5  12.07.2025  04:37:17
  4   8  13   9  $12    0.010    15.3357  13550.20   0.0      2.41   4.6  12.07.2025  04:37:19
  4   8  14  10  $12    0.010    14.7619  34782.01   0.0      3.77   4.4  12.07.2025  04:37:21
  4   8  15  11  $12    0.010    14.6972  66661.55   0.0      2.78   1.9  12.07.2025  04:37:23
  4   8  16  12  $12    0.010    14.6120 110172.15   0.0      1.19   2.3  12.07.2025  04:37:25
  4   8   9   5  $12    0.100     9.1349    391.34   0.0      6.79   2.2  12.07.2025  04:37:29
  4   8  10   6  $12    0.100    20.4776   3859.95   0.0      2.14   5.9  12.07.2025  04:37:31
  4   8  11   7  $12    0.010     4.6699   6161.84   0.0      5.90   0.9  12.07.2025  04:37:36
  5   9   6  10  $12    0.001     2.7251  11674.44   0.0     -1.58  32.7  12.07.2025  04:37:41
  5   9   7  11  $12    0.010    13.6556  25740.29   0.0      1.88   7.0  12.07.2025  04:37:44
  5   9   8  12  $12    0.010     5.0093   6609.57   0.0      2.28   6.2  12.07.2025  04:37:46
  5   9   2   6  $12    0.010   -10.1438  13384.40   0.0      5.76   2.4  12.07.2025  04:37:49
  5   9   3   7  $12    0.010    -5.5668  10493.24   0.0      7.05   3.1  12.07.2025  04:37:51
  5   9   4   8  $12    0.100    -9.1258    390.95   0.0      8.88   0.6  12.07.2025  04:37:54
  5   9   1  13  $12    0.100    10.1138   2541.89   0.0     -1.82  11.1  12.07.2025  04:37:56
  5   9   2  14  $12    0.100    13.1339   2953.95   0.0     -1.49  35.4  12.07.2025  04:37:58
  5   9   3  15  $12    0.100    11.1686   1754.36   0.0     -0.58  73.5  12.07.2025  04:38:00
  5   9   4  16  $12    0.100    10.2552    756.33   0.0      2.40   4.1  12.07.2025  04:38:02
  5   9  14  10  $12    0.010    15.3241  13539.97   0.0      2.67  11.0  12.07.2025  04:38:07
  5   9  15  11  $12    0.010     6.9558  16389.29   0.0     -0.45 167.7  12.07.2025  04:38:09
  5   9  16  12  $12    0.010     3.0634  13894.76   0.0     -0.13 371.3  12.07.2025  04:38:12
  6  10   5   9  $12    0.001     2.7087  11604.09   0.0      2.78  10.0  12.07.2025  04:38:17
  6  10   7  11  $12    0.001     2.5537  10939.93   0.0      5.84  12.8  12.07.2025  04:38:19
  6  10   8  12  $12    0.010     7.1936  13559.57   0.0      3.82   2.6  12.07.2025  04:38:22
  6  10   1   5  $12    0.010   -10.8110   9552.30   0.0      0.72 254.1  12.07.2025  04:38:24
  6  10   3   7  $12    0.010   -13.8914  18329.27   0.0      1.26  30.7  12.07.2025  04:38:26
  6  10   4   8  $12    0.010    -2.0396   3844.48   0.0     15.38  15.2  12.07.2025  04:38:28
  6  10   1  13  $12    0.100    10.0129   2252.00   0.0     76.85   1.0  12.07.2025  04:38:32
  6  10   2  14  $12    0.100    11.6666   2932.13   0.0    185.22   1.1  12.07.2025  04:38:34
  6  10   3  15  $12    0.100    12.1905   2741.77   0.0     82.32   0.8  12.07.2025  04:38:36
  6  10   4  16  $12    0.100    12.8530   2018.95   0.0      0.12  97.1  12.07.2025  04:38:38
  6  10  13   9  $12    0.010    14.9294  19698.91   0.0      2.90   0.6  12.07.2025  04:38:43
  6  10  15  11  $12    0.010    10.0017   8837.22   0.0     -1.31  10.0  12.07.2025  04:38:45
  6  10  16  12  $12    0.010     3.8443   9057.84   0.0      0.28  88.7  12.07.2025  04:38:47
  7  11   5   9  $12    0.010    13.6175  25668.29   0.0      5.54   8.2  12.07.2025  04:38:49
  7  11   6  10  $12    0.001     2.5518  10931.71   0.1      3.60  37.5  12.07.2025  04:38:54
  7  11   8  12  $12    0.010    13.4848   5776.88   0.0     11.92   0.1  12.07.2025  04:38:58
  7  11   1   5  $12    0.010    -6.7104  15811.03   0.0      3.74  34.2  12.07.2025  04:39:00
  7  11   2   6  $12    0.010   -14.3567  12685.15   0.0      5.24   7.0  12.07.2025  04:39:02
  7  11   4   8  $12    0.010    -4.7293   6240.13   0.1     13.55  15.8  12.07.2025  04:39:04
  7  11   1  13  $12    0.100    14.2295   2235.16   0.0     25.37   1.0  12.07.2025  04:39:08
  7  11   2  14  $12    0.100    18.4648   4152.91   0.0     52.93   1.3  12.07.2025  04:39:10
  7  11   3  15  $12    0.100    18.5003   4649.62   0.0     26.13   0.7  12.07.2025  04:39:12
  7  11   4  16  $12    0.100    18.3173   4119.74   0.0      5.21   2.4  12.07.2025  04:39:14
  7  11  13   9  $12    0.010     5.4959  10359.60   0.0     -0.84  15.3  12.07.2025  04:39:19
  7  11  14  10  $12    0.010     8.8093  11623.66   0.0     -5.70  18.0  12.07.2025  04:39:21
  7  11  16  12  $12    0.010     6.9484   6139.38   0.0     10.31  10.2  12.07.2025  04:39:23
  8  12   5   9  $12    0.010     5.0081   6608.03   0.0      3.07  40.0  12.07.2025  04:39:25
  8  12   6  10  $12    0.010     7.1655  13506.61   0.0      1.76  20.1  12.07.2025  04:39:27
  8  12   7  11  $12    0.010    13.4577   5765.27   0.0      8.29   2.5  12.07.2025  04:39:29
  8  12   1   5  $12    0.010    -2.8666  13002.13   0.0      7.63  25.2  12.07.2025  04:39:31
  8  12   2   6  $12    0.010    -3.5644   8398.54   0.0     12.07   3.4  12.07.2025  04:39:33
  8  12   3   7  $12    0.010    -5.4988   4858.60   0.0     10.96   1.8  12.07.2025  04:39:35
  8  12   1  13  $12    0.100    17.7867   1311.79   0.0     -7.90   2.2  12.07.2025  04:39:39
  8  12   2  14  $12    0.010     2.5009   3928.41   0.1    -17.35   4.3  12.07.2025  04:39:44
  8  12   3  15  $12    0.010     2.6053   5859.68   0.1     -5.62  34.7  12.07.2025  04:39:46
  8  12  16   4  $12    0.010    -2.5781   6479.40   0.2      0.92 140.7  12.07.2025  04:39:48
  8  12   9  13  $12    0.100    -2.7802    119.10   0.0      8.16   1.8  12.07.2025  04:39:52
  8  12  10  14  $12    0.100   -10.5684   1992.10   0.0     29.21   2.0  12.07.2025  04:39:54
  8  12  11  15  $12    0.010    -5.2272   6897.10   0.0     21.30   1.4  12.07.2025  04:39:59
  9  13  10  14  $12    0.001     4.4731  19162.88   0.1      3.31  44.8  12.07.2025  04:40:04
  9  13  11  15  $12    0.001     3.7589  70854.08   0.1      1.15  67.7  12.07.2025  04:40:06
  9  13  12  16  $12    0.001     2.3463  30958.18   0.0      1.47  48.2  12.07.2025  04:40:08
  9  13   6  10  $12    0.010   -14.9021  19662.83   0.0      4.81   1.2  12.07.2025  04:40:12
  9  13   7  11  $12    0.010    -5.4160  10208.86   0.1      6.88   6.7  12.07.2025  04:40:14
  9  13   8  12  $12    0.100    -2.9804    127.68   0.0      4.90   0.1  12.07.2025  04:40:17
  9  13   5   1  $12    0.010    22.1500 167007.34   0.0      4.08   3.9  12.07.2025  04:40:22
  9  13   6   2  $12    0.010    19.6115  88951.48   0.0      3.38   2.9  12.07.2025  04:40:24
  9  13   7   3  $12    0.010    16.9786  40004.99   0.0      2.47   4.5  12.07.2025  04:40:26
  9  13   8   4  $12    0.010    15.3665  13577.45   0.0      2.86   3.4  12.07.2025  04:40:28
  9  13   2  14  $12    0.010     9.6734   7134.22   0.0     -1.41 124.2  12.07.2025  04:40:30
  9  13   3  15  $12    0.010    14.5919  22920.91   0.0     15.23   2.6  12.07.2025  04:40:32
  9  13   4  16  $12    0.010     7.3508  16532.57   0.0      7.23   1.0  12.07.2025  04:40:34
 10  14   9  13  $12    0.001     4.4401  19021.16   0.0      5.84   1.5  12.07.2025  04:40:39
 10  14  11  15  $12    0.001     4.2186  18072.25   0.0      3.89   7.2  12.07.2025  04:40:41
 10  14  12  16  $12    0.001     2.7955  52694.06   0.0      9.22   2.0  12.07.2025  04:40:43
 10  14   5   9  $12    0.010   -15.2352  13461.42   0.0      4.86   1.9  12.07.2025  04:40:47
 10  14   7  11  $12    0.010    -8.8141  11629.98   0.0     -2.57   2.8  12.07.2025  04:40:49
 10  14   8  12  $12    0.100   -11.0902   2090.45   0.0     24.95   0.1  12.07.2025  04:40:53
 10  14   5   1  $12    0.010    19.9731 229420.13   0.0      1.58  22.0  12.07.2025  04:40:58
 10  14   6   2  $12    0.010    17.7712 133992.07   0.0      5.27   3.3  12.07.2025  04:41:00
 10  14   7   3  $12    0.010    15.9714  72441.28   0.0      3.32   4.1  12.07.2025  04:41:02
 10  14   8   4  $12    0.010    14.7466  34745.74   0.0      3.28   4.0  12.07.2025  04:41:04
 10  14   1  13  $12    0.010     8.8568   7940.16   0.0      8.20   6.0  12.07.2025  04:41:06
 10  14   3  15  $12    0.010    16.9461  12497.91   0.0      6.90   5.1  12.07.2025  04:41:08
 10  14   4  16  $12    0.010    11.8148  18558.63   0.0     15.54   0.5  12.07.2025  04:41:10
 11  15   9  13  $12    0.001     3.7368  70437.90   0.0      3.80   0.7  12.07.2025  04:41:15
 11  15  10  14  $12    0.001     4.2290  18116.87   0.1     -6.04  32.8  12.07.2025  04:41:17
 11  15  12  16  $12    0.001     2.8394  12163.75   0.0      5.26  23.1  12.07.2025  04:41:19
 11  15   5   9  $12    0.010    -6.9294  16327.08   0.0      3.89   2.3  12.07.2025  04:41:23
 11  15   6  10  $12    0.010    -9.9487   8790.38   0.0      2.25  14.4  12.07.2025  04:41:25
 11  15   8  12  $12    0.010    -5.2697   6953.20   0.0     16.82   6.6  12.07.2025  04:41:27
 11  15   5   1  $12    0.010    19.4250 320384.23   0.0      1.09   7.5  12.07.2025  04:41:29
 11  15   6   2  $12    0.010    17.4205 200099.72   0.0      2.15   1.2  12.07.2025  04:41:31
 11  15   7   3  $12    0.010    15.5473 117224.17   0.0      0.77  17.1  12.07.2025  04:41:33
 11  15   8   4  $12    0.010    14.7273  66798.10   0.0      1.73   5.3  12.07.2025  04:41:35
 11  15   1  13  $12    0.010    10.4827 230527.43   0.0     11.27   4.7  12.07.2025  04:41:37
 11  15   2  14  $12    0.010    14.6217  13108.41   0.0      0.57 111.4  12.07.2025  04:41:39
 11  15   4  16  $12    0.010     8.1309   5996.62   0.0      6.12   4.0  12.07.2025  04:41:41
 12  16   9  13  $12    0.010    22.9421  30271.34   0.0      3.33   0.5  12.07.2025  04:41:43
 12  16  10  14  $12    0.001     2.8085  52939.38   0.1      6.56  24.0  12.07.2025  04:41:48
 12  16  11  15  $12    0.001     2.8519  12217.71   0.1      9.08   9.1  12.07.2025  04:41:50
 12  16   5   9  $12    0.010    -2.9987  13601.08   0.0      8.58   1.3  12.07.2025  04:41:54
 12  16   6  10  $12    0.010    -3.7832   8914.04   0.0     10.15  10.1  12.07.2025  04:41:56
 12  16   7  11  $12    0.010    -6.8309   6035.62   0.0     14.60   2.0  12.07.2025  04:41:58
 12  16   5   1  $12    0.010    15.6987 356021.78   0.0      2.21   6.0  12.07.2025  04:42:00
 12  16   6   2  $12    0.010    14.5944 240710.53   0.0      1.56  27.6  12.07.2025  04:42:02
 12  16   7   3  $12    0.010    14.5273 166867.24   0.0      1.81   0.8  12.07.2025  04:42:04
 12  16   8   4  $12    0.010    14.6578 110517.10   0.0      1.60   8.9  12.07.2025  04:42:06
 12  16  13   1  $12    0.010    -4.1751   4083.47   0.0      7.77   6.8  12.07.2025  04:42:08
 12  16  14   2  $12    0.010    -9.0446 198901.57   0.0     15.00  13.4  12.07.2025  04:42:10
 12  16  15   3  $12    0.010    -6.5514   5873.34   0.1      7.41  27.2  12.07.2025  04:42:12
 13   1  14   2  $12    0.001     4.0869  14015.43   0.0     -2.34 142.0  12.07.2025  04:42:17
 13   1  15   3  $12    0.010    15.9268  12077.51   0.0     15.73   1.8  12.07.2025  04:42:21
 13   1  16   4  $12    0.010     7.4281   9546.61   0.0      3.24   5.2  12.07.2025  04:42:23
 13   1  10  14  $12    0.010    -8.8131   7900.98   0.0     11.68  12.3  12.07.2025  04:42:25
 13   1  11  15  $12    0.010   -10.5157 231252.39   0.0     24.52   0.7  12.07.2025  04:42:27
 13   1  12  16  $12    0.010    -4.2237   4130.96   0.0     14.18   3.0  12.07.2025  04:42:29
 13   1   9   5  $12    0.100    10.1309   2546.18   0.0      0.49  18.4  12.07.2025  04:42:33
 13   1  10   6  $12    0.100    10.3549   2328.91   0.0     62.43   0.4  12.07.2025  04:42:35
 13   1  11   7  $12    0.100    14.4260   2266.02   0.0     26.94   0.0  12.07.2025  04:42:37
 13   1  12   8  $12    0.100    17.8114   1313.60   0.0     -2.42   0.7  12.07.2025  04:42:39
 13   1   6   2  $12    0.001     3.1088  22927.58   0.0     -3.18  21.2  12.07.2025  04:42:47
 13   1   7   3  $12    0.010     3.9313   6175.24   0.0     -2.34   8.9  12.07.2025  04:42:50
 13   1   8   4  $12    0.100    13.6708   3074.69   0.0      1.17   5.5  12.07.2025  04:42:54
 14   2  13   1  $12    0.001     4.0960  14046.62   0.0     12.77   4.7  12.07.2025  04:43:02
 14   2  15   3  $12    0.001     2.3539   8072.33   0.0     15.46   4.9  12.07.2025  04:43:04
 14   2  16   4  $12    0.010    14.2887  10835.31   0.0     13.08   0.3  12.07.2025  04:43:08
 14   2   9  13  $12    0.010    -9.5827   7067.31   0.0      7.05   2.5  12.07.2025  04:43:10
 14   2  11  15  $12    0.010   -14.4086  12917.36   0.0      4.90   2.7  12.07.2025  04:43:12
 14   2  12  16  $12    0.010    -9.2071 202475.47   0.0     25.47   0.3  12.07.2025  04:43:14
 14   2   9   5  $12    0.100    13.1067   2947.81   0.0     -4.27   2.7  12.07.2025  04:43:18
 14   2  10   6  $12    0.100    12.2283   3073.31   0.0    150.73   0.5  12.07.2025  04:43:20
 14   2  11   7  $12    0.100    18.5727   4177.18   0.0     53.88   0.3  12.07.2025  04:43:22
 14   2  12   8  $12    0.010     2.5033   3932.15   0.0    -12.96   6.6  12.07.2025  04:43:27
 14   2   5   1  $12    0.001     3.0159  27037.80   0.0      9.82   4.8  12.07.2025  04:43:32
 14   2   7   3  $12    0.010     7.2066   5314.91   0.0      2.40   5.7  12.07.2025  04:43:35
 14   2   8   4  $12    0.010     2.5748   4044.54   0.0     -3.48   9.2  12.07.2025  04:43:37
 15   3  13   1  $12    0.010    15.8081  11987.51   0.0     14.39   0.8  12.07.2025  04:43:39
 15   3  14   2  $12    0.001     2.3912   8200.33   0.0      7.93   8.3  12.07.2025  04:43:44
 15   3  16   4  $12    0.001     2.4632   8447.17   0.4    -10.09  20.9  12.07.2025  04:43:46
 15   3   9  13  $12    0.010   -14.3219  22496.85   0.0     16.24   0.7  12.07.2025  04:43:50
 15   3  10  14  $12    0.010   -17.0337  12562.52   0.0      9.10   5.9  12.07.2025  04:43:52
 15   3  12  16  $12    0.010    -6.6149   5930.32   0.0     14.67   0.9  12.07.2025  04:43:54
 15   3   9   5  $12    0.100    11.0678   1738.53   0.0      0.22  19.5  12.07.2025  04:43:58
 15   3  10   6  $12    0.100    12.4417   2798.25   0.0     68.69   0.8  12.07.2025  04:44:00
 15   3  11   7  $12    0.100    18.5339   4658.08   0.0     27.30   0.5  12.07.2025  04:44:02
 15   3  12   8  $12    0.010     2.6245   5902.83   0.0     -3.38  14.1  12.07.2025  04:44:07
 15   3   5   1  $12    0.100     2.9128   6405.55   0.0    175.47   1.4  12.07.2025  04:44:11
 15   3   6   2  $12    0.010     5.2451   4702.23   0.0     -5.47   3.1  12.07.2025  04:44:16
 15   3   8   4  $12    0.010    15.1001  11136.41   0.0      4.27   2.0  12.07.2025  04:44:18
 16   4  13   1  $12    0.010     7.3844   9490.43   0.0      1.89  28.3  12.07.2025  04:44:20
 16   4  14   2  $12    0.010    14.1866  10757.92   0.0     11.08   3.6  12.07.2025  04:44:22
 16   4  15   3  $12    0.001     2.4752   8488.25   0.0      3.70  24.7  12.07.2025  04:44:27
 16   4   9  13  $12    0.010    -7.2735  16358.85   0.0      7.14   2.3  12.07.2025  04:44:31
 16   4  10  14  $12    0.010   -11.6172  18248.21   0.0     10.93   5.2  12.07.2025  04:44:33
 16   4  11  15  $12    0.010    -7.9250   5844.74   0.0      9.28   4.9  12.07.2025  04:44:35
 16   4   9   5  $12    0.100    10.2037    752.53   0.0      0.51  12.9  12.07.2025  04:44:38
 16   4  10   6  $12    0.100    12.7268   1999.12   0.0     -0.27  68.0  12.07.2025  04:44:40
 16   4  11   7  $12    0.100    18.2989   4115.60   0.0      3.12   0.9  12.07.2025  04:44:42
 16   4  12   8  $12    0.010     2.6101   6559.89   0.0      1.34  12.4  12.07.2025  04:44:47
 16   4   5   1  $12    0.100    -9.4672    925.93   0.0     17.64   1.2  12.07.2025  04:44:51
 16   4   6   2  $12    0.100    12.0831  26572.17   0.0     -1.29  45.5  12.07.2025  04:44:53
 16   4   7   3  $12    0.010    14.3587  12872.60   0.0      4.11   1.6  12.07.2025  04:44:58
  1   4   2   3  $12    0.001     4.2422  26654.31   0.0      5.19  10.3  12.07.2025  04:45:03
  2   3   1   4  $12    0.001     4.2609  26772.10   0.0      4.84  33.3  12.07.2025  04:45:05
  1   2   3   4  $12    0.100   -18.6451   3514.51   0.0     46.65   0.3  12.07.2025  04:45:10
  3   4   1   2  $12    0.100   -18.3970   3467.76   0.1     42.21   2.3  12.07.2025  04:45:13
  5   8   6   7  $12    0.010     7.5963   4772.89   0.0      2.59  32.2  12.07.2025  04:45:18
  6   7   5   8  $12    0.010     7.6407   4800.82   0.0      7.40   1.8  12.07.2025  04:45:20
  5   6   7   8  $12    0.010    -6.5936  12428.61   0.0     16.64   6.6  12.07.2025  04:45:22
  7   8   5   6  $12    0.010    -6.6227  12483.56   0.0     16.32  10.8  12.07.2025  04:45:24
  9  12  10  11  $12    0.010    13.1618   8269.77   0.0      4.78   7.4  12.07.2025  04:45:26
 10  11   9  12  $12    0.010    13.0620   8207.12   0.0      7.87   1.5  12.07.2025  04:45:28
  9  10  11  12  $12    0.010    -2.0838   3927.91   0.1      8.53   9.3  12.07.2025  04:45:30
 11  12   9  10  $12    0.010    -2.0777   3916.33   0.0      9.06   8.6  12.07.2025  04:45:32
 13  16  14  15  $12    0.010    -5.5123   3463.50   0.0     45.18   0.5  12.07.2025  04:45:34
 14  15  13  16  $12    0.010    -5.5263   3472.27   0.0     30.48   0.1  12.07.2025  04:45:36
 13  14  15  16  $12    0.100    17.7562   3346.97   0.0    143.75   0.0  12.07.2025  04:45:40
  1   9  10   2  $12    0.001    -6.6359  23879.80   0.0     11.31   3.8  12.07.2025  04:45:47
  1   9  11   3  $12    0.001    -2.7921  23922.67   0.1     17.97   9.7  12.07.2025  04:45:49
  1   9  12   4  $12    0.010   -18.8063  31446.68   0.0      3.66   1.1  12.07.2025  04:45:53
  2  10   9   1  $12    0.001    -6.6422  23902.38   0.0      6.62   7.9  12.07.2025  04:45:58
  2  10  11   3  $12    0.001    -3.3771  12152.74   0.1      8.29   9.0  12.07.2025  04:46:00
  2  10  12   4  $12    0.001    -2.0754  17781.67   0.0     14.33   1.7  12.07.2025  04:46:02
  3  11   9   1  $12    0.001    -2.7741  23768.78   0.0     14.17   3.7  12.07.2025  04:46:04
  3  11  10   2  $12    0.001    -3.4022  12242.83   0.1     11.63   9.0  12.07.2025  04:46:06
  3  11  12   4  $12    0.001    -3.7747  13583.40   0.0     13.24   5.9  12.07.2025  04:46:08
 12   4   9   1  $12    0.010    18.8226  31474.01   0.0      0.57  35.9  12.07.2025  04:46:12
 12   4  10   2  $12    0.010    20.9494  17949.39   0.0      1.14   3.0  12.07.2025  04:46:14
 12   4  11   3  $12    0.001     3.8253  13765.61   0.0      1.89  11.1  12.07.2025  04:46:19
 13   5  14   6  $12    0.001     4.1260  14847.69   0.1     -7.37  27.1  12.07.2025  04:46:21
 13   5  15   7  $12    0.001     3.8650  33115.35   0.0      3.07  28.0  12.07.2025  04:46:23
 13   5  16   8  $12    0.001     2.5063  41908.85   0.1      4.71  13.6  12.07.2025  04:46:25
 14   6  13   5  $12    0.001     4.1215  14831.47   0.0      6.81   9.8  12.07.2025  04:46:27
 14   6  15   7  $12    0.001     4.8397  17416.08   0.0     10.42   6.9  12.07.2025  04:46:29
 14   6  16   8  $12    0.001     3.0184  25861.87   0.1     12.13   8.0  12.07.2025  04:46:31
 15   7  13   5  $12    0.001     3.8668  33130.52   0.0      3.64  10.9  12.07.2025  04:46:33
 15   7  14   6  $12    0.001     4.8602  17489.77   0.3      8.28  11.1  12.07.2025  04:46:35
 15   7  16   8  $12    0.001     2.9873  10750.10   0.0      1.67 134.6  12.07.2025  04:46:37
 16   8  13   5  $12    0.001     2.5021  41838.76   0.1      4.60  10.9  12.07.2025  04:46:39
 16   8  14   6  $12    0.001     3.0142  25825.87   0.1     11.28  31.7  12.07.2025  04:46:41
 16   8  15   7  $12    0.001     2.9616  10657.64   0.2     -2.42 134.7  12.07.2025  04:46:43
  1   2   5   6  $12    0.100    -3.4824   6564.25   0.1   -683.44   0.7  12.07.2025  04:46:49
  2   3   6   7  $12    0.100    -1.0260   1933.96   0.2  -1350.43   0.3  12.07.2025  04:46:54
  3   4   7   8  $12    1.000     5.3158   1002.00   0.0    477.81   0.0  12.07.2025  04:46:58
  1   2   9  10  $12    0.100    -2.3539  37270.94   0.1   -504.27   0.2  12.07.2025  04:47:03
  2   3  10  11  $12    0.100    -1.5306  24235.33   0.1   -581.45   0.2  12.07.2025  04:47:09
  3   4  11  12  $12    1.000     1.1533   1826.17   0.2   -609.31   0.1  12.07.2025  04:47:15
  1   2  13  14  $12    0.100     3.9375 212269.82   0.0    -30.18   0.6  12.07.2025  04:47:21
  2   3  14  15  $12    0.100    -2.3355 125906.69   0.0     -3.39  48.4  12.07.2025  04:47:23
  3   4  15  16  $12    0.100     4.5051 242870.89   0.0    -23.48   0.8  12.07.2025  04:47:25
  5   6   9  10  $12    0.100    -3.4853   6569.54   0.1   -767.25   0.1  12.07.2025  04:47:27
  6   7  10  11  $12    0.100    -0.4123    777.16   0.9  -3632.57   0.7  12.07.2025  04:47:32
  7   8  11  12  $12    0.100     5.6687  10685.16   0.0     -2.38  24.5  12.07.2025  04:47:34
  5   6  13  14  $12    0.100     0.5263   8333.18   0.1   -513.05   0.4  12.07.2025  04:47:40
  6   7  14  15  $12    0.100     0.2723   4310.86   0.8    235.57   2.1  12.07.2025  04:47:45
  7   8  15  16  $12    1.000     5.2028   8238.00   0.0   -173.25   0.0  12.07.2025  04:47:49
  9  10  13  14  $12    1.000     1.1242    211.91   0.7    481.64   1.8  12.07.2025  04:47:54
 10  11  14  15  $12    1.000    -8.2354   1552.34   0.5   -205.23   4.8  12.07.2025  04:47:56
 11  12  15  16  $12    1.000     1.6199    305.35   0.0     91.07   1.8  12.07.2025  04:48:02
  1   2   6   7  $12    0.100     3.0118  11354.37   0.4   -664.81   0.2  12.07.2025  04:48:07
  2   3   7   8  $12    0.100     1.9825   7473.73   0.2    308.19   1.2  12.07.2025  04:48:12
  1   2   7   8  $12    0.100     0.7471   4928.63   0.1  -1049.66   0.0  12.07.2025  04:48:17
  2   3   7   8  $12    0.100     1.9014   7168.21   0.1    363.67   0.2  12.07.2025  04:48:23
  1   2  10  11  $12    0.100     0.4880  11037.51   0.6  -1717.70   1.0  12.07.2025  04:48:28
  2   3  11  12  $12    0.100    -0.2300   5202.92   1.8   -175.03   7.3  12.07.2025  04:48:34
  1   2  11  12  $12    0.100    -0.9656  30033.12   0.0     48.53   0.8  12.07.2025  04:48:40
  2   3  11  12  $12    0.100    -0.2159   4884.36   0.5    -25.15   5.9  12.07.2025  04:48:45
  1   2  14  15  $12    0.100    -1.4385  98697.13   0.1     61.06   1.6  12.07.2025  04:48:50
  2   3  15  16  $12    0.100    15.7345 1079582.30   0.0    -13.62   0.6  12.07.2025  04:48:52
  1   2  15  16  $12    0.100     5.9074 506650.05   0.0     21.98   0.1  12.07.2025  04:48:54
  2   3  15  16  $12    0.100    15.7322 1079420.53   0.0    -14.21   0.5  12.07.2025  04:48:56
  5   6  10  11  $12    0.100     4.1009  15459.91   0.7   -400.99   1.0  12.07.2025  04:48:58
  6   7  11  12  $12    0.100     2.3475   8850.01   0.5    -34.57  20.7  12.07.2025  04:49:00
  5   6  11  12  $12    0.100     1.7632  11632.30   0.1    -20.26   8.4  12.07.2025  04:49:06
  6   7  11  12  $12    0.100     2.2432   8456.71   0.0     -3.42  11.0  12.07.2025  04:49:08
  5   6  14  15  $12    0.100    -0.1543   3489.95   0.1   1179.39   0.1  12.07.2025  04:49:21
  6   7  15  16  $12    0.100     0.3517   7954.77   0.1   -753.12   0.3  12.07.2025  04:49:27
  5   6  15  16  $12    0.100    -0.3583  11144.44   0.7   -981.99   0.4  12.07.2025  04:49:32
  6   7  15  16  $12    0.100     0.3478   7867.31   0.2   -781.74   0.3  12.07.2025  04:49:37
  9  10  14  15  $12    1.000     0.5245    197.72   2.7  -2752.69   3.3  12.07.2025  04:49:49
 10  11  15  16  $12    1.000    -0.0446     16.81   4.9  13479.04   4.8  12.07.2025  04:50:04
  9  10  15  16  $12    1.000    -3.1932   2106.70   0.7   -334.52   2.3  12.07.2025  04:50:07
 10  11  15  16  $12    1.000    -0.1848     69.67   8.9   3292.84  12.5  12.07.2025  04:50:22
