//C:\Users\user\Desktop\GeoTom\GeoTomE724.ini
//- Cable direction:
//  cable I: normal
//  cable II: normal
//  cable III: normal
//  cable IV: normal
//- Cable arrangement: sequential
//- Optimization: Last measurement
//- Sorting: Multi-level
//- Current levels: 0.001 mA .. 50.0 mA
Type:         Flow
Name:         Hyprop
Comment:      Example of a measurements sequence
Comment:      
Comment:      
Spacing:      1.00000
First El:     0.00000
Nr of points: 289
IP present:   1

  1   5   2   6  $12    0.001     3.5562  15234.56   0.0     -0.48 169.0  11.07.2025  05:35:08
  1   5   3   7  $12    0.010    15.9374  30041.37   0.0      3.36   1.1  11.07.2025  05:35:12
  1   5   4   8  $12    0.010     9.8066  12939.52   0.0      2.54   2.4  11.07.2025  05:35:14
  1   5  14   2  $12    0.010   -15.1951  13622.50   0.0      5.44  12.8  11.07.2025  05:35:16
  1   5  15   3  $12    0.100    13.3979  29463.55   0.0     -7.55   2.1  11.07.2025  05:35:20
  1   5  16   4  $12    0.100    19.8132   1937.82   0.0      1.73   1.4  11.07.2025  05:35:22
  1   5  13   9  $12    0.010    14.9407 112650.32   0.0      2.44   2.2  11.07.2025  05:35:27
  1   5  14  10  $12    0.010    13.1168 150665.65   0.0      2.20   5.2  11.07.2025  05:35:29
  1   5  15  11  $12    0.010    12.7091 209615.43   0.0      2.25   1.3  11.07.2025  05:35:31
  1   5  16  12  $12    0.010     9.6905 219764.99   0.0      2.05   0.9  11.07.2025  05:35:33
  1   5  10   6  $12    0.010     6.7785   5989.28   0.0      0.46  65.7  11.07.2025  05:35:35
  1   5  11   7  $12    0.010     4.6228  10892.21   0.0      0.08 336.3  11.07.2025  05:35:37
  1   5  12   8  $12    0.010     2.1374   9694.68   0.0      0.46  91.6  11.07.2025  05:35:39
  2   6   1   5  $12    0.001     3.5457  15189.67   0.0     -1.51  16.7  11.07.2025  05:35:44
  2   6   3   7  $12    0.001     2.3977  10271.82   0.0     -0.61  29.2  11.07.2025  05:35:46
  2   6   4   8  $12    0.010    11.3238  21344.87   0.0      4.32   1.4  11.07.2025  05:35:50
  2   6  13   1  $12    0.010   -16.1417  11904.65   0.0      3.35   4.5  11.07.2025  05:35:52
  2   6  15   3  $12    0.010    -2.3284   2087.45   0.0     10.39   7.2  11.07.2025  05:35:54
  2   6  16   4  $12    0.100     2.3308   5125.66   0.0    -29.61   1.3  11.07.2025  05:35:58
  2   6  13   9  $12    0.010    12.5759  57040.16   0.0      2.62   0.8  11.07.2025  05:36:03
  2   6  14  10  $12    0.010    11.2511  84831.64   0.0      2.08   5.3  11.07.2025  05:36:05
  2   6  15  11  $12    0.010    10.9148 125372.74   0.0      2.59   0.9  11.07.2025  05:36:07
  2   6  16  12  $12    0.010     8.7265 143929.57   0.0      2.63   1.8  11.07.2025  05:36:09
  2   6   9   5  $12    0.010     6.3662   8400.02   0.0      4.39   1.7  11.07.2025  05:36:11
  2   6  11   7  $12    0.010    10.4455   9229.37   0.0      3.72   0.3  11.07.2025  05:36:13
  2   6  12   8  $12    0.010     2.8653   6751.09   0.0      2.38   9.1  11.07.2025  05:36:15
  3   7   1   5  $12    0.010    15.9483  30061.82   0.0      3.48   3.3  11.07.2025  05:36:17
  3   7   2   6  $12    0.001     2.4136  10340.01   0.0     -2.79  17.2  11.07.2025  05:36:22
  3   7   4   8  $12    0.001     2.2122   9477.16   0.0      3.74  11.7  11.07.2025  05:36:24
  3   7  13   1  $12    0.010    -2.3885   3751.85   0.0     11.82  13.1  11.07.2025  05:36:28
  3   7  14   2  $12    0.010    -4.5272   3338.82   0.0     10.66   5.7  11.07.2025  05:36:30
  3   7  16   4  $12    0.010    -9.2397   8283.42   0.0      8.51   9.3  11.07.2025  05:36:32
  3   7  13   9  $12    0.010     9.9705  23492.47   0.0      1.68   1.4  11.07.2025  05:36:34
  3   7  14  10  $12    0.010     9.3358  42344.21   0.0      1.47   7.7  11.07.2025  05:36:36
  3   7  15  11  $12    0.010     8.9720  67647.22   0.0      1.58   1.3  11.07.2025  05:36:38
  3   7  16  12  $12    0.010     8.1322  93410.22   0.0      0.98   3.4  11.07.2025  05:36:40
  3   7   9   5  $12    0.010     3.5931   6772.75   0.0      1.13  20.6  11.07.2025  05:36:42
  3   7  10   6  $12    0.010     9.8507  12997.64   0.0      1.47   9.0  11.07.2025  05:36:44
  3   7  12   8  $12    0.010     4.3967   3884.83   0.0     -0.03 1254.4  11.07.2025  05:36:46
  4   8   1   5  $12    0.010     9.8156  12951.44   0.0      2.96   4.5  11.07.2025  05:36:48
  4   8   2   6  $12    0.010    11.3588  21410.78   0.0      2.44   9.5  11.07.2025  05:36:50
  4   8   3   7  $12    0.010    21.7875   9333.72   0.0      3.48   0.2  11.07.2025  05:36:52
  4   8  13   1  $12    0.100    -8.7221   1961.67   0.0     10.00   0.9  11.07.2025  05:36:56
  4   8  14   2  $12    0.100   -15.9173   2500.28   0.0      8.34   2.3  11.07.2025  05:36:58
  4   8  15   3  $12    0.010    -9.8784   7285.43   0.0      6.79   2.1  11.07.2025  05:37:03
  4   8  13   9  $12    0.010     8.2766   7313.02   0.0      3.24   0.9  11.07.2025  05:37:05
  4   8  14  10  $12    0.010     7.9998  18849.11   0.0      2.48   2.6  11.07.2025  05:37:07
  4   8  15  11  $12    0.010     7.9447  36034.54   0.0      2.87   4.3  11.07.2025  05:37:09
  4   8  16  12  $12    0.010     7.8305  59040.31   0.0      1.58   9.5  11.07.2025  05:37:11
  4   8   9   5  $12    0.100     6.3523    272.13   0.0      2.64   4.0  11.07.2025  05:37:15
  4   8  10   6  $12    0.100    17.2556   3252.61   0.0      2.76   5.2  11.07.2025  05:37:17
  4   8  11   7  $12    0.010     3.8666   5101.81   0.0      0.12  95.1  11.07.2025  05:37:22
  5   9   6  10  $12    0.010    18.3117   7844.73   0.0      2.59   2.1  11.07.2025  05:37:24
  5   9   7  11  $12    0.010     9.3248  17576.87   0.0      2.48  14.7  11.07.2025  05:37:26
  5   9   8  12  $12    0.010     4.0236   5309.04   0.0      2.20  30.9  11.07.2025  05:37:28
  5   9   2   6  $12    0.010    -6.3394   8364.58   0.0      7.08   3.0  11.07.2025  05:37:30
  5   9   3   7  $12    0.010    -3.5515   6694.42   0.0     10.03   3.5  11.07.2025  05:37:32
  5   9   4   8  $12    0.100    -6.2612    268.23   0.0      6.50   1.2  11.07.2025  05:37:36
  5   9   1  13  $12    0.100     7.8748   1979.15   0.0      1.73  17.8  11.07.2025  05:37:38
  5   9   2  14  $12    0.100    10.4023   2339.57   0.0      0.82  36.3  11.07.2025  05:37:40
  5   9   3  15  $12    0.100    10.0800   1583.36   0.0      3.37  15.1  11.07.2025  05:37:42
  5   9   4  16  $12    0.100     9.5381    703.44   0.0      1.57   2.7  11.07.2025  05:37:44
  5   9  14  10  $12    0.010    10.8808   9613.95   0.0      2.53   3.0  11.07.2025  05:37:49
  5   9  15  11  $12    0.010     4.7468  11184.31   0.0     -0.14 128.2  11.07.2025  05:37:51
  5   9  16  12  $12    0.010     2.4427  11079.47   0.0      2.58   9.7  11.07.2025  05:37:53
  6  10   5   9  $12    0.010    18.2346   7811.68   0.0      4.08   0.4  11.07.2025  05:37:55
  6  10   7  11  $12    0.010    18.2713   7827.41   0.0      4.65   0.8  11.07.2025  05:37:57
  6  10   8  12  $12    0.010     6.2492  11779.52   0.0      6.60   2.4  11.07.2025  05:37:59
  6  10   1   5  $12    0.010    -6.7209   5938.44   0.0      8.24   0.6  11.07.2025  05:38:01
  6  10   3   7  $12    0.010    -9.8160  12951.91   0.0      6.56   3.0  11.07.2025  05:38:03
  6  10   4   8  $12    0.100   -17.2144   3244.83   0.0      4.25   1.6  11.07.2025  05:38:07
  6  10   1  13  $12    0.100     8.6595   1947.61   0.0     15.49   3.0  11.07.2025  05:38:09
  6  10   2  14  $12    0.100    11.4526   2878.35   0.0     28.46   0.3  11.07.2025  05:38:11
  6  10   3  15  $12    0.100    12.3306   2773.26   0.0     17.93   0.8  11.07.2025  05:38:13
  6  10   4  16  $12    0.100    12.3894   1946.12   0.0      0.81  11.0  11.07.2025  05:38:15
  6  10  13   9  $12    0.010    10.6452  14046.05   0.0      1.61   1.5  11.07.2025  05:38:20
  6  10  15  11  $12    0.010     7.1990   6360.88   0.0      1.82  11.6  11.07.2025  05:38:22
  6  10  16  12  $12    0.010     3.2842   7738.28   0.0      8.72   1.7  11.07.2025  05:38:24
  7  11   5   9  $12    0.010     9.3204  17568.54   0.0      2.22   5.5  11.07.2025  05:38:26
  7  11   6  10  $12    0.010    18.2731   7828.16   0.0      3.19   7.2  11.07.2025  05:38:28
  7  11   8  12  $12    0.010    12.3622   5295.94   0.0     11.90   0.8  11.07.2025  05:38:30
  7  11   1   5  $12    0.010    -4.5825  10797.35   0.0      7.22  11.0  11.07.2025  05:38:32
  7  11   2   6  $12    0.010   -10.4164   9203.65   0.0      5.75   0.8  11.07.2025  05:38:34
  7  11   4   8  $12    0.010    -3.8330   5057.55   0.0      5.57   4.7  11.07.2025  05:38:36
  7  11   1  13  $12    0.100    11.7237   1841.55   0.0      6.34   0.4  11.07.2025  05:38:40
  7  11   2  14  $12    0.100    16.0760   3615.65   0.0      9.26   3.7  11.07.2025  05:38:42
  7  11   3  15  $12    0.100    17.7099   4450.99   0.0      8.14   4.2  11.07.2025  05:38:44
  7  11   4  16  $12    0.100    17.9703   4041.69   0.0      3.26   1.8  11.07.2025  05:38:46
  7  11  13   9  $12    0.010     3.5342   6661.81   0.0     -2.01   9.5  11.07.2025  05:38:51
  7  11  14  10  $12    0.010     6.2089   8192.49   0.0      1.58  15.9  11.07.2025  05:38:53
  7  11  16  12  $12    0.010     6.6719   5895.07   0.0     20.79   0.6  11.07.2025  05:38:55
  8  12   5   9  $12    0.010     4.0055   5285.15   0.0      0.54  31.0  11.07.2025  05:38:57
  8  12   6  10  $12    0.010     6.2352  11753.07   0.0      0.81  29.8  11.07.2025  05:38:59
  8  12   7  11  $12    0.010    12.2593   5251.88   0.0      7.37   2.5  11.07.2025  05:39:01
  8  12   1   5  $12    0.010    -2.0946   9500.48   0.0     15.74   1.5  11.07.2025  05:39:03
  8  12   2   6  $12    0.010    -2.8253   6657.05   0.0     10.99   1.2  11.07.2025  05:39:05
  8  12   3   7  $12    0.010    -4.3245   3821.01   0.0      9.28   2.5  11.07.2025  05:39:07
  8  12   1  13  $12    0.100    14.0496   1036.17   0.0     -2.77   6.7  11.07.2025  05:39:11
  8  12   2  14  $12    0.100    20.0316   3146.56   0.0     -5.19   2.2  11.07.2025  05:39:13
  8  12   3  15  $12    0.010     2.3991   5395.79   0.0     -4.78  17.0  11.07.2025  05:39:18
  8  12  16   4  $12    0.010    -2.4983   6278.80   0.0      4.64  12.3  11.07.2025  05:39:20
  8  12   9  13  $12    0.100    -4.2641    182.67   0.0     13.79   1.2  11.07.2025  05:39:24
  8  12  10  14  $12    0.100   -13.0237   2454.92   0.0     13.45   0.3  11.07.2025  05:39:26
  8  12  11  15  $12    0.010    -5.3392   7044.92   0.0     21.15   0.1  11.07.2025  05:39:31
  9  13  10  14  $12    0.001     3.0787  13189.33   0.0      0.27   6.6  11.07.2025  05:39:35
  9  13  11  15  $12    0.001     2.6097  49190.84   0.0      2.39  22.0  11.07.2025  05:39:37
  9  13  12  16  $12    0.010    14.9960  19786.73   0.0      4.06   0.9  11.07.2025  05:39:41
  9  13   6  10  $12    0.010   -10.5959  13980.93   0.0      4.07   4.3  11.07.2025  05:39:43
  9  13   7  11  $12    0.010    -3.4849   6568.95   0.0      6.80   9.7  11.07.2025  05:39:45
  9  13   8  12  $12    0.100    -4.4842    192.10   0.0     18.65   0.9  11.07.2025  05:39:49
  9  13   5   1  $12    0.010    14.9997 113094.97   0.0      3.13   6.5  11.07.2025  05:39:54
  9  13   6   2  $12    0.010    12.6289  57280.37   0.0      2.82   3.4  11.07.2025  05:39:56
  9  13   7   3  $12    0.010     9.9761  23505.70   0.0      1.90   3.9  11.07.2025  05:39:58
  9  13   8   4  $12    0.010     8.2954   7329.55   0.0      2.72   3.7  11.07.2025  05:40:00
  9  13   2  14  $12    0.010     7.0377   5190.39   0.0     -1.39  28.4  11.07.2025  05:40:02
  9  13   3  15  $12    0.010    12.1914  19150.23   0.0     13.31   1.0  11.07.2025  05:40:04
  9  13   4  16  $12    0.010     6.2763  14116.03   0.0      3.38   2.2  11.07.2025  05:40:06
 10  14   9  13  $12    0.001     3.0695  13149.64   0.0     -0.30 138.0  11.07.2025  05:40:11
 10  14  11  15  $12    0.001     2.9274  12540.97   0.0     -1.42  11.1  11.07.2025  05:40:13
 10  14  12  16  $12    0.010    19.3104  36399.29   0.0      7.54   0.4  11.07.2025  05:40:17
 10  14   5   9  $12    0.010   -10.8351   9573.59   0.0      6.09   3.9  11.07.2025  05:40:19
 10  14   7  11  $12    0.010    -6.1712   8142.70   0.0      6.63   2.2  11.07.2025  05:40:21
 10  14   8  12  $12    0.100   -13.4502   2535.30   0.0     16.94   0.4  11.07.2025  05:40:25
 10  14   5   1  $12    0.010    13.1465 151006.28   0.0      3.07   5.1  11.07.2025  05:40:30
 10  14   6   2  $12    0.010    11.2877  85107.30   0.0      3.10   8.7  11.07.2025  05:40:32
 10  14   7   3  $12    0.010     9.3286  42311.56   0.0      2.30   1.6  11.07.2025  05:40:34
 10  14   8   4  $12    0.010     8.0111  18875.70   0.0      3.07   5.6  11.07.2025  05:40:36
 10  14   1  13  $12    0.010     6.2761   5626.52   0.0      2.70   4.0  11.07.2025  05:40:38
 10  14   3  15  $12    0.010    13.3142   9819.32   0.0      2.08   0.6  11.07.2025  05:40:40
 10  14   4  16  $12    0.010     9.9651  15653.19   0.0      8.82   1.4  11.07.2025  05:40:42
 11  15   9  13  $12    0.001     2.5951  48916.88   0.0      2.30  12.7  11.07.2025  05:40:47
 11  15  10  14  $12    0.001     2.9312  12557.17   0.0     -0.94  14.1  11.07.2025  05:40:49
 11  15  12  16  $12    0.001     2.0505   8784.18   0.0      3.05   8.9  11.07.2025  05:40:51
 11  15   5   9  $12    0.010    -4.6921  11055.60   0.0      5.67   2.2  11.07.2025  05:40:55
 11  15   6  10  $12    0.010    -7.1541   6321.17   0.0      4.24   3.6  11.07.2025  05:40:57
 11  15   8  12  $12    0.010    -5.5056   7264.50   0.0     18.15   1.5  11.07.2025  05:40:59
 11  15   5   1  $12    0.010    12.7667 210566.00   0.0      1.89  13.5  11.07.2025  05:41:01
 11  15   6   2  $12    0.010    10.9758 126073.50   0.0      1.32   5.8  11.07.2025  05:41:03
 11  15   7   3  $12    0.010     8.9837  67735.86   0.0      0.26  94.0  11.07.2025  05:41:05
 11  15   8   4  $12    0.010     7.9767  36179.93   0.0      1.74   3.1  11.07.2025  05:41:07
 11  15   1  13  $12    0.010     8.1048 178233.84   0.0     11.76   3.0  11.07.2025  05:41:09
 11  15   2  14  $12    0.010    10.7939   9676.78   0.0     -0.88  13.4  11.07.2025  05:41:11
 11  15   4  16  $12    0.010     6.7836   5002.97   0.0      2.98   4.5  11.07.2025  05:41:13
 12  16   9  13  $12    0.010    14.9829  19769.48   0.0      2.85   3.2  11.07.2025  05:41:15
 12  16  10  14  $12    0.010    19.1439  36085.45   0.0      6.09   1.0  11.07.2025  05:41:17
 12  16  11  15  $12    0.010    20.0640   8595.38   0.0      6.44   2.4  11.07.2025  05:41:19
 12  16   5   9  $12    0.010    -2.3525  10670.25   0.0     17.98   3.0  11.07.2025  05:41:21
 12  16   6  10  $12    0.010    -3.1868   7508.81   0.0     15.00   2.6  11.07.2025  05:41:23
 12  16   7  11  $12    0.010    -6.4624   5710.02   0.0     16.89   1.5  11.07.2025  05:41:25
 12  16   5   1  $12    0.010     9.7130 220274.50   0.0      2.66   5.8  11.07.2025  05:41:27
 12  16   6   2  $12    0.010     8.7682 144617.26   0.0      1.69   2.8  11.07.2025  05:41:29
 12  16   7   3  $12    0.010     8.1459  93567.06   0.0      0.38  38.5  11.07.2025  05:41:31
 12  16   8   4  $12    0.010     7.8701  59338.88   0.0      2.10   2.2  11.07.2025  05:41:33
 12  16  13   1  $12    0.010    -2.8465   2784.01   0.0     12.37   9.6  11.07.2025  05:41:36
 12  16  14   2  $12    0.010    -7.1748 157782.95   0.0     10.86   3.1  11.07.2025  05:41:38
 12  16  15   3  $12    0.010    -5.4275   4865.74   0.0      8.26   9.4  11.07.2025  05:41:40
 13   1  14   2  $12    0.001     2.3686   8122.96   0.2     -4.20  27.4  11.07.2025  05:41:45
 13   1  15   3  $12    0.010    11.7421   8904.23   0.0     13.42   0.9  11.07.2025  05:41:48
 13   1  16   4  $12    0.010     5.2094   6695.13   0.0      2.20  11.4  11.07.2025  05:41:50
 13   1  10  14  $12    0.010    -6.2502   5603.32   0.0      4.87   6.3  11.07.2025  05:41:52
 13   1  11  15  $12    0.010    -8.1034 178202.96   0.0     20.96   0.2  11.07.2025  05:41:54
 13   1  12  16  $12    0.010    -2.8739   2810.84   0.0     11.08   2.0  11.07.2025  05:41:56
 13   1   9   5  $12    0.100     7.9160   1989.50   0.0      3.74   2.9  11.07.2025  05:42:00
 13   1  10   6  $12    0.100     8.8009   1979.42   0.0     13.60   2.3  11.07.2025  05:42:02
 13   1  11   7  $12    0.100    11.8700   1864.53   0.0      8.58   1.0  11.07.2025  05:42:04
 13   1  12   8  $12    0.100    14.0900   1039.15   0.0      2.94   2.4  11.07.2025  05:42:06
 13   1   6   2  $12    0.010    16.2412  11977.99   0.0      1.72   1.9  11.07.2025  05:42:11
 13   1   7   3  $12    0.010     2.4298   3816.73   0.0     -2.60   2.1  11.07.2025  05:42:13
 13   1   8   4  $12    0.100     8.7989   1978.94   0.0     -0.00 3173.2  11.07.2025  05:42:17
 14   2  13   1  $12    0.001     2.3722   8135.21   0.1      5.60  35.5  11.07.2025  05:42:25
 14   2  15   3  $12    0.010    16.9370   5808.33   0.0      2.88   4.8  11.07.2025  05:42:29
 14   2  16   4  $12    0.010    10.9072   8271.11   0.0      9.18   0.2  11.07.2025  05:42:31
 14   2   9  13  $12    0.010    -7.0325   5186.51   0.0      6.86   2.2  11.07.2025  05:42:33
 14   2  11  15  $12    0.010   -10.7033   9595.56   0.0      4.00   1.5  11.07.2025  05:42:35
 14   2  12  16  $12    0.010    -7.2470 159368.84   0.0     16.91   0.8  11.07.2025  05:42:37
 14   2   9   5  $12    0.100    10.3865   2336.02   0.0      5.78   0.2  11.07.2025  05:42:41
 14   2  10   6  $12    0.100    11.6201   2920.45   0.0     28.31   0.6  11.07.2025  05:42:43
 14   2  11   7  $12    0.100    16.2504   3654.86   0.0     14.11   0.3  11.07.2025  05:42:45
 14   2  12   8  $12    0.100    20.0951   3156.54   0.0      1.00   2.7  11.07.2025  05:42:47
 14   2   5   1  $12    0.010    15.3343  13747.24   0.0      1.92   4.5  11.07.2025  05:42:52
 14   2   7   3  $12    0.010     4.5869   3382.90   0.0     -0.15  79.5  11.07.2025  05:42:54
 14   2   8   4  $12    0.100    16.0382   2519.27   0.0      1.27   0.6  11.07.2025  05:42:57
 15   3  13   1  $12    0.010    11.6492   8833.80   0.0     10.65   0.9  11.07.2025  05:43:02
 15   3  14   2  $12    0.010    16.9849   5824.76   0.0      4.49   6.5  11.07.2025  05:43:04
 15   3  16   4  $12    0.010    17.8483   6120.86   0.0      4.21   4.1  11.07.2025  05:43:06
 15   3   9  13  $12    0.010   -11.9818  18821.03   0.0     14.77   0.8  11.07.2025  05:43:08
 15   3  10  14  $12    0.010   -13.3383   9837.08   0.0      4.69   3.4  11.07.2025  05:43:10
 15   3  12  16  $12    0.010    -5.4623   4896.97   0.0     10.06   0.9  11.07.2025  05:43:12
 15   3   9   5  $12    0.100     9.9865   1568.68   0.0      6.39   1.6  11.07.2025  05:43:16
 15   3  10   6  $12    0.100    12.3714   2782.45   0.0     16.66   1.3  11.07.2025  05:43:18
 15   3  11   7  $12    0.100    17.7570   4462.83   0.0      9.60   0.7  11.07.2025  05:43:20
 15   3  12   8  $12    0.010     2.3935   5383.16   0.0     -1.92   1.5  11.07.2025  05:43:25
 15   3   5   1  $12    0.100   -13.8298  30413.38   0.0      0.75  25.1  11.07.2025  05:43:29
 15   3   6   2  $12    0.010     2.3783   2132.20   0.0     -6.11   1.7  11.07.2025  05:43:34
 15   3   8   4  $12    0.010     9.9992   7374.46   0.0      3.22   0.7  11.07.2025  05:43:36
 16   4  13   1  $12    0.010     5.1923   6673.19   0.0      3.08  15.8  11.07.2025  05:43:38
 16   4  14   2  $12    0.010    10.8645   8238.75   0.0      5.34   7.3  11.07.2025  05:43:40
 16   4  15   3  $12    0.010    17.8115   6108.21   0.0      4.09   2.9  11.07.2025  05:43:42
 16   4   9  13  $12    0.010    -6.2164  13981.20   0.1     10.19   6.2  11.07.2025  05:43:44
 16   4  10  14  $12    0.010    -9.7920  15381.28   0.0     10.13   0.6  11.07.2025  05:43:46
 16   4  11  15  $12    0.010    -6.6543   4907.57   0.0      6.53   6.5  11.07.2025  05:43:48
 16   4   9   5  $12    0.100     9.5124    701.55   0.0      1.42   3.6  11.07.2025  05:43:52
 16   4  10   6  $12    0.100    12.3682   1942.79   0.0      1.32  32.8  11.07.2025  05:43:54
 16   4  11   7  $12    0.100    18.0086   4050.30   0.0      3.48   0.9  11.07.2025  05:43:56
 16   4  12   8  $12    0.010     2.5405   6385.07   0.0      0.22 110.0  11.07.2025  05:44:01
 16   4   5   1  $12    0.010    -2.0004   1956.47   0.0     11.32   9.3  11.07.2025  05:44:03
 16   4   6   2  $12    0.100    -2.6679   5866.99   0.0     16.97   1.0  11.07.2025  05:44:07
 16   4   7   3  $12    0.010     9.2355   8279.67   0.0      3.85   5.4  11.07.2025  05:44:12
  1   4   2   3  $12    0.001     2.5251  15865.95   0.0      2.50   8.4  11.07.2025  05:44:17
  2   3   1   4  $12    0.001     2.5379  15946.40   0.0     -5.16   6.9  11.07.2025  05:44:19
  1   2   3   4  $12    0.100   -12.6845   2390.98   0.0     18.65   1.6  11.07.2025  05:44:24
  3   4   1   2  $12    0.100   -12.7754   2408.11   0.0     19.30   1.1  11.07.2025  05:44:26
  5   8   6   7  $12    0.010     5.2696   3310.97   0.0      1.10  37.8  11.07.2025  05:44:31
  6   7   5   8  $12    0.010     5.2627   3306.66   0.0      1.31  17.6  11.07.2025  05:44:33
  5   6   7   8  $12    0.010    -4.8779   9194.59   0.0     10.97   3.8  11.07.2025  05:44:35
  7   8   5   6  $12    0.010    -4.8643   9169.03   0.0     10.49   6.3  11.07.2025  05:44:37
  9  12  10  11  $12    0.010    10.8589   6822.84   0.0      6.66   1.8  11.07.2025  05:44:39
 10  11   9  12  $12    0.010    10.8829   6837.93   0.0      8.66   2.3  11.07.2025  05:44:41
  9  10  11  12  $12    0.100   -14.9222   2812.78   0.0      2.43   0.3  11.07.2025  05:44:45
 11  12   9  10  $12    0.100   -15.0684   2840.34   0.0      4.69   3.8  11.07.2025  05:44:47
 13  16  14  15  $12    0.010    -5.2131   3275.49   0.0     37.68   0.5  11.07.2025  05:44:52
 14  15  13  16  $12    0.010    -5.3327   3350.64   0.0     20.64   0.6  11.07.2025  05:44:54
 13  14  15  16  $12    0.010     2.5627   4830.50   0.1     62.90   1.2  11.07.2025  05:44:56
  1   9  10   2  $12    0.001    -4.0396  14536.67   0.0     10.46   2.3  11.07.2025  05:45:01
  1   9  11   3  $12    0.010   -17.0545  14612.29   0.0      4.82   2.0  11.07.2025  05:45:05
  1   9  12   4  $12    0.010   -11.0000  18393.45   0.0      6.80   0.5  11.07.2025  05:45:07
  2  10   9   1  $12    0.001    -4.0271  14491.83   0.0      8.68  10.4  11.07.2025  05:45:12
  2  10  11   3  $12    0.001    -2.1702   7809.60   0.0     13.23  14.1  11.07.2025  05:45:14
  2  10  12   4  $12    0.010   -12.9289  11077.43   0.0      7.07   0.5  11.07.2025  05:45:17
  3  11   9   1  $12    0.010   -17.0581  14615.39   0.0      4.63   4.9  11.07.2025  05:45:19
  3  11  10   2  $12    0.010   -21.6896   7805.11   0.0      4.57   5.2  11.07.2025  05:45:21
  3  11  12   4  $12    0.001    -2.5725   9257.34   0.0     14.91   1.5  11.07.2025  05:45:26
 12   4   9   1  $12    0.010    11.0290  18442.06   0.0      2.90   9.9  11.07.2025  05:45:30
 12   4  10   2  $12    0.010    12.9611  11105.07   0.0      3.34   9.2  11.07.2025  05:45:32
 12   4  11   3  $12    0.001     2.6143   9407.72   0.0      2.52  20.1  11.07.2025  05:45:37
 13   5  14   6  $12    0.001     2.7587   9927.46   0.1     -4.21  18.0  11.07.2025  05:45:39
 13   5  15   7  $12    0.001     2.7106  23224.25   0.1      6.02  17.1  11.07.2025  05:45:41
 13   5  16   8  $12    0.010    16.1325  26975.72   0.0      4.08   0.4  11.07.2025  05:45:45
 14   6  13   5  $12    0.001     2.7441   9874.93   0.0      3.78   4.2  11.07.2025  05:45:50
 14   6  15   7  $12    0.001     3.4081  12264.13   0.0      7.25   4.6  11.07.2025  05:45:52
 14   6  16   8  $12    0.001     2.1108  18085.32   0.0      8.69   3.8  11.07.2025  05:45:54
 15   7  13   5  $12    0.001     2.7027  23156.56   0.2      2.03  94.2  11.07.2025  05:45:56
 15   7  14   6  $12    0.001     3.4266  12330.65   0.2     -1.31  84.4  11.07.2025  05:45:58
 15   7  16   8  $12    0.001     2.0508   7379.95   0.1     -0.36 316.1  11.07.2025  05:46:00
 16   8  13   5  $12    0.010    16.1118  26941.17   0.0      3.96   2.9  11.07.2025  05:46:04
 16   8  14   6  $12    0.010    20.7814  17805.42   0.0      6.17   2.3  11.07.2025  05:46:06
 16   8  15   7  $12    0.010    20.3122   7309.45   0.0      4.10   0.7  11.07.2025  05:46:08
  1   2   5   6  $12    1.000    -3.0280    570.76   0.0   -587.94   0.3  11.07.2025  05:46:13
  2   3   6   7  $12    1.000     8.4321   1589.41   0.0     74.89   0.7  11.07.2025  05:46:15
  3   4   7   8  $12    1.000    12.0176   2265.26   0.0     65.46   0.2  11.07.2025  05:46:17
  1   2   9  10  $12    1.000    -4.6758   7403.52   0.0    -66.14   0.5  11.07.2025  05:46:19
  2   3  10  11  $12    1.000    -3.5156   5566.42   0.0    -76.94   0.6  11.07.2025  05:46:21
  3   4  11  12  $12    1.000    -1.7084   2705.08   0.0    136.33   0.7  11.07.2025  05:46:27
  1   2  13  14  $12    0.100     4.0251 216994.72   0.0     -5.72   2.8  11.07.2025  05:46:32
  2   3  14  15  $12    0.100    -2.3326 125748.52   0.0     13.02   6.3  11.07.2025  05:46:34
  3   4  15  16  $12    0.100     3.9011 210306.77   0.0    -11.06   1.9  11.07.2025  05:46:36
  5   6   9  10  $12    1.000     8.2984   1564.22   0.0     25.41   0.5  11.07.2025  05:46:40
  6   7  10  11  $12    1.000    16.4504   3100.83   0.0     14.70   0.2  11.07.2025  05:46:42
  7   8  11  12  $12    0.100     3.6912   6957.69   0.0    -10.01   1.3  11.07.2025  05:46:46
  5   6  13  14  $12    1.000     0.4580    725.19   0.2     46.44   3.3  11.07.2025  05:46:54
  6   7  14  15  $12    1.000    -0.5630    891.47   0.7   -753.17   0.6  11.07.2025  05:46:59
  7   8  15  16  $12    1.000     4.4874   7105.23   0.0    -44.56   0.6  11.07.2025  05:47:01
  9  10  13  14  $12    1.000     2.2416    422.54   0.0    -32.86   1.8  11.07.2025  05:47:03
 10  11  14  15  $12    1.000    -4.4736    843.25   0.0     -2.31   5.1  11.07.2025  05:47:05
 11  12  15  16  $12    1.000     3.3097    623.87   0.0     27.31   1.8  11.07.2025  05:47:07
  1   2   6   7  $12    1.000     1.2617    475.65   0.2   -803.12   0.5  11.07.2025  05:47:12
  2   3   7   8  $12    1.000    22.7353   8571.01   0.0     22.69   0.7  11.07.2025  05:47:14
  1   2   7   8  $12    1.000    -1.9562   1290.56   0.1    421.54   0.3  11.07.2025  05:47:19
  2   3   7   8  $12    1.000    22.7465   8575.23   0.0     22.39   0.1  11.07.2025  05:47:21
  1   2  10  11  $12    1.000    -7.9912  18075.67   0.0     36.79   1.0  11.07.2025  05:47:23
  2   3  11  12  $12    1.000    -4.3088   9746.20   0.0      7.64   1.1  11.07.2025  05:47:25
  1   2  11  12  $12    1.000   -10.1549  31583.43   0.0    -15.90   1.3  11.07.2025  05:47:27
  2   3  11  12  $12    1.000    -4.4043   9962.32   0.0      8.88   7.0  11.07.2025  05:47:29
  1   2  14  15  $12    1.000   -14.7599 101270.98   0.0     44.42   0.1  11.07.2025  05:47:32
  2   3  15  16  $12    0.100    11.7506 806239.96   0.0     -2.88   2.0  11.07.2025  05:47:37
  1   2  15  16  $12    0.100     6.1691 529094.62   0.0      8.07   2.5  11.07.2025  05:47:39
  2   3  15  16  $12    0.100    11.7733 807795.10   0.0     -3.06   1.9  11.07.2025  05:47:41
  5   6  10  11  $12    1.000    15.8892   5990.09   0.0    -15.51   0.2  11.07.2025  05:47:44
  6   7  11  12  $12    1.000    16.0318   6043.85   0.0    -15.17   0.2  11.07.2025  05:47:47
  5   6  11  12  $12    1.000    13.5384   8931.76   0.0      5.99   0.3  11.07.2025  05:47:49
  6   7  11  12  $12    1.000    16.0205   6039.60   0.0    -14.98   0.1  11.07.2025  05:47:51
  5   6  14  15  $12    1.000     1.2051   2725.78   0.0   -669.25   0.0  11.07.2025  05:47:56
  6   7  15  16  $12    1.000     2.2949   5190.98   0.1   -184.03   0.0  11.07.2025  05:47:58
  5   6  15  16  $12    1.000     0.1196    371.86   1.1   5882.61   1.1  11.07.2025  05:48:13
  6   7  15  16  $12    1.000     2.5566   5782.92   0.0   -202.79   0.1  11.07.2025  05:48:15
  9  10  14  15  $12   10.000   -14.6192    551.13   0.0     27.49  20.0  11.07.2025  05:48:19
 10  11  15  16  $12   10.000    -1.0934     41.22   0.9   -256.31   1.4  11.07.2025  05:48:26
  9  10  15  16  $12   10.000   -13.3050    877.77   0.4   -116.44   2.5  11.07.2025  05:48:28
 10  11  15  16  $12   10.000     2.1054     79.37   0.4    446.49   3.1  11.07.2025  05:48:30
