//C:\Users\user\Desktop\GeoTom\GeoTomE724.ini
//- Cable direction:
//  cable I: normal
//  cable II: normal
//  cable III: normal
//  cable IV: normal
//- Cable arrangement: sequential
//- Optimization: Last measurement
//- Sorting: Multi-level
//- Current levels: 0.001 mA .. 50.0 mA
Type:         Flow
Name:         Hyprop
Comment:      Example of a measurements sequence
Comment:      
Comment:      
Spacing:      1.00000
First El:     0.00000
Nr of points: 289
IP present:   1

  1   5   2   6  $12    0.001     4.2584  18242.79   0.0     -0.18 194.5  11.07.2025  13:35:08
  1   5   3   7  $12    0.010    18.5478  34961.78   0.0      2.97   3.1  11.07.2025  13:35:12
  1   5   4   8  $12    0.010    11.7078  15448.09   0.0      1.91   3.7  11.07.2025  13:35:14
  1   5  14   2  $12    0.010   -19.9125  17851.62   0.0      2.66   5.9  11.07.2025  13:35:16
  1   5  15   3  $12    0.100     5.6822  12495.83   0.0    -39.39   0.2  11.07.2025  13:35:20
  1   5  16   4  $12    0.100    15.0816   1475.04   0.0      1.95   3.3  11.07.2025  13:35:22
  1   5  13   9  $12    0.010    16.2432 122470.55   0.0      2.29   1.2  11.07.2025  13:35:27
  1   5  14  10  $12    0.010    14.4403 165867.38   0.0      1.37   0.6  11.07.2025  13:35:29
  1   5  15  11  $12    0.010    13.9941 230809.08   0.0      2.51   4.1  11.07.2025  13:35:31
  1   5  16  12  $12    0.010    10.9301 247877.04   0.0      1.63  12.6  11.07.2025  13:35:33
  1   5  10   6  $12    0.010     7.7438   6842.17   0.0     -0.59  75.6  11.07.2025  13:35:35
  1   5  11   7  $12    0.010     5.1410  12113.10   0.0      1.31  21.2  11.07.2025  13:35:37
  1   5  12   8  $12    0.010     2.3174  10510.79   0.0      3.34  16.7  11.07.2025  13:35:39
  2   6   1   5  $12    0.001     4.2548  18227.57   0.0      1.39   9.9  11.07.2025  13:35:44
  2   6   3   7  $12    0.001     2.7245  11671.92   0.0      0.51  16.1  11.07.2025  13:35:46
  2   6   4   8  $12    0.010    13.1714  24827.55   0.0      4.37   1.3  11.07.2025  13:35:50
  2   6  13   1  $12    0.010   -20.9428  15445.48   0.0      0.86  28.8  11.07.2025  13:35:52
  2   6  15   3  $12    0.010    -3.3917   3040.70   0.0      8.18   9.4  11.07.2025  13:35:54
  2   6  16   4  $12    0.100    -3.5700   7850.89   0.0     28.26   1.3  11.07.2025  13:35:58
  2   6  13   9  $12    0.010    13.8931  63014.71   0.0      2.74   1.1  11.07.2025  13:36:03
  2   6  14  10  $12    0.010    12.5451  94588.04   0.0      2.70   6.9  11.07.2025  13:36:05
  2   6  15  11  $12    0.010    12.1837 139947.13   0.0      2.10   5.2  11.07.2025  13:36:07
  2   6  16  12  $12    0.010     9.9254 163703.25   0.0      2.06   3.4  11.07.2025  13:36:09
  2   6   9   5  $12    0.010     7.3465   9693.44   0.0      5.41   3.0  11.07.2025  13:36:11
  2   6  11   7  $12    0.010    11.3119   9994.93   0.0      3.01   1.4  11.07.2025  13:36:13
  2   6  12   8  $12    0.010     2.9450   6938.99   0.0      3.96  16.2  11.07.2025  13:36:15
  3   7   1   5  $12    0.010    18.5597  34984.14   0.0      3.97   4.6  11.07.2025  13:36:17
  3   7   2   6  $12    0.001     2.7321  11704.33   0.0     -2.35   9.9  11.07.2025  13:36:22
  3   7   4   8  $12    0.001     2.5081  10744.52   0.0     -0.61  22.3  11.07.2025  13:36:24
  3   7  13   1  $12    0.010    -2.9338   4608.36   0.0     10.37   5.2  11.07.2025  13:36:28
  3   7  14   2  $12    0.010    -5.2911   3902.22   0.0      8.28  21.0  11.07.2025  13:36:30
  3   7  16   4  $12    0.010   -10.6723   9567.71   0.0      8.70   6.4  11.07.2025  13:36:32
  3   7  13   9  $12    0.010    11.4787  27046.03   0.0      2.72   2.7  11.07.2025  13:36:34
  3   7  14  10  $12    0.010    10.7950  48962.58   0.0      1.70   8.0  11.07.2025  13:36:36
  3   7  15  11  $12    0.010    10.4040  78443.99   0.0      2.58   5.9  11.07.2025  13:36:38
  3   7  16  12  $12    0.010     9.5264 109424.52   0.0      1.27   7.3  11.07.2025  13:36:40
  3   7   9   5  $12    0.010     4.1577   7837.03   0.0      3.32   7.9  11.07.2025  13:36:42
  3   7  10   6  $12    0.010    10.8015  14252.20   0.0      4.21  11.4  11.07.2025  13:36:44
  3   7  12   8  $12    0.010     4.4548   3936.15   0.0      3.22  40.0  11.07.2025  13:36:46
  4   8   1   5  $12    0.010    11.7206  15465.02   0.0      3.12   3.7  11.07.2025  13:36:48
  4   8   2   6  $12    0.010    13.2154  24910.41   0.0      3.23   2.7  11.07.2025  13:36:50
  4   8   3   7  $12    0.001     2.5070  10739.81   0.0     -0.42  54.7  11.07.2025  13:36:55
  4   8  13   1  $12    0.100   -10.7457   2416.80   0.0      9.97   0.9  11.07.2025  13:37:01
  4   8  14   2  $12    0.100   -18.4601   2899.71   0.0      9.75   0.9  11.07.2025  13:37:03
  4   8  15   3  $12    0.010   -11.2591   8303.71   0.0      6.04   0.3  11.07.2025  13:37:08
  4   8  13   9  $12    0.010     9.8994   8746.81   0.0      3.00   4.3  11.07.2025  13:37:10
  4   8  14  10  $12    0.010     9.5560  22515.85   0.0      2.83   3.5  11.07.2025  13:37:12
  4   8  15  11  $12    0.010     9.4827  43010.61   0.0      3.57   3.1  11.07.2025  13:37:14
  4   8  16  12  $12    0.010     9.3549  70534.25   0.0      2.24   3.0  11.07.2025  13:37:16
  4   8   9   5  $12    0.100     7.1980    308.36   0.0      4.24   1.3  11.07.2025  13:37:20
  4   8  10   6  $12    0.100    17.6169   3320.70   0.0      3.33   7.5  11.07.2025  13:37:22
  4   8  11   7  $12    0.010     3.8467   5075.64   0.0      1.16  16.8  11.07.2025  13:37:27
  5   9   6  10  $12    0.010    20.4691   8768.92   0.0      1.97  10.1  11.07.2025  13:37:29
  5   9   7  11  $12    0.010    10.4394  19677.86   0.0      2.42  11.3  11.07.2025  13:37:31
  5   9   8  12  $12    0.010     4.2451   5601.32   0.0      1.55   3.0  11.07.2025  13:37:33
  5   9   2   6  $12    0.010    -7.2650   9585.90   0.0      6.66   1.8  11.07.2025  13:37:35
  5   9   3   7  $12    0.010    -4.1063   7740.27   0.0      8.97   4.5  11.07.2025  13:37:37
  5   9   4   8  $12    0.100    -7.0985    304.10   0.0      6.65   0.8  11.07.2025  13:37:41
  5   9   1  13  $12    0.100     8.3384   2095.66   0.0     -0.23 225.3  11.07.2025  13:37:43
  5   9   2  14  $12    0.100    11.0382   2482.59   0.0      0.97  64.1  11.07.2025  13:37:45
  5   9   3  15  $12    0.100    10.0673   1581.36   0.0      3.15  14.6  11.07.2025  13:37:47
  5   9   4  16  $12    0.100     9.4253    695.12   0.0      0.71   4.4  11.07.2025  13:37:49
  5   9  14  10  $12    0.010    12.0778  10671.62   0.0      2.57   3.9  11.07.2025  13:37:54
  5   9  15  11  $12    0.010     5.3040  12497.35   0.0      0.53 149.6  11.07.2025  13:37:56
  5   9  16  12  $12    0.010     2.5787  11696.24   0.0      3.44   9.7  11.07.2025  13:37:58
  6  10   5   9  $12    0.010    20.4168   8746.56   0.0      4.70   1.9  11.07.2025  13:38:00
  6  10   7  11  $12    0.010    19.7386   8456.00   0.0      4.92   0.6  11.07.2025  13:38:02
  6  10   8  12  $12    0.010     6.2838  11844.62   0.0      7.03   0.3  11.07.2025  13:38:04
  6  10   1   5  $12    0.010    -7.7669   6862.64   0.0      6.67   7.4  11.07.2025  13:38:06
  6  10   3   7  $12    0.010   -10.7884  14234.93   0.0      5.52   6.2  11.07.2025  13:38:08
  6  10   4   8  $12    0.100   -17.6298   3323.13   0.0      4.85   0.4  11.07.2025  13:38:12
  6  10   1  13  $12    0.100     8.8354   1987.16   0.0     31.60   1.4  11.07.2025  13:38:14
  6  10   2  14  $12    0.100    11.3826   2860.76   0.0     68.68   1.7  11.07.2025  13:38:16
  6  10   3  15  $12    0.100    11.7852   2650.59   0.0     38.25   1.4  11.07.2025  13:38:18
  6  10   4  16  $12    0.100    11.9491   1876.95   0.0      0.05 546.3  11.07.2025  13:38:20
  6  10  13   9  $12    0.010    11.7726  15533.59   0.0      2.67   1.5  11.07.2025  13:38:25
  6  10  15  11  $12    0.010     7.7713   6866.49   0.0      0.74  86.2  11.07.2025  13:38:27
  6  10  16  12  $12    0.010     3.3259   7836.42   0.0      8.86   3.0  11.07.2025  13:38:29
  7  11   5   9  $12    0.010    10.4405  19679.89   0.0      2.70  12.0  11.07.2025  13:38:31
  7  11   6  10  $12    0.010    19.7428   8457.81   0.0      2.35   8.1  11.07.2025  13:38:33
  7  11   8  12  $12    0.010    12.1035   5185.12   0.0     12.53   1.0  11.07.2025  13:38:35
  7  11   1   5  $12    0.010    -5.1116  12044.02   0.0      8.45   3.7  11.07.2025  13:38:37
  7  11   2   6  $12    0.010   -11.2879   9973.72   0.0      4.39   4.5  11.07.2025  13:38:39
  7  11   4   8  $12    0.010    -3.8052   5020.80   0.0      9.42   8.1  11.07.2025  13:38:41
  7  11   1  13  $12    0.100    12.2581   1925.51   0.0      8.34   0.6  11.07.2025  13:38:45
  7  11   2  14  $12    0.100    16.6338   3741.10   0.0     17.10   2.7  11.07.2025  13:38:47
  7  11   3  15  $12    0.100    17.3499   4360.51   0.0     12.36   2.5  11.07.2025  13:38:49
  7  11   4  16  $12    0.100    17.2696   3884.11   0.0      3.46   2.8  11.07.2025  13:38:51
  7  11  13   9  $12    0.010     4.0643   7661.04   0.0     -2.29   4.6  11.07.2025  13:38:56
  7  11  14  10  $12    0.010     6.7561   8914.49   0.0     -0.51  25.3  11.07.2025  13:38:58
  7  11  16  12  $12    0.010     6.5171   5758.31   0.0     19.06   3.1  11.07.2025  13:39:00
  8  12   5   9  $12    0.010     4.2164   5563.47   0.0      2.37  22.3  11.07.2025  13:39:02
  8  12   6  10  $12    0.010     6.2730  11824.29   0.0      1.45  56.6  11.07.2025  13:39:04
  8  12   7  11  $12    0.010    12.0454   5160.25   0.0      7.34   2.0  11.07.2025  13:39:06
  8  12   1   5  $12    0.010    -2.2669  10282.04   0.0     18.17   3.5  11.07.2025  13:39:08
  8  12   2   6  $12    0.010    -2.8976   6827.36   0.0     14.46   2.3  11.07.2025  13:39:10
  8  12   3   7  $12    0.010    -4.4024   3889.88   0.0      9.02   0.4  11.07.2025  13:39:13
  8  12   1  13  $12    0.100    14.9520   1102.72   0.0     -3.91   0.1  11.07.2025  13:39:16
  8  12   2  14  $12    0.100    21.1189   3317.35   0.0     -6.08   2.6  11.07.2025  13:39:18
  8  12   3  15  $12    0.010     2.4075   5414.65   0.1     -3.83  10.5  11.07.2025  13:39:23
  8  12  16   4  $12    0.010    -2.4221   6087.29   0.1     14.21  10.0  11.07.2025  13:39:25
  8  12   9  13  $12    0.100    -3.7100    158.93   0.0     15.67   0.7  11.07.2025  13:39:29
  8  12  10  14  $12    0.100   -11.6501   2195.99   0.0     14.56   0.7  11.07.2025  13:39:31
  8  12  11  15  $12    0.010    -5.0439   6655.28   0.0     21.26   0.9  11.07.2025  13:39:36
  9  13  10  14  $12    0.001     3.3952  14544.85   0.0     -1.82  14.6  11.07.2025  13:39:41
  9  13  11  15  $12    0.001     2.8459  53643.94   0.0      3.41  42.2  11.07.2025  13:39:43
  9  13  12  16  $12    0.010    16.7275  22071.40   0.0      4.11   1.6  11.07.2025  13:39:47
  9  13   6  10  $12    0.010   -11.7451  15497.23   0.0      5.01   5.1  11.07.2025  13:39:49
  9  13   7  11  $12    0.010    -3.9994   7538.60   0.0      6.72   4.8  11.07.2025  13:39:51
  9  13   8  12  $12    0.100    -3.9337    168.52   0.0     15.83   1.9  11.07.2025  13:39:55
  9  13   5   1  $12    0.010    16.3370 123178.23   0.0      3.61   5.1  11.07.2025  13:40:00
  9  13   6   2  $12    0.010    13.9721  63373.07   0.0      2.95   5.7  11.07.2025  13:40:02
  9  13   7   3  $12    0.010    11.5099  27119.61   0.0      2.42   2.9  11.07.2025  13:40:04
  9  13   8   4  $12    0.010     9.9258   8770.17   0.0      3.04   1.9  11.07.2025  13:40:06
  9  13   2  14  $12    0.010     7.7366   5705.82   0.0      3.68   9.7  11.07.2025  13:40:08
  9  13   3  15  $12    0.010    12.4617  19574.77   0.0     14.09   2.2  11.07.2025  13:40:10
  9  13   4  16  $12    0.010     6.4349  14472.75   0.0      5.38   3.6  11.07.2025  13:40:12
 10  14   9  13  $12    0.001     3.3825  14490.81   0.0      1.17  19.0  11.07.2025  13:40:17
 10  14  11  15  $12    0.001     3.1971  13696.15   0.0     -2.16  23.9  11.07.2025  13:40:19
 10  14  12  16  $12    0.001     2.1253  40061.85   0.0      2.00  25.4  11.07.2025  13:40:21
 10  14   5   9  $12    0.010   -12.0230  10623.16   0.0      3.35   1.0  11.07.2025  13:40:25
 10  14   7  11  $12    0.010    -6.7393   8892.28   0.0      3.87   0.6  11.07.2025  13:40:27
 10  14   8  12  $12    0.100   -12.0822   2277.44   0.0     15.27   0.4  11.07.2025  13:40:30
 10  14   5   1  $12    0.010    14.5068 166631.33   0.0      2.62   5.1  11.07.2025  13:40:35
 10  14   6   2  $12    0.010    12.5998  95000.38   0.0      2.38   2.7  11.07.2025  13:40:37
 10  14   7   3  $12    0.010    10.8251  49099.17   0.0      1.41   0.2  11.07.2025  13:40:39
 10  14   8   4  $12    0.010     9.5814  22575.58   0.0      2.48   1.0  11.07.2025  13:40:41
 10  14   1  13  $12    0.010     6.9044   6189.78   0.0      2.47   5.3  11.07.2025  13:40:44
 10  14   3  15  $12    0.010    14.0083  10331.23   0.0      0.56  32.5  11.07.2025  13:40:46
 10  14   4  16  $12    0.010    10.1394  15926.92   0.0      9.19   0.5  11.07.2025  13:40:48
 11  15   9  13  $12    0.001     2.8296  53336.79   0.0      3.86   9.2  11.07.2025  13:40:53
 11  15  10  14  $12    0.001     3.2018  13716.53   0.0     -0.84  75.8  11.07.2025  13:40:55
 11  15  12  16  $12    0.001     2.2069   9454.40   0.0      0.75 123.9  11.07.2025  13:40:57
 11  15   5   9  $12    0.010    -5.2685  12413.51   0.0      4.88   0.8  11.07.2025  13:41:00
 11  15   6  10  $12    0.010    -7.7105   6812.83   0.0      4.58   3.9  11.07.2025  13:41:02
 11  15   8  12  $12    0.010    -5.1710   6823.02   0.0     18.27   3.4  11.07.2025  13:41:04
 11  15   5   1  $12    0.010    14.1008 232568.84   0.0      1.94   5.3  11.07.2025  13:41:07
 11  15   6   2  $12    0.010    12.2676 140911.72   0.0      1.11   6.9  11.07.2025  13:41:09
 11  15   7   3  $12    0.010    10.4418  78729.69   0.0      0.14  62.0  11.07.2025  13:41:11
 11  15   8   4  $12    0.010     9.5311  43229.95   0.0      0.73  15.7  11.07.2025  13:41:13
 11  15   1  13  $12    0.010     8.5635 188322.28   0.0     11.57   3.6  11.07.2025  13:41:15
 11  15   2  14  $12    0.010    11.6680  10460.41   0.0     -1.95  30.4  11.07.2025  13:41:17
 11  15   4  16  $12    0.010     7.0016   5163.75   0.0      0.37 155.3  11.07.2025  13:41:19
 12  16   9  13  $12    0.010    16.6913  22023.62   0.0      3.17   0.5  11.07.2025  13:41:21
 12  16  10  14  $12    0.010    20.7533  39119.05   0.0      5.42   1.2  11.07.2025  13:41:23
 12  16  11  15  $12    0.010    21.5338   9225.05   0.0      5.37   0.9  11.07.2025  13:41:25
 12  16   5   9  $12    0.010    -2.4988  11333.65   0.1     13.51   3.8  11.07.2025  13:41:27
 12  16   6  10  $12    0.010    -3.2492   7655.74   0.0     14.87   7.0  11.07.2025  13:41:29
 12  16   7  11  $12    0.010    -6.3019   5568.23   0.0     17.07   3.1  11.07.2025  13:41:31
 12  16   5   1  $12    0.010    10.9855 249132.98   0.0      2.63   3.4  11.07.2025  13:41:33
 12  16   6   2  $12    0.010     9.9803 164608.71   0.0      2.51   1.7  11.07.2025  13:41:35
 12  16   7   3  $12    0.010     9.5648 109865.78   0.0      1.16   2.9  11.07.2025  13:41:37
 12  16   8   4  $12    0.010     9.4107  70954.73   0.0      1.86   3.7  11.07.2025  13:41:39
 12  16  13   1  $12    0.010    -3.1708   3101.20   0.0      9.86   4.4  11.07.2025  13:41:41
 12  16  14   2  $12    0.010    -7.4663 164192.88   0.0      9.27   6.5  11.07.2025  13:41:43
 12  16  15   3  $12    0.010    -5.5891   5010.62   0.0      7.62  17.8  11.07.2025  13:41:45
 13   1  14   2  $12    0.001     2.9156   9998.76   0.1     -0.90  43.9  11.07.2025  13:41:50
 13   1  15   3  $12    0.010    12.8127   9716.03   0.0     14.66   1.7  11.07.2025  13:41:54
 13   1  16   4  $12    0.010     5.8404   7506.12   0.0      3.53   3.9  11.07.2025  13:41:56
 13   1  10  14  $12    0.010    -6.8952   6181.61   0.0      9.85   7.9  11.07.2025  13:41:58
 13   1  11  15  $12    0.010    -8.5567 188172.50   0.0     24.41   0.0  11.07.2025  13:42:00
 13   1  12  16  $12    0.010    -3.1958   3125.66   0.0     12.91   2.3  11.07.2025  13:42:02
 13   1   9   5  $12    0.100     8.3784   2105.73   0.0      0.77  24.4  11.07.2025  13:42:06
 13   1  10   6  $12    0.100     9.1093   2048.76   0.0     21.04   1.9  11.07.2025  13:42:08
 13   1  11   7  $12    0.100    12.4636   1957.78   0.0      8.74   0.1  11.07.2025  13:42:10
 13   1  12   8  $12    0.100    15.0067   1106.76   0.0      3.03   1.5  11.07.2025  13:42:12
 13   1   6   2  $12    0.010    21.1354  15587.55   0.0      0.31  10.6  11.07.2025  13:42:17
 13   1   7   3  $12    0.010     2.9920   4699.85   0.0     -2.89   2.8  11.07.2025  13:42:19
 13   1   8   4  $12    0.100    10.9218   2456.41   0.0      1.40   3.9  11.07.2025  13:42:23
 14   2  13   1  $12    0.001     2.9258  10033.59   0.0      6.09   7.0  11.07.2025  13:42:31
 14   2  15   3  $12    0.010    18.6508   6396.05   0.0      3.34   9.1  11.07.2025  13:42:35
 14   2  16   4  $12    0.010    11.6151   8807.94   0.0     10.60   0.3  11.07.2025  13:42:37
 14   2   9  13  $12    0.010    -7.7132   5688.54   0.0      6.66   3.6  11.07.2025  13:42:39
 14   2  11  15  $12    0.010   -11.5602  10363.73   0.0      4.50   0.4  11.07.2025  13:42:41
 14   2  12  16  $12    0.010    -7.5908 166930.28   0.0     17.41   0.9  11.07.2025  13:42:43
 14   2   9   5  $12    0.100    11.0633   2488.24   0.0      1.14   1.2  11.07.2025  13:42:46
 14   2  10   6  $12    0.100    11.7516   2953.50   0.0     55.07   0.4  11.07.2025  13:42:48
 14   2  11   7  $12    0.100    16.9053   3802.17   0.0     17.73   0.1  11.07.2025  13:42:51
 14   2  12   8  $12    0.100    21.2194   3333.14   0.0      1.06   3.6  11.07.2025  13:42:53
 14   2   5   1  $12    0.010    20.1824  18093.59   0.0      1.12   2.2  11.07.2025  13:42:57
 14   2   7   3  $12    0.010     5.3788   3966.88   0.0      0.31  10.3  11.07.2025  13:42:59
 14   2   8   4  $12    0.100    18.6360   2927.33   0.0      0.87   3.9  11.07.2025  13:43:03
 15   3  13   1  $12    0.010    12.6571   9598.09   0.0     10.99   0.4  11.07.2025  13:43:08
 15   3  14   2  $12    0.010    18.7395   6426.49   0.0      4.24   9.8  11.07.2025  13:43:10
 15   3  16   4  $12    0.010    19.4804   6680.55   0.0      3.73   2.7  11.07.2025  13:43:12
 15   3   9  13  $12    0.010   -12.2316  19213.34   0.0     13.35   1.6  11.07.2025  13:43:14
 15   3  10  14  $12    0.010   -14.0118  10333.78   0.0      5.16   1.8  11.07.2025  13:43:16
 15   3  12  16  $12    0.010    -5.6614   5075.44   0.0      9.99   1.5  11.07.2025  13:43:18
 15   3   9   5  $12    0.100     9.9902   1569.25   0.0      3.88   0.2  11.07.2025  13:43:22
 15   3  10   6  $12    0.100    11.9463   2686.84   0.0     30.91   0.6  11.07.2025  13:43:24
 15   3  11   7  $12    0.100    17.4501   4385.70   0.0     10.62   0.6  11.07.2025  13:43:26
 15   3  12   8  $12    0.010     2.4029   5404.32   0.0     -1.28  11.8  11.07.2025  13:43:31
 15   3   5   1  $12    0.100    -5.9767  13143.44   0.0     -0.43  54.9  11.07.2025  13:43:35
 15   3   6   2  $12    0.010     3.4586   3100.60   0.0     -3.77   8.0  11.07.2025  13:43:40
 15   3   8   4  $12    0.010    11.4143   8418.11   0.0      3.44   1.2  11.07.2025  13:43:42
 16   4  13   1  $12    0.010     5.8095   7466.37   0.0      1.59  27.8  11.07.2025  13:43:44
 16   4  14   2  $12    0.010    11.4655   8694.45   0.0      5.04   5.1  11.07.2025  13:43:46
 16   4  15   3  $12    0.010    19.3836   6647.37   0.0      4.85   2.5  11.07.2025  13:43:48
 16   4   9  13  $12    0.010    -6.3617  14308.18   0.0     10.67  13.8  11.07.2025  13:43:50
 16   4  10  14  $12    0.010    -9.8832  15524.57   0.0     11.21   0.6  11.07.2025  13:43:52
 16   4  11  15  $12    0.010    -6.8727   5068.64   0.0      7.71   4.4  11.07.2025  13:43:54
 16   4   9   5  $12    0.100     9.3982    693.12   0.0      0.70   5.2  11.07.2025  13:43:58
 16   4  10   6  $12    0.100    11.8957   1868.57   0.0      0.28 125.4  11.07.2025  13:44:00
 16   4  11   7  $12    0.100    17.2858   3887.73   0.0      2.45   3.0  11.07.2025  13:44:02
 16   4  12   8  $12    0.010     2.4743   6218.68   0.0      0.26  87.4  11.07.2025  13:44:07
 16   4   5   1  $12    0.100   -15.3011   1496.52   0.0      9.35   0.4  11.07.2025  13:44:10
 16   4   6   2  $12    0.100     3.3299   7322.93   0.0    -11.03   1.6  11.07.2025  13:44:13
 16   4   7   3  $12    0.010    10.7192   9609.83   0.0      4.14   1.7  11.07.2025  13:44:17
  1   4   2   3  $12    0.001     3.0516  19173.56   0.0      0.73  40.1  11.07.2025  13:44:22
  2   3   1   4  $12    0.001     3.0461  19139.32   0.1      5.74  31.5  11.07.2025  13:44:24
  1   2   3   4  $12    0.100   -14.5825   2748.73   0.0     26.40   1.2  11.07.2025  13:44:30
  3   4   1   2  $12    0.100   -14.6235   2756.46   0.0     21.85   0.5  11.07.2025  13:44:32
  5   8   6   7  $12    0.010     5.5976   3517.05   0.0     -1.63  12.1  11.07.2025  13:44:37
  6   7   5   8  $12    0.010     5.6270   3535.52   0.0      3.97   3.3  11.07.2025  13:44:39
  5   6   7   8  $12    0.010    -5.3314  10049.42   0.0     11.60   6.3  11.07.2025  13:44:41
  7   8   5   6  $12    0.010    -5.3260  10039.24   0.0     11.46   5.4  11.07.2025  13:44:43
  9  12  10  11  $12    0.010    11.3035   7102.22   0.0      6.06   1.2  11.07.2025  13:44:45
 10  11   9  12  $12    0.010    11.2817   7088.48   0.0      7.72   0.6  11.07.2025  13:44:47
  9  10  11  12  $12    0.100   -15.7094   2961.14   0.0     -1.55   1.6  11.07.2025  13:44:51
 11  12   9  10  $12    0.100   -15.8814   2993.57   0.0      0.21  27.7  11.07.2025  13:44:53
 13  16  14  15  $12    0.010    -4.9008   3079.28   0.0     45.86   0.1  11.07.2025  13:44:58
 14  15  13  16  $12    0.010    -5.0331   3162.39   0.0     27.38   1.3  11.07.2025  13:45:00
 13  14  15  16  $12    0.010     2.1150   3986.73   0.0     79.39   1.0  11.07.2025  13:45:02
  1   9  10   2  $12    0.001    -4.7791  17197.72   0.0      8.31   6.6  11.07.2025  13:45:07
  1   9  11   3  $12    0.010   -19.7453  16917.76   0.0      4.63   1.1  11.07.2025  13:45:11
  1   9  12   4  $12    0.010   -12.8902  21554.20   0.0      5.41   4.8  11.07.2025  13:45:13
  2  10   9   1  $12    0.001    -4.7652  17147.79   0.0      8.99   6.3  11.07.2025  13:45:18
  2  10  11   3  $12    0.001    -2.4531   8827.43   0.0     13.61   3.6  11.07.2025  13:45:20
  2  10  12   4  $12    0.010   -14.7447  12633.24   0.0      6.48   0.7  11.07.2025  13:45:23
  3  11   9   1  $12    0.010   -19.7394  16912.64   0.0      4.06   3.4  11.07.2025  13:45:25
  3  11  10   2  $12    0.001    -2.4535   8828.97   0.1      9.25  12.2  11.07.2025  13:45:30
  3  11  12   4  $12    0.001    -2.8358  10204.73   0.0     12.03   4.5  11.07.2025  13:45:32
 12   4   9   1  $12    0.010    12.9160  21597.25   0.0      3.30   2.5  11.07.2025  13:45:36
 12   4  10   2  $12    0.010    14.7691  12654.15   0.0      3.27   2.8  11.07.2025  13:45:38
 12   4  11   3  $12    0.001     2.8853  10383.01   0.0      3.61  14.5  11.07.2025  13:45:43
 13   5  14   6  $12    0.001     3.0618  11018.02   0.2      1.45 183.9  11.07.2025  13:45:45
 13   5  15   7  $12    0.001     2.9495  25270.92   0.0      1.96  69.2  11.07.2025  13:45:47
 13   5  16   8  $12    0.010    18.0198  30131.60   0.0      3.36   2.0  11.07.2025  13:45:51
 14   6  13   5  $12    0.001     3.0438  10953.16   0.0      6.48   0.7  11.07.2025  13:45:56
 14   6  15   7  $12    0.001     3.7291  13419.44   0.0      1.31  17.7  11.07.2025  13:45:58
 14   6  16   8  $12    0.001     2.2846  19574.53   0.1     10.63   5.4  11.07.2025  13:46:00
 15   7  13   5  $12    0.001     2.9380  25172.43   0.1     10.96   7.1  11.07.2025  13:46:02
 15   7  14   6  $12    0.001     3.7202  13387.43   0.0      5.10  16.5  11.07.2025  13:46:04
 15   7  16   8  $12    0.001     2.2544   8112.74   0.0      3.14  32.9  11.07.2025  13:46:06
 16   8  13   5  $12    0.010    17.9709  30049.81   0.0      4.25   2.3  11.07.2025  13:46:10
 16   8  14   6  $12    0.010    22.4671  19249.81   0.0      5.21   3.2  11.07.2025  13:46:12
 16   8  15   7  $12    0.010    21.9946   7914.89   0.0      4.30   1.0  11.07.2025  13:46:14
  1   2   5   6  $12    1.000    -7.5357   1420.45   0.1   -499.76   0.0  11.07.2025  13:46:19
  2   3   6   7  $12    1.000     6.4932   1223.94   0.0    229.13   0.1  11.07.2025  13:46:21
  3   4   7   8  $12    1.000     9.2367   1741.07   0.0    121.31   0.2  11.07.2025  13:46:23
  1   2   9  10  $12    1.000    -5.0537   8001.85   0.0   -112.09   0.2  11.07.2025  13:46:25
  2   3  10  11  $12    1.000    -2.5987   4114.73   0.1   -191.44   0.3  11.07.2025  13:46:27
  3   4  11  12  $12    1.000    -1.4183   2245.62   0.0    140.24   0.8  11.07.2025  13:46:33
  1   2  13  14  $12    0.100     3.8339 206684.58   0.0    -10.54   0.4  11.07.2025  13:46:38
  2   3  14  15  $12    0.100    -2.1198 114278.06   0.0     12.94   9.1  11.07.2025  13:46:40
  3   4  15  16  $12    0.100     3.7911 204376.93   0.0    -15.16   1.7  11.07.2025  13:46:42
  5   6   9  10  $12    1.000     6.0796   1145.98   0.1    133.48   0.1  11.07.2025  13:46:46
  6   7  10  11  $12    1.000    14.7483   2779.99   0.0     36.72   0.1  11.07.2025  13:46:48
  7   8  11  12  $12    0.100     4.0874   7704.48   0.0     -4.01   2.0  11.07.2025  13:46:52
  5   6  13  14  $12    1.000    -0.6665   1055.30   0.1  -1106.95   0.5  11.07.2025  13:47:00
  6   7  14  15  $12    1.000    -1.7267   2733.93   0.4   -846.11   4.9  11.07.2025  13:47:05
  7   8  15  16  $12    1.000     4.3786   6932.91   0.0    -89.41   0.2  11.07.2025  13:47:07
  9  10  13  14  $12    1.000     2.3308    439.34   0.0    -56.68   1.8  11.07.2025  13:47:09
 10  11  14  15  $12    1.000    -4.3573    821.34   0.0    -10.13   3.0  11.07.2025  13:47:11
 11  12  15  16  $12    1.000     2.0281    382.29   0.0     42.30   3.8  11.07.2025  13:47:13
  1   2   6   7  $12    1.000     2.7778   1047.19   0.2   -657.58   0.3  11.07.2025  13:47:15
  2   3   7   8  $12    0.100     2.3804   8973.74   0.0     56.86   0.6  11.07.2025  13:47:20
  1   2   7   8  $12    1.000    -1.9567   1290.93   0.1    650.20   0.3  11.07.2025  13:47:27
  2   3   7   8  $12    0.100     2.3836   8986.03   0.0     55.70   1.0  11.07.2025  13:47:31
  1   2  10  11  $12    1.000    -7.6455  17293.75   0.0     52.24   0.3  11.07.2025  13:47:35
  2   3  11  12  $12    1.000    -3.1288   7077.19   0.1    -14.91   4.9  11.07.2025  13:47:37
  1   2  11  12  $12    1.000   -10.6158  33017.04   0.0     -2.81   5.0  11.07.2025  13:47:39
  2   3  11  12  $12    1.000    -3.2247   7294.04   0.0    -11.62   1.2  11.07.2025  13:47:41
  1   2  14  15  $12    1.000   -12.8215  87971.19   0.0     69.47   0.3  11.07.2025  13:47:43
  2   3  15  16  $12    0.100    12.0524 826947.13   0.0     -5.24   1.9  11.07.2025  13:47:48
  1   2  15  16  $12    0.100     5.8760 503956.60   0.0     11.05   1.5  11.07.2025  13:47:50
  2   3  15  16  $12    0.100    12.0710 828221.15   0.0     -5.02   0.7  11.07.2025  13:47:52
  5   6  10  11  $12    1.000    12.9143   4868.56   0.0     15.63   0.7  11.07.2025  13:47:56
  6   7  11  12  $12    1.000    16.2023   6108.11   0.0    -14.56   0.7  11.07.2025  13:47:58
  5   6  11  12  $12    1.000    12.8288   8463.61   0.0     62.01   0.5  11.07.2025  13:48:00
  6   7  11  12  $12    1.000    15.9401   6009.29   0.0    -15.70   0.1  11.07.2025  13:48:02
  5   6  14  15  $12    1.000     2.9743   6727.63   0.0   -581.07   0.0  11.07.2025  13:48:04
  6   7  15  16  $12    1.000     3.3155   7499.40   0.1   -268.75   0.0  11.07.2025  13:48:06
  5   6  15  16  $12    1.000    -3.1203   9704.77   0.1   -545.24   0.1  11.07.2025  13:48:08
  6   7  15  16  $12    1.000     3.2954   7454.11   0.1   -269.87   0.1  11.07.2025  13:48:10
  9  10  14  15  $12    1.000    -1.8011    679.00   0.0     69.69   0.6  11.07.2025  13:48:16
 10  11  15  16  $12    1.000    -0.9207    347.11   0.1     46.66   1.8  11.07.2025  13:48:21
  9  10  15  16  $12    1.000    -1.4331    945.46   0.3   -179.45   0.4  11.07.2025  13:48:26
 10  11  15  16  $12    1.000    -0.9075    342.13   0.1     37.93   5.5  11.07.2025  13:48:32
