//C:\Users\user\Desktop\GeoTom\GeoTomE724.ini
//- Cable direction:
//  cable I: normal
//  cable II: normal
//  cable III: normal
//  cable IV: normal
//- Cable arrangement: sequential
//- Optimization: Last measurement
//- Sorting: Multi-level
//- Current levels: 0.001 mA .. 50.0 mA
Type:         Flow
Name:         Hyprop
Comment:      Example of a measurements sequence
Comment:      
Comment:      
Spacing:      1.00000
First El:     0.00000
Nr of points: 289
IP present:   1

  1   5   2   6  $12    0.001     6.4238  27519.29   0.0      7.78   3.3  12.07.2025  07:35:08
  1   5   3   7  $12    0.001     2.8131  53024.91   0.0      7.13   5.9  12.07.2025  07:35:11
  1   5   4   8  $12    0.010    18.6549  24614.51   0.0      3.90   0.6  12.07.2025  07:35:14
  1   5  14   2  $12    0.001    -3.1459  28203.34   0.0      6.71  20.3  12.07.2025  07:35:19
  1   5  15   3  $12    0.100    -4.9764  10943.66   0.0     87.29   0.4  12.07.2025  07:35:25
  1   5  16   4  $12    0.100     8.8967    870.13   0.0     -6.86   0.3  12.07.2025  07:35:27
  1   5  13   9  $12    0.001     2.3428 176642.38   0.0      6.29   1.2  12.07.2025  07:35:35
  1   5  14  10  $12    0.001     2.1254 244135.34   0.2     -4.65  23.5  12.07.2025  07:35:37
  1   5  15  11  $12    0.001     2.0509 338254.71   0.0      6.49  22.1  12.07.2025  07:35:39
  1   5  16  12  $12    0.010    16.5614 375585.86   0.0      2.95   1.3  12.07.2025  07:35:42
  1   5  10   6  $12    0.010    11.1899   9887.13   0.0      1.09  16.3  12.07.2025  07:35:45
  1   5  11   7  $12    0.010     7.0038  16502.33   0.0      4.13  13.4  12.07.2025  07:35:47
  1   5  12   8  $12    0.010     3.0156  13677.75   0.0      6.58  10.5  12.07.2025  07:35:49
  2   6   1   5  $12    0.001     6.4366  27574.14   0.0      3.34   9.2  12.07.2025  07:35:54
  2   6   3   7  $12    0.001     3.9789  17045.46   0.0      3.01  52.2  12.07.2025  07:35:56
  2   6   4   8  $12    0.001     2.0719  39053.51   0.0     -0.48 135.7  12.07.2025  07:35:58
  2   6  13   1  $12    0.001    -3.2496  23966.10   0.2     15.50   7.3  12.07.2025  07:36:00
  2   6  15   3  $12    0.010    -5.6098   5029.19   0.0      3.03   7.2  12.07.2025  07:36:03
  2   6  16   4  $12    0.100   -13.6043  29917.42   0.0      5.30   1.8  12.07.2025  07:36:07
  2   6  13   9  $12    0.010    20.6070  93466.81   0.0      2.12   0.2  12.07.2025  07:36:12
  2   6  14  10  $12    0.010    18.6678 140752.16   0.0      2.87   3.2  12.07.2025  07:36:14
  2   6  15  11  $12    0.010    18.3393 210653.47   0.0      2.52   0.9  12.07.2025  07:36:16
  2   6  16  12  $12    0.010    15.4409 254672.10   0.0      1.84   6.7  12.07.2025  07:36:18
  2   6   9   5  $12    0.010    10.7232  14148.89   0.0      3.49   5.4  12.07.2025  07:36:20
  2   6  11   7  $12    0.010    15.3113  13528.67   0.0      0.84  30.9  12.07.2025  07:36:22
  2   6  12   8  $12    0.010     3.7817   8910.44   0.0      2.38  11.8  12.07.2025  07:36:24
  3   7   1   5  $12    0.001     2.8220  53193.79   0.0      2.32  13.3  12.07.2025  07:36:29
  3   7   2   6  $12    0.001     3.9840  17067.50   0.0      1.20 166.0  12.07.2025  07:36:31
  3   7   4   8  $12    0.001     3.6371  15581.25   0.0      7.09   2.8  12.07.2025  07:36:33
  3   7  13   1  $12    0.010    -4.1735   6555.67   0.2     11.56   5.2  12.07.2025  07:36:37
  3   7  14   2  $12    0.010    -7.7291   5700.27   0.0      3.48  20.9  12.07.2025  07:36:39
  3   7  16   4  $12    0.010   -14.9053  13362.62   0.0     10.86   9.1  12.07.2025  07:36:41
  3   7  13   9  $12    0.010    17.8071  41956.96   0.0      3.60   0.3  12.07.2025  07:36:43
  3   7  14  10  $12    0.010    16.8056  76224.77   0.0      2.28  14.3  12.07.2025  07:36:45
  3   7  15  11  $12    0.010    16.3601 123351.96   0.0      3.14   7.5  12.07.2025  07:36:47
  3   7  16  12  $12    0.010    15.3110 175868.78   0.0      2.84   1.8  12.07.2025  07:36:49
  3   7   9   5  $12    0.010     5.8600  11045.87   0.0      4.62   4.0  12.07.2025  07:36:51
  3   7  10   6  $12    0.010    14.6771  19366.00   0.0      2.65   2.2  12.07.2025  07:36:53
  3   7  12   8  $12    0.010     5.8238   5145.75   0.1     14.41   9.8  12.07.2025  07:36:55
  4   8   1   5  $12    0.010    18.7124  24690.39   0.0      3.22   8.0  12.07.2025  07:36:57
  4   8   2   6  $12    0.010    20.5642  38762.56   0.0      3.21   5.5  12.07.2025  07:36:59
  4   8   3   7  $12    0.001     3.6552  15658.78   0.0      1.55   8.8  12.07.2025  07:37:04
  4   8  13   1  $12    0.100   -15.0933   3394.63   0.0     14.29   0.9  12.07.2025  07:37:10
  4   8  14   2  $12    0.010    -2.7684   4348.59   0.0     13.37   4.8  12.07.2025  07:37:15
  4   8  15   3  $12    0.010   -15.5946  11501.12   0.0      3.03   7.9  12.07.2025  07:37:17
  4   8  13   9  $12    0.010    16.1930  14307.68   0.0      1.84   4.2  12.07.2025  07:37:19
  4   8  14  10  $12    0.010    15.5816  36713.37   0.0      1.05  27.6  12.07.2025  07:37:21
  4   8  15  11  $12    0.010    15.5029  70316.15   0.0      2.28   1.5  12.07.2025  07:37:23
  4   8  16  12  $12    0.010    15.4834 116741.91   0.0      0.67  14.4  12.07.2025  07:37:25
  4   8   9   5  $12    0.100     9.4915    406.62   0.0      6.46   0.4  12.07.2025  07:37:29
  4   8  10   6  $12    0.100    21.2199   3999.86   0.0      1.34   4.5  12.07.2025  07:37:31
  4   8  11   7  $12    0.010     4.8716   6427.97   0.0      7.12   0.5  12.07.2025  07:37:36
  5   9   6  10  $12    0.001     2.8346  12143.32   0.0     -2.50   4.9  12.07.2025  07:37:41
  5   9   7  11  $12    0.010    14.2261  26815.49   0.0      0.97  14.9  12.07.2025  07:37:44
  5   9   8  12  $12    0.010     5.1321   6771.68   0.0      0.41  38.9  12.07.2025  07:37:46
  5   9   2   6  $12    0.010   -10.6419  14041.63   0.0      7.27   2.3  12.07.2025  07:37:48
  5   9   3   7  $12    0.010    -5.8208  10971.99   0.0      7.30   1.9  12.07.2025  07:37:50
  5   9   4   8  $12    0.100    -9.4797    406.11   0.0      9.28   0.4  12.07.2025  07:37:54
  5   9   1  13  $12    0.100    10.2581   2578.13   0.0     -1.82   5.2  12.07.2025  07:37:56
  5   9   2  14  $12    0.100    13.3575   3004.23   0.0     -0.07 2087.8  12.07.2025  07:37:58
  5   9   3  15  $12    0.100    11.4393   1796.88   0.0      4.41   7.1  12.07.2025  07:38:00
  5   9   4  16  $12    0.100    10.4405    769.99   0.0      0.89  23.6  12.07.2025  07:38:02
  5   9  14  10  $12    0.010    15.8243  13981.95   0.0      2.73   3.5  12.07.2025  07:38:07
  5   9  15  11  $12    0.010     7.2225  17017.63   0.0      0.93  28.3  12.07.2025  07:38:09
  5   9  16  12  $12    0.010     3.1379  14232.45   0.0      1.14  91.7  12.07.2025  07:38:11
  6  10   5   9  $12    0.001     2.8051  12016.91   0.0      2.94   1.4  12.07.2025  07:38:16
  6  10   7  11  $12    0.001     2.6790  11476.60   0.0     -4.27  32.2  12.07.2025  07:38:18
  6  10   8  12  $12    0.010     7.3773  13905.96   0.0      3.90   2.0  12.07.2025  07:38:22
  6  10   1   5  $12    0.010   -11.3176   9999.94   0.0     -0.06 823.3  12.07.2025  07:38:24
  6  10   3   7  $12    0.010   -14.6864  19378.29   0.1     -1.12  93.3  12.07.2025  07:38:26
  6  10   4   8  $12    0.010    -2.1420   4037.51   0.0      3.21  32.2  12.07.2025  07:38:28
  6  10   1  13  $12    0.100    10.3134   2319.59   0.0     26.87   0.7  12.07.2025  07:38:32
  6  10   2  14  $12    0.100    12.5280   3148.64   0.1     65.94   1.3  12.07.2025  07:38:34
  6  10   3  15  $12    0.100    12.7066   2857.84   0.0     32.20   0.9  12.07.2025  07:38:36
  6  10   4  16  $12    0.100    12.9831   2039.38   0.0      5.40   5.7  12.07.2025  07:38:38
  6  10  13   9  $12    0.010    15.4546  20391.81   0.0      2.52   1.2  12.07.2025  07:38:43
  6  10  15  11  $12    0.010    10.4353   9220.39   0.0     -3.41   5.6  12.07.2025  07:38:45
  6  10  16  12  $12    0.010     3.9360   9274.02   0.0      1.50  20.6  12.07.2025  07:38:47
  7  11   5   9  $12    0.010    14.1757  26720.60   0.0      5.12   2.9  12.07.2025  07:38:49
  7  11   6  10  $12    0.001     2.6826  11492.36   0.0     -0.23 188.6  12.07.2025  07:38:54
  7  11   8  12  $12    0.010    13.7799   5903.29   0.0     11.34   0.5  12.07.2025  07:38:58
  7  11   1   5  $12    0.010    -6.9918  16473.96   0.0     10.24   4.1  12.07.2025  07:39:00
  7  11   2   6  $12    0.010   -15.2240  13451.52   0.0      4.88   4.8  12.07.2025  07:39:02
  7  11   4   8  $12    0.010    -4.8913   6453.85   0.1     26.25   3.9  12.07.2025  07:39:04
  7  11   1  13  $12    0.100    14.4739   2273.55   0.0      9.89   2.0  12.07.2025  07:39:07
  7  11   2  14  $12    0.100    18.9757   4267.82   0.0     21.51   1.8  12.07.2025  07:39:10
  7  11   3  15  $12    0.100    18.9180   4754.62   0.0     13.49   3.1  12.07.2025  07:39:12
  7  11   4  16  $12    0.100    18.5773   4178.22   0.0      6.47   2.5  12.07.2025  07:39:14
  7  11  13   9  $12    0.010     5.7284  10797.72   0.0     -1.53   6.8  12.07.2025  07:39:18
  7  11  14  10  $12    0.010     9.1530  12077.07   0.1      1.15  86.0  12.07.2025  07:39:20
  7  11  16  12  $12    0.010     7.0742   6250.61   0.0     12.31   7.9  12.07.2025  07:39:22
  8  12   5   9  $12    0.010     5.0910   6717.47   0.0      2.92  61.0  12.07.2025  07:39:25
  8  12   6  10  $12    0.010     7.3740  13899.72   0.0      2.29  20.1  12.07.2025  07:39:27
  8  12   7  11  $12    0.010    13.7527   5891.65   0.0      8.78   0.8  12.07.2025  07:39:29
  8  12   1   5  $12    0.010    -2.9557  13406.03   0.2      6.49  22.2  12.07.2025  07:39:31
  8  12   2   6  $12    0.010    -3.7012   8720.84   0.0     12.53   2.2  12.07.2025  07:39:33
  8  12   3   7  $12    0.010    -5.6999   5036.31   0.0     15.58   2.0  12.07.2025  07:39:35
  8  12   1  13  $12    0.100    17.8759   1318.36   0.0     -5.59   3.4  12.07.2025  07:39:38
  8  12   2  14  $12    0.010     2.5232   3963.39   0.0     -5.69  31.2  12.07.2025  07:39:43
  8  12   3  15  $12    0.010     2.6402   5938.16   0.0      3.30  67.2  12.07.2025  07:39:45
  8  12  16   4  $12    0.010    -2.6149   6572.03   0.2     19.25   7.5  12.07.2025  07:39:47
  8  12   9  13  $12    0.100    -2.9994    128.49   0.0      8.88   5.0  12.07.2025  07:39:51
  8  12  10  14  $12    0.100   -10.7785   2031.70   0.0     22.99   0.9  12.07.2025  07:39:53
  8  12  11  15  $12    0.010    -5.2817   6969.04   0.0     20.26   0.4  12.07.2025  07:39:58
  9  13  10  14  $12    0.001     4.6379  19868.79   0.0      0.82  82.8  12.07.2025  07:40:03
  9  13  11  15  $12    0.001     3.8586  72732.69   0.0      4.16  48.1  12.07.2025  07:40:05
  9  13  12  16  $12    0.001     2.4374  32160.80   0.0      4.21   4.7  12.07.2025  07:40:07
  9  13   6  10  $12    0.010   -15.4268  20355.14   0.0      5.43   2.5  12.07.2025  07:40:11
  9  13   7  11  $12    0.010    -5.6586  10666.29   0.0      1.19  21.6  12.07.2025  07:40:13
  9  13   8  12  $12    0.100    -3.2566    139.51   0.0      3.18   6.8  12.07.2025  07:40:17
  9  13   5   1  $12    0.001     2.3639 178236.77   0.0      1.44  61.1  12.07.2025  07:40:25
  9  13   6   2  $12    0.001     2.1154  95947.79   0.0      3.04  26.6  12.07.2025  07:40:27
  9  13   7   3  $12    0.010    17.8723  42110.61   0.0      2.76   4.8  12.07.2025  07:40:30
  9  13   8   4  $12    0.010    16.2152  14327.30   0.0      2.65   3.1  12.07.2025  07:40:32
  9  13   2  14  $12    0.010     9.7662   7202.65   0.1      4.99  27.8  12.07.2025  07:40:34
  9  13   3  15  $12    0.010    14.7865  23226.64   0.0     14.07   1.1  12.07.2025  07:40:36
  9  13   4  16  $12    0.010     7.5193  16911.64   0.0      5.19   7.3  12.07.2025  07:40:38
 10  14   9  13  $12    0.001     4.6105  19751.13   0.0      5.64   2.3  12.07.2025  07:40:43
 10  14  11  15  $12    0.001     4.3763  18747.82   0.0      5.80   3.8  12.07.2025  07:40:45
 10  14  12  16  $12    0.001     2.9068  54792.52   0.0     10.71   0.6  12.07.2025  07:40:47
 10  14   5   9  $12    0.010   -15.6952  13867.89   0.0      6.00   0.1  12.07.2025  07:40:51
 10  14   7  11  $12    0.010    -9.1964  12134.41   0.0      0.11 141.5  12.07.2025  07:40:53
 10  14   8  12  $12    0.100   -11.3724   2143.65   0.0     23.01   0.4  12.07.2025  07:40:57
 10  14   5   1  $12    0.010    20.9985 241198.10   0.0      3.48   2.6  12.07.2025  07:41:02
 10  14   6   2  $12    0.010    18.7194 141141.11   0.0      5.10   5.4  12.07.2025  07:41:04
 10  14   7   3  $12    0.010    16.7904  76155.95   0.0      3.97   2.0  12.07.2025  07:41:06
 10  14   8   4  $12    0.010    15.5576  36656.63   0.0      2.99   2.5  12.07.2025  07:41:08
 10  14   1  13  $12    0.010     9.0509   8114.16   0.0      1.34  17.0  12.07.2025  07:41:10
 10  14   3  15  $12    0.010    17.5171  12919.03   0.0      4.32   3.8  12.07.2025  07:41:12
 10  14   4  16  $12    0.010    12.1042  19013.20   0.0     17.45   1.0  12.07.2025  07:41:14
 11  15   9  13  $12    0.001     3.8681  72912.04   0.0      3.35   5.9  12.07.2025  07:41:19
 11  15  10  14  $12    0.001     4.4233  18949.42   0.0      0.98  41.4  12.07.2025  07:41:21
 11  15  12  16  $12    0.001     2.9478  12628.55   0.1     12.64   7.6  12.07.2025  07:41:23
 11  15   5   9  $12    0.010    -7.1935  16949.24   0.0      4.56   2.9  12.07.2025  07:41:27
 11  15   6  10  $12    0.010   -10.3725   9164.83   0.0      1.70   2.7  12.07.2025  07:41:29
 11  15   8  12  $12    0.010    -5.3352   7039.61   0.0     15.65   2.3  12.07.2025  07:41:31
 11  15   5   1  $12    0.010    20.4447 337201.48   0.0      4.30   2.9  12.07.2025  07:41:33
 11  15   6   2  $12    0.010    18.4036 211392.50   0.0      3.18   2.9  12.07.2025  07:41:35
 11  15   7   3  $12    0.010    16.3804 123505.64   0.0      2.20   6.1  12.07.2025  07:41:37
 11  15   8   4  $12    0.010    15.5100  70348.37   0.0      2.04   8.1  12.07.2025  07:41:39
 11  15   1  13  $12    0.010    10.5071 231064.12   0.0     11.30   0.2  12.07.2025  07:41:41
 11  15   2  14  $12    0.010    14.8972  13355.41   0.0     -0.80  70.5  12.07.2025  07:41:43
 11  15   4  16  $12    0.010     8.3335   6145.99   0.0      5.17  17.9  12.07.2025  07:41:45
 12  16   9  13  $12    0.001     2.4361  32143.80   0.0      0.80  18.0  12.07.2025  07:41:50
 12  16  10  14  $12    0.001     2.9401  55418.86   0.0      5.92  10.8  12.07.2025  07:41:52
 12  16  11  15  $12    0.001     2.9641  12698.35   0.0      5.51  31.8  12.07.2025  07:41:54
 12  16   5   9  $12    0.010    -3.0712  13930.03   0.0     10.03   2.1  12.07.2025  07:41:58
 12  16   6  10  $12    0.010    -3.8850   9153.83   0.0      7.57   6.9  12.07.2025  07:42:00
 12  16   7  11  $12    0.010    -6.9068   6102.65   0.0     13.12   3.3  12.07.2025  07:42:02
 12  16   5   1  $12    0.010    16.6482 377553.30   0.0      2.88   7.9  12.07.2025  07:42:04
 12  16   6   2  $12    0.010    15.5141 255880.36   0.0      3.14   6.1  12.07.2025  07:42:06
 12  16   7   3  $12    0.010    15.3645 176483.11   0.0      1.99   3.8  12.07.2025  07:42:08
 12  16   8   4  $12    0.010    15.5412 117177.56   0.0      1.56   8.7  12.07.2025  07:42:10
 12  16  13   1  $12    0.010    -4.2218   4129.10   0.0      8.71   7.7  12.07.2025  07:42:12
 12  16  14   2  $12    0.010    -9.2066 202463.94   0.0     18.07   2.4  12.07.2025  07:42:14
 12  16  15   3  $12    0.010    -6.6723   5981.74   0.0     12.48   3.7  12.07.2025  07:42:17
 13   1  14   2  $12    0.001     4.3408  14886.26   0.0     -1.98  73.1  12.07.2025  07:42:21
 13   1  15   3  $12    0.010    16.3492  12397.88   0.0     13.31   0.7  12.07.2025  07:42:25
 13   1  16   4  $12    0.010     7.6312   9807.60   0.0      5.18   5.7  12.07.2025  07:42:27
 13   1  10  14  $12    0.010    -9.0175   8084.26   0.0      5.37  13.6  12.07.2025  07:42:29
 13   1  11  15  $12    0.010   -10.5853 232783.44   0.0     20.17   0.7  12.07.2025  07:42:31
 13   1  12  16  $12    0.010    -4.2698   4176.10   0.0     14.90   4.6  12.07.2025  07:42:33
 13   1   9   5  $12    0.100    10.3849   2610.00   0.0     -7.18   1.0  12.07.2025  07:42:37
 13   1  10   6  $12    0.100    10.5899   2381.78   0.0     27.54   1.1  12.07.2025  07:42:39
 13   1  11   7  $12    0.100    14.6133   2295.44   0.0     12.04   0.6  12.07.2025  07:42:41
 13   1  12   8  $12    0.100    17.8799   1318.65   0.0     -2.11   9.7  12.07.2025  07:42:43
 13   1   6   2  $12    0.001     3.3279  24543.70   0.0     -2.25  14.6  12.07.2025  07:42:51
 13   1   7   3  $12    0.010     4.2705   6708.13   0.0     -0.92   7.6  12.07.2025  07:42:55
 13   1   8   4  $12    0.100    15.2257   3424.40   0.0      6.45   0.4  12.07.2025  07:42:59
 14   2  13   1  $12    0.001     4.3353  14867.25   0.0      9.47   3.5  12.07.2025  07:43:07
 14   2  15   3  $12    0.001     2.4576   8427.98   0.0     12.86   3.3  12.07.2025  07:43:09
 14   2  16   4  $12    0.010    14.6835  11134.73   0.0     14.99   0.1  12.07.2025  07:43:12
 14   2   9  13  $12    0.010    -9.7055   7157.91   0.0      4.21   2.2  12.07.2025  07:43:14
 14   2  11  15  $12    0.010   -14.7361  13210.93   0.0      4.28   0.3  12.07.2025  07:43:16
 14   2  12  16  $12    0.010    -9.3295 205165.40   0.0     25.19   0.7  12.07.2025  07:43:18
 14   2   9   5  $12    0.100    13.6612   3072.54   0.0    -19.16   0.2  12.07.2025  07:43:22
 14   2  10   6  $12    0.100    13.0667   3284.01   0.0     62.55   0.2  12.07.2025  07:43:24
 14   2  11   7  $12    0.100    19.1294   4302.39   0.0     21.11   0.9  12.07.2025  07:43:26
 14   2  12   8  $12    0.010     2.5257   3967.34   0.0     -9.66   2.1  12.07.2025  07:43:31
 14   2   5   1  $12    0.001     3.2230  28893.92   0.0     11.93   3.5  12.07.2025  07:43:36
 14   2   7   3  $12    0.010     7.8348   5778.26   0.0     -0.14  52.1  12.07.2025  07:43:40
 14   2   8   4  $12    0.010     2.8360   4454.76   0.0      7.76   6.9  12.07.2025  07:43:42
 15   3  13   1  $12    0.010    16.2234  12302.43   0.0     12.14   0.2  12.07.2025  07:43:44
 15   3  14   2  $12    0.001     2.4840   8518.72   0.1      0.23 251.5  12.07.2025  07:43:49
 15   3  16   4  $12    0.001     2.5396   8709.29   0.5     17.73  10.8  12.07.2025  07:43:51
 15   3   9  13  $12    0.010   -14.5344  22830.63   0.0     15.62   0.4  12.07.2025  07:43:55
 15   3  10  14  $12    0.010   -17.5673  12956.03   0.0      6.13   0.5  12.07.2025  07:43:57
 15   3  12  16  $12    0.010    -6.7432   6045.30   0.0     15.38   1.6  12.07.2025  07:43:59
 15   3   9   5  $12    0.100    11.4697   1801.66   0.0     -7.93   1.4  12.07.2025  07:44:02
 15   3  10   6  $12    0.100    12.8221   2883.82   0.0     36.11   0.3  12.07.2025  07:44:04
 15   3  11   7  $12    0.100    18.9288   4757.34   0.0     14.62   1.3  12.07.2025  07:44:07
 15   3  12   8  $12    0.010     2.6578   5977.61   0.0     -3.46   5.2  12.07.2025  07:44:12
 15   3   5   1  $12    0.100     4.5060   9909.28   0.0     60.96   1.5  12.07.2025  07:44:15
 15   3   6   2  $12    0.010     5.6292   5046.61   0.0     -3.49  11.5  12.07.2025  07:44:20
 15   3   8   4  $12    0.010    15.7001  11578.94   0.0      5.19   1.5  12.07.2025  07:44:22
 16   4  13   1  $12    0.010     7.5931   9758.59   0.0      4.01   6.5  12.07.2025  07:44:24
 16   4  14   2  $12    0.010    14.5930  11066.12   0.0      8.85   4.0  12.07.2025  07:44:26
 16   4  15   3  $12    0.001     2.5413   8715.00   0.0      0.82  34.7  12.07.2025  07:44:31
 16   4   9  13  $12    0.010    -7.4202  16688.80   0.0      7.90   0.9  12.07.2025  07:44:35
 16   4  10  14  $12    0.010   -11.8684  18642.77   0.0     12.09   0.5  12.07.2025  07:44:37
 16   4  11  15  $12    0.010    -8.1036   5976.48   0.0      7.81   3.9  12.07.2025  07:44:39
 16   4   9   5  $12    0.100    10.3748    765.15   0.0      1.05   4.3  12.07.2025  07:44:43
 16   4  10   6  $12    0.100    12.9400   2032.61   0.0      1.23  20.1  12.07.2025  07:44:45
 16   4  11   7  $12    0.100    18.5498   4172.02   0.0      4.35   2.0  12.07.2025  07:44:47
 16   4  12   8  $12    0.010     2.6302   6610.42   0.0      0.68   1.8  12.07.2025  07:44:52
 16   4   5   1  $12    0.100    -9.1109    891.08   0.0     16.38   0.6  12.07.2025  07:44:56
 16   4   6   2  $12    0.100    13.0536  28706.46   0.0      0.47  68.7  12.07.2025  07:44:58
 16   4   7   3  $12    0.010    14.9136  13370.06   0.0      3.15   0.3  12.07.2025  07:45:03
  1   4   2   3  $12    0.001     4.4704  28088.63   0.0      1.12  45.7  12.07.2025  07:45:08
  2   3   1   4  $12    0.001     4.4740  28111.02   0.1      7.53   5.2  12.07.2025  07:45:10
  1   2   3   4  $12    0.010    -2.0169   3801.83   0.0     23.55   2.0  12.07.2025  07:45:14
  3   4   1   2  $12    0.010    -2.0318   3829.94   0.2      3.39  55.4  12.07.2025  07:45:16
  5   8   6   7  $12    0.010     8.0541   5060.56   0.0     -0.86 169.6  12.07.2025  07:45:18
  6   7   5   8  $12    0.010     8.0858   5080.43   0.0      8.83   0.4  12.07.2025  07:45:20
  5   6   7   8  $12    0.010    -7.1211  13423.00   0.0      9.50   0.5  12.07.2025  07:45:22
  7   8   5   6  $12    0.010    -7.1382  13455.28   0.1      4.51  14.0  12.07.2025  07:45:24
  9  12  10  11  $12    0.010    13.4232   8434.06   0.0      7.76   4.9  12.07.2025  07:45:26
 10  11   9  12  $12    0.010    13.3021   8357.96   0.0      7.37   0.2  12.07.2025  07:45:28
  9  10  11  12  $12    0.010    -2.2236   4191.42   0.0      0.40 136.2  12.07.2025  07:45:30
 11  12   9  10  $12    0.010    -2.2033   4153.04   0.0      0.48 196.9  12.07.2025  07:45:32
 13  16  14  15  $12    0.010    -5.4682   3435.78   0.0     43.44   0.0  12.07.2025  07:45:34
 14  15  13  16  $12    0.010    -5.5807   3506.43   0.0     26.25   1.9  12.07.2025  07:45:36
 13  14  15  16  $12    0.100    16.1673   3047.46   0.0    153.01   0.0  12.07.2025  07:45:40
  1   9  10   2  $12    0.001    -7.0217  25267.96   0.0      9.68   0.6  12.07.2025  07:45:48
  1   9  11   3  $12    0.001    -2.9145  24971.41   0.1     13.17  11.5  12.07.2025  07:45:50
  1   9  12   4  $12    0.010   -19.8363  33169.07   0.0      4.46   0.3  12.07.2025  07:45:53
  2  10   9   1  $12    0.001    -7.0123  25234.02   0.0      7.64   1.9  12.07.2025  07:45:58
  2  10  11   3  $12    0.001    -3.5737  12860.04   0.0      9.29   6.0  12.07.2025  07:46:00
  2  10  12   4  $12    0.001    -2.1871  18739.11   0.0     14.75   1.3  12.07.2025  07:46:02
  3  11   9   1  $12    0.001    -2.9209  25026.00   0.1     12.55   4.5  12.07.2025  07:46:04
  3  11  10   2  $12    0.001    -3.5712  12851.07   0.2     10.38   9.0  12.07.2025  07:46:06
  3  11  12   4  $12    0.001    -3.9067  14058.41   0.0     13.56   4.8  12.07.2025  07:46:09
 12   4   9   1  $12    0.001     2.0240  33843.32   0.0      0.05 3085.4  12.07.2025  07:46:11
 12   4  10   2  $12    0.001     2.2523  19297.46   0.0     -6.00  14.3  12.07.2025  07:46:13
 12   4  11   3  $12    0.001     3.9702  14286.93   0.0      2.70  25.5  12.07.2025  07:46:15
 13   5  14   6  $12    0.001     4.3448  15635.04   0.0     -0.80  79.6  12.07.2025  07:46:17
 13   5  15   7  $12    0.001     4.0150  34400.76   0.1      1.36  64.0  12.07.2025  07:46:19
 13   5  16   8  $12    0.001     2.6244  43884.27   0.0     -2.45  37.9  12.07.2025  07:46:21
 14   6  13   5  $12    0.001     4.2846  15418.22   0.0      6.26   7.2  12.07.2025  07:46:23
 14   6  15   7  $12    0.001     5.0733  18256.38   0.0      7.80   1.3  12.07.2025  07:46:25
 14   6  16   8  $12    0.001     3.1277  26798.38   0.0     10.29   3.7  12.07.2025  07:46:27
 15   7  13   5  $12    0.001     3.9785  34087.51   0.0      8.06  23.6  12.07.2025  07:46:29
 15   7  14   6  $12    0.001     5.1076  18380.02   0.0      4.87  24.8  12.07.2025  07:46:31
 15   7  16   8  $12    0.001     3.1143  11206.94   0.1     -0.56 478.3  12.07.2025  07:46:33
 16   8  13   5  $12    0.001     2.6006  43485.30   0.0     -5.15  20.8  12.07.2025  07:46:35
 16   8  14   6  $12    0.001     3.1468  26962.15   0.3      6.16  28.3  12.07.2025  07:46:37
 16   8  15   7  $12    0.001     3.1031  11166.56   0.2     -3.70  19.5  12.07.2025  07:46:39
  1   2   5   6  $12    0.100    -2.7882   5255.72   0.2   -311.91   1.2  12.07.2025  07:46:45
  2   3   6   7  $12    0.100    -0.7585   1429.65   0.8   -862.82   0.8  12.07.2025  07:46:50
  3   4   7   8  $12    1.000     4.8615    916.37   0.5    445.52   2.0  12.07.2025  07:46:54
  1   2   9  10  $12    0.100    -1.8299  28973.26   0.1   -139.43   0.4  12.07.2025  07:46:59
  2   3  10  11  $12    0.100    -1.4341  22707.57   0.0   -206.30   1.3  12.07.2025  07:47:04
  3   4  11  12  $12    1.000     1.9320   3059.11   0.1   -472.05   0.0  12.07.2025  07:47:11
  1   2  13  14  $12    0.100     3.8767 208989.40   0.0      0.52  63.6  12.07.2025  07:47:17
  2   3  14  15  $12    0.100    -2.7415 147791.79   0.0    -67.97   2.4  12.07.2025  07:47:19
  3   4  15  16  $12    0.100     4.7191 254402.92   0.0    -27.35   0.6  12.07.2025  07:47:21
  5   6   9  10  $12    0.100    -3.1531   5943.42   0.0   -323.36   0.7  12.07.2025  07:47:23
  6   7  10  11  $12    0.100    -0.5460   1029.16   0.7  -1273.90   1.1  12.07.2025  07:47:28
  7   8  11  12  $12    0.100     6.0890  11477.53   0.0    -11.93   1.6  12.07.2025  07:47:30
  5   6  13  14  $12    0.100     0.2433   3852.76   0.3    -10.72  54.0  12.07.2025  07:47:35
  6   7  14  15  $12    0.100    -0.4572   7239.79   0.6  -1174.87   0.2  12.07.2025  07:47:41
  7   8  15  16  $12    1.000     5.6218   8901.30   0.0   -177.74   0.0  12.07.2025  07:47:44
  9  10  13  14  $12    1.000     9.4170   1775.07   0.8    222.54   0.1  12.07.2025  07:47:46
 10  11  14  15  $12    1.000    -4.5072    849.59   0.5   -448.95   1.4  12.07.2025  07:47:48
 11  12  15  16  $12    1.000     1.6610    313.10   0.1     89.34   0.8  12.07.2025  07:47:54
  1   2   6   7  $12    0.100     2.8165  10618.14   0.0   -284.17   1.1  12.07.2025  07:47:59
  2   3   7   8  $12    0.100     2.0912   7883.47   0.3    138.97   4.5  12.07.2025  07:48:01
  1   2   7   8  $12    0.100     0.5421   3576.20   0.4   -630.35   0.9  12.07.2025  07:48:06
  2   3   7   8  $12    0.100     2.0926   7888.92   0.0    124.23   1.0  12.07.2025  07:48:08
  1   2  10  11  $12    0.100     0.5559  12573.90   0.8   -710.82   1.2  12.07.2025  07:48:15
  2   3  11  12  $12    0.100    -0.2906   6574.34   1.2     20.11  57.6  12.07.2025  07:48:20
  1   2  11  12  $12    0.100    -0.9455  29408.02   0.0     37.21   5.6  12.07.2025  07:48:25
  2   3  11  12  $12    0.100    -0.2555   5778.18   0.4     15.15   8.3  12.07.2025  07:48:31
  1   2  14  15  $12    0.100    -1.0925  74960.21   0.6    264.75   0.9  12.07.2025  07:48:36
  2   3  15  16  $12    0.100    16.5098 1132779.89   0.0    -14.60   0.2  12.07.2025  07:48:38
  1   2  15  16  $12    0.100     6.0251 516742.65   0.0     23.47   0.4  12.07.2025  07:48:40
  2   3  15  16  $12    0.100    16.4970 1131897.71   0.0    -15.94   0.0  12.07.2025  07:48:42
  5   6  10  11  $12    0.100    -6.6455  25052.84   0.4  -1980.79   0.1  12.07.2025  07:48:44
  6   7  11  12  $12    0.100     2.4047   9065.67   0.4    -15.58  54.6  12.07.2025  07:48:46
  5   6  11  12  $12    0.100     1.8817  12414.40   0.1     -4.56  16.9  12.07.2025  07:48:51
  6   7  11  12  $12    0.100     2.3802   8973.23   0.1    -14.30   4.0  12.07.2025  07:48:53
  5   6  14  15  $12    0.100     0.7040  15923.53   0.3  -1025.59   0.3  12.07.2025  07:48:59
  6   7  15  16  $12    0.100     0.6468  14629.62   0.2   -534.97   0.8  12.07.2025  07:49:04
  5   6  15  16  $12    0.100    -0.6792  21124.08   0.2   -639.17   0.2  12.07.2025  07:49:09
  6   7  15  16  $12    0.100     0.6473  14641.70   0.0   -526.83   0.3  12.07.2025  07:49:14
  9  10  14  15  $12    1.000     2.3480    885.18   0.3   -928.36   3.7  12.07.2025  07:49:18
 10  11  15  16  $12    1.000     8.4511   3185.99   0.7     53.12   6.8  12.07.2025  07:49:20
  9  10  15  16  $12    1.000    -7.9686   5257.14   0.8    240.32   2.8  12.07.2025  07:49:23
 10  11  15  16  $12    1.000     7.4403   2804.93   0.1    -75.51   1.2  12.07.2025  07:49:25
