//C:\Users\user\Desktop\GeoTom\GeoTomE724.ini
//- Cable direction:
//  cable I: normal
//  cable II: normal
//  cable III: normal
//  cable IV: normal
//- Cable arrangement: sequential
//- Optimization: Last measurement
//- Sorting: Multi-level
//- Current levels: 0.001 mA .. 50.0 mA
Type:         Flow
Name:         Hyprop
Comment:      Example of a measurements sequence
Comment:      
Comment:      
Spacing:      1.00000
First El:     0.00000
Nr of points: 289
IP present:   1

  1   5   2   6  $12    0.001     4.7011  20139.26   0.0      0.62  13.1  11.07.2025  17:35:08
  1   5   3   7  $12    0.001     2.0958  39504.05   0.0      4.46  13.0  11.07.2025  17:35:11
  1   5   4   8  $12    0.010    13.4635  17764.65   0.0      2.40   1.5  11.07.2025  17:35:14
  1   5  14   2  $12    0.010   -22.0498  19767.74   0.0      2.65  10.1  11.07.2025  17:35:16
  1   5  15   3  $12    0.100     3.2024   7042.46   0.1    -87.81   1.6  11.07.2025  17:35:20
  1   5  16   4  $12    0.100    12.3730   1210.13   0.0      1.98   5.4  11.07.2025  17:35:22
  1   5  13   9  $12    0.010    17.8422 134526.71   0.0      2.21   2.5  11.07.2025  17:35:27
  1   5  14  10  $12    0.010    15.9474 183179.32   0.0      0.56   5.6  11.07.2025  17:35:29
  1   5  15  11  $12    0.010    15.4625 255028.13   0.0      1.46   7.7  11.07.2025  17:35:31
  1   5  16  12  $12    0.010    12.2098 276899.26   0.0      1.72   1.3  11.07.2025  17:35:33
  1   5  10   6  $12    0.010     8.5091   7518.44   0.1     -3.52  62.8  11.07.2025  17:35:35
  1   5  11   7  $12    0.010     5.5769  13140.31   0.0     -0.93  52.7  11.07.2025  17:35:37
  1   5  12   8  $12    0.010     2.5333  11490.45   0.0      3.63   7.7  11.07.2025  17:35:39
  2   6   1   5  $12    0.001     4.6911  20096.66   0.0      3.83  42.3  11.07.2025  17:35:44
  2   6   3   7  $12    0.001     2.9745  12742.66   0.0      2.14   5.2  11.07.2025  17:35:46
  2   6   4   8  $12    0.010    14.9368  28155.19   0.0      4.30   0.4  11.07.2025  17:35:50
  2   6  13   1  $12    0.001    -2.3097  17034.15   0.1     10.30  18.4  11.07.2025  17:35:55
  2   6  15   3  $12    0.010    -3.9619   3551.86   0.0      7.31  16.3  11.07.2025  17:35:59
  2   6  16   4  $12    0.100    -7.9244  17426.59   0.0     15.02   0.3  11.07.2025  17:36:02
  2   6  13   9  $12    0.010    15.2899  69349.85   0.0      2.85   0.2  11.07.2025  17:36:07
  2   6  14  10  $12    0.010    13.8407 104356.04   0.0      2.44   6.8  11.07.2025  17:36:09
  2   6  15  11  $12    0.010    13.4624 154635.62   0.0      2.95   3.3  11.07.2025  17:36:11
  2   6  16  12  $12    0.010    11.0832 182798.57   0.0      2.43   1.6  11.07.2025  17:36:13
  2   6   9   5  $12    0.010     8.0367  10604.21   0.0      6.31   1.2  11.07.2025  17:36:16
  2   6  11   7  $12    0.010    11.9993  10602.23   0.0      2.15   8.0  11.07.2025  17:36:18
  2   6  12   8  $12    0.010     3.1136   7336.27   0.0      4.47   6.7  11.07.2025  17:36:20
  3   7   1   5  $12    0.010    20.6861  38992.38   0.0      4.38   4.4  11.07.2025  17:36:22
  3   7   2   6  $12    0.001     2.9910  12813.54   0.0     -0.24  47.0  11.07.2025  17:36:27
  3   7   4   8  $12    0.001     2.8131  12051.39   0.0      1.42  10.3  11.07.2025  17:36:29
  3   7  13   1  $12    0.010    -3.1451   4940.36   0.0      9.84  15.9  11.07.2025  17:36:33
  3   7  14   2  $12    0.010    -5.6281   4150.78   0.1     10.34  22.2  11.07.2025  17:36:35
  3   7  16   4  $12    0.010   -12.0317  10786.45   0.0     10.36   2.8  11.07.2025  17:36:37
  3   7  13   9  $12    0.010    13.0110  30656.38   0.0      2.94   1.3  11.07.2025  17:36:39
  3   7  14  10  $12    0.010    12.2706  55655.47   0.0      3.38   6.2  11.07.2025  17:36:41
  3   7  15  11  $12    0.010    11.8361  89242.27   0.0      1.91   4.2  11.07.2025  17:36:43
  3   7  16  12  $12    0.010    10.9080 125294.50   0.0      2.12   1.5  11.07.2025  17:36:45
  3   7   9   5  $12    0.010     4.5317   8542.12   0.0      4.68   1.9  11.07.2025  17:36:47
  3   7  10   6  $12    0.010    11.5022  15176.85   0.0      2.60  10.3  11.07.2025  17:36:49
  3   7  12   8  $12    0.010     4.7741   4218.24   0.1     11.19   5.4  11.07.2025  17:36:51
  4   8   1   5  $12    0.010    13.4775  17783.15   0.0      3.97   7.1  11.07.2025  17:36:53
  4   8   2   6  $12    0.010    14.9778  28232.42   0.0      2.70   4.6  11.07.2025  17:36:55
  4   8   3   7  $12    0.001     2.8127  12049.54   0.0     -0.08 260.1  11.07.2025  17:37:00
  4   8  13   1  $12    0.100   -11.5324   2593.75   0.0      9.11   2.8  11.07.2025  17:37:06
  4   8  14   2  $12    0.100   -19.6244   3082.60   0.0      7.47   2.6  11.07.2025  17:37:08
  4   8  15   3  $12    0.010   -12.5254   9237.60   0.0      5.70   1.7  11.07.2025  17:37:13
  4   8  13   9  $12    0.010    11.5114  10171.15   0.0      2.95   1.8  11.07.2025  17:37:15
  4   8  14  10  $12    0.010    11.1037  26162.38   0.0      2.43  34.3  11.07.2025  17:37:17
  4   8  15  11  $12    0.010    11.0228  49995.80   0.0      3.11   2.9  11.07.2025  17:37:19
  4   8  16  12  $12    0.010    10.8955  82150.03   0.0      2.00   1.2  11.07.2025  17:37:21
  4   8   9   5  $12    0.100     7.8438    336.03   0.0      5.36   2.0  11.07.2025  17:37:25
  4   8  10   6  $12    0.100    18.4990   3486.99   0.0      3.84   2.1  11.07.2025  17:37:27
  4   8  11   7  $12    0.010     4.0722   5373.10   0.0      1.88  10.7  11.07.2025  17:37:32
  5   9   6  10  $12    0.010    22.1632   9494.68   0.0      2.78  10.4  11.07.2025  17:37:34
  5   9   7  11  $12    0.010    11.2818  21265.65   0.0      3.95   9.8  11.07.2025  17:37:36
  5   9   8  12  $12    0.010     4.4434   5862.94   0.0      2.28   3.3  11.07.2025  17:37:38
  5   9   2   6  $12    0.010    -7.9603  10503.39   0.0      5.79   2.3  11.07.2025  17:37:40
  5   9   3   7  $12    0.010    -4.4841   8452.33   0.0      8.61   4.5  11.07.2025  17:37:42
  5   9   4   8  $12    0.100    -7.7516    332.08   0.0      7.07   2.2  11.07.2025  17:37:45
  5   9   1  13  $12    0.100     8.6793   2181.34   0.0     -0.46  57.3  11.07.2025  17:37:48
  5   9   2  14  $12    0.100    11.6838   2627.81   0.0      2.21  13.3  11.07.2025  17:37:50
  5   9   3  15  $12    0.100    10.2045   1602.92   0.0     -0.16 240.5  11.07.2025  17:37:52
  5   9   4  16  $12    0.100     9.4438    696.49   0.0      0.14  81.3  11.07.2025  17:37:54
  5   9  14  10  $12    0.010    13.0090  11494.37   0.0      2.57   1.6  11.07.2025  17:37:59
  5   9  15  11  $12    0.010     5.7627  13578.01   0.0      1.45   9.1  11.07.2025  17:38:01
  5   9  16  12  $12    0.010     2.7177  12326.52   0.0      1.11  48.5  11.07.2025  17:38:03
  6  10   5   9  $12    0.010    22.1110   9472.31   0.0      5.16   2.2  11.07.2025  17:38:05
  6  10   7  11  $12    0.010    20.9861   8990.44   0.0      5.09   0.7  11.07.2025  17:38:07
  6  10   8  12  $12    0.010     6.4864  12226.54   0.0      6.47   2.1  11.07.2025  17:38:09
  6  10   1   5  $12    0.010    -8.5397   7545.43   0.0      5.88  22.6  11.07.2025  17:38:11
  6  10   3   7  $12    0.010   -11.4669  15130.25   0.0      4.06   6.8  11.07.2025  17:38:13
  6  10   4   8  $12    0.100   -18.5409   3494.88   0.0      5.18   1.5  11.07.2025  17:38:17
  6  10   1  13  $12    0.100     9.0973   2046.08   0.0     37.98   0.9  11.07.2025  17:38:19
  6  10   2  14  $12    0.100    11.6350   2924.18   0.0     90.89   0.3  11.07.2025  17:38:21
  6  10   3  15  $12    0.100    11.6657   2623.73   0.0     50.14   1.1  11.07.2025  17:38:23
  6  10   4  16  $12    0.100    11.8634   1863.50   0.0     -0.13   8.3  11.07.2025  17:38:25
  6  10  13   9  $12    0.010    12.6800  16730.87   0.0      3.80   1.4  11.07.2025  17:38:30
  6  10  15  11  $12    0.010     8.3212   7352.41   0.0     -0.69  27.1  11.07.2025  17:38:32
  6  10  16  12  $12    0.010     3.4491   8126.77   0.0      6.85   1.3  11.07.2025  17:38:34
  7  11   5   9  $12    0.010    11.2967  21293.79   0.0      2.92  11.5  11.07.2025  17:38:36
  7  11   6  10  $12    0.010    20.9842   8989.59   0.0      4.50  12.1  11.07.2025  17:38:38
  7  11   8  12  $12    0.010    12.3831   5304.89   0.0     12.75   1.5  11.07.2025  17:38:40
  7  11   1   5  $12    0.010    -5.5384  13049.52   0.0      9.64  10.3  11.07.2025  17:38:42
  7  11   2   6  $12    0.010   -11.9539  10562.10   0.0      7.10   2.3  11.07.2025  17:38:44
  7  11   4   8  $12    0.010    -4.0297   5317.12   0.0     10.78  26.5  11.07.2025  17:38:46
  7  11   1  13  $12    0.100    12.7363   2000.61   0.0     11.04   2.1  11.07.2025  17:38:50
  7  11   2  14  $12    0.100    17.3898   3911.12   0.0     24.23   0.8  11.07.2025  17:38:52
  7  11   3  15  $12    0.100    17.4515   4386.03   0.0     16.77   0.7  11.07.2025  17:38:54
  7  11   4  16  $12    0.100    17.1640   3860.35   0.0      4.14   1.7  11.07.2025  17:38:56
  7  11  13   9  $12    0.010     4.4283   8347.09   0.0     -2.23   8.5  11.07.2025  17:39:01
  7  11  14  10  $12    0.010     7.2440   9558.23   0.0     -3.04  21.6  11.07.2025  17:39:03
  7  11  16  12  $12    0.010     6.6117   5841.92   0.0     17.12   1.9  11.07.2025  17:39:05
  8  12   5   9  $12    0.010     4.4069   5814.80   0.0      0.94  73.2  11.07.2025  17:39:07
  8  12   6  10  $12    0.010     6.4670  12190.02   0.0      5.78   6.9  11.07.2025  17:39:09
  8  12   7  11  $12    0.010    12.3258   5280.35   0.0      8.94   1.8  11.07.2025  17:39:11
  8  12   1   5  $12    0.010    -2.4952  11317.20   0.1     13.82  11.6  11.07.2025  17:39:13
  8  12   2   6  $12    0.010    -3.0735   7241.78   0.0     13.30   1.9  11.07.2025  17:39:15
  8  12   3   7  $12    0.010    -4.7111   4162.58   0.0     10.32   2.7  11.07.2025  17:39:17
  8  12   1  13  $12    0.100    15.6694   1155.63   0.0     -4.07   3.7  11.07.2025  17:39:21
  8  12   2  14  $12    0.100    22.3298   3507.56   0.0     -7.40   6.1  11.07.2025  17:39:23
  8  12   3  15  $12    0.010     2.4491   5508.19   0.1     -3.31  36.2  11.07.2025  17:39:28
  8  12  16   4  $12    0.010    -2.4105   6058.21   0.2      7.97  32.0  11.07.2025  17:39:30
  8  12   9  13  $12    0.100    -2.9709    127.27   0.0      9.64   1.6  11.07.2025  17:39:34
  8  12  10  14  $12    0.100   -10.8173   2039.01   0.0     14.82   0.9  11.07.2025  17:39:36
  8  12  11  15  $12    0.010    -5.0431   6654.19   0.0     21.01   0.4  11.07.2025  17:39:41
  9  13  10  14  $12    0.001     3.6919  15815.90   0.0     -0.02 2777.3  11.07.2025  17:39:46
  9  13  11  15  $12    0.001     3.0703  57873.64   0.0      8.25   1.9  11.07.2025  17:39:48
  9  13  12  16  $12    0.010    18.4122  24294.33   0.0      4.45   1.9  11.07.2025  17:39:52
  9  13   6  10  $12    0.010   -12.6558  16698.93   0.0      5.63   1.3  11.07.2025  17:39:54
  9  13   7  11  $12    0.010    -4.3534   8205.96   0.0     10.16   6.6  11.07.2025  17:39:56
  9  13   8  12  $12    0.100    -3.2036    137.24   0.0     17.61   0.4  11.07.2025  17:39:59
  9  13   5   1  $12    0.010    17.9397 135262.12   0.0      3.78   4.0  11.07.2025  17:40:04
  9  13   6   2  $12    0.010    15.3707  69716.58   0.0      3.25   1.1  11.07.2025  17:40:06
  9  13   7   3  $12    0.010    13.0539  30757.51   0.0      3.20   4.9  11.07.2025  17:40:08
  9  13   8   4  $12    0.010    11.5397  10196.13   0.0      2.96   0.3  11.07.2025  17:40:10
  9  13   2  14  $12    0.010     8.4151   6206.22   0.0      0.88 305.5  11.07.2025  17:40:12
  9  13   3  15  $12    0.010    12.9265  20304.85   0.0     15.16   0.8  11.07.2025  17:40:14
  9  13   4  16  $12    0.010     6.5776  14793.55   0.0      5.75   1.2  11.07.2025  17:40:16
 10  14   9  13  $12    0.001     3.6796  15763.33   0.0      1.95  10.6  11.07.2025  17:40:21
 10  14  11  15  $12    0.001     3.4614  14828.52   0.0      0.92  17.6  11.07.2025  17:40:23
 10  14  12  16  $12    0.001     2.3027  43404.49   0.0      5.24   3.4  11.07.2025  17:40:25
 10  14   5   9  $12    0.010   -12.9664  11456.78   0.0      3.00   0.4  11.07.2025  17:40:29
 10  14   7  11  $12    0.010    -7.2131   9517.40   0.0      1.36  13.8  11.07.2025  17:40:31
 10  14   8  12  $12    0.100   -11.2221   2115.32   0.0     15.40   0.2  11.07.2025  17:40:35
 10  14   5   1  $12    0.010    15.9943 183718.19   0.0      2.55   7.8  11.07.2025  17:40:40
 10  14   6   2  $12    0.010    13.8999 104802.60   0.0      3.03   5.4  11.07.2025  17:40:42
 10  14   7   3  $12    0.010    12.2969  55774.62   0.0      1.37  11.9  11.07.2025  17:40:44
 10  14   8   4  $12    0.010    11.1257  26214.22   0.0      2.91   2.0  11.07.2025  17:40:46
 10  14   1  13  $12    0.010     7.4157   6648.22   0.0      1.51  43.0  11.07.2025  17:40:48
 10  14   3  15  $12    0.010    14.7617  10886.90   0.0      0.46  35.2  11.07.2025  17:40:50
 10  14   4  16  $12    0.010    10.4628  16434.95   0.0      9.99   0.6  11.07.2025  17:40:52
 11  15   9  13  $12    0.001     3.0670  57812.21   0.0      3.49   5.0  11.07.2025  17:40:57
 11  15  10  14  $12    0.001     3.4740  14882.48   0.0     -3.53  42.8  11.07.2025  17:40:59
 11  15  12  16  $12    0.001     2.3720  10161.48   0.0      1.13  20.8  11.07.2025  17:41:01
 11  15   5   9  $12    0.010    -5.7230  13484.54   0.0      3.93   4.1  11.07.2025  17:41:05
 11  15   6  10  $12    0.010    -8.2555   7294.38   0.0      5.00  18.0  11.07.2025  17:41:07
 11  15   8  12  $12    0.010    -5.1321   6771.63   0.0     19.82   2.3  11.07.2025  17:41:09
 11  15   5   1  $12    0.010    15.5510 256488.37   0.0      0.90  19.1  11.07.2025  17:41:11
 11  15   6   2  $12    0.010    13.5240 155342.76   0.0      1.70   2.4  11.07.2025  17:41:13
 11  15   7   3  $12    0.010    11.8659  89466.41   0.0      1.24  27.5  11.07.2025  17:41:15
 11  15   8   4  $12    0.010    11.0506  50121.89   0.0      1.22   4.9  11.07.2025  17:41:17
 11  15   1  13  $12    0.010     8.9784 197446.34   0.0     14.21   0.6  11.07.2025  17:41:19
 11  15   2  14  $12    0.010    12.5636  11263.27   0.0     -1.92  26.6  11.07.2025  17:41:21
 11  15   4  16  $12    0.010     7.1998   5309.89   0.0      3.85   8.4  11.07.2025  17:41:23
 12  16   9  13  $12    0.010    18.3834  24256.38   0.0      2.95   1.5  11.07.2025  17:41:25
 12  16  10  14  $12    0.010    22.5909  42582.76   0.0      5.19   1.1  11.07.2025  17:41:27
 12  16  11  15  $12    0.001     2.3706  10155.59   0.0      2.30   8.8  11.07.2025  17:41:32
 12  16   5   9  $12    0.010    -2.6415  11980.80   0.0     11.57   4.4  11.07.2025  17:41:36
 12  16   6  10  $12    0.010    -3.3646   7927.70   0.0      8.67  12.9  11.07.2025  17:41:38
 12  16   7  11  $12    0.010    -6.4221   5674.35   0.0     16.72   4.5  11.07.2025  17:41:40
 12  16   5   1  $12    0.010    12.2668 278190.84   0.0      2.52   3.0  11.07.2025  17:41:42
 12  16   6   2  $12    0.010    11.1461 183836.24   0.0      2.40   8.1  11.07.2025  17:41:44
 12  16   7   3  $12    0.010    10.9529 125810.38   0.0      1.16  13.2  11.07.2025  17:41:46
 12  16   8   4  $12    0.010    10.9539  82590.65   0.0      1.14   6.7  11.07.2025  17:41:48
 12  16  13   1  $12    0.010    -3.4221   3346.99   0.0      7.66   4.3  11.07.2025  17:41:50
 12  16  14   2  $12    0.010    -8.0208 176386.17   0.0     12.34   5.2  11.07.2025  17:41:53
 12  16  15   3  $12    0.010    -5.7963   5196.37   0.0      6.51  12.5  11.07.2025  17:41:55
 13   1  14   2  $12    0.001     3.1869  10929.17   0.0      1.83  16.6  11.07.2025  17:41:59
 13   1  15   3  $12    0.010    13.5006  10237.71   0.0     15.62   0.7  11.07.2025  17:42:03
 13   1  16   4  $12    0.010     6.2261   8001.74   0.0      3.11  11.4  11.07.2025  17:42:05
 13   1  10  14  $12    0.010    -7.3955   6630.05   0.0      4.74  26.5  11.07.2025  17:42:07
 13   1  11  15  $12    0.010    -8.9907 197716.87   0.0     24.76   0.5  11.07.2025  17:42:09
 13   1  12  16  $12    0.010    -3.4464   3370.77   0.0     11.33   0.8  11.07.2025  17:42:11
 13   1   9   5  $12    0.100     8.7056   2187.95   0.0      1.63   5.6  11.07.2025  17:42:15
 13   1  10   6  $12    0.100     9.3605   2105.26   0.0     29.86   1.4  11.07.2025  17:42:17
 13   1  11   7  $12    0.100    12.9634   2036.29   0.0     12.40   0.9  11.07.2025  17:42:19
 13   1  12   8  $12    0.100    15.7308   1160.16   0.0      2.60   6.1  11.07.2025  17:42:21
 13   1   6   2  $12    0.001     2.3644  17437.79   0.0     -4.58   3.9  11.07.2025  17:42:29
 13   1   7   3  $12    0.010     3.2006   5027.57   0.0     -2.65  12.9  11.07.2025  17:42:33
 13   1   8   4  $12    0.100    11.6776   2626.40   0.0      1.16   4.0  11.07.2025  17:42:36
 14   2  13   1  $12    0.001     3.2110  11011.57   0.0      9.85   8.9  11.07.2025  17:42:45
 14   2  15   3  $12    0.001     2.0165   6915.49   0.0      7.79  12.9  11.07.2025  17:42:47
 14   2  16   4  $12    0.010    12.3549   9368.95   0.0     11.22   0.2  11.07.2025  17:42:50
 14   2   9  13  $12    0.010    -8.3732   6175.30   0.0      6.99   1.5  11.07.2025  17:42:52
 14   2  11  15  $12    0.010   -12.4421  11154.38   0.0      5.51   2.6  11.07.2025  17:42:54
 14   2  12  16  $12    0.010    -8.0951 178020.22   0.0     18.80   0.2  11.07.2025  17:42:56
 14   2   9   5  $12    0.100    11.7157   2634.97   0.0     -1.99   1.0  11.07.2025  17:43:00
 14   2  10   6  $12    0.100    12.1425   3051.75   0.0     69.10   0.9  11.07.2025  17:43:02
 14   2  11   7  $12    0.100    17.6912   3978.91   0.0     22.37   0.6  11.07.2025  17:43:04
 14   2  12   8  $12    0.100    22.4207   3521.84   0.0     -0.09  91.2  11.07.2025  17:43:06
 14   2   5   1  $12    0.010    22.2405  19938.65   0.0      2.11   4.3  11.07.2025  17:43:11
 14   2   7   3  $12    0.010     5.7198   4218.41   0.0      0.77   9.4  11.07.2025  17:43:13
 14   2   8   4  $12    0.010     2.0044   3148.44   0.1     -0.19 229.4  11.07.2025  17:43:15
 15   3  13   1  $12    0.010    13.3994  10160.99   0.0     13.27   0.9  11.07.2025  17:43:17
 15   3  14   2  $12    0.010    20.0226   6866.49   0.0      2.71   2.8  11.07.2025  17:43:19
 15   3  16   4  $12    0.010    20.9595   7187.80   0.0      3.93   2.5  11.07.2025  17:43:21
 15   3   9  13  $12    0.010   -12.6978  19945.70   0.0     16.86   1.4  11.07.2025  17:43:23
 15   3  10  14  $12    0.010   -14.7851  10904.14   0.0      5.75   5.0  11.07.2025  17:43:25
 15   3  12  16  $12    0.010    -5.8580   5251.71   0.0     12.02   0.9  11.07.2025  17:43:27
 15   3   9   5  $12    0.100    10.1076   1587.70   0.0      2.37   2.8  11.07.2025  17:43:31
 15   3  10   6  $12    0.100    11.8656   2668.68   0.0     41.12   0.1  11.07.2025  17:43:33
 15   3  11   7  $12    0.100    17.5880   4420.34   0.0     13.92   2.1  11.07.2025  17:43:35
 15   3  12   8  $12    0.010     2.4402   5488.32   0.0     -1.91   8.9  11.07.2025  17:43:40
 15   3   5   1  $12    0.100    -3.6872   8108.55   0.0    -22.25   2.9  11.07.2025  17:43:44
 15   3   6   2  $12    0.010     4.0031   3588.77   0.0     -3.16   0.8  11.07.2025  17:43:49
 15   3   8   4  $12    0.010    12.6619   9338.29   0.0      3.38   1.6  11.07.2025  17:43:51
 16   4  13   1  $12    0.010     6.1979   7965.47   0.0      3.06   2.8  11.07.2025  17:43:53
 16   4  14   2  $12    0.010    12.2258   9271.05   0.0      5.71   7.5  11.07.2025  17:43:55
 16   4  15   3  $12    0.010    20.8704   7157.24   0.0      3.93   4.8  11.07.2025  17:43:57
 16   4   9  13  $12    0.010    -6.4705  14552.86   0.0      8.98  16.6  11.07.2025  17:43:59
 16   4  10  14  $12    0.010   -10.2134  16043.16   0.0     12.33   3.6  11.07.2025  17:44:01
 16   4  11  15  $12    0.010    -7.0600   5206.84   0.0      6.04   2.0  11.07.2025  17:44:03
 16   4   9   5  $12    0.100     9.4094    693.95   0.0      0.53   8.1  11.07.2025  17:44:07
 16   4  10   6  $12    0.100    11.7921   1852.30   0.0      0.86  17.6  11.07.2025  17:44:09
 16   4  11   7  $12    0.100    17.2005   3868.57   0.0      2.11   7.0  11.07.2025  17:44:11
 16   4  12   8  $12    0.010     2.4587   6179.36   0.0      0.34  69.1  11.07.2025  17:44:16
 16   4   5   1  $12    0.100   -12.7324   1245.28   0.0     10.10   1.9  11.07.2025  17:44:20
 16   4   6   2  $12    0.100     7.5250  16548.24   0.0     -2.09   5.6  11.07.2025  17:44:22
 16   4   7   3  $12    0.010    12.0033  10760.99   0.0      2.78   2.7  11.07.2025  17:44:27
  1   4   2   3  $12    0.001     3.3477  21034.26   0.0      0.82 106.0  11.07.2025  17:44:32
  2   3   1   4  $12    0.001     3.3427  21002.86   0.0      7.17  12.7  11.07.2025  17:44:34
  1   2   3   4  $12    0.100   -15.5804   2936.84   0.0     29.26   0.8  11.07.2025  17:44:39
  3   4   1   2  $12    0.100   -15.5421   2929.61   0.0     28.43   3.1  11.07.2025  17:44:41
  5   8   6   7  $12    0.010     6.0654   3811.03   0.0     -0.18 692.5  11.07.2025  17:44:46
  6   7   5   8  $12    0.010     6.1057   3836.34   0.0      4.56   7.5  11.07.2025  17:44:48
  5   6   7   8  $12    0.010    -5.5711  10501.24   0.2     11.53   5.7  11.07.2025  17:44:50
  7   8   5   6  $12    0.010    -5.5866  10530.48   0.0      9.90  12.8  11.07.2025  17:44:52
  9  12  10  11  $12    0.010    11.8780   7463.18   0.0      5.77   2.9  11.07.2025  17:44:54
 10  11   9  12  $12    0.010    11.8279   7431.70   0.0      8.15   1.9  11.07.2025  17:44:56
  9  10  11  12  $12    0.100   -16.6345   3135.53   0.0     -1.17   2.7  11.07.2025  17:45:00
 11  12   9  10  $12    0.100   -16.9758   3199.86   0.0      0.77  48.5  11.07.2025  17:45:02
 13  16  14  15  $12    0.010    -4.9455   3107.34   0.0     48.78   0.2  11.07.2025  17:45:07
 14  15  13  16  $12    0.010    -4.9368   3101.87   0.1     29.38   0.6  11.07.2025  17:45:09
 13  14  15  16  $12    0.100    18.1899   3428.71   0.0    111.97   0.0  11.07.2025  17:45:13
  1   9  10   2  $12    0.001    -5.2379  18848.70   0.0      7.50   5.3  11.07.2025  17:45:21
  1   9  11   3  $12    0.001    -2.1929  18788.94   0.1      9.06  22.5  11.07.2025  17:45:23
  1   9  12   4  $12    0.010   -14.5847  24387.68   0.0      4.82   0.4  11.07.2025  17:45:27
  2  10   9   1  $12    0.001    -5.2278  18812.65   0.0     10.32   3.8  11.07.2025  17:45:31
  2  10  11   3  $12    0.001    -2.6782   9637.82   0.0     13.06   1.5  11.07.2025  17:45:33
  2  10  12   4  $12    0.010   -16.4239  14071.95   0.0      6.84   1.0  11.07.2025  17:45:37
  3  11   9   1  $12    0.010   -21.8884  18753.93   0.0      4.95   1.5  11.07.2025  17:45:39
  3  11  10   2  $12    0.001    -2.6965   9703.62   0.0     12.68   4.4  11.07.2025  17:45:44
  3  11  12   4  $12    0.001    -3.1311  11267.27   0.0     12.50   5.5  11.07.2025  17:45:46
 12   4   9   1  $12    0.010    14.6088  24428.01   0.0      2.79   7.7  11.07.2025  17:45:50
 12   4  10   2  $12    0.010    16.4816  14121.41   0.0      1.89  14.6  11.07.2025  17:45:52
 12   4  11   3  $12    0.001     3.1725  11416.45   0.0      3.22  23.9  11.07.2025  17:45:57
 13   5  14   6  $12    0.001     3.3484  12049.23   0.2      4.73  25.3  11.07.2025  17:45:59
 13   5  15   7  $12    0.001     3.2038  27450.02   0.0      2.30  42.7  11.07.2025  17:46:01
 13   5  16   8  $12    0.001     2.0082  33579.78   0.1      0.14 1295.1  11.07.2025  17:46:03
 14   6  13   5  $12    0.001     3.3150  11929.28   0.0      9.59   6.3  11.07.2025  17:46:05
 14   6  15   7  $12    0.001     4.0027  14404.09   0.0      8.74   2.4  11.07.2025  17:46:07
 14   6  16   8  $12    0.001     2.4701  21163.49   0.0     10.86   2.2  11.07.2025  17:46:09
 15   7  13   5  $12    0.001     3.1815  27259.14   0.0      3.95  15.2  11.07.2025  17:46:11
 15   7  14   6  $12    0.001     4.0119  14437.16   0.0     14.30   9.4  11.07.2025  17:46:13
 15   7  16   8  $12    0.001     2.4445   8796.62   0.4      1.75 268.2  11.07.2025  17:46:15
 16   8  13   5  $12    0.001     2.0020  33476.05   0.0      1.05  51.7  11.07.2025  17:46:17
 16   8  14   6  $12    0.001     2.4706  21168.34   0.2      0.55 430.9  11.07.2025  17:46:19
 16   8  15   7  $12    0.001     2.4444   8796.39   0.0     -1.97 139.8  11.07.2025  17:46:21
  1   2   5   6  $12    1.000   -10.6114   2000.20   0.2   -464.53   0.1  11.07.2025  17:46:29
  2   3   6   7  $12    1.000     5.6630   1067.44   0.2    355.20   0.6  11.07.2025  17:46:31
  3   4   7   8  $12    1.000     7.4489   1404.08   0.0    190.68   0.1  11.07.2025  17:46:33
  1   2   9  10  $12    1.000    -5.9733   9457.97   0.0   -131.93   1.7  11.07.2025  17:46:35
  2   3  10  11  $12    1.000    -1.9992   3165.53   0.1   -389.03   0.3  11.07.2025  17:46:40
  3   4  11  12  $12    1.000    -0.5665    897.05   0.3    490.59   0.2  11.07.2025  17:46:45
  1   2  13  14  $12    0.100     4.0034 215820.84   0.0    -13.37   1.3  11.07.2025  17:46:50
  2   3  14  15  $12    0.100    -2.0791 112085.65   0.0      7.73   4.8  11.07.2025  17:46:52
  3   4  15  16  $12    0.100     3.9894 215067.81   0.0    -18.33   2.5  11.07.2025  17:46:54
  5   6   9  10  $12    1.000     5.7544   1084.68   0.4    150.32   1.3  11.07.2025  17:46:58
  6   7  10  11  $12    1.000    15.7212   2963.37   0.0    -18.45  15.5  11.07.2025  17:47:00
  7   8  11  12  $12    0.100     4.4342   8358.27   0.0     -1.52  13.5  11.07.2025  17:47:05
  5   6  13  14  $12    1.000    -1.6040   2539.79   0.9   -388.06   0.0  11.07.2025  17:47:12
  6   7  14  15  $12    1.000    -4.2058   6659.35   0.5   -563.43   0.1  11.07.2025  17:47:14
  7   8  15  16  $12    1.000     4.4678   7074.17   0.0   -110.09   0.3  11.07.2025  17:47:16
  9  10  13  14  $12    1.000     2.4899    469.33   0.1    -59.82   3.0  11.07.2025  17:47:18
 10  11  14  15  $12    1.000    -4.5133    850.74   0.0    -11.36   1.4  11.07.2025  17:47:20
 11  12  15  16  $12    1.000     1.5402    290.32   0.0     52.22   3.5  11.07.2025  17:47:26
  1   2   6   7  $12    1.000     3.9964   1506.62   0.6   -554.99   2.5  11.07.2025  17:47:28
  2   3   7   8  $12    0.100     2.4731   9323.39   0.1     69.80   1.0  11.07.2025  17:47:32
  1   2   7   8  $12    1.000    -2.6483   1747.20   0.1    584.60   0.0  11.07.2025  17:47:36
  2   3   7   8  $12    0.100     2.4728   9322.29   0.0     67.32   2.5  11.07.2025  17:47:41
  1   2  10  11  $12    1.000    -8.2871  18744.97   0.0     55.42   0.2  11.07.2025  17:47:45
  2   3  11  12  $12    1.000    -1.4094   3187.93   0.2    -68.40   1.9  11.07.2025  17:47:50
  1   2  11  12  $12    1.000   -12.1502  37789.28   0.0      4.88   1.2  11.07.2025  17:47:52
  2   3  11  12  $12    1.000    -1.5926   3602.30   0.1    -63.96   0.5  11.07.2025  17:47:57
  1   2  14  15  $12    1.000   -12.8100  87892.46   0.0     85.23   0.2  11.07.2025  17:47:59
  2   3  15  16  $12    0.100    12.7972 878049.63   0.0     -6.50   4.1  11.07.2025  17:48:04
  1   2  15  16  $12    0.100     6.0930 522570.83   0.0     10.81   0.7  11.07.2025  17:48:06
  2   3  15  16  $12    0.100    12.8202 879624.90   0.0     -6.43   0.9  11.07.2025  17:48:08
  5   6  10  11  $12    1.000    12.3121   4641.54   0.1     52.22   0.4  11.07.2025  17:48:12
  6   7  11  12  $12    1.000    17.9789   6777.88   0.5    -55.29   7.1  11.07.2025  17:48:14
  5   6  11  12  $12    1.000    15.1925  10023.01   0.2     31.40   1.7  11.07.2025  17:48:16
  6   7  11  12  $12    1.000    17.0369   6422.76   0.1    -49.77   0.3  11.07.2025  17:48:18
  5   6  14  15  $12    1.000     5.9262  13404.75   0.0   -452.59   0.0  11.07.2025  17:48:20
  6   7  15  16  $12    1.000     5.8076  13136.39   0.0   -359.11   0.1  11.07.2025  17:48:22
  5   6  15  16  $12    1.000    -4.8619  15121.47   0.3   -522.09   0.1  11.07.2025  17:48:24
  6   7  15  16  $12    1.000     5.5768  12614.53   0.0   -347.66   0.0  11.07.2025  17:48:26
  9  10  14  15  $12    1.000    -1.7042    642.46   0.3    162.63   1.5  11.07.2025  17:48:32
 10  11  15  16  $12    1.000    -1.0630    400.75   0.0    192.05   0.5  11.07.2025  17:48:37
  9  10  15  16  $12    1.000    -1.9889   1312.12   0.0   -250.35   0.2  11.07.2025  17:48:42
 10  11  15  16  $12    1.000    -1.0580    398.85   0.2    217.04   0.9  11.07.2025  17:48:47
