//C:\Users\user\Desktop\GeoTom\GeoTomE724.ini
//- Cable direction:
//  cable I: normal
//  cable II: normal
//  cable III: normal
//  cable IV: normal
//- Cable arrangement: sequential
//- Optimization: Last measurement
//- Sorting: Multi-level
//- Current levels: 0.001 mA .. 50.0 mA
Type:         Flow
Name:         Hyprop
Comment:      Example of a measurements sequence
Comment:      
Comment:      
Spacing:      1.00000
First El:     0.00000
Nr of points: 289
IP present:   1

  1   5   2   6  $12    0.010    20.6143   8831.14   0.0      5.58   1.4  10.07.2025  03:35:05
  1   5   3   7  $12    0.010    10.7442  20252.35   0.0      2.85   5.0  10.07.2025  03:35:08
  1   5   4   8  $12    0.010     6.2289   8218.78   0.0      3.32   3.5  10.07.2025  03:35:10
  1   5  14   2  $12    0.010    -6.3657   5706.83   0.0     11.82   1.6  10.07.2025  03:35:12
  1   5  15   3  $12    0.100     9.5301  20957.79   0.0    -11.93   1.4  10.07.2025  03:35:16
  1   5  16   4  $12    0.100    14.2630   1394.98   0.0     -0.80   8.0  10.07.2025  03:35:18
  1   5  13   9  $12    0.010     9.6099  72457.15   0.0      1.62   4.6  10.07.2025  03:35:23
  1   5  14  10  $12    0.010     8.1124  93182.86   0.0      1.06   5.4  10.07.2025  03:35:25
  1   5  15  11  $12    0.010     7.9299 130791.36   0.0      1.57   2.6  10.07.2025  03:35:27
  1   5  16  12  $12    0.010     5.8728 133186.22   0.0      2.07   9.0  10.07.2025  03:35:29
  1   5  10   6  $12    0.010     6.1388   5424.05   0.0      4.07   1.9  10.07.2025  03:35:31
  1   5  11   7  $12    0.010     3.7804   8907.25   0.0      0.17  24.7  10.07.2025  03:35:33
  1   5  12   8  $12    0.100    17.7659   8058.01   0.0     -0.39  19.1  10.07.2025  03:35:36
  2   6   1   5  $12    0.010    20.5934   8822.18   0.0      5.66   0.4  10.07.2025  03:35:41
  2   6   3   7  $12    0.010    17.2570   7392.90   0.0      3.41   5.0  10.07.2025  03:35:43
  2   6   4   8  $12    0.010     7.9230  14934.57   0.0      2.44   4.5  10.07.2025  03:35:46
  2   6  13   1  $12    0.010    -7.2787   5368.13   0.0     13.56   0.8  10.07.2025  03:35:48
  2   6  15   3  $12    0.010    -2.7495   2464.96   0.0     10.97   5.2  10.07.2025  03:35:50
  2   6  16   4  $12    0.100    -2.4100   5299.78   0.0     29.22   0.2  10.07.2025  03:35:53
  2   6  13   9  $12    0.010     7.5803  34381.56   0.0      1.46   7.7  10.07.2025  03:35:58
  2   6  14  10  $12    0.010     6.6214  49923.96   0.0      1.10   1.4  10.07.2025  03:36:00
  2   6  15  11  $12    0.010     6.4579  74178.72   0.0      1.44   2.2  10.07.2025  03:36:02
  2   6  16  12  $12    0.010     5.1492  84927.40   0.0      1.48  10.5  10.07.2025  03:36:05
  2   6   9   5  $12    0.010     5.7489   7585.48   0.0      4.49   1.8  10.07.2025  03:36:07
  2   6  11   7  $12    0.010     8.0575   7119.41   0.0      2.87   2.6  10.07.2025  03:36:09
  2   6  12   8  $12    0.010     2.5670   6048.29   0.0     -3.81  12.0  10.07.2025  03:36:11
  3   7   1   5  $12    0.010    10.7329  20231.11   0.0      2.76   6.2  10.07.2025  03:36:13
  3   7   2   6  $12    0.010    17.2611   7394.62   0.0      3.27   1.3  10.07.2025  03:36:15
  3   7   4   8  $12    0.010    15.8176   6776.26   0.0      3.64   2.1  10.07.2025  03:36:17
  3   7  13   1  $12    0.010    -2.0958   3292.07   0.1     17.92   5.9  10.07.2025  03:36:19
  3   7  14   2  $12    0.010    -4.3302   3193.58   0.0      6.44   2.5  10.07.2025  03:36:21
  3   7  16   4  $12    0.010    -6.3833   5722.69   0.0      9.34   0.4  10.07.2025  03:36:23
  3   7  13   9  $12    0.010     5.8129  13696.25   0.0      1.49  21.1  10.07.2025  03:36:25
  3   7  14  10  $12    0.010     5.3973  24480.36   0.0      1.21  12.2  10.07.2025  03:36:27
  3   7  15  11  $12    0.010     5.2084  39270.59   0.0      0.91  27.9  10.07.2025  03:36:29
  3   7  16  12  $12    0.010     4.7728  54822.15   0.0      1.92   8.8  10.07.2025  03:36:31
  3   7   9   5  $12    0.010     2.8287   5331.94   0.0      1.94   2.2  10.07.2025  03:36:33
  3   7  10   6  $12    0.010     7.5186   9920.51   0.0      3.74   2.7  10.07.2025  03:36:35
  3   7  12   8  $12    0.010     4.6517   4110.12   0.0     -1.17  24.8  10.07.2025  03:36:37
  4   8   1   5  $12    0.010     6.2406   8234.24   0.0      1.33   8.6  10.07.2025  03:36:39
  4   8   2   6  $12    0.010     7.9368  14960.60   0.0      1.61   1.5  10.07.2025  03:36:41
  4   8   3   7  $12    0.010    15.8236   6778.80   0.0      2.21   5.4  10.07.2025  03:36:43
  4   8  13   1  $12    0.100    -9.1230   2051.84   0.0      3.82   3.4  10.07.2025  03:36:47
  4   8  14   2  $12    0.100   -15.7527   2474.43   0.0      2.05   1.9  10.07.2025  03:36:49
  4   8  15   3  $12    0.010    -6.8876   5079.66   0.0      6.10   0.7  10.07.2025  03:36:54
  4   8  13   9  $12    0.010     4.5893   4054.99   0.0      0.96   9.2  10.07.2025  03:36:56
  4   8  14  10  $12    0.010     4.5168  10642.57   0.0      0.94   6.9  10.07.2025  03:36:58
  4   8  15  11  $12    0.010     4.5182  20493.21   0.0      0.65  46.6  10.07.2025  03:37:00
  4   8  16  12  $12    0.010     4.6493  35055.03   0.0      2.03   6.7  10.07.2025  03:37:02
  4   8   9   5  $12    0.100     7.2851    312.09   0.0      2.02   1.3  10.07.2025  03:37:06
  4   8  10   6  $12    0.100    18.2862   3446.87   0.0      2.25   1.8  10.07.2025  03:37:08
  4   8  11   7  $12    0.010     4.3931   5796.57   0.0     -1.07  13.2  10.07.2025  03:37:13
  5   9   6  10  $12    0.010    14.0478   6018.08   0.0      1.49   8.8  10.07.2025  03:37:15
  5   9   7  11  $12    0.010     6.9775  13152.34   0.0      0.30  21.4  10.07.2025  03:37:17
  5   9   8  12  $12    0.010     3.4919   4607.43   0.0      2.28  23.2  10.07.2025  03:37:19
  5   9   2   6  $12    0.010    -5.6984   7518.81   0.0      4.45  11.8  10.07.2025  03:37:21
  5   9   3   7  $12    0.010    -2.7962   5270.71   0.0      8.05   6.1  10.07.2025  03:37:23
  5   9   4   8  $12    0.100    -7.1826    307.70   0.0      6.14   0.5  10.07.2025  03:37:27
  5   9   1  13  $12    0.100     7.6018   1910.55   0.0      4.25   1.5  10.07.2025  03:37:29
  5   9   2  14  $12    0.100    10.1183   2275.70   0.0      3.32   6.7  10.07.2025  03:37:31
  5   9   3  15  $12    0.100    11.1147   1745.89   0.0      2.21   2.7  10.07.2025  03:37:33
  5   9   4  16  $12    0.100    10.0298    739.71   0.0      1.74   3.4  10.07.2025  03:37:35
  5   9  14  10  $12    0.010     7.2742   6427.28   0.0      1.01   9.6  10.07.2025  03:37:40
  5   9  15  11  $12    0.010     3.0431   7170.11   0.0     -1.92  29.9  10.07.2025  03:37:42
  5   9  16  12  $12    0.100    17.5086   7941.34   0.0      8.56   0.4  10.07.2025  03:37:46
  6  10   5   9  $12    0.010    14.0190   6005.71   0.0      3.27   1.7  10.07.2025  03:37:51
  6  10   7  11  $12    0.010    14.3078   6129.44   0.0      3.12   2.1  10.07.2025  03:37:53
  6  10   8  12  $12    0.010     5.9002  11121.70   0.0      4.21   3.3  10.07.2025  03:37:55
  6  10   1   5  $12    0.010    -6.1089   5397.67   0.0      6.83   5.7  10.07.2025  03:37:57
  6  10   3   7  $12    0.010    -7.4953   9889.84   0.0      6.17   2.8  10.07.2025  03:37:59
  6  10   4   8  $12    0.100   -18.0711   3406.32   0.0      3.82   0.4  10.07.2025  03:38:03
  6  10   1  13  $12    0.100     8.7379   1965.24   0.0      4.68   1.3  10.07.2025  03:38:05
  6  10   2  14  $12    0.100    11.8519   2978.70   0.0      4.45   4.1  10.07.2025  03:38:07
  6  10   3  15  $12    0.100    13.7209   3085.96   0.0      3.06   2.5  10.07.2025  03:38:09
  6  10   4  16  $12    0.100    13.0088   2043.42   0.0      1.83   2.3  10.07.2025  03:38:11
  6  10  13   9  $12    0.010     7.0378   9286.20   0.0      0.95   2.7  10.07.2025  03:38:16
  6  10  15  11  $12    0.010     5.3902   4762.60   0.0      4.74   6.7  10.07.2025  03:38:18
  6  10  16  12  $12    0.010     2.7756   6539.90   0.0      4.29   7.1  10.07.2025  03:38:20
  7  11   5   9  $12    0.010     6.9540  13107.90   0.0      2.48   3.7  10.07.2025  03:38:22
  7  11   6  10  $12    0.010    14.2794   6117.28   0.0      4.39   1.1  10.07.2025  03:38:24
  7  11   8  12  $12    0.010    12.8800   5517.79   0.0      8.56   0.6  10.07.2025  03:38:26
  7  11   1   5  $12    0.010    -3.7435   8820.37   0.0      7.75   6.5  10.07.2025  03:38:28
  7  11   2   6  $12    0.010    -8.0111   7078.43   0.0      5.28   3.2  10.07.2025  03:38:30
  7  11   4   8  $12    0.010    -4.3231   5704.14   0.0     10.17   2.9  10.07.2025  03:38:32
  7  11   1  13  $12    0.100    10.2330   1607.40   0.0      6.25   0.1  10.07.2025  03:38:36
  7  11   2  14  $12    0.100    14.6460   3294.03   0.0      6.22   1.1  10.07.2025  03:38:38
  7  11   3  15  $12    0.100    17.0854   4294.04   0.0      4.60   0.3  10.07.2025  03:38:40
  7  11   4  16  $12    0.100    17.4380   3921.98   0.0      2.48   1.4  10.07.2025  03:38:42
  7  11  13   9  $12    0.100    21.2595   4007.32   0.0      3.02   3.2  10.07.2025  03:38:44
  7  11  14  10  $12    0.010     4.7350   6247.72   0.0      5.16   1.4  10.07.2025  03:38:49
  7  11  16  12  $12    0.010     6.7468   5961.26   0.0     15.23   2.4  10.07.2025  03:38:51
  8  12   5   9  $12    0.010     3.4798   4591.44   0.0      2.00   4.7  10.07.2025  03:38:53
  8  12   6  10  $12    0.010     5.8435  11014.74   0.0      4.62   2.3  10.07.2025  03:38:55
  8  12   7  11  $12    0.010    12.6667   5426.39   0.0      7.66   0.6  10.07.2025  03:38:58
  8  12   1   5  $12    0.100   -17.9251   8130.23   0.0      2.26   1.8  10.07.2025  03:39:01
  8  12   2   6  $12    0.010    -2.5336   5969.61   0.0      9.37   2.0  10.07.2025  03:39:06
  8  12   3   7  $12    0.010    -4.6225   4084.36   0.0      6.52   6.0  10.07.2025  03:39:08
  8  12   1  13  $12    0.100    10.8807    802.46   0.0      2.03   1.0  10.07.2025  03:39:12
  8  12   2  14  $12    0.100    16.2722   2556.03   0.0      0.51   6.2  10.07.2025  03:39:14
  8  12   3  15  $12    0.100    19.8073   4454.85   0.0      0.25  15.4  10.07.2025  03:39:16
  8  12  16   4  $12    0.100   -21.7162   5457.86   0.0      2.88  10.1  10.07.2025  03:39:18
  8  12   9  13  $12    0.100    -5.4935    235.34   0.0     22.36   4.0  10.07.2025  03:39:20
  8  12  10  14  $12    0.100   -16.1232   3039.15   0.0     16.90   0.3  10.07.2025  03:39:22
  8  12  11  15  $12    0.010    -5.9417   7839.94   0.0     16.64   0.7  10.07.2025  03:39:27
  9  13  10  14  $12    0.010    18.8697   8083.75   0.0      2.46   0.9  10.07.2025  03:39:29
  9  13  11  15  $12    0.010    16.8992  31854.15   0.0      1.70  10.9  10.07.2025  03:39:31
  9  13  12  16  $12    0.010     9.0437  11932.95   0.0      4.02   3.0  10.07.2025  03:39:33
  9  13   6  10  $12    0.010    -6.9628   9187.20   0.0      6.20   3.9  10.07.2025  03:39:35
  9  13   7  11  $12    0.010    -2.1201   3996.23   0.0     10.78   1.4  10.07.2025  03:39:37
  9  13   8  12  $12    0.100    -5.7697    247.17   0.0     28.08   0.2  10.07.2025  03:39:41
  9  13   5   1  $12    0.010     9.6304  72611.85   0.0      0.56  15.6  10.07.2025  03:39:46
  9  13   6   2  $12    0.010     7.5883  34417.87   0.0     -0.12 147.7  10.07.2025  03:39:48
  9  13   7   3  $12    0.010     5.8361  13750.89   0.0     -0.73  33.2  10.07.2025  03:39:50
  9  13   8   4  $12    0.010     4.5970   4061.75   0.0      0.97  14.8  10.07.2025  03:39:52
  9  13   2  14  $12    0.010     4.3146   3182.07   0.0      2.14  12.8  10.07.2025  03:39:54
  9  13   3  15  $12    0.010     8.9388  14041.06   0.0      1.78   3.8  10.07.2025  03:39:56
  9  13   4  16  $12    0.010     3.8993   8769.94   0.0      1.62   7.8  10.07.2025  03:39:58
 10  14   9  13  $12    0.010    18.8860   8090.76   0.0      2.54   3.2  10.07.2025  03:40:00
 10  14  11  15  $12    0.010    18.8139   8059.86   0.0      3.65   0.6  10.07.2025  03:40:02
 10  14  12  16  $12    0.010    13.6416  25713.88   0.0      6.18   1.2  10.07.2025  03:40:04
 10  14   5   9  $12    0.010    -7.2525   6408.15   0.0      3.88   6.5  10.07.2025  03:40:07
 10  14   7  11  $12    0.010    -4.7408   6255.39   0.0      9.18   1.6  10.07.2025  03:40:09
 10  14   8  12  $12    0.100   -16.6221   3133.19   0.0     19.74   0.1  10.07.2025  03:40:12
 10  14   5   1  $12    0.010     8.1313  93399.63   0.0      0.41  16.9  10.07.2025  03:40:17
 10  14   6   2  $12    0.010     6.6287  49978.87   0.0     -0.84  30.2  10.07.2025  03:40:19
 10  14   7   3  $12    0.010     5.4248  24605.27   0.0     -1.27   2.9  10.07.2025  03:40:21
 10  14   8   4  $12    0.010     4.5342  10683.45   0.0      0.89  82.9  10.07.2025  03:40:23
 10  14   1  13  $12    0.010     3.5102   3146.92   0.0      1.23  32.5  10.07.2025  03:40:26
 10  14   3  15  $12    0.010     8.6631   6389.10   0.0      3.80   4.7  10.07.2025  03:40:28
 10  14   4  16  $12    0.010     7.4499  11702.29   0.0      6.30   1.5  10.07.2025  03:40:30
 11  15   9  13  $12    0.010    16.8682  31795.87   0.0      2.25   1.7  10.07.2025  03:40:32
 11  15  10  14  $12    0.010    18.8432   8072.42   0.0      3.81   1.5  10.07.2025  03:40:34
 11  15  12  16  $12    0.010    15.0172   6433.36   0.0      7.62   0.4  10.07.2025  03:40:36
 11  15   5   9  $12    0.010    -2.9933   7052.88   0.0      9.16   2.9  10.07.2025  03:40:38
 11  15   6  10  $12    0.010    -5.3345   4713.42   0.0      9.75   1.1  10.07.2025  03:40:40
 11  15   8  12  $12    0.010    -6.1460   8109.44   0.0     17.88   0.1  10.07.2025  03:40:42
 11  15   5   1  $12    0.010     7.9372 130911.82   0.0      1.19  11.3  10.07.2025  03:40:44
 11  15   6   2  $12    0.010     6.4587  74187.50   0.0     -0.05 861.9  10.07.2025  03:40:46
 11  15   7   3  $12    0.010     5.2245  39391.47   0.0      1.38  52.0  10.07.2025  03:40:48
 11  15   8   4  $12    0.010     4.5285  20539.65   0.0      1.19  52.3  10.07.2025  03:40:50
 11  15   1  13  $12    0.010     5.9375 130573.25   0.0      3.33   6.2  10.07.2025  03:40:52
 11  15   2  14  $12    0.010     7.0157   6289.59   0.0      3.45  19.6  10.07.2025  03:40:54
 11  15   4  16  $12    0.010     4.3201   3186.09   0.0      4.16  20.6  10.07.2025  03:40:56
 12  16   9  13  $12    0.010     8.9983  11873.00   0.0      4.75   4.0  10.07.2025  03:40:58
 12  16  10  14  $12    0.010    13.4723  25394.67   0.0      8.11   0.5  10.07.2025  03:41:00
 12  16  11  15  $12    0.010    14.7932   6337.37   0.0      8.75   1.5  10.07.2025  03:41:02
 12  16   5   9  $12    0.100   -17.0852   7749.29   0.0      7.82   0.2  10.07.2025  03:41:06
 12  16   6  10  $12    0.010    -2.6686   6287.74   0.0     17.36   0.5  10.07.2025  03:41:11
 12  16   7  11  $12    0.010    -6.4829   5728.07   0.0     16.05   0.7  10.07.2025  03:41:13
 12  16   5   1  $12    0.010     5.8495 132656.76   0.0      3.08   2.6  10.07.2025  03:41:15
 12  16   6   2  $12    0.010     5.1330  84659.86   0.0      2.10   6.9  10.07.2025  03:41:17
 12  16   7   3  $12    0.010     4.7798  54903.28   0.0      2.36  17.3  10.07.2025  03:41:19
 12  16   8   4  $12    0.010     4.6516  35072.10   0.0      2.03  14.3  10.07.2025  03:41:21
 12  16  13   1  $12    0.100   -14.0273   1371.93   0.0     15.40   0.3  10.07.2025  03:41:25
 12  16  14   2  $12    0.010    -5.5174 121334.89   0.0     16.84   0.5  10.07.2025  03:41:30
 12  16  15   3  $12    0.010    -3.4063   3053.77   0.0     16.24   3.2  10.07.2025  03:41:32
 13   1  14   2  $12    0.010    11.7411   4026.48   0.0      7.19   1.1  10.07.2025  03:41:34
 13   1  15   3  $12    0.010     9.0774   6883.57   0.0      5.70   0.7  10.07.2025  03:41:36
 13   1  16   4  $12    0.010     3.4545   4439.72   0.0      4.47  17.6  10.07.2025  03:41:38
 13   1  10  14  $12    0.010    -3.4423   3085.99   0.0     14.21   3.2  10.07.2025  03:41:40
 13   1  11  15  $12    0.010    -5.8776 129254.44   0.0     12.16   0.5  10.07.2025  03:41:42
 13   1  12  16  $12    0.100   -14.1593   1384.84   0.0     14.96   0.2  10.07.2025  03:41:46
 13   1   9   5  $12    0.100     7.5656   1901.44   0.0      4.74   3.7  10.07.2025  03:41:48
 13   1  10   6  $12    0.100     8.7000   1956.72   0.0      5.93   1.1  10.07.2025  03:41:50
 13   1  11   7  $12    0.100    10.2255   1606.22   0.0      5.96   0.5  10.07.2025  03:41:52
 13   1  12   8  $12    0.100    10.8005    796.54   0.0      3.32   1.8  10.07.2025  03:41:54
 13   1   6   2  $12    0.010     7.3822   5444.43   0.0      7.09   2.5  10.07.2025  03:41:59
 13   1   7   3  $12    0.010     2.1388   3359.59   0.0      1.14  70.6  10.07.2025  03:42:01
 13   1   8   4  $12    0.100     9.2565   2081.87   0.0      0.70  12.6  10.07.2025  03:42:05
 14   2  13   1  $12    0.010    11.6869   4007.89   0.0      7.55   0.7  10.07.2025  03:42:10
 14   2  15   3  $12    0.010    12.7875   4385.32   0.0      4.83   0.6  10.07.2025  03:42:12
 14   2  16   4  $12    0.010     8.8949   6745.12   0.0      8.78   0.4  10.07.2025  03:42:14
 14   2   9  13  $12    0.010    -4.2435   3129.58   0.0     11.26   1.7  10.07.2025  03:42:16
 14   2  11  15  $12    0.010    -6.9073   6192.40   0.0     10.14   0.8  10.07.2025  03:42:18
 14   2  12  16  $12    0.010    -5.6253 123706.82   0.0     16.89   1.1  10.07.2025  03:42:20
 14   2   9   5  $12    0.100    10.0588   2262.32   0.0      3.88   0.5  10.07.2025  03:42:24
 14   2  10   6  $12    0.100    11.8078   2967.62   0.0      5.36   0.9  10.07.2025  03:42:26
 14   2  11   7  $12    0.100    14.6280   3289.99   0.0      5.70   0.4  10.07.2025  03:42:28
 14   2  12   8  $12    0.100    16.1574   2537.99   0.0      1.66   0.8  10.07.2025  03:42:30
 14   2   5   1  $12    0.010     6.4320   5766.33   0.0      7.31   2.1  10.07.2025  03:42:35
 14   2   7   3  $12    0.010     4.3923   3239.34   0.0     -1.54  10.3  10.07.2025  03:42:37
 14   2   8   4  $12    0.100    16.1128   2530.99   0.0      0.40  16.1  10.07.2025  03:42:41
 15   3  13   1  $12    0.010     9.0227   6842.04   0.0      7.11   0.9  10.07.2025  03:42:46
 15   3  14   2  $12    0.010    12.7972   4388.64   0.0      4.49   6.1  10.07.2025  03:42:48
 15   3  16   4  $12    0.010    12.4523   4270.37   0.0      5.17   0.2  10.07.2025  03:42:50
 15   3   9  13  $12    0.010    -8.8411  13887.57   0.0      8.74   2.8  10.07.2025  03:42:52
 15   3  10  14  $12    0.010    -8.6188   6356.41   0.0      7.83   1.0  10.07.2025  03:42:54
 15   3  12  16  $12    0.010    -3.4611   3102.90   0.0     13.97   3.2  10.07.2025  03:42:56
 15   3   9   5  $12    0.100    11.0629   1737.75   0.0      1.87   0.6  10.07.2025  03:43:00
 15   3  10   6  $12    0.100    13.6854   3077.99   0.0      2.89   1.1  10.07.2025  03:43:02
 15   3  11   7  $12    0.100    17.0878   4294.64   0.0      3.70   0.8  10.07.2025  03:43:04
 15   3  12   8  $12    0.100    19.7101   4432.99   0.0      0.55   3.5  10.07.2025  03:43:06
 15   3   5   1  $12    0.100    -9.4659  20816.67   0.0    -12.89   0.8  10.07.2025  03:43:08
 15   3   6   2  $12    0.010     2.7848   2496.54   0.0      1.24  14.1  10.07.2025  03:43:13
 15   3   8   4  $12    0.010     6.9794   5147.35   0.0      4.39  14.5  10.07.2025  03:43:15
 16   4  13   1  $12    0.010     3.4565   4442.29   0.0      2.76   6.6  10.07.2025  03:43:17
 16   4  14   2  $12    0.010     8.8770   6731.55   0.0      5.65   3.1  10.07.2025  03:43:19
 16   4  15   3  $12    0.010    12.4304   4262.83   0.0      4.50   1.9  10.07.2025  03:43:21
 16   4   9  13  $12    0.010    -3.8157   8581.87   0.0     11.53   9.8  10.07.2025  03:43:23
 16   4  10  14  $12    0.010    -7.2707  11420.74   0.0     11.17   0.1  10.07.2025  03:43:25
 16   4  11  15  $12    0.010    -4.2228   3114.36   0.0     11.99   5.9  10.07.2025  03:43:27
 16   4   9   5  $12    0.100    10.0006    737.56   0.0      2.22   2.1  10.07.2025  03:43:31
 16   4  10   6  $12    0.100    12.9937   2041.04   0.0      2.19   2.4  10.07.2025  03:43:33
 16   4  11   7  $12    0.100    17.4603   3926.99   0.0      2.55   0.6  10.07.2025  03:43:35
 16   4  12   8  $12    0.100    21.6801   5448.82   0.0      1.90   0.6  10.07.2025  03:43:37
 16   4   5   1  $12    0.100   -14.2402   1392.76   0.0      0.80   8.3  10.07.2025  03:43:39
 16   4   6   2  $12    0.100     2.2690   4989.84   0.0     11.69   6.6  10.07.2025  03:43:41
 16   4   7   3  $12    0.010     6.3877   5726.61   0.0      2.17   7.4  10.07.2025  03:43:46
  1   4   2   3  $12    0.010    12.5169   7864.57   0.0      5.14   2.0  10.07.2025  03:43:48
  2   3   1   4  $12    0.010    12.5161   7864.12   0.0      6.61   1.6  10.07.2025  03:43:50
  1   2   3   4  $12    0.100   -14.0757   2653.20   0.0      1.98   0.8  10.07.2025  03:43:54
  3   4   1   2  $12    0.100   -14.0718   2652.48   0.0      3.56   3.5  10.07.2025  03:43:56
  5   8   6   7  $12    0.010     5.7819   3632.85   0.0      1.83   0.8  10.07.2025  03:44:01
  6   7   5   8  $12    0.010     5.7767   3629.62   0.0      3.73   8.8  10.07.2025  03:44:03
  5   6   7   8  $12    0.010    -3.3825   6375.88   0.0      8.31   3.5  10.07.2025  03:44:05
  7   8   5   6  $12    0.010    -3.3763   6364.20   0.0      9.22   0.2  10.07.2025  03:44:07
  9  12  10  11  $12    0.010     9.2253   5796.42   0.0      5.33   1.0  10.07.2025  03:44:09
 10  11   9  12  $12    0.010     9.3054   5846.76   0.0      6.19   3.1  10.07.2025  03:44:11
  9  10  11  12  $12    0.100   -12.8164   2415.83   0.0      6.73   1.0  10.07.2025  03:44:15
 11  12   9  10  $12    0.100   -12.6783   2389.81   0.0     12.27   0.2  10.07.2025  03:44:17
 13  16  14  15  $12    0.010    -5.7985   3643.33   0.0     12.32   0.6  10.07.2025  03:44:22
 14  15  13  16  $12    0.010    -5.8855   3697.94   0.0      4.14   0.3  10.07.2025  03:44:24
 13  14  15  16  $12    0.010     3.9966   7533.32   0.0     -3.81   6.1  10.07.2025  03:44:26
  1   9  10   2  $12    0.010   -22.8018   8205.34   0.0      6.78   2.2  10.07.2025  03:44:28
  1   9  11   3  $12    0.010   -11.0818   9494.88   0.0      6.55   2.3  10.07.2025  03:44:30
  1   9  12   4  $12    0.010    -7.1425  11943.25   0.0      8.18   0.5  10.07.2025  03:44:32
  2  10   9   1  $12    0.010   -22.7936   8202.38   0.0      5.72   1.5  10.07.2025  03:44:35
  2  10  11   3  $12    0.010   -15.9376   5735.22   0.0      5.70   1.8  10.07.2025  03:44:37
  2  10  12   4  $12    0.010    -9.3667   8025.35   0.0      8.49   1.0  10.07.2025  03:44:39
  3  11   9   1  $12    0.010   -11.0705   9485.20   0.0      6.48   2.9  10.07.2025  03:44:41
  3  11  10   2  $12    0.010   -15.9224   5729.76   0.0      6.65   1.6  10.07.2025  03:44:43
  3  11  12   4  $12    0.010   -19.5212   7024.79   0.0     10.23   1.5  10.07.2025  03:44:45
 12   4   9   1  $12    0.010     7.1706  11990.17   0.0      3.86   6.4  10.07.2025  03:44:47
 12   4  10   2  $12    0.010     9.3915   8046.63   0.0      5.17   5.1  10.07.2025  03:44:49
 12   4  11   3  $12    0.010    19.4923   7014.41   0.0      6.71   0.8  10.07.2025  03:44:51
 13   5  14   6  $12    0.010    18.6399   6707.68   0.0      3.03   0.5  10.07.2025  03:44:53
 13   5  15   7  $12    0.010    18.6879  16011.75   0.0      2.81   0.6  10.07.2025  03:44:55
 13   5  16   8  $12    0.010    10.1883  17036.27   0.0      2.74   5.0  10.07.2025  03:44:57
 14   6  13   5  $12    0.010    18.6376   6706.85   0.0      3.36   2.6  10.07.2025  03:44:59
 14   6  15   7  $12    0.010    22.9937   8274.40   0.0      3.07   1.1  10.07.2025  03:45:01
 14   6  16   8  $12    0.010    15.0166  12866.17   0.0      5.23   2.5  10.07.2025  03:45:03
 15   7  13   5  $12    0.010    18.6400  15970.70   0.0      4.14   1.8  10.07.2025  03:45:05
 15   7  14   6  $12    0.010    23.0099   8280.22   0.0      4.05   0.9  10.07.2025  03:45:07
 15   7  16   8  $12    0.010    14.9031   5362.94   0.0      3.75   4.0  10.07.2025  03:45:09
 16   8  13   5  $12    0.010    10.1854  17031.43   0.0      4.16   6.5  10.07.2025  03:45:11
 16   8  14   6  $12    0.010    14.9586  12816.49   0.0      5.46   0.7  10.07.2025  03:45:13
 16   8  15   7  $12    0.010    14.8696   5350.90   0.0      3.87   0.9  10.07.2025  03:45:15
  1   2   5   6  $12    1.000     0.8312    156.68   0.1     24.15   1.1  10.07.2025  03:45:24
  2   3   6   7  $12    1.000     7.8598   1481.53   0.0      4.44   1.0  10.07.2025  03:45:26
  3   4   7   8  $12    1.000    13.1435   2477.49   0.0     16.05   0.2  10.07.2025  03:45:28
  1   2   9  10  $12    1.000    -3.8633   6116.93   0.1      8.51   3.0  10.07.2025  03:45:30
  2   3  10  11  $12    1.000    -2.5469   4032.63   0.0     -0.30  52.6  10.07.2025  03:45:32
  3   4  11  12  $12   10.000     5.6297    891.39   0.7   -211.60   1.8  10.07.2025  03:45:36
  1   2  13  14  $12    0.100     4.1020 221136.06   0.0     -3.48   1.0  10.07.2025  03:45:45
  2   3  14  15  $12    0.100    -2.3201 125077.97   0.0     13.07   3.0  10.07.2025  03:45:47
  3   4  15  16  $12    0.100     4.2112 227024.09   0.0     -5.46   5.1  10.07.2025  03:45:49
  5   6   9  10  $12    1.000     9.7497   1837.77   0.0      0.43  23.8  10.07.2025  03:45:53
  6   7  10  11  $12    1.000    18.4113   3470.45   0.0     -0.90   7.2  10.07.2025  03:45:55
  7   8  11  12  $12    1.000    21.9840   4143.89   0.0     -9.61   0.3  10.07.2025  03:45:57
  5   6  13  14  $12   10.000    12.4964   1978.64   0.0     -4.29   2.5  10.07.2025  03:46:01
  6   7  14  15  $12   10.000    -7.4871   1185.48   0.0     38.44   2.1  10.07.2025  03:46:03
  7   8  15  16  $12    1.000     5.9795   9467.72   0.0     -8.03   0.4  10.07.2025  03:46:08
  9  10  13  14  $12    1.000     2.3330    439.76   0.0     -7.58   4.9  10.07.2025  03:46:10
 10  11  14  15  $12    1.000    -5.1187    964.85   0.0      4.29   2.0  10.07.2025  03:46:12
 11  12  15  16  $12    1.000     9.8172   1850.50   0.0      2.89   2.1  10.07.2025  03:46:14
  1   2   6   7  $12    1.000     0.1790     67.50   0.1    182.25   0.4  10.07.2025  03:46:29
  2   3   7   8  $12    1.000    12.5794   4742.34   0.0     -4.90   1.3  10.07.2025  03:46:31
  1   2   7   8  $12    1.000    -0.3998    263.79   0.2    314.62   0.6  10.07.2025  03:46:37
  2   3   7   8  $12    1.000    12.5307   4723.95   0.0     -4.05   0.6  10.07.2025  03:46:39
  1   2  10  11  $12    1.000    -5.5575  12570.87   0.1     -0.33  45.1  10.07.2025  03:46:41
  2   3  11  12  $12    1.000    -2.0692   4680.38   0.0    -10.63   5.1  10.07.2025  03:46:43
  1   2  11  12  $12    1.000    -4.4091  13713.05   0.0    -28.70   0.5  10.07.2025  03:46:45
  2   3  11  12  $12    1.000    -2.0737   4690.59   0.0    -11.83   2.9  10.07.2025  03:46:47
  1   2  14  15  $12    1.000   -19.9311 136752.05   0.0      2.35   2.3  10.07.2025  03:46:49
  2   3  15  16  $12    0.100     8.0186 550177.45   0.0     -0.87   9.8  10.07.2025  03:46:54
  1   2  15  16  $12    0.100     6.0338 517488.58   0.0     -4.24   2.5  10.07.2025  03:46:56
  2   3  15  16  $12    0.100     8.0238 550532.62   0.0     -0.17  29.0  10.07.2025  03:46:58
  5   6  10  11  $12    1.000    15.4960   5841.84   0.0     -4.21   1.1  10.07.2025  03:47:02
  6   7  11  12  $12    1.000    13.1895   4972.31   0.0     -5.12   1.0  10.07.2025  03:47:04
  5   6  11  12  $12    1.000    10.4535   6896.51   0.0     -7.40   1.4  10.07.2025  03:47:06
  6   7  11  12  $12    1.000    13.1874   4971.52   0.0     -6.09   1.8  10.07.2025  03:47:08
  5   6  14  15  $12   10.000    -5.2729   1192.69   0.0     15.25   1.1  10.07.2025  03:47:12
  6   7  15  16  $12    1.000     3.4048   7701.58   0.0     -0.51  11.4  10.07.2025  03:47:16
  5   6  15  16  $12    1.000     2.9020   9025.84   0.0     -5.22   4.3  10.07.2025  03:47:19
  6   7  15  16  $12    1.000     3.4076   7707.75   0.0     -2.74   5.2  10.07.2025  03:47:21
  9  10  14  15  $12   10.000   -15.7115    592.31   0.0      1.10  14.1  10.07.2025  03:47:24
 10  11  15  16  $12    1.000     6.9951   2637.09   0.0     -5.66   0.9  10.07.2025  03:47:29
  9  10  15  16  $12   10.000     2.6086    172.10   0.0     -0.77   9.3  10.07.2025  03:47:33
 10  11  15  16  $12    1.000     6.9766   2630.13   0.0     -4.97   3.8  10.07.2025  03:47:38
