//C:\Users\user\Desktop\GeoTom\GeoTomE724.ini
//- Cable direction:
//  cable I: normal
//  cable II: normal
//  cable III: normal
//  cable IV: normal
//- Cable arrangement: sequential
//- Optimization: Last measurement
//- Sorting: Multi-level
//- Current levels: 0.001 mA .. 50.0 mA
Type:         Flow
Name:         Hyprop
Comment:      Example of a measurements sequence
Comment:      
Comment:      
Spacing:      1.00000
First El:     0.00000
Nr of points: 289
IP present:   1

  1   5   2   6  $12    0.010    16.4357   7041.05   0.0      3.70   0.3  09.07.2025  15:35:05
  1   5   3   7  $12    0.010     8.4274  15885.29   0.0      2.07  18.4  09.07.2025  15:35:08
  1   5   4   8  $12    0.010     4.7966   6328.92   0.0      0.54  22.3  09.07.2025  15:35:10
  1   5  14   2  $12    0.010    -5.1977   4659.76   0.0      9.38   3.1  09.07.2025  15:35:12
  1   5  15   3  $12    1.000    13.8033   3035.51   0.0   -105.93   0.1  09.07.2025  15:35:17
  1   5  16   4  $12    0.100     7.1104    695.42   0.0      2.08  13.8  09.07.2025  15:35:22
  1   5  13   9  $12    0.010     6.5748  49572.53   0.0      0.85   8.0  09.07.2025  15:35:27
  1   5  14  10  $12    0.010     5.4323  62398.22   0.0      0.38   2.5  09.07.2025  15:35:29
  1   5  15  11  $12    0.010     5.4006  89073.94   0.0     -0.01 663.0  09.07.2025  15:35:31
  1   5  16  12  $12    0.010     4.0697  92295.24   0.0      1.87   9.6  09.07.2025  15:35:33
  1   5  10   6  $12    0.010     5.7907   5116.55   0.0      1.81   9.0  09.07.2025  15:35:35
  1   5  11   7  $12    0.010     3.1578   7440.39   0.0     -0.01 149.3  09.07.2025  15:35:37
  1   5  12   8  $12    0.100    14.2536   6464.98   0.0      1.65   2.0  09.07.2025  15:35:40
  2   6   1   5  $12    0.010    16.4216   7035.01   0.0      4.04   0.6  09.07.2025  15:35:45
  2   6   3   7  $12    0.010    14.1613   6066.70   0.0      4.28   1.0  09.07.2025  15:35:47
  2   6   4   8  $12    0.010     6.5233  12296.07   0.0      2.09  14.9  09.07.2025  15:35:49
  2   6  13   1  $12    0.010    -5.7020   4205.28   0.2      8.43  16.0  09.07.2025  15:35:51
  2   6  15   3  $12    0.010    -3.0585   2741.98   0.1     14.80  12.8  09.07.2025  15:35:53
  2   6  16   4  $12    0.100    -6.3678  14003.63   0.0     16.74   0.5  09.07.2025  15:35:57
  2   6  13   9  $12    0.010     5.2703  23904.41   0.0     -0.31  26.0  09.07.2025  15:36:02
  2   6  14  10  $12    0.010     4.5459  34274.98   0.0     -0.82  10.7  09.07.2025  15:36:04
  2   6  15  11  $12    0.010     4.4972  51657.18   0.0     -0.74  34.9  09.07.2025  15:36:06
  2   6  16  12  $12    0.010     3.6877  60822.94   0.0     -1.00  43.1  09.07.2025  15:36:08
  2   6   9   5  $12    0.010     5.4539   7196.25   0.1      2.64  22.9  09.07.2025  15:36:10
  2   6  11   7  $12    0.010     6.6283   5856.57   0.0      2.71   6.3  09.07.2025  15:36:12
  2   6  12   8  $12    0.010     2.2244   5241.00   0.0     -3.86  11.6  09.07.2025  15:36:14
  3   7   1   5  $12    0.010     8.4071  15846.95   0.0      3.89   0.4  09.07.2025  15:36:16
  3   7   2   6  $12    0.010    14.1512   6062.36   0.0      5.25   8.0  09.07.2025  15:36:18
  3   7   4   8  $12    0.010    13.5346   5798.20   0.0      3.10  15.9  09.07.2025  15:36:20
  3   7  13   1  $12    0.100   -19.1450   3007.29   0.0      6.31   2.0  09.07.2025  15:36:24
  3   7  14   2  $12    0.010    -4.1078   3029.50   0.0      7.53   1.6  09.07.2025  15:36:29
  3   7  16   4  $12    0.010    -5.3814   4824.40   0.0      8.88   0.3  09.07.2025  15:36:31
  3   7  13   9  $12    0.010     4.0119   9452.80   0.0      1.66  35.8  09.07.2025  15:36:33
  3   7  14  10  $12    0.010     3.7399  16963.14   0.0      0.78   3.8  09.07.2025  15:36:35
  3   7  15  11  $12    0.010     3.6673  27651.10   0.0      0.24 136.3  09.07.2025  15:36:37
  3   7  16  12  $12    0.010     3.5101  40318.42   0.0      0.56  93.8  09.07.2025  15:36:39
  3   7   9   5  $12    0.010     2.4747   4664.64   0.1      1.61  66.9  09.07.2025  15:36:41
  3   7  10   6  $12    0.010     6.2736   8277.78   0.0      5.00   2.3  09.07.2025  15:36:43
  3   7  12   8  $12    0.010     4.6626   4119.77   0.0      0.89  38.0  09.07.2025  15:36:45
  4   8   1   5  $12    0.010     4.8025   6336.73   0.0      0.80  23.8  09.07.2025  15:36:47
  4   8   2   6  $12    0.010     6.5280  12305.06   0.0      0.47 171.8  09.07.2025  15:36:49
  4   8   3   7  $12    0.010    13.5540   5806.51   0.0      1.50  21.7  09.07.2025  15:36:51
  4   8  13   1  $12    0.100    -8.6018   1934.62   0.0      5.91   2.3  09.07.2025  15:36:55
  4   8  14   2  $12    0.100   -15.5134   2436.85   0.0      2.88  13.5  09.07.2025  15:36:57
  4   8  15   3  $12    0.010    -5.7812   4263.65   0.0      5.67   2.8  09.07.2025  15:37:02
  4   8  13   9  $12    0.010     3.1761   2806.33   0.0     -0.36  70.6  09.07.2025  15:37:04
  4   8  14  10  $12    0.010     3.1966   7531.74   0.0     -0.76   9.8  09.07.2025  15:37:06
  4   8  15  11  $12    0.010     3.2334  14665.76   0.0     -0.75  94.1  09.07.2025  15:37:08
  4   8  16  12  $12    0.010     3.5311  26623.60   0.0     -0.49  78.0  09.07.2025  15:37:10
  4   8   9   5  $12    0.100     7.5595    323.85   0.0      2.87   4.5  09.07.2025  15:37:13
  4   8  10   6  $12    0.100    17.6940   3335.23   0.0      4.45   1.0  09.07.2025  15:37:15
  4   8  11   7  $12    0.010     4.5138   5955.79   0.0     -0.59  24.7  09.07.2025  15:37:20
  5   9   6  10  $12    0.010    12.1611   5209.79   0.0      0.86  54.6  09.07.2025  15:37:22
  5   9   7  11  $12    0.010     5.9556  11226.12   0.0      1.08  12.9  09.07.2025  15:37:24
  5   9   8  12  $12    0.010     3.1956   4216.44   0.0     -0.32 357.2  09.07.2025  15:37:26
  5   9   2   6  $12    0.010    -5.4090   7137.05   0.2      7.20   9.7  09.07.2025  15:37:28
  5   9   3   7  $12    0.010    -2.4465   4611.62   0.1      8.63  20.3  09.07.2025  15:37:30
  5   9   4   8  $12    0.100    -7.4647    319.78   0.0      6.83   0.7  09.07.2025  15:37:34
  5   9   1  13  $12    0.100     8.7064   2188.15   0.0      3.57   3.0  09.07.2025  15:37:36
  5   9   2  14  $12    0.100    10.4597   2352.48   0.0      5.23   7.0  09.07.2025  15:37:38
  5   9   3  15  $12    0.100    11.7247   1841.72   0.0      2.12   6.1  09.07.2025  15:37:40
  5   9   4  16  $12    0.100    10.1149    745.98   0.0      2.14   2.3  09.07.2025  15:37:42
  5   9  14  10  $12    0.010     5.6678   5007.92   0.0      0.91   5.4  09.07.2025  15:37:47
  5   9  15  11  $12    0.010     2.3176   5460.77   0.1     -2.84  17.5  09.07.2025  15:37:49
  5   9  16  12  $12    0.100    14.0903   6390.89   0.0      7.23   0.5  09.07.2025  15:37:52
  6  10   5   9  $12    0.010    12.1618   5210.09   0.0      2.14   1.4  09.07.2025  15:37:57
  6  10   7  11  $12    0.010    12.1544   5206.93   0.0      4.42   3.8  09.07.2025  15:37:59
  6  10   8  12  $12    0.010     5.4604  10292.64   0.0      3.28   6.3  09.07.2025  15:38:01
  6  10   1   5  $12    0.010    -5.7631   5092.14   0.0      6.85  10.9  09.07.2025  15:38:03
  6  10   3   7  $12    0.010    -6.2300   8220.32   0.0      7.50   1.3  09.07.2025  15:38:05
  6  10   4   8  $12    0.100   -17.4453   3288.36   0.0      4.80   0.6  09.07.2025  15:38:09
  6  10   1  13  $12    0.100     9.5787   2154.35   0.0      1.48   6.8  09.07.2025  15:38:11
  6  10   2  14  $12    0.100    11.9249   2997.06   0.0      4.49  10.3  09.07.2025  15:38:13
  6  10   3  15  $12    0.100    13.8542   3115.95   0.0      1.85   1.6  09.07.2025  15:38:15
  6  10   4  16  $12    0.100    12.7125   1996.87   0.0      1.73   1.5  09.07.2025  15:38:17
  6  10  13   9  $12    0.010     5.4184   7149.35   0.0     -0.51  28.9  09.07.2025  15:38:22
  6  10  15  11  $12    0.010     4.5354   4007.33   0.1      3.45  10.4  09.07.2025  15:38:24
  6  10  16  12  $12    0.010     2.4277   5720.04   0.1      3.86  28.8  09.07.2025  15:38:26
  7  11   5   9  $12    0.010     5.9479  11211.51   0.0      1.73   5.3  09.07.2025  15:38:28
  7  11   6  10  $12    0.010    12.1773   5216.76   0.0      4.50   1.0  09.07.2025  15:38:30
  7  11   8  12  $12    0.010    12.5642   5382.51   0.0      6.11   1.1  09.07.2025  15:38:32
  7  11   1   5  $12    0.010    -3.1223   7356.82   0.0      9.66  12.0  09.07.2025  15:38:34
  7  11   2   6  $12    0.010    -6.5856   5818.83   0.1      6.99  20.6  09.07.2025  15:38:36
  7  11   4   8  $12    0.010    -4.4462   5866.67   0.0      6.45  33.5  09.07.2025  15:38:38
  7  11   1  13  $12    0.100    10.1934   1601.17   0.0      3.39   2.3  09.07.2025  15:38:42
  7  11   2  14  $12    0.100    13.7183   3085.37   0.0      5.37   9.3  09.07.2025  15:38:44
  7  11   3  15  $12    0.100    15.9384   4005.77   0.0      2.23   4.0  09.07.2025  15:38:46
  7  11   4  16  $12    0.100    16.2341   3651.21   0.0      1.71   1.3  09.07.2025  15:38:48
  7  11  13   9  $12    0.100    17.4249   3284.51   0.0      4.52   9.6  09.07.2025  15:38:50
  7  11  14  10  $12    0.010     4.1751   5508.97   0.0      5.81   1.4  09.07.2025  15:38:55
  7  11  16  12  $12    0.010     6.4593   5707.23   0.0      9.83   9.2  09.07.2025  15:38:57
  8  12   5   9  $12    0.010     3.1788   4194.27   0.0      0.97  33.2  09.07.2025  15:38:59
  8  12   6  10  $12    0.010     5.4376  10249.60   0.0      4.79   3.2  09.07.2025  15:39:01
  8  12   7  11  $12    0.010    12.4822   5347.37   0.0      6.32   2.3  09.07.2025  15:39:03
  8  12   1   5  $12    0.100   -14.3489   6508.19   0.0      3.72   1.1  09.07.2025  15:39:07
  8  12   2   6  $12    0.100   -22.0787   5202.17   0.0      3.82   0.7  09.07.2025  15:39:09
  8  12   3   7  $12    0.010    -4.6311   4091.89   0.0      7.38   1.1  09.07.2025  15:39:13
  8  12   1  13  $12    0.100     9.9368    732.85   0.0      1.55   8.8  09.07.2025  15:39:17
  8  12   2  14  $12    0.100    14.1521   2223.01   0.0      2.74  10.8  09.07.2025  15:39:19
  8  12   3  15  $12    0.100    17.0612   3837.23   0.0      0.48   6.9  09.07.2025  15:39:21
  8  12  16   4  $12    0.100   -18.9655   4766.56   0.0      2.90   3.3  09.07.2025  15:39:23
  8  12   9  13  $12    0.100    -7.1378    305.78   0.0     19.93   5.2  09.07.2025  15:39:25
  8  12  10  14  $12    0.100   -17.6411   3325.28   0.0     16.82   0.4  09.07.2025  15:39:27
  8  12  11  15  $12    0.010    -5.9848   7896.82   0.0     14.17   0.3  09.07.2025  15:39:32
  9  13  10  14  $12    0.010    13.7556   5892.88   0.0      1.67   3.7  09.07.2025  15:39:34
  9  13  11  15  $12    0.010    13.0544  24606.88   0.0     -0.91  26.9  09.07.2025  15:39:36
  9  13  12  16  $12    0.010     6.5963   8703.61   0.0      1.38  10.4  09.07.2025  15:39:38
  9  13   6  10  $12    0.010    -5.3637   7077.25   0.0      5.30   2.6  09.07.2025  15:39:40
  9  13   7  11  $12    0.100   -17.5734   3312.51   0.0      6.99   0.2  09.07.2025  15:39:44
  9  13   8  12  $12    0.100    -7.3245    313.78   0.0     18.62   0.1  09.07.2025  15:39:46
  9  13   5   1  $12    0.010     6.6112  49847.56   0.0      0.57  18.4  09.07.2025  15:39:51
  9  13   6   2  $12    0.010     5.2871  23980.41   0.0     -0.67 180.1  09.07.2025  15:39:53
  9  13   7   3  $12    0.010     4.0421   9524.01   0.0     -1.27 117.6  09.07.2025  15:39:55
  9  13   8   4  $12    0.010     3.1915   2819.92   0.0     -2.07  24.9  09.07.2025  15:39:57
  9  13   2  14  $12    0.010     3.1031   2288.55   0.0      1.63  22.0  09.07.2025  15:39:59
  9  13   3  15  $12    0.010     7.2629  11408.59   0.0     -2.97   4.2  09.07.2025  15:40:01
  9  13   4  16  $12    0.010     2.6866   6042.35   0.0     -0.09 244.8  09.07.2025  15:40:03
 10  14   9  13  $12    0.010    13.7587   5894.23   0.0      1.84   5.7  09.07.2025  15:40:05
 10  14  11  15  $12    0.010    14.2835   6119.02   0.0      3.84   0.9  09.07.2025  15:40:07
 10  14  12  16  $12    0.010    11.2094  21129.16   0.0      2.55   8.9  09.07.2025  15:40:09
 10  14   5   9  $12    0.010    -5.6296   4974.18   0.0      5.24   3.0  09.07.2025  15:40:11
 10  14   7  11  $12    0.010    -4.1870   5524.64   0.0      7.51   3.9  09.07.2025  15:40:13
 10  14   8  12  $12    0.100   -17.9394   3381.49   0.0     14.90   0.0  09.07.2025  15:40:17
 10  14   5   1  $12    0.010     5.4644  62766.41   0.0      0.45  20.5  09.07.2025  15:40:22
 10  14   6   2  $12    0.010     4.5616  34393.89   0.0     -1.52 111.0  09.07.2025  15:40:24
 10  14   7   3  $12    0.010     3.7661  17081.91   0.1      1.01  82.6  09.07.2025  15:40:25
 10  14   8   4  $12    0.010     3.2068   7555.87   0.0     -1.02  36.2  09.07.2025  15:40:27
 10  14   1  13  $12    0.010     2.6476   2373.54   0.0     -0.65  71.2  09.07.2025  15:40:30
 10  14   3  15  $12    0.010     6.2878   4637.27   0.0      7.74   0.5  09.07.2025  15:40:32
 10  14   4  16  $12    0.010     6.1767   9702.36   0.0      2.19   4.5  09.07.2025  15:40:34
 11  15   9  13  $12    0.010    13.0674  24631.53   0.0      0.14  40.7  09.07.2025  15:40:36
 11  15  10  14  $12    0.010    14.2490   6104.27   0.0      4.55   1.9  09.07.2025  15:40:38
 11  15  12  16  $12    0.010    12.4999   5354.93   0.0      6.20   0.4  09.07.2025  15:40:40
 11  15   5   9  $12    0.010    -2.2680   5343.76   0.0     11.04   5.6  09.07.2025  15:40:42
 11  15   6  10  $12    0.010    -4.4877   3965.20   0.0     10.47   2.5  09.07.2025  15:40:44
 11  15   8  12  $12    0.010    -6.1524   8117.91   0.0     13.56   1.2  09.07.2025  15:40:46
 11  15   5   1  $12    0.010     5.4311  89576.70   0.0      0.61   5.3  09.07.2025  15:40:48
 11  15   6   2  $12    0.010     4.5115  51820.88   0.0     -3.67  11.4  09.07.2025  15:40:50
 11  15   7   3  $12    0.010     3.6885  27810.54   0.0      0.82 124.9  09.07.2025  15:40:52
 11  15   8   4  $12    0.010     3.2503  14742.24   0.0     -1.27   8.9  09.07.2025  15:40:54
 11  15   1  13  $12    0.010     5.4408 119648.53   0.1     -4.00  23.3  09.07.2025  15:40:56
 11  15   2  14  $12    0.010     5.1783   4642.35   0.0      7.50  17.0  09.07.2025  15:40:58
 11  15   4  16  $12    0.010     3.0778   2269.93   0.1      2.28  28.9  09.07.2025  15:41:00
 12  16   9  13  $12    0.010     6.5670   8664.89   0.0      4.75   1.3  09.07.2025  15:41:02
 12  16  10  14  $12    0.010    11.0948  20913.29   0.0      6.95   0.7  09.07.2025  15:41:04
 12  16  11  15  $12    0.010    12.2925   5266.07   0.0      8.64   0.5  09.07.2025  15:41:06
 12  16   5   9  $12    0.100   -13.8612   6286.99   0.0      8.75   0.1  09.07.2025  15:41:09
 12  16   6  10  $12    0.010    -2.3390   5511.06   0.0     17.62   1.4  09.07.2025  15:41:14
 12  16   7  11  $12    0.010    -6.2434   5516.54   0.0     13.78   3.1  09.07.2025  15:41:16
 12  16   5   1  $12    0.010     4.0762  92442.34   0.0      2.12   2.9  09.07.2025  15:41:18
 12  16   6   2  $12    0.010     3.6821  60730.82   0.1      3.22  26.8  09.07.2025  15:41:20
 12  16   7   3  $12    0.010     3.5291  40536.52   0.1      0.29 438.7  09.07.2025  15:41:22
 12  16   8   4  $12    0.010     3.5320  26630.47   0.0      1.64  41.2  09.07.2025  15:41:24
 12  16  13   1  $12    0.100   -10.7062   1047.11   0.0     12.83   0.4  09.07.2025  15:41:28
 12  16  14   2  $12    0.010    -4.9290 108394.52   0.0     14.79   1.2  09.07.2025  15:41:33
 12  16  15   3  $12    0.010    -2.4504   2196.83   0.0     17.92   3.5  09.07.2025  15:41:35
 13   1  14   2  $12    0.010     9.3770   3215.74   0.0      4.50   1.3  09.07.2025  15:41:37
 13   1  15   3  $12    0.010     8.3392   6323.78   0.0     -1.18   9.5  09.07.2025  15:41:39
 13   1  16   4  $12    0.010     2.9689   3815.66   0.0      1.60  22.6  09.07.2025  15:41:41
 13   1  10  14  $12    0.010    -2.6037   2334.24   0.0     14.79   6.4  09.07.2025  15:41:43
 13   1  11  15  $12    0.010    -5.3352 117326.62   0.0      1.50   7.2  09.07.2025  15:41:45
 13   1  12  16  $12    0.100   -10.8288   1059.10   0.0     11.95   0.7  09.07.2025  15:41:49
 13   1   9   5  $12    0.100     8.6534   2174.84   0.0      4.14   0.8  09.07.2025  15:41:51
 13   1  10   6  $12    0.100     9.5214   2141.45   0.0      4.53   2.9  09.07.2025  15:41:53
 13   1  11   7  $12    0.100    10.1413   1593.00   0.0      3.87   0.7  09.07.2025  15:41:55
 13   1  12   8  $12    0.100     9.8769    728.43   0.0      3.05   3.1  09.07.2025  15:41:57
 13   1   6   2  $12    0.010     5.7825   4264.67   0.0      4.92   2.6  09.07.2025  15:42:02
 13   1   7   3  $12    0.100    19.3512   3039.68   0.0      5.36   1.0  09.07.2025  15:42:06
 13   1   8   4  $12    0.100     8.7242   1962.15   0.0      1.89   5.3  09.07.2025  15:42:08
 14   2  13   1  $12    0.010     9.3392   3202.75   0.0      5.29   1.8  09.07.2025  15:42:13
 14   2  15   3  $12    0.010    10.7026   3670.32   0.0      8.18   0.5  09.07.2025  15:42:15
 14   2  16   4  $12    0.010     8.0299   6089.18   0.0      5.16   1.6  09.07.2025  15:42:17
 14   2   9  13  $12    0.010    -3.0376   2240.24   0.0     13.88   0.6  09.07.2025  15:42:19
 14   2  11  15  $12    0.010    -5.1285   4597.73   0.0     18.04   1.0  09.07.2025  15:42:21
 14   2  12  16  $12    0.010    -4.9997 109949.07   0.0     11.80   1.9  09.07.2025  15:42:23
 14   2   9   5  $12    0.100    10.3979   2338.58   0.0      5.20   0.8  09.07.2025  15:42:26
 14   2  10   6  $12    0.100    11.8718   2983.71   0.0      5.64   1.3  09.07.2025  15:42:29
 14   2  11   7  $12    0.100    13.6472   3069.38   0.0      4.76   0.6  09.07.2025  15:42:31
 14   2  12   8  $12    0.100    14.0865   2212.70   0.0      3.30   1.0  09.07.2025  15:42:33
 14   2   5   1  $12    0.010     5.2427   4700.08   0.0      2.13   3.4  09.07.2025  15:42:38
 14   2   7   3  $12    0.010     4.1925   3092.01   0.0      0.46  32.7  09.07.2025  15:42:40
 14   2   8   4  $12    0.100    15.7700   2477.14   0.0      1.15   1.4  09.07.2025  15:42:43
 15   3  13   1  $12    0.010     8.3577   6337.79   0.0      0.97   4.8  09.07.2025  15:42:48
 15   3  14   2  $12    0.010    10.6273   3644.50   0.0      7.35   2.6  09.07.2025  15:42:50
 15   3  16   4  $12    0.010    10.0726   3454.26   0.0      4.91   2.5  09.07.2025  15:42:52
 15   3   9  13  $12    0.010    -7.2864  11445.46   0.0      2.98   9.1  09.07.2025  15:42:54
 15   3  10  14  $12    0.010    -6.1831   4560.12   0.0     14.75   0.7  09.07.2025  15:42:56
 15   3  12  16  $12    0.010    -2.4768   2220.48   0.0     17.81   0.6  09.07.2025  15:42:58
 15   3   9   5  $12    0.100    11.7311   1842.72   0.0      1.70   2.2  09.07.2025  15:43:02
 15   3  10   6  $12    0.100    13.8753   3120.68   0.0      2.31   1.3  09.07.2025  15:43:04
 15   3  11   7  $12    0.100    15.9456   4007.57   0.0      2.33   1.2  09.07.2025  15:43:06
 15   3  12   8  $12    0.100    17.0649   3838.07   0.0      1.66   0.3  09.07.2025  15:43:08
 15   3   5   1  $12    1.000   -18.0937   3979.01   0.0    -11.78   1.4  09.07.2025  15:43:12
 15   3   6   2  $12    0.010     3.0380   2723.60   0.0      2.77   4.7  09.07.2025  15:43:20
 15   3   8   4  $12    0.010     5.8856   4340.67   0.0      0.74  45.0  09.07.2025  15:43:22
 16   4  13   1  $12    0.010     2.9774   3826.52   0.0      1.88  20.1  09.07.2025  15:43:24
 16   4  14   2  $12    0.010     8.0078   6072.48   0.0      5.21   6.0  09.07.2025  15:43:26
 16   4  15   3  $12    0.010    10.0688   3452.95   0.0      5.23   7.0  09.07.2025  15:43:28
 16   4   9  13  $12    0.010    -2.6184   5889.09   0.1     18.46   2.8  09.07.2025  15:43:30
 16   4  10  14  $12    0.010    -6.0588   9517.19   0.0      9.66   0.6  09.07.2025  15:43:32
 16   4  11  15  $12    0.010    -3.0033   2214.97   0.1     16.58   3.6  09.07.2025  15:43:34
 16   4   9   5  $12    0.100    10.0849    743.77   0.0      2.99   0.9  09.07.2025  15:43:38
 16   4  10   6  $12    0.100    12.6977   1994.56   0.0      3.09   1.3  09.07.2025  15:43:40
 16   4  11   7  $12    0.100    16.2037   3644.37   0.0      2.38   0.6  09.07.2025  15:43:42
 16   4  12   8  $12    0.100    18.9757   4769.12   0.0      1.94   0.3  09.07.2025  15:43:44
 16   4   5   1  $12    0.100    -7.1758    701.82   0.0      5.96   0.4  09.07.2025  15:43:46
 16   4   6   2  $12    0.100     6.2061  13648.04   0.0      8.97   2.2  09.07.2025  15:43:48
 16   4   7   3  $12    0.010     5.3913   4833.30   0.0      0.83   8.3  09.07.2025  15:43:53
  1   4   2   3  $12    0.010     9.4785   5955.55   0.0      3.36   8.2  09.07.2025  15:43:55
  2   3   1   4  $12    0.010     9.4888   5961.99   0.0      4.12   1.3  09.07.2025  15:43:57
  1   2   3   4  $12    0.100   -13.4447   2534.27   0.0      6.39   0.9  09.07.2025  15:44:01
  3   4   1   2  $12    0.100   -13.3325   2513.12   0.0      4.02   1.1  09.07.2025  15:44:03
  5   8   6   7  $12    0.010     6.1203   3845.51   0.0      0.18  48.7  09.07.2025  15:44:08
  6   7   5   8  $12    0.010     6.1320   3852.88   0.0      0.59  87.2  09.07.2025  15:44:10
  5   6   7   8  $12    0.010    -2.5493   4805.41   0.0     12.74   0.8  09.07.2025  15:44:12
  7   8   5   6  $12    0.010    -2.5413   4790.30   0.1     12.67  12.9  09.07.2025  15:44:14
  9  12  10  11  $12    0.010     8.1288   5107.49   0.0      5.90   3.9  09.07.2025  15:44:16
 10  11   9  12  $12    0.010     8.2104   5158.72   0.0      4.76   2.5  09.07.2025  15:44:18
  9  10  11  12  $12    0.100   -11.4767   2163.31   0.0      7.52   0.3  09.07.2025  15:44:22
 11  12   9  10  $12    0.100   -11.4774   2163.44   0.0     12.70   3.0  09.07.2025  15:44:24
 13  16  14  15  $12    0.010    -6.1059   3836.46   0.0      2.02   3.2  09.07.2025  15:44:29
 14  15  13  16  $12    0.010    -6.1608   3870.93   0.0     -1.11  18.3  09.07.2025  15:44:31
 13  14  15  16  $12    0.010     4.7512   8955.73   0.0    -12.83   0.8  09.07.2025  15:44:33
  1   9  10   2  $12    0.010   -17.3537   6244.82   0.0      5.98   2.7  09.07.2025  15:44:35
  1   9  11   3  $12    0.010    -8.6977   7452.18   0.0      8.03   2.6  09.07.2025  15:44:37
  1   9  12   4  $12    0.010    -5.7407   9599.20   0.0      8.20   1.0  09.07.2025  15:44:39
  2  10   9   1  $12    0.010   -17.3496   6243.33   0.0      5.53   0.3  09.07.2025  15:44:41
  2  10  11   3  $12    0.010   -13.4051   4823.91   0.0      6.79   1.5  09.07.2025  15:44:43
  2  10  12   4  $12    0.010    -7.9444   6806.71   0.0      8.38   0.4  09.07.2025  15:44:45
  3  11   9   1  $12    0.010    -8.6781   7435.35   0.0      7.33   2.6  09.07.2025  15:44:48
  3  11  10   2  $12    0.010   -13.3657   4809.73   0.0      8.37   0.6  09.07.2025  15:44:50
  3  11  12   4  $12    0.010   -16.8535   6064.81   0.0      9.69   1.2  09.07.2025  15:44:52
 12   4   9   1  $12    0.010     5.7663   9641.97   0.0      3.88   0.7  09.07.2025  15:44:54
 12   4  10   2  $12    0.010     7.9549   6815.72   0.0      5.91   2.2  09.07.2025  15:44:56
 12   4  11   3  $12    0.010    16.8142   6050.67   0.0      6.71   2.0  09.07.2025  15:44:58
 13   5  14   6  $12    0.010    14.8799   5354.60   0.0      1.95   4.4  09.07.2025  15:45:00
 13   5  15   7  $12    0.010    15.0006  12852.47   0.0     -0.16  42.4  09.07.2025  15:45:02
 13   5  16   8  $12    0.010     7.6317  12761.19   0.0      1.41   8.9  09.07.2025  15:45:04
 14   6  13   5  $12    0.010    14.8745   5352.65   0.0      3.29   4.5  09.07.2025  15:45:06
 14   6  15   7  $12    0.010    17.6340   6345.70   0.0      6.14   2.0  09.07.2025  15:45:08
 14   6  16   8  $12    0.010    12.3531  10584.12   0.0      4.12   2.5  09.07.2025  15:45:10
 15   7  13   5  $12    0.010    15.0058  12856.97   0.0      0.99  17.4  09.07.2025  15:45:12
 15   7  14   6  $12    0.010    17.6483   6350.82   0.0      5.74   0.6  09.07.2025  15:45:14
 15   7  16   8  $12    0.010    12.3972   4461.21   0.0      3.24   7.5  09.07.2025  15:45:16
 16   8  13   5  $12    0.010     7.6181  12738.45   0.0      2.32  16.3  09.07.2025  15:45:18
 16   8  14   6  $12    0.010    12.3242  10559.34   0.0      4.61   1.6  09.07.2025  15:45:21
 16   8  15   7  $12    0.010    12.3787   4454.56   0.0      3.83   0.2  09.07.2025  15:45:23
  1   2   5   6  $12   10.000    20.8228    392.50   0.2    -13.42   1.0  09.07.2025  15:45:30
  2   3   6   7  $12    1.000     8.5325   1608.33   0.0      0.35  29.3  09.07.2025  15:45:35
  3   4   7   8  $12    1.000    12.8831   2428.41   0.0      4.41   2.5  09.07.2025  15:45:37
  1   2   9  10  $12    1.000    -2.0989   3323.37   0.1     17.96   5.8  09.07.2025  15:45:39
  2   3  10  11  $12   10.000     4.0902    647.62   0.6    155.12   3.0  09.07.2025  15:45:42
  3   4  11  12  $12   10.000    17.8276   2822.76   0.0    -17.07   1.9  09.07.2025  15:45:45
  1   2  13  14  $12    0.100     3.3181 178875.85   0.0     -3.79   2.4  09.07.2025  15:45:52
  2   3  14  15  $12    0.100    -2.1098 113736.88   0.0      4.24   8.1  09.07.2025  15:45:55
  3   4  15  16  $12    0.100     3.6871 198770.22   0.0     -6.96   3.0  09.07.2025  15:45:57
  5   6   9  10  $12    1.000     8.7236   1644.36   0.0      1.96   3.9  09.07.2025  15:46:00
  6   7  10  11  $12    1.000    18.5967   3505.39   0.0     -1.71  10.0  09.07.2025  15:46:02
  7   8  11  12  $12    1.000    16.0878   3032.48   0.0     -6.81   0.1  09.07.2025  15:46:04
  5   6  13  14  $12   10.000    17.7583   2811.78   0.0      1.31   2.7  09.07.2025  15:46:08
  6   7  14  15  $12   10.000   -14.0742   2228.46   0.0      6.37   3.2  09.07.2025  15:46:10
  7   8  15  16  $12    1.000     6.6619  10548.19   0.0     -6.64   1.3  09.07.2025  15:46:15
  9  10  13  14  $12    1.000     3.6027    679.09   0.0     -0.12 151.6  09.07.2025  15:46:17
 10  11  14  15  $12    1.000    -6.3986   1206.11   0.0     -0.32  30.9  09.07.2025  15:46:19
 11  12  15  16  $12    1.000    12.4361   2344.16   0.0     -1.45  16.1  09.07.2025  15:46:21
  1   2   6   7  $12   10.000    16.9531    639.12   0.2     -5.48   2.7  09.07.2025  15:46:25
  2   3   7   8  $12    1.000    10.8845   4103.36   0.0     -2.84   0.7  09.07.2025  15:46:30
  1   2   7   8  $12   10.000    14.4090    950.61   0.1    -17.36   1.4  09.07.2025  15:46:34
  2   3   7   8  $12    1.000    10.8130   4076.41   0.0     -2.64   1.6  09.07.2025  15:46:38
  1   2  10  11  $12   10.000   -17.5669   3973.54   0.0     -4.31   2.8  09.07.2025  15:46:42
  2   3  11  12  $12   10.000     8.2338   1862.43   0.3    191.06   2.3  09.07.2025  15:46:44
  1   2  11  12  $12   10.000    -6.3925   1988.18   0.0     14.43   2.3  09.07.2025  15:46:46
  2   3  11  12  $12   10.000     8.5955   1944.27   0.1    136.31   0.9  09.07.2025  15:46:48
  1   2  14  15  $12    1.000   -17.9717 123307.82   0.0     -5.57   2.0  09.07.2025  15:46:53
  2   3  15  16  $12    0.100     6.1023 418691.52   0.0     -2.81   1.0  09.07.2025  15:46:58
  1   2  15  16  $12    0.100     4.6711 400616.70   0.0     -5.40   2.2  09.07.2025  15:47:00
  2   3  15  16  $12    0.100     6.0890 417777.70   0.0     -3.41   1.8  09.07.2025  15:47:02
  5   6  10  11  $12    1.000    13.3412   5029.51   0.0     -3.93   0.9  09.07.2025  15:47:06
  6   7  11  12  $12    1.000    12.1867   4594.29   0.0     -3.70   3.7  09.07.2025  15:47:08
  5   6  11  12  $12    1.000     8.1790   5395.99   0.0     -7.09   0.9  09.07.2025  15:47:10
  6   7  11  12  $12    1.000    12.1901   4595.55   0.0     -4.28   1.7  09.07.2025  15:47:12
  5   6  14  15  $12   10.000    -9.5875   2168.64   0.0     -0.43  16.2  09.07.2025  15:47:16
  6   7  15  16  $12    1.000     4.8460  10961.38   0.0     -3.24   1.3  09.07.2025  15:47:21
  5   6  15  16  $12    1.000     3.5785  11129.64   0.0     -8.22   3.4  09.07.2025  15:47:23
  6   7  15  16  $12    1.000     4.8447  10958.39   0.0     -3.61   4.5  09.07.2025  15:47:25
  9  10  14  15  $12    1.000    -2.0937    789.29   0.0      9.61   1.3  09.07.2025  15:47:27
 10  11  15  16  $12    1.000    12.4517   4694.18   0.0     -5.02   2.4  09.07.2025  15:47:29
  9  10  15  16  $12    1.000     2.4584   1621.91   0.0     -7.19   5.8  09.07.2025  15:47:31
 10  11  15  16  $12    1.000    12.4527   4694.54   0.0     -5.67   1.8  09.07.2025  15:47:33
