//C:\Users\user\Desktop\GeoTom\GeoTomE724.ini
//- Cable direction:
//  cable I: normal
//  cable II: normal
//  cable III: normal
//  cable IV: normal
//- Cable arrangement: sequential
//- Optimization: Last measurement
//- Sorting: Multi-level
//- Current levels: 0.001 mA .. 50.0 mA
Type:         Flow
Name:         Hyprop
Comment:      Example of a measurements sequence
Comment:      
Comment:      
Spacing:      1.00000
First El:     0.00000
Nr of points: 289
IP present:   1

  1   5   2   6  $12    0.010     4.4872   1922.31   0.0     11.32   1.0  25.10.2025  18:40:05
  1   5   3   7  $12    0.100    16.4244   3095.92   0.0      2.69   1.8  25.10.2025  18:40:09
  1   5   4   8  $12    0.100     9.4679   1249.26   0.0      1.93  15.7  25.10.2025  18:40:11
  1   5  14   2  $12    0.100   -14.6057   1309.41   0.0     15.53   1.1  25.10.2025  18:40:13
  1   5  15   3  $12    0.100    -3.3770   7426.42   0.0      3.54   2.2  25.10.2025  18:40:15
  1   5  16   4  $12    1.000    -7.3080     71.48   0.0      4.98   3.4  25.10.2025  18:40:19
  1   5  13   9  $12    0.100     9.2517   6975.64   0.0     11.57   1.7  25.10.2025  18:40:24
  1   5  14  10  $12    0.100     7.5499   8672.17   0.0     -4.14   6.4  25.10.2025  18:40:26
  1   5  15  11  $12    0.100     5.5734   9192.36   0.0      2.63  13.9  25.10.2025  18:40:28
  1   5  16  12  $12    0.100     4.7707  10819.27   0.1      2.20  63.6  25.10.2025  18:40:30
  1   5  10   6  $12    0.100    21.8650   1931.93   0.0     24.70   0.8  25.10.2025  18:40:32
  1   5  11   7  $12    0.100     7.3882   1740.81   0.0      3.90   1.6  25.10.2025  18:40:34
  1   5  12   8  $12    0.100     4.0043   1816.24   0.1     -1.44  69.9  25.10.2025  18:40:36
  2   6   1   5  $12    0.010     4.5282   1939.88   0.0     13.40   1.0  25.10.2025  18:40:41
  2   6   3   7  $12    0.010     4.5209   1936.75   0.0     -3.37   2.1  25.10.2025  18:40:43
  2   6   4   8  $12    0.100    19.6803   3709.65   0.0    -10.54   0.2  25.10.2025  18:40:46
  2   6  13   1  $12    0.100   -19.3422   1426.50   0.0    -26.78   0.7  25.10.2025  18:40:48
  2   6  15   3  $12    0.010    -2.4541   2200.13   0.0     -3.30   4.8  25.10.2025  18:40:53
  2   6  16   4  $12    0.100    -8.4774  18642.74   0.0    -15.08   0.3  25.10.2025  18:40:57
  2   6  13   9  $12    0.100     2.6902   1220.19   0.0    870.39   0.1  25.10.2025  18:40:59
  2   6  14  10  $12    0.100     6.0487   4560.62   0.0      4.45  12.1  25.10.2025  18:41:01
  2   6  15  11  $12    0.100     5.3846   6184.95   0.0     19.95   2.4  25.10.2025  18:41:03
  2   6  16  12  $12    0.100     5.1935   8565.88   0.0     14.15   6.3  25.10.2025  18:41:05
  2   6   9   5  $12    0.010     2.4334   3210.83   0.0    -54.88   1.1  25.10.2025  18:41:10
  2   6  11   7  $12    0.100    14.3807   1270.64   0.0      0.53  10.8  25.10.2025  18:41:14
  2   6  12   8  $12    0.100     5.9546   1403.02   0.0    -21.12   5.2  25.10.2025  18:41:16
  3   7   1   5  $12    0.100    16.3772   3087.02   0.0      1.97  16.3  25.10.2025  18:41:18
  3   7   2   6  $12    0.010     4.5254   1938.67   0.1      0.03 -719.9  25.10.2025  18:41:23
  3   7   4   8  $12    0.010     3.6916   1581.50   0.1     -6.26  11.9  25.10.2025  18:41:25
  3   7  13   1  $12    0.100    -5.2912    831.15   0.0      7.17   1.0  25.10.2025  18:41:28
  3   7  14   2  $12    0.010    -2.4484   1805.68   0.0      7.47   2.3  25.10.2025  18:41:33
  3   7  16   4  $12    0.100   -17.5785   1575.92   0.0      2.42   1.2  25.10.2025  18:41:37
  3   7  13   9  $12    0.100     6.1303   1444.41   0.0     -6.53   3.9  25.10.2025  18:41:39
  3   7  14  10  $12    0.100     5.7851   2623.92   0.0     -1.32  47.7  25.10.2025  18:41:41
  3   7  15  11  $12    0.100     6.2157   4686.49   0.0      0.84  25.9  25.10.2025  18:41:43
  3   7  16  12  $12    0.100     6.1614   7077.23   0.0     -0.21 376.4  25.10.2025  18:41:45
  3   7   9   5  $12    0.100     4.9476    932.59   0.0      3.46   4.2  25.10.2025  18:41:47
  3   7  10   6  $12    0.100    14.6545   1933.61   0.0     -3.21  10.7  25.10.2025  18:41:49
  3   7  12   8  $12    0.100    12.6456   1117.33   0.0      1.54  56.2  25.10.2025  18:41:51
  4   8   1   5  $12    0.100     9.4700   1249.53   0.0     -0.20  64.8  25.10.2025  18:41:53
  4   8   2   6  $12    0.100    19.4318   3662.81   0.0      2.78  11.2  25.10.2025  18:41:55
  4   8   3   7  $12    0.010     3.6657   1570.39   0.0     -2.65   3.0  25.10.2025  18:42:00
  4   8  13   1  $12    0.100    -2.5486    573.21   0.0      8.55   5.3  25.10.2025  18:42:04
  4   8  14   2  $12    0.100    -8.7504   1374.51   0.0     -0.01 -2445.1  25.10.2025  18:42:06
  4   8  15   3  $12    0.100   -17.9039   1320.42   0.0      0.35  27.4  25.10.2025  18:42:08
  4   8  13   9  $12    0.100     5.3485    472.58   0.0     -2.42  46.0  25.10.2025  18:42:10
  4   8  14  10  $12    0.100     5.3152   1252.37   0.0     -0.85  29.6  25.10.2025  18:42:12
  4   8  15  11  $12    0.100     6.2106   2816.94   0.0     -0.13  70.6  25.10.2025  18:42:14
  4   8  16  12  $12    0.100     6.4937   4896.14   0.0     -0.05 378.7  25.10.2025  18:42:16
  4   8   9   5  $12    1.000    15.9851     68.48   0.0     10.65   0.5  25.10.2025  18:42:20
  4   8  10   6  $12    0.100     5.4703   1031.12   0.0     11.56   3.7  25.10.2025  18:42:24
  4   8  11   7  $12    0.100    12.3062   1623.76   0.0      2.03   3.8  25.10.2025  18:42:26
  5   9   6  10  $12    0.010     4.7133   2019.16   0.0    -22.54  15.8  25.10.2025  18:42:31
  5   9   7  11  $12    0.100    17.9321   3380.12   0.0      1.06   4.6  25.10.2025  18:42:35
  5   9   8  12  $12    0.100    10.5508   1392.15   0.0      1.52   1.4  25.10.2025  18:42:37
  5   9   2   6  $12    0.100   -22.5614   2976.91   0.0    -60.90   0.5  25.10.2025  18:42:39
  5   9   3   7  $12    0.100    -4.8941    922.52   0.0     10.92   1.1  25.10.2025  18:42:41
  5   9   4   8  $12    1.000   -15.6548     67.07   0.0     19.22   1.3  25.10.2025  18:42:45
  5   9   1  13  $12    0.100     6.3895   1605.85   0.0     -9.40   1.0  25.10.2025  18:42:50
  5   9   2  14  $12    0.100     7.0018   1574.78   0.0     -4.11   3.2  25.10.2025  18:42:52
  5   9   3  15  $12    0.100     5.3762    844.49   0.0     -8.89   4.0  25.10.2025  18:42:53
  5   9   4  16  $12    0.100     5.1998    383.49   0.0     -2.74  21.9  25.10.2025  18:42:56
  5   9  14  10  $12    0.100    16.9446   1497.18   0.0     -0.10 255.5  25.10.2025  18:42:58
  5   9  15  11  $12    0.100     7.6679   1806.70   0.0      1.24  26.2  25.10.2025  18:43:00
  5   9  16  12  $12    0.100     3.8537   1747.89   0.0     -2.84  17.3  25.10.2025  18:43:02
  6  10   5   9  $12    0.010     4.6950   2011.31   0.0    -24.83   0.1  25.10.2025  18:43:07
  6  10   7  11  $12    0.010     3.4095   1460.64   0.0      1.28  34.3  25.10.2025  18:43:09
  6  10   8  12  $12    0.100    16.3612   3084.01   0.0     -6.30   0.4  25.10.2025  18:43:12
  6  10   1   5  $12    0.100   -23.0371   2035.50   0.0     20.29   0.3  25.10.2025  18:43:14
  6  10   3   7  $12    0.100   -14.6053   1927.12   0.0     -7.46   4.8  25.10.2025  18:43:16
  6  10   4   8  $12    0.100    -5.5893   1053.56   0.0     -7.44   2.6  25.10.2025  18:43:18
  6  10   1  13  $12    0.100     2.6367    593.03   0.0    248.25   0.4  25.10.2025  18:43:20
  6  10   2  14  $12    0.100     4.5434   1141.89   0.0     69.21   1.0  25.10.2025  18:43:22
  6  10   3  15  $12    0.100     3.8748    871.47   0.0     64.55   0.4  25.10.2025  18:43:24
  6  10   4  16  $12    0.100     4.5738    718.46   0.0     24.20   1.3  25.10.2025  18:43:26
  6  10  13   9  $12    0.100    21.0162   2773.02   0.0   -112.97   0.1  25.10.2025  18:43:28
  6  10  15  11  $12    0.100    15.2882   1350.82   0.0    -17.04   2.2  25.10.2025  18:43:30
  6  10  16  12  $12    0.100     6.1916   1458.86   0.0    -26.14   3.4  25.10.2025  18:43:32
  7  11   5   9  $12    0.100    18.0088   3394.59   0.0      0.66   7.8  25.10.2025  18:43:34
  7  11   6  10  $12    0.010     3.4354   1471.73   0.0     -1.51  53.1  25.10.2025  18:43:39
  7  11   8  12  $12    0.010     3.1398   1345.07   0.1      6.92  32.9  25.10.2025  18:43:41
  7  11   1   5  $12    0.100    -7.4226   1748.90   0.0      5.24   3.0  25.10.2025  18:43:45
  7  11   2   6  $12    0.100   -14.4580   1277.47   0.0      8.18   0.8  25.10.2025  18:43:47
  7  11   4   8  $12    0.100   -12.3444   1628.80   0.0      2.80   4.8  25.10.2025  18:43:49
  7  11   1  13  $12    0.100     3.1811    499.69   0.0      5.08  16.5  25.10.2025  18:43:51
  7  11   2  14  $12    0.100     4.6599   1048.05   0.0     -1.77  27.3  25.10.2025  18:43:53
  7  11   3  15  $12    0.100     4.6833   1177.03   0.0     -0.07 251.1  25.10.2025  18:43:55
  7  11   4  16  $12    0.100     5.3190   1196.29   0.0     -1.61  18.8  25.10.2025  18:43:57
  7  11  13   9  $12    0.100     7.4255   1399.68   0.0     -5.37   6.3  25.10.2025  18:43:59
  7  11  14  10  $12    0.100    15.0640   1987.64   0.0     -3.03   2.0  25.10.2025  18:44:01
  7  11  16  12  $12    0.100    13.2800   1173.38   0.0      1.12  12.0  25.10.2025  18:44:03
  8  12   5   9  $12    0.100    10.6026   1398.98   0.0     -0.32  12.3  25.10.2025  18:44:05
  8  12   6  10  $12    0.100    16.3550   3082.85   0.0      5.38   1.4  25.10.2025  18:44:07
  8  12   7  11  $12    0.010     3.1234   1338.08   0.0     -1.85   4.5  25.10.2025  18:44:12
  8  12   1   5  $12    0.100    -3.9972   1813.01   0.0      5.98   3.8  25.10.2025  18:44:16
  8  12   2   6  $12    0.100    -5.6696   1335.86   0.0     18.29   1.4  25.10.2025  18:44:18
  8  12   3   7  $12    0.100   -12.5043   1104.85   0.0      3.81   0.6  25.10.2025  18:44:20
  8  12   1  13  $12    0.100     2.6126    192.68   0.1      5.22   7.1  25.10.2025  18:44:22
  8  12   2  14  $12    0.100     4.0990    643.87   0.1     -1.65  12.0  25.10.2025  18:44:24
  8  12   3  15  $12    0.100     4.5657   1026.88   0.0     -0.99   8.4  25.10.2025  18:44:26
  8  12  16   4  $12    0.100    -5.4725   1375.40   0.1      2.12  48.1  25.10.2025  18:44:28
  8  12   9  13  $12    0.100    -3.9581    169.56   0.0     -4.16   7.3  25.10.2025  18:44:30
  8  12  10  14  $12    0.100    -6.5392   1232.61   0.0      3.75  20.0  25.10.2025  18:44:32
  8  12  11  15  $12    0.100   -13.9120   1835.65   0.0      1.20   7.8  25.10.2025  18:44:34
  9  13  10  14  $12    0.010     4.4079   1888.34   0.0     69.27   0.5  25.10.2025  18:44:39
  9  13  11  15  $12    0.100    16.5163   3113.25   0.0      7.98   0.1  25.10.2025  18:44:42
  9  13  12  16  $12    0.100    10.4003   1372.28   0.1      9.58   6.3  25.10.2025  18:44:45
  9  13   6  10  $12    0.100   -20.6376   2723.06   0.0   -121.36   0.3  25.10.2025  18:44:47
  9  13   7  11  $12    0.100    -7.3829   1391.64   0.0      0.60  41.5  25.10.2025  18:44:49
  9  13   8  12  $12    0.100    -3.9640    169.82   0.2      3.19  38.3  25.10.2025  18:44:51
  9  13   5   1  $12    0.100     9.2437   6969.57   0.0     16.19   4.6  25.10.2025  18:44:53
  9  13   6   2  $12    0.100     3.5227   1597.76   0.0    693.44   0.1  25.10.2025  18:44:55
  9  13   7   3  $12    0.100     6.1372   1446.04   0.0     -2.68   1.1  25.10.2025  18:44:57
  9  13   8   4  $12    0.100     5.3719    474.64   0.0     -0.89  15.6  25.10.2025  18:44:59
  9  13   2  14  $12    0.100    18.3969   1356.78   0.0     96.49   0.2  25.10.2025  18:45:01
  9  13   3  15  $12    0.100     2.9880    469.35   0.0     48.03   1.3  25.10.2025  18:45:03
  9  13   4  16  $12    1.000     8.4687    190.47   0.0     37.22   0.5  25.10.2025  18:45:06
 10  14   9  13  $12    0.010     4.5179   1935.46   0.1     39.65   2.7  25.10.2025  18:45:14
 10  14  11  15  $12    0.010     2.9386   1258.91   0.9      3.58 219.4  25.10.2025  18:45:16
 10  14  12  16  $12    0.100    16.3197   3076.18   0.0      3.20   1.1  25.10.2025  18:45:20
 10  14   5   9  $12    0.100   -17.0125   1503.18   0.1      2.29  38.1  25.10.2025  18:45:22
 10  14   7  11  $12    0.100   -14.9437   1971.77   0.0      0.60  46.1  25.10.2025  18:45:24
 10  14   8  12  $12    0.100    -6.5921   1242.59   0.0      2.27  11.3  25.10.2025  18:45:26
 10  14   5   1  $12    0.100     7.6418   8777.74   0.0     -0.36 258.9  25.10.2025  18:45:28
 10  14   6   2  $12    0.100     6.4862   4890.46   0.1      6.70   5.0  25.10.2025  18:45:30
 10  14   7   3  $12    0.100     5.8580   2656.98   0.0     -2.12   9.7  25.10.2025  18:45:32
 10  14   8   4  $12    0.100     5.3910   1270.22   0.0     -1.62   2.6  25.10.2025  18:45:34
 10  14   1  13  $12    0.100    20.7280   1858.27   0.0    102.79   0.0  25.10.2025  18:45:36
 10  14   3  15  $12    0.100     8.2991    612.06   0.0      1.44   3.3  25.10.2025  18:45:38
 10  14   4  16  $12    0.100     4.4084    692.47   0.0      1.19   3.4  25.10.2025  18:45:40
 11  15   9  13  $12    0.100    16.8410   3174.46   0.0      4.73   5.1  25.10.2025  18:45:42
 11  15  10  14  $12    0.010     2.9972   1283.99   0.0     -9.95   2.8  25.10.2025  18:45:47
 11  15  12  16  $12    0.010     4.1406   1773.84   0.0    -19.49   0.9  25.10.2025  18:45:49
 11  15   5   9  $12    0.100    -7.7171   1818.30   0.0      1.55  10.3  25.10.2025  18:45:53
 11  15   6  10  $12    0.100   -14.8143   1308.95   0.0     -1.25  17.1  25.10.2025  18:45:55
 11  15   8  12  $12    0.100   -13.7560   1815.06   0.0      3.26   2.9  25.10.2025  18:45:57
 11  15   5   1  $12    0.100     5.5917   9222.62   0.0      0.37 421.8  25.10.2025  18:45:59
 11  15   6   2  $12    0.100     5.9957   6886.93   0.0     -5.38  53.2  25.10.2025  18:46:01
 11  15   7   3  $12    0.100     6.2035   4677.30   0.0      0.08  36.9  25.10.2025  18:46:03
 11  15   8   4  $12    0.100     6.2035   2813.69   0.0      0.05 167.3  25.10.2025  18:46:05
 11  15   1  13  $12    0.100     3.5468   7799.83   0.0     18.84   2.8  25.10.2025  18:46:07
 11  15   2  14  $12    0.100     8.9225    799.91   0.0    -12.99   2.9  25.10.2025  18:46:09
 11  15   4  16  $12    0.100    20.6399   1522.21   0.0    -26.96   0.8  25.10.2025  18:46:11
 12  16   9  13  $12    0.100    10.6338   1403.09   0.0      7.91   4.8  25.10.2025  18:46:13
 12  16  10  14  $12    0.100    16.5512   3119.83   0.0      3.98   1.7  25.10.2025  18:46:15
 12  16  11  15  $12    0.010     4.0478   1734.08   0.0     -3.99   3.6  25.10.2025  18:46:20
 12  16   5   9  $12    0.100    -3.8524   1747.30   0.0      3.64   3.1  25.10.2025  18:46:23
 12  16   6  10  $12    0.100    -5.8049   1367.76   0.0     10.95   5.1  25.10.2025  18:46:25
 12  16   7  11  $12    0.100   -13.4439   1187.87   0.0      1.99   6.3  25.10.2025  18:46:28
 12  16   5   1  $12    0.100     4.8098  10907.94   0.0     -2.25   1.6  25.10.2025  18:46:30
 12  16   6   2  $12    0.100     5.6291   9284.28   0.0     -4.88   6.6  25.10.2025  18:46:32
 12  16   7   3  $12    0.100     6.2177   7141.88   0.0      0.02 752.9  25.10.2025  18:46:34
 12  16   8   4  $12    0.100     6.5497   4938.35   0.0      0.28  57.1  25.10.2025  18:46:36
 12  16  13   1  $12    1.000   -18.5055    180.99   0.0     37.96   0.0  25.10.2025  18:46:39
 12  16  14   2  $12    0.100    -4.7002  10336.26   0.2     19.70   0.3  25.10.2025  18:46:44
 12  16  15   3  $12    0.100   -19.8596   1780.42   0.0      3.12   2.4  25.10.2025  18:46:46
 13   1  14   2  $12    0.010     4.1688   1429.65   0.0     58.31   0.4  25.10.2025  18:46:51
 13   1  15   3  $12    0.100    11.7851    893.68   0.0      6.55   0.4  25.10.2025  18:46:55
 13   1  16   4  $12    0.100     6.9421    892.20   0.0      7.11   1.3  25.10.2025  18:46:57
 13   1  10  14  $12    0.100   -18.1319   1625.53   0.0     75.23   1.2  25.10.2025  18:46:59
 13   1  11  15  $12    0.100    -3.3161   7292.58   0.0     21.40   1.1  25.10.2025  18:47:01
 13   1  12  16  $12    1.000   -18.1622    177.63   0.0     13.15   0.4  25.10.2025  18:47:05
 13   1   9   5  $12    0.100     6.2855   1579.72   0.0     -6.49   1.1  25.10.2025  18:47:09
 13   1  10   6  $12    0.100     3.4677    779.91   0.0     99.20   0.6  25.10.2025  18:47:11
 13   1  11   7  $12    0.100     3.1287    491.45   0.0      1.12  56.6  25.10.2025  18:47:13
 13   1  12   8  $12    0.100     2.5566    188.55   0.1      8.95   6.0  25.10.2025  18:47:15
 13   1   6   2  $12    0.100    18.3230   1351.34   0.0    -10.23   8.3  25.10.2025  18:47:17
 13   1   7   3  $12    0.100     5.3167    835.14   0.0      0.10 100.7  25.10.2025  18:47:19
 13   1   8   4  $12    0.100     2.5364    570.45   0.0     -4.82  17.9  25.10.2025  18:47:21
 14   2  13   1  $12    0.010     4.1280   1415.65   0.0     49.75   0.1  25.10.2025  18:47:26
 14   2  15   3  $12    0.010     3.7867   1298.60   0.0     -2.37  30.7  25.10.2025  18:47:28
 14   2  16   4  $12    0.100    17.3476   1315.50   0.0      8.80   0.5  25.10.2025  18:47:32
 14   2   9  13  $12    0.100   -19.3691   1428.48   0.0    106.07   0.1  25.10.2025  18:47:34
 14   2  11  15  $12    0.100    -8.1916    734.38   0.0     19.97   0.5  25.10.2025  18:47:36
 14   2  12  16  $12    0.100    -4.6500  10225.86   0.2     35.88   6.3  25.10.2025  18:47:38
 14   2   9   5  $12    0.100     6.8666   1544.37   0.0     -2.84  34.5  25.10.2025  18:47:40
 14   2  10   6  $12    0.100     5.0297   1264.11   0.2     48.40   1.9  25.10.2025  18:47:42
 14   2  11   7  $12    0.100     4.5396   1021.00   0.0      2.18  14.2  25.10.2025  18:47:44
 14   2  12   8  $12    0.100     3.9859    626.11   0.1      0.40 654.6  25.10.2025  18:47:46
 14   2   5   1  $12    0.100    14.6261   1311.24   0.0     13.42  10.2  25.10.2025  18:47:48
 14   2   7   3  $12    0.010     2.4666   1819.14   0.0     -5.84   3.6  25.10.2025  18:47:53
 14   2   8   4  $12    0.100     8.6608   1360.44   0.0     -3.02   0.6  25.10.2025  18:47:57
 15   3  13   1  $12    0.100    11.8853    901.28   0.0      9.35   1.9  25.10.2025  18:47:59
 15   3  14   2  $12    0.010     3.7657   1291.41   0.0     -2.27   6.9  25.10.2025  18:48:04
 15   3  16   4  $12    0.010     4.3732   1499.72   0.0     -4.06   3.8  25.10.2025  18:48:06
 15   3   9  13  $12    0.100    -3.1970    502.19   0.0     53.86   0.2  25.10.2025  18:48:10
 15   3  10  14  $12    0.100    -8.6076    634.82   0.0      1.83   3.1  25.10.2025  18:48:12
 15   3  12  16  $12    0.100   -20.5382   1841.26   0.0    -20.02   1.5  25.10.2025  18:48:14
 15   3   9   5  $12    0.100     5.3537    840.96   0.0     -5.17   8.5  25.10.2025  18:48:16
 15   3  10   6  $12    0.100     4.6320   1041.79   0.0     24.63   5.2  25.10.2025  18:48:18
 15   3  11   7  $12    0.100     4.6786   1175.86   0.0     -1.61   8.4  25.10.2025  18:48:20
 15   3  12   8  $12    0.100     4.5607   1025.75   0.1      0.56  88.5  25.10.2025  18:48:22
 15   3   5   1  $12    0.100     3.3895   7453.96   0.1    -11.30  35.8  25.10.2025  18:48:24
 15   3   6   2  $12    0.010     2.4845   2227.37   0.0    -14.33  23.0  25.10.2025  18:48:29
 15   3   8   4  $12    0.100    17.8291   1314.91   0.0      0.34   2.4  25.10.2025  18:48:32
 16   4  13   1  $12    0.100     7.1089    913.64   0.0     12.55   3.9  25.10.2025  18:48:34
 16   4  14   2  $12    0.100    17.9032   1357.62   0.0      2.42   8.1  25.10.2025  18:48:36
 16   4  15   3  $12    0.010     4.3577   1494.42   0.0     -9.58   0.4  25.10.2025  18:48:41
 16   4   9  13  $12    1.000   -13.2593    298.21   0.0     59.35   0.6  25.10.2025  18:48:47
 16   4  10  14  $12    0.100    -4.4524    699.37   0.0     21.53   1.1  25.10.2025  18:48:51
 16   4  11  15  $12    0.100   -20.1225   1484.05   0.0      0.94  17.3  25.10.2025  18:48:54
 16   4   9   5  $12    0.100     5.1620    380.70   0.0     -2.99  34.3  25.10.2025  18:48:56
 16   4  10   6  $12    0.100     5.0055    786.27   0.2      0.09 1043.9  25.10.2025  18:48:58
 16   4  11   7  $12    0.100     5.2539   1181.66   0.0     -2.08   4.1  25.10.2025  18:49:00
 16   4  12   8  $12    0.100     5.4279   1364.19   0.0     -0.03 -3013.9  25.10.2025  18:49:02
 16   4   5   1  $12    1.000     5.7709     56.44   0.0     10.05   2.8  25.10.2025  18:49:05
 16   4   6   2  $12    0.100     8.2636  18172.64   0.0     -4.22   4.8  25.10.2025  18:49:10
 16   4   7   3  $12    0.100    17.6422   1581.63   0.0     -1.16   3.3  25.10.2025  18:49:12
  1   4   2   3  $12    0.010     2.4509   1539.97   0.0      1.19   7.4  25.10.2025  18:49:17
  2   3   1   4  $12    0.010     2.4594   1545.27   0.0      1.14  51.5  25.10.2025  18:49:19
  1   2   3   4  $12    0.100   -12.5136   2358.76   0.0     -0.97   8.8  25.10.2025  18:49:23
  3   4   1   2  $12    0.100   -12.3370   2325.47   0.0     -6.02   5.6  25.10.2025  18:49:25
  5   8   6   7  $12    0.100    22.2752   1399.59   0.0     40.85   0.5  25.10.2025  18:49:27
  6   7   5   8  $12    0.100    22.3170   1402.22   0.0     36.53   0.3  25.10.2025  18:49:29
  5   6   7   8  $12    0.100    -5.0300    948.13   0.1      6.10  37.0  25.10.2025  18:49:31
  7   8   5   6  $12    0.100    -5.2223    984.37   0.3     -8.42  11.6  25.10.2025  18:49:33
  9  12  10  11  $12    0.100    18.1418   1139.88   0.0      5.02   9.0  25.10.2025  18:49:35
 10  11   9  12  $12    0.100    18.0607   1134.79   0.0      3.40  12.0  25.10.2025  18:49:37
  9  10  11  12  $12    0.100    -4.8462    913.50   0.0     -2.12  19.2  25.10.2025  18:49:39
 11  12   9  10  $12    0.100    -4.8886    921.48   0.2     -9.71   8.0  25.10.2025  18:49:41
 13  16  14  15  $12    0.010     3.7201   2337.42   0.1     37.94   0.2  25.10.2025  18:49:46
 14  15  13  16  $12    0.010     3.7058   2328.42   0.2     41.03   0.3  25.10.2025  18:49:48
 13  14  15  16  $12    1.000   -16.3627    308.43   0.0     -9.56   3.8  25.10.2025  18:49:54
  1   9  10   2  $12    0.010    -4.5736   1645.84   0.0      8.79   0.5  25.10.2025  18:50:01
  1   9  11   3  $12    0.010    -2.1721   1861.05   0.1     12.17   2.4  25.10.2025  18:50:03
  1   9  12   4  $12    0.100   -14.3770   2404.03   0.0      3.69   1.0  25.10.2025  18:50:07
  2  10   9   1  $12    0.010    -4.5884   1651.16   0.0      8.87   2.0  25.10.2025  18:50:12
  2  10  11   3  $12    0.010    -4.9579   1784.14   0.0      3.58   1.7  25.10.2025  18:50:14
  2  10  12   4  $12    0.010    -2.4442   2094.18   0.1      8.56  16.6  25.10.2025  18:50:16
  3  11   9   1  $12    0.010    -2.1639   1854.02   0.1      9.38  16.1  25.10.2025  18:50:18
  3  11  10   2  $12    0.010    -4.9342   1775.59   0.0      4.00  21.5  25.10.2025  18:50:20
  3  11  12   4  $12    0.010    -4.2086   1514.48   0.0      6.80  18.7  25.10.2025  18:50:22
 12   4   9   1  $12    0.100    14.4807   2421.37   0.0      0.09 212.2  25.10.2025  18:50:26
 12   4  10   2  $12    0.010     2.4912   2134.48   0.0     -4.96   3.3  25.10.2025  18:50:31
 12   4  11   3  $12    0.010     4.2708   1536.87   0.0     -2.90   4.7  25.10.2025  18:50:33
 13   5  14   6  $12    0.010     5.3479   1924.46   0.1     68.49   0.6  25.10.2025  18:50:35
 13   5  15   7  $12    0.100    19.4482   1666.32   0.0      5.99   0.4  25.10.2025  18:50:38
 13   5  16   8  $12    0.100    13.1836   2204.48   0.0      6.19   5.2  25.10.2025  18:50:40
 14   6  13   5  $12    0.010     5.2342   1883.55   0.0     62.48   0.8  25.10.2025  18:50:45
 14   6  15   7  $12    0.010     3.3299   1198.29   0.0     10.99   2.0  25.10.2025  18:50:47
 14   6  16   8  $12    0.010     2.0111   1723.10   0.0     13.77   2.5  25.10.2025  18:50:49
 15   7  13   5  $12    0.100    19.6253   1681.49   0.0      6.84   0.1  25.10.2025  18:50:53
 15   7  14   6  $12    0.010     3.4389   1237.50   0.0     -0.14  49.4  25.10.2025  18:50:58
 15   7  16   8  $12    0.010     4.5221   1627.31   0.0     -6.34   1.6  25.10.2025  18:51:00
 16   8  13   5  $12    0.100    13.3181   2226.96   0.0      8.10   0.7  25.10.2025  18:51:03
 16   8  14   6  $12    0.100    20.3115   1740.28   0.0      6.22   0.8  25.10.2025  18:51:06
 16   8  15   7  $12    0.010     4.4183   1589.94   0.0     -5.40   1.5  25.10.2025  18:51:10
  1   2   5   6  $12    1.000    11.0885   2090.13   0.2   -142.06   0.0  25.10.2025  18:51:16
  2   3   6   7  $12    1.000     2.4448    460.84   0.2    458.78   0.1  25.10.2025  18:51:18
  3   4   7   8  $12   10.000    15.5778    293.63   0.0      0.95   4.6  25.10.2025  18:51:21
  1   2   9  10  $12   10.000    12.5569   1988.21   0.0     67.04   6.0  25.10.2025  18:51:23
  2   3  10  11  $12   10.000    10.7704   1705.35   0.0      6.10   1.8  25.10.2025  18:51:26
  3   4  11  12  $12   10.000     5.8762    930.42   0.0     -6.65   4.6  25.10.2025  18:51:28
  1   2  13  14  $12    1.000    10.7400  57899.00   0.0     -1.61   5.8  25.10.2025  18:51:33
  2   3  14  15  $12    1.000     9.3935  50640.16   0.0     -3.07   9.5  25.10.2025  18:51:35
  3   4  15  16  $12   10.000    18.8077  10139.18   0.0     -7.84   0.1  25.10.2025  18:51:38
  5   6   9  10  $12    0.100     3.6065   6798.09   0.1   -560.80   0.1  25.10.2025  18:51:47
  6   7  10  11  $12    0.100     0.1454    274.10   0.1    -87.13   0.8  25.10.2025  18:52:01
  7   8  11  12  $12    1.000     2.5591    482.37   0.0     -2.52  23.9  25.10.2025  18:52:04
  5   6  13  14  $12    0.100    -0.1254   1985.03   0.2   -782.18   0.2  25.10.2025  18:52:10
  6   7  14  15  $12    0.100    -0.2302   3644.87   0.7   -261.46   2.2  25.10.2025  18:52:15
  7   8  15  16  $12   10.000     5.6163    889.27   0.0      3.66   3.5  25.10.2025  18:52:20
  9  10  13  14  $12    1.000     1.9710    371.52   0.4    -96.06   5.0  25.10.2025  18:52:26
 10  11  14  15  $12    1.000     5.3781   1013.74   0.0      8.99   0.4  25.10.2025  18:52:28
 11  12  15  16  $12    1.000     2.5313    477.14   0.0     -8.20   2.3  25.10.2025  18:52:30
  1   2   6   7  $12   10.000    22.7638    858.18   0.3    238.29   5.0  25.10.2025  18:52:33
  2   3   7   8  $12   10.000    22.3639    843.10   0.0      2.94  55.9  25.10.2025  18:52:35
  1   2   7   8  $12   10.000    15.2031   1003.00   0.0      0.16 175.0  25.10.2025  18:52:37
  2   3   7   8  $12   10.000    22.3143    841.23   0.0      2.53   1.1  25.10.2025  18:52:39
  1   2  10  11  $12   10.000    18.5951   4206.11   0.0     -2.11   5.4  25.10.2025  18:52:41
  2   3  11  12  $12   10.000     9.2566   2093.78   0.0     -0.36  67.4  25.10.2025  18:52:44
  1   2  11  12  $12   10.000    15.7952   4912.60   0.0     -5.37   1.9  25.10.2025  18:52:46
  2   3  11  12  $12   10.000     9.1997   2080.91   0.0     -1.80   2.0  25.10.2025  18:52:48
  1   2  14  15  $12    1.000    16.6507 114244.36   0.0     -7.10   0.4  25.10.2025  18:52:52
  2   3  15  16  $12    1.000     2.7884  19131.82   0.0    -10.63   4.4  25.10.2025  18:52:55
  1   2  15  16  $12    1.000     5.1603  44257.24   0.0     -3.77   6.8  25.10.2025  18:52:57
  2   3  15  16  $12    1.000     2.7789  19066.75   0.0     -7.61   3.2  25.10.2025  18:52:59
  5   6  10  11  $12    0.100     0.4007   1510.67   0.0   -119.02   1.2  25.10.2025  18:53:04
  6   7  11  12  $12    0.100     0.3261   1229.52   0.8   -173.72   9.8  25.10.2025  18:53:09
  5   6  11  12  $12    0.100     0.1657   1092.91   0.6     97.94   3.0  25.10.2025  18:53:23
  6   7  11  12  $12    0.100     0.3504   1320.94   0.3   -182.30   3.0  25.10.2025  18:53:28
  5   6  14  15  $12    0.100     0.6742  15249.67   0.5   -181.88   2.2  25.10.2025  18:53:33
  6   7  15  16  $12    0.100     0.5801  13121.19   0.5   -187.36   3.0  25.10.2025  18:53:39
  5   6  15  16  $12    0.100    -0.2586   8044.40   0.1   -245.98   1.3  25.10.2025  18:53:44
  6   7  15  16  $12    0.100     0.5457  12343.28   0.1   -189.01   0.8  25.10.2025  18:53:49
  9  10  14  15  $12    1.000     3.1721   1195.84   0.6     42.45   3.0  25.10.2025  18:53:53
 10  11  15  16  $12    1.000     2.6633   1004.05   0.0      0.23 181.1  25.10.2025  18:53:55
  9  10  15  16  $12    1.000     2.9804   1966.28   0.2    -53.33   0.9  25.10.2025  18:53:57
 10  11  15  16  $12    1.000     2.6617   1003.43   0.0     -0.33  99.9  25.10.2025  18:53:59
