//C:\Users\user\Desktop\GeoTom\GeoTomE724.ini
//- Cable direction:
//  cable I: normal
//  cable II: normal
//  cable III: normal
//  cable IV: normal
//- Cable arrangement: sequential
//- Optimization: Last measurement
//- Sorting: Multi-level
//- Current levels: 0.001 mA .. 50.0 mA
Type:         Flow
Name:         Hyprop
Comment:      Example of a measurements sequence
Comment:      
Comment:      
Spacing:      1.00000
First El:     0.00000
Nr of points: 289
IP present:   1

  1   5   2   6  $12    0.001    16.9262  72511.62   0.4   1357.26   1.1  29.10.2025  09:40:10
  1   5   3   7  $12    0.010     1.0252   1932.40   0.0    651.75   0.6  29.10.2025  09:40:17
  1   5   4   8  $12    0.010     4.0338   5322.52   0.0    -84.29   0.0  29.10.2025  09:40:19
  1   5  14   2  $12    0.001    -3.7197  33346.79   0.1    210.16   0.8  29.10.2025  09:40:24
  1   5  15   3  $12    0.010     2.3789  52315.25   0.0   -881.72   0.0  29.10.2025  09:40:28
  1   5  16   4  $12    0.010     0.9120    892.01   0.1    -56.34   3.3  29.10.2025  09:40:33
  1   5  13   9  $12    0.001    10.3487 780271.45   0.2   -161.11   0.7  29.10.2025  09:40:38
  1   5  14  10  $12    0.010     3.4197  39279.68   0.0     22.92   0.1  29.10.2025  09:40:42
  1   5  15  11  $12    0.010     2.5367  41839.09   0.1   -512.19   0.2  29.10.2025  09:40:44
  1   5  16  12  $12    0.010     1.9241  43634.56   0.1     67.21   4.4  29.10.2025  09:40:49
  1   5  10   6  $12    0.001    10.9786  97003.87   0.5   2408.49   1.0  29.10.2025  09:40:55
  1   5  11   7  $12    0.010     0.9011   2123.12   0.0   -214.09   0.6  29.10.2025  09:41:02
  1   5  12   8  $12    0.010     3.1302  14197.66   0.0   -170.77   0.4  29.10.2025  09:41:04
  2   6   1   5  $12    0.001    57.1771 244945.93   0.2   -241.09   0.0  29.10.2025  09:41:09
  2   6   3   7  $12    0.001     2.4225  10378.03   0.1   -266.41   0.0  29.10.2025  09:41:11
  2   6   4   8  $12    0.010    13.2775  25027.50   0.5   -841.77   0.3  29.10.2025  09:41:15
  2   6  13   1  $12    0.001   -61.0798 450468.20   0.1   -303.70   0.0  29.10.2025  09:41:20
  2   6  15   3  $12    0.001    -3.7694  33792.65   0.1   -571.26   0.6  29.10.2025  09:41:22
  2   6  16   4  $12    0.010    -6.2527 137504.89   0.0   -571.46   0.4  29.10.2025  09:41:26
  2   6  13   9  $12    0.001   -83.1482 3771330.06   0.1    -78.04   0.5  29.10.2025  09:41:31
  2   6  14  10  $12    0.010    -3.4250  25823.96   0.7   -154.43   8.6  29.10.2025  09:41:35
  2   6  15  11  $12    0.001    -1.2058 138502.76   0.1  -1080.58   0.1  29.10.2025  09:41:40
  2   6  16  12  $12    0.010    -2.7986  46157.77   0.8  -2952.94   0.4  29.10.2025  09:41:44
  2   6   9   5  $12    0.001    79.3407 1046876.32   0.0    -61.85   0.0  29.10.2025  09:41:50
  2   6  11   7  $12    0.010    -5.6276   4972.37   0.1     92.33   2.9  29.10.2025  09:41:54
  2   6  12   8  $12    0.010     2.4720   5824.53   0.2  -2916.06   0.1  29.10.2025  09:41:56
  3   7   1   5  $12    0.100    13.6397   2571.02   0.1    732.64   0.1  29.10.2025  09:41:59
  3   7   2   6  $12    0.010     9.9173   4248.56   0.6    709.78   1.7  29.10.2025  09:42:05
  3   7   4   8  $12    0.010     3.8614   1654.23   0.0      2.53 104.6  29.10.2025  09:42:07
  3   7  13   1  $12    0.100     6.2596    983.26   0.6  -1992.03   0.8  29.10.2025  09:42:11
  3   7  14   2  $12    0.010    -4.7093   3473.12   0.1     60.28   1.6  29.10.2025  09:42:16
  3   7  16   4  $12    0.100   -17.3042   1551.33   0.0      5.11   1.6  29.10.2025  09:42:19
  3   7  13   9  $12    0.010     5.1472  12127.89   0.1   -165.33   0.4  29.10.2025  09:42:24
  3   7  14  10  $12    0.100     7.8631   3566.45   0.0     38.19   0.0  29.10.2025  09:42:28
  3   7  15  11  $12    0.100     7.4520   5618.67   0.0    -62.54   0.6  29.10.2025  09:42:30
  3   7  16  12  $12    0.100     7.5687   8693.79   0.0     22.19   3.8  29.10.2025  09:42:32
  3   7   9   5  $12    0.010    -3.2290   6086.55   0.4   -205.43   3.1  29.10.2025  09:42:37
  3   7  10   6  $12    0.010     1.5476   2042.02   0.3   5869.42   0.2  29.10.2025  09:42:39
  3   7  12   8  $12    0.100    13.1270   1159.87   0.0     -9.77   1.6  29.10.2025  09:42:43
  4   8   1   5  $12    0.010     4.8725   6429.17   0.6   -135.41   3.9  29.10.2025  09:42:48
  4   8   2   6  $12    0.010     3.1307   5901.16   0.3   -825.64   1.4  29.10.2025  09:42:51
  4   8   3   7  $12    0.010     3.8357   1643.20   0.2      2.02 439.6  29.10.2025  09:42:53
  4   8  13   1  $12    0.010    -2.7814   6255.64   0.0   -314.80   1.4  29.10.2025  09:42:55
  4   8  14   2  $12    0.010    -2.5823   4056.31   0.2      8.23 174.3  29.10.2025  09:42:57
  4   8  15   3  $12    0.100   -19.1263   1410.58   0.0    -24.21   0.2  29.10.2025  09:43:01
  4   8  13   9  $12    0.100   -13.1054   1157.96   0.6  -1006.18   1.9  29.10.2025  09:43:03
  4   8  14  10  $12    0.100     5.8380   1375.55   0.1     41.43   2.3  29.10.2025  09:43:05
  4   8  15  11  $12    0.100     6.0552   2746.44   0.0     51.65   1.1  29.10.2025  09:43:07
  4   8  16  12  $12    0.100     7.7318   5829.62   0.0     26.03   2.2  29.10.2025  09:43:09
  4   8   9   5  $12    0.010     3.2587   1396.01   0.6   -345.10   1.6  29.10.2025  09:43:14
  4   8  10   6  $12    0.100     2.7415    516.77   3.6  -4664.67   3.3  29.10.2025  09:43:25
  4   8  11   7  $12    0.100    12.4802   1646.73   0.0      8.24  11.5  29.10.2025  09:43:27
  5   9   6  10  $12    0.001    21.7819  93313.47   0.0   2261.59   0.2  29.10.2025  09:43:36
  5   9   7  11  $12    0.010     3.5214   6637.67   0.0   -159.34   0.0  29.10.2025  09:43:42
  5   9   8  12  $12    0.010     4.4613   5886.61   0.0   -205.78   0.1  29.10.2025  09:43:44
  5   9   2   6  $12    0.001   -15.1398 199764.93   0.1   3415.28   0.1  29.10.2025  09:43:50
  5   9   3   7  $12    0.010    -3.4967   6591.05   2.7  -1664.16   0.8  29.10.2025  09:43:58
  5   9   4   8  $12    0.010     7.2626   3111.29   0.3  -1569.97   0.0  29.10.2025  09:44:00
  5   9   1  13  $12    0.001    16.4718 413981.43   0.1   -375.65   0.0  29.10.2025  09:44:05
  5   9   2  14  $12    0.001     4.9077 110379.37   0.2   -397.98   0.7  29.10.2025  09:44:07
  5   9   3  15  $12    0.010     8.2233  12917.12   0.2    164.37   1.1  29.10.2025  09:44:11
  5   9   4  16  $12    0.010     5.1167   3773.62   0.0   -734.53   0.0  29.10.2025  09:44:13
  5   9  14  10  $12    0.010     7.6734   6780.00   0.0    184.88   0.9  29.10.2025  09:44:15
  5   9  15  11  $12    0.010    -6.9487  16372.60   0.0   -709.66   0.1  29.10.2025  09:44:17
  5   9  16  12  $12    0.010    -2.7127  12304.13   0.0  -1068.48   0.0  29.10.2025  09:44:19
  6  10   5   9  $12    0.001    87.9056 376586.63   0.2   -237.56   0.1  29.10.2025  09:44:24
  6  10   7  11  $12    0.010    -4.3754   1874.42   0.4     10.75  23.9  29.10.2025  09:44:28
  6  10   8  12  $12    0.010     1.3137   2476.27   0.5  -3076.06   0.3  29.10.2025  09:44:30
  6  10   1   5  $12    0.001   -55.3483 489042.95   0.2   -281.45   0.2  29.10.2025  09:44:36
  6  10   3   7  $12    0.010     4.0721   5373.07   0.1   -946.65   0.2  29.10.2025  09:44:39
  6  10   4   8  $12    0.010    -1.5242   2873.11   0.9  -1279.86   0.4  29.10.2025  09:44:45
  6  10   1  13  $12    0.001   -58.6306 1318657.18   0.2   -345.13   0.0  29.10.2025  09:44:50
  6  10   2  14  $12    0.001   -16.4669 413858.44   0.0   -399.25   0.1  29.10.2025  09:44:52
  6  10   3  15  $12    0.001    -3.0679  68999.33   0.0   -668.45   0.0  29.10.2025  09:44:54
  6  10   4  16  $12    0.010    -3.7650   5914.12   0.1   -232.16   2.0  29.10.2025  09:44:58
  6  10  13   9  $12    0.001    90.6898 1196624.04   0.1   -227.84   0.3  29.10.2025  09:45:03
  6  10  15  11  $12    0.001     1.4831  13104.30   0.4   -840.46   0.2  29.10.2025  09:45:07
  6  10  16  12  $12    0.010     1.5874   3740.32   0.1    178.27   3.1  29.10.2025  09:45:15
  7  11   5   9  $12    0.010     2.4260   4572.93   0.4   -104.04   7.3  29.10.2025  09:45:16
  7  11   6  10  $12    0.010     1.3190    565.07   4.1   1524.04  12.1  29.10.2025  09:45:23
  7  11   8  12  $12    0.010     3.0774   1318.37   0.0     13.71  54.4  29.10.2025  09:45:25
  7  11   1   5  $12    0.100    -6.2652   1476.19   0.5    -93.73   1.8  29.10.2025  09:45:29
  7  11   2   6  $12    0.100     1.1968    105.75   6.9 -10503.38   7.2  29.10.2025  09:45:35
  7  11   4   8  $12    0.100   -12.4786   1646.51   0.0      8.04   9.2  29.10.2025  09:45:37
  7  11   1  13  $12    0.100     4.4764    703.15   0.0    219.24   1.3  29.10.2025  09:45:39
  7  11   2  14  $12    0.100     5.8509   1315.91   0.1     81.62   5.6  29.10.2025  09:45:42
  7  11   3  15  $12    0.100     5.2106   1309.57   0.0     21.90   2.9  29.10.2025  09:45:44
  7  11   4  16  $12    0.100     7.2655   1634.08   0.0     22.26   0.7  29.10.2025  09:45:46
  7  11  13   9  $12    0.100    11.5718   2181.23   0.2   -226.76   3.7  29.10.2025  09:45:48
  7  11  14  10  $12    0.100    11.7658   1552.46   0.0     14.11   1.0  29.10.2025  09:45:50
  7  11  16  12  $12    0.100    11.2195    991.32   0.0     42.57   1.1  29.10.2025  09:45:52
  8  12   5   9  $12    0.010     5.1278   6765.93   0.1   -227.55   1.2  29.10.2025  09:45:57
  8  12   6  10  $12    0.010    -0.1687    317.97  25.0  21705.32  22.5  29.10.2025  09:46:01
  8  12   7  11  $12    0.010     3.0844   1321.36   0.4     47.02   9.9  29.10.2025  09:46:03
  8  12   1   5  $12    0.010    -3.4980  15865.76   0.1   -243.12   1.0  29.10.2025  09:46:05
  8  12   2   6  $12    0.010     0.3417    805.19  19.0  28739.47  65.6  29.10.2025  09:46:11
  8  12   3   7  $12    0.100   -12.9982   1148.49   0.0    -13.58   1.0  29.10.2025  09:46:15
  8  12   1  13  $12    0.100   -17.2235   1270.25   0.1   -672.62   0.0  29.10.2025  09:46:17
  8  12   2  14  $12    0.100     1.9785    310.78   0.0   1494.10   0.3  29.10.2025  09:46:19
  8  12   3  15  $12    0.100     4.0127    902.50   0.0    196.11   0.5  29.10.2025  09:46:21
  8  12  16   4  $12    0.100    -7.6154   1913.97   0.0     78.73   0.5  29.10.2025  09:46:23
  8  12   9  13  $12    0.010    -3.5765   1532.16   0.0   -383.19   1.1  29.10.2025  09:46:28
  8  12  10  14  $12    0.100    -4.7024    886.39   0.0    -70.29   0.3  29.10.2025  09:46:32
  8  12  11  15  $12    0.100   -13.3220   1757.80   0.0     -4.72   6.3  29.10.2025  09:46:34
  9  13  10  14  $12    0.010    15.3519   6576.73   0.0    425.48   0.0  29.10.2025  09:46:40
  9  13  11  15  $12    0.010    -7.2062  13583.45   0.1   -641.84   0.1  29.10.2025  09:46:42
  9  13  12  16  $12    0.010     1.6985   2241.10   0.6   1282.35   0.8  29.10.2025  09:46:44
  9  13   6  10  $12    0.001   -15.9978 211085.59   3.3   3457.93   3.1  29.10.2025  09:46:49
  9  13   7  11  $12    0.010    -3.0237   5699.55   0.0   -188.35   0.4  29.10.2025  09:46:53
  9  13   8  12  $12    0.010    -2.7773   1189.80   0.0   -376.44   0.0  29.10.2025  09:46:55
  9  13   5   1  $12    0.001    14.4064 1086216.14   0.1   -386.70   0.0  29.10.2025  09:47:00
  9  13   6   2  $12    0.001    -5.3060 240664.38   0.2  11413.53   0.1  29.10.2025  09:47:02
  9  13   7   3  $12    0.010     3.3711   7942.98   0.0   -402.92   0.0  29.10.2025  09:47:07
  9  13   8   4  $12    0.010    -1.6720   1477.31   0.1   -700.18   0.2  29.10.2025  09:47:12
  9  13   2  14  $12    0.001    -4.7092  34730.76   0.1   -579.03   0.2  29.10.2025  09:47:17
  9  13   3  15  $12    0.010   -19.5002  30630.85   0.0   -414.57   0.0  29.10.2025  09:47:20
  9  13   4  16  $12    0.010     0.6647   1495.00   0.0   2936.81   0.1  29.10.2025  09:47:26
 10  14   9  13  $12    0.010    15.9677   6840.55   0.8    334.21   0.7  29.10.2025  09:47:28
 10  14  11  15  $12    0.010     9.3647   4011.84   0.2    344.64   0.0  29.10.2025  09:47:30
 10  14  12  16  $12    0.001     3.4921  65824.62   0.1    131.29   0.1  29.10.2025  09:47:35
 10  14   5   9  $12    0.010    -7.7538   6851.06   0.0    146.74   0.9  29.10.2025  09:47:43
 10  14   7  11  $12    0.100   -12.5428   1654.98   0.0     25.14   0.6  29.10.2025  09:47:47
 10  14   8  12  $12    0.100    -5.1226    965.59   0.0    -31.40   0.0  29.10.2025  09:47:49
 10  14   5   1  $12    0.010     4.3019  49413.24   0.5    -47.57   7.1  29.10.2025  09:47:54
 10  14   6   2  $12    0.100     8.1068   6112.35   0.2   1380.84   1.1  29.10.2025  09:47:58
 10  14   7   3  $12    0.100     6.4600   2930.03   0.1     -0.72  33.1  29.10.2025  09:48:00
 10  14   8   4  $12    0.100     5.6495   1331.13   0.0     48.32   0.3  29.10.2025  09:48:02
 10  14   1  13  $12    0.010     4.9184   4409.38   0.4    921.40   1.2  29.10.2025  09:48:07
 10  14   3  15  $12    0.010     5.1411   3791.61   0.9    514.37   0.3  29.10.2025  09:48:10
 10  14   4  16  $12    0.001     2.7285  42858.77   0.0    151.86   0.3  29.10.2025  09:48:15
 11  15   9  13  $12    0.010     3.8276   7214.80   0.1    360.51   0.5  29.10.2025  09:48:19
 11  15  10  14  $12    0.010     7.3356   3142.56   0.1    245.58   0.8  29.10.2025  09:48:21
 11  15  12  16  $12    0.010    17.3811   7446.04   0.0    129.57   0.4  29.10.2025  09:48:23
 11  15   5   9  $12    0.100    -9.4903   2236.10   0.9    305.70   7.0  29.10.2025  09:48:27
 11  15   6  10  $12    0.010   -10.5567   9327.59   0.7   -210.26  15.2  29.10.2025  09:48:32
 11  15   8  12  $12    0.100   -13.3685   1763.94   0.0     28.49   1.1  29.10.2025  09:48:36
 11  15   5   1  $12    0.100     7.7023  12703.66   0.4    148.09   5.4  29.10.2025  09:48:38
 11  15   6   2  $12    0.100    -2.8929   3322.89   0.7   6527.69   0.6  29.10.2025  09:48:40
 11  15   7   3  $12    0.100     6.5650   4949.91   0.0     -1.15  52.9  29.10.2025  09:48:42
 11  15   8   4  $12    0.100     6.3489   2879.64   0.0      6.20   4.3  29.10.2025  09:48:44
 11  15   1  13  $12    0.100     2.0873   4590.21   0.7   -966.57   6.2  29.10.2025  09:48:46
 11  15   2  14  $12    0.100    11.1131    996.29   0.0    367.25   0.2  29.10.2025  09:48:48
 11  15   4  16  $12    0.010     7.8155   5763.99   0.9    233.99   0.6  29.10.2025  09:48:54
 12  16   9  13  $12    0.010     6.1011   8050.27   0.1     60.52   4.0  29.10.2025  09:48:56
 12  16  10  14  $12    0.001     2.7852  52499.51   0.1    116.85   1.0  29.10.2025  09:49:01
 12  16  11  15  $12    0.010    10.2923   4409.21   0.1    260.67   0.0  29.10.2025  09:49:04
 12  16   5   9  $12    0.100    -8.2295   3732.64   0.4   -582.05   1.0  29.10.2025  09:49:09
 12  16   6  10  $12    0.100     9.8598   2323.15   0.9   1678.90   0.6  29.10.2025  09:49:11
 12  16   7  11  $12    0.100   -11.3474   1002.62   0.0     19.96   2.8  29.10.2025  09:49:13
 12  16   5   1  $12    0.100    18.2520  41392.53   0.2    207.88   0.4  29.10.2025  09:49:15
 12  16   6   2  $12    0.010     5.5627  91747.07   0.9    303.95   4.5  29.10.2025  09:49:22
 12  16   7   3  $12    0.100     6.9899   8028.94   0.0      7.83   1.7  29.10.2025  09:49:26
 12  16   8   4  $12    0.100     8.1397   6137.20   0.0     45.42   0.2  29.10.2025  09:49:28
 12  16  13   1  $12    0.100   -11.5379   1128.46   0.2   1054.46   0.1  29.10.2025  09:49:30
 12  16  14   2  $12    0.010   -21.0303 462480.82   0.2    169.32   0.3  29.10.2025  09:49:35
 12  16  15   3  $12    0.010    -9.6666   8666.10   0.0    342.55   0.1  29.10.2025  09:49:37
 13   1  14   2  $12    0.001     4.6798  16048.81   0.1    378.43   0.1  29.10.2025  09:49:42
 13   1  15   3  $12    0.010    -2.5515   1934.84   0.0  -1116.72   0.0  29.10.2025  09:49:46
 13   1  16   4  $12    0.100    19.0552   2448.97   0.0   -480.37   0.7  29.10.2025  09:49:49
 13   1  10  14  $12    0.010    -2.5632   2297.91   0.2   1066.94   0.3  29.10.2025  09:49:54
 13   1  11  15  $12    0.100    21.1227  46451.26   0.7    318.22   1.8  29.10.2025  09:49:58
 13   1  12  16  $12    0.100    13.6099   1331.11   0.1  -1189.35   0.1  29.10.2025  09:50:00
 13   1   9   5  $12    0.001    12.4274 312335.39   0.2   -237.95   0.7  29.10.2025  09:50:08
 13   1  10   6  $12    0.001    -0.5740  12908.77   4.7  56380.29   4.9  29.10.2025  09:50:10
 13   1  11   7  $12    0.100     4.7711    749.45   5.0  -1616.12   3.9  29.10.2025  09:50:20
 13   1  12   8  $12    0.100     0.5476     40.39  10.1  -2777.82   5.2  29.10.2025  09:50:27
 13   1   6   2  $12    0.001     6.8152  50263.01   0.4   4686.02   0.6  29.10.2025  09:50:35
 13   1   7   3  $12    0.100    19.6175   3081.51   0.1   -263.11   0.7  29.10.2025  09:50:41
 13   1   8   4  $12    0.100    11.8159   2657.51   0.1    -82.65   1.8  29.10.2025  09:50:43
 14   2  13   1  $12    0.001     3.1826  10914.48   0.8    587.73   4.4  29.10.2025  09:50:51
 14   2  15   3  $12    0.010     5.7186   1961.13   0.0    483.86   0.0  29.10.2025  09:50:54
 14   2  16   4  $12    0.010    18.9355  14359.11   0.0    298.07   0.0  29.10.2025  09:50:56
 14   2   9  13  $12    0.001     4.8765  35964.87   0.7   -318.72   1.4  29.10.2025  09:51:01
 14   2  11  15  $12    0.010    -1.2558   1125.81   0.1   1957.40   0.0  29.10.2025  09:51:05
 14   2  12  16  $12    0.010   -16.8399 370327.73   0.0    321.26   0.0  29.10.2025  09:51:07
 14   2   9   5  $12    0.001     4.4754 100655.55   0.1   -175.38   0.6  29.10.2025  09:51:12
 14   2  10   6  $12    0.001     0.5567  13991.58   8.0 -18995.25  14.7  29.10.2025  09:51:19
 14   2  11   7  $12    0.100     0.7307    164.35   0.7   1758.71   0.8  29.10.2025  09:51:28
 14   2  12   8  $12    0.100     3.6396    571.71   0.0    279.87   0.2  29.10.2025  09:51:30
 14   2   5   1  $12    0.001     4.0435  36250.37   0.1    270.93   1.2  29.10.2025  09:51:38
 14   2   7   3  $12    0.010     4.3384   3199.60   0.0     68.64   1.9  29.10.2025  09:51:41
 14   2   8   4  $12    0.010     3.1363   4926.53   0.0     60.29   1.3  29.10.2025  09:51:43
 15   3  13   1  $12    0.010    -2.6310   1995.16   0.5  -1345.84   0.7  29.10.2025  09:51:45
 15   3  14   2  $12    0.010     6.6351   2275.41   0.0    329.62   0.5  29.10.2025  09:51:47
 15   3  16   4  $12    0.010    11.5501   3960.98   0.1    317.33   0.2  29.10.2025  09:51:49
 15   3   9  13  $12    0.010    13.2261  20775.56   0.0   -648.11   0.3  29.10.2025  09:51:51
 15   3  10  14  $12    0.010    -2.3858   1759.55   0.7    814.46   0.8  29.10.2025  09:51:53
 15   3  12  16  $12    0.010    -9.4658   8486.15   0.1    409.23   0.1  29.10.2025  09:51:56
 15   3   9   5  $12    0.010    12.8358  20162.47   0.0   -608.49   1.4  29.10.2025  09:51:58
 15   3  10   6  $12    0.001    -3.8364  86283.51   1.6   -421.76   3.5  29.10.2025  09:52:07
 15   3  11   7  $12    0.100     4.7147   1184.94   0.0     23.88   0.2  29.10.2025  09:52:13
 15   3  12   8  $12    0.100     4.1406    931.26   0.0     59.75   0.2  29.10.2025  09:52:15
 15   3   5   1  $12    0.100    -4.3473   9560.21   0.5  -2537.50   0.6  29.10.2025  09:52:17
 15   3   6   2  $12    0.001     3.1932  28626.84   0.4   -196.85   3.6  29.10.2025  09:52:25
 15   3   8   4  $12    0.100    19.2464   1419.44   0.0     -5.11   1.7  29.10.2025  09:52:30
 16   4  13   1  $12    0.100    16.6062   2134.23   0.1    554.45   0.6  29.10.2025  09:52:32
 16   4  14   2  $12    0.010    21.8439  16564.58   0.1    188.10   0.0  29.10.2025  09:52:37
 16   4  15   3  $12    0.010     9.7034   3327.65   0.2    275.62   0.6  29.10.2025  09:52:39
 16   4   9  13  $12    0.010    -2.0013   4501.07   0.1    528.43   0.2  29.10.2025  09:52:41
 16   4  10  14  $12    0.001    -2.2236  34928.50   0.0    257.15   0.0  29.10.2025  09:52:46
 16   4  11  15  $12    0.010    -8.6725   6396.07   0.0    364.86   0.0  29.10.2025  09:52:50
 16   4   9   5  $12    0.100     8.3093    612.82   0.9    280.03   6.3  29.10.2025  09:52:55
 16   4  10   6  $12    0.100     6.8937   1082.86   0.9   1417.97   1.5  29.10.2025  09:52:57
 16   4  11   7  $12    0.100     6.6535   1496.43   0.1     42.85   2.6  29.10.2025  09:52:59
 16   4  12   8  $12    0.100     7.2344   1818.20   0.0     90.27   0.1  29.10.2025  09:53:01
 16   4   5   1  $12    0.100    -3.6148    353.54   0.2    517.63   0.2  29.10.2025  09:53:03
 16   4   6   2  $12    0.100    -2.5933   5702.89   0.5   4128.55   1.7  29.10.2025  09:53:05
 16   4   7   3  $12    0.100    17.6745   1584.53   0.0      1.74  14.6  29.10.2025  09:53:07
  1   4   2   3  $12    0.001     3.2473  20403.12   0.1    381.97   0.0  29.10.2025  09:53:15
  2   3   1   4  $12    0.001     1.8070  11353.66   0.3   1856.54   1.4  29.10.2025  09:53:17
  1   2   3   4  $12    0.010    -3.6552   6889.86   0.0   -265.93   0.2  29.10.2025  09:53:21
  3   4   1   2  $12    0.010    -3.7505   7069.55   0.1   -249.71   0.4  29.10.2025  09:53:23
  5   8   6   7  $12    0.001    18.4647 116017.29   0.1   -729.88   1.0  29.10.2025  09:53:29
  6   7   5   8  $12    0.001    -5.7708  36258.93   0.5   -976.35   0.9  29.10.2025  09:53:31
  5   6   7   8  $12    0.010    14.4126  27167.02   0.5   -941.71   0.0  29.10.2025  09:53:34
  7   8   5   6  $12    0.010    -1.3336   2513.86   0.7   2342.39   0.9  29.10.2025  09:53:37
  9  12  10  11  $12    0.010    10.6781   6709.24   0.0    104.38   2.0  29.10.2025  09:53:39
 10  11   9  12  $12    0.010     9.9542   6254.40   0.4    135.43   2.1  29.10.2025  09:53:41
  9  10  11  12  $12    0.010     0.6290   1185.65   0.8   -625.81   3.9  29.10.2025  09:53:46
 11  12   9  10  $12    0.100    -5.9047   1113.00   0.9   -637.01   2.6  29.10.2025  09:53:55
 13  16  14  15  $12    0.010    -6.9138   4344.06   0.0   -504.22   0.5  29.10.2025  09:54:00
 14  15  13  16  $12    0.010   -12.4461   7820.10   0.0   -591.77   0.0  29.10.2025  09:54:02
 13  14  15  16  $12    0.001     2.1976  41424.35   0.2     -7.14  16.0  29.10.2025  09:54:07
  1   9  10   2  $12    0.001   -10.3139  37115.07   0.2    -69.83   1.1  29.10.2025  09:54:09
  1   9  11   3  $12    0.010    -6.0222   5159.81   0.0   -144.61   0.1  29.10.2025  09:54:12
  1   9  12   4  $12    0.010    -2.3646   3953.97   0.4     33.77   7.2  29.10.2025  09:54:14
  2  10   9   1  $12    0.001   -10.1996  36703.83   0.2    -79.12   1.1  29.10.2025  09:54:19
  2  10  11   3  $12    0.010    -6.3836   2297.17   0.0     92.47   0.3  29.10.2025  09:54:23
  2  10  12   4  $12    0.010    -3.9770   3407.49   0.0     97.31   0.8  29.10.2025  09:54:25
  3  11   9   1  $12    0.010    -6.5942   5649.89   0.8   -169.60   0.2  29.10.2025  09:54:27
  3  11  10   2  $12    0.010    -6.8460   2463.56   0.0     81.63   5.1  29.10.2025  09:54:29
  3  11  12   4  $12    0.010    -4.3267   1556.97   0.4      3.37  25.9  29.10.2025  09:54:31
 12   4   9   1  $12    0.010     2.8216   4718.17   0.6   -127.27   2.0  29.10.2025  09:54:33
 12   4  10   2  $12    0.010     3.7161   3183.96   0.4     74.86   0.3  29.10.2025  09:54:35
 12   4  11   3  $12    0.010     4.3024   1548.24   0.3     28.62   6.9  29.10.2025  09:54:37
 13   5  14   6  $12    0.001    14.3852  51765.96   0.3   -720.19   0.4  29.10.2025  09:54:42
 13   5  15   7  $12    0.100     4.9469    423.85   0.3   1522.92   0.3  29.10.2025  09:54:48
 13   5  16   8  $12    0.010     4.1676   6968.82   0.0    351.87   0.2  29.10.2025  09:54:53
 14   6  13   5  $12    0.001    -2.2052   7935.55   0.5  -2440.67   0.2  29.10.2025  09:54:58
 14   6  15   7  $12    0.001    -0.7605   2736.65   0.6  -1768.05   0.3  29.10.2025  09:55:02
 14   6  16   8  $12    0.001     2.2161  18987.62   0.1    368.55   0.3  29.10.2025  09:55:04
 15   7  13   5  $12    0.010     2.6448   2266.07   0.0    195.85   0.2  29.10.2025  09:55:08
 15   7  14   6  $12    0.010    -2.4572    884.24   0.5  -4101.86   2.7  29.10.2025  09:55:11
 15   7  16   8  $12    0.010    14.5942   5251.80   0.2    181.64   0.3  29.10.2025  09:55:13
 16   8  13   5  $12    0.010     4.7625   7963.63   0.4    383.07   1.3  29.10.2025  09:55:15
 16   8  14   6  $12    0.010    21.1549  18125.45   0.0    339.80   1.8  29.10.2025  09:55:17
 16   8  15   7  $12    0.010    10.7112   3854.49   0.3    348.00   0.2  29.10.2025  09:55:19
  1   2   5   6  $12    0.001     4.4901 846358.58   0.9   5077.70   0.9  29.10.2025  09:55:24
  2   3   6   7  $12    0.001    -4.6723 880707.35   0.4   1230.43   1.9  29.10.2025  09:55:26
  3   4   7   8  $12    1.000     1.6438    309.86   0.7   -196.91   0.8  29.10.2025  09:55:37
  1   2   9  10  $12    0.001   -10.7500 17021096.36   0.2   -220.19   0.6  29.10.2025  09:55:49
  2   3  10  11  $12    0.100    -0.4275   6769.58   0.1   -163.88   0.6  29.10.2025  09:55:57
  3   4  11  12  $12    1.000     1.9197   3039.55   0.0   -414.04   0.1  29.10.2025  09:56:04
  1   2  13  14  $12    0.010     2.6698 1439289.51   0.0    109.41   0.1  29.10.2025  09:56:13
  2   3  14  15  $12    0.010     3.8755 2089255.70   0.1    252.62   0.7  29.10.2025  09:56:15
  3   4  15  16  $12    1.000    16.0688  86626.27   0.4   -290.92   0.8  29.10.2025  09:56:21
  5   6   9  10  $12    0.001    84.3651 15902438.31   0.0   -177.67   0.1  29.10.2025  09:56:33
  6   7  10  11  $12    0.010    -1.0184  19196.80   0.6    172.53   8.9  29.10.2025  09:56:40
  7   8  11  12  $12    1.000     2.2759    428.99   0.2    208.36   1.5  29.10.2025  09:56:45
  5   6  13  14  $12    0.010    -2.7790 440015.28   0.8    241.96   5.4  29.10.2025  09:56:54
  6   7  14  15  $12    0.010   -22.8962 3625295.42   0.1   -177.88   0.4  29.10.2025  09:56:56
  7   8  15  16  $12   10.000    -2.8784    455.75  18.7  -2344.16  14.8  29.10.2025  09:57:12
  9  10  13  14  $12    0.010    -0.4758   8968.41   0.4     65.35   1.9  29.10.2025  09:57:24
 10  11  14  15  $12    1.000    10.6611   2009.56   0.0     65.60   0.0  29.10.2025  09:57:30
 11  12  15  16  $12    1.000     4.2502    801.15   0.1    198.28   0.3  29.10.2025  09:57:32
  1   2   6   7  $12    0.001    -5.4426 2051816.91   0.6   4193.63   0.7  29.10.2025  09:57:44
  2   3   7   8  $12    0.100     4.0896  15417.29   0.9  -1222.85   0.0  29.10.2025  09:57:49
  1   2   7   8  $12    0.010     0.3056  20163.07   0.2   -401.08   0.1  29.10.2025  09:57:55
  2   3   7   8  $12    0.100     8.6578  32638.96   0.5  -1227.89   0.0  29.10.2025  09:57:58
  1   2  10  11  $12    0.010    -0.1445  32688.03   0.1   -110.69   3.9  29.10.2025  09:58:04
  2   3  11  12  $12    0.100     1.0642  24072.43   0.0   -480.74   0.2  29.10.2025  09:58:11
  1   2  11  12  $12    0.010    -0.0486  15105.86   0.3   1221.82   0.4  29.10.2025  09:58:16
  2   3  11  12  $12    0.100     0.9272  20973.26   1.5   -524.75   2.0  29.10.2025  09:58:28
  1   2  14  15  $12    0.010    -3.8455 2638461.29   0.0   -137.61   0.6  29.10.2025  09:58:33
  2   3  15  16  $12    0.010    -2.9730 2039836.52   0.1    174.23   0.1  29.10.2025  09:58:35
  1   2  15  16  $12    0.010     3.9793 3412842.81   0.0   -313.27   0.1  29.10.2025  09:58:37
  2   3  15  16  $12    0.010    -2.9589 2030180.70   0.0    176.33   0.1  29.10.2025  09:58:39
  5   6  10  11  $12    0.010    -3.7062 139721.10   0.0  -1330.96   0.5  29.10.2025  09:58:41
  6   7  11  12  $12    0.010    -0.2725  10274.21   2.0 -10382.47   2.2  29.10.2025  09:58:44
  5   6  11  12  $12    0.010    -2.2922 151227.15   0.5   -305.42   2.4  29.10.2025  09:58:46
  6   7  11  12  $12    0.010     0.7072  26662.60   3.8   1925.50   7.1  29.10.2025  09:59:02
  5   6  14  15  $12    0.010    21.3237 4823305.27   0.0   -210.87   0.6  29.10.2025  09:59:04
  6   7  15  16  $12    0.001     1.3448 3041875.44   0.1   -722.89   0.1  29.10.2025  09:59:09
  5   6  15  16  $12    0.001    -1.2951 4028098.12   0.0   -718.73   0.0  29.10.2025  09:59:13
  6   7  15  16  $12    0.001     1.3680 3094281.52   0.1   -734.62   0.0  29.10.2025  09:59:18
  9  10  14  15  $12    0.010    -5.9010 222463.14   0.3   -477.98   0.2  29.10.2025  09:59:21
 10  11  15  16  $12   10.000    14.7595    556.42   0.3   -134.49   1.1  29.10.2025  09:59:29
  9  10  15  16  $12    0.010     6.8944 454849.10   0.4   -430.00   0.2  29.10.2025  09:59:41
 10  11  15  16  $12   10.000    15.0459    567.22   0.0   -119.20   0.3  29.10.2025  09:59:48
