//C:\Users\user\Desktop\GeoTom\GeoTomE724.ini
//- Cable direction:
//  cable I: normal
//  cable II: normal
//  cable III: normal
//  cable IV: normal
//- Cable arrangement: sequential
//- Optimization: Last measurement
//- Sorting: Multi-level
//- Current levels: 0.001 mA .. 50.0 mA
Type:         Flow
Name:         Hyprop
Comment:      Example of a measurements sequence
Comment:      
Comment:      
Spacing:      1.00000
First El:     0.00000
Nr of points: 289
IP present:   1

  1   5   2   6  $12    0.001    28.4916 122057.74   0.0     74.59   1.5  28.10.2025  10:40:09
  1   5   3   7  $12    0.010     2.1893   4126.77   0.0    242.79   0.4  28.10.2025  10:40:13
  1   5   4   8  $12    0.010     2.1041   2776.23   0.0    101.32   0.9  28.10.2025  10:40:15
  1   5  14   2  $12    0.001    -3.1044  27831.05   0.0     36.37   0.9  28.10.2025  10:40:19
  1   5  15   3  $12    0.100     8.1654  17956.56   0.3   -268.32   3.2  28.10.2025  10:40:25
  1   5  16   4  $12    0.100     1.8189    177.90   0.3    -12.72  30.1  28.10.2025  10:40:30
  1   5  13   9  $12    0.001     8.0031 603418.12   0.0   -343.68   0.3  28.10.2025  10:40:38
  1   5  14  10  $12    0.100     7.9763   9161.99   1.2   1099.67   2.5  28.10.2025  10:40:48
  1   5  15  11  $12    0.100    12.9722  21395.59   0.2    176.15   1.9  28.10.2025  10:40:50
  1   5  16  12  $12    0.100    19.9917  45337.97   0.1   -680.30   0.0  28.10.2025  10:40:52
  1   5  10   6  $12    0.001    22.4749 198582.13   0.2    127.09   1.4  28.10.2025  10:41:00
  1   5  11   7  $12    0.100    10.4645   2465.64   0.2    486.45   1.0  28.10.2025  10:41:05
  1   5  12   8  $12    0.100    -1.2385    561.73  14.6 -12036.21 229.2  28.10.2025  10:41:11
  2   6   1   5  $12    0.001    32.4088 138838.98   0.1   -269.34   0.1  28.10.2025  10:41:20
  2   6   3   7  $12    0.010     9.0487   3876.47   0.1   -180.10   1.0  28.10.2025  10:41:24
  2   6   4   8  $12    0.010     6.2680  11814.89   0.1   -157.81   0.9  28.10.2025  10:41:26
  2   6  13   1  $12    0.001   -30.1068 222039.85   0.1   -395.01   0.0  28.10.2025  10:41:31
  2   6  15   3  $12    0.010   -19.1736  17189.15   0.0   -250.05   0.0  28.10.2025  10:41:35
  2   6  16   4  $12    0.010    -3.4570  76024.11   0.1   -234.01   0.3  28.10.2025  10:41:37
  2   6  13   9  $12    0.001   -41.8973 1900326.56   0.2   -325.14   0.2  28.10.2025  10:41:43
  2   6  14  10  $12    0.010    -1.0416   7853.24   2.4   -366.03   3.2  28.10.2025  10:41:54
  2   6  15  11  $12    0.010    -5.5396  63629.78   0.1   -390.60   0.0  28.10.2025  10:41:56
  2   6  16  12  $12    0.010    -1.6834  27765.52   0.2   -628.18   0.3  28.10.2025  10:42:02
  2   6   9   5  $12    0.001    42.8070 564824.99   0.0   -237.71   0.3  28.10.2025  10:42:07
  2   6  11   7  $12    0.010    -0.3322    293.52   0.2  -1065.98   0.1  28.10.2025  10:42:14
  2   6  12   8  $12    0.010     4.2442  10000.06   0.0   -196.79   0.1  28.10.2025  10:42:16
  3   7   1   5  $12    0.010     2.4253   4571.61   0.2    283.86   2.2  28.10.2025  10:42:18
  3   7   2   6  $12    0.010     9.6874   4150.08   0.4   -248.03   1.6  28.10.2025  10:42:20
  3   7   4   8  $12    0.010     3.7666   1613.62   0.7     22.04   3.1  28.10.2025  10:42:22
  3   7  13   1  $12    0.100    -9.4187   1479.49   0.7    712.01   1.3  28.10.2025  10:42:26
  3   7  14   2  $12    0.010    -4.7192   3480.48   0.0     -6.93  12.7  28.10.2025  10:42:31
  3   7  16   4  $12    0.100   -18.0375   1617.07   0.0      8.10   0.3  28.10.2025  10:42:34
  3   7  13   9  $12    0.010     2.8228   6650.98   0.3   -381.97   0.1  28.10.2025  10:42:39
  3   7  14  10  $12    0.100     6.3231   2867.94   0.0      5.81   3.1  28.10.2025  10:42:43
  3   7  15  11  $12    0.100     6.4943   4896.60   0.1     -4.51  11.1  28.10.2025  10:42:45
  3   7  16  12  $12    0.100     6.3358   7277.53   0.1     -0.93 215.0  28.10.2025  10:42:47
  3   7   9   5  $12    0.100   -11.2283   2116.48   0.5   -805.96   1.6  28.10.2025  10:42:49
  3   7  10   6  $12    0.010     5.0923   6719.09   0.7   -236.60   4.4  28.10.2025  10:42:55
  3   7  12   8  $12    0.100    13.0621   1154.13   0.0      8.26   6.1  28.10.2025  10:42:59
  4   8   1   5  $12    0.100    20.1249   2655.42   0.0     -8.55   0.3  28.10.2025  10:43:01
  4   8   2   6  $12    0.100    11.1410   2100.02   0.4   -102.15   5.1  28.10.2025  10:43:03
  4   8   3   7  $12    0.010     3.7859   1621.87   0.0      2.03  32.7  28.10.2025  10:43:07
  4   8  13   1  $12    0.100    -7.0807   1592.53   0.4    -78.77  10.7  28.10.2025  10:43:12
  4   8  14   2  $12    0.100    -8.9083   1399.31   0.4     14.95  11.3  28.10.2025  10:43:14
  4   8  15   3  $12    0.100   -18.2032   1342.50   0.0      3.24   2.1  28.10.2025  10:43:16
  4   8  13   9  $12    0.100     5.0807    448.91   0.1    -69.49   5.9  28.10.2025  10:43:18
  4   8  14  10  $12    0.100     5.2796   1243.98   0.2     -0.67 716.7  28.10.2025  10:43:20
  4   8  15  11  $12    0.100     6.1769   2801.63   0.1      2.98  34.8  28.10.2025  10:43:22
  4   8  16  12  $12    0.100     6.4732   4880.70   0.1      8.90  25.5  28.10.2025  10:43:24
  4   8   9   5  $12    0.100     8.2616    353.93   0.6     41.81   9.8  28.10.2025  10:43:26
  4   8  10   6  $12    0.100     2.8956    545.81   1.0    203.38   5.2  28.10.2025  10:43:32
  4   8  11   7  $12    0.100    13.1118   1730.06   0.3     12.19  37.2  28.10.2025  10:43:34
  5   9   6  10  $12    0.001    37.6359 161232.03   0.3    -35.51  10.5  28.10.2025  10:43:43
  5   9   7  11  $12    0.010     2.6278   4953.33   0.2    -87.77   0.6  28.10.2025  10:43:47
  5   9   8  12  $12    0.010     1.6024   2114.32   0.1    110.79   3.8  28.10.2025  10:43:53
  5   9   2   6  $12    0.001   -29.1992 385273.73   0.0     -9.55  86.1  28.10.2025  10:43:58
  5   9   3   7  $12    0.010     0.8536   1608.92   0.2  -1152.72   0.6  28.10.2025  10:44:05
  5   9   4   8  $12    0.010    -0.4184    179.22   0.8    913.88   0.0  28.10.2025  10:44:10
  5   9   1  13  $12    0.001    10.0814 253372.95   0.1   -456.14   0.1  28.10.2025  10:44:15
  5   9   2  14  $12    0.010     6.2400  14034.25   0.0   -396.37   0.4  28.10.2025  10:44:19
  5   9   3  15  $12    0.010     3.1312   4918.47   0.1   -519.88   0.3  28.10.2025  10:44:21
  5   9   4  16  $12    0.010     0.7915    583.70   0.2   -371.89   0.1  28.10.2025  10:44:26
  5   9  14  10  $12    0.010     2.1570   1905.85   0.6     -4.80  82.7  28.10.2025  10:44:28
  5   9  15  11  $12    0.010     0.3108    732.23   0.2   1420.95   0.6  28.10.2025  10:44:34
  5   9  16  12  $12    0.010     0.4520   2050.28   0.8    237.94   4.6  28.10.2025  10:44:40
  6  10   5   9  $12    0.001    42.8218 183448.08   0.1   -328.60   0.4  28.10.2025  10:44:45
  6  10   7  11  $12    0.010     0.8363    358.29   0.2    607.87   1.4  28.10.2025  10:44:53
  6  10   8  12  $12    0.010     4.8946   9226.17   0.0   -161.50   1.6  28.10.2025  10:44:55
  6  10   1   5  $12    0.001   -33.8978 299511.54   0.0   -308.62   0.6  28.10.2025  10:45:00
  6  10   3   7  $12    0.010    -4.8121   6349.40   0.0   -282.90   0.0  28.10.2025  10:45:04
  6  10   4   8  $12    0.010    -4.9615   9352.25   0.1   -145.31   0.1  28.10.2025  10:45:06
  6  10   1  13  $12    0.001   -30.0508 675871.27   0.0   -438.87   0.1  28.10.2025  10:45:11
  6  10   2  14  $12    0.010   -11.9376  30002.43   0.0   -324.70   0.2  28.10.2025  10:45:15
  6  10   3  15  $12    0.010   -14.6617  32975.49   0.1   -315.39   0.1  28.10.2025  10:45:17
  6  10   4  16  $12    0.010    -2.7249   4280.20   0.1   -371.70   0.9  28.10.2025  10:45:19
  6  10  13   9  $12    0.001    39.8021 525176.49   0.2   -390.28   0.2  28.10.2025  10:45:24
  6  10  15  11  $12    0.010     7.7093   6811.73   0.0   -292.65   0.3  28.10.2025  10:45:28
  6  10  16  12  $12    0.010     2.9000   6832.97   0.5   -388.79   1.0  28.10.2025  10:45:30
  7  11   5   9  $12    0.010     2.4497   4617.49   0.4   -131.49   3.2  28.10.2025  10:45:32
  7  11   6  10  $12    0.010     2.3109    990.00   0.7    468.62   2.3  28.10.2025  10:45:35
  7  11   8  12  $12    0.010     3.2080   1374.30   0.4     26.68  23.2  28.10.2025  10:45:37
  7  11   1   5  $12    0.100    -9.5826   2257.84   0.4    -89.63   0.9  28.10.2025  10:45:41
  7  11   2   6  $12    0.100    -1.6180    142.97   1.2   3118.00   1.3  28.10.2025  10:45:47
  7  11   4   8  $12    0.100   -12.9167   1704.32   0.3      8.96  50.1  28.10.2025  10:45:49
  7  11   1  13  $12    0.100     2.6652    418.66   0.3    496.22   0.3  28.10.2025  10:45:51
  7  11   2  14  $12    0.100     4.6948   1055.90   0.6     23.76  12.6  28.10.2025  10:45:54
  7  11   3  15  $12    0.100     5.0774   1276.09   0.0     -1.69   1.7  28.10.2025  10:45:56
  7  11   4  16  $12    0.100     5.7860   1301.34   0.0     -5.97   7.3  28.10.2025  10:45:58
  7  11  13   9  $12    0.100     9.3878   1769.55   0.3   -306.01   2.6  28.10.2025  10:46:00
  7  11  14  10  $12    0.100    12.9658   1710.80   0.2     -1.79 129.3  28.10.2025  10:46:02
  7  11  16  12  $12    0.100    12.3132   1087.96   0.2      4.64  23.7  28.10.2025  10:46:03
  8  12   5   9  $12    0.100    20.5166   2707.10   0.1   -143.21   2.4  28.10.2025  10:46:06
  8  12   6  10  $12    0.100     6.9272   1305.75   0.9   1188.47   1.1  28.10.2025  10:46:10
  8  12   7  11  $12    0.010     3.1571   1352.50   0.0      3.09  34.7  28.10.2025  10:46:15
  8  12   1   5  $12    0.100   -12.6936   5757.40   0.1    -91.53   3.6  28.10.2025  10:46:19
  8  12   2   6  $12    0.100     3.8287    902.11   0.1  -1820.46   0.3  28.10.2025  10:46:21
  8  12   3   7  $12    0.100   -13.3627   1180.70   0.1      8.78   9.2  28.10.2025  10:46:23
  8  12   1  13  $12    1.000     4.0907     30.17   2.5   3597.42   2.5  28.10.2025  10:46:32
  8  12   2  14  $12    0.100     4.2698    670.70   0.0     42.41   0.5  28.10.2025  10:46:37
  8  12   3  15  $12    0.100     5.0757   1141.57   0.0      9.51   8.8  28.10.2025  10:46:39
  8  12  16   4  $12    0.100    -6.1043   1534.19   0.0      0.36  29.6  28.10.2025  10:46:41
  8  12   9  13  $12    0.100    -6.7307    288.34   0.4   -886.04   0.5  28.10.2025  10:46:43
  8  12  10  14  $12    0.100    -5.6194   1059.23   0.7    -11.88  24.0  28.10.2025  10:46:45
  8  12  11  15  $12    0.100   -12.8794   1699.40   0.0      3.20  13.4  28.10.2025  10:46:47
  9  13  10  14  $12    0.010     7.8229   3351.31   0.1    436.74   0.3  28.10.2025  10:46:53
  9  13  11  15  $12    0.010     1.0713   2019.37   0.8   1048.52   1.4  28.10.2025  10:46:58
  9  13  12  16  $12    0.010     1.3684   1805.55   0.9    391.63   1.8  28.10.2025  10:47:04
  9  13   6  10  $12    0.001   -31.5636 416472.21   0.8    -25.05   9.1  28.10.2025  10:47:09
  9  13   7  11  $12    0.010    -1.0698   2016.54   0.3   -133.48   7.7  28.10.2025  10:47:16
  9  13   8  12  $12    0.010    -0.4539    194.45   0.9    -13.61 127.9  28.10.2025  10:47:21
  9  13   5   1  $12    0.001     9.3220 702863.26   0.0   -489.32   0.5  28.10.2025  10:47:26
  9  13   6   2  $12    0.001   -30.6188 1388767.89   0.4     25.42  13.8  28.10.2025  10:47:28
  9  13   7   3  $12    0.010     2.5168   5929.98   0.3   -378.23   0.2  28.10.2025  10:47:32
  9  13   8   4  $12    0.010     0.7842    692.89   0.5   -102.96   6.8  28.10.2025  10:47:38
  9  13   2  14  $12    0.010    -1.5523   1144.87   0.6  -3753.53   0.5  28.10.2025  10:47:40
  9  13   3  15  $12    0.010    -2.6789   4207.99   0.1   -824.02   0.1  28.10.2025  10:47:42
  9  13   4  16  $12    0.010     0.2058    462.87   2.2   2792.82   3.0  28.10.2025  10:47:47
 10  14   9  13  $12    0.010     9.8839   4234.26   0.5    324.71   0.0  28.10.2025  10:47:49
 10  14  11  15  $12    0.010    10.8967   4668.15   0.1      6.94  11.5  28.10.2025  10:47:51
 10  14  12  16  $12    0.010     8.3153  15674.00   0.1    -25.47   1.3  28.10.2025  10:47:53
 10  14   5   9  $12    0.100   -17.9466   1585.71   0.5    180.72   2.0  28.10.2025  10:47:58
 10  14   7  11  $12    0.100   -12.4853   1647.40   0.3     15.41  15.3  28.10.2025  10:48:00
 10  14   8  12  $12    0.100    -5.7413   1082.22   0.0      0.63  13.7  28.10.2025  10:48:02
 10  14   5   1  $12    0.100    13.5364  15548.47   0.0   -135.10   0.4  28.10.2025  10:48:04
 10  14   6   2  $12    0.100    -4.8488   3655.91   0.6  -2498.39   0.3  28.10.2025  10:48:06
 10  14   7   3  $12    0.100     6.0139   2727.69   0.5      1.44 196.5  28.10.2025  10:48:08
 10  14   8   4  $12    0.100     5.3054   1250.05   0.0      2.83  13.4  28.10.2025  10:48:10
 10  14   1  13  $12    0.010     5.5925   5013.71   0.8    554.01   1.8  28.10.2025  10:48:15
 10  14   3  15  $12    0.010     6.6914   4934.95   0.0     86.87   1.7  28.10.2025  10:48:17
 10  14   4  16  $12    0.010     5.6023   8800.10   0.1     46.90   0.5  28.10.2025  10:48:19
 11  15   9  13  $12    0.010     4.1052   7738.05   0.9    -90.57   7.6  28.10.2025  10:48:21
 11  15  10  14  $12    0.010     9.3963   4025.35   0.4     48.29   7.7  28.10.2025  10:48:23
 11  15  12  16  $12    0.010    14.7488   6318.36   0.1    -73.64   1.5  28.10.2025  10:48:25
 11  15   5   9  $12    0.100   -10.9908   2589.65   0.2    -34.15  10.2  28.10.2025  10:48:29
 11  15   6  10  $12    0.100    -3.0668    270.97   2.0  -1795.03   2.5  28.10.2025  10:48:35
 11  15   8  12  $12    0.100   -13.1169   1730.74   0.0      1.74 193.0  28.10.2025  10:48:37
 11  15   5   1  $12    0.100     4.9442   8154.65   0.3    -90.33   3.6  28.10.2025  10:48:39
 11  15   6   2  $12    0.100    17.8150  20463.08   0.1    225.94   2.4  28.10.2025  10:48:41
 11  15   7   3  $12    0.100     6.4510   4863.92   0.5      3.09 123.2  28.10.2025  10:48:43
 11  15   8   4  $12    0.100     6.3332   2872.55   0.0      3.91   1.7  28.10.2025  10:48:45
 11  15   1  13  $12    0.100     9.8058  21564.03   0.0    350.65   0.3  28.10.2025  10:48:47
 11  15   2  14  $12    0.010     6.6404   5953.10   0.3    116.83   0.9  28.10.2025  10:48:52
 11  15   4  16  $12    0.010    11.8980   8774.89   0.0    -46.97   1.8  28.10.2025  10:48:54
 12  16   9  13  $12    0.010     2.7075   3572.40   0.4   -107.77   5.5  28.10.2025  10:48:56
 12  16  10  14  $12    0.010     6.8189  12853.38   0.2     71.85   2.1  28.10.2025  10:48:58
 12  16  11  15  $12    0.010    13.9172   5962.11   0.0    -27.07   1.5  28.10.2025  10:49:00
 12  16   5   9  $12    0.100    -6.3840   2895.58   0.3   -302.35   1.4  28.10.2025  10:49:09
 12  16   6  10  $12    0.100     2.5060    590.46   1.7  -1269.29   3.6  28.10.2025  10:49:15
 12  16   7  11  $12    0.100   -12.3239   1088.90   0.1      7.88  26.7  28.10.2025  10:49:17
 12  16   5   1  $12    0.100     5.2087  11812.59   0.4    251.14   1.2  28.10.2025  10:49:19
 12  16   6   2  $12    0.100    15.3473  25312.79   0.1   -293.11   1.0  28.10.2025  10:49:22
 12  16   7   3  $12    0.100     6.4322   7388.31   0.1     -8.04  77.3  28.10.2025  10:49:24
 12  16   8   4  $12    0.100     6.6967   5049.19   0.0     -2.96   1.4  28.10.2025  10:49:26
 12  16  13   1  $12    0.100    -7.6199    745.26   0.0    313.76   0.4  28.10.2025  10:49:28
 12  16  14   2  $12    0.010    -5.1128 112436.90   0.1    136.68   0.4  28.10.2025  10:49:33
 12  16  15   3  $12    0.010   -11.4659  10279.18   0.1     11.40  13.9  28.10.2025  10:49:35
 13   1  14   2  $12    0.001     4.1702  14301.26   0.1    130.02   0.4  28.10.2025  10:49:40
 13   1  15   3  $12    0.100    -4.9645    376.46   0.9  -1529.24   0.1  28.10.2025  10:49:46
 13   1  16   4  $12    0.100     5.4813    704.46   0.2    370.87   0.8  28.10.2025  10:49:48
 13   1  10  14  $12    0.010    -3.0426   2727.69   0.2    659.71   0.4  28.10.2025  10:49:52
 13   1  11  15  $12    0.100     9.1850  20198.83   0.5   -630.11   0.1  28.10.2025  10:49:56
 13   1  12  16  $12    0.100     1.5447    151.08   0.6  -2187.38   0.4  28.10.2025  10:49:59
 13   1   9   5  $12    0.001     8.8227 221738.10   0.2   -376.49   0.1  28.10.2025  10:50:07
 13   1  10   6  $12    0.001   -17.3647 390547.95   0.5    277.44   1.6  28.10.2025  10:50:09
 13   1  11   7  $12    0.100     1.0327    162.22   0.1    -96.13   7.5  28.10.2025  10:50:18
 13   1  12   8  $12    0.100     6.8320    503.87   0.1   -163.50   0.2  28.10.2025  10:50:19
 13   1   6   2  $12    0.001    17.9445 132342.40   0.7    213.31   4.4  28.10.2025  10:50:27
 13   1   7   3  $12    0.100     6.2441    980.81   0.3    314.90   0.5  28.10.2025  10:50:32
 13   1   8   4  $12    0.100    -1.8778    422.33   0.1   -759.88   0.3  28.10.2025  10:50:38
 14   2  13   1  $12    0.010    22.8088   7821.98   0.1    120.16   0.6  28.10.2025  10:50:43
 14   2  15   3  $12    0.010     9.1491   3137.57   0.2    163.94   0.3  28.10.2025  10:50:45
 14   2  16   4  $12    0.010     5.5296   4193.15   0.0    186.04   0.0  28.10.2025  10:50:47
 14   2   9  13  $12    0.010     3.3984   2506.36   0.0  -1681.66   0.1  28.10.2025  10:50:49
 14   2  11  15  $12    0.010    -5.0896   4562.88   0.0    299.90   1.0  28.10.2025  10:50:51
 14   2  12  16  $12    0.010    -4.1654  91602.79   0.1    237.56   0.0  28.10.2025  10:50:53
 14   2   9   5  $12    0.010     7.2069  16208.92   0.0   -485.28   0.2  28.10.2025  10:50:55
 14   2  10   6  $12    0.010   -14.1809  35640.51   0.8   -269.76   0.7  28.10.2025  10:50:57
 14   2  11   7  $12    0.100     4.3321    974.32   0.0     23.57   0.3  28.10.2025  10:51:01
 14   2  12   8  $12    0.100     4.0576    637.37   0.2     25.12   5.3  28.10.2025  10:51:03
 14   2   5   1  $12    0.001     2.3597  21155.21   0.1     75.80   3.0  28.10.2025  10:51:11
 14   2   7   3  $12    0.010     3.9341   2901.40   0.0    -15.85   7.6  28.10.2025  10:51:15
 14   2   8   4  $12    0.100    10.4121   1635.52   0.0     63.58   0.4  28.10.2025  10:51:19
 15   3  13   1  $12    0.100    14.2432   1080.09   0.1    815.76   0.1  28.10.2025  10:51:21
 15   3  14   2  $12    0.010     9.4303   3234.00   0.1    158.48   0.2  28.10.2025  10:51:26
 15   3  16   4  $12    0.010    12.4174   4258.40   0.0     58.68   0.5  28.10.2025  10:51:28
 15   3   9  13  $12    0.010     2.9298   4602.16   0.4  -1001.24   0.8  28.10.2025  10:51:30
 15   3  10  14  $12    0.010    -4.6194   3406.83   0.8    341.75   1.0  28.10.2025  10:51:32
 15   3  12  16  $12    0.010    -9.6396   8641.94   0.2     77.35   1.0  28.10.2025  10:51:34
 15   3   9   5  $12    0.010     3.7834   5942.91   0.3   -609.46   0.7  28.10.2025  10:51:36
 15   3  10   6  $12    0.010   -10.5788  23792.79   0.2   -622.35   0.3  28.10.2025  10:51:38
 15   3  11   7  $12    0.100     4.7987   1206.04   0.0      8.11   7.5  28.10.2025  10:51:42
 15   3  12   8  $12    0.100     4.8237   1084.89   0.0      9.97  11.2  28.10.2025  10:51:44
 15   3   5   1  $12    0.100     7.8676  17301.76   0.5    968.36   0.6  28.10.2025  10:51:46
 15   3   6   2  $12    0.010    14.9860  13434.97   0.8   -416.69   1.3  28.10.2025  10:51:51
 15   3   8   4  $12    0.100    18.1599   1339.31   0.0      3.97   1.5  28.10.2025  10:51:55
 16   4  13   1  $12    0.100    12.9422   1663.33   0.0    327.92   0.7  28.10.2025  10:51:57
 16   4  14   2  $12    0.010     6.0850   4614.33   0.0    142.56   0.1  28.10.2025  10:52:02
 16   4  15   3  $12    0.010    13.5131   4634.16   0.0     24.16   5.7  28.10.2025  10:52:04
 16   4   9  13  $12    0.100    -6.2802   1412.47   0.3    790.42   0.5  28.10.2025  10:52:12
 16   4  10  14  $12    0.010    -4.8380   7599.46   0.1    192.55   0.1  28.10.2025  10:52:17
 16   4  11  15  $12    0.010   -11.2179   8273.26   0.2     43.16   6.8  28.10.2025  10:52:19
 16   4   9   5  $12    0.100     4.5684    336.92   0.5   -148.51   2.0  28.10.2025  10:52:27
 16   4  10   6  $12    0.100     2.7435    430.95   0.6   2307.26   0.8  28.10.2025  10:52:29
 16   4  11   7  $12    0.100     5.6730   1275.91   0.3      0.19 2451.2  28.10.2025  10:52:31
 16   4  12   8  $12    0.100     6.0094   1510.34   0.0      4.56  46.9  28.10.2025  10:52:33
 16   4   5   1  $12    1.000    20.0863    196.45   0.1    -23.99   6.6  28.10.2025  10:52:37
 16   4   6   2  $12    0.100    11.5040  25298.61   0.1   -326.48   2.3  28.10.2025  10:52:42
 16   4   7   3  $12    0.100    17.8768   1602.66   0.1      4.41  46.3  28.10.2025  10:52:44
  1   4   2   3  $12    0.010    22.9576  14424.66   0.1     11.48   0.9  28.10.2025  10:52:48
  2   3   1   4  $12    0.001     2.7013  16972.79   0.2     12.83  13.0  28.10.2025  10:52:53
  1   2   3   4  $12    0.010    -3.0546   5757.80   0.2   -193.27   0.5  28.10.2025  10:52:57
  3   4   1   2  $12    0.010    -3.0852   5815.53   0.2   -163.73   1.6  28.10.2025  10:53:00
  5   8   6   7  $12    0.001     7.5853  47659.73   0.5   -302.56   1.1  28.10.2025  10:53:05
  6   7   5   8  $12    0.001     3.6480  22921.17   0.6    826.12   2.1  28.10.2025  10:53:07
  5   6   7   8  $12    0.010     0.2220    418.43   2.2  -3587.62   2.6  28.10.2025  10:53:22
  7   8   5   6  $12    0.100    -7.2323   1363.25   0.4   -225.02   1.4  28.10.2025  10:53:30
  9  12  10  11  $12    0.010     2.4547   1542.30   0.0    -78.96   0.3  28.10.2025  10:53:35
 10  11   9  12  $12    0.100    19.4151   1219.89   0.0     62.62   1.2  28.10.2025  10:53:43
  9  10  11  12  $12    0.010    -0.1401    264.01   3.1   1034.46   3.3  28.10.2025  10:53:49
 11  12   9  10  $12    0.100    -5.3948   1016.89   0.4   -234.96   1.6  28.10.2025  10:53:53
 13  16  14  15  $12    0.010    12.5077   7858.84   0.1     93.98   0.2  28.10.2025  10:53:58
 14  15  13  16  $12    0.010    13.7433   8635.17   0.1    138.23   0.3  28.10.2025  10:54:00
 13  14  15  16  $12    0.100    -8.9678   1690.38   0.2    245.68   0.2  28.10.2025  10:54:04
  1   9  10   2  $12    0.001    -3.6369  13087.69   0.0    -38.01   0.6  28.10.2025  10:54:12
  1   9  11   3  $12    0.010    -3.9756   3406.26   0.0   -114.80   0.2  28.10.2025  10:54:16
  1   9  12   4  $12    0.010    -1.6501   2759.25   0.0      1.62 182.6  28.10.2025  10:54:21
  2  10   9   1  $12    0.001    -3.5941  12933.46   0.6    -12.80  20.3  28.10.2025  10:54:26
  2  10  11   3  $12    0.010    -6.2068   2233.54   0.0      3.37   7.5  28.10.2025  10:54:30
  2  10  12   4  $12    0.010    -2.5089   2149.62   0.3     33.51  12.6  28.10.2025  10:54:32
  3  11   9   1  $12    0.010    -4.3889   3760.40   0.4   -127.93   1.5  28.10.2025  10:54:34
  3  11  10   2  $12    0.010    -6.5490   2356.67   0.4     10.03  28.3  28.10.2025  10:54:36
  3  11  12   4  $12    0.010    -4.2081   1514.31   0.4     11.73  23.4  28.10.2025  10:54:38
 12   4   9   1  $12    0.100    17.5126   2928.35   0.0    -63.96   0.2  28.10.2025  10:54:41
 12   4  10   2  $12    0.010     2.4468   2096.39   0.1      4.45   2.6  28.10.2025  10:54:46
 12   4  11   3  $12    0.010     4.2643   1534.53   0.0      0.26 654.5  28.10.2025  10:54:48
 13   5  14   6  $12    0.001     6.1711  22207.16   0.0     26.53  11.6  28.10.2025  10:54:53
 13   5  15   7  $12    0.010     2.6546   2274.44   0.1    253.57   0.2  28.10.2025  10:54:58
 13   5  16   8  $12    0.010     2.4587   4111.35   0.1    200.85   0.6  28.10.2025  10:55:00
 14   6  13   5  $12    0.001     3.9559  14235.38   0.0    859.99   0.1  28.10.2025  10:55:04
 14   6  15   7  $12    0.010    -1.9147    689.02   0.5  -2038.82   0.4  28.10.2025  10:55:08
 14   6  16   8  $12    0.010     6.2363   5343.27   0.0    181.31   0.2  28.10.2025  10:55:10
 15   7  13   5  $12    0.010     3.1527   2701.23   0.9    191.93   4.3  28.10.2025  10:55:12
 15   7  14   6  $12    0.010     8.6021   3095.50   0.6    234.66   6.7  28.10.2025  10:55:14
 15   7  16   8  $12    0.010    14.0122   5042.35   0.2    -27.11   5.6  28.10.2025  10:55:16
 16   8  13   5  $12    0.010     2.7412   4583.67   0.0    192.86   0.6  28.10.2025  10:55:18
 16   8  14   6  $12    0.010     6.0988   5225.43   0.2    324.79   5.1  28.10.2025  10:55:20
 16   8  15   7  $12    0.010    13.1194   4721.09   0.2      9.04  14.7  28.10.2025  10:55:22
  1   2   5   6  $12    0.001    13.6987 2582150.95   0.2   -175.51   0.0  28.10.2025  10:55:28
  2   3   6   7  $12    0.010    -5.4726 103156.54   0.9    -63.87   5.4  28.10.2025  10:55:36
  3   4   7   8  $12    1.000     1.2504    235.70   0.1     -5.70  35.9  28.10.2025  10:55:44
  1   2   9  10  $12    0.001    -8.7925 13921666.67   0.7   -406.87   1.0  28.10.2025  10:55:55
  2   3  10  11  $12    1.000     2.0823   3297.00   0.7    -41.93   9.2  28.10.2025  10:56:02
  3   4  11  12  $12    1.000     1.2567   1989.78   0.2   -215.63   2.2  28.10.2025  10:56:08
  1   2  13  14  $12    0.100     7.6199 410785.83   0.0    -88.00   0.0  28.10.2025  10:56:13
  2   3  14  15  $12    0.100     3.9472 212794.06   0.2    188.30   0.6  28.10.2025  10:56:15
  3   4  15  16  $12    1.000     4.0043  21587.34   0.1   -161.89   0.0  28.10.2025  10:56:19
  5   6   9  10  $12    0.001    40.0793 7554765.35   0.1   -371.67   0.2  28.10.2025  10:56:31
  6   7  10  11  $12    0.010     1.9209  36207.44   0.6   -322.95   0.4  28.10.2025  10:56:38
  7   8  11  12  $12    1.000     2.1798    410.88   0.0      8.01   1.5  28.10.2025  10:56:43
  5   6  13  14  $12    0.010    -2.0316 321683.26   0.1   -143.17   0.2  28.10.2025  10:56:52
  6   7  14  15  $12    0.010    -3.5470 561614.22   0.5   -344.28   0.3  28.10.2025  10:56:54
  7   8  15  16  $12   10.000     3.4062    539.32   0.6     -1.98 361.9  28.10.2025  10:57:01
  9  10  13  14  $12    0.010     0.4083   7695.78   0.5   -500.55   1.2  28.10.2025  10:57:13
 10  11  14  15  $12    1.000     6.1972   1168.15   0.0    -35.63   0.6  28.10.2025  10:57:18
 11  12  15  16  $12    1.000     2.2661    427.15   0.4    -33.13   7.6  28.10.2025  10:57:20
  1   2   6   7  $12    0.001   -16.2879 6140391.79   0.0    -22.14   4.9  28.10.2025  10:57:31
  2   3   7   8  $12    1.000     3.2145   1211.83   0.4   -583.56   0.6  28.10.2025  10:57:39
  1   2   7   8  $12    0.100    -1.2488   8238.72   3.8     -8.81 496.2  28.10.2025  10:57:48
  2   3   7   8  $12    1.000     1.6991    640.56   0.6    -19.11  18.9  28.10.2025  10:57:55
  1   2  10  11  $12    0.100     3.1704  71713.13   0.1   -339.18   0.0  28.10.2025  10:58:01
  2   3  11  12  $12    1.000     1.6335   3694.95   0.0    -84.77   1.2  28.10.2025  10:58:08
  1   2  11  12  $12    0.100     3.7262 115892.39   0.0   -238.59   1.2  28.10.2025  10:58:13
  2   3  11  12  $12    1.000     1.6308   3688.81   0.0    -82.78   2.0  28.10.2025  10:58:20
  1   2  14  15  $12    0.100    -3.7860 259765.23   0.0      4.72  34.6  28.10.2025  10:58:25
  2   3  15  16  $12    1.000     5.5297  37940.61   0.1    159.85   0.6  28.10.2025  10:58:29
  1   2  15  16  $12    0.100    12.7340 1092140.97   0.3   -251.09   0.2  28.10.2025  10:58:34
  2   3  15  16  $12    1.000     5.9563  40867.48   0.1    134.94   0.4  28.10.2025  10:58:38
  5   6  10  11  $12    0.010    -0.8526  32141.29   0.0   -479.24   0.1  28.10.2025  10:58:47
  6   7  11  12  $12    0.010     2.1068  79423.69   0.0   -284.77   0.3  28.10.2025  10:58:49
  5   6  11  12  $12    0.010    -1.7507 115497.61   0.0   -306.46   0.0  28.10.2025  10:58:54
  6   7  11  12  $12    0.010     1.9839  74793.03   0.1   -296.63   0.0  28.10.2025  10:58:59
  5   6  14  15  $12    0.010     3.0207 683255.81   0.1   -355.61   1.5  28.10.2025  10:59:01
  6   7  15  16  $12    0.010     6.7449 1525654.50   0.1   -278.76   0.0  28.10.2025  10:59:03
  5   6  15  16  $12    0.010    -5.8344 1814609.38   0.1   -296.01   0.0  28.10.2025  10:59:05
  6   7  15  16  $12    0.010     7.1257 1611793.89   0.0   -277.91   0.0  28.10.2025  10:59:07
  9  10  14  15  $12    0.010    -0.4911  18512.39   0.5   -699.73   1.4  28.10.2025  10:59:12
 10  11  15  16  $12    1.000     2.9840   1124.94   0.0    -41.24   0.3  28.10.2025  10:59:18
  9  10  15  16  $12    0.010     0.8201  54106.24   0.6   -701.44   0.5  28.10.2025  10:59:26
 10  11  15  16  $12    1.000     2.9774   1122.46   0.0    -39.67   0.7  28.10.2025  10:59:32
