//C:\Users\user\Desktop\GeoTom\GeoTomE724.ini
//- Cable direction:
//  cable I: normal
//  cable II: normal
//  cable III: normal
//  cable IV: normal
//- Cable arrangement: sequential
//- Optimization: Last measurement
//- Sorting: Multi-level
//- Current levels: 0.001 mA .. 50.0 mA
Type:         Flow
Name:         Hyprop
Comment:      Example of a measurements sequence
Comment:      
Comment:      
Spacing:      1.00000
First El:     0.00000
Nr of points: 289
IP present:   1

  1   5   2   6  $12    0.010     4.3462   1861.92   0.0     12.98   7.7  25.10.2025  16:40:05
  1   5   3   7  $12    0.100    16.3874   3088.95   0.0      2.68   0.0  25.10.2025  16:40:09
  1   5   4   8  $12    0.100     9.4525   1247.23   0.0      2.05   4.4  25.10.2025  16:40:11
  1   5  14   2  $12    0.100   -14.7666   1323.83   0.0     13.48   1.2  25.10.2025  16:40:13
  1   5  15   3  $12    0.100    -3.4538   7595.36   0.0      5.38   2.4  25.10.2025  16:40:15
  1   5  16   4  $12    1.000    -7.7272     75.58   0.0      3.43   2.0  25.10.2025  16:40:19
  1   5  13   9  $12    0.100     9.0900   6853.72   0.0     10.51   0.9  25.10.2025  16:40:24
  1   5  14  10  $12    0.100     7.5557   8678.80   0.0     -2.64  11.3  25.10.2025  16:40:26
  1   5  15  11  $12    0.100     5.5303   9121.36   0.0      1.61  19.4  25.10.2025  16:40:28
  1   5  16  12  $12    0.100     4.7560  10785.74   0.1      1.95  40.5  25.10.2025  16:40:30
  1   5  10   6  $12    0.100    20.7013   1829.11   0.0     19.16   2.0  25.10.2025  16:40:32
  1   5  11   7  $12    0.100     7.3629   1734.85   0.0      1.96   1.7  25.10.2025  16:40:34
  1   5  12   8  $12    0.100     3.9883   1808.96   0.0     -2.12  40.3  25.10.2025  16:40:36
  2   6   1   5  $12    0.010     4.3775   1875.33   0.0     11.55   1.2  25.10.2025  16:40:41
  2   6   3   7  $12    0.010     4.5018   1928.57   0.0     -2.38  32.1  25.10.2025  16:40:43
  2   6   4   8  $12    0.100    19.5764   3690.07   0.0     -8.04   0.1  25.10.2025  16:40:46
  2   6  13   1  $12    0.100   -19.3434   1426.59   0.0    -22.10   1.4  25.10.2025  16:40:48
  2   6  15   3  $12    0.010    -2.4360   2183.87   0.0     -2.45  10.6  25.10.2025  16:40:53
  2   6  16   4  $12    0.100    -8.3607  18386.23   0.0    -14.09   0.4  25.10.2025  16:40:57
  2   6  13   9  $12    0.100     3.1921   1447.86   0.0    660.56   0.1  25.10.2025  16:40:59
  2   6  14  10  $12    0.100     6.1478   4635.31   0.0      5.09   8.9  25.10.2025  16:41:01
  2   6  15  11  $12    0.100     5.3854   6185.91   0.0     20.01   1.2  25.10.2025  16:41:03
  2   6  16  12  $12    0.100     5.2175   8605.46   0.0     13.52   8.2  25.10.2025  16:41:05
  2   6   9   5  $12    0.100    20.9038   2758.19   0.0    -60.96   0.0  25.10.2025  16:41:07
  2   6  11   7  $12    0.100    14.4124   1273.44   0.0      1.23  24.7  25.10.2025  16:41:09
  2   6  12   8  $12    0.100     5.9701   1406.68   0.0    -20.78   2.6  25.10.2025  16:41:11
  3   7   1   5  $12    0.100    16.3356   3079.19   0.0      2.11  10.7  25.10.2025  16:41:13
  3   7   2   6  $12    0.010     4.4969   1926.46   0.1     -0.16 1712.6  25.10.2025  16:41:18
  3   7   4   8  $12    0.010     3.6636   1569.47   0.0      0.55 142.7  25.10.2025  16:41:20
  3   7  13   1  $12    0.100    -5.3838    845.68   0.0      6.33   3.1  25.10.2025  16:41:24
  3   7  14   2  $12    0.010    -2.4156   1781.54   0.0      6.86   1.8  25.10.2025  16:41:29
  3   7  16   4  $12    0.100   -17.5664   1574.84   0.0      2.57   1.5  25.10.2025  16:41:32
  3   7  13   9  $12    0.100     6.0709   1430.41   0.0     -4.75   5.1  25.10.2025  16:41:34
  3   7  14  10  $12    0.100     5.8308   2644.65   0.0     -1.83   0.4  25.10.2025  16:41:36
  3   7  15  11  $12    0.100     6.1837   4662.41   0.0      0.99   9.8  25.10.2025  16:41:38
  3   7  16  12  $12    0.100     6.1612   7077.06   0.0      0.93  94.4  25.10.2025  16:41:40
  3   7   9   5  $12    0.100     4.8734    918.62   0.0      3.21   2.7  25.10.2025  16:41:42
  3   7  10   6  $12    0.100    14.7306   1943.65   0.0     -2.24  19.0  25.10.2025  16:41:44
  3   7  12   8  $12    0.100    12.6456   1117.33   0.0      2.22  21.8  25.10.2025  16:41:46
  4   8   1   5  $12    0.100     9.4317   1244.48   0.0      2.05  32.9  25.10.2025  16:41:48
  4   8   2   6  $12    0.100    19.4616   3668.42   0.0      2.37   8.8  25.10.2025  16:41:50
  4   8   3   7  $12    0.010     3.6616   1568.64   0.0     -2.49   7.2  25.10.2025  16:41:55
  4   8  13   1  $12    0.100    -2.5907    582.67   0.0      9.04   4.9  25.10.2025  16:41:59
  4   8  14   2  $12    0.100    -8.6371   1356.71   0.0      1.42  12.2  25.10.2025  16:42:01
  4   8  15   3  $12    0.100   -17.9167   1321.37   0.0      0.33  37.0  25.10.2025  16:42:03
  4   8  13   9  $12    0.100     5.3030    468.56   0.0     -1.81  34.3  25.10.2025  16:42:05
  4   8  14  10  $12    0.100     5.3663   1264.41   0.0     -1.20  36.3  25.10.2025  16:42:07
  4   8  15  11  $12    0.100     6.1926   2808.74   0.0     -0.61  61.8  25.10.2025  16:42:09
  4   8  16  12  $12    0.100     6.5029   4903.06   0.0      2.24  13.9  25.10.2025  16:42:11
  4   8   9   5  $12    1.000    15.5255     66.51   0.0     12.02   0.2  25.10.2025  16:42:15
  4   8  10   6  $12    0.100     5.5154   1039.62   0.0     12.47   1.5  25.10.2025  16:42:20
  4   8  11   7  $12    0.100    12.2862   1621.13   0.0      2.25   5.9  25.10.2025  16:42:22
  5   9   6  10  $12    0.010     4.4983   1927.08   0.0    -23.25   2.9  25.10.2025  16:42:27
  5   9   7  11  $12    0.100    17.9093   3375.83   0.0      1.40   1.0  25.10.2025  16:42:30
  5   9   8  12  $12    0.100    10.5501   1392.05   0.0      1.11   5.5  25.10.2025  16:42:32
  5   9   2   6  $12    0.100   -20.5696   2714.09   0.0    -56.19   0.5  25.10.2025  16:42:34
  5   9   3   7  $12    0.100    -4.8645    916.93   0.0      9.80   0.9  25.10.2025  16:42:36
  5   9   4   8  $12    1.000   -15.8518     67.91   0.0     17.53   1.9  25.10.2025  16:42:40
  5   9   1  13  $12    0.100     6.2940   1581.85   0.0     -7.90   1.2  25.10.2025  16:42:45
  5   9   2  14  $12    0.100     6.8447   1539.43   0.0     -2.09  13.2  25.10.2025  16:42:47
  5   9   3  15  $12    0.100     5.3635    842.49   0.0     -7.96   2.3  25.10.2025  16:42:49
  5   9   4  16  $12    0.100     5.1684    381.17   0.0     -4.42   5.3  25.10.2025  16:42:51
  5   9  14  10  $12    0.100    17.0499   1506.48   0.0      0.51  84.2  25.10.2025  16:42:53
  5   9  15  11  $12    0.100     7.6837   1810.44   0.0      2.31   0.7  25.10.2025  16:42:55
  5   9  16  12  $12    0.100     3.8692   1754.95   0.1     -3.53  28.5  25.10.2025  16:42:57
  6  10   5   9  $12    0.010     4.4731   1916.26   0.0    -22.82   1.8  25.10.2025  16:43:02
  6  10   7  11  $12    0.010     3.4105   1461.04   0.0      1.22  49.6  25.10.2025  16:43:04
  6  10   8  12  $12    0.100    16.3260   3077.37   0.0     -5.41   0.4  25.10.2025  16:43:08
  6  10   1   5  $12    0.100   -20.9587   1851.85   0.0     18.64   0.3  25.10.2025  16:43:10
  6  10   3   7  $12    0.100   -14.6756   1936.40   0.0     -5.00   4.3  25.10.2025  16:43:12
  6  10   4   8  $12    0.100    -5.6497   1064.94   0.0     -6.03   0.4  25.10.2025  16:43:14
  6  10   1  13  $12    0.100     2.6481    595.58   0.0    225.32   0.2  25.10.2025  16:43:16
  6  10   2  14  $12    0.100     4.3582   1095.33   0.0     66.50   1.3  25.10.2025  16:43:18
  6  10   3  15  $12    0.100     3.7954    853.62   0.0     64.88   0.2  25.10.2025  16:43:20
  6  10   4  16  $12    0.100     4.4980    706.55   0.0     26.38   1.2  25.10.2025  16:43:22
  6  10  13   9  $12    0.100    20.6122   2719.72   0.0   -105.21   0.2  25.10.2025  16:43:24
  6  10  15  11  $12    0.100    15.2074   1343.68   0.0    -16.44   1.0  25.10.2025  16:43:26
  6  10  16  12  $12    0.100     6.1775   1455.53   0.0    -28.56   0.8  25.10.2025  16:43:28
  7  11   5   9  $12    0.100    18.0018   3393.25   0.0      0.70   2.3  25.10.2025  16:43:30
  7  11   6  10  $12    0.010     3.4253   1467.38   0.3     -5.15  65.2  25.10.2025  16:43:35
  7  11   8  12  $12    0.010     3.1321   1341.77   0.4     -9.90  20.4  25.10.2025  16:43:37
  7  11   1   5  $12    0.100    -7.3753   1737.77   0.0      4.97   1.3  25.10.2025  16:43:40
  7  11   2   6  $12    0.100   -14.5077   1281.86   0.0      6.28  12.1  25.10.2025  16:43:42
  7  11   4   8  $12    0.100   -12.3317   1627.13   0.0      4.14  14.4  25.10.2025  16:43:44
  7  11   1  13  $12    0.100     3.1933    501.60   0.0      3.61   5.5  25.10.2025  16:43:46
  7  11   2  14  $12    0.100     4.5801   1030.10   0.0     -0.80  58.5  25.10.2025  16:43:49
  7  11   3  15  $12    0.100     4.6760   1175.20   0.0     -0.16  59.1  25.10.2025  16:43:51
  7  11   4  16  $12    0.100     5.2792   1187.33   0.0     -2.76   9.4  25.10.2025  16:43:53
  7  11  13   9  $12    0.100     7.4434   1403.04   0.0     -4.69   5.7  25.10.2025  16:43:55
  7  11  14  10  $12    0.100    15.1285   1996.16   0.0     -3.38   0.6  25.10.2025  16:43:57
  7  11  16  12  $12    0.100    13.3264   1177.49   0.0      2.24   4.8  25.10.2025  16:43:59
  8  12   5   9  $12    0.100    10.5977   1398.34   0.0     -0.27  39.3  25.10.2025  16:44:01
  8  12   6  10  $12    0.100    16.3288   3077.90   0.0      5.99   2.0  25.10.2025  16:44:03
  8  12   7  11  $12    0.010     3.1201   1336.63   0.0     -2.23   9.6  25.10.2025  16:44:07
  8  12   1   5  $12    0.100    -3.9606   1796.40   0.0      5.27   4.3  25.10.2025  16:44:11
  8  12   2   6  $12    0.100    -5.6770   1337.61   0.1     18.56   0.6  25.10.2025  16:44:13
  8  12   3   7  $12    0.100   -12.4799   1102.69   0.0      3.95   4.2  25.10.2025  16:44:15
  8  12   1  13  $12    0.100     2.6223    193.39   0.0      2.95   5.3  25.10.2025  16:44:17
  8  12   2  14  $12    0.100     4.0149    630.66   0.0     -1.83  53.1  25.10.2025  16:44:19
  8  12   3  15  $12    0.100     4.5540   1024.23   0.0     -0.78  12.4  25.10.2025  16:44:21
  8  12  16   4  $12    0.100    -5.4113   1360.01   0.0      5.11   1.6  25.10.2025  16:44:23
  8  12   9  13  $12    0.100    -3.9779    170.41   0.0     -3.46   4.8  25.10.2025  16:44:25
  8  12  10  14  $12    0.100    -6.6110   1246.15   0.0      3.02  22.2  25.10.2025  16:44:27
  8  12  11  15  $12    0.100   -13.9276   1837.70   0.0      1.06   7.9  25.10.2025  16:44:29
  9  13  10  14  $12    0.010     4.4095   1889.01   0.0     44.25   0.5  25.10.2025  16:44:34
  9  13  11  15  $12    0.100    16.5562   3120.77   0.0      6.92   1.0  25.10.2025  16:44:38
  9  13  12  16  $12    0.100    10.4218   1375.12   0.1      9.17   6.9  25.10.2025  16:44:40
  9  13   6  10  $12    0.100   -20.0217   2641.80   0.1   -102.15   0.3  25.10.2025  16:44:42
  9  13   7  11  $12    0.100    -7.3933   1393.60   0.0      0.94  38.5  25.10.2025  16:44:44
  9  13   8  12  $12    0.100    -3.9617    169.72   0.2      9.23  12.8  25.10.2025  16:44:46
  9  13   5   1  $12    0.100     9.1014   6862.32   0.1     15.90   9.8  25.10.2025  16:44:48
  9  13   6   2  $12    0.100     4.0862   1853.35   0.2    503.21   0.2  25.10.2025  16:44:50
  9  13   7   3  $12    0.100     6.0641   1428.81   0.0     -1.52  15.1  25.10.2025  16:44:52
  9  13   8   4  $12    0.100     5.3233    470.35   0.0     -0.10 249.8  25.10.2025  16:44:54
  9  13   2  14  $12    0.100    18.7270   1381.13   0.0     65.07   0.0  25.10.2025  16:44:56
  9  13   3  15  $12    0.100     3.0925    485.77   0.0     36.71   0.9  25.10.2025  16:44:58
  9  13   4  16  $12    1.000     9.4574    212.70   0.0     29.66   0.3  25.10.2025  16:45:02
 10  14   9  13  $12    0.010     4.3953   1882.94   0.0     16.80   9.1  25.10.2025  16:45:09
 10  14  11  15  $12    0.010     2.9316   1255.87   0.2     -6.55  58.7  25.10.2025  16:45:11
 10  14  12  16  $12    0.100    15.9324   3003.20   0.0      1.37   5.2  25.10.2025  16:45:15
 10  14   5   9  $12    0.100   -17.1353   1514.03   0.0      4.60  10.7  25.10.2025  16:45:17
 10  14   7  11  $12    0.100   -14.9704   1975.29   0.0     -1.06  11.2  25.10.2025  16:45:19
 10  14   8  12  $12    0.100    -6.6172   1247.31   0.0      4.19   9.3  25.10.2025  16:45:21
 10  14   5   1  $12    0.100     7.6025   8732.58   0.0      0.90 139.7  25.10.2025  16:45:23
 10  14   6   2  $12    0.100     6.5482   4937.22   0.0      5.66   9.4  25.10.2025  16:45:25
 10  14   7   3  $12    0.100     5.8623   2658.96   0.0     -1.56  27.2  25.10.2025  16:45:27
 10  14   8   4  $12    0.100     5.4080   1274.24   0.0     -1.03  24.4  25.10.2025  16:45:29
 10  14   1  13  $12    0.100    19.6787   1764.20   0.0     62.22   0.5  25.10.2025  16:45:31
 10  14   3  15  $12    0.100     7.9673    587.59   0.0     -1.52   6.1  25.10.2025  16:45:33
 10  14   4  16  $12    0.100     3.9405    618.98   0.0     -4.95   7.7  25.10.2025  16:45:35
 11  15   9  13  $12    0.100    16.8216   3170.80   0.0      2.48   3.5  25.10.2025  16:45:37
 11  15  10  14  $12    0.010     2.9542   1265.59   0.0     -9.30   0.7  25.10.2025  16:45:42
 11  15  12  16  $12    0.010     4.0758   1746.06   0.0    -12.81   6.1  25.10.2025  16:45:44
 11  15   5   9  $12    0.100    -7.7393   1823.53   0.0      1.72   9.0  25.10.2025  16:45:48
 11  15   6  10  $12    0.100   -14.7514   1303.40   0.0     -2.09  12.9  25.10.2025  16:45:50
 11  15   8  12  $12    0.100   -13.7532   1814.70   0.0      3.93   5.3  25.10.2025  16:45:52
 11  15   5   1  $12    0.100     5.5380   9134.03   0.0     -1.57  69.5  25.10.2025  16:45:54
 11  15   6   2  $12    0.100     5.9834   6872.77   0.0     -2.55  17.4  25.10.2025  16:45:56
 11  15   7   3  $12    0.100     6.1691   4651.37   0.0     -0.69  26.7  25.10.2025  16:45:58
 11  15   8   4  $12    0.100     6.1832   2804.50   0.0      0.03 806.6  25.10.2025  16:46:00
 11  15   1  13  $12    0.100     3.5356   7775.26   0.0     10.27   6.4  25.10.2025  16:46:02
 11  15   2  14  $12    0.100     8.5281    764.55   0.0    -13.94   4.3  25.10.2025  16:46:04
 11  15   4  16  $12    0.100    19.8271   1462.26   0.0    -27.45   1.0  25.10.2025  16:46:06
 12  16   9  13  $12    0.100    10.6094   1399.87   0.0      4.50   3.7  25.10.2025  16:46:08
 12  16  10  14  $12    0.100    16.0609   3027.41   0.0      2.28  11.7  25.10.2025  16:46:10
 12  16  11  15  $12    0.010     3.9673   1699.58   0.0     -3.62   2.5  25.10.2025  16:46:15
 12  16   5   9  $12    0.100    -3.8951   1766.68   0.0      4.29   2.0  25.10.2025  16:46:19
 12  16   6  10  $12    0.100    -5.8411   1376.27   0.0      9.72   4.1  25.10.2025  16:46:21
 12  16   7  11  $12    0.100   -13.4791   1190.98   0.0      2.17   9.9  25.10.2025  16:46:23
 12  16   5   1  $12    0.100     4.7756  10830.37   0.0     -0.75 187.1  25.10.2025  16:46:25
 12  16   6   2  $12    0.100     5.6372   9297.68   0.0     -5.11   7.3  25.10.2025  16:46:27
 12  16   7   3  $12    0.100     6.2160   7139.98   0.0     -0.07 426.6  25.10.2025  16:46:29
 12  16   8   4  $12    0.100     6.5614   4947.20   0.0      0.01 1155.7  25.10.2025  16:46:31
 12  16  13   1  $12    1.000   -18.4358    180.31   0.0     23.88   0.2  25.10.2025  16:46:35
 12  16  14   2  $12    0.100    -4.3807   9633.60   0.1     13.37   0.9  25.10.2025  16:46:39
 12  16  15   3  $12    0.100   -19.2124   1722.40   0.0      1.04  16.0  25.10.2025  16:46:41
 13   1  14   2  $12    0.010     4.1522   1423.94   0.0     36.21   0.3  25.10.2025  16:46:46
 13   1  15   3  $12    0.100    11.9423    905.60   0.0      4.86   0.9  25.10.2025  16:46:50
 13   1  16   4  $12    0.100     7.0282    903.26   0.0      4.36   0.4  25.10.2025  16:46:52
 13   1  10  14  $12    0.100   -18.2743   1638.30   0.0     51.54   1.6  25.10.2025  16:46:54
 13   1  11  15  $12    0.100    -3.3669   7404.21   0.0     16.66   1.5  25.10.2025  16:46:56
 13   1  12  16  $12    1.000   -18.3056    179.04   0.0     11.37   1.3  25.10.2025  16:47:00
 13   1   9   5  $12    0.100     6.2362   1567.32   0.0     -6.13   1.0  25.10.2025  16:47:05
 13   1  10   6  $12    0.100     3.4993    787.03   0.0     84.98   1.1  25.10.2025  16:47:07
 13   1  11   7  $12    0.100     3.1502    494.84   0.0      0.07 428.0  25.10.2025  16:47:09
 13   1  12   8  $12    0.100     2.5694    189.50   0.2      0.21 1583.7  25.10.2025  16:47:11
 13   1   6   2  $12    0.100    18.4827   1363.11   0.0     -9.98   2.4  25.10.2025  16:47:13
 13   1   7   3  $12    0.100     5.4115    850.03   0.0     -0.25  14.8  25.10.2025  16:47:15
 13   1   8   4  $12    0.100     2.5947    583.58   0.0     -5.72  13.5  25.10.2025  16:47:17
 14   2  13   1  $12    0.010     4.1402   1419.82   0.0     32.31   0.3  25.10.2025  16:47:22
 14   2  15   3  $12    0.010     3.7153   1274.10   0.1     -3.65  54.8  25.10.2025  16:47:24
 14   2  16   4  $12    0.100    16.8984   1281.43   0.0      4.38   0.6  25.10.2025  16:47:27
 14   2   9  13  $12    0.100   -19.4711   1436.01   0.0     73.18   0.2  25.10.2025  16:47:29
 14   2  11  15  $12    0.100    -8.0283    719.74   0.0     12.08   0.2  25.10.2025  16:47:31
 14   2  12  16  $12    0.100    -4.3509   9568.11   0.2     20.57   6.5  25.10.2025  16:47:33
 14   2   9   5  $12    0.100     6.7660   1521.74   0.0     -4.75   8.9  25.10.2025  16:47:35
 14   2  10   6  $12    0.100     4.9496   1243.98   0.0     39.26   0.9  25.10.2025  16:47:37
 14   2  11   7  $12    0.100     4.4926   1010.42   0.0     -0.90  30.5  25.10.2025  16:47:40
 14   2  12   8  $12    0.100     3.9380    618.57   0.0      0.06 1033.6  25.10.2025  16:47:42
 14   2   5   1  $12    0.100    14.8614   1332.33   0.0     12.32  10.2  25.10.2025  16:47:44
 14   2   7   3  $12    0.010     2.4434   1802.04   0.0     -5.84   2.0  25.10.2025  16:47:48
 14   2   8   4  $12    0.100     8.5866   1348.78   0.0     -3.15   1.6  25.10.2025  16:47:52
 15   3  13   1  $12    0.100    12.0276    912.07   0.0      6.00   0.9  25.10.2025  16:47:54
 15   3  14   2  $12    0.010     3.7025   1269.73   0.0     -3.52   5.6  25.10.2025  16:47:59
 15   3  16   4  $12    0.010     4.2828   1468.72   0.0     -4.19   3.7  25.10.2025  16:48:01
 15   3   9  13  $12    0.100    -3.2559    511.44   0.0     37.34   3.8  25.10.2025  16:48:05
 15   3  10  14  $12    0.100    -8.1825    603.47   0.0     -1.10  37.9  25.10.2025  16:48:07
 15   3  12  16  $12    0.100   -19.7473   1770.35   0.0    -18.00   2.3  25.10.2025  16:48:09
 15   3   9   5  $12    0.100     5.3400    838.80   0.0     -4.31  20.9  25.10.2025  16:48:11
 15   3  10   6  $12    0.100     4.6166   1038.32   0.1     18.02   7.3  25.10.2025  16:48:13
 15   3  11   7  $12    0.100     4.6718   1174.16   0.0     -1.32   2.3  25.10.2025  16:48:15
 15   3  12   8  $12    0.100     4.5473   1022.72   0.0     -1.23 130.9  25.10.2025  16:48:17
 15   3   5   1  $12    0.100     3.4603   7609.65   0.3    -13.97   8.8  25.10.2025  16:48:19
 15   3   6   2  $12    0.010     2.4720   2216.15   0.1    -12.84   8.0  25.10.2025  16:48:24
 15   3   8   4  $12    0.100    17.8484   1316.34   0.0      0.44   8.2  25.10.2025  16:48:28
 16   4  13   1  $12    0.100     7.1455    918.34   0.0      6.05   8.5  25.10.2025  16:48:30
 16   4  14   2  $12    0.100    17.2477   1307.92   0.0      0.29  16.8  25.10.2025  16:48:32
 16   4  15   3  $12    0.010     4.2744   1465.84   0.0     -8.88   1.2  25.10.2025  16:48:36
 16   4   9  13  $12    1.000   -13.5596    304.97   0.0     37.50   0.5  25.10.2025  16:48:42
 16   4  10  14  $12    0.100    -3.9691    623.46   0.0     13.54   1.6  25.10.2025  16:48:47
 16   4  11  15  $12    0.100   -19.3356   1426.02   0.0      1.41   4.5  25.10.2025  16:48:49
 16   4   9   5  $12    0.100     5.1181    377.46   0.0     -1.57  42.4  25.10.2025  16:48:51
 16   4  10   6  $12    0.100     4.9460    776.92   0.1      0.90 142.7  25.10.2025  16:48:53
 16   4  11   7  $12    0.100     5.2176   1173.49   0.0     -1.90   2.4  25.10.2025  16:48:55
 16   4  12   8  $12    0.100     5.3995   1357.05   0.0     -3.43   3.4  25.10.2025  16:48:57
 16   4   5   1  $12    1.000     6.3748     62.35   0.0      7.96   3.6  25.10.2025  16:49:01
 16   4   6   2  $12    0.100     8.1984  18029.24   0.0     -3.95   8.7  25.10.2025  16:49:05
 16   4   7   3  $12    0.100    17.6241   1580.01   0.0     -1.38  14.8  25.10.2025  16:49:07
  1   4   2   3  $12    0.010     2.4603   1545.85   0.0      1.45  11.6  25.10.2025  16:49:12
  2   3   1   4  $12    0.010     2.4717   1552.99   0.0     -1.76  18.6  25.10.2025  16:49:14
  1   2   3   4  $12    0.100   -12.4737   2351.24   0.0     -1.23   1.8  25.10.2025  16:49:18
  3   4   1   2  $12    0.100   -12.2433   2307.80   0.0     -5.16   4.9  25.10.2025  16:49:20
  5   8   6   7  $12    0.100    21.0523   1322.76   0.0     33.17   0.1  25.10.2025  16:49:22
  6   7   5   8  $12    0.100    20.7354   1302.85   0.0     33.89   0.1  25.10.2025  16:49:24
  5   6   7   8  $12    0.100    -5.0941    960.22   0.1      8.38  11.6  25.10.2025  16:49:26
  7   8   5   6  $12    0.100    -5.2332    986.43   0.2     -4.18 111.2  25.10.2025  16:49:28
  9  12  10  11  $12    0.100    18.1540   1140.65   0.0      3.64   4.2  25.10.2025  16:49:30
 10  11   9  12  $12    0.100    18.0628   1134.92   0.0      5.68   7.4  25.10.2025  16:49:32
  9  10  11  12  $12    0.100    -4.8081    906.31   0.0     -1.35   3.5  25.10.2025  16:49:34
 11  12   9  10  $12    0.100    -4.8313    910.68   0.2     -4.74  16.3  25.10.2025  16:49:36
 13  16  14  15  $12    0.010     3.6203   2274.73   0.0     18.28   0.5  25.10.2025  16:49:41
 14  15  13  16  $12    0.010     3.6865   2316.31   0.1     18.66   0.1  25.10.2025  16:49:43
 13  14  15  16  $12    1.000   -16.5774    312.48   0.0     -9.46   3.5  25.10.2025  16:49:49
  1   9  10   2  $12    0.010    -4.5843   1649.67   0.0      9.44   1.1  25.10.2025  16:49:56
  1   9  11   3  $12    0.010    -2.1737   1862.45   0.0     12.82   5.1  25.10.2025  16:49:58
  1   9  12   4  $12    0.100   -14.4197   2411.18   0.0      3.72   0.2  25.10.2025  16:50:02
  2  10   9   1  $12    0.010    -4.5992   1655.04   0.0      8.95   1.7  25.10.2025  16:50:07
  2  10  11   3  $12    0.010    -4.9345   1775.71   0.0      5.39   6.2  25.10.2025  16:50:09
  2  10  12   4  $12    0.010    -2.4364   2087.51   0.0     10.23   3.5  25.10.2025  16:50:11
  3  11   9   1  $12    0.010    -2.1774   1865.56   0.0      8.09   5.2  25.10.2025  16:50:13
  3  11  10   2  $12    0.010    -4.9113   1767.36   0.0      0.91  43.2  25.10.2025  16:50:15
  3  11  12   4  $12    0.010    -4.2294   1521.96   0.0      5.72  24.5  25.10.2025  16:50:17
 12   4   9   1  $12    0.100    14.5258   2428.91   0.0      0.09  95.7  25.10.2025  16:50:21
 12   4  10   2  $12    0.010     2.4823   2126.80   0.0     -5.00   3.9  25.10.2025  16:50:26
 12   4  11   3  $12    0.010     4.2654   1534.91   0.0     -1.14  12.9  25.10.2025  16:50:28
 13   5  14   6  $12    0.010     5.1785   1863.49   0.0     44.85   7.2  25.10.2025  16:50:30
 13   5  15   7  $12    0.100    19.4267   1664.47   0.0      4.88   0.5  25.10.2025  16:50:33
 13   5  16   8  $12    0.100    13.1627   2200.99   0.0      5.18   6.5  25.10.2025  16:50:35
 14   6  13   5  $12    0.010     5.0907   1831.91   0.0     49.20   0.2  25.10.2025  16:50:40
 14   6  15   7  $12    0.010     3.3089   1190.71   0.2      6.04  20.4  25.10.2025  16:50:42
 14   6  16   8  $12    0.100    19.3523   1658.10   0.0      5.79   0.8  25.10.2025  16:50:46
 15   7  13   5  $12    0.100    19.5743   1677.12   0.0      5.10   4.7  25.10.2025  16:50:48
 15   7  14   6  $12    0.010     3.3709   1213.02   0.1      1.12  66.3  25.10.2025  16:50:53
 15   7  16   8  $12    0.010     4.4116   1587.54   0.0     -6.24   6.6  25.10.2025  16:50:55
 16   8  13   5  $12    0.100    13.2560   2216.59   0.0      5.40   1.5  25.10.2025  16:50:59
 16   8  14   6  $12    0.100    19.8202   1698.19   0.0      4.58   5.5  25.10.2025  16:51:01
 16   8  15   7  $12    0.010     4.3291   1557.84   0.0     -4.78   1.9  25.10.2025  16:51:05
  1   2   5   6  $12    1.000    10.3083   1943.06   0.1   -123.76   1.2  25.10.2025  16:51:11
  2   3   6   7  $12    1.000     2.3122    435.84   0.2    462.29   1.8  25.10.2025  16:51:13
  3   4   7   8  $12   10.000    15.6830    295.62   0.0      0.86   9.6  25.10.2025  16:51:17
  1   2   9  10  $12   10.000    12.4635   1973.42   0.1     56.23   0.4  25.10.2025  16:51:19
  2   3  10  11  $12   10.000    10.7555   1702.98   0.0      7.91   2.5  25.10.2025  16:51:21
  3   4  11  12  $12   10.000     5.8502    926.30   0.0     -5.90   9.4  25.10.2025  16:51:23
  1   2  13  14  $12    1.000     9.9215  53486.45   0.0     -2.66   2.7  25.10.2025  16:51:28
  2   3  14  15  $12    1.000     9.4644  51022.49   0.0      0.68  36.0  25.10.2025  16:51:30
  3   4  15  16  $12   10.000    19.0071  10246.65   0.0     -7.18   0.2  25.10.2025  16:51:33
  5   6   9  10  $12    0.100     3.5531   6697.50   0.0   -578.01   0.1  25.10.2025  16:51:42
  6   7  10  11  $12    0.100     0.0875    164.99   1.0   -246.37   2.4  25.10.2025  16:51:56
  7   8  11  12  $12    1.000     2.5731    485.02   0.0     -3.10  19.4  25.10.2025  16:51:59
  5   6  13  14  $12    0.100    -0.3676   5821.20   0.0   -494.82   0.3  25.10.2025  16:52:05
  6   7  14  15  $12    0.100    -0.6667  10555.97   0.2   -180.78   0.6  25.10.2025  16:52:10
  7   8  15  16  $12   10.000     5.6923    901.29   0.0      3.41   0.8  25.10.2025  16:52:15
  9  10  13  14  $12    1.000     1.6280    306.86   0.0   -144.11   0.1  25.10.2025  16:52:21
 10  11  14  15  $12    1.000     5.2091    981.89   0.0      7.33   5.4  25.10.2025  16:52:23
 11  12  15  16  $12    1.000     2.5157    474.20   0.0     -8.45   1.3  25.10.2025  16:52:25
  1   2   6   7  $12   10.000    20.1506    759.66   0.3    274.97   4.2  25.10.2025  16:52:29
  2   3   7   8  $12   10.000    22.2612    839.23   0.1      4.35  39.3  25.10.2025  16:52:31
  1   2   7   8  $12   10.000    14.8657    980.74   0.0      0.51  50.6  25.10.2025  16:52:33
  2   3   7   8  $12   10.000    22.2205    837.69   0.0      2.83   1.0  25.10.2025  16:52:35
  1   2  10  11  $12   10.000    17.9503   4060.26   0.0     -1.59  29.1  25.10.2025  16:52:37
  2   3  11  12  $12   10.000     9.3232   2108.87   0.1     -3.47  16.2  25.10.2025  16:52:39
  1   2  11  12  $12   10.000    15.2833   4753.37   0.0     -5.87   1.7  25.10.2025  16:52:41
  2   3  11  12  $12   10.000     9.2824   2099.64   0.0     -1.72   1.7  25.10.2025  16:52:43
  1   2  14  15  $12    1.000    16.2752 111668.28   0.0     -2.74   2.4  25.10.2025  16:52:48
  2   3  15  16  $12    1.000     2.8942  19857.77   0.0     -8.59   1.6  25.10.2025  16:52:50
  1   2  15  16  $12    1.000     5.0697  43480.66   0.0     -4.85   3.6  25.10.2025  16:52:52
  2   3  15  16  $12    1.000     2.8910  19835.62   0.0     -4.96   4.7  25.10.2025  16:52:54
  5   6  10  11  $12    0.100     0.4538   1710.88   0.0    -75.76   0.5  25.10.2025  16:52:59
  6   7  11  12  $12    0.100     0.4439   1673.43   0.2   -188.25   6.8  25.10.2025  16:53:05
  5   6  11  12  $12    0.100    -0.0130     85.45   3.0  -4691.55   3.1  25.10.2025  16:53:18
  6   7  11  12  $12    0.100     0.5577   2102.48   0.0   -219.01   0.3  25.10.2025  16:53:24
  5   6  14  15  $12    0.100     1.2083  27330.80   0.7   -155.59   1.1  25.10.2025  16:53:29
  6   7  15  16  $12    0.100     1.0518  23790.61   0.1   -138.19   0.6  25.10.2025  16:53:34
  5   6  15  16  $12    0.100    -0.7886  24526.57   0.0   -128.60   0.8  25.10.2025  16:53:39
  6   7  15  16  $12    0.100     1.0779  24381.74   1.6   -100.43  11.7  25.10.2025  16:53:49
  9  10  14  15  $12    1.000     3.1886   1202.07   0.0     39.43   0.1  25.10.2025  16:53:53
 10  11  15  16  $12    1.000     2.6446    997.01   0.0     -0.23   9.6  25.10.2025  16:53:55
  9  10  15  16  $12    1.000     2.7108   1788.44   0.0    -44.18   0.3  25.10.2025  16:53:57
 10  11  15  16  $12    1.000     2.6413    995.75   0.0     -0.76   9.7  25.10.2025  16:53:59
