//C:\Users\user\Desktop\GeoTom\GeoTomE724.ini
//- Cable direction:
//  cable I: normal
//  cable II: normal
//  cable III: normal
//  cable IV: normal
//- Cable arrangement: sequential
//- Optimization: Last measurement
//- Sorting: Multi-level
//- Current levels: 0.001 mA .. 50.0 mA
Type:         Flow
Name:         Hyprop
Comment:      Example of a measurements sequence
Comment:      
Comment:      
Spacing:      1.00000
First El:     0.00000
Nr of points: 289
IP present:   1

  1   5   2   6  $12    0.001     5.5735  23876.70   0.4   -130.03  21.5  27.10.2025  01:40:09
  1   5   3   7  $12    0.100    15.8109   2980.28   0.0     33.08   0.1  27.10.2025  01:40:14
  1   5   4   8  $12    0.100     9.4746   1250.14   0.0     63.49   0.2  27.10.2025  01:40:16
  1   5  14   2  $12    0.100   -22.4205   2010.00   0.0     51.48   0.0  27.10.2025  01:40:18
  1   5  15   3  $12    0.100     0.4544    999.21   1.3  -2612.46   1.4  27.10.2025  01:40:36
  1   5  16   4  $12    0.100     0.3443     33.67   0.5   -652.35   0.4  27.10.2025  01:40:42
  1   5  13   9  $12    0.010    14.8998 112341.79   0.2   -552.59   0.5  27.10.2025  01:40:46
  1   5  14  10  $12    0.100     8.0733   9273.38   0.0     -9.50   1.9  27.10.2025  01:40:50
  1   5  15  11  $12    0.100     7.9283  13076.42   0.1   -101.05   1.4  27.10.2025  01:40:52
  1   5  16  12  $12    0.100     5.1514  11682.63   0.1    -58.67   2.6  27.10.2025  01:40:54
  1   5  10   6  $12    0.001     9.1914  81212.41   0.4   -328.24   0.8  27.10.2025  01:41:02
  1   5  11   7  $12    0.100     8.0110   1887.56   0.0     13.95   0.4  27.10.2025  01:41:07
  1   5  12   8  $12    0.100     4.1257   1871.27   0.1    165.93   0.4  27.10.2025  01:41:09
  2   6   1   5  $12    0.001     9.0578  38803.44   0.2   -419.70   0.1  27.10.2025  01:41:17
  2   6   3   7  $12    0.010     5.3835   2306.31   0.0   -131.81   0.3  27.10.2025  01:41:21
  2   6   4   8  $12    0.010     4.1924   7902.41   0.0   -119.21   0.2  27.10.2025  01:41:23
  2   6  13   1  $12    0.001    -9.2913  68524.32   0.1   -674.63   0.4  27.10.2025  01:41:28
  2   6  15   3  $12    0.010    -8.1227   7282.03   0.0   -197.19   0.1  27.10.2025  01:41:33
  2   6  16   4  $12    0.010    -1.8409  40483.99   0.0   -136.04   0.1  27.10.2025  01:41:38
  2   6  13   9  $12    0.001   -13.0365 591291.23   0.1   -597.52   0.8  27.10.2025  01:41:43
  2   6  14  10  $12    0.010     0.1082    816.00   3.0  -2552.58   3.6  27.10.2025  01:41:57
  2   6  15  11  $12    0.010    -2.3507  27001.24   0.6   -308.66   0.8  27.10.2025  01:41:59
  2   6  16  12  $12    0.010    -0.1493   2463.00   2.0  -1695.54   1.2  27.10.2025  01:42:11
  2   6   9   5  $12    0.001    13.5706 179060.42   0.3   -413.92   0.3  27.10.2025  01:42:16
  2   6  11   7  $12    0.010     0.7869    695.32   0.3    -88.35   4.8  27.10.2025  01:42:23
  2   6  12   8  $12    0.010     2.3407   5515.21   0.7   -200.39   0.2  27.10.2025  01:42:25
  3   7   1   5  $12    0.100    15.2942   2882.90   0.0     25.51   0.0  27.10.2025  01:42:29
  3   7   2   6  $12    0.010     3.4841   1492.58   0.8   -370.21   0.5  27.10.2025  01:42:34
  3   7   4   8  $12    0.010     3.8934   1667.93   0.4    -19.60  11.7  27.10.2025  01:42:36
  3   7  13   1  $12    0.100    -3.0148    473.56   0.1    201.52   2.2  27.10.2025  01:42:40
  3   7  14   2  $12    0.010    -2.7755   2046.95   0.0     12.26   1.7  27.10.2025  01:42:45
  3   7  16   4  $12    0.100   -17.9100   1605.64   0.0      3.54   2.9  27.10.2025  01:42:48
  3   7  13   9  $12    0.100     8.3437   1965.93   0.3   -116.28   4.9  27.10.2025  01:42:50
  3   7  14  10  $12    0.100     5.8973   2674.82   0.2    -11.93  20.1  27.10.2025  01:42:52
  3   7  15  11  $12    0.100     6.4083   4831.77   0.2      0.14 906.0  27.10.2025  01:42:54
  3   7  16  12  $12    0.100     6.3691   7315.80   0.0      5.66   8.7  27.10.2025  01:42:56
  3   7   9   5  $12    0.100     4.0839    769.79   0.0    204.46   0.9  27.10.2025  01:42:58
  3   7  10   6  $12    0.100    11.1414   1470.07   0.7   -595.26   0.8  27.10.2025  01:43:00
  3   7  12   8  $12    0.100    13.2900   1174.26   0.2      1.94 261.8  27.10.2025  01:43:02
  4   8   1   5  $12    0.100    10.4815   1383.00   0.0     -4.27  43.4  27.10.2025  01:43:04
  4   8   2   6  $12    0.100     4.5216    852.30   0.9    424.82   5.9  27.10.2025  01:43:07
  4   8   3   7  $12    0.010     3.8033   1629.32   0.0     -0.08 781.8  27.10.2025  01:43:11
  4   8  13   1  $12    0.100    -2.0935    470.84   0.0   -112.04   0.9  27.10.2025  01:43:15
  4   8  14   2  $12    0.100    -9.4626   1486.38   0.1     17.44   9.9  27.10.2025  01:43:18
  4   8  15   3  $12    0.100   -18.2678   1347.26   0.0      2.20   2.3  27.10.2025  01:43:20
  4   8  13   9  $12    0.100     5.6959    503.27   0.2     72.90   1.0  27.10.2025  01:43:22
  4   8  14  10  $12    0.100     5.3176   1252.93   0.1     -1.41  28.8  27.10.2025  01:43:24
  4   8  15  11  $12    0.100     6.3016   2858.21   0.1     -3.07  37.4  27.10.2025  01:43:26
  4   8  16  12  $12    0.100     6.6044   4979.60   0.0     -2.05  18.5  27.10.2025  01:43:28
  4   8   9   5  $12    0.100     2.7811    119.14   0.2    -81.38   2.1  27.10.2025  01:43:30
  4   8  10   6  $12    1.000    -0.0591      1.11 100.4   -756.67 3182.5  27.10.2025  01:43:40
  4   8  11   7  $12    0.100    13.0619   1723.47   0.0      6.71   2.4  27.10.2025  01:43:45
  5   9   6  10  $12    0.001    14.5969  62533.17   0.2   -391.69   2.9  27.10.2025  01:43:53
  5   9   7  11  $12    0.100    18.7338   3531.23   0.0     21.10   0.6  27.10.2025  01:43:59
  5   9   8  12  $12    0.100     9.8509   1299.80   0.0     98.57   0.6  27.10.2025  01:44:01
  5   9   2   6  $12    0.001    -8.9297 117824.87   0.1   -505.74   0.6  27.10.2025  01:44:09
  5   9   3   7  $12    0.100    -5.4209   1021.81   0.0     78.98   0.8  27.10.2025  01:44:15
  5   9   4   8  $12    0.100     0.1808      7.75  40.1   -254.88 1814.6  27.10.2025  01:44:31
  5   9   1  13  $12    0.010    13.9153  34973.07   0.1   -635.88   0.0  27.10.2025  01:44:36
  5   9   2  14  $12    0.100    14.1489   3182.23   0.0    -99.25   0.2  27.10.2025  01:44:40
  5   9   3  15  $12    0.100    13.3392   2095.32   0.0   -152.87   0.2  27.10.2025  01:44:42
  5   9   4  16  $12    0.100     7.4550    549.81   0.0    -68.63   0.0  27.10.2025  01:44:44
  5   9  14  10  $12    0.100    17.8956   1581.21   0.0    -58.81   1.7  27.10.2025  01:44:46
  5   9  15  11  $12    0.100     0.5491    129.38   0.8   3160.98   0.7  27.10.2025  01:44:51
  5   9  16  12  $12    0.100     1.3186    598.06   0.5    745.02   0.8  27.10.2025  01:44:56
  6  10   5   9  $12    0.001    14.2585  61083.37   0.3   -508.55   0.0  27.10.2025  01:45:04
  6  10   7  11  $12    0.010     2.4845   1064.36   0.0    -56.48   1.4  27.10.2025  01:45:08
  6  10   8  12  $12    0.010     1.9995   3768.90   0.2   -110.73   2.9  27.10.2025  01:45:13
  6  10   1   5  $12    0.001    -7.6946  67987.00   0.1   -381.58   0.1  27.10.2025  01:45:18
  6  10   3   7  $12    0.010    -2.2688   2993.59   0.0   -266.31   0.1  27.10.2025  01:45:22
  6  10   4   8  $12    0.010    -1.7579   3313.50   0.1   -103.77   0.9  27.10.2025  01:45:27
  6  10   1  13  $12    0.001    -7.8852 177345.98   0.3   -692.34   0.1  27.10.2025  01:45:32
  6  10   2  14  $12    0.010    -4.3479  10927.37   0.1   -310.68   1.0  27.10.2025  01:45:36
  6  10   3  15  $12    0.010    -5.1883  11668.99   0.2   -368.16   0.4  27.10.2025  01:45:38
  6  10   4  16  $12    0.010    -0.5774    906.91   0.7  -1297.17   0.5  27.10.2025  01:45:43
  6  10  13   9  $12    0.001    15.4605 203997.06   0.1   -659.99   0.1  27.10.2025  01:45:48
  6  10  15  11  $12    0.010     5.0977   4504.20   0.2   -201.92   0.3  27.10.2025  01:45:52
  6  10  16  12  $12    0.010     1.3513   3183.85   0.4   -269.78   2.0  27.10.2025  01:45:57
  7  11   5   9  $12    0.100    18.1672   3424.44   0.0    -26.44   2.6  27.10.2025  01:46:00
  7  11   6  10  $12    0.010     2.3502   1006.83   0.1    291.10   5.7  27.10.2025  01:46:06
  7  11   8  12  $12    0.010     3.2286   1383.12   0.9    -46.11  10.9  27.10.2025  01:46:08
  7  11   1   5  $12    0.100    -7.2797   1715.23   0.2     -9.34   6.6  27.10.2025  01:46:12
  7  11   2   6  $12    1.000   -17.8503    157.72   0.1    466.60   0.2  27.10.2025  01:46:16
  7  11   4   8  $12    0.100   -12.9941   1714.54   0.0      7.56   4.0  27.10.2025  01:46:21
  7  11   1  13  $12    0.100     3.5050    550.56   0.4     35.05  21.6  27.10.2025  01:46:23
  7  11   2  14  $12    0.100     5.2034   1170.29   0.4     14.06  31.2  27.10.2025  01:46:25
  7  11   3  15  $12    0.100     5.0003   1256.72   0.0     -0.21 169.1  27.10.2025  01:46:27
  7  11   4  16  $12    0.100     5.6687   1274.94   0.0     -3.84   2.5  27.10.2025  01:46:29
  7  11  13   9  $12    0.100     7.4524   1404.74   0.0    -68.69   4.3  27.10.2025  01:46:31
  7  11  14  10  $12    0.100    13.9130   1835.78   0.0      4.30   3.3  27.10.2025  01:46:33
  7  11  16  12  $12    0.100    13.0775   1155.49   0.1      4.34  12.2  27.10.2025  01:46:35
  8  12   5   9  $12    0.100    11.5654   1526.01   0.2    -52.89   3.6  27.10.2025  01:46:37
  8  12   6  10  $12    0.100     6.7442   1271.25   0.9   1281.21   0.7  27.10.2025  01:46:40
  8  12   7  11  $12    0.010     3.2008   1371.22   0.1      1.78  39.3  27.10.2025  01:46:45
  8  12   1   5  $12    0.100    -4.8652   2206.70   0.1     -9.62  39.1  27.10.2025  01:46:49
  8  12   2   6  $12    0.100     3.6990    871.55   0.9  -1563.86   0.8  27.10.2025  01:46:53
  8  12   3   7  $12    0.100   -13.2233   1168.38   0.4     12.12  27.7  27.10.2025  01:46:55
  8  12   1  13  $12    0.100     2.4110    177.81   0.4    163.69   2.5  27.10.2025  01:46:58
  8  12   2  14  $12    0.100     4.6127    724.56   0.9     19.58  32.3  27.10.2025  01:47:00
  8  12   3  15  $12    0.100     4.9891   1122.11   0.0      1.42   3.9  27.10.2025  01:47:02
  8  12  16   4  $12    0.100    -5.8996   1482.74   0.0      4.74   4.7  27.10.2025  01:47:04
  8  12   9  13  $12    0.100    -4.3681    187.13   0.7   -237.50   1.2  27.10.2025  01:47:06
  8  12  10  14  $12    0.100    -6.0303   1136.69   0.3      5.65  35.3  27.10.2025  01:47:08
  8  12  11  15  $12    0.100   -13.6018   1794.71   0.0      4.48  18.4  27.10.2025  01:47:10
  9  13  10  14  $12    0.010     5.2791   2261.57   0.1    228.87   0.2  27.10.2025  01:47:15
  9  13  11  15  $12    0.100     7.0686   1332.40   0.1    388.28   0.3  27.10.2025  01:47:18
  9  13  12  16  $12    0.100     8.7379   1152.94   0.0    115.83   0.3  27.10.2025  01:47:21
  9  13   6  10  $12    0.001   -16.3071 215166.87   0.0   -566.08   0.3  27.10.2025  01:47:28
  9  13   7  11  $12    0.100    -7.4425   1402.87   0.0     19.77   1.6  27.10.2025  01:47:34
  9  13   8  12  $12    0.100    -0.8287     35.50   0.4   1229.17   0.6  27.10.2025  01:47:39
  9  13   5   1  $12    0.010     9.4859  71522.17   0.0   -616.82   0.0  27.10.2025  01:47:44
  9  13   6   2  $12    0.001   -16.6985 757389.86   0.0   -586.50   0.1  27.10.2025  01:47:49
  9  13   7   3  $12    0.100     7.3078   1721.86   0.0    -68.89   0.7  27.10.2025  01:47:54
  9  13   8   4  $12    0.100    10.0128    884.71   0.0   -108.48   0.0  27.10.2025  01:47:56
  9  13   2  14  $12    0.100    14.1411   1042.92   0.0    577.03   0.2  27.10.2025  01:47:58
  9  13   3  15  $12    0.100    -8.6483   1358.48   0.1   -376.66   0.1  27.10.2025  01:48:00
  9  13   4  16  $12    0.100    -1.7495    393.48   0.1   -614.39   0.1  27.10.2025  01:48:05
 10  14   9  13  $12    0.010     5.9062   2530.22   0.4    160.65   3.5  27.10.2025  01:48:10
 10  14  11  15  $12    0.010     4.8068   2059.23   0.1      1.68 149.7  27.10.2025  01:48:12
 10  14  12  16  $12    0.010     2.9859   5628.32   0.1    -24.21   6.8  27.10.2025  01:48:14
 10  14   5   9  $12    0.100   -18.3233   1619.00   0.1     11.92  21.5  27.10.2025  01:48:18
 10  14   7  11  $12    0.100   -13.8076   1821.87   0.2      3.30  58.4  27.10.2025  01:48:20
 10  14   8  12  $12    0.100    -6.1358   1156.57   0.0      0.76  55.0  27.10.2025  01:48:22
 10  14   5   1  $12    0.100     8.0498   9246.42   0.0    -17.65   1.9  27.10.2025  01:48:24
 10  14   6   2  $12    0.100    -1.7902   1349.81   2.2  -3391.83   3.9  27.10.2025  01:48:31
 10  14   7   3  $12    0.100     5.9576   2702.17   0.5     -7.51 103.5  27.10.2025  01:48:33
 10  14   8   4  $12    0.100     5.4221   1277.54   0.1     -3.78  17.3  27.10.2025  01:48:35
 10  14   1  13  $12    0.010     3.6040   3231.02   0.2    312.64   0.5  27.10.2025  01:48:40
 10  14   3  15  $12    0.010     2.6142   1928.03   0.2     26.85  16.4  27.10.2025  01:48:42
 10  14   4  16  $12    0.100    12.5105   1965.15   0.0     88.55   0.3  27.10.2025  01:48:46
 11  15   9  13  $12    0.100    19.3120   3640.22   0.1     37.78   1.7  27.10.2025  01:48:48
 11  15  10  14  $12    0.010     4.2439   1818.09   0.1     42.24   1.1  27.10.2025  01:48:52
 11  15  12  16  $12    0.010     6.8428   2931.43   0.0    -33.99  10.5  27.10.2025  01:48:54
 11  15   5   9  $12    0.100    -8.2413   1941.80   0.3    -26.63   1.8  27.10.2025  01:48:58
 11  15   6  10  $12    0.100    -8.9756    793.06   0.3    207.93   1.6  27.10.2025  01:49:01
 11  15   8  12  $12    0.100   -13.7371   1812.57   0.2      2.22 213.9  27.10.2025  01:49:03
 11  15   5   1  $12    0.100     5.4494   8987.90   0.0      3.73  19.6  27.10.2025  01:49:05
 11  15   6   2  $12    0.100    11.3135  12995.21   0.3   -264.87   0.4  27.10.2025  01:49:07
 11  15   7   3  $12    0.100     6.3799   4810.33   0.1      3.44  71.4  27.10.2025  01:49:09
 11  15   8   4  $12    0.100     6.3623   2885.72   0.0     -0.83 104.7  27.10.2025  01:49:11
 11  15   1  13  $12    0.100     5.5358  12173.95   0.5    189.96   0.5  27.10.2025  01:49:13
 11  15   2  14  $12    0.100    18.5065   1659.11   0.0    120.34   0.6  27.10.2025  01:49:15
 11  15   4  16  $12    0.010     4.5643   3366.20   0.2    -31.19   2.7  27.10.2025  01:49:20
 12  16   9  13  $12    0.100    12.7199   1678.35   0.1     37.45   3.4  27.10.2025  01:49:24
 12  16  10  14  $12    0.010     2.6267   4951.14   0.0     40.51   1.1  27.10.2025  01:49:29
 12  16  11  15  $12    0.010     6.2957   2697.09   0.0    -11.31  14.8  27.10.2025  01:49:31
 12  16   5   9  $12    0.100    -4.0918   1855.90   0.4    -96.16   2.9  27.10.2025  01:49:34
 12  16   6  10  $12    0.100    -1.0295    242.57   3.8   3741.89   4.2  27.10.2025  01:49:41
 12  16   7  11  $12    0.100   -13.1939   1165.78   0.4     -0.36 915.8  27.10.2025  01:49:43
 12  16   5   1  $12    0.100     4.7132  10688.86   0.1     15.77  12.5  27.10.2025  01:49:45
 12  16   6   2  $12    0.100    10.1244  16698.49   0.5   -416.11   0.2  27.10.2025  01:49:47
 12  16   7   3  $12    0.100     6.5179   7486.73   0.3      0.24 2824.3  27.10.2025  01:49:49
 12  16   8   4  $12    0.100     6.6655   5025.68   0.0     -0.95   7.9  27.10.2025  01:49:51
 12  16  13   1  $12    0.100    -3.8226    373.86   0.1    244.77   1.0  27.10.2025  01:49:53
 12  16  14   2  $12    0.100   -14.4368  31748.22   0.1    132.56   2.0  27.10.2025  01:49:55
 12  16  15   3  $12    0.010    -4.2259   3788.54   0.0     -9.11   7.5  27.10.2025  01:50:00
 13   1  14   2  $12    0.010     5.9689   2046.96   0.1    261.56   0.2  27.10.2025  01:50:02
 13   1  15   3  $12    0.100     6.4057    485.76   0.2    358.35   0.3  27.10.2025  01:50:06
 13   1  16   4  $12    0.100     5.4568    701.31   0.1    205.72   0.1  27.10.2025  01:50:08
 13   1  10  14  $12    0.010    -2.2572   2023.55   0.1    428.71   0.2  27.10.2025  01:50:13
 13   1  11  15  $12    0.100    -1.3498   2968.37   0.1    890.98   0.3  27.10.2025  01:50:20
 13   1  12  16  $12    0.100    -2.5136    245.84   0.1    152.27   1.6  27.10.2025  01:50:22
 13   1   9   5  $12    0.010    17.5142  44017.92   0.0   -619.47   0.2  27.10.2025  01:50:27
 13   1  10   6  $12    0.001    -7.4857 168361.48   0.3   -689.71   0.4  27.10.2025  01:50:31
 13   1  11   7  $12    0.100     2.2228    349.16   0.0    171.98   1.2  27.10.2025  01:50:37
 13   1  12   8  $12    0.100     3.2701    241.18   0.2    -23.12   6.5  27.10.2025  01:50:39
 13   1   6   2  $12    0.001    10.1808  75084.46   0.5   -524.69   0.6  27.10.2025  01:50:47
 13   1   7   3  $12    0.100     2.5133    394.79   0.1    271.16   1.1  27.10.2025  01:50:53
 13   1   8   4  $12    0.100    -1.3188    296.61   0.1   -664.10   0.1  27.10.2025  01:50:58
 14   2  13   1  $12    0.010     5.3462   1833.40   0.5    190.80   3.0  27.10.2025  01:51:03
 14   2  15   3  $12    0.010     5.3214   1824.92   0.1     63.47   3.4  27.10.2025  01:51:05
 14   2  16   4  $12    0.010     2.7509   2086.02   0.0     58.81   0.2  27.10.2025  01:51:07
 14   2   9  13  $12    0.010    -2.2245   1640.62   0.5    566.35   0.3  27.10.2025  01:51:09
 14   2  11  15  $12    0.010    -2.0616   1848.21   0.3    166.93   0.2  27.10.2025  01:51:11
 14   2  12  16  $12    0.100   -10.8462  23852.09   0.0    164.56   0.1  27.10.2025  01:51:15
 14   2   9   5  $12    0.100    10.4639   2353.42   0.0   -226.65   0.1  27.10.2025  01:51:17
 14   2  10   6  $12    0.100   -11.3389   2849.77   0.4  -1237.73   0.1  27.10.2025  01:51:19
 14   2  11   7  $12    0.100     4.8569   1092.37   0.1     11.27  36.7  27.10.2025  01:51:21
 14   2  12   8  $12    0.100     4.3582    684.59   0.1     18.96   2.2  27.10.2025  01:51:23
 14   2   5   1  $12    0.100    21.1085   1892.38   0.1     61.45   0.6  27.10.2025  01:51:25
 14   2   7   3  $12    0.010     2.7885   2056.54   0.0      0.65  80.0  27.10.2025  01:51:30
 14   2   8   4  $12    0.100     9.3213   1464.19   0.0      2.62   1.2  27.10.2025  01:51:34
 15   3  13   1  $12    0.100    10.9651    831.50   0.3    193.77   1.4  27.10.2025  01:51:36
 15   3  14   2  $12    0.010     5.2145   1788.24   0.0     68.49   0.3  27.10.2025  01:51:41
 15   3  16   4  $12    0.010     6.3808   2188.20   0.2     16.16   4.6  27.10.2025  01:51:43
 15   3   9  13  $12    0.100    -2.1222    333.36   0.2   1406.97   2.4  27.10.2025  01:51:47
 15   3  10  14  $12    0.100   -16.1259   1189.29   0.1    175.73   0.3  27.10.2025  01:51:49
 15   3  12  16  $12    0.010    -4.1358   3707.72   0.0     31.35   0.7  27.10.2025  01:51:53
 15   3   9   5  $12    0.100     6.5445   1028.01   0.0   -239.91   0.7  27.10.2025  01:51:57
 15   3  10   6  $12    0.100    -4.8456   1089.82   0.1  -2210.35   1.0  27.10.2025  01:51:59
 15   3  11   7  $12    0.100     4.9330   1239.81   0.0      2.80  81.2  27.10.2025  01:52:01
 15   3  12   8  $12    0.100     4.8578   1092.57   0.1      6.46  26.7  27.10.2025  01:52:03
 15   3   5   1  $12    0.100     2.4570   5403.13   0.4    240.83   3.7  27.10.2025  01:52:06
 15   3   6   2  $12    0.010     4.7332   4243.35   0.7   -383.01   4.9  27.10.2025  01:52:11
 15   3   8   4  $12    0.100    18.1330   1337.32   0.0      1.75   2.7  27.10.2025  01:52:15
 16   4  13   1  $12    0.100     7.8998   1015.28   0.4    129.15   3.2  27.10.2025  01:52:17
 16   4  14   2  $12    0.010     2.7873   2113.66   0.1     65.96   0.4  27.10.2025  01:52:22
 16   4  15   3  $12    0.010     6.5001   2229.13   0.0     13.45   8.8  27.10.2025  01:52:24
 16   4   9  13  $12    0.100    -2.3438    527.13   0.2    448.74   0.6  27.10.2025  01:52:27
 16   4  10  14  $12    0.100   -13.4985   2120.35   0.1    190.22   0.4  27.10.2025  01:52:29
 16   4  11  15  $12    0.010    -4.1214   3039.55   0.0     39.35   0.7  27.10.2025  01:52:34
 16   4   9   5  $12    0.100     5.0613    373.28   0.4      8.83  17.5  27.10.2025  01:52:38
 16   4  10   6  $12    0.100     5.7915    909.73   0.3    -17.22  67.6  27.10.2025  01:52:40
 16   4  11   7  $12    0.100     5.5831   1255.70   0.2      1.73 162.5  27.10.2025  01:52:42
 16   4  12   8  $12    0.100     5.8942   1481.38   0.0      3.78   7.1  27.10.2025  01:52:44
 16   4   5   1  $12    1.000     2.4952     24.40   0.9     90.16   3.4  27.10.2025  01:52:48
 16   4   6   2  $12    0.100     9.0180  19831.60   0.4    -29.29 119.7  27.10.2025  01:52:53
 16   4   7   3  $12    0.100    17.9121   1605.83   0.2     -1.32  86.4  27.10.2025  01:52:55
  1   4   2   3  $12    0.010     3.2032   2012.63   0.0     15.83   0.5  27.10.2025  01:53:00
  2   3   1   4  $12    0.010     3.3466   2102.74   0.1     21.78  28.2  27.10.2025  01:53:02
  1   2   3   4  $12    0.100   -13.8123   2603.56   0.0      5.80   4.9  27.10.2025  01:53:05
  3   4   1   2  $12    0.100   -16.6763   3143.42   0.2    -48.50   3.9  27.10.2025  01:53:08
  5   8   6   7  $12    0.010     1.6215   1018.83   0.7  12626.78   0.9  27.10.2025  01:53:13
  6   7   5   8  $12    0.010    14.9092   9367.73   0.0    849.59   0.1  27.10.2025  01:53:15
  5   6   7   8  $12    0.010    -0.3813    718.82   1.1   -265.33   7.8  27.10.2025  01:53:20
  7   8   5   6  $12    0.100    -3.5067    661.01   0.1   -725.96   0.2  27.10.2025  01:53:29
  9  12  10  11  $12    0.010     2.1053   1322.80   0.1    -15.84   7.1  27.10.2025  01:53:34
 10  11   9  12  $12    0.010     2.0067   1260.87   0.3    110.00   5.1  27.10.2025  01:53:37
  9  10  11  12  $12    0.100    -0.6618    124.75   0.8   1417.50   0.9  27.10.2025  01:53:45
 11  12   9  10  $12    0.100    -4.2597    802.94   0.1    -20.29  39.9  27.10.2025  01:53:46
 13  16  14  15  $12    0.010     7.1985   4522.94   0.1     89.99   0.3  27.10.2025  01:53:51
 14  15  13  16  $12    0.010     7.4671   4691.73   0.0    111.42   0.2  27.10.2025  01:53:53
 13  14  15  16  $12    0.100    -5.3522   1008.87   0.0    139.01   0.0  27.10.2025  01:53:57
  1   9  10   2  $12    0.010    -5.8749   2114.10   0.0    -34.86   0.5  27.10.2025  01:54:02
  1   9  11   3  $12    0.010    -2.1907   1876.97   0.3    -41.16   4.7  27.10.2025  01:54:04
  1   9  12   4  $12    0.100   -13.7287   2295.63   0.0    -16.35   1.1  27.10.2025  01:54:08
  2  10   9   1  $12    0.010    -5.8157   2092.81   0.0    -15.62   5.4  27.10.2025  01:54:13
  2  10  11   3  $12    0.010    -5.2053   1873.16   0.0      8.27   0.0  27.10.2025  01:54:15
  2  10  12   4  $12    0.010    -2.4848   2128.99   0.4     15.89  23.3  27.10.2025  01:54:17
  3  11   9   1  $12    0.010    -2.2119   1895.19   0.2    -38.69   5.7  27.10.2025  01:54:19
  3  11  10   2  $12    0.010    -5.2153   1876.75   0.0      8.85   2.9  27.10.2025  01:54:21
  3  11  12   4  $12    0.010    -4.3039   1548.79   0.4      0.25 117.7  27.10.2025  01:54:23
 12   4   9   1  $12    0.100    14.0505   2349.44   0.1    -19.73   3.9  27.10.2025  01:54:27
 12   4  10   2  $12    0.010     2.5607   2193.97   0.0     -3.10   2.5  27.10.2025  01:54:31
 12   4  11   3  $12    0.010     4.3286   1557.68   0.1     -0.24 381.7  27.10.2025  01:54:33
 13   5  14   6  $12    0.010    -0.0071      2.55 2944.2  27637.81  96.5  27.10.2025  01:54:39
 13   5  15   7  $12    0.010     2.1989   1883.98   0.2     35.87  17.4  27.10.2025  01:54:41
 13   5  16   8  $12    0.100    15.2366   2547.78   0.0     47.76   0.0  27.10.2025  01:54:45
 14   6  13   5  $12    0.010    16.8898   6077.90   0.3    823.16   0.4  27.10.2025  01:54:50
 14   6  15   7  $12    0.010     1.2635    454.67   0.7    718.94   1.7  27.10.2025  01:54:56
 14   6  16   8  $12    0.010     3.2355   2772.20   0.2     44.39   2.4  27.10.2025  01:54:58
 15   7  13   5  $12    0.010     2.2365   1916.27   0.5     42.16  16.5  27.10.2025  01:54:59
 15   7  14   6  $12    0.010     2.4926    896.97   0.2    -87.58   1.9  27.10.2025  01:55:02
 15   7  16   8  $12    0.010     7.0846   2549.42   0.4    -25.32  38.5  27.10.2025  01:55:04
 16   8  13   5  $12    0.100    15.4802   2588.51   0.1     78.71   0.5  27.10.2025  01:55:07
 16   8  14   6  $12    0.100    13.2727   1137.20   0.3    449.53   4.0  27.10.2025  01:55:10
 16   8  15   7  $12    0.010     6.7053   2412.95   0.0     17.44   0.1  27.10.2025  01:55:15
  1   2   5   6  $12    0.001     6.9123 1302938.54   0.1   -756.32   0.6  27.10.2025  01:55:20
  2   3   6   7  $12    0.100    -6.2095  11704.54   0.6   -928.74   5.1  27.10.2025  01:55:29
  3   4   7   8  $12   10.000    13.6410    257.13   0.0     -9.32   2.1  27.10.2025  01:55:35
  1   2   9  10  $12    0.010   -22.5963 3577806.65   0.1   -669.75   0.2  27.10.2025  01:55:47
  2   3  10  11  $12   10.000    13.5192   2140.58   0.2    -16.07 144.8  27.10.2025  01:55:54
  3   4  11  12  $12   10.000     5.9311    939.11   0.1    -23.66   4.5  27.10.2025  01:55:56
  1   2  13  14  $12    0.100     4.5785 246824.68   0.2    -74.93   2.2  27.10.2025  01:56:05
  2   3  14  15  $12    1.000     9.2918  50091.69   0.0    -19.19   1.8  27.10.2025  01:56:08
  3   4  15  16  $12   10.000    18.9139  10196.41   0.0    -29.45   1.6  27.10.2025  01:56:12
  5   6   9  10  $12    0.001    11.9267 2248126.39   0.5   -660.04   0.0  27.10.2025  01:56:27
  6   7  10  11  $12    0.010     1.2438  23444.27   0.1   -437.26   0.2  27.10.2025  01:56:34
  7   8  11  12  $12    1.000     2.5099    473.11   0.0     -1.23   8.5  27.10.2025  01:56:39
  5   6  13  14  $12    0.010    -1.7864 282852.04   0.9   -211.85   1.0  27.10.2025  01:56:49
  6   7  14  15  $12    0.010    -1.4564 230593.15   0.8   -339.60   1.5  27.10.2025  01:56:54
  7   8  15  16  $12   10.000     4.6883    742.33   0.0    -17.10   0.3  27.10.2025  01:57:01
  9  10  13  14  $12    0.100     6.0792  11458.96   0.0   -190.73   0.0  27.10.2025  01:57:10
 10  11  14  15  $12    1.000     6.8209   1285.70   0.0      4.87   0.7  27.10.2025  01:57:13
 11  12  15  16  $12    1.000     2.4660    464.82   0.1    -28.44  11.4  27.10.2025  01:57:15
  1   2   6   7  $12    0.001   -12.7436 4804234.29   0.2   -762.21   1.0  27.10.2025  01:57:26
  2   3   7   8  $12    1.000     2.4920    939.47   0.0     -0.77  17.8  27.10.2025  01:57:34
  1   2   7   8  $12    0.100    -0.2876   1897.26   1.8   -177.87  14.0  27.10.2025  01:57:39
  2   3   7   8  $12    1.000     2.4931    939.87   0.0     -1.40  11.1  27.10.2025  01:57:43
  1   2  10  11  $12    0.100     2.6041  58903.15   0.1   -427.55   0.6  27.10.2025  01:57:48
  2   3  11  12  $12   10.000    10.2373   2315.63   0.3     70.71  29.0  27.10.2025  01:57:53
  1   2  11  12  $12    0.100     2.2573  70204.92   0.0   -363.58   0.3  27.10.2025  01:58:02
  2   3  11  12  $12   10.000    10.1497   2295.81   0.6     58.45  44.8  27.10.2025  01:58:07
  1   2  14  15  $12    0.100     0.2216  15204.86   0.5   1069.68   0.7  27.10.2025  01:58:16
  2   3  15  16  $12    1.000     2.4824  17032.56   0.0    -32.78   1.4  27.10.2025  01:58:20
  1   2  15  16  $12    0.100     6.5127 558568.05   0.0   -223.33   0.1  27.10.2025  01:58:25
  2   3  15  16  $12    1.000     2.4898  17083.11   0.0    -34.40   0.8  27.10.2025  01:58:29
  5   6  10  11  $12    0.010    -0.7697  29018.05   2.4   -457.06   1.4  27.10.2025  01:58:42
  6   7  11  12  $12    0.010     0.9583  36126.85   0.6   -289.92   6.8  27.10.2025  01:58:48
  5   6  11  12  $12    0.010    -0.8088  53356.15   0.7   -473.47   0.1  27.10.2025  01:58:53
  6   7  11  12  $12    0.010     0.8720  32874.09   0.9   -290.33   0.1  27.10.2025  01:58:58
  5   6  14  15  $12    0.010     1.3847 313215.80   0.5   -336.18   2.4  27.10.2025  01:59:03
  6   7  15  16  $12    0.010     3.5621 805721.54   0.8   -228.17   1.1  27.10.2025  01:59:05
  5   6  15  16  $12    0.010    -3.4077 1059857.55   0.2   -230.96   0.0  27.10.2025  01:59:07
  6   7  15  16  $12    0.010     4.9268 1114412.55   0.1   -248.45   0.7  27.10.2025  01:59:09
  9  10  14  15  $12    0.100    -2.5566   9638.04   0.7   -315.43   0.2  27.10.2025  01:59:13
 10  11  15  16  $12    1.000     3.0122   1135.58   0.0    -22.94   1.8  27.10.2025  01:59:17
  9  10  15  16  $12    0.100     9.6724  63811.97   0.0   -216.38   0.0  27.10.2025  01:59:22
 10  11  15  16  $12    1.000     3.0088   1134.29   0.0    -22.89   0.9  27.10.2025  01:59:26
