//C:\Users\user\Desktop\GeoTom\GeoTomE724.ini
//- Cable direction:
//  cable I: normal
//  cable II: normal
//  cable III: normal
//  cable IV: normal
//- Cable arrangement: sequential
//- Optimization: Last measurement
//- Sorting: Multi-level
//- Current levels: 0.001 mA .. 50.0 mA
Type:         Flow
Name:         Hyprop
Comment:      Example of a measurements sequence
Comment:      
Comment:      
Spacing:      1.00000
First El:     0.00000
Nr of points: 289
IP present:   1

  1   5   2   6  $12    0.001    21.0093  90003.75   0.7   1114.55   0.6  29.10.2025  02:40:09
  1   5   3   7  $12    0.010     1.6679   3143.99   0.1    433.44   0.3  29.10.2025  02:40:17
  1   5   4   8  $12    0.010     3.0260   3992.66   0.0     56.60   0.5  29.10.2025  02:40:18
  1   5  14   2  $12    0.001    -5.1069  45783.38   0.2     96.10   1.9  29.10.2025  02:40:23
  1   5  15   3  $12    0.010     1.6607  36519.72   0.0   -775.25   0.0  29.10.2025  02:40:30
  1   5  16   4  $12    0.010     0.8300    811.76   0.1    -80.59   2.1  29.10.2025  02:40:36
  1   5  13   9  $12    0.001    12.0533 908794.73   0.3   -192.21   1.0  29.10.2025  02:40:41
  1   5  14  10  $12    0.010     3.3789  38811.35   0.0     88.70   0.1  29.10.2025  02:40:44
  1   5  15  11  $12    0.010     2.0560  33910.85   0.2   -196.30   0.4  29.10.2025  02:40:46
  1   5  16  12  $12    0.010     1.9148  43424.48   0.2     67.72   2.7  29.10.2025  02:40:52
  1   5  10   6  $12    0.001    14.0457 124104.09   0.4   2036.85   0.5  29.10.2025  02:40:57
  1   5  11   7  $12    0.010     1.3305   3134.82   0.0   -164.31   0.2  29.10.2025  02:41:04
  1   5  12   8  $12    0.010     2.0450   9275.67   0.0    -20.43   4.7  29.10.2025  02:41:06
  2   6   1   5  $12    0.001    62.6221 268272.53   0.1   -272.92   0.3  29.10.2025  02:41:11
  2   6   3   7  $12    0.001     2.2458   9620.81   0.1   -282.30   0.2  29.10.2025  02:41:13
  2   6   4   8  $12    0.010    11.9608  22545.64   0.0   -372.08   0.2  29.10.2025  02:41:17
  2   6  13   1  $12    0.001   -61.8645 456255.99   0.1   -336.26   0.0  29.10.2025  02:41:23
  2   6  15   3  $12    0.001    -2.0915  18750.47   0.4   -547.00   1.1  29.10.2025  02:41:25
  2   6  16   4  $12    0.010    -7.3549 161742.37   0.0   -653.75   0.0  29.10.2025  02:41:28
  2   6  13   9  $12    0.001   -74.7301 3389513.23   0.1   -152.84   0.5  29.10.2025  02:41:34
  2   6  14  10  $12    0.010     1.7842  13452.47   0.9    178.56   8.3  29.10.2025  02:41:41
  2   6  15  11  $12    0.010   -12.9923 149235.13   0.1   -535.59   0.0  29.10.2025  02:41:43
  2   6  16  12  $12    0.010    -1.5274  25191.56   0.7  -3624.84   0.3  29.10.2025  02:41:46
  2   6   9   5  $12    0.001    70.5165 930443.35   0.0   -113.28   0.1  29.10.2025  02:41:51
  2   6  11   7  $12    0.010    -3.1135   2751.02   0.5   1069.86   1.2  29.10.2025  02:41:55
  2   6  12   8  $12    0.010    10.8451  25553.19   0.9  -1002.66   0.3  29.10.2025  02:41:59
  3   7   1   5  $12    0.010     2.1764   4102.48   0.1    494.65   0.4  29.10.2025  02:42:01
  3   7   2   6  $12    0.010    16.2139   6946.00   0.7    -34.09  21.2  29.10.2025  02:42:04
  3   7   4   8  $12    0.010     3.8082   1631.42   0.0      6.31  25.6  29.10.2025  02:42:06
  3   7  13   1  $12    0.100    -5.6271    883.90   0.4   1926.29   0.4  29.10.2025  02:42:10
  3   7  14   2  $12    0.010    -6.3577   4688.83   0.0      8.34   5.3  29.10.2025  02:42:15
  3   7  16   4  $12    0.100   -17.0181   1525.68   0.0      4.87   2.4  29.10.2025  02:42:18
  3   7  13   9  $12    0.010     4.5888  10811.99   0.5   -288.95   0.6  29.10.2025  02:42:23
  3   7  14  10  $12    0.100     8.1311   3688.00   0.0     55.19   0.4  29.10.2025  02:42:27
  3   7  15  11  $12    0.100     7.4963   5652.11   0.0     13.81   5.9  29.10.2025  02:42:29
  3   7  16  12  $12    0.100     7.8844   9056.41   0.1     23.45   5.3  29.10.2025  02:42:31
  3   7   9   5  $12    0.010    -2.7598   5202.01   0.5   -537.17   0.9  29.10.2025  02:42:36
  3   7  10   6  $12    0.010     5.7745   7619.24   0.2    120.21   7.2  29.10.2025  02:42:38
  3   7  12   8  $12    0.100    13.1221   1159.43   0.0      5.04   5.2  29.10.2025  02:42:42
  4   8   1   5  $12    0.010     3.5121   4634.12   0.2    -83.86   1.8  29.10.2025  02:42:47
  4   8   2   6  $12    0.010     2.9385   5538.86   0.7    192.73   6.1  29.10.2025  02:42:49
  4   8   3   7  $12    0.010     3.9067   1673.63   0.0      8.11  33.5  29.10.2025  02:42:51
  4   8  13   1  $12    0.100   -13.3617   3005.16   0.3   -114.56   0.5  29.10.2025  02:42:55
  4   8  14   2  $12    0.100   -18.1225   2846.68   0.0     14.42   2.9  29.10.2025  02:42:57
  4   8  15   3  $12    0.100   -18.2355   1344.88   0.0     -4.86  11.7  29.10.2025  02:42:59
  4   8  13   9  $12    0.100     1.2275    108.46   0.4   1953.73   0.9  29.10.2025  02:43:02
  4   8  14  10  $12    0.100     5.8687   1382.79   0.0     36.39   1.4  29.10.2025  02:43:04
  4   8  15  11  $12    0.100     6.5844   2986.46   0.0     26.34   2.6  29.10.2025  02:43:06
  4   8  16  12  $12    0.100     7.4840   5642.82   0.0     28.87   1.2  29.10.2025  02:43:08
  4   8   9   5  $12    0.100    15.2185    651.96   0.8   -117.14   3.0  29.10.2025  02:43:10
  4   8  10   6  $12    0.100     1.9331    364.39   0.8  -1732.21   0.4  29.10.2025  02:43:13
  4   8  11   7  $12    0.100    13.0613   1723.40   0.1     21.19   1.8  29.10.2025  02:43:15
  5   9   6  10  $12    0.001    33.0596 141627.11   0.2    970.13   0.2  29.10.2025  02:43:23
  5   9   7  11  $12    0.010     3.9710   7485.09   0.0   -250.00   0.3  29.10.2025  02:43:27
  5   9   8  12  $12    0.010     0.8404   1108.84   0.8   1929.83   1.9  29.10.2025  02:43:33
  5   9   2   6  $12    0.001   -24.9263 328894.15   0.1   1432.24   0.0  29.10.2025  02:43:39
  5   9   3   7  $12    0.010     2.0018   3773.23   0.0   -724.07   0.1  29.10.2025  02:43:43
  5   9   4   8  $12    0.010    -0.6080    260.45   0.0    340.95   0.4  29.10.2025  02:43:49
  5   9   1  13  $12    0.001    14.4067 362079.68   0.2   -391.03   0.8  29.10.2025  02:43:53
  5   9   2  14  $12    0.001     2.7855  62648.76   0.2   -382.65   0.5  29.10.2025  02:43:55
  5   9   3  15  $12    0.010     6.9663  10942.61   0.0   -464.23   0.0  29.10.2025  02:43:59
  5   9   4  16  $12    0.010     1.4428   1064.09   0.0   -201.27   0.3  29.10.2025  02:44:05
  5   9  14  10  $12    0.010     9.2997   8216.97   0.1    144.75   0.6  29.10.2025  02:44:06
  5   9  15  11  $12    0.010    -0.5305   1249.93   0.4  -2141.62   0.8  29.10.2025  02:44:12
  5   9  16  12  $12    0.010    -0.4619   2095.14   0.6  -1774.58   0.2  29.10.2025  02:44:24
  6  10   5   9  $12    0.001    72.8831 312230.53   0.2   -278.73   0.1  29.10.2025  02:44:29
  6  10   7  11  $12    0.010    -3.6421   1560.26   0.8      6.16  60.9  29.10.2025  02:44:33
  6  10   8  12  $12    0.010     4.3543   8207.68   0.0   -239.82   2.9  29.10.2025  02:44:35
  6  10   1   5  $12    0.001   -47.4178 418970.50   0.0   -294.95   0.1  29.10.2025  02:44:40
  6  10   3   7  $12    0.010    -4.3138   5691.94   0.7      3.31 291.5  29.10.2025  02:44:44
  6  10   4   8  $12    0.010    -4.9249   9283.26   0.0    -55.65   0.5  29.10.2025  02:44:46
  6  10   1  13  $12    0.001   -48.6317 1093773.62   0.1   -378.84   0.1  29.10.2025  02:44:52
  6  10   2  14  $12    0.001    -8.6151 216520.41   0.1   -416.72   0.4  29.10.2025  02:44:54
  6  10   3  15  $12    0.001    -1.6105  36221.53   0.0   -679.52   0.2  29.10.2025  02:44:58
  6  10   4  16  $12    0.010    -4.0314   6332.53   0.0   -370.46   0.7  29.10.2025  02:45:02
  6  10  13   9  $12    0.001    69.3409 914932.18   0.2   -233.55   0.2  29.10.2025  02:45:07
  6  10  15  11  $12    0.010    17.0547  15069.06   0.1   -311.50   0.0  29.10.2025  02:45:11
  6  10  16  12  $12    0.010     2.5656   6044.94   0.2   -435.83   0.5  29.10.2025  02:45:13
  7  11   5   9  $12    0.010     2.5865   4875.43   0.7   -131.19   8.3  29.10.2025  02:45:15
  7  11   6  10  $12    0.010     2.0027    857.94   2.1    840.80   1.8  29.10.2025  02:45:22
  7  11   8  12  $12    0.010     3.1450   1347.33   0.3     37.62  20.2  29.10.2025  02:45:24
  7  11   1   5  $12    0.100    -8.5007   2002.93   0.8   -131.05   6.0  29.10.2025  02:45:27
  7  11   2   6  $12    0.100    -3.9556    349.50   0.7   2541.90   2.5  29.10.2025  02:45:29
  7  11   4   8  $12    0.100   -12.9896   1713.94   0.0     16.39   5.3  29.10.2025  02:45:32
  7  11   1  13  $12    0.100     3.3479    525.89   0.5    615.69   1.4  29.10.2025  02:45:34
  7  11   2  14  $12    0.100     5.2395   1178.42   0.0     93.18   1.5  29.10.2025  02:45:36
  7  11   3  15  $12    0.100     5.5239   1388.32   0.0     25.52   1.9  29.10.2025  02:45:38
  7  11   4  16  $12    0.100     6.7038   1507.75   0.0     18.20   2.0  29.10.2025  02:45:40
  7  11  13   9  $12    0.100    11.5279   2172.95   0.2   -422.15   1.7  29.10.2025  02:45:42
  7  11  14  10  $12    0.100    11.5489   1523.84   0.1     21.50   1.8  29.10.2025  02:45:44
  7  11  16  12  $12    0.100    11.8741   1049.16   0.0     47.09   3.8  29.10.2025  02:45:46
  8  12   5   9  $12    0.010     3.2226   4252.09   0.9   -357.06   4.3  29.10.2025  02:45:51
  8  12   6  10  $12    0.100     1.2472    235.09   5.1   2911.69  14.6  29.10.2025  02:46:02
  8  12   7  11  $12    0.010     3.1592   1353.39   0.0     20.74   0.4  29.10.2025  02:46:06
  8  12   1   5  $12    0.010    -2.0794   9431.52   0.8   -219.58   8.5  29.10.2025  02:46:09
  8  12   2   6  $12    0.100     5.1187   1206.07   0.5    -79.50  11.4  29.10.2025  02:46:13
  8  12   3   7  $12    0.100   -13.4464   1188.09   0.1      4.53  13.5  29.10.2025  02:46:15
  8  12   1  13  $12    0.100    -4.5660    336.74   0.1  -1028.58   0.3  29.10.2025  02:46:17
  8  12   2  14  $12    0.100     4.7977    753.62   0.0    185.83   1.0  29.10.2025  02:46:19
  8  12   3  15  $12    0.100     5.2012   1169.81   0.0     69.87   1.0  29.10.2025  02:46:21
  8  12  16   4  $12    0.100    -7.1626   1800.16   0.0     67.93   1.2  29.10.2025  02:46:23
  8  12   9  13  $12    0.100   -16.4427    704.40   0.3   -724.79   0.2  29.10.2025  02:46:25
  8  12  10  14  $12    0.100    -4.6159    870.07   0.0    -56.25   6.8  29.10.2025  02:46:27
  8  12  11  15  $12    0.100   -12.6546   1669.74   0.0     12.77   1.1  29.10.2025  02:46:29
  9  13  10  14  $12    0.010    16.4505   7047.36   0.0    365.54   0.0  29.10.2025  02:46:35
  9  13  11  15  $12    0.010    -0.8226   1550.51   0.7  -3473.10   0.5  29.10.2025  02:46:37
  9  13  12  16  $12    0.010     1.7425   2299.14   0.4   1101.52   0.1  29.10.2025  02:46:40
  9  13   6  10  $12    0.001   -27.9473 368755.30   0.2   1296.63   0.1  29.10.2025  02:46:45
  9  13   7  11  $12    0.010    -2.1934   4134.40   0.0   -147.08   0.9  29.10.2025  02:46:49
  9  13   8  12  $12    0.010    -0.4094    175.37   0.7   -205.43   0.9  29.10.2025  02:46:54
  9  13   5   1  $12    0.001    11.6547 878740.84   0.1   -406.39   0.9  29.10.2025  02:46:59
  9  13   6   2  $12    0.001   -20.7190 939744.60   0.4   1908.84   0.5  29.10.2025  02:47:01
  9  13   7   3  $12    0.010     0.6182   1456.49  10.5   7444.93  19.3  29.10.2025  02:47:11
  9  13   8   4  $12    0.010     2.3650   2089.67   0.8   -778.19   0.6  29.10.2025  02:47:14
  9  13   2  14  $12    0.010   -19.5373  14408.92   0.5   -719.94   0.6  29.10.2025  02:47:16
  9  13   3  15  $12    0.010    -7.9934  12555.97   0.5   -461.90   0.8  29.10.2025  02:47:18
  9  13   4  16  $12    0.010     0.7451   1675.88   0.1   2542.68   0.3  29.10.2025  02:47:23
 10  14   9  13  $12    0.010    20.5973   8823.86   0.1    275.70   2.2  29.10.2025  02:47:25
 10  14  11  15  $12    0.010    20.7038   8869.48   0.5    136.90   1.2  29.10.2025  02:47:27
 10  14  12  16  $12    0.001     2.8591  53892.22   0.1    111.36   1.0  29.10.2025  02:47:32
 10  14   5   9  $12    0.010    -8.6458   7639.16   0.1    183.13   1.3  29.10.2025  02:47:41
 10  14   7  11  $12    0.100   -11.7816   1554.55   0.0     19.17   0.7  29.10.2025  02:47:45
 10  14   8  12  $12    0.100    -5.0440    950.77   0.0    -28.90   1.4  29.10.2025  02:47:47
 10  14   5   1  $12    0.010     3.4731  39893.18   0.4    -27.41  13.3  29.10.2025  02:47:52
 10  14   6   2  $12    0.010     1.5629  11783.73   3.9   2406.89   2.6  29.10.2025  02:47:58
 10  14   7   3  $12    0.100     6.5785   2983.79   0.0      6.31   3.9  29.10.2025  02:48:02
 10  14   8   4  $12    0.100     5.7189   1347.48   0.0     37.26   0.5  29.10.2025  02:48:04
 10  14   1  13  $12    0.010     6.2268   5582.35   0.7    732.16   1.2  29.10.2025  02:48:10
 10  14   3  15  $12    0.010    15.4044  11360.85   0.2    205.93   0.0  29.10.2025  02:48:12
 10  14   4  16  $12    0.010    19.8214  31135.35   0.6    146.68   0.9  29.10.2025  02:48:14
 11  15   9  13  $12    0.010     5.1270   9664.11   0.9    118.72   6.7  29.10.2025  02:48:16
 11  15  10  14  $12    0.010    12.2769   5259.41   0.9    257.78   0.5  29.10.2025  02:48:18
 11  15  12  16  $12    0.001     3.3968  14551.81   0.3     68.33   1.5  29.10.2025  02:48:23
 11  15   5   9  $12    0.100    -8.4588   1993.06   0.7    596.65   2.1  29.10.2025  02:48:29
 11  15   6  10  $12    0.100   -16.2230   1433.42   0.5   -752.35   1.1  29.10.2025  02:48:31
 11  15   8  12  $12    0.100   -13.2131   1743.42   0.0     18.93   2.3  29.10.2025  02:48:33
 11  15   5   1  $12    0.100    10.0117  16512.74   0.2   -121.28   2.4  29.10.2025  02:48:35
 11  15   6   2  $12    0.100     9.5793  11003.25   0.7    647.49   1.5  29.10.2025  02:48:37
 11  15   7   3  $12    0.100     6.6816   5037.81   0.0    -13.96   8.5  29.10.2025  02:48:39
 11  15   8   4  $12    0.100     6.4879   2942.69   0.0     15.05   3.3  29.10.2025  02:48:41
 11  15   1  13  $12    0.100     3.1670   6964.69   0.2   1585.69   1.2  29.10.2025  02:48:43
 11  15   2  14  $12    0.010     6.1250   5491.07   0.9    312.53   0.3  29.10.2025  02:48:48
 11  15   4  16  $12    0.010    21.3140  15719.24   0.4    101.86   0.5  29.10.2025  02:48:50
 12  16   9  13  $12    0.010     4.2078   5552.07   0.6    144.51   3.2  29.10.2025  02:48:52
 12  16  10  14  $12    0.010    21.1901  39942.49   0.1    152.13   0.3  29.10.2025  02:48:55
 12  16  11  15  $12    0.010    20.2072   8656.74   0.4    167.10   0.1  29.10.2025  02:48:57
 12  16   5   9  $12    0.100    -8.2001   3719.30   0.0   -491.23   1.4  29.10.2025  02:49:01
 12  16   6  10  $12    0.100     8.3225   1960.95   0.6    401.38   3.7  29.10.2025  02:49:03
 12  16   7  11  $12    0.100   -12.1020   1069.30   0.1      9.15   1.9  29.10.2025  02:49:05
 12  16   5   1  $12    0.100    14.6845  33301.95   0.2    218.60   0.1  29.10.2025  02:49:07
 12  16   6   2  $12    0.010     5.2258  86190.79   0.2     84.18   5.6  29.10.2025  02:49:13
 12  16   7   3  $12    0.100     7.1536   8216.94   0.0      7.36  10.9  29.10.2025  02:49:16
 12  16   8   4  $12    0.100     7.7390   5835.07   0.0     37.37   0.2  29.10.2025  02:49:18
 12  16  13   1  $12    0.100    -9.3786    917.27   0.0   1021.23   0.0  29.10.2025  02:49:20
 12  16  14   2  $12    0.010   -15.2519 335407.04   0.2    189.57   0.0  29.10.2025  02:49:25
 12  16  15   3  $12    0.010   -22.1298  19839.44   0.1    165.18   0.0  29.10.2025  02:49:27
 13   1  14   2  $12    0.001     5.5651  19084.87   0.0    202.66   0.3  29.10.2025  02:49:32
 13   1  15   3  $12    0.100    -4.1716    316.34   0.0   1549.21   0.8  29.10.2025  02:49:38
 13   1  16   4  $12    0.100     0.1959     25.18  21.5  56045.39  21.0  29.10.2025  02:49:53
 13   1  10  14  $12    0.100   -14.2049   1273.47   0.6   1272.08   0.2  29.10.2025  02:49:55
 13   1  11  15  $12    0.100    17.2052  37836.18   0.1    181.27   1.6  29.10.2025  02:49:57
 13   1  12  16  $12    0.100     8.8856    869.05   0.9   -149.83   7.4  29.10.2025  02:49:59
 13   1   9   5  $12    0.001    15.5683 391272.92   0.5   -272.13   0.7  29.10.2025  02:50:07
 13   1  10   6  $12    0.001   -13.3088 299327.05   0.5   2086.01   0.3  29.10.2025  02:50:09
 13   1  11   7  $12    0.100     0.4971     78.09   6.3 -12284.12   6.9  29.10.2025  02:50:19
 13   1  12   8  $12    0.100    15.5329   1145.57   0.3   -754.25   0.0  29.10.2025  02:50:21
 13   1   6   2  $12    0.001    18.5255 136626.98   0.6   1565.90   2.0  29.10.2025  02:50:29
 13   1   7   3  $12    0.100    21.2619   3339.81   0.0     49.29   1.8  29.10.2025  02:50:35
 13   1   8   4  $12    0.100     7.2687   1634.81   0.2    245.41   0.8  29.10.2025  02:50:37
 14   2  13   1  $12    0.001     5.4225  18595.86   0.0    293.20   0.6  29.10.2025  02:50:45
 14   2  15   3  $12    0.010    10.9094   3741.25   0.0    396.55   0.0  29.10.2025  02:50:49
 14   2  16   4  $12    0.010    14.6997  11147.04   0.0    359.74   0.0  29.10.2025  02:50:51
 14   2   9  13  $12    0.001     2.7707  20433.78   0.3   -411.74   2.2  29.10.2025  02:50:56
 14   2  11  15  $12    0.010    -5.8175   5215.44   0.0    757.61   0.0  29.10.2025  02:51:00
 14   2  12  16  $12    0.010   -12.6200 277529.19   0.0    399.96   0.0  29.10.2025  02:51:02
 14   2   9   5  $12    0.001     2.8220  63469.63   0.7   -194.74   1.9  29.10.2025  02:51:07
 14   2  10   6  $12    0.001    -1.5023  37757.66   0.9   3262.99   1.2  29.10.2025  02:51:11
 14   2  11   7  $12    0.100     3.4952    786.11   0.0    121.58   0.3  29.10.2025  02:51:16
 14   2  12   8  $12    0.100     5.6206    882.88   0.1     77.60   0.2  29.10.2025  02:51:18
 14   2   5   1  $12    0.001     4.9891  44727.28   0.5    308.71   2.8  29.10.2025  02:51:26
 14   2   7   3  $12    0.010     5.1896   3827.37   0.0     11.66   2.1  29.10.2025  02:51:30
 14   2   8   4  $12    0.010     2.5640   4027.52   0.0    123.42   0.4  29.10.2025  02:51:32
 15   3  13   1  $12    0.010    -1.1528    874.18   0.8  -3156.11   1.0  29.10.2025  02:51:34
 15   3  14   2  $12    0.010    12.7922   4386.91   0.0    329.82   0.0  29.10.2025  02:51:36
 15   3  16   4  $12    0.001     3.0980  10624.29   0.1    175.31   0.6  29.10.2025  02:51:41
 15   3   9  13  $12    0.010     7.9792  12533.63   0.1   -868.74   0.2  29.10.2025  02:51:46
 15   3  10  14  $12    0.010    -8.7133   6426.11   0.1    517.72   0.4  29.10.2025  02:51:48
 15   3  12  16  $12    0.001    -2.8420  25478.45   0.1    201.39   0.5  29.10.2025  02:51:53
 15   3   9   5  $12    0.010     8.4566  13283.52   0.2   -664.47   2.2  29.10.2025  02:51:57
 15   3  10   6  $12    0.010   -21.2882  47879.27   0.3   -455.06   0.4  29.10.2025  02:52:00
 15   3  11   7  $12    0.100     4.8209   1211.63   0.0     29.93   0.1  29.10.2025  02:52:04
 15   3  12   8  $12    0.100     4.7195   1061.47   0.0     57.03   0.5  29.10.2025  02:52:06
 15   3   5   1  $12    0.100     1.8739   4120.90   0.5   6913.27   0.5  29.10.2025  02:52:08
 15   3   6   2  $12    0.010    22.4572  20132.94   0.3   -193.87   2.3  29.10.2025  02:52:13
 15   3   8   4  $12    0.100    18.7309   1381.42   0.0     -0.08  27.9  29.10.2025  02:52:16
 16   4  13   1  $12    0.100    15.8785   2040.70   0.2    609.74   0.7  29.10.2025  02:52:19
 16   4  14   2  $12    0.010    17.4005  13195.05   0.1    208.23   0.0  29.10.2025  02:52:23
 16   4  15   3  $12    0.001     2.1568   7396.38   0.2    257.23   0.2  29.10.2025  02:52:28
 16   4   9  13  $12    0.010    -2.1148   4756.42   0.2    618.23   1.0  29.10.2025  02:52:32
 16   4  10  14  $12    0.010   -18.6484  29292.88   0.1    211.27   0.1  29.10.2025  02:52:34
 16   4  11  15  $12    0.001    -2.2053  16264.50   0.0    258.63   0.0  29.10.2025  02:52:39
 16   4   9   5  $12    0.100     6.4648    476.78   0.1     35.49  11.6  29.10.2025  02:52:46
 16   4  10   6  $12    0.100     3.9489    620.29   0.6   2165.25   1.2  29.10.2025  02:52:48
 16   4  11   7  $12    0.100     6.1229   1377.09   0.0     29.44   4.6  29.10.2025  02:52:50
 16   4  12   8  $12    0.100     6.7996   1708.93   0.0     75.16   0.2  29.10.2025  02:52:52
 16   4   5   1  $12    0.100    -3.1387    306.98   0.2    450.74   0.4  29.10.2025  02:52:54
 16   4   6   2  $12    0.100     0.8880   1952.79   5.4 -13664.89  11.5  29.10.2025  02:53:01
 16   4   7   3  $12    0.100    17.4752   1566.65   0.0      0.33   5.6  29.10.2025  02:53:03
  1   4   2   3  $12    0.001     5.8123  36519.79   0.0    122.69   0.4  29.10.2025  02:53:10
  2   3   1   4  $12    0.001     5.7231  35959.55   0.4    190.03   8.9  29.10.2025  02:53:12
  1   2   3   4  $12    0.010    -4.1028   7733.65   0.0   -308.67   0.2  29.10.2025  02:53:16
  3   4   1   2  $12    0.010    -4.4870   8457.72   0.6   -282.71   2.0  29.10.2025  02:53:18
  5   8   6   7  $12    0.001    13.8403  86961.13   0.5   -719.06   2.4  29.10.2025  02:53:24
  6   7   5   8  $12    0.001    -5.0163  31518.24   0.3  -1119.63   0.2  29.10.2025  02:53:26
  5   6   7   8  $12    0.010    17.6732  33313.16   0.0  -1095.09   0.0  29.10.2025  02:53:29
  7   8   5   6  $12    0.010    -3.0231   5698.41   0.8   -462.86   3.2  29.10.2025  02:53:32
  9  12  10  11  $12    0.010    10.8882   6841.25   0.0    109.39   0.4  29.10.2025  02:53:34
 10  11   9  12  $12    0.010     9.8257   6173.67   0.1    183.13   1.6  29.10.2025  02:53:37
  9  10  11  12  $12    0.010     0.8857   1669.56   0.6   -529.79   2.4  29.10.2025  02:53:42
 11  12   9  10  $12    0.100    -5.6495   1064.90   0.9   -430.10   5.0  29.10.2025  02:53:50
 13  16  14  15  $12    0.010    14.6556   9208.41   0.4    183.89   0.3  29.10.2025  02:53:55
 14  15  13  16  $12    0.010    13.8540   8704.74   0.0    335.26   0.2  29.10.2025  02:53:57
 13  14  15  16  $12    0.010     9.8296  18528.45   0.2   -215.36   0.0  29.10.2025  02:53:59
  1   9  10   2  $12    0.001    -9.6928  34879.95   0.0    -36.82   0.9  29.10.2025  02:54:04
  1   9  11   3  $12    0.010    -5.5117   4722.40   0.0   -125.71   0.1  29.10.2025  02:54:08
  1   9  12   4  $12    0.010    -2.3945   4003.93   0.0     36.59   4.7  29.10.2025  02:54:10
  2  10   9   1  $12    0.001    -9.6216  34623.79   0.2    -10.69   3.1  29.10.2025  02:54:15
  2  10  11   3  $12    0.010    -7.1923   2588.18   0.0     40.65   0.2  29.10.2025  02:54:19
  2  10  12   4  $12    0.010    -3.8484   3297.31   0.1     88.64   0.3  29.10.2025  02:54:21
  3  11   9   1  $12    0.010    -6.3377   5430.15   0.1   -148.12   0.4  29.10.2025  02:54:23
  3  11  10   2  $12    0.010    -7.7504   2789.03   0.0     27.42   4.1  29.10.2025  02:54:25
  3  11  12   4  $12    0.010    -4.3431   1562.90   0.1     23.62   7.7  29.10.2025  02:54:27
 12   4   9   1  $12    0.010     2.6270   4392.77   0.1   -117.19   0.7  29.10.2025  02:54:29
 12   4  10   2  $12    0.010     3.5168   3013.22   0.4     45.62   4.0  29.10.2025  02:54:31
 12   4  11   3  $12    0.010     4.3596   1568.81   0.1     21.91   5.1  29.10.2025  02:54:34
 13   5  14   6  $12    0.001    11.0126  39629.40   0.5   -655.98   1.1  29.10.2025  02:54:38
 13   5  15   7  $12    0.010     2.5656   2198.17   0.0    491.73   0.1  29.10.2025  02:54:43
 13   5  16   8  $12    0.010     3.7262   6230.74   0.0    406.23   0.2  29.10.2025  02:54:45
 14   6  13   5  $12    0.001    -1.6357   5886.02   0.8  -3327.51   1.0  29.10.2025  02:54:50
 14   6  15   7  $12    0.010    -8.1180   2921.31   0.2   -959.64   0.3  29.10.2025  02:54:54
 14   6  16   8  $12    0.010    19.1829  16435.83   0.0    246.05   0.1  29.10.2025  02:54:56
 15   7  13   5  $12    0.010     3.8578   3305.38   0.7    331.32   0.3  29.10.2025  02:54:58
 15   7  14   6  $12    0.010    15.3499   5523.72   0.4    575.67   2.1  29.10.2025  02:55:00
 15   7  16   8  $12    0.001     3.3789  12159.15   0.1     84.02   0.1  29.10.2025  02:55:05
 16   8  13   5  $12    0.010     4.3772   7319.22   0.4    402.47   1.0  29.10.2025  02:55:09
 16   8  14   6  $12    0.010    19.0947  16360.32   0.5    322.83   1.4  29.10.2025  02:55:11
 16   8  15   7  $12    0.001     2.7120   9759.35   0.0    231.41   0.0  29.10.2025  02:55:15
  1   2   5   6  $12    0.001    15.3467 2892785.16   0.2    922.34   0.3  29.10.2025  02:55:18
  2   3   6   7  $12    0.001    -2.2778 429351.80   0.9   1166.75   2.6  29.10.2025  02:55:21
  3   4   7   8  $12    1.000     0.9872    186.08   0.3    -73.13   1.2  29.10.2025  02:55:31
  1   2   9  10  $12    0.001   -14.1287 22370925.10   0.1   -268.60   0.0  29.10.2025  02:55:43
  2   3  10  11  $12    0.100     0.4692   7429.27   0.2   -381.68   0.5  29.10.2025  02:55:52
  3   4  11  12  $12    1.000     2.3950   3792.10   0.1   -301.11   0.0  29.10.2025  02:55:55
  1   2  13  14  $12    0.010     1.7474 942023.61   0.1     68.12   0.4  29.10.2025  02:56:04
  2   3  14  15  $12    0.100    18.7046 1008359.63   0.0    230.68   0.0  29.10.2025  02:56:08
  3   4  15  16  $12    1.000     6.5279  35191.68   0.0   -313.94   0.4  29.10.2025  02:56:12
  5   6   9  10  $12    0.001    72.3381 13635401.33   0.1   -213.13   0.1  29.10.2025  02:56:24
  6   7  10  11  $12    0.010     1.9285  36352.03   0.3    243.02   0.6  29.10.2025  02:56:31
  7   8  11  12  $12    1.000     2.2702    427.93   0.0     72.81   0.9  29.10.2025  02:56:36
  5   6  13  14  $12    0.010    -2.2601 357861.47   0.1    684.35   0.4  29.10.2025  02:56:45
  6   7  14  15  $12    0.010    -6.0943 964953.54   0.0    182.04   2.5  29.10.2025  02:56:47
  7   8  15  16  $12   10.000     5.4920    869.58   2.3    403.41   2.2  29.10.2025  02:56:58
  9  10  13  14  $12    0.010     0.1093   2060.73   3.6   -521.25   3.8  29.10.2025  02:57:11
 10  11  14  15  $12    1.000     7.7144   1454.13   0.0     15.27   1.9  29.10.2025  02:57:16
 11  12  15  16  $12    1.000     3.4003    640.94   0.0     94.87   1.0  29.10.2025  02:57:18
  1   2   6   7  $12    0.001   -14.8163 5585596.84   0.9   1326.63   1.8  29.10.2025  02:57:30
  2   3   7   8  $12    0.100    -0.9888   3727.64   0.0    -50.83   5.4  29.10.2025  02:57:39
  1   2   7   8  $12    0.010     0.0572   3771.16   0.8   1211.19   0.6  29.10.2025  02:57:44
  2   3   7   8  $12    0.100    -0.9945   3749.21   0.1    -47.07   0.4  29.10.2025  02:57:51
  1   2  10  11  $12    0.010    -0.0710  16070.25   0.3    759.94   0.1  29.10.2025  02:57:56
  2   3  11  12  $12    0.100     0.4105   9285.19   0.3   -501.45   0.4  29.10.2025  02:58:03
  1   2  11  12  $12    0.010     0.0518  16112.91   2.1  -1984.66   2.3  29.10.2025  02:58:08
  2   3  11  12  $12    0.100     0.4365   9872.30   0.1   -494.36   0.1  29.10.2025  02:58:16
  1   2  14  15  $12    0.010    -1.3291 911946.37   0.1   -309.85   0.2  29.10.2025  02:58:21
  2   3  15  16  $12    0.100    -9.0839 623265.45   0.1    -19.07   0.7  29.10.2025  02:58:25
  1   2  15  16  $12    0.010     1.5948 1367811.71   0.0   -605.38   0.0  29.10.2025  02:58:30
  2   3  15  16  $12    0.100    -8.6718 594995.40   0.0    -18.08   0.6  29.10.2025  02:58:34
  5   6  10  11  $12    0.010    -4.4220 166707.11   0.1   -713.24   0.0  29.10.2025  02:58:39
  6   7  11  12  $12    0.010     2.1493  81026.37   0.4    388.77   1.8  29.10.2025  02:58:41
  5   6  11  12  $12    0.010    -3.4463 227363.02   0.1   -352.68   0.4  29.10.2025  02:58:43
  6   7  11  12  $12    0.010     2.2514  84877.62   0.2    309.87   0.8  29.10.2025  02:58:45
  5   6  14  15  $12    0.010     7.9994 1809417.66   0.1   -293.40   1.6  29.10.2025  02:58:47
  6   7  15  16  $12    0.010    18.2399 4125759.26   0.0   -194.20   0.5  29.10.2025  02:58:49
  5   6  15  16  $12    0.010   -15.7532 4899508.88   0.0   -147.48   0.5  29.10.2025  02:58:51
  6   7  15  16  $12    0.010    18.0217 4076403.68   0.0   -169.00   0.2  29.10.2025  02:58:53
  9  10  14  15  $12    0.010    -2.3012  86754.07   0.8   -639.50   0.1  29.10.2025  02:58:55
 10  11  15  16  $12    1.000     2.6369    994.08   0.0    -44.45   0.8  29.10.2025  02:59:01
  9  10  15  16  $12    0.010     3.3420 220485.76   0.3   -483.41   0.1  29.10.2025  02:59:10
 10  11  15  16  $12    1.000     2.6505    999.21   0.0    -40.68   0.8  29.10.2025  02:59:15
