//C:\Users\user\Desktop\GeoTom\GeoTomE724.ini
//- Cable direction:
//  cable I: normal
//  cable II: normal
//  cable III: normal
//  cable IV: normal
//- Cable arrangement: sequential
//- Optimization: Last measurement
//- Sorting: Multi-level
//- Current levels: 0.001 mA .. 50.0 mA
Type:         Flow
Name:         Hyprop
Comment:      Example of a measurements sequence
Comment:      
Comment:      
Spacing:      1.00000
First El:     0.00000
Nr of points: 289
IP present:   1

  1   5   2   6  $12    0.001     2.6817  11488.50   0.7   -147.30   5.7  26.10.2025  21:40:08
  1   5   3   7  $12    0.100    15.5100   2923.57   0.0      8.61   0.5  26.10.2025  21:40:14
  1   5   4   8  $12    0.100     9.6745   1276.52   0.0     20.28   0.4  26.10.2025  21:40:16
  1   5  14   2  $12    0.100   -20.3706   1826.23   0.0     18.32   2.6  26.10.2025  21:40:18
  1   5  15   3  $12    0.100    -2.6159   5752.60   0.3     79.73   1.8  26.10.2025  21:40:20
  1   5  16   4  $12    0.100    -0.0629      6.15   0.9   1070.32   2.1  26.10.2025  21:40:34
  1   5  13   9  $12    0.010     4.0043  30191.76   0.3   -475.10   4.1  26.10.2025  21:40:38
  1   5  14  10  $12    0.100     7.8616   9030.17   0.0    -35.68   0.8  26.10.2025  21:40:42
  1   5  15  11  $12    0.100     5.6305   9286.57   0.1    -28.48   3.6  26.10.2025  21:40:44
  1   5  16  12  $12    0.100     4.7212  10706.94   0.2    -11.07  20.1  26.10.2025  21:40:46
  1   5  10   6  $12    0.001     3.4796  30744.37   0.8   -368.45   2.3  26.10.2025  21:40:54
  1   5  11   7  $12    0.100     7.4982   1766.71   0.0    -10.20   0.3  26.10.2025  21:41:00
  1   5  12   8  $12    0.100     5.0053   2270.25   0.0     12.35  10.6  26.10.2025  21:41:02
  2   6   1   5  $12    0.001     3.8110  16326.17   0.2   -309.36   0.1  26.10.2025  21:41:10
  2   6   3   7  $12    0.010     4.7366   2029.14   0.0   -118.51   0.1  26.10.2025  21:41:14
  2   6   4   8  $12    0.010     3.7670   7100.66   0.0   -127.65   0.0  26.10.2025  21:41:16
  2   6  13   1  $12    0.001    -4.2008  30981.35   0.1   -668.57   0.2  26.10.2025  21:41:21
  2   6  15   3  $12    0.010    -6.2464   5599.94   0.0   -180.29   0.1  26.10.2025  21:41:25
  2   6  16   4  $12    0.010    -1.4772  32485.17   0.0   -118.54   1.0  26.10.2025  21:41:31
  2   6  13   9  $12    0.001    -8.5774 389044.46   0.2   -632.75   0.0  26.10.2025  21:41:36
  2   6  14  10  $12    0.010    -0.1862   1403.82   1.3    627.40   0.8  26.10.2025  21:41:49
  2   6  15  11  $12    0.010    -1.7247  19810.90   1.3   -308.71   0.3  26.10.2025  21:41:59
  2   6  16  12  $12    0.010     0.1837   3029.71   1.9    752.92   3.6  26.10.2025  21:42:11
  2   6   9   5  $12    0.001     8.9175 117663.66   0.1   -453.83   0.3  26.10.2025  21:42:16
  2   6  11   7  $12    0.010     0.7882    696.47   0.4   -109.08   1.8  26.10.2025  21:42:23
  2   6  12   8  $12    0.010     2.0173   4753.20   0.2   -215.38   0.6  26.10.2025  21:42:25
  3   7   1   5  $12    0.100    15.0321   2833.49   0.0      6.93   3.6  26.10.2025  21:42:28
  3   7   2   6  $12    0.100    22.1761    950.02   0.4   -363.02   1.7  26.10.2025  21:42:30
  3   7   4   8  $12    0.010     3.7847   1621.35   0.0      2.27  38.3  26.10.2025  21:42:35
  3   7  13   1  $12    0.100    -3.2945    517.50   0.3     67.06   5.5  26.10.2025  21:42:40
  3   7  14   2  $12    0.010    -2.5664   1892.73   0.0     13.52   4.3  26.10.2025  21:42:45
  3   7  16   4  $12    0.100   -17.8269   1598.19   0.0      3.60   1.2  26.10.2025  21:42:48
  3   7  13   9  $12    0.100     7.6863   1811.05   0.3    -80.29   1.8  26.10.2025  21:42:50
  3   7  14  10  $12    0.100     5.8920   2672.41   0.0     -8.62  12.5  26.10.2025  21:42:52
  3   7  15  11  $12    0.100     6.4087   4832.01   0.0     -1.65 103.8  26.10.2025  21:42:54
  3   7  16  12  $12    0.100     6.4103   7363.14   0.1      2.42  70.0  26.10.2025  21:42:56
  3   7   9   5  $12    0.100     4.1194    776.48   0.8    109.71   2.2  26.10.2025  21:42:58
  3   7  10   6  $12    0.100     8.0420   1061.12   0.1   -197.01   1.5  26.10.2025  21:43:01
  3   7  12   8  $12    0.100    13.1459   1161.53   0.1     10.61  13.1  26.10.2025  21:43:03
  4   8   1   5  $12    0.100     9.5576   1261.10   0.3      9.78  28.1  26.10.2025  21:43:05
  4   8   2   6  $12    0.100     7.8331   1476.51   0.7    443.68   0.7  26.10.2025  21:43:07
  4   8   3   7  $12    0.010     3.7881   1622.83   0.0     -0.58  19.5  26.10.2025  21:43:11
  4   8  13   1  $12    1.000   -15.7287    353.75   0.0    -34.89   1.7  26.10.2025  21:43:17
  4   8  14   2  $12    0.100    -8.8848   1395.63   0.0      4.81   1.7  26.10.2025  21:43:22
  4   8  15   3  $12    0.100   -18.2398   1345.20   0.0      1.77  20.6  26.10.2025  21:43:24
  4   8  13   9  $12    0.100     5.9484    525.58   0.1    -11.90  12.8  26.10.2025  21:43:26
  4   8  14  10  $12    0.100     5.3204   1253.60   0.0     -8.97  15.3  26.10.2025  21:43:28
  4   8  15  11  $12    0.100     6.3055   2859.95   0.0      0.38 335.4  26.10.2025  21:43:30
  4   8  16  12  $12    0.100     6.6185   4990.23   0.0      1.59  96.7  26.10.2025  21:43:32
  4   8   9   5  $12    1.000    20.1340     86.25   0.0    -67.85   1.4  26.10.2025  21:43:36
  4   8  10   6  $12    1.000   -10.1254    190.86   0.7  -2101.66   0.7  26.10.2025  21:43:38
  4   8  11   7  $12    0.100    13.0407   1720.68   0.0      9.00   1.3  26.10.2025  21:43:43
  5   9   6  10  $12    0.001     9.2188  39493.33   0.0   -432.51   1.7  26.10.2025  21:43:50
  5   9   7  11  $12    0.100    18.4780   3483.02   0.0     -2.93   1.5  26.10.2025  21:43:56
  5   9   8  12  $12    0.100    10.1485   1339.06   0.0     36.51   1.4  26.10.2025  21:43:58
  5   9   2   6  $12    0.001    -4.2817  56495.44   0.4   -527.50   0.9  26.10.2025  21:44:06
  5   9   3   7  $12    0.100    -4.3765    824.94   0.0    120.52   0.5  26.10.2025  21:44:12
  5   9   4   8  $12    0.100    -0.3840     16.45   0.4   1534.94   0.2  26.10.2025  21:44:17
  5   9   1  13  $12    0.010     4.8225  12120.16   0.1   -553.57   0.3  26.10.2025  21:44:22
  5   9   2  14  $12    0.100    11.7632   2645.66   0.1    -90.38   0.4  26.10.2025  21:44:26
  5   9   3  15  $12    0.100    10.0456   1577.95   0.0   -126.77   0.4  26.10.2025  21:44:28
  5   9   4  16  $12    0.100     6.6646    491.52   0.0    -62.11   0.0  26.10.2025  21:44:30
  5   9  14  10  $12    0.100    18.4691   1631.88   0.0    -46.80   0.2  26.10.2025  21:44:32
  5   9  15  11  $12    0.100     4.4762   1054.67   0.0    146.84   1.0  26.10.2025  21:44:34
  5   9  16  12  $12    0.100     2.9630   1343.93   0.0     84.55   4.8  26.10.2025  21:44:36
  6  10   5   9  $12    0.001     7.4415  31879.14   0.1   -493.98   0.9  26.10.2025  21:44:44
  6  10   7  11  $12    0.010     2.5253   1081.85   0.1    -49.39   2.1  26.10.2025  21:44:48
  6  10   8  12  $12    0.010     1.9807   3733.59   0.0   -103.71   3.2  26.10.2025  21:44:53
  6  10   1   5  $12    0.001    -3.0402  26862.54   0.1   -239.87   0.1  26.10.2025  21:44:58
  6  10   3   7  $12    0.010    -1.8445   2433.82   0.1   -262.90   0.6  26.10.2025  21:45:05
  6  10   4   8  $12    0.010    -1.2767   2406.45   0.8    -97.87   0.3  26.10.2025  21:45:10
  6  10   1  13  $12    0.001    -3.3154  74566.27   0.2   -714.14   0.1  26.10.2025  21:45:15
  6  10   2  14  $12    0.010    -3.1689   7964.44   0.3   -337.57   0.8  26.10.2025  21:45:19
  6  10   3  15  $12    0.010    -3.7310   8391.32   0.2   -298.77   0.3  26.10.2025  21:45:21
  6  10   4  16  $12    0.010    -0.5746    902.52   0.0   -426.04   0.7  26.10.2025  21:45:26
  6  10  13   9  $12    0.001     8.9298 117826.12   0.2   -654.21   0.0  26.10.2025  21:45:31
  6  10  15  11  $12    0.010     3.9599   3498.82   0.1   -179.53   0.0  26.10.2025  21:45:35
  6  10  16  12  $12    0.010     1.0577   2492.09   0.2   -246.60   1.6  26.10.2025  21:45:40
  7  11   5   9  $12    0.100    17.6843   3333.42   0.0    -15.10   3.3  26.10.2025  21:45:44
  7  11   6  10  $12    0.010     2.4211   1037.21   0.9    274.96  10.6  26.10.2025  21:45:52
  7  11   8  12  $12    0.010     3.3545   1437.06   0.1     25.44  39.6  26.10.2025  21:45:54
  7  11   1   5  $12    0.100    -6.8892   1623.22   0.0      3.92   4.8  26.10.2025  21:45:59
  7  11   2   6  $12    0.100    -3.3261    293.89   0.2    861.07   0.5  26.10.2025  21:46:01
  7  11   4   8  $12    0.100   -13.0408   1720.69   0.1      9.25  35.1  26.10.2025  21:46:03
  7  11   1  13  $12    0.100     3.5391    555.92   0.8     54.94  13.1  26.10.2025  21:46:05
  7  11   2  14  $12    0.100     4.9320   1109.24   0.6     13.10  37.0  26.10.2025  21:46:07
  7  11   3  15  $12    0.100     4.9618   1247.03   0.0      0.40  12.0  26.10.2025  21:46:09
  7  11   4  16  $12    0.100     5.6036   1260.30   0.0     -3.23   0.3  26.10.2025  21:46:11
  7  11  13   9  $12    0.100     7.3725   1389.68   0.0    -66.75   8.7  26.10.2025  21:46:13
  7  11  14  10  $12    0.100    14.1454   1866.44   0.0     -4.24  10.2  26.10.2025  21:46:15
  7  11  16  12  $12    0.100    13.1993   1166.25   0.1      1.12  96.1  26.10.2025  21:46:17
  8  12   5   9  $12    0.100    11.0665   1460.19   0.0    -19.22   3.9  26.10.2025  21:46:19
  8  12   6  10  $12    0.100     7.2891   1373.95   0.1   1033.76   0.7  26.10.2025  21:46:21
  8  12   7  11  $12    0.010     3.2054   1373.18   0.1      2.30  13.3  26.10.2025  21:46:26
  8  12   1   5  $12    0.100    -4.3810   1987.08   0.0     17.18   4.2  26.10.2025  21:46:30
  8  12   2   6  $12    0.100     3.9308    926.17   0.3  -1702.06   0.5  26.10.2025  21:46:32
  8  12   3   7  $12    0.100   -13.2462   1170.40   0.2      8.39  50.8  26.10.2025  21:46:34
  8  12   1  13  $12    0.100     2.5930    191.24   0.2     70.45   8.5  26.10.2025  21:46:37
  8  12   2  14  $12    0.100     4.3805    688.08   0.3      9.55 104.1  26.10.2025  21:46:39
  8  12   3  15  $12    0.100     4.9218   1106.95   0.0      3.07   4.5  26.10.2025  21:46:41
  8  12  16   4  $12    0.100    -5.8236   1463.63   0.0      1.42   5.5  26.10.2025  21:46:43
  8  12   9  13  $12    0.100    -4.0243    172.40   0.1   -120.96   1.3  26.10.2025  21:46:45
  8  12  10  14  $12    0.100    -6.1060   1150.95   0.0     -0.07 951.6  26.10.2025  21:46:47
  8  12  11  15  $12    0.100   -13.6786   1804.85   0.0      4.24  15.9  26.10.2025  21:46:49
  9  13  10  14  $12    0.010     5.2317   2241.28   0.0    228.91   0.3  26.10.2025  21:46:53
  9  13  11  15  $12    0.100    12.0450   2270.44   0.0    119.48   0.4  26.10.2025  21:46:57
  9  13  12  16  $12    0.100     9.6590   1274.48   0.0     49.57   0.7  26.10.2025  21:46:59
  9  13   6  10  $12    0.001    -9.3556 123444.48   0.9   -596.24   0.4  26.10.2025  21:47:07
  9  13   7  11  $12    0.100    -6.6176   1247.38   0.0     82.90   1.8  26.10.2025  21:47:13
  9  13   8  12  $12    0.100    -1.3961     59.81   0.2    526.39   0.7  26.10.2025  21:47:18
  9  13   5   1  $12    0.010     1.7038  12846.01   0.0   -329.37   0.2  26.10.2025  21:47:23
  9  13   6   2  $12    0.001    -8.8290 400455.06   0.0   -585.75   3.5  26.10.2025  21:47:28
  9  13   7   3  $12    0.100     7.7228   1819.64   0.0   -119.27   0.2  26.10.2025  21:47:33
  9  13   8   4  $12    0.100     8.4205    744.02   0.0   -115.07   0.1  26.10.2025  21:47:35
  9  13   2  14  $12    0.100    17.5154   1291.78   0.0    432.44   0.1  26.10.2025  21:47:37
  9  13   3  15  $12    0.100    -3.2690    513.49   0.1   -535.58   0.0  26.10.2025  21:47:39
  9  13   4  16  $12    0.100    -0.1973     44.39   0.9  -1763.95   0.9  26.10.2025  21:47:53
 10  14   9  13  $12    0.010     5.7109   2446.56   0.1    145.97   1.6  26.10.2025  21:47:58
 10  14  11  15  $12    0.010     4.4793   1918.95   0.2     10.68  10.3  26.10.2025  21:48:00
 10  14  12  16  $12    0.010     2.4129   4548.16   0.7     32.18  12.2  26.10.2025  21:48:02
 10  14   5   9  $12    0.100   -18.1173   1600.79   0.1      1.18 102.0  26.10.2025  21:48:06
 10  14   7  11  $12    0.100   -13.9052   1834.75   0.0      1.37 151.4  26.10.2025  21:48:08
 10  14   8  12  $12    0.100    -6.2024   1169.13   0.0      0.94  48.8  26.10.2025  21:48:10
 10  14   5   1  $12    0.100     7.8948   9068.37   0.0     -7.98   8.6  26.10.2025  21:48:12
 10  14   6   2  $12    0.100     0.4346    327.68   9.5   7083.38  42.1  26.10.2025  21:48:19
 10  14   7   3  $12    0.100     6.0601   2748.67   0.7      4.49 146.4  26.10.2025  21:48:21
 10  14   8   4  $12    0.100     5.4328   1280.06   0.0     -4.08  26.7  26.10.2025  21:48:23
 10  14   1  13  $12    0.010     3.3720   3023.03   0.2    274.33   0.3  26.10.2025  21:48:28
 10  14   3  15  $12    0.010     2.3095   1703.30   0.4     34.09  22.2  26.10.2025  21:48:30
 10  14   4  16  $12    0.100    10.7443   1687.71   0.0     80.16   0.3  26.10.2025  21:48:33
 11  15   9  13  $12    0.100    18.3932   3467.04   0.0     34.05   2.8  26.10.2025  21:48:35
 11  15  10  14  $12    0.010     4.0496   1734.84   0.1     36.75   1.2  26.10.2025  21:48:40
 11  15  12  16  $12    0.010     6.3423   2717.04   0.1    -26.54   9.0  26.10.2025  21:48:42
 11  15   5   9  $12    0.100    -7.7366   1822.88   0.0    -14.29   5.9  26.10.2025  21:48:48
 11  15   6  10  $12    0.100   -10.5509    932.25   0.5    186.86   1.5  26.10.2025  21:48:51
 11  15   8  12  $12    0.100   -13.7708   1817.02   0.3      3.59 181.4  26.10.2025  21:48:53
 11  15   5   1  $12    0.100     5.5883   9217.04   0.3      2.12 113.6  26.10.2025  21:48:55
 11  15   6   2  $12    0.100     9.8673  11334.01   0.6   -289.02   1.3  26.10.2025  21:48:57
 11  15   7   3  $12    0.100     6.4859   4890.25   0.8      5.76 179.5  26.10.2025  21:48:59
 11  15   8   4  $12    0.100     6.3620   2885.61   0.0     -1.94   5.8  26.10.2025  21:49:01
 11  15   1  13  $12    0.100     5.0044  11005.32   0.2    178.24   1.9  26.10.2025  21:49:03
 11  15   2  14  $12    0.100    17.1254   1535.29   0.0    110.22   1.3  26.10.2025  21:49:05
 11  15   4  16  $12    0.010     4.1535   3063.21   0.2    -19.97   3.4  26.10.2025  21:49:10
 12  16   9  13  $12    0.100    11.9852   1581.40   0.1     48.37   9.4  26.10.2025  21:49:14
 12  16  10  14  $12    0.010     2.3924   4509.64   0.1     35.52   1.0  26.10.2025  21:49:19
 12  16  11  15  $12    0.010     6.0562   2594.46   0.0      8.81   4.6  26.10.2025  21:49:21
 12  16   5   9  $12    0.100    -3.7542   1702.77   0.7    -47.10   2.1  26.10.2025  21:49:24
 12  16   6  10  $12    0.100    -2.5760    606.96   0.6   1013.30   0.5  26.10.2025  21:49:27
 12  16   7  11  $12    0.100   -13.3384   1178.55   0.0      0.41 267.9  26.10.2025  21:49:29
 12  16   5   1  $12    0.100     4.7665  10809.67   0.0     -0.27 413.7  26.10.2025  21:49:31
 12  16   6   2  $12    0.100     8.9011  14680.91   0.2   -323.17   0.8  26.10.2025  21:49:33
 12  16   7   3  $12    0.100     6.5045   7471.33   0.5      2.73 281.6  26.10.2025  21:49:35
 12  16   8   4  $12    0.100     6.7104   5059.53   0.0     -1.60  34.2  26.10.2025  21:49:37
 12  16  13   1  $12    0.100    -3.2600    318.84   0.2    237.94   2.4  26.10.2025  21:49:39
 12  16  14   2  $12    0.100   -12.1116  26634.80   0.1    128.35   2.4  26.10.2025  21:49:41
 12  16  15   3  $12    0.010    -4.0101   3595.05   0.0      8.12   8.8  26.10.2025  21:49:46
 13   1  14   2  $12    0.010     5.3961   1850.54   0.0    231.70   0.0  26.10.2025  21:49:48
 13   1  15   3  $12    0.100    10.0259    760.28   0.1    103.67   0.3  26.10.2025  21:49:51
 13   1  16   4  $12    0.100     6.5974    847.90   0.0     50.34   0.1  26.10.2025  21:49:53
 13   1  10  14  $12    0.100   -21.9390   1966.84   0.0    247.60   0.2  26.10.2025  21:49:55
 13   1  11  15  $12    0.100    -2.9349   6454.22   0.2    270.41   1.2  26.10.2025  21:49:57
 13   1  12  16  $12    0.100    -2.3096    225.89   0.2    173.85   2.3  26.10.2025  21:49:59
 13   1   9   5  $12    0.010     5.7604  14477.45   0.0   -543.14   0.4  26.10.2025  21:50:04
 13   1  10   6  $12    0.001    -3.0040  67563.58   0.7   -708.14   4.6  26.10.2025  21:50:09
 13   1  11   7  $12    0.100     3.3567    527.27   0.0     -6.81   7.8  26.10.2025  21:50:15
 13   1  12   8  $12    0.100     3.3189    244.77   0.0    -36.26   3.1  26.10.2025  21:50:17
 13   1   6   2  $12    0.001     5.5260  40755.03   0.6   -719.25   1.7  26.10.2025  21:50:24
 13   1   7   3  $12    0.100     3.1911    501.26   0.0     68.77   0.3  26.10.2025  21:50:30
 13   1   8   4  $12    0.100     0.7698    173.13   0.1     52.75   1.4  26.10.2025  21:50:35
 14   2  13   1  $12    0.010     5.0904   1745.68   0.5    171.23   1.1  26.10.2025  21:50:40
 14   2  15   3  $12    0.010     4.7806   1639.43   0.4     86.17   1.8  26.10.2025  21:50:42
 14   2  16   4  $12    0.010     2.4148   1831.14   0.2     64.47   1.3  26.10.2025  21:50:44
 14   2   9  13  $12    0.010    -2.2090   1629.13   0.7    481.88   1.4  26.10.2025  21:50:47
 14   2  11  15  $12    0.100   -15.1265   1356.09   0.0    203.09   0.0  26.10.2025  21:50:51
 14   2  12  16  $12    0.100    -9.3748  20616.18   0.1    164.97   0.1  26.10.2025  21:50:53
 14   2   9   5  $12    0.100     8.9175   2005.64   0.1   -135.75   0.8  26.10.2025  21:50:55
 14   2  10   6  $12    0.100    -9.6527   2425.99   0.6  -1208.73   0.1  26.10.2025  21:50:57
 14   2  11   7  $12    0.100     4.6551   1046.98   0.7     21.38  26.7  26.10.2025  21:50:59
 14   2  12   8  $12    0.100     4.2188    662.69   0.2      9.06   8.9  26.10.2025  21:51:01
 14   2   5   1  $12    0.100    18.5003   1658.56   0.2     17.56  26.3  26.10.2025  21:51:03
 14   2   7   3  $12    0.010     2.5995   1917.18   0.0     -1.13  58.5  26.10.2025  21:51:08
 14   2   8   4  $12    0.100     8.7856   1380.04   0.0      2.15   2.5  26.10.2025  21:51:11
 15   3  13   1  $12    0.100    11.2460    852.80   0.3    115.71   4.7  26.10.2025  21:51:13
 15   3  14   2  $12    0.010     4.8833   1674.66   0.0     62.69   0.5  26.10.2025  21:51:18
 15   3  16   4  $12    0.010     6.3019   2161.16   0.0     16.97   0.2  26.10.2025  21:51:20
 15   3   9  13  $12    0.100    -2.7767    436.16   0.3    720.53   0.7  26.10.2025  21:51:24
 15   3  10  14  $12    0.100   -15.1568   1117.83   0.0    164.60   0.2  26.10.2025  21:51:26
 15   3  12  16  $12    0.010    -3.8962   3492.92   0.0     43.72   1.5  26.10.2025  21:51:31
 15   3   9   5  $12    0.100     5.8870    924.72   0.0   -125.70   0.3  26.10.2025  21:51:35
 15   3  10   6  $12    0.100    -3.6115    812.27   0.0  -2715.89   0.2  26.10.2025  21:51:37
 15   3  11   7  $12    0.100     4.8428   1217.12   0.4     10.76  12.2  26.10.2025  21:51:39
 15   3  12   8  $12    0.100     4.8140   1082.71   0.0     -1.63  53.2  26.10.2025  21:51:41
 15   3   5   1  $12    0.100     2.5958   5708.49   0.4     39.48  57.3  26.10.2025  21:51:43
 15   3   6   2  $12    0.010     3.9103   3505.56   0.6   -417.86  13.7  26.10.2025  21:51:48
 15   3   8   4  $12    0.100    18.0740   1332.97   0.0      1.49   3.2  26.10.2025  21:51:52
 16   4  13   1  $12    0.100     7.3266    941.61   0.2    139.16   0.7  26.10.2025  21:51:54
 16   4  14   2  $12    0.010     2.5416   1927.33   0.0     58.88   2.1  26.10.2025  21:51:59
 16   4  15   3  $12    0.010     6.3198   2167.29   0.1     22.31   4.2  26.10.2025  21:52:01
 16   4   9  13  $12    1.000   -17.4642    392.79   0.0    323.31   0.3  26.10.2025  21:52:07
 16   4  10  14  $12    0.100   -11.2397   1765.52   0.1    189.79   0.0  26.10.2025  21:52:12
 16   4  11  15  $12    0.010    -4.0622   2995.88   0.0     77.32   0.8  26.10.2025  21:52:16
 16   4   9   5  $12    0.100     5.2532    387.43   0.3     -4.36  94.1  26.10.2025  21:52:20
 16   4  10   6  $12    0.100     5.5615    873.60   0.2     29.52  48.9  26.10.2025  21:52:22
 16   4  11   7  $12    0.100     5.5249   1242.59   0.3     13.61  10.6  26.10.2025  21:52:24
 16   4  12   8  $12    0.100     5.8117   1460.65   0.2      9.20  15.2  26.10.2025  21:52:26
 16   4   5   1  $12   10.000    11.7022     11.45   0.4     57.71   0.7  26.10.2025  21:52:32
 16   4   6   2  $12    0.100     7.8299  17218.89   0.3    -82.70   3.2  26.10.2025  21:52:40
 16   4   7   3  $12    0.100    17.9389   1608.23   0.2      3.59  31.4  26.10.2025  21:52:42
  1   4   2   3  $12    0.010     3.0154   1894.66   0.0      8.22   3.1  26.10.2025  21:52:47
  2   3   1   4  $12    0.010     3.1339   1969.11   0.1      1.18 590.9  26.10.2025  21:52:49
  1   2   3   4  $12    0.100   -13.7620   2594.09   0.0    -17.40   2.2  26.10.2025  21:52:53
  3   4   1   2  $12    0.100   -14.6867   2768.37   0.3    -26.48   2.0  26.10.2025  21:52:55
  5   8   6   7  $12    0.010    -2.3400   1470.26   0.7  -7280.62   0.4  26.10.2025  21:53:00
  6   7   5   8  $12    0.010     7.9466   4993.02   0.1   1259.84   0.1  26.10.2025  21:53:02
  5   6   7   8  $12    0.010    -0.4675    881.20   0.2   -276.72   4.3  26.10.2025  21:53:08
  7   8   5   6  $12    0.100    -4.3619    822.20   0.7   -463.96   0.6  26.10.2025  21:53:11
  9  12  10  11  $12    0.010     2.0428   1283.53   0.0     -9.57   5.9  26.10.2025  21:53:16
 10  11   9  12  $12    0.010     2.0115   1263.87   0.5     46.74   7.5  26.10.2025  21:53:18
  9  10  11  12  $12    0.100    -1.9011    358.36   0.0    469.04   0.3  26.10.2025  21:53:26
 11  12   9  10  $12    0.100    -4.4191    832.98   0.9    -29.25  14.9  26.10.2025  21:53:28
 13  16  14  15  $12    0.010     6.9096   4341.45   0.1    102.45   0.0  26.10.2025  21:53:33
 14  15  13  16  $12    0.010     7.1881   4516.43   0.0    127.45   0.3  26.10.2025  21:53:35
 13  14  15  16  $12    0.100    -6.0051   1131.94   0.0    142.64   0.1  26.10.2025  21:53:38
  1   9  10   2  $12    0.010    -5.3938   1941.00   0.0    -22.03   0.0  26.10.2025  21:53:43
  1   9  11   3  $12    0.010    -2.1518   1843.63   0.1    -26.01   6.4  26.10.2025  21:53:45
  1   9  12   4  $12    0.100   -13.8104   2309.29   0.0    -11.49   1.1  26.10.2025  21:53:49
  2  10   9   1  $12    0.010    -5.3244   1916.00   0.2    -11.78  27.0  26.10.2025  21:53:54
  2  10  11   3  $12    0.010    -5.0117   1803.48   0.2      9.93  22.3  26.10.2025  21:53:56
  2  10  12   4  $12    0.010    -2.4457   2095.48   0.4      8.73  84.0  26.10.2025  21:53:58
  3  11   9   1  $12    0.010    -2.1203   1816.68   0.6      7.68  55.3  26.10.2025  21:54:00
  3  11  10   2  $12    0.010    -5.0232   1807.64   0.1      7.05  39.1  26.10.2025  21:54:02
  3  11  12   4  $12    0.010    -4.2790   1539.82   0.3      5.72  95.9  26.10.2025  21:54:04
 12   4   9   1  $12    0.100    13.9030   2324.77   0.0    -13.04   5.4  26.10.2025  21:54:08
 12   4  10   2  $12    0.010     2.5073   2148.23   0.0     -3.76   5.4  26.10.2025  21:54:12
 12   4  11   3  $12    0.010     4.3353   1560.10   0.0      0.42  72.6  26.10.2025  21:54:15
 13   5  14   6  $12    0.010    -4.1434   1491.02   0.4  -5551.23   0.7  26.10.2025  21:54:17
 13   5  15   7  $12    0.100    20.0228   1715.55   0.0     44.62   0.4  26.10.2025  21:54:20
 13   5  16   8  $12    0.100    14.6712   2453.23   0.0     36.19   0.3  26.10.2025  21:54:23
 14   6  13   5  $12    0.010     9.6132   3459.36   0.5   1087.73   0.7  26.10.2025  21:54:28
 14   6  15   7  $12    0.010     2.3759    854.96   0.4    249.95   1.0  26.10.2025  21:54:30
 14   6  16   8  $12    0.010     3.3870   2901.95   0.2     16.28   6.7  26.10.2025  21:54:32
 15   7  13   5  $12    0.010     2.1680   1857.55   0.1     47.23   6.7  26.10.2025  21:54:34
 15   7  14   6  $12    0.010     3.0533   1098.74   0.5    134.25  11.8  26.10.2025  21:54:36
 15   7  16   8  $12    0.010     6.6226   2383.16   0.5      1.83  61.7  26.10.2025  21:54:38
 16   8  13   5  $12    0.100    14.8299   2479.77   0.0     55.38   0.2  26.10.2025  21:54:42
 16   8  14   6  $12    0.100    14.4610   1239.02   0.4    212.19   1.3  26.10.2025  21:54:44
 16   8  15   7  $12    0.010     6.3806   2296.10   0.0     22.97   1.4  26.10.2025  21:54:48
  1   2   5   6  $12    0.010    22.6661 427246.63   0.2   -514.80   0.2  26.10.2025  21:54:50
  2   3   6   7  $12    0.100    -3.8394   7237.16   0.7  -1292.15   1.4  26.10.2025  21:54:54
  3   4   7   8  $12   10.000    13.6652    257.58   0.0     -9.62   2.4  26.10.2025  21:55:00
  1   2   9  10  $12    0.010    -8.0694 1277680.60   0.3   -673.63   0.2  26.10.2025  21:55:12
  2   3  10  11  $12   10.000    14.6764   2323.80   0.5    -16.18  61.1  26.10.2025  21:55:19
  3   4  11  12  $12   10.000     5.9971    949.55   0.0    -16.91   0.8  26.10.2025  21:55:21
  1   2  13  14  $12    0.100     2.3105 124557.69   0.1   -102.04   0.1  26.10.2025  21:55:30
  2   3  14  15  $12    1.000    10.8382  58428.43   0.0    -19.63   0.6  26.10.2025  21:55:34
  3   4  15  16  $12   10.000    18.9634  10223.11   0.0    -28.55   0.5  26.10.2025  21:55:37
  5   6   9  10  $12    0.001     6.9566 1311285.75   0.1   -665.48   0.8  26.10.2025  21:55:52
  6   7  10  11  $12    0.010     0.6560  12365.16   0.4   -507.33   0.0  26.10.2025  21:55:59
  7   8  11  12  $12    1.000     2.5266    476.26   0.0     -4.26   5.4  26.10.2025  21:56:05
  5   6  13  14  $12    0.010    -1.3313 210794.82   1.5   -189.89   0.4  26.10.2025  21:56:18
  6   7  14  15  $12    0.010    -0.8469 134097.46   0.3   -330.11   1.3  26.10.2025  21:56:23
  7   8  15  16  $12   10.000     4.6288    732.91   0.0    -14.97   1.5  26.10.2025  21:56:30
  9  10  13  14  $12    0.100     3.6464   6873.29   0.9   -286.67   1.5  26.10.2025  21:56:39
 10  11  14  15  $12    1.000     6.7689   1275.92   0.0     11.55   2.1  26.10.2025  21:56:43
 11  12  15  16  $12    1.000     2.3738    447.45   0.0    -25.80   6.9  26.10.2025  21:56:45
  1   2   6   7  $12    0.001    -9.2708 3495022.50   0.2  -1038.33   0.2  26.10.2025  21:56:56
  2   3   7   8  $12    1.000     2.5188    949.58   0.0     -0.36  44.7  26.10.2025  21:57:03
  1   2   7   8  $12    0.100    -0.3778   2492.56   0.2   -524.28   0.2  26.10.2025  21:57:09
  2   3   7   8  $12    1.000     2.5182    949.33   0.0     -0.43  35.8  26.10.2025  21:57:12
  1   2  10  11  $12    0.100     0.7785  17608.77   0.1   -313.18   0.2  26.10.2025  21:57:18
  2   3  11  12  $12   10.000    18.8405   4261.61   0.6   -431.63   1.7  26.10.2025  21:57:23
  1   2  11  12  $12    0.100     0.6404  19916.59   0.2   -226.44   0.1  26.10.2025  21:57:32
  2   3  11  12  $12   10.000    14.1214   3194.19   0.5   -229.69   1.0  26.10.2025  21:57:37
  1   2  14  15  $12    0.100     0.8604  59034.94   0.4    239.51   1.0  26.10.2025  21:57:46
  2   3  15  16  $12    1.000     2.9714  20387.80   0.0    -25.83   1.1  26.10.2025  21:57:50
  1   2  15  16  $12    0.100     2.8771 246758.10   0.1   -190.33   0.0  26.10.2025  21:57:55
  2   3  15  16  $12    1.000     2.9758  20417.78   0.0    -28.58   0.1  26.10.2025  21:57:59
  5   6  10  11  $12    0.010    -0.2415   9104.10   2.3   -520.42   0.0  26.10.2025  21:58:07
  6   7  11  12  $12    0.010     0.5074  19126.68   0.8   -309.22   1.3  26.10.2025  21:58:13
  5   6  11  12  $12    0.010    -0.3105  20486.61   1.3   -308.82   0.2  26.10.2025  21:58:18
  6   7  11  12  $12    0.010     0.5308  20009.20   0.9   -294.15   0.4  26.10.2025  21:58:23
  5   6  14  15  $12    0.010     0.9633 217900.94   1.1   -321.67   0.2  26.10.2025  21:58:33
  6   7  15  16  $12    0.010     2.5403 574603.86   0.6   -223.81   0.7  26.10.2025  21:58:35
  5   6  15  16  $12    0.010    -2.4081 748970.22   0.3   -223.99   0.1  26.10.2025  21:58:37
  6   7  15  16  $12    0.010     2.9535 668064.92   0.1   -217.23   0.1  26.10.2025  21:58:39
  9  10  14  15  $12    0.100    -0.3920   1477.81   0.7   -201.44  13.5  26.10.2025  21:58:46
 10  11  15  16  $12    1.000     2.8407   1070.92   0.0    -20.32   1.0  26.10.2025  21:58:49
  9  10  15  16  $12    0.100     5.3871  35540.26   0.3   -234.48   0.1  26.10.2025  21:58:55
 10  11  15  16  $12    1.000     2.8368   1069.45   0.0    -19.79   0.6  26.10.2025  21:58:58
