//C:\Users\user\Desktop\GeoTom\GeoTomE724.ini
//- Cable direction:
//  cable I: normal
//  cable II: normal
//  cable III: normal
//  cable IV: normal
//- Cable arrangement: sequential
//- Optimization: Last measurement
//- Sorting: Multi-level
//- Current levels: 0.001 mA .. 50.0 mA
Type:         Flow
Name:         Hyprop
Comment:      Example of a measurements sequence
Comment:      
Comment:      
Spacing:      1.00000
First El:     0.00000
Nr of points: 289
IP present:   1

  1   5   2   6  $12    0.001    10.5751  45303.56   0.1     69.31   4.7  28.10.2025  16:40:08
  1   5   3   7  $12    0.010     2.1085   3974.38   0.0     13.20   7.4  28.10.2025  16:40:13
  1   5   4   8  $12    0.100    17.0971   2255.91   0.0    102.73   0.1  28.10.2025  16:40:16
  1   5  14   2  $12    0.010   -16.6659  14940.99   0.0     -6.14   1.2  28.10.2025  16:40:21
  1   5  15   3  $12    0.100    -3.8104   8379.57   0.0   -188.76   0.3  28.10.2025  16:40:25
  1   5  16   4  $12    0.100     1.0308    100.82   0.0    -14.87   8.9  28.10.2025  16:40:30
  1   5  13   9  $12    0.010    -0.1142    861.25 133.1   -924.30 552.9  28.10.2025  16:40:36
  1   5  14  10  $12    0.100     9.1991  10566.47   0.0     50.02   0.8  28.10.2025  16:40:40
  1   5  15  11  $12    0.100     5.9187   9761.90   0.0     48.03   0.8  28.10.2025  16:40:42
  1   5  16  12  $12    0.100     5.6751  12870.19   0.0     28.70   4.4  28.10.2025  16:40:44
  1   5  10   6  $12    0.001     9.5803  84648.52   0.5    126.00   0.7  28.10.2025  16:40:52
  1   5  11   7  $12    0.100     9.0935   2142.60   0.0    112.58   0.0  28.10.2025  16:40:57
  1   5  12   8  $12    0.100    11.7912   5348.11   0.0    123.25   0.1  28.10.2025  16:40:59
  2   6   1   5  $12    0.001    13.0991  56116.50   0.1      4.96   5.5  28.10.2025  16:41:08
  2   6   3   7  $12    0.010    10.0483   4304.68   0.0   -145.14   0.1  28.10.2025  16:41:12
  2   6   4   8  $12    0.010     7.3722  13896.26   0.0   -100.70   0.0  28.10.2025  16:41:14
  2   6  13   1  $12    0.001   -11.4481  84430.46   0.0   -268.51   0.1  28.10.2025  16:41:18
  2   6  15   3  $12    0.001    -1.2817  11490.49   0.3   -505.46   1.8  28.10.2025  16:41:23
  2   6  16   4  $12    0.010    -5.1458 113162.33   0.3   -541.11   0.4  28.10.2025  16:41:26
  2   6  13   9  $12    0.001   -46.1157 2091659.41   0.1   -285.93   0.1  28.10.2025  16:41:32
  2   6  14  10  $12    0.010    -0.9331   7035.09   2.5  -1554.69   1.6  28.10.2025  16:41:43
  2   6  15  11  $12    0.010    -7.4789  85905.65   0.1   -417.23   0.1  28.10.2025  16:41:45
  2   6  16  12  $12    0.010    -0.6422  10592.59   0.3  -1915.12   1.1  28.10.2025  16:41:51
  2   6   9   5  $12    0.001    44.8246 591447.21   0.1   -213.65   0.3  28.10.2025  16:41:56
  2   6  11   7  $12    0.010    -0.9064    800.84   0.9   -459.21   2.3  28.10.2025  16:42:03
  2   6  12   8  $12    0.010     3.3210   7824.86   0.6   -349.87   0.9  28.10.2025  16:42:05
  3   7   1   5  $12    0.010     2.4235   4568.13   0.1     41.06   3.8  28.10.2025  16:42:07
  3   7   2   6  $12    0.010    14.1199   6048.94   0.2   -218.87   0.6  28.10.2025  16:42:09
  3   7   4   8  $12    0.010     3.7584   1610.10   0.2    -13.49  23.3  28.10.2025  16:42:11
  3   7  13   1  $12    0.100    -6.4869   1018.96   0.1    290.42   0.3  28.10.2025  16:42:15
  3   7  14   2  $12    0.010    -5.5252   4074.90   0.0      8.54   3.1  28.10.2025  16:42:20
  3   7  16   4  $12    0.100   -17.3631   1556.61   0.0      7.48   0.1  28.10.2025  16:42:24
  3   7  13   9  $12    0.010     3.4011   8013.62   0.1   -370.49   0.5  28.10.2025  16:42:29
  3   7  14  10  $12    0.100     6.7928   3080.99   0.0     22.72   0.6  28.10.2025  16:42:33
  3   7  15  11  $12    0.100     6.8202   5142.31   0.0     -3.56  19.1  28.10.2025  16:42:35
  3   7  16  12  $12    0.100     6.8355   7851.55   0.1      2.87   8.5  28.10.2025  16:42:37
  3   7   9   5  $12    0.100   -16.1106   3036.78   0.0   -638.06   0.0  28.10.2025  16:42:39
  3   7  10   6  $12    0.010     3.9642   5230.67   0.6   -393.11   5.9  28.10.2025  16:42:44
  3   7  12   8  $12    0.100    13.1061   1158.02   0.0      8.62   2.7  28.10.2025  16:42:48
  4   8   1   5  $12    0.100    15.3679   2027.74   0.0     47.00   0.9  28.10.2025  16:42:50
  4   8   2   6  $12    0.100    11.4878   2165.39   0.4     -4.29 134.8  28.10.2025  16:42:53
  4   8   3   7  $12    0.010     3.7787   1618.80   0.0      2.87   7.3  28.10.2025  16:42:57
  4   8  13   1  $12    0.100    -2.2921    515.51   0.1    138.29   3.8  28.10.2025  16:43:02
  4   8  14   2  $12    0.100   -11.8979   1868.92   0.0     26.73   1.3  28.10.2025  16:43:04
  4   8  15   3  $12    0.100   -17.9583   1324.44   0.0      0.53   9.6  28.10.2025  16:43:06
  4   8  13   9  $12    0.100     2.2826    201.69   0.8    593.90  11.2  28.10.2025  16:43:08
  4   8  14  10  $12    0.100     5.4388   1281.50   0.1      9.51   4.8  28.10.2025  16:43:10
  4   8  15  11  $12    0.100     6.2837   2850.10   0.0     12.31   2.8  28.10.2025  16:43:12
  4   8  16  12  $12    0.100     6.8552   5168.69   0.0      2.18  12.0  28.10.2025  16:43:14
  4   8   9   5  $12    0.100    11.4640    491.11   0.0   -123.89   0.3  28.10.2025  16:43:16
  4   8  10   6  $12    1.000     0.9632     18.16   0.5  10845.30   2.5  28.10.2025  16:43:25
  4   8  11   7  $12    0.100    13.1725   1738.08   0.0      9.96   3.1  28.10.2025  16:43:30
  5   9   6  10  $12    0.001    36.9389 158246.02   0.0     19.36   3.2  28.10.2025  16:43:39
  5   9   7  11  $12    0.010     2.5426   4792.65   0.0    -59.01   0.3  28.10.2025  16:43:43
  5   9   8  12  $12    0.010     1.9326   2549.99   0.1    -18.00   2.7  28.10.2025  16:43:48
  5   9   2   6  $12    0.001   -29.2156 385490.80   0.0    109.80   0.5  28.10.2025  16:43:53
  5   9   3   7  $12    0.010     1.2962   2443.35   0.3   -896.47   0.2  28.10.2025  16:44:01
  5   9   4   8  $12    0.010    -0.6158    263.81   0.0    351.64   0.1  28.10.2025  16:44:06
  5   9   1  13  $12    0.001     2.4704  62088.52   0.2   -311.05   1.2  28.10.2025  16:44:11
  5   9   2  14  $12    0.010    11.1800  25144.94   0.0   -411.54   0.0  28.10.2025  16:44:15
  5   9   3  15  $12    0.010     3.6755   5773.48   0.1   -498.66   0.1  28.10.2025  16:44:17
  5   9   4  16  $12    0.010     0.7182    529.69   0.2   -254.50   1.0  28.10.2025  16:44:22
  5   9  14  10  $12    0.010     2.2234   1964.51   0.2      4.59  50.8  28.10.2025  16:44:24
  5   9  15  11  $12    0.010     0.2838    668.68   0.5   1776.48   0.4  28.10.2025  16:44:29
  5   9  16  12  $12    0.010     0.4888   2216.86   0.6    -54.67  34.5  28.10.2025  16:44:35
  6  10   5   9  $12    0.001    43.6447 186973.59   0.1   -314.15   0.6  28.10.2025  16:44:40
  6  10   7  11  $12    0.010     2.3286    997.57   0.1   -320.77   0.7  28.10.2025  16:44:44
  6  10   8  12  $12    0.010     5.1015   9616.10   0.6   -197.25   2.8  28.10.2025  16:44:46
  6  10   1   5  $12    0.001    -9.6516  85278.67   0.0     83.74   0.1  28.10.2025  16:44:51
  6  10   3   7  $12    0.010    -4.9827   6574.57   0.0   -246.67   0.8  28.10.2025  16:44:54
  6  10   4   8  $12    0.010    -3.6690   6915.84   0.0    -29.59   3.2  28.10.2025  16:44:56
  6  10   1  13  $12    0.001    -7.0288 158084.52   0.1   -305.89   0.1  28.10.2025  16:45:01
  6  10   2  14  $12    0.001    -2.9714  74679.52   0.2   -444.34   0.4  28.10.2025  16:45:03
  6  10   3  15  $12    0.010   -17.6996  39808.19   0.0   -319.20   0.1  28.10.2025  16:45:07
  6  10   4  16  $12    0.010    -1.3708   2153.28   0.0   -469.05   0.1  28.10.2025  16:45:12
  6  10  13   9  $12    0.001    40.2069 530517.22   0.1   -328.80   0.1  28.10.2025  16:45:18
  6  10  15  11  $12    0.010     9.7316   8598.58   0.1   -239.57   0.1  28.10.2025  16:45:21
  6  10  16  12  $12    0.010     2.1370   5035.24   0.1   -186.20   1.8  28.10.2025  16:45:23
  7  11   5   9  $12    0.010     2.4369   4593.43   0.1   -171.68   2.7  28.10.2025  16:45:26
  7  11   6  10  $12    0.100    20.1886    864.88   0.1    272.25   0.5  28.10.2025  16:45:29
  7  11   8  12  $12    0.010     3.1297   1340.75   0.0      3.76   8.0  28.10.2025  16:45:34
  7  11   1   5  $12    0.100    -8.3967   1978.43   0.0     24.52   1.3  28.10.2025  16:45:38
  7  11   2   6  $12    0.100    -3.2401    286.29   0.3   1227.74   1.0  28.10.2025  16:45:41
  7  11   4   8  $12    0.100   -13.0555   1722.63   0.0     15.84   6.1  28.10.2025  16:45:43
  7  11   1  13  $12    0.100     3.7220    584.64   0.1     78.73   0.3  28.10.2025  16:45:45
  7  11   2  14  $12    0.100     4.6174   1038.50   0.2     25.37   8.6  28.10.2025  16:45:47
  7  11   3  15  $12    0.100     5.0958   1280.72   0.0      9.27   6.8  28.10.2025  16:45:49
  7  11   4  16  $12    0.100     5.7482   1292.82   0.0      4.20   4.1  28.10.2025  16:45:51
  7  11  13   9  $12    0.100    10.2684   1935.55   0.0   -218.79   1.0  28.10.2025  16:45:53
  7  11  14  10  $12    0.100    12.4084   1637.25   0.1     -3.20  27.2  28.10.2025  16:45:55
  7  11  16  12  $12    0.100    12.0839   1067.70   0.0     -1.63  40.9  28.10.2025  16:45:57
  8  12   5   9  $12    0.100    21.9642   2898.11   0.0   -166.74   0.5  28.10.2025  16:45:59
  8  12   6  10  $12    0.100     5.2354    986.85   0.4   1742.98   0.8  28.10.2025  16:46:01
  8  12   7  11  $12    0.010     3.1220   1337.46   0.0      1.58  17.0  28.10.2025  16:46:06
  8  12   1   5  $12    0.100    -9.2826   4210.28   0.0     81.52   0.5  28.10.2025  16:46:10
  8  12   2   6  $12    0.100     4.7871   1127.94   0.8  -1886.36   0.4  28.10.2025  16:46:14
  8  12   3   7  $12    0.100   -13.2937   1174.60   0.0     16.26   6.2  28.10.2025  16:46:16
  8  12   1  13  $12    0.100     2.8034    206.75   0.1     70.32   1.1  28.10.2025  16:46:18
  8  12   2  14  $12    0.100     4.5773    719.00   0.1     63.59   4.0  28.10.2025  16:46:20
  8  12   3  15  $12    0.100     5.0462   1134.94   0.0     21.70   1.4  28.10.2025  16:46:22
  8  12  16   4  $12    0.100    -6.0880   1530.08   0.0     14.65   3.1  28.10.2025  16:46:24
  8  12   9  13  $12    0.100    -9.6094    411.66   0.2   -513.97   2.4  28.10.2025  16:46:26
  8  12  10  14  $12    0.100    -5.4332   1024.13   0.0     -7.21  49.8  28.10.2025  16:46:28
  8  12  11  15  $12    0.100   -12.5505   1656.00   0.0     -3.08   6.1  28.10.2025  16:46:30
  9  13  10  14  $12    0.010     8.5482   3662.03   0.1    453.78   0.1  28.10.2025  16:46:35
  9  13  11  15  $12    0.010     1.0853   2045.70   0.3   1507.52   0.2  28.10.2025  16:46:41
  9  13  12  16  $12    0.010     1.8188   2399.89   0.0    478.52   0.8  28.10.2025  16:46:46
  9  13   6  10  $12    0.001   -32.5592 429608.14   0.1    -68.82   0.6  28.10.2025  16:46:51
  9  13   7  11  $12    0.010    -1.0411   1962.38   0.2    -95.57   1.4  28.10.2025  16:46:58
  9  13   8  12  $12    0.010    -0.5775    247.40   0.5   -183.79   1.4  28.10.2025  16:47:04
  9  13   5   1  $12    0.010    -1.9813  14938.56   3.2  -1698.46   2.7  28.10.2025  16:47:10
  9  13   6   2  $12    0.001   -31.7849 1441657.88   0.0    -29.36   1.6  28.10.2025  16:47:16
  9  13   7   3  $12    0.010     3.0613   7213.05   0.0   -381.16   0.4  28.10.2025  16:47:19
  9  13   8   4  $12    0.010     0.6251    552.36   0.1     49.97   2.0  28.10.2025  16:47:25
  9  13   2  14  $12    0.010    -7.0550   5203.09   0.3  -1244.28   0.5  28.10.2025  16:47:27
  9  13   3  15  $12    0.010    -3.4566   5429.65   0.0   -848.19   0.0  28.10.2025  16:47:29
  9  13   4  16  $12    0.010     0.7729   1738.36   0.1   1267.85   0.0  28.10.2025  16:47:34
 10  14   9  13  $12    0.010    11.8689   5084.63   0.0    295.54   0.3  28.10.2025  16:47:36
 10  14  11  15  $12    0.010    20.3334   8710.82   0.0     55.83   1.4  28.10.2025  16:47:38
 10  14  12  16  $12    0.010    20.0676  37826.46   0.0     31.40   0.6  28.10.2025  16:47:40
 10  14   5   9  $12    0.100   -18.9862   1677.57   0.4    166.27   0.8  28.10.2025  16:47:44
 10  14   7  11  $12    0.100   -12.0287   1587.15   0.0     14.63   9.2  28.10.2025  16:47:46
 10  14   8  12  $12    0.100    -5.5043   1037.53   0.0      0.39  18.8  28.10.2025  16:47:48
 10  14   5   1  $12    0.100    10.1485  11657.06   0.0     41.72   0.3  28.10.2025  16:47:50
 10  14   6   2  $12    0.100     8.1103   6115.04   0.4   1721.99   0.6  28.10.2025  16:47:52
 10  14   7   3  $12    0.100     6.1520   2790.36   0.1      7.02   6.3  28.10.2025  16:47:54
 10  14   8   4  $12    0.100     5.3714   1265.60   0.0     13.01   0.5  28.10.2025  16:47:56
 10  14   1  13  $12    0.010     6.9497   6230.43   0.2    510.78   0.1  28.10.2025  16:48:01
 10  14   3  15  $12    0.010    13.3712   9861.34   0.2    176.74   0.7  28.10.2025  16:48:03
 10  14   4  16  $12    0.010    14.5152  22800.37   0.1    121.93   0.4  28.10.2025  16:48:05
 11  15   9  13  $12    0.010     4.6493   8763.72   0.3    -13.13  39.9  28.10.2025  16:48:08
 11  15  10  14  $12    0.010    16.5882   7106.36   0.1    143.61   0.4  28.10.2025  16:48:10
 11  15  12  16  $12    0.001     2.8215  12087.12   0.1      6.48   4.8  28.10.2025  16:48:14
 11  15   5   9  $12    0.100   -10.7065   2522.66   0.4     59.89  11.6  28.10.2025  16:48:22
 11  15   6  10  $12    0.100    -4.5717    403.95   0.5  -1405.90   0.6  28.10.2025  16:48:24
 11  15   8  12  $12    0.100   -12.7506   1682.40   0.0     -1.59  56.6  28.10.2025  16:48:26
 11  15   5   1  $12    0.100     7.0020  11548.71   0.0     -2.39   5.5  28.10.2025  16:48:28
 11  15   6   2  $12    0.100    18.5303  21284.76   0.1    291.30   0.5  28.10.2025  16:48:30
 11  15   7   3  $12    0.100     6.6038   4979.18   0.0     -2.18  41.8  28.10.2025  16:48:32
 11  15   8   4  $12    0.100     6.4030   2904.18   0.0      9.46   0.5  28.10.2025  16:48:34
 11  15   1  13  $12    0.100     9.7548  21451.90   0.0    620.05   0.5  28.10.2025  16:48:36
 11  15   2  14  $12    0.010    11.9556  10718.26   0.5    218.27   0.3  28.10.2025  16:48:41
 11  15   4  16  $12    0.001     2.0058  14793.13   0.2    146.43   0.4  28.10.2025  16:48:46
 12  16   9  13  $12    0.010     3.4953   4611.89   0.2     57.73  17.5  28.10.2025  16:48:55
 12  16  10  14  $12    0.010    14.0327  26451.05   0.2    137.64   1.1  28.10.2025  16:48:57
 12  16  11  15  $12    0.001     2.3594  10107.70   0.1     66.43   0.7  28.10.2025  16:49:02
 12  16   5   9  $12    0.100    -7.2139   3271.97   0.4   -274.78   3.0  28.10.2025  16:49:08
 12  16   6  10  $12    0.100     5.1303   1208.80   0.3   -493.73   1.6  28.10.2025  16:49:10
 12  16   7  11  $12    0.100   -12.1375   1072.44   0.0     -0.19 728.2  28.10.2025  16:49:12
 12  16   5   1  $12    0.100     7.0371  15959.03   0.0     53.84   1.1  28.10.2025  16:49:15
 12  16   6   2  $12    0.100    20.6286  34023.43   0.1   -109.49   2.3  28.10.2025  16:49:17
 12  16   7   3  $12    0.100     6.8062   7817.90   0.2     -8.31   2.9  28.10.2025  16:49:19
 12  16   8   4  $12    0.100     7.0273   5298.43   0.0     10.61   0.4  28.10.2025  16:49:21
 12  16  13   1  $12    0.100   -11.1806   1093.51   0.0    732.45   0.1  28.10.2025  16:49:23
 12  16  14   2  $12    0.010   -12.6507 278202.53   0.2    226.77   0.4  28.10.2025  16:49:28
 12  16  15   3  $12    0.001    -2.2645  20301.65   0.2    153.77   1.3  28.10.2025  16:49:32
 13   1  14   2  $12    0.001     2.6220   8991.70   0.0    260.24   0.1  28.10.2025  16:49:34
 13   1  15   3  $12    0.100     7.9590    603.54   0.3    615.92   1.3  28.10.2025  16:49:40
 13   1  16   4  $12    0.100    10.2343   1315.32   0.1    524.46   0.4  28.10.2025  16:49:42
 13   1  10  14  $12    0.010    -4.1727   3740.82   0.0    747.28   0.1  28.10.2025  16:49:47
 13   1  11  15  $12    0.100    -2.2091   4858.10   1.0   2737.03   1.0  28.10.2025  16:49:55
 13   1  12  16  $12    0.100    -5.7940    566.68   0.1    837.41   0.0  28.10.2025  16:49:57
 13   1   9   5  $12    0.001     4.4129 110907.11   0.6   -391.32   1.3  28.10.2025  16:50:05
 13   1  10   6  $12    0.001    -7.2971 164117.66   1.6     37.01  21.3  28.10.2025  16:50:12
 13   1  11   7  $12    0.100     3.4839    547.25   0.1     -6.54   5.0  28.10.2025  16:50:17
 13   1  12   8  $12    0.100     4.4276    326.54   0.1   -111.84   0.6  28.10.2025  16:50:19
 13   1   6   2  $12    0.001    11.0479  81478.99   0.2     31.97  59.8  28.10.2025  16:50:27
 13   1   7   3  $12    0.100     4.1844    657.29   0.6    144.83   5.3  28.10.2025  16:50:33
 13   1   8   4  $12    0.100     0.4968    111.73   0.2   1444.62   0.4  28.10.2025  16:50:38
 14   2  13   1  $12    0.010    22.3651   7669.83   0.0    128.02   0.7  28.10.2025  16:50:43
 14   2  15   3  $12    0.010    12.3826   4246.45   0.1    329.13   0.1  28.10.2025  16:50:45
 14   2  16   4  $12    0.010    10.4724   7941.37   0.0    367.71   0.0  28.10.2025  16:50:47
 14   2   9  13  $12    0.010    11.4967   8478.90   0.1   -800.62   0.8  28.10.2025  16:50:49
 14   2  11  15  $12    0.010    -7.8605   7046.96   0.0    538.87   0.1  28.10.2025  16:50:51
 14   2  12  16  $12    0.010    -8.9920 197744.99   0.0    418.82   0.0  28.10.2025  16:50:53
 14   2   9   5  $12    0.010    14.0831  31674.20   0.3   -446.26   1.2  28.10.2025  16:50:55
 14   2  10   6  $12    0.001    -1.8886  47465.29   1.7    100.18  24.9  28.10.2025  16:51:05
 14   2  11   7  $12    0.100     4.2309    951.56   0.0     35.47   0.0  28.10.2025  16:51:10
 14   2  12   8  $12    0.100     4.3159    677.94   0.0     68.25   0.8  28.10.2025  16:51:12
 14   2   5   1  $12    0.010    21.3488  19139.30   0.0     46.90   0.0  28.10.2025  16:51:17
 14   2   7   3  $12    0.010     4.8709   3592.34   0.2     -4.93  91.1  28.10.2025  16:51:19
 14   2   8   4  $12    0.100    14.9157   2342.96   0.0     91.08   0.0  28.10.2025  16:51:23
 15   3  13   1  $12    0.100    14.2403   1079.86   0.1    526.86   0.2  28.10.2025  16:51:25
 15   3  14   2  $12    0.010    12.9149   4428.99   0.2    298.50   0.0  28.10.2025  16:51:30
 15   3  16   4  $12    0.001     2.5089   8603.89   0.1    145.56   0.3  28.10.2025  16:51:35
 15   3   9  13  $12    0.010     3.7673   5917.71   0.3  -1108.28   0.6  28.10.2025  16:51:43
 15   3  10  14  $12    0.010    -8.7303   6438.67   0.6    485.19   0.5  28.10.2025  16:51:45
 15   3  12  16  $12    0.010   -22.6083  20268.39   0.0    150.74   0.3  28.10.2025  16:51:47
 15   3   9   5  $12    0.010     4.7938   7530.15   0.3   -640.36   0.1  28.10.2025  16:51:49
 15   3  10   6  $12    0.010   -11.0580  24870.47   0.1   -647.95   0.1  28.10.2025  16:51:51
 15   3  11   7  $12    0.100     4.7633   1197.14   0.0     14.47   1.2  28.10.2025  16:51:55
 15   3  12   8  $12    0.100     4.7713   1073.12   0.0     23.92   1.8  28.10.2025  16:51:57
 15   3   5   1  $12    0.100     8.2666  18179.18   0.0     49.42   0.9  28.10.2025  16:51:59
 15   3   6   2  $12    0.010    16.2607  14577.77   0.6   -410.31   3.4  28.10.2025  16:52:04
 15   3   8   4  $12    0.100    18.0344   1330.05   0.0      1.43   3.2  28.10.2025  16:52:08
 16   4  13   1  $12    0.100    14.7042   1889.78   0.0    527.70   0.0  28.10.2025  16:52:10
 16   4  14   2  $12    0.010    12.5854   9543.69   0.1    253.94   0.1  28.10.2025  16:52:15
 16   4  15   3  $12    0.001     2.4434   8379.18   0.0    172.05   0.1  28.10.2025  16:52:20
 16   4   9  13  $12    0.100   -11.3559   2554.04   0.4    771.79   0.4  28.10.2025  16:52:25
 16   4  10  14  $12    0.010   -12.1115  19024.68   0.1    279.09   0.1  28.10.2025  16:52:30
 16   4  11  15  $12    0.001    -2.2515  16604.77   0.0    200.46   0.2  28.10.2025  16:52:35
 16   4   9   5  $12    0.100     4.1324    304.77   0.3   -152.80   2.0  28.10.2025  16:52:41
 16   4  10   6  $12    0.100     6.2479    981.42   0.5    844.02   0.7  28.10.2025  16:52:43
 16   4  11   7  $12    0.100     5.5325   1244.31   0.2     -7.89  26.9  28.10.2025  16:52:46
 16   4  12   8  $12    0.100     5.9186   1487.51   0.0      9.70   6.8  28.10.2025  16:52:48
 16   4   5   1  $12   10.000     5.4176      5.30   1.3    769.11   1.2  28.10.2025  16:52:58
 16   4   6   2  $12    0.100     8.6225  18961.85   0.8   -225.96   3.8  28.10.2025  16:53:06
 16   4   7   3  $12    0.100    17.3836   1558.45   0.0      0.44  61.1  28.10.2025  16:53:08
  1   4   2   3  $12    0.010    19.9597  12541.06   0.0     36.85   0.2  28.10.2025  16:53:13
  2   3   1   4  $12    0.010    22.0137  13831.61   0.0     66.35   0.8  28.10.2025  16:53:15
  1   2   3   4  $12    0.010    -3.6118   6808.01   0.3    -71.76   3.7  28.10.2025  16:53:17
  3   4   1   2  $12    0.010    -3.5424   6677.29   0.1    -36.59   3.5  28.10.2025  16:53:19
  5   8   6   7  $12    0.001     6.2620  39345.51   0.1   -246.08   1.6  28.10.2025  16:53:24
  6   7   5   8  $12    0.001     0.4831   3035.49   0.5   7897.13   0.7  28.10.2025  16:53:26
  5   6   7   8  $12    0.010    -0.6202   1168.98   0.2   -685.42   0.5  28.10.2025  16:53:33
  7   8   5   6  $12    0.010    -2.1071   3971.86   0.9   -754.22   1.4  28.10.2025  16:53:36
  9  12  10  11  $12    0.010     3.0532   1918.36   0.3   -124.16   1.8  28.10.2025  16:53:38
 10  11   9  12  $12    0.100    20.0564   1260.18   0.1     80.92   8.8  28.10.2025  16:53:42
  9  10  11  12  $12    0.010    -0.2236    421.53   0.2    353.91   1.4  28.10.2025  16:53:48
 11  12   9  10  $12    0.100    -4.3382    817.73   0.8   -238.31   2.8  28.10.2025  16:53:52
 13  16  14  15  $12    0.010    16.6805  10480.68   0.1     73.74   0.0  28.10.2025  16:53:57
 14  15  13  16  $12    0.010    16.2130  10186.93   0.1    154.79   0.0  28.10.2025  16:53:59
 13  14  15  16  $12    0.010    -3.2764   6175.83   0.8    257.53   1.0  28.10.2025  16:54:02
  1   9  10   2  $12    0.001    -3.5711  12850.80   0.1   -107.36   0.3  28.10.2025  16:54:06
  1   9  11   3  $12    0.010    -4.7057   4031.85   0.0   -243.61   0.2  28.10.2025  16:54:10
  1   9  12   4  $12    0.010    -1.5893   2657.45   0.0    -66.22   3.6  28.10.2025  16:54:16
  2  10   9   1  $12    0.001    -3.6502  13135.58   0.1    -81.69   2.6  28.10.2025  16:54:20
  2  10  11   3  $12    0.010    -6.8443   2462.96   0.0     18.48   0.7  28.10.2025  16:54:24
  2  10  12   4  $12    0.010    -2.6907   2305.40   0.1     30.84   0.9  28.10.2025  16:54:26
  3  11   9   1  $12    0.010    -5.1326   4397.59   0.0   -266.72   2.2  28.10.2025  16:54:28
  3  11  10   2  $12    0.010    -7.1019   2555.67   0.1     23.32   1.8  28.10.2025  16:54:30
  3  11  12   4  $12    0.010    -4.2077   1514.18   0.0     11.58  17.3  28.10.2025  16:54:32
 12   4   9   1  $12    0.100    16.2934   2724.48   0.1   -103.12   1.4  28.10.2025  16:54:36
 12   4  10   2  $12    0.010     2.7070   2319.37   0.0     11.43  18.7  28.10.2025  16:54:41
 12   4  11   3  $12    0.010     4.2058   1513.49   0.1      7.63   3.7  28.10.2025  16:54:43
 13   5  14   6  $12    0.001     5.2263  18807.07   0.3     76.31   8.0  28.10.2025  16:54:48
 13   5  15   7  $12    0.010     2.8227   2418.48   0.0    384.48   0.2  28.10.2025  16:54:52
 13   5  16   8  $12    0.010     2.7815   4651.01   0.0    286.32   0.3  28.10.2025  16:54:54
 14   6  13   5  $12    0.001     2.6804   9645.51   0.1   1379.81   0.2  28.10.2025  16:54:59
 14   6  15   7  $12    0.010     3.8932   1401.00   0.5   1851.14   0.5  28.10.2025  16:55:03
 14   6  16   8  $12    0.010    12.6810  10865.03   0.0    221.67   0.0  28.10.2025  16:55:05
 15   7  13   5  $12    0.010     3.9534   3387.27   0.1    271.46   0.7  28.10.2025  16:55:07
 15   7  14   6  $12    0.010    18.4648   6644.65   0.1    231.10   0.4  28.10.2025  16:55:09
 15   7  16   8  $12    0.001     2.3452   8439.22   0.1     93.66   0.7  28.10.2025  16:55:14
 16   8  13   5  $12    0.010     3.1390   5248.86   0.0    295.51   0.3  28.10.2025  16:55:17
 16   8  14   6  $12    0.010    11.0539   9470.94   0.6    356.36   5.3  28.10.2025  16:55:19
 16   8  15   7  $12    0.010    21.0226   7565.10   0.1    105.06   0.9  28.10.2025  16:55:21
  1   2   5   6  $12    0.001     4.1951 790760.57   0.1    -55.67 146.9  28.10.2025  16:55:26
  2   3   6   7  $12    0.010   -16.7394 315530.54   0.1   -248.73   0.0  28.10.2025  16:55:35
  3   4   7   8  $12    1.000     1.3722    258.64   0.0    -91.49   1.1  28.10.2025  16:55:43
  1   2   9  10  $12    0.001    -4.1145 6514699.03   0.7   -338.83  10.9  28.10.2025  16:55:54
  2   3  10  11  $12    1.000    12.8952  20417.70   0.4   -562.33   8.9  28.10.2025  16:56:02
  3   4  11  12  $12    1.000     1.8894   2991.63   0.2   -212.77   0.3  28.10.2025  16:56:07
  1   2  13  14  $12    0.100    10.7121 577487.36   0.0    130.77   0.3  28.10.2025  16:56:13
  2   3  14  15  $12    0.100     7.5292 405897.12   0.0    287.44   0.4  28.10.2025  16:56:15
  3   4  15  16  $12    1.000     8.6433  46595.98   0.1   -194.80   0.0  28.10.2025  16:56:19
  5   6   9  10  $12    0.001    41.6839 7857228.14   0.1   -333.66   0.0  28.10.2025  16:56:31
  6   7  10  11  $12    0.010     2.1803  41097.06   0.1     32.32   7.4  28.10.2025  16:56:34
  7   8  11  12  $12    1.000     2.1627    407.66   0.0      9.89   0.9  28.10.2025  16:56:40
  5   6  13  14  $12    0.010    -1.6581 262533.84   0.1     98.21   0.5  28.10.2025  16:56:49
  6   7  14  15  $12    0.010    -2.8326 448510.24   0.5   -541.32   0.4  28.10.2025  16:56:51
  7   8  15  16  $12   10.000     2.7365    433.29   0.3     85.09  15.8  28.10.2025  16:56:58
  9  10  13  14  $12    0.010     0.4419   8330.42   0.5   -331.78   0.3  28.10.2025  16:57:10
 10  11  14  15  $12    1.000     6.0554   1141.41   0.0    -38.25   0.5  28.10.2025  16:57:15
 11  12  15  16  $12   10.000    16.9464    319.43   0.0    -47.55   0.3  28.10.2025  16:57:19
  1   2   6   7  $12    0.001   -10.0412 3785432.61   0.1    -65.36   5.2  28.10.2025  16:57:34
  2   3   7   8  $12    1.000    -2.5087    945.74   0.8    295.05  27.5  28.10.2025  16:57:41
  1   2   7   8  $12    0.100    -1.2316   8125.10   0.1   -671.55   1.4  28.10.2025  16:57:46
  2   3   7   8  $12    1.000    -3.8353   1445.87   0.5    106.13   4.1  28.10.2025  16:57:50
  1   2  10  11  $12    0.100     3.6267  82033.17   0.8      2.78 203.1  28.10.2025  16:57:57
  2   3  11  12  $12    1.000     3.4043   7700.45   0.8   -514.69   0.3  28.10.2025  16:58:00
  1   2  11  12  $12    0.100     0.9572  29771.74   0.3     13.50 507.1  28.10.2025  16:58:06
  2   3  11  12  $12    1.000     8.1441  18421.48   0.8   -344.60   1.8  28.10.2025  16:58:10
  1   2  14  15  $12    0.100    -6.3951 438781.08   0.1    -46.75  10.2  28.10.2025  16:58:15
  2   3  15  16  $12    1.000    16.1321 110686.16   0.3    753.97   2.8  28.10.2025  16:58:19
  1   2  15  16  $12    0.100     9.2038 789364.93   0.4   -257.93   0.9  28.10.2025  16:58:25
  2   3  15  16  $12    1.000    18.1548 124564.51   0.8    548.53   2.5  28.10.2025  16:58:29
  5   6  10  11  $12    0.010    -3.0654 115563.19   0.8   -607.93   0.8  28.10.2025  16:58:37
  6   7  11  12  $12    0.010     0.5364  20223.31   0.1   -283.27   0.4  28.10.2025  16:58:43
  5   6  11  12  $12    0.010    -0.2869  18926.99   0.0   -313.74   0.3  28.10.2025  16:58:48
  6   7  11  12  $12    0.010     0.4812  18141.84   0.1   -301.27   0.2  28.10.2025  16:58:53
  5   6  14  15  $12    0.010     2.8295 640013.10   0.1   -330.81   0.3  28.10.2025  16:58:55
  6   7  15  16  $12    0.010     8.7356 1975941.47   0.0   -303.19   0.0  28.10.2025  16:58:57
  5   6  15  16  $12    0.010    -7.3800 2295317.83   0.0   -329.87   0.0  28.10.2025  16:58:59
  6   7  15  16  $12    0.010     8.8067 1992023.57   0.0   -298.13   0.0  28.10.2025  16:59:01
  9  10  14  15  $12    0.010    -0.4817  18158.83   0.6   -692.79   1.3  28.10.2025  16:59:07
 10  11  15  16  $12    1.000     2.3036    868.44   0.0    -67.26   1.0  28.10.2025  16:59:12
  9  10  15  16  $12    0.010     1.0482  69155.60   0.5   -706.63   0.4  28.10.2025  16:59:21
 10  11  15  16  $12    1.000     2.3005    867.27   0.0    -62.86   0.8  28.10.2025  16:59:26
