//C:\Users\user\Desktop\GeoTom\GeoTomE724.ini
//- Cable direction:
//  cable I: normal
//  cable II: normal
//  cable III: normal
//  cable IV: normal
//- Cable arrangement: sequential
//- Optimization: Last measurement
//- Sorting: Multi-level
//- Current levels: 0.001 mA .. 50.0 mA
Type:         Flow
Name:         Hyprop
Comment:      Example of a measurements sequence
Comment:      
Comment:      
Spacing:      1.00000
First El:     0.00000
Nr of points: 289
IP present:   1

  1   5   2   6  $12    0.010     4.3507   1863.82   0.0     11.13  12.0  25.10.2025  17:40:05
  1   5   3   7  $12    0.100    16.4194   3094.97   0.0      2.49   0.4  25.10.2025  17:40:09
  1   5   4   8  $12    0.100     9.4554   1247.61   0.0      2.46   6.6  25.10.2025  17:40:11
  1   5  14   2  $12    0.100   -14.7328   1320.80   0.0     15.22   1.5  25.10.2025  17:40:13
  1   5  15   3  $12    0.100    -3.4313   7545.93   0.0      4.04   2.3  25.10.2025  17:40:15
  1   5  16   4  $12    1.000    -7.4753     73.11   0.0      3.77   5.0  25.10.2025  17:40:19
  1   5  13   9  $12    0.100     9.1640   6909.49   0.0     11.75   0.7  25.10.2025  17:40:24
  1   5  14  10  $12    0.100     7.5027   8617.94   0.0     -4.56   1.4  25.10.2025  17:40:26
  1   5  15  11  $12    0.100     5.5470   9148.82   0.0      1.94  16.3  25.10.2025  17:40:28
  1   5  16  12  $12    0.100     4.7455  10761.96   0.1      2.05  28.7  25.10.2025  17:40:30
  1   5  10   6  $12    0.100    20.4678   1808.48   0.0     23.89   0.9  25.10.2025  17:40:32
  1   5  11   7  $12    0.100     7.3644   1735.19   0.0      2.71   2.5  25.10.2025  17:40:34
  1   5  12   8  $12    0.100     3.9883   1808.98   0.0     -2.43  17.8  25.10.2025  17:40:36
  2   6   1   5  $12    0.010     4.3613   1868.38   0.0     13.47   0.2  25.10.2025  17:40:41
  2   6   3   7  $12    0.010     4.5397   1944.80   0.0     -2.50  14.0  25.10.2025  17:40:43
  2   6   4   8  $12    0.100    19.7769   3727.85   0.0    -11.67   0.0  25.10.2025  17:40:46
  2   6  13   1  $12    0.100   -19.5972   1445.31   0.0    -26.52   1.2  25.10.2025  17:40:48
  2   6  15   3  $12    0.010    -2.4639   2208.90   0.0     -3.71   5.3  25.10.2025  17:40:53
  2   6  16   4  $12    0.100    -8.5436  18788.26   0.0    -16.84   0.0  25.10.2025  17:40:57
  2   6  13   9  $12    0.100     2.6917   1220.85   0.0    843.49   0.1  25.10.2025  17:40:59
  2   6  14  10  $12    0.100     5.9989   4523.03   0.0      3.99   4.5  25.10.2025  17:41:01
  2   6  15  11  $12    0.100     5.2334   6011.32   0.0     22.00   1.1  25.10.2025  17:41:03
  2   6  16  12  $12    0.100     5.0827   8383.13   0.1     18.21   3.4  25.10.2025  17:41:05
  2   6   9   5  $12    0.100    21.0638   2779.31   0.0    -66.55   0.2  25.10.2025  17:41:07
  2   6  11   7  $12    0.100    14.4173   1273.87   0.0     -0.75   2.0  25.10.2025  17:41:09
  2   6  12   8  $12    0.100     6.0934   1435.72   0.0    -28.84   1.5  25.10.2025  17:41:11
  3   7   1   5  $12    0.100    16.3311   3078.34   0.0      1.40   9.6  25.10.2025  17:41:13
  3   7   2   6  $12    0.010     4.5240   1938.07   0.0     -4.83   8.4  25.10.2025  17:41:18
  3   7   4   8  $12    0.010     3.6653   1570.21   0.1     -4.01   6.7  25.10.2025  17:41:20
  3   7  13   1  $12    0.100    -5.3457    839.70   0.0      6.95   1.1  25.10.2025  17:41:24
  3   7  14   2  $12    0.010    -2.4459   1803.90   0.0      7.04   4.8  25.10.2025  17:41:29
  3   7  16   4  $12    0.100   -17.5657   1574.77   0.0      2.49   0.3  25.10.2025  17:41:32
  3   7  13   9  $12    0.100     6.1091   1439.41   0.0     -6.11   9.5  25.10.2025  17:41:34
  3   7  14  10  $12    0.100     5.7792   2621.28   0.0     -1.32  24.4  25.10.2025  17:41:36
  3   7  15  11  $12    0.100     6.1997   4674.46   0.0      0.48  92.2  25.10.2025  17:41:38
  3   7  16  12  $12    0.100     6.1706   7087.77   0.1      1.74  58.0  25.10.2025  17:41:40
  3   7   9   5  $12    0.100     4.8818    920.20   0.0      2.77   3.4  25.10.2025  17:41:42
  3   7  10   6  $12    0.100    14.8221   1955.73   0.0     -3.63   5.1  25.10.2025  17:41:44
  3   7  12   8  $12    0.100    12.6600   1118.61   0.0      2.54  21.6  25.10.2025  17:41:46
  4   8   1   5  $12    0.100     9.4369   1245.18   0.0      1.42  50.9  25.10.2025  17:41:48
  4   8   2   6  $12    0.100    19.4877   3673.34   0.0      2.44   6.1  25.10.2025  17:41:50
  4   8   3   7  $12    0.010     3.6625   1569.02   0.0     -2.62   4.5  25.10.2025  17:41:55
  4   8  13   1  $12    0.100    -2.5703    578.08   0.0      9.78   4.1  25.10.2025  17:41:59
  4   8  14   2  $12    0.100    -8.7306   1371.40   0.0      1.09  23.4  25.10.2025  17:42:01
  4   8  15   3  $12    0.100   -17.9241   1321.92   0.0      0.53  50.7  25.10.2025  17:42:03
  4   8  13   9  $12    0.100     5.3230    470.32   0.0     -3.03  17.8  25.10.2025  17:42:05
  4   8  14  10  $12    0.100     5.3131   1251.86   0.0     -1.04  42.2  25.10.2025  17:42:07
  4   8  15  11  $12    0.100     6.1991   2811.69   0.0     -0.26  64.7  25.10.2025  17:42:09
  4   8  16  12  $12    0.100     6.4875   4891.44   0.0      2.49  18.3  25.10.2025  17:42:11
  4   8   9   5  $12    1.000    15.6087     66.87   0.0     10.68   0.4  25.10.2025  17:42:15
  4   8  10   6  $12    0.100     5.5423   1044.70   0.0     13.67   2.8  25.10.2025  17:42:20
  4   8  11   7  $12    0.100    12.3027   1623.31   0.0      1.99  10.7  25.10.2025  17:42:22
  5   9   6  10  $12    0.010     4.5341   1942.42   0.0    -26.32   2.5  25.10.2025  17:42:27
  5   9   7  11  $12    0.100    17.9120   3376.34   0.0      1.18   6.8  25.10.2025  17:42:30
  5   9   8  12  $12    0.100    10.5423   1391.03   0.0      1.57   1.2  25.10.2025  17:42:32
  5   9   2   6  $12    0.100   -20.9173   2759.98   0.0    -63.93   0.3  25.10.2025  17:42:34
  5   9   3   7  $12    0.100    -4.8721    918.38   0.0      9.76   0.7  25.10.2025  17:42:36
  5   9   4   8  $12    1.000   -14.4022     61.70   0.2     23.78   0.9  25.10.2025  17:42:40
  5   9   1  13  $12    0.100     6.3433   1594.25   0.0     -9.27   2.2  25.10.2025  17:42:45
  5   9   2  14  $12    0.100     6.9520   1563.57   0.0     -2.72  10.2  25.10.2025  17:42:47
  5   9   3  15  $12    0.100     5.3812    845.27   0.0     -9.61   3.8  25.10.2025  17:42:49
  5   9   4  16  $12    0.100     5.1928    382.97   0.0     -2.90  11.4  25.10.2025  17:42:51
  5   9  14  10  $12    0.100    16.9813   1500.42   0.0     -0.30 134.4  25.10.2025  17:42:53
  5   9  15  11  $12    0.100     7.6864   1811.06   0.0      1.55   7.2  25.10.2025  17:42:55
  5   9  16  12  $12    0.100     3.8791   1759.43   0.0     -1.44  35.9  25.10.2025  17:42:57
  6  10   5   9  $12    0.010     4.5006   1928.05   0.0    -26.45   1.2  25.10.2025  17:43:02
  6  10   7  11  $12    0.010     3.4046   1458.54   0.0      0.60 260.0  25.10.2025  17:43:04
  6  10   8  12  $12    0.100    16.3938   3090.15   0.0     -8.02   0.2  25.10.2025  17:43:07
  6  10   1   5  $12    0.100   -20.9484   1850.94   0.0     19.78   0.4  25.10.2025  17:43:09
  6  10   3   7  $12    0.100   -14.7514   1946.40   0.0     -6.34   1.8  25.10.2025  17:43:12
  6  10   4   8  $12    0.100    -5.7537   1084.54   0.0    -11.39   0.3  25.10.2025  17:43:14
  6  10   1  13  $12    0.100     2.3802    535.34   0.1    268.43   0.7  25.10.2025  17:43:16
  6  10   2  14  $12    0.100     4.2273   1062.43   0.1     75.76   0.7  25.10.2025  17:43:17
  6  10   3  15  $12    0.100     3.6081    811.51   0.0     69.61   0.7  25.10.2025  17:43:20
  6  10   4  16  $12    0.100     4.3660    685.82   0.0     27.76   1.3  25.10.2025  17:43:22
  6  10  13   9  $12    0.100    21.0762   2780.94   0.0   -112.46   0.2  25.10.2025  17:43:24
  6  10  15  11  $12    0.100    15.3791   1358.85   0.0    -19.28   0.6  25.10.2025  17:43:26
  6  10  16  12  $12    0.100     6.2792   1479.50   0.1    -32.43   0.8  25.10.2025  17:43:28
  7  11   5   9  $12    0.100    17.9883   3390.72   0.0      0.92   2.3  25.10.2025  17:43:30
  7  11   6  10  $12    0.010     3.4361   1472.02   0.0     -0.72 147.6  25.10.2025  17:43:34
  7  11   8  12  $12    0.010     3.1610   1354.19   0.4     -7.57  61.0  25.10.2025  17:43:36
  7  11   1   5  $12    0.100    -7.3917   1741.63   0.0      4.90   1.2  25.10.2025  17:43:40
  7  11   2   6  $12    0.100   -14.5317   1283.98   0.0      8.58   0.4  25.10.2025  17:43:42
  7  11   4   8  $12    0.100   -12.3527   1629.90   0.0      1.89   7.1  25.10.2025  17:43:44
  7  11   1  13  $12    0.100     3.1831    500.01   0.0      5.13   4.0  25.10.2025  17:43:46
  7  11   2  14  $12    0.100     4.6414   1043.90   0.0     -1.87  41.0  25.10.2025  17:43:48
  7  11   3  15  $12    0.100     4.6784   1175.81   0.0     -0.37  43.4  25.10.2025  17:43:50
  7  11   4  16  $12    0.100     5.2968   1191.31   0.0     -1.37  33.1  25.10.2025  17:43:52
  7  11  13   9  $12    0.100     7.4186   1398.37   0.0     -4.91   1.2  25.10.2025  17:43:54
  7  11  14  10  $12    0.100    15.0503   1985.84   0.0     -2.86  13.6  25.10.2025  17:43:56
  7  11  16  12  $12    0.100    13.2878   1174.08   0.0      1.70   0.2  25.10.2025  17:43:58
  8  12   5   9  $12    0.100    10.5871   1396.94   0.0     -0.35   7.5  25.10.2025  17:44:00
  8  12   6  10  $12    0.100    16.3139   3075.10   0.0      5.52   3.0  25.10.2025  17:44:02
  8  12   7  11  $12    0.010     3.1214   1337.23   0.0     -2.55   6.8  25.10.2025  17:44:07
  8  12   1   5  $12    0.100    -3.9715   1801.35   0.0      6.89   1.0  25.10.2025  17:44:11
  8  12   2   6  $12    0.100    -5.6616   1333.97   0.0     20.01   3.6  25.10.2025  17:44:13
  8  12   3   7  $12    0.100   -12.4898   1103.56   0.0      3.88   1.0  25.10.2025  17:44:15
  8  12   1  13  $12    0.100     2.6146    192.83   0.0      3.97   6.5  25.10.2025  17:44:17
  8  12   2  14  $12    0.100     4.0780    640.57   0.0     -4.09   9.8  25.10.2025  17:44:19
  8  12   3  15  $12    0.100     4.5554   1024.54   0.0     -1.04  11.3  25.10.2025  17:44:21
  8  12  16   4  $12    0.100    -5.4462   1368.79   0.1      1.16  15.2  25.10.2025  17:44:23
  8  12   9  13  $12    0.100    -3.9659    169.90   0.0     -3.08   8.4  25.10.2025  17:44:25
  8  12  10  14  $12    0.100    -6.5294   1230.76   0.0      4.54  16.6  25.10.2025  17:44:27
  8  12  11  15  $12    0.100   -13.8962   1833.56   0.0      1.67   1.5  25.10.2025  17:44:29
  9  13  10  14  $12    0.010     4.3853   1878.66   0.0     60.77   0.8  25.10.2025  17:44:34
  9  13  11  15  $12    0.100    16.5333   3116.45   0.0      7.14   1.4  25.10.2025  17:44:38
  9  13  12  16  $12    0.100    10.4212   1375.05   0.0      8.32   5.0  25.10.2025  17:44:40
  9  13   6  10  $12    0.100   -20.5509   2711.63   0.0   -114.77   0.7  25.10.2025  17:44:42
  9  13   7  11  $12    0.100    -7.3961   1394.13   0.0      0.69  42.1  25.10.2025  17:44:44
  9  13   8  12  $12    0.100    -3.9795    170.48   0.0      5.52  10.8  25.10.2025  17:44:46
  9  13   5   1  $12    0.100     9.1603   6906.67   0.0     15.34   2.0  25.10.2025  17:44:48
  9  13   6   2  $12    0.100     3.5918   1629.11   0.0    648.91   0.5  25.10.2025  17:44:50
  9  13   7   3  $12    0.100     6.1030   1437.99   0.0     -2.08   1.3  25.10.2025  17:44:52
  9  13   8   4  $12    0.100     5.3472    472.47   0.0     -0.32  59.1  25.10.2025  17:44:54
  9  13   2  14  $12    0.100    18.3376   1352.41   0.0     87.51   0.4  25.10.2025  17:44:56
  9  13   3  15  $12    0.100     3.0410    477.67   0.0     43.50   1.1  25.10.2025  17:44:58
  9  13   4  16  $12    1.000     8.9663    201.66   0.1     34.41   0.6  25.10.2025  17:45:02
 10  14   9  13  $12    0.010     4.4584   1909.99   0.1     34.39   1.6  25.10.2025  17:45:09
 10  14  11  15  $12    0.010     2.9697   1272.22   0.2     -6.50  79.2  25.10.2025  17:45:11
 10  14  12  16  $12    0.100    16.2219   3057.76   0.0      2.34   1.0  25.10.2025  17:45:15
 10  14   5   9  $12    0.100   -17.0471   1506.24   0.1      1.19  51.7  25.10.2025  17:45:17
 10  14   7  11  $12    0.100   -14.9440   1971.81   0.0     -0.54  82.1  25.10.2025  17:45:19
 10  14   8  12  $12    0.100    -6.5894   1242.08   0.0      2.70  21.8  25.10.2025  17:45:21
 10  14   5   1  $12    0.100     7.5902   8718.42   0.1      1.73  36.2  25.10.2025  17:45:23
 10  14   6   2  $12    0.100     6.4992   4900.30   0.1      4.05  33.0  25.10.2025  17:45:25
 10  14   7   3  $12    0.100     5.8406   2649.09   0.0     -1.76  26.9  25.10.2025  17:45:27
 10  14   8   4  $12    0.100     5.3848   1268.77   0.0     -1.63   4.5  25.10.2025  17:45:29
 10  14   1  13  $12    0.100    20.3480   1824.21   0.0     93.00   0.1  25.10.2025  17:45:31
 10  14   3  15  $12    0.100     8.2559    608.88   0.0      0.83   3.4  25.10.2025  17:45:33
 10  14   4  16  $12    0.100     4.2553    668.41   0.0      0.60  32.7  25.10.2025  17:45:35
 11  15   9  13  $12    0.100    16.8383   3173.95   0.0      4.32   1.5  25.10.2025  17:45:37
 11  15  10  14  $12    0.010     2.9898   1280.82   0.0     -9.19   0.5  25.10.2025  17:45:42
 11  15  12  16  $12    0.010     4.0816   1748.54   0.1    -11.22  13.3  25.10.2025  17:45:44
 11  15   5   9  $12    0.100    -7.7340   1822.28   0.0      1.23  31.3  25.10.2025  17:45:48
 11  15   6  10  $12    0.100   -14.7843   1306.30   0.0     -2.31   5.8  25.10.2025  17:45:50
 11  15   8  12  $12    0.100   -13.7470   1813.87   0.0      3.32   3.8  25.10.2025  17:45:52
 11  15   5   1  $12    0.100     5.5558   9163.39   0.0     -0.57 170.9  25.10.2025  17:45:54
 11  15   6   2  $12    0.100     6.0027   6894.95   0.0     -4.36  35.9  25.10.2025  17:45:56
 11  15   7   3  $12    0.100     6.1855   4663.77   0.0     -0.32  99.0  25.10.2025  17:45:58
 11  15   8   4  $12    0.100     6.1950   2809.84   0.0     -0.40  19.9  25.10.2025  17:46:00
 11  15   1  13  $12    0.100     3.5496   7805.91   0.0     18.63   1.0  25.10.2025  17:46:02
 11  15   2  14  $12    0.100     8.8548    793.83   0.0    -12.02   5.7  25.10.2025  17:46:04
 11  15   4  16  $12    0.100    20.2418   1492.85   0.0    -28.32   0.6  25.10.2025  17:46:06
 12  16   9  13  $12    0.100    10.6118   1400.20   0.0      6.92   3.6  25.10.2025  17:46:08
 12  16  10  14  $12    0.100    16.3426   3080.51   0.0      4.95   0.3  25.10.2025  17:46:10
 12  16  11  15  $12    0.010     4.0155   1720.24   0.0     -3.26   4.8  25.10.2025  17:46:15
 12  16   5   9  $12    0.100    -3.8681   1754.44   0.0      6.25   1.2  25.10.2025  17:46:19
 12  16   6  10  $12    0.100    -5.8155   1370.25   0.0     11.27   3.5  25.10.2025  17:46:20
 12  16   7  11  $12    0.100   -13.4489   1188.31   0.0      2.31  14.0  25.10.2025  17:46:23
 12  16   5   1  $12    0.100     4.7839  10849.15   0.0     -1.57  84.9  25.10.2025  17:46:25
 12  16   6   2  $12    0.100     5.6391   9300.77   0.2     -2.87  43.1  25.10.2025  17:46:27
 12  16   7   3  $12    0.100     6.2143   7138.07   0.0     -0.60  14.3  25.10.2025  17:46:29
 12  16   8   4  $12    0.100     6.5546   4942.07   0.0     -0.22  89.2  25.10.2025  17:46:31
 12  16  13   1  $12    1.000   -18.4711    180.65   0.0     33.24   0.1  25.10.2025  17:46:34
 12  16  14   2  $12    0.100    -4.6169  10153.11   0.1     18.17   0.6  25.10.2025  17:46:39
 12  16  15   3  $12    0.100   -19.5688   1754.35   0.0      2.70   2.0  25.10.2025  17:46:41
 13   1  14   2  $12    0.010     4.1606   1426.84   0.0     52.60   0.3  25.10.2025  17:46:46
 13   1  15   3  $12    0.100    11.8892    901.58   0.0      6.14   0.5  25.10.2025  17:46:50
 13   1  16   4  $12    0.100     6.9882    898.12   0.0      6.05   8.8  25.10.2025  17:46:52
 13   1  10  14  $12    0.100   -18.1190   1624.37   0.0     70.90   0.9  25.10.2025  17:46:54
 13   1  11  15  $12    0.100    -3.3434   7352.54   0.0     18.63   0.3  25.10.2025  17:46:56
 13   1  12  16  $12    1.000   -18.2081    178.08   0.0     12.11   0.9  25.10.2025  17:47:00
 13   1   9   5  $12    0.100     6.2520   1571.30   0.0     -5.77   3.7  25.10.2025  17:47:04
 13   1  10   6  $12    0.100     3.4256    770.46   0.0     98.87   1.4  25.10.2025  17:47:06
 13   1  11   7  $12    0.100     3.1410    493.39   0.0      0.13  28.7  25.10.2025  17:47:08
 13   1  12   8  $12    0.100     2.5892    190.95   0.2      1.34 306.8  25.10.2025  17:47:10
 13   1   6   2  $12    0.100    18.5322   1366.77   0.0    -10.99   9.4  25.10.2025  17:47:13
 13   1   7   3  $12    0.100     5.3893    846.55   0.0      1.68   2.6  25.10.2025  17:47:15
 13   1   8   4  $12    0.100     2.5705    578.13   0.0     -4.32   2.7  25.10.2025  17:47:17
 14   2  13   1  $12    0.010     4.1372   1418.79   0.0     46.08   0.4  25.10.2025  17:47:22
 14   2  15   3  $12    0.010     3.7815   1296.81   0.0     -0.84 214.4  25.10.2025  17:47:24
 14   2  16   4  $12    0.100    17.1466   1300.25   0.0      7.40   0.3  25.10.2025  17:47:27
 14   2   9  13  $12    0.100   -19.3441   1426.64   0.0     96.16   0.6  25.10.2025  17:47:29
 14   2  11  15  $12    0.100    -8.1762    733.00   0.0     18.75   0.9  25.10.2025  17:47:31
 14   2  12  16  $12    0.100    -4.5271   9955.69   0.0     29.32   0.3  25.10.2025  17:47:33
 14   2   9   5  $12    0.100     6.8316   1536.49   0.1     -1.76  36.9  25.10.2025  17:47:35
 14   2  10   6  $12    0.100     4.9350   1240.31   0.0     47.93   1.5  25.10.2025  17:47:37
 14   2  11   7  $12    0.100     4.5234   1017.36   0.0      0.12 320.6  25.10.2025  17:47:39
 14   2  12   8  $12    0.100     3.9792    625.04   0.1     -2.55  66.8  25.10.2025  17:47:41
 14   2   5   1  $12    0.100    14.7843   1325.42   0.0     14.28   6.2  25.10.2025  17:47:43
 14   2   7   3  $12    0.010     2.4777   1827.30   0.0     -5.68   4.1  25.10.2025  17:47:48
 14   2   8   4  $12    0.100     8.6367   1356.65   0.0     -3.05   1.1  25.10.2025  17:47:52
 15   3  13   1  $12    0.100    11.9808    908.52   0.0      8.71   4.1  25.10.2025  17:47:54
 15   3  14   2  $12    0.010     3.7652   1291.23   0.0     -2.33   1.5  25.10.2025  17:47:59
 15   3  16   4  $12    0.010     4.3195   1481.32   0.0     -4.24  12.8  25.10.2025  17:48:01
 15   3   9  13  $12    0.100    -3.2451    509.73   0.0     50.36   0.6  25.10.2025  17:48:05
 15   3  10  14  $12    0.100    -8.5107    627.67   0.0      2.89  17.7  25.10.2025  17:48:07
 15   3  12  16  $12    0.100   -20.0806   1800.23   0.0    -18.98   3.2  25.10.2025  17:48:09
 15   3   9   5  $12    0.100     5.3376    838.43   0.0     -3.35   7.7  25.10.2025  17:48:11
 15   3  10   6  $12    0.100     4.5962   1033.72   0.0     25.10   1.3  25.10.2025  17:48:13
 15   3  11   7  $12    0.100     4.6721   1174.23   0.0     -0.28  70.6  25.10.2025  17:48:15
 15   3  12   8  $12    0.100     4.5632   1026.31   0.1     -0.12 1346.7  25.10.2025  17:48:17
 15   3   5   1  $12    0.100     3.4440   7573.67   0.0    -10.35  14.4  25.10.2025  17:48:19
 15   3   6   2  $12    0.010     2.4839   2226.82   0.0    -13.72   1.5  25.10.2025  17:48:24
 15   3   8   4  $12    0.100    17.8239   1314.53   0.0      0.52   5.5  25.10.2025  17:48:27
 16   4  13   1  $12    0.100     7.1370    917.24   0.0     11.27   3.9  25.10.2025  17:48:29
 16   4  14   2  $12    0.100    17.6534   1338.68   0.0      1.56   1.1  25.10.2025  17:48:31
 16   4  15   3  $12    0.010     4.3021   1475.34   0.0     -9.31   1.0  25.10.2025  17:48:36
 16   4   9  13  $12    1.000   -13.4570    302.66   0.0     53.01   0.7  25.10.2025  17:48:42
 16   4  10  14  $12    0.100    -4.2925    674.27   0.0     20.05   0.9  25.10.2025  17:48:46
 16   4  11  15  $12    0.100   -19.5496   1441.80   0.0      1.31   1.9  25.10.2025  17:48:48
 16   4   9   5  $12    0.100     5.1324    378.52   0.0     -3.51  35.8  25.10.2025  17:48:50
 16   4  10   6  $12    0.100     4.9960    784.77   0.2     -2.83  15.8  25.10.2025  17:48:52
 16   4  11   7  $12    0.100     5.2348   1177.35   0.0     -1.96  12.4  25.10.2025  17:48:54
 16   4  12   8  $12    0.100     5.4270   1363.96   0.0     -3.05  34.6  25.10.2025  17:48:56
 16   4   5   1  $12    1.000     6.0530     59.20   0.0      8.73   5.2  25.10.2025  17:49:00
 16   4   6   2  $12    0.100     8.2489  18140.38   0.0     -5.37   6.4  25.10.2025  17:49:05
 16   4   7   3  $12    0.100    17.6314   1580.66   0.0     -1.46   1.9  25.10.2025  17:49:07
  1   4   2   3  $12    0.010     2.4550   1542.51   0.0      1.22  12.6  25.10.2025  17:49:12
  2   3   1   4  $12    0.010     2.4677   1550.50   0.0      0.18 154.2  25.10.2025  17:49:14
  1   2   3   4  $12    0.100   -12.5474   2365.13   0.0     -0.29  30.5  25.10.2025  17:49:17
  3   4   1   2  $12    0.100   -12.3316   2324.45   0.0     -4.88  10.6  25.10.2025  17:49:20
  5   8   6   7  $12    0.100    20.9355   1315.41   0.0     40.62   0.4  25.10.2025  17:49:22
  6   7   5   8  $12    0.100    20.6237   1295.82   0.0     38.07   0.2  25.10.2025  17:49:24
  5   6   7   8  $12    0.100    -5.0995    961.23   0.0      8.86   9.6  25.10.2025  17:49:26
  7   8   5   6  $12    0.100    -5.3047    999.91   0.1     -2.12  68.0  25.10.2025  17:49:28
  9  12  10  11  $12    0.100    18.1134   1138.10   0.0      4.48   1.7  25.10.2025  17:49:30
 10  11   9  12  $12    0.100    18.0604   1134.77   0.0      6.47   2.9  25.10.2025  17:49:32
  9  10  11  12  $12    0.100    -4.8189    908.34   0.0     -0.49 114.5  25.10.2025  17:49:34
 11  12   9  10  $12    0.100    -4.8633    916.72   0.2     -7.68  49.1  25.10.2025  17:49:36
 13  16  14  15  $12    0.010     3.6246   2277.40   0.1     33.03   0.5  25.10.2025  17:49:41
 14  15  13  16  $12    0.010     3.7773   2373.32   0.0     32.66   1.4  25.10.2025  17:49:43
 13  14  15  16  $12    1.000   -16.4664    310.38   0.0     -9.04   3.6  25.10.2025  17:49:48
  1   9  10   2  $12    0.010    -4.5771   1647.09   0.0      9.19   0.5  25.10.2025  17:49:56
  1   9  11   3  $12    0.010    -2.1772   1865.44   0.1      8.72  12.7  25.10.2025  17:49:58
  1   9  12   4  $12    0.100   -14.3951   2407.06   0.0      3.95   1.5  25.10.2025  17:50:01
  2  10   9   1  $12    0.010    -4.5888   1651.30   0.0      8.28   4.5  25.10.2025  17:50:06
  2  10  11   3  $12    0.010    -4.9543   1782.83   0.0      3.22   6.1  25.10.2025  17:50:08
  2  10  12   4  $12    0.010    -2.4449   2094.83   0.0      9.51  11.2  25.10.2025  17:50:10
  3  11   9   1  $12    0.010    -2.1730   1861.78   0.1      9.77  23.6  25.10.2025  17:50:12
  3  11  10   2  $12    0.010    -4.9336   1775.39   0.0      5.16   6.5  25.10.2025  17:50:14
  3  11  12   4  $12    0.010    -4.2122   1515.77   0.0      9.12   4.2  25.10.2025  17:50:16
 12   4   9   1  $12    0.100    14.4989   2424.42   0.0     -0.54  67.5  25.10.2025  17:50:20
 12   4  10   2  $12    0.010     2.4857   2129.76   0.0     -4.88   3.9  25.10.2025  17:50:25
 12   4  11   3  $12    0.010     4.2599   1532.94   0.0     -1.78  22.0  25.10.2025  17:50:27
 13   5  14   6  $12    0.010     5.1551   1855.11   0.0     60.45   3.8  25.10.2025  17:50:29
 13   5  15   7  $12    0.100    19.4231   1664.17   0.0      5.71   0.4  25.10.2025  17:50:33
 13   5  16   8  $12    0.100    13.1601   2200.54   0.0      5.62   7.3  25.10.2025  17:50:35
 14   6  13   5  $12    0.010     5.0516   1817.85   0.0     59.64   1.1  25.10.2025  17:50:40
 14   6  15   7  $12    0.010     3.3366   1200.70   0.0     10.87   2.4  25.10.2025  17:50:41
 14   6  16   8  $12    0.010     2.0079   1720.33   0.1      6.98   1.5  25.10.2025  17:50:44
 15   7  13   5  $12    0.100    19.5801   1677.62   0.0      6.32   1.1  25.10.2025  17:50:47
 15   7  14   6  $12    0.010     3.4352   1236.19   0.0     -4.99  57.0  25.10.2025  17:50:52
 15   7  16   8  $12    0.010     4.4597   1604.85   0.0     -6.35   6.5  25.10.2025  17:50:54
 16   8  13   5  $12    0.100    13.2737   2219.55   0.0      7.21   2.7  25.10.2025  17:50:58
 16   8  14   6  $12    0.100    20.2108   1731.66   0.0      6.33   2.4  25.10.2025  17:51:00
 16   8  15   7  $12    0.010     4.3623   1569.79   0.0     -5.10   1.4  25.10.2025  17:51:05
  1   2   5   6  $12    1.000    10.7897   2033.82   0.0   -134.08   0.3  25.10.2025  17:51:10
  2   3   6   7  $12    1.000     2.1456    404.43   0.0    545.78   0.7  25.10.2025  17:51:12
  3   4   7   8  $12   10.000    15.5803    293.68   0.0      0.84   9.0  25.10.2025  17:51:16
  1   2   9  10  $12   10.000    12.5232   1982.88   0.2     65.93   3.6  25.10.2025  17:51:18
  2   3  10  11  $12   10.000    10.7793   1706.75   0.0      5.89   8.3  25.10.2025  17:51:20
  3   4  11  12  $12   10.000     5.8216    921.78   0.0     -3.60  27.8  25.10.2025  17:51:22
  1   2  13  14  $12    1.000    10.5227  56727.61   0.0      0.22  52.8  25.10.2025  17:51:27
  2   3  14  15  $12    1.000     9.3216  50252.63   0.0     -2.66   9.0  25.10.2025  17:51:29
  3   4  15  16  $12   10.000    18.9390  10209.98   0.0     -7.79   0.3  25.10.2025  17:51:33
  5   6   9  10  $12    0.100     3.4021   6412.73   0.3   -612.67   0.2  25.10.2025  17:51:41
  6   7  10  11  $12    0.100     0.1097    206.76   0.7    106.53   9.0  25.10.2025  17:51:55
  7   8  11  12  $12    1.000     2.5639    483.28   0.0     -2.71  19.5  25.10.2025  17:51:59
  5   6  13  14  $12    0.100     0.1927   3051.88   1.6    -38.18   8.1  25.10.2025  17:52:04
  6   7  14  15  $12    0.100     0.0000      0.33 -1281.5   6472.41 103.0  25.10.2025  17:52:18
  7   8  15  16  $12   10.000     5.6628    896.62   0.0      3.64   0.7  25.10.2025  17:52:23
  9  10  13  14  $12    1.000     1.6284    306.94   0.0   -139.81   0.0  25.10.2025  17:52:28
 10  11  14  15  $12    1.000     5.3049    999.96   0.0      8.96   1.0  25.10.2025  17:52:30
 11  12  15  16  $12    1.000     2.5250    475.95   0.0     -8.51   2.4  25.10.2025  17:52:32
  1   2   6   7  $12    1.000     0.1911     72.06   8.1   8633.64  11.5  25.10.2025  17:52:36
  2   3   7   8  $12    1.000     2.2388    844.02   0.9     -1.57 1101.3  25.10.2025  17:52:38
  1   2   7   8  $12   10.000    14.8639    980.62   0.0      1.13   9.2  25.10.2025  17:52:42
  2   3   7   8  $12   10.000    22.3011    840.73   0.0      2.68   1.2  25.10.2025  17:52:44
  1   2  10  11  $12   10.000    18.2703   4132.64   0.0     -2.01  15.2  25.10.2025  17:52:46
  2   3  11  12  $12   10.000     9.2857   2100.39   0.0     -2.97  24.0  25.10.2025  17:52:48
  1   2  11  12  $12   10.000    15.5030   4821.70   0.0     -4.69   3.1  25.10.2025  17:52:50
  2   3  11  12  $12   10.000     9.2290   2087.54   0.0     -1.85   3.8  25.10.2025  17:52:52
  1   2  14  15  $12    1.000    16.2394 111422.53   0.0     -7.05   2.3  25.10.2025  17:52:57
  2   3  15  16  $12    1.000     2.8617  19635.03   0.0    -11.08   3.2  25.10.2025  17:52:59
  1   2  15  16  $12    1.000     5.1321  44015.67   0.0     -4.43   1.6  25.10.2025  17:53:01
  2   3  15  16  $12    1.000     2.8557  19593.69   0.0     -9.87   3.8  25.10.2025  17:53:03
  5   6  10  11  $12    0.100     0.3941   1485.63   0.0   -134.30   0.5  25.10.2025  17:53:08
  6   7  11  12  $12    0.100     0.2938   1107.54   1.7   -141.26  15.2  25.10.2025  17:53:14
  5   6  11  12  $12    0.100     0.2184   1441.13   0.4    -60.73   7.8  25.10.2025  17:53:19
  6   7  11  12  $12    0.100     0.2866   1080.36   1.0   -132.35   6.9  25.10.2025  17:53:24
  5   6  14  15  $12    0.100     0.4581  10361.28   0.9   -135.53   3.5  25.10.2025  17:53:30
  6   7  15  16  $12    0.100     0.3348   7573.64   1.2   -172.58   0.2  25.10.2025  17:53:35
  5   6  15  16  $12    0.100    -0.0834   2594.56   2.4   -145.76  10.4  25.10.2025  17:53:48
  6   7  15  16  $12    0.100     0.4798  10852.16   0.3   -156.60   0.8  25.10.2025  17:53:54
  9  10  14  15  $12    1.000     3.2488   1224.77   0.0     38.24   0.2  25.10.2025  17:53:57
 10  11  15  16  $12    1.000     2.6505    999.22   0.0      0.78  16.5  25.10.2025  17:53:59
  9  10  15  16  $12    1.000     2.7851   1837.42   0.0    -46.10   0.3  25.10.2025  17:54:01
 10  11  15  16  $12    1.000     2.6486    998.50   0.0     -0.61  52.2  25.10.2025  17:54:03
