//C:\Users\user\Desktop\GeoTom\GeoTomE724.ini
//- Cable direction:
//  cable I: normal
//  cable II: normal
//  cable III: normal
//  cable IV: normal
//- Cable arrangement: sequential
//- Optimization: Last measurement
//- Sorting: Multi-level
//- Current levels: 0.001 mA .. 50.0 mA
Type:         Flow
Name:         Hyprop
Comment:      Example of a measurements sequence
Comment:      
Comment:      
Spacing:      1.00000
First El:     0.00000
Nr of points: 289
IP present:   1

  1   5   2   6  $12    0.001    26.0518 111605.82   1.4   -127.58   5.9  27.10.2025  16:40:09
  1   5   3   7  $12    0.010     1.2646   2383.73   0.0    409.92   0.2  27.10.2025  16:40:16
  1   5   4   8  $12    0.010     1.5992   2110.13   0.0     -9.52   9.7  27.10.2025  16:40:22
  1   5  14   2  $12    0.010    -2.9322   2628.77   0.1    443.42   0.4  27.10.2025  16:40:23
  1   5  15   3  $12    0.010     0.5371  11812.14   0.4  -1666.74   0.2  27.10.2025  16:40:29
  1   5  16   4  $12    0.010    -0.1195    116.85   0.6    405.10   0.3  27.10.2025  16:40:41
  1   5  13   9  $12    0.001     8.9769 676842.73   0.0   -622.09   0.7  27.10.2025  16:40:46
  1   5  14  10  $12    0.010     1.3313  15292.12   0.0   -176.51   0.3  27.10.2025  16:40:53
  1   5  15  11  $12    0.010     0.3984   6571.70   1.0   -182.47   1.4  27.10.2025  16:40:58
  1   5  16  12  $12    0.010     0.2871   6511.62   1.4    110.48   7.9  27.10.2025  16:41:03
  1   5  10   6  $12    0.001    32.4158 286417.14   1.3   -158.90   3.7  27.10.2025  16:41:09
  1   5  11   7  $12    0.010     1.2149   2862.46   0.5   -145.48   1.3  27.10.2025  16:41:16
  1   5  12   8  $12    0.010     1.2397   5622.98   0.2    -89.09   3.4  27.10.2025  16:41:21
  2   6   1   5  $12    0.001    46.2592 198174.16   0.2   -539.44   0.0  27.10.2025  16:41:26
  2   6   3   7  $12    0.010     5.8112   2489.49   0.2   -123.79   0.9  27.10.2025  16:41:30
  2   6   4   8  $12    0.010     5.4133  10203.84   0.0   -150.41   0.3  27.10.2025  16:41:32
  2   6  13   1  $12    0.001   -42.3280 312172.70   0.4   -637.82   0.4  27.10.2025  16:41:37
  2   6  15   3  $12    0.010   -16.0426  14382.26   0.1   -267.49   0.0  27.10.2025  16:41:42
  2   6  16   4  $12    0.010    -3.8139  83871.75   0.0   -247.32   0.2  27.10.2025  16:41:44
  2   6  13   9  $12    0.001   -29.9088 1356566.51   0.1   -620.48   0.0  27.10.2025  16:41:49
  2   6  14  10  $12    0.010    -2.4337  18349.63   0.0   -272.56   0.1  27.10.2025  16:41:53
  2   6  15  11  $12    0.010    -6.4711  74330.02   0.0   -336.61   0.0  27.10.2025  16:41:55
  2   6  16  12  $12    0.010    -1.6373  27005.07   0.7   -394.98   1.0  27.10.2025  16:42:00
  2   6   9   5  $12    0.001    29.7824 392970.06   0.1   -447.02   0.1  27.10.2025  16:42:05
  2   6  11   7  $12    0.010    -1.0850    958.67   0.2   -579.09   0.2  27.10.2025  16:42:12
  2   6  12   8  $12    0.010     2.1153   4984.15   0.0      8.64  29.7  27.10.2025  16:42:14
  3   7   1   5  $12    0.100    11.2407   2118.81   0.1    591.61   0.3  27.10.2025  16:42:18
  3   7   2   6  $12    0.010     3.0986   1327.45   0.4   -569.71   1.1  27.10.2025  16:42:24
  3   7   4   8  $12    0.010     3.7238   1595.27   0.5     16.10  94.7  27.10.2025  16:42:26
  3   7  13   1  $12    0.100     3.2964    517.80   0.8  -2283.92   0.6  27.10.2025  16:42:31
  3   7  14   2  $12    0.010    -3.4991   2580.63   0.1     11.21   5.3  27.10.2025  16:42:35
  3   7  16   4  $12    0.100   -17.2458   1546.09   0.0      2.27   1.1  27.10.2025  16:42:39
  3   7  13   9  $12    0.100    13.9541   3287.87   0.0   -369.02   0.0  27.10.2025  16:42:41
  3   7  14  10  $12    0.100     5.8662   2660.72   0.0     -9.98  13.0  27.10.2025  16:42:43
  3   7  15  11  $12    0.100     6.3120   4759.16   0.0      0.92  91.9  27.10.2025  16:42:45
  3   7  16  12  $12    0.100     6.2129   7136.46   0.1      6.97  25.2  27.10.2025  16:42:47
  3   7   9   5  $12    0.100     0.9329    175.84   0.4   4964.46   0.7  27.10.2025  16:42:50
  3   7  10   6  $12    0.100    18.0548   2382.28   0.3   -356.93   3.2  27.10.2025  16:42:52
  3   7  12   8  $12    0.100    12.8015   1131.10   0.2      8.63  62.6  27.10.2025  16:42:54
  4   8   1   5  $12    0.100    16.8678   2225.66   0.0   -115.72   0.3  27.10.2025  16:42:56
  4   8   2   6  $12    0.100     6.7732   1276.72   0.6    432.83   0.8  27.10.2025  16:42:58
  4   8   3   7  $12    0.010     3.6828   1577.71   0.0      1.59  46.2  27.10.2025  16:43:03
  4   8  13   1  $12    0.100    -6.0780   1367.01   0.0   -370.46   0.5  27.10.2025  16:43:07
  4   8  14   2  $12    0.100    -9.4667   1487.02   0.1      4.38  76.9  27.10.2025  16:43:09
  4   8  15   3  $12    0.100   -17.6452   1301.35   0.0      2.99   0.8  27.10.2025  16:43:11
  4   8  13   9  $12    0.100     4.6421    410.17   0.1    280.61   2.4  27.10.2025  16:43:13
  4   8  14  10  $12    0.100     5.2001   1225.26   0.0     -6.97  17.1  27.10.2025  16:43:15
  4   8  15  11  $12    0.100     6.1945   2809.63   0.0      0.08 583.8  27.10.2025  16:43:17
  4   8  16  12  $12    0.100     6.4307   4848.61   0.0      1.65 130.7  27.10.2025  16:43:19
  4   8   9   5  $12    0.100     5.9407    254.50   0.1   -150.42   1.1  27.10.2025  16:43:22
  4   8  10   6  $12    1.000    -4.9237     92.81   2.1  -2565.71   2.0  27.10.2025  16:43:30
  4   8  11   7  $12    0.100    12.6023   1662.83   0.0      9.05   2.0  27.10.2025  16:43:35
  5   9   6  10  $12    0.001    27.7981 119086.59   0.0   -305.35   0.5  27.10.2025  16:43:44
  5   9   7  11  $12    0.010     2.1368   4027.79   0.2    -60.64   0.9  27.10.2025  16:43:48
  5   9   8  12  $12    0.010     1.4022   1850.11   0.5    -64.07   2.6  27.10.2025  16:43:53
  5   9   2   6  $12    0.001   -19.8353 261720.15   0.0   -342.91   0.7  27.10.2025  16:43:58
  5   9   3   7  $12    0.010    -0.1929    363.60   0.1   2354.19   0.2  27.10.2025  16:44:12
  5   9   4   8  $12    0.010    -0.3977    170.37   0.3    147.05  16.4  27.10.2025  16:44:17
  5   9   1  13  $12    0.001     8.2612 207625.94   0.4   -654.15   1.4  27.10.2025  16:44:22
  5   9   2  14  $12    0.010     2.1295   4789.51   0.0   -455.88   0.0  27.10.2025  16:44:26
  5   9   3  15  $12    0.010     1.1895   1868.44   0.2   -518.19   0.6  27.10.2025  16:44:31
  5   9   4  16  $12    0.010     0.5518    406.97   0.0   -127.05   0.9  27.10.2025  16:44:36
  5   9  14  10  $12    0.010     1.9835   1752.58   0.4     -2.66  50.4  27.10.2025  16:44:41
  5   9  15  11  $12    0.010     0.7767   1830.07   0.2     15.04  35.1  27.10.2025  16:44:47
  5   9  16  12  $12    0.010     0.4531   2055.03   0.9    -85.76   9.3  27.10.2025  16:44:52
  6  10   5   9  $12    0.001    27.3033 116967.02   0.1   -489.88   0.3  27.10.2025  16:44:58
  6  10   7  11  $12    0.010     2.1073    902.77   0.4   -175.72   2.1  27.10.2025  16:45:02
  6  10   8  12  $12    0.010     3.6137   6811.72   0.2   -251.05   1.1  27.10.2025  16:45:04
  6  10   1   5  $12    0.001   -36.3303 321004.27   0.0   -514.61   0.2  27.10.2025  16:45:09
  6  10   3   7  $12    0.010    -2.4487   3231.00   0.4   -158.91   3.5  27.10.2025  16:45:13
  6  10   4   8  $12    0.010    -1.9723   3717.65   0.1     78.36   1.5  27.10.2025  16:45:18
  6  10   1  13  $12    0.001   -34.2579 770493.24   0.0   -653.99   0.0  27.10.2025  16:45:24
  6  10   2  14  $12    0.010    -6.7566  16981.24   0.0   -376.73   0.6  27.10.2025  16:45:27
  6  10   3  15  $12    0.010    -9.0128  20270.68   0.3   -280.83   0.8  27.10.2025  16:45:29
  6  10   4  16  $12    0.010    -0.9242   1451.81   0.2   -298.22   1.3  27.10.2025  16:45:35
  6  10  13   9  $12    0.001    26.9658 355805.34   0.0   -641.24   0.4  27.10.2025  16:45:40
  6  10  15  11  $12    0.010     7.3989   6537.48   0.1   -289.85   0.1  27.10.2025  16:45:44
  6  10  16  12  $12    0.010     2.7359   6446.25   0.4   -443.59   0.6  27.10.2025  16:45:46
  7  11   5   9  $12    0.100    18.9868   3578.92   0.0    -56.19   1.3  27.10.2025  16:45:49
  7  11   6  10  $12    0.100    22.2890    954.86   0.4    277.95   0.8  27.10.2025  16:45:51
  7  11   8  12  $12    0.010     3.1293   1340.57   0.1      1.90  40.1  27.10.2025  16:45:56
  7  11   1   5  $12    0.100    -9.4763   2232.80   0.2   -122.01   7.5  27.10.2025  16:46:00
  7  11   2   6  $12    0.100    -0.3780     33.40   4.6  10469.68  11.5  27.10.2025  16:46:06
  7  11   4   8  $12    0.100   -12.7502   1682.35   0.2      8.21  40.0  27.10.2025  16:46:08
  7  11   1  13  $12    1.000    20.2547    318.16   0.1    611.23   1.1  27.10.2025  16:46:13
  7  11   2  14  $12    0.100     5.2180   1173.58   0.0     10.17   1.8  27.10.2025  16:46:18
  7  11   3  15  $12    0.100     4.9553   1245.41   0.0     -0.90  80.0  27.10.2025  16:46:20
  7  11   4  16  $12    0.100     5.6678   1274.74   0.0     -5.80   1.4  27.10.2025  16:46:22
  7  11  13   9  $12    0.100     8.2251   1550.40   0.1   -152.53   1.1  27.10.2025  16:46:24
  7  11  14  10  $12    0.100    13.0584   1723.02   0.2      7.39   4.0  27.10.2025  16:46:26
  7  11  16  12  $12    0.100    12.6031   1113.57   0.1      5.24  13.6  27.10.2025  16:46:28
  8  12   5   9  $12    0.100    14.5264   1916.71   0.5   -145.65   0.3  27.10.2025  16:46:30
  8  12   6  10  $12    0.100     3.6439    686.86   0.2   2991.82   1.5  27.10.2025  16:46:32
  8  12   7  11  $12    0.010     3.1172   1335.43   0.1     -1.05  71.1  27.10.2025  16:46:37
  8  12   1   5  $12    0.100    -9.9645   4519.59   0.0   -246.13   2.8  27.10.2025  16:46:41
  8  12   2   6  $12    0.100     6.9559   1638.94   0.1  -1666.02   0.8  27.10.2025  16:46:43
  8  12   3   7  $12    0.100   -12.7941   1130.45   0.1     11.81  22.2  27.10.2025  16:46:45
  8  12   1  13  $12    0.100    -1.2396     91.42   0.8  -2386.46   0.8  27.10.2025  16:46:47
  8  12   2  14  $12    0.100     4.7193    741.30   0.2     21.13  10.8  27.10.2025  16:46:49
  8  12   3  15  $12    0.100     4.9534   1114.06   0.0      2.62   9.0  27.10.2025  16:46:51
  8  12  16   4  $12    0.100    -5.9404   1493.00   0.1      2.04  82.3  27.10.2025  16:46:53
  8  12   9  13  $12    0.100    -5.6846    243.53   0.9   -519.92   1.3  27.10.2025  16:46:55
  8  12  10  14  $12    0.100    -5.7466   1083.22   0.2     -4.62  89.1  27.10.2025  16:46:57
  8  12  11  15  $12    0.100   -13.1003   1728.55   0.0      4.00   2.2  27.10.2025  16:46:59
  9  13  10  14  $12    0.010     6.0778   2603.74   0.1    321.42   0.1  27.10.2025  16:47:04
  9  13  11  15  $12    0.100    -1.5096    284.55   0.5  -3565.45   0.5  27.10.2025  16:47:08
  9  13  12  16  $12    0.100     5.1682    681.93   0.0    498.24   2.2  27.10.2025  16:47:10
  9  13   6  10  $12    0.001   -26.7630 353129.79   0.1   -495.84   0.1  27.10.2025  16:47:18
  9  13   7  11  $12    0.100    -9.5013   1790.96   0.0    -30.76   0.4  27.10.2025  16:47:24
  9  13   8  12  $12    0.100     0.3728     15.97   0.2  -4312.97   0.1  27.10.2025  16:47:29
  9  13   5   1  $12    0.001     7.7202 582089.88   0.3   -685.65   0.3  27.10.2025  16:47:37
  9  13   6   2  $12    0.001   -26.5954 1206281.50   0.4   -463.06   2.5  27.10.2025  16:47:39
  9  13   7   3  $12    0.100     7.6946   1813.00   0.0   -136.94   0.2  27.10.2025  16:47:45
  9  13   8   4  $12    0.100    10.9079    963.79   0.1   -127.35   0.0  27.10.2025  16:47:47
  9  13   2  14  $12    0.100    11.5934    855.02   0.0   1147.73   0.0  27.10.2025  16:47:49
  9  13   3  15  $12    0.100   -22.5080   3535.55   0.0   -346.07   0.0  27.10.2025  16:47:51
  9  13   4  16  $12    0.100    -3.6886    829.61   0.1   -538.10   0.1  27.10.2025  16:47:53
 10  14   9  13  $12    0.010     6.8572   2937.62   0.7    206.75   2.8  27.10.2025  16:47:57
 10  14  11  15  $12    0.010     5.9967   2568.97   0.6     33.98   8.1  27.10.2025  16:47:59
 10  14  12  16  $12    0.010     4.1536   7829.39   0.4    -22.07   6.4  27.10.2025  16:48:01
 10  14   5   9  $12    0.100   -18.1357   1602.42   0.0     54.06   2.2  27.10.2025  16:48:06
 10  14   7  11  $12    0.100   -12.9390   1707.26   0.0      8.20  18.5  27.10.2025  16:48:08
 10  14   8  12  $12    0.100    -5.8107   1095.30   0.0      1.97   6.2  27.10.2025  16:48:10
 10  14   5   1  $12    0.100    10.2760  11803.44   0.2   -172.55   0.2  27.10.2025  16:48:12
 10  14   6   2  $12    0.100    -3.8053   2869.16   0.8  -2424.63   1.4  27.10.2025  16:48:14
 10  14   7   3  $12    0.100     5.9078   2679.57   0.2    -11.20  42.9  27.10.2025  16:48:16
 10  14   8   4  $12    0.100     5.3112   1251.42   0.0     -3.16   5.6  27.10.2025  16:48:18
 10  14   1  13  $12    0.010     4.4407   3981.14   0.9    413.47   3.8  27.10.2025  16:48:23
 10  14   3  15  $12    0.010     4.0592   2993.70   0.2     37.19   8.2  27.10.2025  16:48:25
 10  14   4  16  $12    0.010     2.9191   4585.30   0.0    -21.75   2.5  27.10.2025  16:48:27
 11  15   9  13  $12    0.010     3.0250   5702.02   0.0   -167.55   8.2  27.10.2025  16:48:29
 11  15  10  14  $12    0.010     5.9603   2553.39   0.6     25.01  35.6  27.10.2025  16:48:31
 11  15  12  16  $12    0.010     8.6847   3720.53   0.1    -69.65   1.7  27.10.2025  16:48:33
 11  15   5   9  $12    0.100    -8.8567   2086.81   0.1    -79.14  13.0  27.10.2025  16:48:37
 11  15   6  10  $12    0.100    -2.6023    229.93   0.5    435.22   0.5  27.10.2025  16:48:40
 11  15   8  12  $12    0.100   -13.2604   1749.67   0.2      4.56  92.6  27.10.2025  16:48:42
 11  15   5   1  $12    0.100     3.8358   6326.47   0.2    135.74   1.0  27.10.2025  16:48:44
 11  15   6   2  $12    0.100    17.1744  19727.27   0.7   -136.98   2.9  27.10.2025  16:48:46
 11  15   7   3  $12    0.100     6.4215   4841.67   0.6      6.47  85.4  27.10.2025  16:48:48
 11  15   8   4  $12    0.100     6.3004   2857.65   0.0      2.92  11.4  27.10.2025  16:48:50
 11  15   1  13  $12    0.100     8.8787  19525.25   0.1     80.60   6.7  27.10.2025  16:48:52
 11  15   2  14  $12    0.010     3.8883   3485.90   0.2     81.82   0.4  27.10.2025  16:48:57
 11  15   4  16  $12    0.010     6.4874   4784.48   0.1    -66.86   0.1  27.10.2025  16:48:59
 12  16   9  13  $12    0.100    14.9890   1977.75   0.0     36.62   3.0  27.10.2025  16:49:03
 12  16  10  14  $12    0.010     3.8992   7349.87   0.0     66.73   1.9  27.10.2025  16:49:07
 12  16  11  15  $12    0.010     8.4519   3620.78   0.1    -18.70   3.1  27.10.2025  16:49:09
 12  16   5   9  $12    0.100    -4.2871   1944.47   0.1   -272.75   1.0  27.10.2025  16:49:13
 12  16   6  10  $12    0.100     1.8955    446.61   0.4  -2717.37   1.1  27.10.2025  16:49:16
 12  16   7  11  $12    0.100   -12.5601   1109.77   0.1      4.63   7.6  27.10.2025  16:49:18
 12  16   5   1  $12    0.100     3.8335   8693.86   0.9    277.11   4.0  27.10.2025  16:49:21
 12  16   6   2  $12    0.100    12.9385  21339.97   0.7   -458.91   1.1  27.10.2025  16:49:23
 12  16   7   3  $12    0.100     6.3084   7246.14   0.3      2.80  39.3  27.10.2025  16:49:25
 12  16   8   4  $12    0.100     6.4977   4899.13   0.0     -4.47   0.5  27.10.2025  16:49:27
 12  16  13   1  $12    0.100    -6.5704    642.61   0.3    102.42   3.6  27.10.2025  16:49:29
 12  16  14   2  $12    0.010    -2.8305  62247.00   0.0    103.22   0.9  27.10.2025  16:49:34
 12  16  15   3  $12    0.010    -6.5358   5859.33   0.0    -19.88   7.5  27.10.2025  16:49:36
 13   1  14   2  $12    0.010     6.9230   2374.14   0.1    494.75   0.0  27.10.2025  16:49:38
 13   1  15   3  $12    0.100   -14.6476   1110.75   0.3   -422.08  12.0  27.10.2025  16:49:42
 13   1  16   4  $12    0.100     6.3887    821.08   0.1    164.94   0.2  27.10.2025  16:49:53
 13   1  10  14  $12    0.010    -3.3248   2980.71   0.0    621.23   0.1  27.10.2025  16:49:58
 13   1  11  15  $12    0.100     7.2401  15921.74   0.4   -647.04   1.9  27.10.2025  16:50:11
 13   1  12  16  $12    0.100    -0.5459     53.39   0.9   2603.13   3.6  27.10.2025  16:50:16
 13   1   9   5  $12    0.001     9.2644 232839.01   0.0   -677.49   0.1  27.10.2025  16:50:25
 13   1  10   6  $12    0.001   -26.3893 593521.04   0.6   -431.36   1.2  27.10.2025  16:50:27
 13   1  11   7  $12    0.010    -0.0334     52.39   1.1  -4557.22   1.0  27.10.2025  16:50:41
 13   1  12   8  $12    0.010     0.1419    104.68   2.5    610.76   3.0  27.10.2025  16:50:53
 13   1   6   2  $12    0.001    40.2834 297093.24   0.0   -375.68   0.3  27.10.2025  16:50:58
 13   1   7   3  $12    0.010    -0.3302    518.66   0.4  -1953.81   0.9  27.10.2025  16:51:05
 13   1   8   4  $12    0.010     0.1801    404.96   1.2   -477.62   1.2  27.10.2025  16:51:17
 14   2  13   1  $12    0.010     7.0815   2428.50   0.6    534.67   2.3  27.10.2025  16:51:19
 14   2  15   3  $12    0.010     7.3436   2518.39   0.0     84.53   0.3  27.10.2025  16:51:21
 14   2  16   4  $12    0.010     4.0341   3059.14   0.0     60.92   0.1  27.10.2025  16:51:23
 14   2   9  13  $12    0.010    -2.3011   1697.05   0.7   1519.16   0.4  27.10.2025  16:51:25
 14   2  11  15  $12    0.010    -3.5344   3168.57   0.7    186.98   3.5  27.10.2025  16:51:27
 14   2  12  16  $12    0.010    -2.5922  57006.10   0.4    102.37   3.7  27.10.2025  16:51:29
 14   2   9   5  $12    0.010     2.1822   4907.92   0.1   -569.62   0.2  27.10.2025  16:51:31
 14   2  10   6  $12    0.010    -6.2086  15603.89   0.0   -860.35   0.9  27.10.2025  16:51:33
 14   2  11   7  $12    0.100     4.9073   1103.71   0.0     16.10   0.5  27.10.2025  16:51:37
 14   2  12   8  $12    0.100     4.4118    693.00   0.0     24.89   7.5  27.10.2025  16:51:39
 14   2   5   1  $12    0.010     2.7979   2508.34   0.2    738.57   1.2  27.10.2025  16:51:44
 14   2   7   3  $12    0.010     3.2828   2421.07   0.1     -1.35 197.5  27.10.2025  16:51:46
 14   2   8   4  $12    0.100     9.3222   1464.32   0.0      1.68   8.2  27.10.2025  16:51:50
 15   3  13   1  $12    0.100     3.6319    275.41   0.6   3901.61   0.8  27.10.2025  16:51:52
 15   3  14   2  $12    0.010     6.8863   2361.58   0.0     98.99   0.4  27.10.2025  16:51:57
 15   3  16   4  $12    0.010     8.0042   2744.92   0.0      8.71   4.2  27.10.2025  16:51:59
 15   3   9  13  $12    0.100     3.5668    560.28   0.8  -2934.69   0.4  27.10.2025  16:52:03
 15   3  10  14  $12    0.100   -20.9980   1548.62   0.1    200.13   0.5  27.10.2025  16:52:05
 15   3  12  16  $12    0.010    -5.6145   5033.40   0.0     25.71   2.7  27.10.2025  16:52:10
 15   3   9   5  $12    0.100    11.1615   1753.25   0.5   -647.75   0.5  27.10.2025  16:52:14
 15   3  10   6  $12    0.010    -3.9828   8957.61   0.7   -917.79   0.1  27.10.2025  16:52:19
 15   3  11   7  $12    0.100     4.7596   1196.21   0.0      2.71   3.6  27.10.2025  16:52:23
 15   3  12   8  $12    0.100     4.7215   1061.92   0.1      6.63  41.6  27.10.2025  16:52:25
 15   3   5   1  $12    0.100    -4.2275   9296.79   0.9  -2674.25   0.4  27.10.2025  16:52:27
 15   3   6   2  $12    0.010     8.4029   7533.25   0.8   -514.82   2.0  27.10.2025  16:52:32
 15   3   8   4  $12    0.100    17.3325   1278.29   0.0     -0.19  43.1  27.10.2025  16:52:36
 16   4  13   1  $12    0.100    11.0214   1416.46   0.3    146.94   1.9  27.10.2025  16:52:38
 16   4  14   2  $12    0.010     4.0831   3096.29   0.1     70.86   0.8  27.10.2025  16:52:43
 16   4  15   3  $12    0.010     8.2799   2839.49   0.0     -1.29  27.1  27.10.2025  16:52:45
 16   4   9  13  $12    0.100    -4.5788   1029.82   0.4    429.46   0.2  27.10.2025  16:52:53
 16   4  10  14  $12    0.010    -2.5945   4075.47   0.1    129.67   0.9  27.10.2025  16:52:58
 16   4  11  15  $12    0.010    -6.0303   4447.38   0.0     16.49   3.8  27.10.2025  16:53:00
 16   4   9   5  $12    0.100     4.2649    314.54   0.1     70.09   1.9  27.10.2025  16:53:04
 16   4  10   6  $12    0.100     6.3856   1003.04   0.1    123.59   3.5  27.10.2025  16:53:06
 16   4  11   7  $12    0.100     5.6658   1274.29   0.1     -1.66 121.3  27.10.2025  16:53:08
 16   4  12   8  $12    0.100     5.9468   1494.60   0.1      2.08 102.0  27.10.2025  16:53:10
 16   4   5   1  $12    1.000    12.2680    119.99   0.6    -65.96   2.9  27.10.2025  16:53:14
 16   4   6   2  $12    0.100     9.1989  20229.36   0.4   -147.21   5.0  27.10.2025  16:53:19
 16   4   7   3  $12    0.100    17.2601   1547.37   0.2     -0.97 119.0  27.10.2025  16:53:21
  1   4   2   3  $12    0.100    14.8018    930.03   0.5     -7.97  48.3  27.10.2025  16:53:23
  2   3   1   4  $12    0.010     4.4554   2799.44   0.0     53.91   8.2  27.10.2025  16:53:28
  1   2   3   4  $12    0.010    -2.5774   4858.37   0.2   -146.52   5.0  27.10.2025  16:53:30
  3   4   1   2  $12    0.010    -2.7690   5219.39   0.8   -145.73  12.9  27.10.2025  16:53:33
  5   8   6   7  $12    0.001     2.2417  14085.17   0.8   1200.17  12.3  27.10.2025  16:53:38
  6   7   5   8  $12    0.001    -1.1270   7080.84   0.7  -5410.22   0.5  27.10.2025  16:53:40
  5   6   7   8  $12    0.010     0.4812    907.03   0.7  -1099.16   1.0  27.10.2025  16:53:47
  7   8   5   6  $12    0.100    -5.1683    974.20   0.5   -367.45   2.7  27.10.2025  16:53:55
  9  12  10  11  $12    0.010     2.1691   1362.91   0.0    -13.71   4.5  27.10.2025  16:54:00
 10  11   9  12  $12    0.100    19.9330   1252.43   0.2     27.35   5.8  27.10.2025  16:54:04
  9  10  11  12  $12    0.100     1.7326    326.58   0.2   -923.20   0.1  27.10.2025  16:54:18
 11  12   9  10  $12    0.100    -4.6269    872.16   0.5   -133.91   3.1  27.10.2025  16:54:20
 13  16  14  15  $12    0.010     8.7246   5481.85   0.2    106.73   0.2  27.10.2025  16:54:25
 14  15  13  16  $12    0.010     9.2409   5806.23   0.1    132.33   0.1  27.10.2025  16:54:27
 13  14  15  16  $12    0.100    -6.4007   1206.50   0.0    185.72   0.2  27.10.2025  16:54:31
  1   9  10   2  $12    0.010    -7.1697   2580.07   0.0    -56.38   0.2  27.10.2025  16:54:37
  1   9  11   3  $12    0.010    -2.1798   1867.64   0.1    -58.21   4.0  27.10.2025  16:54:39
  1   9  12   4  $12    0.010    -1.2948   2165.12   0.4    -11.75  96.6  27.10.2025  16:54:44
  2  10   9   1  $12    0.010    -7.3907   2659.59   0.2     -1.90  97.0  27.10.2025  16:54:46
  2  10  11   3  $12    0.010    -5.6535   2034.43   0.5     10.81  33.2  27.10.2025  16:54:48
  2  10  12   4  $12    0.010    -2.4697   2116.04   0.2     15.44  18.2  27.10.2025  16:54:50
  3  11   9   1  $12    0.010    -2.2454   1923.83   0.5    -41.53   7.3  27.10.2025  16:54:52
  3  11  10   2  $12    0.010    -5.7243   2059.93   0.6      3.12 234.2  27.10.2025  16:54:54
  3  11  12   4  $12    0.010    -4.1811   1504.58   0.1      4.70  11.6  27.10.2025  16:54:56
 12   4   9   1  $12    0.100    13.6239   2278.11   0.0    -19.78   5.7  27.10.2025  16:55:00
 12   4  10   2  $12    0.010     2.5319   2169.36   0.0     -0.68  62.2  27.10.2025  16:55:05
 12   4  11   3  $12    0.010     4.2069   1513.88   0.1     -1.71  48.9  27.10.2025  16:55:07
 13   5  14   6  $12    0.001     1.6812   6049.81   4.9   1626.97  11.7  27.10.2025  16:55:16
 13   5  15   7  $12    0.010     2.3424   2006.94   0.0    130.50   0.2  27.10.2025  16:55:21
 13   5  16   8  $12    0.100    18.2383   3049.69   0.0     77.84   0.1  27.10.2025  16:55:24
 14   6  13   5  $12    0.001     1.7125   6162.57   0.3   2580.94   0.3  27.10.2025  16:55:32
 14   6  15   7  $12    0.010    -1.9364    696.84   0.0  -1354.64   0.0  27.10.2025  16:55:40
 14   6  16   8  $12    0.010     3.7910   3248.14   0.1   -108.36  15.2  27.10.2025  16:55:42
 15   7  13   5  $12    0.010     2.7228   2332.90   0.6     59.81  11.7  27.10.2025  16:55:44
 15   7  14   6  $12    0.010     4.6692   1680.23   0.7   -142.50   1.9  27.10.2025  16:55:46
 15   7  16   8  $12    0.010     8.8106   3170.53   0.4    -39.18  12.6  27.10.2025  16:55:48
 16   8  13   5  $12    0.100    18.3589   3069.86   0.0    131.92   0.1  27.10.2025  16:55:52
 16   8  14   6  $12    0.010     2.4418   2092.13   0.4    410.76   2.5  27.10.2025  16:55:57
 16   8  15   7  $12    0.010     8.7133   3135.51   0.3      9.27  17.1  27.10.2025  16:55:59
  1   2   5   6  $12    0.001    13.4430 2533954.03   0.4   -470.78   0.7  27.10.2025  16:56:04
  2   3   6   7  $12    0.100   -17.3651  32732.51   0.5   -433.92   1.0  27.10.2025  16:56:14
  3   4   7   8  $12   10.000    14.8790    280.46   0.8   -130.49   1.1  27.10.2025  16:56:19
  1   2   9  10  $12    0.001    -7.3048 11566125.99   0.7   -739.64   0.9  27.10.2025  16:56:33
  2   3  10  11  $12    1.000     0.8507   1347.00   0.1     58.37   3.6  27.10.2025  16:56:44
  3   4  11  12  $12   10.000    16.8818   2673.01   0.8   -379.16  15.9  27.10.2025  16:56:47
  1   2  13  14  $12    0.100     4.0611 218931.22   0.4   -189.83   7.0  27.10.2025  16:56:56
  2   3  14  15  $12    1.000     8.6383  46568.81   0.0    -13.50   3.2  27.10.2025  16:57:00
  3   4  15  16  $12   10.000    22.2603  12000.45   0.8    -56.82  24.6  27.10.2025  16:57:04
  5   6   9  10  $12    0.001    26.0734 4914719.23   0.0   -647.48   0.0  27.10.2025  16:57:19
  6   7  10  11  $12    0.010     2.3718  44707.13   0.0   -427.02   0.1  27.10.2025  16:57:23
  7   8  11  12  $12    1.000     2.4697    465.52   0.0     -2.48   6.8  27.10.2025  16:57:28
  5   6  13  14  $12    0.010    -1.5944 252454.38   0.2   -138.85   0.1  27.10.2025  16:57:37
  6   7  14  15  $12    0.010    -1.2712 201277.27   0.4   -491.29   0.4  27.10.2025  16:57:42
  7   8  15  16  $12   10.000     4.5115    714.34   0.3     -7.38 136.4  27.10.2025  16:57:49
  9  10  13  14  $12    0.100     6.2599  11799.64   0.3     11.01  48.2  27.10.2025  16:57:58
 10  11  14  15  $12    1.000     6.3160   1190.54   0.0    -24.54   0.0  27.10.2025  16:58:02
 11  12  15  16  $12    1.000     2.4342    458.83   0.0    -40.16   1.4  27.10.2025  16:58:04
  1   2   6   7  $12    0.001   -18.9175 7131738.15   0.8   -499.61   2.7  27.10.2025  16:58:15
  2   3   7   8  $12    1.000     2.3769    896.07   0.2      0.81 106.4  27.10.2025  16:58:22
  1   2   7   8  $12    0.100    -2.9036  19155.86   9.0   -387.06   1.9  27.10.2025  16:58:32
  2   3   7   8  $12    1.000     2.4605    927.57   0.0    -12.14   1.5  27.10.2025  16:58:35
  1   2  10  11  $12    0.010     0.0361   8167.86   3.6   -423.21   2.2  27.10.2025  16:58:44
  2   3  11  12  $12    1.000     0.7882   1782.80   0.0    -77.49   1.7  27.10.2025  16:58:53
  1   2  11  12  $12    0.010    -0.0062   1929.38  55.3  27645.75  73.8  27.10.2025  16:59:06
  2   3  11  12  $12    1.000     0.8830   1997.19   0.1    -92.17   0.5  27.10.2025  16:59:14
  1   2  14  15  $12    0.100     0.1132   7769.23 384.7  -1995.90  37.4  27.10.2025  16:59:20
  2   3  15  16  $12    1.000     2.4455  16779.12   0.2    -80.91   0.2  27.10.2025  16:59:24
  1   2  15  16  $12    0.010     1.1238 963802.35   0.9   -380.62   0.2  27.10.2025  16:59:33
  2   3  15  16  $12    1.000     2.5710  17640.31   0.5    -89.15   1.0  27.10.2025  16:59:39
  5   6  10  11  $12    0.010    -0.9128  34410.80   0.2   -425.70   0.1  27.10.2025  16:59:47
  6   7  11  12  $12    0.010     2.4392  91957.54   0.1   -328.64   1.9  27.10.2025  16:59:49
  5   6  11  12  $12    0.010    -1.4512  95743.11   0.2   -369.54   0.7  27.10.2025  16:59:55
  6   7  11  12  $12    0.010     2.3850  89911.62   0.0   -139.30  10.9  27.10.2025  16:59:56
  5   6  14  15  $12    0.010     2.0563 465119.95   0.5   -332.93   2.6  27.10.2025  16:59:58
  6   7  15  16  $12    0.010     6.9138 1563869.94   0.0   -238.12   0.0  27.10.2025  17:00:00
  5   6  15  16  $12    0.010    -5.1387 1598222.46   0.0   -281.76   0.0  27.10.2025  17:00:02
  6   7  15  16  $12    0.010     6.9104 1563097.24   0.0   -235.94   0.1  27.10.2025  17:00:04
  9  10  14  15  $12    0.100    -4.1178  15523.71   0.1   -114.95   3.5  27.10.2025  17:00:08
 10  11  15  16  $12    1.000     3.0750   1159.23   0.0    -32.78   0.2  27.10.2025  17:00:12
  9  10  15  16  $12    0.100    17.2914 114077.15   0.0   -196.51   0.7  27.10.2025  17:00:17
 10  11  15  16  $12    1.000     3.0738   1158.79   0.0    -31.48   0.5  27.10.2025  17:00:21
