//C:\Users\user\Desktop\GeoTom\GeoTomE724.ini
//- Cable direction:
//  cable I: normal
//  cable II: normal
//  cable III: normal
//  cable IV: normal
//- Cable arrangement: sequential
//- Optimization: Last measurement
//- Sorting: Multi-level
//- Current levels: 0.001 mA .. 50.0 mA
Type:         Flow
Name:         Hyprop
Comment:      Example of a measurements sequence
Comment:      
Comment:      
Spacing:      1.00000
First El:     0.00000
Nr of points: 289
IP present:   1

  1   5   2   6  $12    0.001     9.0472  38758.24   0.3    172.78   4.8  28.10.2025  15:40:08
  1   5   3   7  $12    0.010     2.0718   3905.21   0.0      6.69  10.1  28.10.2025  15:40:12
  1   5   4   8  $12    0.100    16.8668   2225.53   0.0    112.82   0.0  28.10.2025  15:40:16
  1   5  14   2  $12    0.010   -14.1449  12680.97   0.0     -4.17   7.2  28.10.2025  15:40:21
  1   5  15   3  $12    0.100    -4.2588   9365.49   0.1   -180.84   0.4  28.10.2025  15:40:25
  1   5  16   4  $12    0.100     0.9206     90.04   0.1   -180.95   1.0  28.10.2025  15:40:30
  1   5  13   9  $12    0.010    -0.0865    652.37  98.8    278.63 -1001.8  28.10.2025  15:40:35
  1   5  14  10  $12    0.100     8.3859   9632.41   0.0     31.43   0.2  28.10.2025  15:40:39
  1   5  15  11  $12    0.100     5.5308   9122.22   0.0     34.84   1.7  28.10.2025  15:40:41
  1   5  16  12  $12    0.100     5.4954  12462.71   0.1     25.64   1.7  28.10.2025  15:40:43
  1   5  10   6  $12    0.001     9.9675  88069.82   0.5    106.83   9.7  28.10.2025  15:40:51
  1   5  11   7  $12    0.100     9.0519   2132.80   0.0    115.25   0.0  28.10.2025  15:40:56
  1   5  12   8  $12    0.100    11.7311   5320.85   0.0    129.67   0.0  28.10.2025  15:40:58
  2   6   1   5  $12    0.001    12.9379  55425.67   0.1    -18.82   3.9  28.10.2025  15:41:07
  2   6   3   7  $12    0.010     8.3921   3595.16   0.2    -24.21   8.6  28.10.2025  15:41:10
  2   6   4   8  $12    0.010     9.1464  17240.48   0.3   -425.14   0.8  28.10.2025  15:41:12
  2   6  13   1  $12    0.001   -11.2994  83334.22   0.0   -285.56   0.1  28.10.2025  15:41:17
  2   6  15   3  $12    0.001    -1.4956  13408.24   0.1   -433.32   2.4  28.10.2025  15:41:21
  2   6  16   4  $12    0.010    -4.3331  95290.53   0.0   -344.33   0.1  28.10.2025  15:41:25
  2   6  13   9  $12    0.001   -51.1836 2321522.03   0.1   -300.67   0.0  28.10.2025  15:41:31
  2   6  14  10  $12    0.010    -2.6535  20007.14   0.5   -490.24   0.2  28.10.2025  15:41:34
  2   6  15  11  $12    0.010   -10.0189 115081.27   0.0   -398.65   0.0  28.10.2025  15:41:36
  2   6  16  12  $12    0.010    -3.2848  54177.27   0.3   -730.52   0.1  28.10.2025  15:41:39
  2   6   9   5  $12    0.001    50.6406 668186.46   0.0   -235.05   0.1  28.10.2025  15:41:44
  2   6  11   7  $12    0.010    -1.8379   1623.88   0.3   -352.62   0.3  28.10.2025  15:41:58
  2   6  12   8  $12    0.010     4.4417  10465.41   0.4   -257.39   0.0  28.10.2025  15:42:00
  3   7   1   5  $12    0.010     2.3943   4513.14   0.1     29.53   3.4  28.10.2025  15:42:02
  3   7   2   6  $12    0.010     9.8203   4207.01   0.9    -86.98  10.0  28.10.2025  15:42:04
  3   7   4   8  $12    0.010     3.7611   1611.24   0.3     25.94  11.5  28.10.2025  15:42:06
  3   7  13   1  $12    0.100    -6.4604   1014.79   0.1    257.57   1.5  28.10.2025  15:42:10
  3   7  14   2  $12    0.010    -5.1154   3772.66   0.0      9.47   6.3  28.10.2025  15:42:15
  3   7  16   4  $12    0.100   -17.5874   1576.72   0.0     10.19   0.3  28.10.2025  15:42:19
  3   7  13   9  $12    0.010     3.3657   7930.14   0.0   -373.44   0.4  28.10.2025  15:42:23
  3   7  14  10  $12    0.100     6.5179   2956.30   0.0     13.05   0.7  28.10.2025  15:42:27
  3   7  15  11  $12    0.100     6.6891   5043.46   0.0     -5.29  11.8  28.10.2025  15:42:29
  3   7  16  12  $12    0.100     6.5845   7563.28   0.0      0.46 271.2  28.10.2025  15:42:31
  3   7   9   5  $12    0.100   -15.9524   3006.96   0.0   -658.37   0.1  28.10.2025  15:42:33
  3   7  10   6  $12    0.010     5.3382   7043.58   0.1   -202.61   1.9  28.10.2025  15:42:38
  3   7  12   8  $12    0.100    13.0322   1151.49   0.0      8.78   2.9  28.10.2025  15:42:42
  4   8   1   5  $12    0.100    15.3066   2019.66   0.0     55.29   0.3  28.10.2025  15:42:44
  4   8   2   6  $12    0.100    11.9338   2249.47   0.1    230.92   0.9  28.10.2025  15:42:47
  4   8   3   7  $12    0.010     3.7755   1617.41   0.0      4.58   1.8  28.10.2025  15:42:52
  4   8  13   1  $12    0.100    -2.3422    526.79   0.3    126.89   2.2  28.10.2025  15:42:55
  4   8  14   2  $12    0.100   -12.1317   1905.64   0.0     18.93   4.2  28.10.2025  15:42:58
  4   8  15   3  $12    0.100   -17.9188   1321.53   0.0     -0.60  17.4  28.10.2025  15:43:00
  4   8  13   9  $12    0.100     1.9376    171.20   0.1   1214.71   0.6  28.10.2025  15:43:02
  4   8  14  10  $12    0.100     5.3386   1257.88   0.1     19.36   3.1  28.10.2025  15:43:04
  4   8  15  11  $12    0.100     6.2607   2839.64   0.0     12.71   1.2  28.10.2025  15:43:06
  4   8  16  12  $12    0.100     6.7367   5079.32   0.0     12.16   8.6  28.10.2025  15:43:08
  4   8   9   5  $12    0.100    11.2179    480.57   0.0   -177.95   0.2  28.10.2025  15:43:10
  4   8  10   6  $12    1.000    -0.1839      3.47  23.7 -81607.28  28.0  28.10.2025  15:43:16
  4   8  11   7  $12    0.100    12.9496   1708.66   0.0      4.48   6.0  28.10.2025  15:43:21
  5   9   6  10  $12    0.001    35.5532 152309.46   0.5    127.10   6.3  28.10.2025  15:43:30
  5   9   7  11  $12    0.010     2.5611   4827.59   0.0    -82.93   0.3  28.10.2025  15:43:35
  5   9   8  12  $12    0.010     1.7255   2276.73   0.0    -28.26   1.2  28.10.2025  15:43:40
  5   9   2   6  $12    0.001   -25.4552 335873.45   0.5    281.67   3.3  28.10.2025  15:43:45
  5   9   3   7  $12    0.010     1.1955   2253.45   0.1   -929.81   0.4  28.10.2025  15:43:52
  5   9   4   8  $12    0.010    -0.4617    197.81   0.1    421.60   0.0  28.10.2025  15:43:58
  5   9   1  13  $12    0.010    19.4044  48768.55   0.0   -211.53   0.6  28.10.2025  15:43:59
  5   9   2  14  $12    0.010     9.3354  20996.12   0.1   -413.06   0.3  28.10.2025  15:44:02
  5   9   3  15  $12    0.010     3.3855   5317.94   0.0   -516.83   0.0  28.10.2025  15:44:04
  5   9   4  16  $12    0.010     0.7440    548.70   0.5   -410.14   0.7  28.10.2025  15:44:09
  5   9  14  10  $12    0.010     2.2040   1947.41   0.1     -9.86   9.8  28.10.2025  15:44:11
  5   9  15  11  $12    0.010     0.2461    579.94   1.1   2008.59   1.9  28.10.2025  15:44:16
  5   9  16  12  $12    0.010     0.4770   2163.63   0.5    159.91   8.8  28.10.2025  15:44:22
  6  10   5   9  $12    0.001    47.3993 203057.94   0.2   -330.90   0.3  28.10.2025  15:44:27
  6  10   7  11  $12    0.010     0.4198    179.86   0.5    317.73   1.7  28.10.2025  15:44:34
  6  10   8  12  $12    0.010     3.3549   6323.89   0.0   -260.57   0.3  28.10.2025  15:44:36
  6  10   1   5  $12    0.001    -7.9319  70084.39   0.0    308.00   0.5  28.10.2025  15:44:41
  6  10   3   7  $12    0.010    -3.1228   4120.49   0.5    152.18   4.0  28.10.2025  15:44:45
  6  10   4   8  $12    0.010    -3.4557   6513.80   0.0   -168.30   0.2  28.10.2025  15:44:47
  6  10   1  13  $12    0.001    -5.9822 134544.34   0.0   -124.63   4.5  28.10.2025  15:44:52
  6  10   2  14  $12    0.001    -2.8712  72161.27   0.3   -469.67   1.5  28.10.2025  15:44:54
  6  10   3  15  $12    0.010   -18.0446  40584.04   0.1   -198.59   0.1  28.10.2025  15:44:58
  6  10   4  16  $12    0.010    -4.1308   6488.62   0.1   -334.58   0.3  28.10.2025  15:45:00
  6  10  13   9  $12    0.001    44.0543 581282.16   0.1   -336.52   0.1  28.10.2025  15:45:05
  6  10  15  11  $12    0.010    11.5735  10226.06   0.1   -315.40   0.0  28.10.2025  15:45:09
  6  10  16  12  $12    0.010     4.5493  10718.98   0.0   -422.21   0.2  28.10.2025  15:45:11
  7  11   5   9  $12    0.010     2.2827   4302.72   0.4   -115.97   1.2  28.10.2025  15:45:13
  7  11   6  10  $12    0.010     2.0815    891.73   0.8    363.99   6.1  28.10.2025  15:45:15
  7  11   8  12  $12    0.010     3.0140   1291.21   0.1     16.23  71.8  28.10.2025  15:45:17
  7  11   1   5  $12    0.100    -7.9878   1882.09   0.1      1.21  31.9  28.10.2025  15:45:21
  7  11   2   6  $12    0.100    -0.9936     87.79   3.4   4304.88   6.4  28.10.2025  15:45:27
  7  11   4   8  $12    0.100   -12.8044   1689.50   0.1     18.21   1.8  28.10.2025  15:45:29
  7  11   1  13  $12    0.100     3.8425    603.58   0.1    106.43   4.5  28.10.2025  15:45:31
  7  11   2  14  $12    0.100     4.5482   1022.93   0.1     14.99  13.6  28.10.2025  15:45:34
  7  11   3  15  $12    0.100     5.0942   1280.30   0.0      0.68  69.9  28.10.2025  15:45:36
  7  11   4  16  $12    0.100     5.9790   1344.73   0.0     -4.30   4.6  28.10.2025  15:45:38
  7  11  13   9  $12    0.100     9.1910   1732.47   0.2   -309.78   0.5  28.10.2025  15:45:40
  7  11  14  10  $12    0.100    12.4321   1640.38   0.1     -5.93  20.2  28.10.2025  15:45:42
  7  11  16  12  $12    0.100    11.8704   1048.84   0.0      3.83  10.9  28.10.2025  15:45:44
  8  12   5   9  $12    0.100    20.4026   2692.05   0.2   -160.46   2.4  28.10.2025  15:45:46
  8  12   6  10  $12    0.100     4.1279    778.09   0.2   1895.54   0.2  28.10.2025  15:45:48
  8  12   7  11  $12    0.010     3.1166   1335.15   0.0      1.26  43.4  28.10.2025  15:45:53
  8  12   1   5  $12    0.100    -8.2923   3761.12   0.0     86.11   0.4  28.10.2025  15:45:57
  8  12   2   6  $12    0.100     5.5845   1315.82   0.2  -1397.59   0.1  28.10.2025  15:45:59
  8  12   3   7  $12    0.100   -13.2852   1173.85   0.1      8.37   2.4  28.10.2025  15:46:01
  8  12   1  13  $12    0.100     2.8365    209.19   0.1     10.59  22.2  28.10.2025  15:46:03
  8  12   2  14  $12    0.100     4.3220    678.89   0.2     53.04   4.3  28.10.2025  15:46:05
  8  12   3  15  $12    0.100     5.0357   1132.58   0.0     14.32   1.9  28.10.2025  15:46:07
  8  12  16   4  $12    0.100    -6.2725   1576.46   0.0     17.88   1.9  28.10.2025  15:46:09
  8  12   9  13  $12    0.100    -8.8927    380.96   0.4   -490.21   1.4  28.10.2025  15:46:11
  8  12  10  14  $12    0.100    -5.4076   1019.31   0.2    -23.09   9.9  28.10.2025  15:46:13
  8  12  11  15  $12    0.100   -12.6909   1674.52   0.0     -0.02 978.9  28.10.2025  15:46:15
  9  13  10  14  $12    0.010     8.2746   3544.85   0.2    463.39   0.0  28.10.2025  15:46:21
  9  13  11  15  $12    0.010     1.1449   2158.17   0.0   1380.78   0.0  28.10.2025  15:46:26
  9  13  12  16  $12    0.010     2.0475   2701.56   0.1    534.90   0.4  28.10.2025  15:46:28
  9  13   6  10  $12    0.001   -31.9554 421642.19   0.8    104.29   0.4  28.10.2025  15:46:33
  9  13   7  11  $12    0.010    -1.0407   1961.75   0.1   -118.93   3.4  28.10.2025  15:46:40
  9  13   8  12  $12    0.010    -0.4559    195.31   0.5   -133.89   2.6  28.10.2025  15:46:46
  9  13   5   1  $12    0.010    -9.0245  68042.89   0.1  -1059.47   0.2  28.10.2025  15:46:48
  9  13   6   2  $12    0.001   -30.5256 1384543.57   0.1    127.58   0.5  28.10.2025  15:46:53
  9  13   7   3  $12    0.010     2.9909   7047.03   0.0   -380.90   0.0  28.10.2025  15:46:57
  9  13   8   4  $12    0.010     0.8142    719.41   0.1    -78.39   0.6  28.10.2025  15:47:02
  9  13   2  14  $12    0.010    -4.9865   3677.56   0.3  -1628.45   0.1  28.10.2025  15:47:04
  9  13   3  15  $12    0.010    -3.1402   4932.66   0.3   -900.69   0.2  28.10.2025  15:47:06
  9  13   4  16  $12    0.010     0.9088   2043.91   0.2   1454.35   0.2  28.10.2025  15:47:12
 10  14   9  13  $12    0.010    11.7195   5020.62   0.0    287.34   0.6  28.10.2025  15:47:14
 10  14  11  15  $12    0.010    17.5915   7536.19   0.2     47.01   2.0  28.10.2025  15:47:16
 10  14  12  16  $12    0.010    22.5881  42577.61   0.1     22.09   0.4  28.10.2025  15:47:18
 10  14   5   9  $12    0.100   -19.2379   1699.81   0.4    154.24   0.8  28.10.2025  15:47:22
 10  14   7  11  $12    0.100   -12.0354   1588.03   0.1      3.76   7.1  28.10.2025  15:47:24
 10  14   8  12  $12    0.100    -5.5344   1043.20   0.0      1.98   6.1  28.10.2025  15:47:26
 10  14   5   1  $12    0.100     9.6026  11030.03   0.0     27.30   0.5  28.10.2025  15:47:28
 10  14   6   2  $12    0.100     1.0630    801.49   3.7  14165.08   5.8  28.10.2025  15:47:35
 10  14   7   3  $12    0.100     6.0418   2740.37   0.2     13.66  11.9  28.10.2025  15:47:37
 10  14   8   4  $12    0.100     5.2721   1242.22   0.0      5.08   1.8  28.10.2025  15:47:39
 10  14   1  13  $12    0.010     7.0979   6363.32   0.5    492.25   0.2  28.10.2025  15:47:44
 10  14   3  15  $12    0.010    12.4261   9164.36   0.2    133.00   1.2  28.10.2025  15:47:46
 10  14   4  16  $12    0.010    15.0440  23631.08   0.9    135.63   1.1  28.10.2025  15:47:48
 11  15   9  13  $12    0.010     4.7867   9022.63   0.3    -32.96  12.9  28.10.2025  15:47:50
 11  15  10  14  $12    0.010    15.0786   6459.64   0.1    102.74   0.2  28.10.2025  15:47:52
 11  15  12  16  $12    0.001     3.3364  14292.97   0.1    -23.14   1.3  28.10.2025  15:47:57
 11  15   5   9  $12    0.100   -11.1574   2628.90   0.4    -20.77  13.0  28.10.2025  15:48:02
 11  15   6  10  $12    0.100    -3.4415    304.08   2.0  -2218.48   2.1  28.10.2025  15:48:09
 11  15   8  12  $12    0.100   -12.9297   1706.03   0.1     -3.72   5.0  28.10.2025  15:48:11
 11  15   5   1  $12    0.100     6.5918  10872.02   0.0    -23.75   3.3  28.10.2025  15:48:13
 11  15   6   2  $12    0.100    17.8712  20527.71   0.2    360.50   0.3  28.10.2025  15:48:15
 11  15   7   3  $12    0.100     6.4315   4849.22   0.0     -4.18  32.0  28.10.2025  15:48:17
 11  15   8   4  $12    0.100     6.3179   2865.59   0.0      6.01   1.2  28.10.2025  15:48:19
 11  15   1  13  $12    0.100    10.0424  22084.32   0.0    499.76   0.1  28.10.2025  15:48:21
 11  15   2  14  $12    0.010    11.5543  10358.51   0.4    173.08   0.9  28.10.2025  15:48:26
 11  15   4  16  $12    0.001     2.1405  15786.43   0.3    144.23   0.5  28.10.2025  15:48:31
 12  16   9  13  $12    0.010     4.1527   5479.35   0.2    128.13  16.9  28.10.2025  15:48:35
 12  16  10  14  $12    0.010    17.4896  32967.10   0.0    147.02   1.1  28.10.2025  15:48:37
 12  16  11  15  $12    0.001     2.5852  11075.10   0.3    152.45   1.4  28.10.2025  15:48:42
 12  16   5   9  $12    0.100    -6.7952   3082.08   0.2   -231.30   0.7  28.10.2025  15:48:53
 12  16   6  10  $12    0.100     2.6816    631.85   0.6   -125.21  32.4  28.10.2025  15:48:55
 12  16   7  11  $12    0.100   -12.2884   1085.77   0.0     -6.11   2.9  28.10.2025  15:48:57
 12  16   5   1  $12    0.100     6.9028  15654.35   0.1     55.49   0.6  28.10.2025  15:48:59
 12  16   6   2  $12    0.100    19.8381  32719.74   0.1    -83.11   2.5  28.10.2025  15:49:01
 12  16   7   3  $12    0.100     6.6391   7625.97   0.0     -7.44   7.6  28.10.2025  15:49:03
 12  16   8   4  $12    0.100     6.8271   5147.50   0.0      4.16   1.3  28.10.2025  15:49:05
 12  16  13   1  $12    0.100   -11.6683   1141.21   0.0    764.25   0.0  28.10.2025  15:49:07
 12  16  14   2  $12    0.010   -12.9364 284487.33   0.2    228.88   0.3  28.10.2025  15:49:12
 12  16  15   3  $12    0.001    -2.4071  21579.92   0.1    125.89   0.2  28.10.2025  15:49:17
 13   1  14   2  $12    0.001     2.3651   8110.71   0.2    279.49   0.7  28.10.2025  15:49:19
 13   1  15   3  $12    0.100     8.0361    609.39   0.0    784.66   0.0  28.10.2025  15:49:25
 13   1  16   4  $12    0.100    10.3864   1334.85   0.0    501.98   0.2  28.10.2025  15:49:27
 13   1  10  14  $12    0.010    -3.9807   3568.71   0.0    708.85   0.1  28.10.2025  15:49:31
 13   1  11  15  $12    0.100    -4.1179   9055.71   0.5   1314.73   0.6  28.10.2025  15:49:36
 13   1  12  16  $12    0.100    -6.8517    670.12   0.1    802.59   0.1  28.10.2025  15:49:38
 13   1   9   5  $12    0.001     3.5505  89232.55   0.3   -453.00   3.8  28.10.2025  15:49:45
 13   1  10   6  $12    0.001    -6.4946 146068.73   0.4    177.95   3.0  28.10.2025  15:49:48
 13   1  11   7  $12    0.100     3.7976    596.53   0.0     -3.29   7.8  28.10.2025  15:49:53
 13   1  12   8  $12    0.100     3.8772    285.95   0.1    -70.66   2.2  28.10.2025  15:49:55
 13   1   6   2  $12    0.001     8.1026  59757.16   0.5    186.51   3.2  28.10.2025  15:50:03
 13   1   7   3  $12    1.000    18.3772    288.67   0.2   -148.10   7.6  28.10.2025  15:50:10
 13   1   8   4  $12    0.100     0.0765     17.21   5.7   2196.89   6.9  28.10.2025  15:50:16
 14   2  13   1  $12    0.010    18.3426   6290.37   0.0    117.46   0.0  28.10.2025  15:50:21
 14   2  15   3  $12    0.010    12.0286   4125.06   0.1    281.82   0.0  28.10.2025  15:50:23
 14   2  16   4  $12    0.010    11.4502   8682.84   0.0    345.64   0.0  28.10.2025  15:50:25
 14   2   9  13  $12    0.010     9.2388   6813.71   0.4   -814.10   1.5  28.10.2025  15:50:27
 14   2  11  15  $12    0.010    -7.8012   6993.81   0.0    447.45   0.0  28.10.2025  15:50:29
 14   2  12  16  $12    0.010   -10.4379 229541.83   0.1    378.43   0.0  28.10.2025  15:50:31
 14   2   9   5  $12    0.010    11.8098  26561.41   0.0   -472.66   0.2  28.10.2025  15:50:33
 14   2  10   6  $12    0.010   -21.7978  54783.88   0.1   -101.96   0.5  28.10.2025  15:50:35
 14   2  11   7  $12    0.100     4.0691    915.19   0.0     34.45   0.6  28.10.2025  15:50:39
 14   2  12   8  $12    0.100     4.0606    637.84   0.0     59.90   1.5  28.10.2025  15:50:41
 14   2   5   1  $12    0.010    17.3522  15556.27   0.0     51.91   0.4  28.10.2025  15:50:46
 14   2   7   3  $12    0.010     4.5705   3370.75   0.2    -15.96   3.4  28.10.2025  15:50:48
 14   2   8   4  $12    0.100    11.6829   1835.15   0.0     69.97   0.1  28.10.2025  15:50:52
 15   3  13   1  $12    0.100    14.0071   1062.18   0.2    403.15   0.6  28.10.2025  15:50:54
 15   3  14   2  $12    0.010    12.3755   4244.02   0.1    260.92   0.0  28.10.2025  15:50:59
 15   3  16   4  $12    0.001     2.6735   9168.44   0.1    130.70   0.1  28.10.2025  15:51:04
 15   3   9  13  $12    0.010     3.4453   5411.94   0.9  -1022.60   2.5  28.10.2025  15:51:08
 15   3  10  14  $12    0.010    -8.3457   6155.03   0.0    386.16   0.4  28.10.2025  15:51:10
 15   3  12  16  $12    0.001    -2.4768  22204.17   0.0    147.61   0.5  28.10.2025  15:51:15
 15   3   9   5  $12    0.010     4.3710   6865.90   0.0   -643.80   0.1  28.10.2025  15:51:23
 15   3  10   6  $12    0.010   -12.2368  27521.65   0.4   -625.17   0.3  28.10.2025  15:51:25
 15   3  11   7  $12    0.100     4.7188   1185.97   0.0     11.89   1.6  28.10.2025  15:51:29
 15   3  12   8  $12    0.100     4.7261   1062.95   0.0     16.70   5.0  28.10.2025  15:51:31
 15   3   5   1  $12    0.100     8.1099  17834.63   0.1     -4.31   5.9  28.10.2025  15:51:33
 15   3   6   2  $12    0.010    17.2755  15487.50   0.3   -416.53   0.4  28.10.2025  15:51:39
 15   3   8   4  $12    0.100    17.8427   1315.91   0.0      2.77   2.0  28.10.2025  15:51:42
 16   4  13   1  $12    0.100    14.9927   1926.86   0.0    524.98   0.0  28.10.2025  15:51:44
 16   4  14   2  $12    0.010    13.4851  10225.98   0.1    236.05   0.1  28.10.2025  15:51:49
 16   4  15   3  $12    0.001     2.6187   8980.38   0.0    147.72   0.0  28.10.2025  15:51:54
 16   4   9  13  $12    0.100   -12.2707   2759.79   0.1    707.80   0.3  28.10.2025  15:52:00
 16   4  10  14  $12    0.010   -12.8719  20219.13   0.1    259.23   0.2  28.10.2025  15:52:05
 16   4  11  15  $12    0.001    -2.3474  17312.29   0.0    179.08   0.0  28.10.2025  15:52:10
 16   4   9   5  $12    0.100     4.1351    304.96   0.7   -187.74   5.0  28.10.2025  15:52:16
 16   4  10   6  $12    0.100     3.9567    621.52   0.7   2230.68   0.7  28.10.2025  15:52:19
 16   4  11   7  $12    0.100     5.5229   1242.16   0.0      7.32  16.7  28.10.2025  15:52:21
 16   4  12   8  $12    0.100     5.9239   1488.83   0.0     13.72   4.4  28.10.2025  15:52:23
 16   4   5   1  $12   10.000     1.6600      1.62   1.6   5801.67   1.5  28.10.2025  15:52:33
 16   4   6   2  $12    0.100    10.3884  22845.25   0.9   -249.63   2.1  28.10.2025  15:52:41
 16   4   7   3  $12    0.100    17.3160   1552.39   0.0     -0.33  69.4  28.10.2025  15:52:43
  1   4   2   3  $12    0.010    13.4690   8462.82   0.0     40.92   0.4  28.10.2025  15:52:48
  2   3   1   4  $12    0.010    16.6309  10449.50   0.2     78.90   0.6  28.10.2025  15:52:50
  1   2   3   4  $12    0.010    -3.2935   6208.12   0.3    -24.56   7.1  28.10.2025  15:52:52
  3   4   1   2  $12    0.010    -3.2793   6181.32   0.1    -35.19  16.5  28.10.2025  15:52:54
  5   8   6   7  $12    0.001     7.4255  46655.80   0.3   -436.94   0.4  28.10.2025  15:52:59
  6   7   5   8  $12    0.001    -0.7361   4625.20   0.0  -5896.25   0.1  28.10.2025  15:53:01
  5   6   7   8  $12    0.010    -0.3129    589.86   9.7   -215.58 2399.6  28.10.2025  15:53:13
  7   8   5   6  $12    0.100   -11.4014   2149.12   0.8   -328.56   0.8  28.10.2025  15:53:16
  9  12  10  11  $12    0.010     2.6080   1638.65   0.0    -84.79   0.4  28.10.2025  15:53:22
 10  11   9  12  $12    0.100    19.9741   1255.01   0.0     58.79   0.6  28.10.2025  15:53:26
  9  10  11  12  $12    0.010    -0.1818    342.78   2.5    744.13   2.4  28.10.2025  15:53:31
 11  12   9  10  $12    0.100    -5.1639    973.37   0.0   -214.39   1.6  28.10.2025  15:53:40
 13  16  14  15  $12    0.010    16.2581  10215.26   0.1     76.45   0.1  28.10.2025  15:53:45
 14  15  13  16  $12    0.010    15.9518  10022.80   0.0    148.84   0.0  28.10.2025  15:53:47
 13  14  15  16  $12    0.010    -2.6528   5000.38   0.9    234.35   1.0  28.10.2025  15:53:49
  1   9  10   2  $12    0.001    -2.9523  10623.86   0.2   -121.58   1.4  28.10.2025  15:53:54
  1   9  11   3  $12    0.010    -4.5309   3882.03   0.0   -254.64   0.1  28.10.2025  15:53:58
  1   9  12   4  $12    0.010    -1.5215   2544.10   0.1    -70.42   1.2  28.10.2025  15:54:04
  2  10   9   1  $12    0.001    -2.8754  10347.19   0.1    -66.03  15.1  28.10.2025  15:54:08
  2  10  11   3  $12    0.010    -6.5623   2361.47   0.0     15.07   0.8  28.10.2025  15:54:12
  2  10  12   4  $12    0.010    -2.5596   2193.04   0.0     40.18   0.5  28.10.2025  15:54:14
  3  11   9   1  $12    0.010    -4.9576   4247.66   0.0   -285.11   0.4  28.10.2025  15:54:16
  3  11  10   2  $12    0.010    -6.8718   2472.84   0.1      8.57  27.7  28.10.2025  15:54:18
  3  11  12   4  $12    0.010    -4.1352   1488.08   0.1     16.23   3.4  28.10.2025  15:54:20
 12   4   9   1  $12    0.100    16.0690   2686.96   0.0   -110.06   0.3  28.10.2025  15:54:25
 12   4  10   2  $12    0.010     2.6171   2242.30   0.0     12.32   2.5  28.10.2025  15:54:29
 12   4  11   3  $12    0.010     4.2019   1512.08   0.0     -5.84  20.6  28.10.2025  15:54:32
 13   5  14   6  $12    0.001     5.8266  20967.27   0.2   -101.67   5.9  28.10.2025  15:54:36
 13   5  15   7  $12    0.010     2.8225   2418.30   0.0    361.69   0.1  28.10.2025  15:54:42
 13   5  16   8  $12    0.010     2.6865   4492.14   0.0    291.89   0.2  28.10.2025  15:54:45
 14   6  13   5  $12    0.001     2.2240   8003.01   0.6   1780.74   0.2  28.10.2025  15:54:49
 14   6  15   7  $12    0.010     2.1425    771.00   0.1   3215.46   0.1  28.10.2025  15:54:53
 14   6  16   8  $12    0.010    12.0090  10289.32   0.1    246.37   0.2  28.10.2025  15:54:55
 15   7  13   5  $12    0.010     3.8101   3264.49   0.3    259.63   1.4  28.10.2025  15:54:57
 15   7  14   6  $12    0.010    17.5160   6303.24   0.8    229.13   4.5  28.10.2025  15:54:59
 15   7  16   8  $12    0.001     2.3047   8293.70   0.0     87.37   0.3  28.10.2025  15:55:04
 16   8  13   5  $12    0.010     3.1211   5218.93   0.0    288.28   0.1  28.10.2025  15:55:08
 16   8  14   6  $12    0.010    11.4221   9786.45   0.2    335.04   0.4  28.10.2025  15:55:10
 16   8  15   7  $12    0.010    21.0574   7577.61   0.0     84.16   0.2  28.10.2025  15:55:12
  1   2   5   6  $12    0.001     2.3926 450998.04   0.2      5.07 156.5  28.10.2025  15:55:17
  2   3   6   7  $12    0.001    -1.3130 247492.03   3.8    -54.89  60.1  28.10.2025  15:55:24
  3   4   7   8  $12    1.000     1.4248    268.56   0.1   -101.58   0.2  28.10.2025  15:55:34
  1   2   9  10  $12    0.010   -21.9723 3479017.99   0.1   -366.68   0.1  28.10.2025  15:55:42
  2   3  10  11  $12    1.000     9.8054  15525.57   0.5   -231.53   3.4  28.10.2025  15:55:48
  3   4  11  12  $12    1.000     1.9435   3077.28   0.5   -240.38   0.6  28.10.2025  15:55:54
  1   2  13  14  $12    0.100     7.8109 421085.80   0.1    136.63   0.3  28.10.2025  15:55:59
  2   3  14  15  $12    0.100     6.0434 325799.95   0.0    235.28   0.7  28.10.2025  15:56:01
  3   4  15  16  $12    1.000     7.6078  41013.28   0.0   -197.04   0.0  28.10.2025  15:56:05
  5   6   9  10  $12    0.001    45.0656 8494667.55   0.0   -348.69   0.1  28.10.2025  15:56:17
  6   7  10  11  $12    0.010     2.5691  48426.64   0.7   -280.58   1.5  28.10.2025  15:56:21
  7   8  11  12  $12    1.000     2.1294    401.39   0.0     10.73   1.4  28.10.2025  15:56:26
  5   6  13  14  $12    0.010    -2.1840 345802.62   0.8    249.44   1.3  28.10.2025  15:56:35
  6   7  14  15  $12    0.010    -2.8882 457313.79   0.9   -298.76   0.5  28.10.2025  15:56:37
  7   8  15  16  $12   10.000     2.6419    418.30   0.6     96.41  13.7  28.10.2025  15:56:45
  9  10  13  14  $12    0.010     0.2857   5385.98   1.2   -324.12   0.6  28.10.2025  15:56:57
 10  11  14  15  $12    1.000     5.9518   1121.89   0.0    -38.88   0.5  28.10.2025  15:57:02
 11  12  15  16  $12   10.000    17.1769    323.78   0.0    -32.48   0.3  28.10.2025  15:57:06
  1   2   6   7  $12    0.001    -3.8878 1465651.79   0.7    235.45   1.4  28.10.2025  15:57:21
  2   3   7   8  $12    1.000    -3.7231   1403.58   0.5   -316.51   0.3  28.10.2025  15:57:28
  1   2   7   8  $12    0.100     0.3312   2184.85   0.8   2285.97   0.9  28.10.2025  15:57:34
  2   3   7   8  $12    1.000    -2.4262    914.64   0.6     36.54  19.0  28.10.2025  15:57:38
  1   2  10  11  $12    0.100     0.5490  12417.94   0.7   -384.08   1.3  28.10.2025  15:57:43
  2   3  11  12  $12    1.000     7.6464  17295.64   4.5   -295.23   4.1  28.10.2025  15:57:52
  1   2  11  12  $12    0.100     0.3573  11113.80   1.0   -342.41   0.7  28.10.2025  15:57:57
  2   3  11  12  $12    1.000    14.0007  31668.80   0.7   -371.22   3.7  28.10.2025  15:58:01
  1   2  14  15  $12    0.100    -4.5846 314563.26   0.3    197.51   1.0  28.10.2025  15:58:07
  2   3  15  16  $12    1.000     7.6970  52810.93   0.4    801.47   1.2  28.10.2025  15:58:11
  1   2  15  16  $12    0.100     4.3404 372257.67   0.6   -446.12   0.1  28.10.2025  15:58:16
  2   3  15  16  $12    1.000     8.0642  55330.64   0.6    748.22   1.2  28.10.2025  15:58:21
  5   6  10  11  $12    0.010    -3.5718 134653.92   0.3   -735.66   0.1  28.10.2025  15:58:30
  6   7  11  12  $12    0.010     0.4455  16793.57   0.6   2974.14   0.5  28.10.2025  15:58:35
  5   6  11  12  $12    0.010     0.2266  14952.58   2.4  -4852.90   1.9  28.10.2025  15:58:40
  6   7  11  12  $12    0.010     0.4453  16785.98   1.8   4890.34   1.8  28.10.2025  15:58:47
  5   6  14  15  $12    0.010     1.7819 403059.87   0.3    462.28   1.9  28.10.2025  15:58:52
  6   7  15  16  $12    0.010     8.4006 1900181.39   0.3   -256.39   2.9  28.10.2025  15:58:54
  5   6  15  16  $12    0.010    -7.5345 2343366.52   0.0   -316.12   0.4  28.10.2025  15:58:56
  6   7  15  16  $12    0.010     9.0815 2054178.46   0.0    -97.10   0.6  28.10.2025  15:58:58
  9  10  14  15  $12    0.010    -0.5085  19168.95   0.9   -631.91   1.1  28.10.2025  15:59:03
 10  11  15  16  $12    1.000     2.3490    885.56   0.0    -54.98   1.0  28.10.2025  15:59:09
  9  10  15  16  $12    0.010     0.9207  60744.99   0.9   -717.29   0.7  28.10.2025  15:59:18
 10  11  15  16  $12    1.000     2.3423    883.04   0.0    -50.90   0.5  28.10.2025  15:59:23
