//C:\Users\user\Desktop\GeoTom\GeoTomE724.ini
//- Cable direction:
//  cable I: normal
//  cable II: normal
//  cable III: normal
//  cable IV: normal
//- Cable arrangement: sequential
//- Optimization: Last measurement
//- Sorting: Multi-level
//- Current levels: 0.001 mA .. 50.0 mA
Type:         Flow
Name:         Hyprop
Comment:      Example of a measurements sequence
Comment:      
Comment:      
Spacing:      1.00000
First El:     0.00000
Nr of points: 289
IP present:   1

  1   5   2   6  $12    0.010     4.0823   1748.84   0.0     -0.01 465.9  25.10.2025  01:40:05
  1   5   3   7  $12    0.100    14.9075   2810.01   0.0      2.32   3.2  25.10.2025  01:40:09
  1   5   4   8  $12    0.100     8.6072   1135.69   0.0      1.04  23.3  25.10.2025  01:40:11
  1   5  14   2  $12    0.100   -16.4468   1474.46   0.0      8.94   4.1  25.10.2025  01:40:13
  1   5  15   3  $12    0.100    -3.9693   8728.85   0.0      5.47   1.8  25.10.2025  01:40:15
  1   5  16   4  $12    1.000   -12.5158    122.41   0.0      3.29   2.2  25.10.2025  01:40:19
  1   5  13   9  $12    0.100     6.3981   4824.07   0.0      0.65  15.1  25.10.2025  01:40:24
  1   5  14  10  $12    0.100     5.7272   6578.53   0.0     -1.65  21.1  25.10.2025  01:40:26
  1   5  15  11  $12    0.100     4.4232   7295.41   0.0      0.16 200.5  25.10.2025  01:40:28
  1   5  16  12  $12    0.100     4.0079   9089.34   0.1     -1.67  47.3  25.10.2025  01:40:30
  1   5  10   6  $12    0.100    18.2321   1610.94   0.0      1.48   1.0  25.10.2025  01:40:32
  1   5  11   7  $12    0.100     6.5038   1532.42   0.0      1.36   2.0  25.10.2025  01:40:34
  1   5  12   8  $12    0.100     3.3905   1537.82   0.0     -1.07  50.8  25.10.2025  01:40:36
  2   6   1   5  $12    0.010     4.0801   1747.93   0.0      0.64  14.1  25.10.2025  01:40:41
  2   6   3   7  $12    0.010     3.9877   1708.32   0.0     -0.17 541.7  25.10.2025  01:40:43
  2   6   4   8  $12    0.100    18.2550   3440.98   0.0      1.45   3.6  25.10.2025  01:40:46
  2   6  13   1  $12    0.100   -18.7110   1379.95   0.0      8.40   0.1  25.10.2025  01:40:48
  2   6  15   3  $12    0.100   -19.2792   1728.39   0.0      1.64   6.2  25.10.2025  01:40:50
  2   6  16   4  $12    0.100    -7.0257  15450.31   0.0      1.99   7.3  25.10.2025  01:40:53
  2   6  13   9  $12    0.100     5.9115   2681.26   0.0      7.81  16.7  25.10.2025  01:40:54
  2   6  14  10  $12    0.100     5.8169   4385.83   0.0      1.77  16.4  25.10.2025  01:40:56
  2   6  15  11  $12    0.100     5.3141   6104.02   0.0      2.75   9.6  25.10.2025  01:40:59
  2   6  16  12  $12    0.100     5.2224   8613.46   0.0      1.74  57.3  25.10.2025  01:41:01
  2   6   9   5  $12    0.100    16.0336   2115.58   0.0     -4.29   1.5  25.10.2025  01:41:03
  2   6  11   7  $12    0.100    14.9968   1325.08   0.0      1.92   2.3  25.10.2025  01:41:05
  2   6  12   8  $12    0.100     6.0073   1415.44   0.0      0.72   3.7  25.10.2025  01:41:07
  3   7   1   5  $12    0.100    15.0040   2828.18   0.0      0.62  11.0  25.10.2025  01:41:09
  3   7   2   6  $12    0.010     3.9878   1708.35   0.0     -2.47   3.9  25.10.2025  01:41:14
  3   7   4   8  $12    0.010     3.5961   1540.55   0.1     -4.86  28.3  25.10.2025  01:41:16
  3   7  13   1  $12    0.100    -5.6142    881.88   0.0      2.77   4.2  25.10.2025  01:41:19
  3   7  14   2  $12    0.100   -19.6009   1445.58   0.0     -3.07   0.8  25.10.2025  01:41:21
  3   7  16   4  $12    0.100   -17.2433   1545.87   0.0      3.91   0.6  25.10.2025  01:41:23
  3   7  13   9  $12    0.100     5.2059   1226.60   0.0     -0.91 151.2  25.10.2025  01:41:25
  3   7  14  10  $12    0.100     5.4203   2458.48   0.0     -2.55  14.0  25.10.2025  01:41:27
  3   7  15  11  $12    0.100     5.7764   4355.33   0.0     -0.39  36.6  25.10.2025  01:41:29
  3   7  16  12  $12    0.100     6.0733   6976.04   0.0     -0.47  61.8  25.10.2025  01:41:31
  3   7   9   5  $12    0.100     4.2081    793.21   0.0     -1.51  13.5  25.10.2025  01:41:33
  3   7  10   6  $12    0.100    14.7660   1948.32   0.0      1.12  10.7  25.10.2025  01:41:35
  3   7  12   8  $12    0.100    12.4608   1101.01   0.0      0.21  55.6  25.10.2025  01:41:38
  4   8   1   5  $12    0.100     8.6640   1143.19   0.0     -0.59   4.5  25.10.2025  01:41:40
  4   8   2   6  $12    0.100    18.3102   3451.39   0.0      0.54  13.5  25.10.2025  01:41:42
  4   8   3   7  $12    0.010     3.6029   1543.47   0.0     -3.20   2.1  25.10.2025  01:41:46
  4   8  13   1  $12    0.100    -2.8750    646.62   0.0      7.03   1.7  25.10.2025  01:41:50
  4   8  14   2  $12    0.100    -7.7412   1215.99   0.0      3.33   5.4  25.10.2025  01:41:52
  4   8  15   3  $12    0.100   -17.7098   1306.11   0.0      1.88   3.2  25.10.2025  01:41:54
  4   8  13   9  $12    0.100     4.6889    414.30   0.0      1.23  16.9  25.10.2025  01:41:56
  4   8  14  10  $12    0.100     5.1203   1206.45   0.0     -1.68  43.4  25.10.2025  01:41:58
  4   8  15  11  $12    0.100     5.9075   2679.43   0.0     -1.22  15.0  25.10.2025  01:42:00
  4   8  16  12  $12    0.100     6.5394   4930.59   0.0     -0.58  38.8  25.10.2025  01:42:02
  4   8   9   5  $12    1.000    10.9032     46.71   0.0      5.55   0.1  25.10.2025  01:42:06
  4   8  10   6  $12    0.100     5.4385   1025.14   0.0      0.69   5.7  25.10.2025  01:42:11
  4   8  11   7  $12    0.100    12.1891   1608.31   0.0      0.24  37.9  25.10.2025  01:42:13
  5   9   6  10  $12    0.010     4.0359   1728.96   0.0     -1.71   7.5  25.10.2025  01:42:18
  5   9   7  11  $12    0.100    17.4455   3288.40   0.0      2.37   0.1  25.10.2025  01:42:21
  5   9   8  12  $12    0.100    10.3145   1360.97   0.0      2.33   3.8  25.10.2025  01:42:23
  5   9   2   6  $12    0.100   -15.7308   2075.63   0.0      1.45   5.7  25.10.2025  01:42:25
  5   9   3   7  $12    0.100    -4.1123    775.14   0.1     12.31   5.5  25.10.2025  01:42:27
  5   9   4   8  $12    1.000   -10.0724     43.15   0.0     14.45   0.3  25.10.2025  01:42:31
  5   9   1  13  $12    0.100     7.8651   1976.72   0.0     -2.08   0.6  25.10.2025  01:42:36
  5   9   2  14  $12    0.100     6.9612   1565.65   0.0     -1.41  33.9  25.10.2025  01:42:38
  5   9   3  15  $12    0.100     5.5410    870.37   0.0     -2.50  10.7  25.10.2025  01:42:40
  5   9   4  16  $12    0.100     5.0078    369.33   0.0     -1.93  29.1  25.10.2025  01:42:42
  5   9  14  10  $12    0.100    17.2745   1526.32   0.0      2.56   6.9  25.10.2025  01:42:44
  5   9  15  11  $12    0.100     7.7905   1835.59   0.0      1.64  13.1  25.10.2025  01:42:46
  5   9  16  12  $12    0.100     4.2587   1931.62   0.0      2.28  11.7  25.10.2025  01:42:48
  6  10   5   9  $12    0.010     4.0259   1724.69   0.0     -0.25  26.7  25.10.2025  01:42:53
  6  10   7  11  $12    0.010     3.4169   1463.79   0.1     -4.42  20.7  25.10.2025  01:42:55
  6  10   8  12  $12    0.100    16.2975   3072.00   0.0      1.47   1.7  25.10.2025  01:42:59
  6  10   1   5  $12    0.100   -18.5310   1637.35   0.0      2.09   7.5  25.10.2025  01:43:01
  6  10   3   7  $12    0.100   -14.5931   1925.51   0.0      4.82   0.4  25.10.2025  01:43:03
  6  10   4   8  $12    0.100    -5.3647   1011.21   0.0      9.01   0.9  25.10.2025  01:43:05
  6  10   1  13  $12    0.100     4.8590   1092.83   0.0      3.34   2.8  25.10.2025  01:43:07
  6  10   2  14  $12    0.100     5.0782   1276.29   0.0      2.67   4.8  25.10.2025  01:43:09
  6  10   3  15  $12    0.100     4.7506   1068.45   0.0      1.61  15.6  25.10.2025  01:43:11
  6  10   4  16  $12    0.100     4.7359    743.92   0.0      2.56  18.0  25.10.2025  01:43:13
  6  10  13   9  $12    0.100    16.7912   2215.55   0.0      1.27   7.1  25.10.2025  01:43:15
  6  10  15  11  $12    0.100    14.6305   1292.71   0.0     -4.05   9.7  25.10.2025  01:43:17
  6  10  16  12  $12    0.100     6.1900   1458.49   0.0     -3.83   2.3  25.10.2025  01:43:19
  7  11   5   9  $12    0.100    17.5798   3313.70   0.0      0.60   8.7  25.10.2025  01:43:21
  7  11   6  10  $12    0.010     3.4287   1468.86   0.0     -2.43   4.9  25.10.2025  01:43:26
  7  11   8  12  $12    0.010     3.0936   1325.28   0.0     -2.43  59.4  25.10.2025  01:43:28
  7  11   1   5  $12    0.100    -6.5508   1543.51   0.0      3.63   1.0  25.10.2025  01:43:32
  7  11   2   6  $12    0.100   -15.0612   1330.76   0.0      3.22   9.8  25.10.2025  01:43:34
  7  11   4   8  $12    0.100   -12.1583   1604.25   0.0      2.39  10.9  25.10.2025  01:43:36
  7  11   1  13  $12    0.100     3.8259    600.98   0.0     -0.86  30.3  25.10.2025  01:43:38
  7  11   2  14  $12    0.100     4.3496    978.27   0.0     -1.27  32.1  25.10.2025  01:43:40
  7  11   3  15  $12    0.100     4.6172   1160.42   0.0     -1.47  24.8  25.10.2025  01:43:42
  7  11   4  16  $12    0.100     4.8812   1097.82   0.0     -0.31 180.2  25.10.2025  01:43:44
  7  11  13   9  $12    0.100     7.1927   1355.79   0.0     -0.78   5.4  25.10.2025  01:43:46
  7  11  14  10  $12    0.100    14.7553   1946.92   0.0     -2.34   0.5  25.10.2025  01:43:48
  7  11  16  12  $12    0.100    13.6472   1205.83   0.0      0.33  29.9  25.10.2025  01:43:50
  8  12   5   9  $12    0.100    10.3649   1367.61   0.0     -0.21  51.4  25.10.2025  01:43:52
  8  12   6  10  $12    0.100    16.3197   3076.18   0.0      1.12   2.7  25.10.2025  01:43:54
  8  12   7  11  $12    0.010     3.0961   1326.38   0.0     -2.75   7.4  25.10.2025  01:43:59
  8  12   1   5  $12    0.100    -3.3732   1529.98   0.0      5.90   1.3  25.10.2025  01:44:02
  8  12   2   6  $12    0.100    -5.9640   1405.25   0.0      5.41  11.4  25.10.2025  01:44:04
  8  12   3   7  $12    0.100   -12.3908   1094.82   0.0      2.33   4.5  25.10.2025  01:44:06
  8  12   1  13  $12    0.100     3.1148    229.72   0.0     -2.29  12.5  25.10.2025  01:44:08
  8  12   2  14  $12    0.100     3.7931    595.82   0.1     -0.63  82.3  25.10.2025  01:44:10
  8  12   3  15  $12    0.100     4.4687   1005.06   0.0     -1.93  14.9  25.10.2025  01:44:12
  8  12  16   4  $12    0.100    -4.9435   1242.43   0.0      6.09  18.8  25.10.2025  01:44:14
  8  12   9  13  $12    0.100    -3.8277    163.98   0.0      3.20   2.1  25.10.2025  01:44:16
  8  12  10  14  $12    0.100    -6.5150   1228.05   0.0      2.16  16.6  25.10.2025  01:44:18
  8  12  11  15  $12    0.100   -13.8522   1827.75   0.0      2.11   4.2  25.10.2025  01:44:20
  9  13  10  14  $12    0.010     3.9857   1707.49   0.0      2.30   2.9  25.10.2025  01:44:25
  9  13  11  15  $12    0.100    15.7287   2964.80   0.0      2.95   1.1  25.10.2025  01:44:29
  9  13  12  16  $12    0.100    10.0743   1329.27   0.0      2.61  35.0  25.10.2025  01:44:31
  9  13   6  10  $12    0.100   -16.7115   2205.03   0.0     -0.02 2124.8  25.10.2025  01:44:33
  9  13   7  11  $12    0.100    -7.1008   1338.46   0.0      3.76   0.4  25.10.2025  01:44:35
  9  13   8  12  $12    0.100    -3.8019    162.87   0.0      6.78  16.4  25.10.2025  01:44:37
  9  13   5   1  $12    0.100     6.4021   4827.06   0.0      2.14  20.0  25.10.2025  01:44:39
  9  13   6   2  $12    0.100     5.9286   2689.01   0.0     11.39   3.9  25.10.2025  01:44:41
  9  13   7   3  $12    0.100     5.1716   1218.53   0.0     -0.46 265.3  25.10.2025  01:44:43
  9  13   8   4  $12    0.100     4.6650    412.18   0.0     -0.38  83.7  25.10.2025  01:44:45
  9  13   2  14  $12    0.100    16.9465   1249.82   0.0      6.22   1.2  25.10.2025  01:44:47
  9  13   3  15  $12    0.100     3.4562    542.90   0.0      5.91  20.6  25.10.2025  01:44:49
  9  13   4  16  $12    1.000    15.5849    350.52   0.0      9.90   0.1  25.10.2025  01:44:53
 10  14   9  13  $12    0.010     4.0077   1716.90   0.0     -1.58  15.9  25.10.2025  01:45:00
 10  14  11  15  $12    0.010     2.7619   1183.19   0.1     -4.35  21.5  25.10.2025  01:45:02
 10  14  12  16  $12    0.100    14.9753   2822.78   0.0      0.05  80.3  25.10.2025  01:45:06
 10  14   5   9  $12    0.100   -17.3635   1534.19   0.0      4.62  18.4  25.10.2025  01:45:08
 10  14   7  11  $12    0.100   -14.5893   1925.01   0.0      0.47  15.8  25.10.2025  01:45:10
 10  14   8  12  $12    0.100    -6.4998   1225.19   0.0      4.00   0.4  25.10.2025  01:45:12
 10  14   5   1  $12    0.100     5.7546   6609.99   0.0     -0.98  24.3  25.10.2025  01:45:14
 10  14   6   2  $12    0.100     5.8742   4429.01   0.0     -0.86  69.9  25.10.2025  01:45:16
 10  14   7   3  $12    0.100     5.4196   2458.15   0.0     -2.94   7.3  25.10.2025  01:45:18
 10  14   8   4  $12    0.100     5.1178   1205.86   0.0     -1.75  15.7  25.10.2025  01:45:20
 10  14   1  13  $12    0.100    16.5990   1488.11   0.0     -0.48  64.8  25.10.2025  01:45:22
 10  14   3  15  $12    0.100     7.4641    550.48   0.0     -2.37   6.1  25.10.2025  01:45:24
 10  14   4  16  $12    0.100     3.3515    526.45   0.0     -5.03  13.7  25.10.2025  01:45:26
 11  15   9  13  $12    0.100    15.8741   2992.20   0.0     -0.01 540.5  25.10.2025  01:45:28
 11  15  10  14  $12    0.010     2.7657   1184.82   0.0     -4.92   5.4  25.10.2025  01:45:33
 11  15  12  16  $12    0.010     3.6271   1553.86   0.1      0.35 106.6  25.10.2025  01:45:35
 11  15   5   9  $12    0.100    -7.8332   1845.65   0.0      3.60   2.7  25.10.2025  01:45:39
 11  15   6  10  $12    0.100   -14.5227   1283.19   0.0     -0.68   9.9  25.10.2025  01:45:41
 11  15   8  12  $12    0.100   -13.7648   1816.23   0.0      2.81   1.8  25.10.2025  01:45:43
 11  15   5   1  $12    0.100     4.4498   7339.27   0.0     -2.86   5.5  25.10.2025  01:45:45
 11  15   6   2  $12    0.100     5.3657   6163.28   0.0     -2.17  11.6  25.10.2025  01:45:47
 11  15   7   3  $12    0.100     5.7831   4360.35   0.0     -3.61   4.9  25.10.2025  01:45:49
 11  15   8   4  $12    0.100     5.9116   2681.32   0.0     -2.10   3.9  25.10.2025  01:45:51
 11  15   1  13  $12    0.100     3.5836   7880.67   0.1     -3.11  31.7  25.10.2025  01:45:53
 11  15   2  14  $12    0.100     7.6717    687.77   0.0     -2.97  10.5  25.10.2025  01:45:55
 11  15   4  16  $12    0.100    16.3289   1204.27   0.0     -3.57   3.8  25.10.2025  01:45:57
 12  16   9  13  $12    0.100    10.1537   1339.75   0.0      0.19  39.1  25.10.2025  01:45:59
 12  16  10  14  $12    0.100    14.9954   2826.57   0.0     -0.12  79.0  25.10.2025  01:46:01
 12  16  11  15  $12    0.010     3.6251   1552.98   0.0     -3.58   1.4  25.10.2025  01:46:06
 12  16   5   9  $12    0.100    -4.2425   1924.27   0.0      6.59   0.2  25.10.2025  01:46:09
 12  16   6  10  $12    0.100    -6.1186   1441.66   0.0      3.97   1.1  25.10.2025  01:46:11
 12  16   7  11  $12    0.100   -13.6941   1209.97   0.0      1.45   2.4  25.10.2025  01:46:14
 12  16   5   1  $12    0.100     4.0353   9151.34   0.0     -2.60  26.0  25.10.2025  01:46:16
 12  16   6   2  $12    0.100     5.2831   8713.62   0.0     -2.39  13.2  25.10.2025  01:46:18
 12  16   7   3  $12    0.100     6.0791   6982.73   0.1      0.26 268.8  25.10.2025  01:46:20
 12  16   8   4  $12    0.100     6.5463   4935.79   0.0     -0.62  27.1  25.10.2025  01:46:22
 12  16  13   1  $12    1.000   -18.4188    180.14   0.0      4.17   1.5  25.10.2025  01:46:25
 12  16  14   2  $12    0.100    -3.5436   7792.80   0.0      7.46   3.1  25.10.2025  01:46:30
 12  16  15   3  $12    0.100   -16.2417   1456.07   0.0      2.68   8.9  25.10.2025  01:46:32
 13   1  14   2  $12    0.010     4.0618   1392.95   0.0     -0.11 101.9  25.10.2025  01:46:37
 13   1  15   3  $12    0.100    12.9857    984.73   0.0      1.01   2.9  25.10.2025  01:46:41
 13   1  16   4  $12    0.100     7.8346   1006.90   0.0     -0.08 355.0  25.10.2025  01:46:43
 13   1  10  14  $12    0.100   -16.6167   1489.69   0.0      3.61   2.3  25.10.2025  01:46:45
 13   1  11  15  $12    0.100    -3.5280   7758.44   0.0      8.18   2.1  25.10.2025  01:46:47
 13   1  12  16  $12    1.000   -18.4304    180.26   0.0      6.73   0.1  25.10.2025  01:46:51
 13   1   9   5  $12    0.100     7.8379   1969.89   0.0     -1.66   2.6  25.10.2025  01:46:55
 13   1  10   6  $12    0.100     4.8610   1093.28   0.0      1.71   2.8  25.10.2025  01:46:57
 13   1  11   7  $12    0.100     3.8144    599.16   0.0     -1.53  20.3  25.10.2025  01:46:59
 13   1  12   8  $12    0.100     3.1082    229.23   0.0     -1.92  86.5  25.10.2025  01:47:01
 13   1   6   2  $12    0.100    18.8813   1392.51   0.0      3.50  14.4  25.10.2025  01:47:03
 13   1   7   3  $12    0.100     5.6422    886.28   0.0     -0.46  62.5  25.10.2025  01:47:05
 13   1   8   4  $12    0.100     2.9047    653.30   0.0     -4.40   5.2  25.10.2025  01:47:07
 14   2  13   1  $12    0.010     4.0602   1392.39   0.0     -0.95   7.7  25.10.2025  01:47:13
 14   2  15   3  $12    0.010     3.1785   1090.04   0.1     -5.48   2.2  25.10.2025  01:47:15
 14   2  16   4  $12    0.100    15.1399   1148.08   0.0     -0.21  38.0  25.10.2025  01:47:18
 14   2   9  13  $12    0.100   -16.9080   1246.98   0.0      3.10   5.1  25.10.2025  01:47:20
 14   2  11  15  $12    0.100    -7.5793    679.49   0.0      3.43   4.8  25.10.2025  01:47:22
 14   2  12  16  $12    0.100    -3.5563   7820.66   0.1      4.76  42.1  25.10.2025  01:47:24
 14   2   9   5  $12    0.100     6.9406   1561.00   0.0     -2.31   3.8  25.10.2025  01:47:26
 14   2  10   6  $12    0.100     5.0838   1277.70   0.0      0.81   5.6  25.10.2025  01:47:28
 14   2  11   7  $12    0.100     4.3457    977.38   0.0     -1.74  18.7  25.10.2025  01:47:30
 14   2  12   8  $12    0.100     3.7974    596.49   0.0     -1.46   7.4  25.10.2025  01:47:32
 14   2   5   1  $12    0.100    16.3740   1467.94   0.0      5.55   3.6  25.10.2025  01:47:34
 14   2   7   3  $12    0.100    19.6341   1448.03   0.0     -0.20 113.1  25.10.2025  01:47:36
 14   2   8   4  $12    0.100     7.7942   1224.30   0.0     -2.03   1.6  25.10.2025  01:47:38
 15   3  13   1  $12    0.100    13.0162    987.04   0.0     -0.27   8.5  25.10.2025  01:47:40
 15   3  14   2  $12    0.010     3.1612   1084.09   0.0     -3.19   5.9  25.10.2025  01:47:45
 15   3  16   4  $12    0.010     3.8723   1327.97   0.0     -3.93  13.2  25.10.2025  01:47:47
 15   3   9  13  $12    0.100    -3.4710    545.22   0.0      8.84   3.8  25.10.2025  01:47:51
 15   3  10  14  $12    0.100    -7.4668    550.68   0.0     -0.05 659.9  25.10.2025  01:47:53
 15   3  12  16  $12    0.100   -16.2565   1457.40   0.0     -0.68  36.5  25.10.2025  01:47:55
 15   3   9   5  $12    0.100     5.5207    867.19   0.0     -3.10   3.5  25.10.2025  01:47:57
 15   3  10   6  $12    0.100     4.7632   1071.28   0.0      0.73  13.7  25.10.2025  01:47:59
 15   3  11   7  $12    0.100     4.6104   1158.72   0.0     -0.83  33.0  25.10.2025  01:48:01
 15   3  12   8  $12    0.100     4.4733   1006.10   0.0     -0.38  81.8  25.10.2025  01:48:03
 15   3   5   1  $12    0.100     4.0232   8847.39   0.2     -2.31  51.4  25.10.2025  01:48:05
 15   3   6   2  $12    0.100    19.3725   1736.75   0.0     -4.76   0.8  25.10.2025  01:48:07
 15   3   8   4  $12    0.100    17.6919   1304.79   0.0      1.17  26.6  25.10.2025  01:48:09
 16   4  13   1  $12    0.100     7.8602   1010.19   0.0     -0.30  14.3  25.10.2025  01:48:11
 16   4  14   2  $12    0.100    15.1354   1147.74   0.0      0.31  70.0  25.10.2025  01:48:13
 16   4  15   3  $12    0.010     3.8684   1326.62   0.0     -4.81   2.0  25.10.2025  01:48:18
 16   4   9  13  $12    1.000   -16.2222    364.85   0.0      9.01   0.5  25.10.2025  01:48:23
 16   4  10  14  $12    0.100    -3.3123    520.30   0.0      6.77   1.1  25.10.2025  01:48:28
 16   4  11  15  $12    0.100   -16.2611   1199.27   0.0      1.67   1.5  25.10.2025  01:48:30
 16   4   9   5  $12    0.100     4.9988    368.66   0.0     -3.27  49.4  25.10.2025  01:48:32
 16   4  10   6  $12    0.100     4.7440    745.19   0.0     -1.21  10.5  25.10.2025  01:48:34
 16   4  11   7  $12    0.100     4.8752   1096.47   0.0     -1.74   5.6  25.10.2025  01:48:36
 16   4  12   8  $12    0.100     4.9939   1255.11   0.0     -1.12   4.9  25.10.2025  01:48:38
 16   4   5   1  $12    1.000    12.1331    118.67   0.0     -3.52   1.6  25.10.2025  01:48:42
 16   4   6   2  $12    0.100     7.0563  15517.69   0.0     -2.29   3.3  25.10.2025  01:48:47
 16   4   7   3  $12    0.100    17.3374   1554.31   0.0     -1.87  11.5  25.10.2025  01:48:49
  1   4   2   3  $12    0.010     2.5956   1630.89   0.0     -0.97   5.2  25.10.2025  01:48:54
  2   3   1   4  $12    0.010     2.5899   1627.29   0.0     -2.36  13.4  25.10.2025  01:48:56
  1   2   3   4  $12    0.100    -8.7516   1649.64   0.0     -0.27  10.6  25.10.2025  01:48:59
  3   4   1   2  $12    0.100    -8.8314   1664.67   0.0     -4.59   1.6  25.10.2025  01:49:02
  5   8   6   7  $12    0.100    19.8964   1250.13   0.0      0.75   1.0  25.10.2025  01:49:04
  6   7   5   8  $12    0.100    20.0942   1262.55   0.0     -0.25  19.3  25.10.2025  01:49:06
  5   6   7   8  $12    0.100    -5.5634   1048.68   0.0      7.85  16.0  25.10.2025  01:49:08
  7   8   5   6  $12    0.100    -5.5608   1048.18   0.0      6.21  25.6  25.10.2025  01:49:10
  9  12  10  11  $12    0.100    18.2495   1146.65   0.0      4.04   3.6  25.10.2025  01:49:12
 10  11   9  12  $12    0.100    18.2403   1146.07   0.0      4.86  12.8  25.10.2025  01:49:14
  9  10  11  12  $12    0.100    -4.6182    870.51   0.0     -1.82   0.8  25.10.2025  01:49:16
 11  12   9  10  $12    0.100    -4.5827    863.82   0.1     -0.96 212.1  25.10.2025  01:49:18
 13  16  14  15  $12    0.010     2.9300   1840.95   0.0     -7.22   1.5  25.10.2025  01:49:23
 14  15  13  16  $12    0.010     2.9466   1851.42   0.0    -10.88   0.5  25.10.2025  01:49:25
 13  14  15  16  $12    1.000   -18.9441    357.09   0.0     -4.96   0.5  25.10.2025  01:49:30
  1   9  10   2  $12    0.010    -4.6023   1656.15   0.0      8.86   0.3  25.10.2025  01:49:38
  1   9  11   3  $12    0.010    -2.1471   1839.64   0.2     14.58   5.1  25.10.2025  01:49:40
  1   9  12   4  $12    0.100   -14.4043   2408.60   0.0      3.77   1.0  25.10.2025  01:49:43
  2  10   9   1  $12    0.010    -4.6149   1660.70   0.0      7.78   2.3  25.10.2025  01:49:48
  2  10  11   3  $12    0.010    -4.3744   1574.15   0.0      4.91   1.8  25.10.2025  01:49:50
  2  10  12   4  $12    0.010    -2.2897   1961.83   0.0     11.31   0.3  25.10.2025  01:49:52
  3  11   9   1  $12    0.010    -2.1424   1835.56   0.0      9.43   8.5  25.10.2025  01:49:54
  3  11  10   2  $12    0.010    -4.3702   1572.63   0.0      4.59   9.0  25.10.2025  01:49:56
  3  11  12   4  $12    0.010    -4.1532   1494.55   0.0      5.69  26.1  25.10.2025  01:49:58
 12   4   9   1  $12    0.100    14.5176   2427.54   0.0      0.23   8.5  25.10.2025  01:50:02
 12   4  10   2  $12    0.010     2.3400   2004.94   0.0     -5.13   2.5  25.10.2025  01:50:07
 12   4  11   3  $12    0.010     4.2142   1516.51   0.0     -3.22  28.5  25.10.2025  01:50:09
 13   5  14   6  $12    0.010     4.5959   1653.86   0.1      1.93  72.2  25.10.2025  01:50:11
 13   5  15   7  $12    0.100    18.3094   1568.74   0.0      2.62   1.4  25.10.2025  01:50:15
 13   5  16   8  $12    0.100    12.3497   2065.03   0.0      2.58  16.9  25.10.2025  01:50:17
 14   6  13   5  $12    0.010     4.5893   1651.49   0.0      0.86   8.3  25.10.2025  01:50:22
 14   6  15   7  $12    0.010     3.2506   1169.73   0.0     -1.54  83.0  25.10.2025  01:50:24
 14   6  16   8  $12    0.100    18.5490   1589.27   0.0      2.42   3.2  25.10.2025  01:50:27
 15   7  13   5  $12    0.100    18.3948   1576.06   0.0      0.37   3.9  25.10.2025  01:50:29
 15   7  14   6  $12    0.010     3.2591   1172.81   0.0     -2.96   9.4  25.10.2025  01:50:34
 15   7  16   8  $12    0.010     3.9634   1426.24   0.1      0.69 267.8  25.10.2025  01:50:36
 16   8  13   5  $12    0.100    12.3673   2067.99   0.0      0.28   5.7  25.10.2025  01:50:40
 16   8  14   6  $12    0.100    18.5941   1593.14   0.0      1.74  17.3  25.10.2025  01:50:42
 16   8  15   7  $12    0.010     3.9461   1420.04   0.0     -3.43   3.2  25.10.2025  01:50:47
  1   2   5   6  $12    1.000    11.6437   2194.79   0.0      1.15   5.3  25.10.2025  01:50:52
  2   3   6   7  $12    1.000     3.4316    646.85   0.0     16.45   1.9  25.10.2025  01:50:54
  3   4   7   8  $12   10.000    16.5279    311.54   0.0      5.59   0.7  25.10.2025  01:50:58
  1   2   9  10  $12   10.000    10.4871   1660.50   0.1      8.99   7.1  25.10.2025  01:51:00
  2   3  10  11  $12   10.000    11.4794   1817.61   0.0      7.82   0.2  25.10.2025  01:51:02
  3   4  11  12  $12   10.000     5.7433    909.38   0.0      3.63   1.8  25.10.2025  01:51:04
  1   2  13  14  $12    1.000     4.7867  25804.77   0.0     -3.70   1.6  25.10.2025  01:51:09
  2   3  14  15  $12    1.000     8.8887  47918.66   0.0      5.12  11.4  25.10.2025  01:51:11
  3   4  15  16  $12   10.000    18.8206  10146.13   0.0      0.57   1.7  25.10.2025  01:51:15
  5   6   9  10  $12    1.000     2.8009    527.97   0.1    -58.95   1.9  25.10.2025  01:51:20
  6   7  10  11  $12    1.000     2.0377    384.09   0.0      2.35  46.7  25.10.2025  01:51:22
  7   8  11  12  $12    1.000     2.6182    493.52   0.0     -1.52 106.0  25.10.2025  01:51:24
  5   6  13  14  $12   10.000    11.0556   1750.50   3.1   -174.26  31.2  25.10.2025  01:51:32
  6   7  14  15  $12   10.000    13.2356   2095.68   0.0    -24.36   6.2  25.10.2025  01:51:34
  7   8  15  16  $12   10.000     5.5763    882.93   0.0      3.28   4.2  25.10.2025  01:51:36
  9  10  13  14  $12   10.000    16.3371    307.95   0.4    -50.47   3.9  25.10.2025  01:51:38
 10  11  14  15  $12    1.000     4.9345    930.13   0.0     -5.92  10.1  25.10.2025  01:51:43
 11  12  15  16  $12    1.000     2.0504    386.50   0.0     -4.68   2.5  25.10.2025  01:51:45
  1   2   6   7  $12    1.000     3.2849   1238.39   0.1     -4.96  13.0  25.10.2025  01:51:47
  2   3   7   8  $12    1.000     2.3899    900.97   0.2     -4.06  42.0  25.10.2025  01:51:49
  1   2   7   8  $12   10.000    18.3219   1208.76   0.0      3.81   2.4  25.10.2025  01:51:53
  2   3   7   8  $12    1.000     2.3680    892.70   0.0     -1.18   7.8  25.10.2025  01:51:57
  1   2  10  11  $12   10.000    12.7025   2873.25   0.0      3.86   1.9  25.10.2025  01:52:01
  2   3  11  12  $12   10.000     9.8061   2218.09   0.0      4.08   2.8  25.10.2025  01:52:03
  1   2  11  12  $12   10.000    10.7432   3341.31   0.0     -0.99   9.9  25.10.2025  01:52:05
  2   3  11  12  $12   10.000     9.7948   2215.54   0.0      3.64   2.4  25.10.2025  01:52:07
  1   2  14  15  $12    1.000     9.6943  66515.07   0.0      3.19   1.7  25.10.2025  01:52:12
  2   3  15  16  $12    1.000     3.3637  23079.13   0.0     -0.71  61.7  25.10.2025  01:52:14
  1   2  15  16  $12    1.000     3.4110  29254.50   0.0     -3.47  12.4  25.10.2025  01:52:16
  2   3  15  16  $12    1.000     3.3602  23055.19   0.0      1.34  10.1  25.10.2025  01:52:18
  5   6  10  11  $12    1.000     2.7296   1029.04   0.4     -5.94  74.5  25.10.2025  01:52:20
  6   7  11  12  $12    1.000     2.0122    758.58   0.0      6.08  47.6  25.10.2025  01:52:22
  5   6  11  12  $12    1.000     2.2328   1473.08   0.0    -12.89   1.3  25.10.2025  01:52:24
  6   7  11  12  $12    1.000     2.0053    755.99   0.0      3.74   9.5  25.10.2025  01:52:26
  5   6  14  15  $12    1.000     2.9642   6704.90   0.0    -13.73   0.9  25.10.2025  01:52:28
  6   7  15  16  $12   10.000     6.5280   1476.60   0.0    -26.65   2.7  25.10.2025  01:52:32
  5   6  15  16  $12   10.000    11.4996   3576.58   0.0    -31.12   2.6  25.10.2025  01:52:34
  6   7  15  16  $12   10.000     6.4847   1466.81   0.0    -19.17   5.1  25.10.2025  01:52:36
  9  10  14  15  $12    1.000     3.9088   1473.60   0.0     27.61   0.8  25.10.2025  01:52:41
 10  11  15  16  $12    1.000     2.1954    827.66   0.0     -3.54  13.1  25.10.2025  01:52:43
  9  10  15  16  $12   10.000    17.9229   1182.43   0.3    -27.82   5.8  25.10.2025  01:52:47
 10  11  15  16  $12   10.000    21.8289    822.93   0.0      5.77   0.1  25.10.2025  01:52:49
