//C:\Users\user\Desktop\GeoTom\GeoTomE724.ini
//- Cable direction:
//  cable I: normal
//  cable II: normal
//  cable III: normal
//  cable IV: normal
//- Cable arrangement: sequential
//- Optimization: Last measurement
//- Sorting: Multi-level
//- Current levels: 0.001 mA .. 50.0 mA
Type:         Flow
Name:         Hyprop
Comment:      Example of a measurements sequence
Comment:      
Comment:      
Spacing:      1.00000
First El:     0.00000
Nr of points: 289
IP present:   1

  1   5   2   6  $12    0.010     5.1634   2211.98   0.1     -0.54 322.0  25.10.2025  22:40:05
  1   5   3   7  $12    0.100    16.4994   3110.07   0.0      3.43   1.3  25.10.2025  22:40:09
  1   5   4   8  $12    0.100     9.4941   1252.72   0.0      3.70   1.6  25.10.2025  22:40:11
  1   5  14   2  $12    0.100   -14.7767   1324.73   0.0     16.44   0.4  25.10.2025  22:40:13
  1   5  15   3  $12    0.100    -3.2717   7194.85   0.0      0.49   7.2  25.10.2025  22:40:15
  1   5  16   4  $12    1.000    -6.4772     63.35   0.0     22.68   1.9  25.10.2025  22:40:19
  1   5  13   9  $12    0.100     9.3028   7014.18   0.0     28.44   0.5  25.10.2025  22:40:24
  1   5  14  10  $12    0.100     7.5796   8706.25   0.0     -6.97   6.8  25.10.2025  22:40:26
  1   5  15  11  $12    0.100     5.6248   9277.16   0.0      1.85  23.1  25.10.2025  22:40:28
  1   5  16  12  $12    0.100     4.7761  10831.37   0.1      0.67 162.4  25.10.2025  22:40:30
  1   5  10   6  $12    0.010     2.9050   2566.77   0.5     -3.92 108.2  25.10.2025  22:40:35
  1   5  11   7  $12    0.100     7.4670   1759.37   0.0      3.69   0.2  25.10.2025  22:40:38
  1   5  12   8  $12    0.100     4.0808   1850.93   0.1     -1.25  84.3  25.10.2025  22:40:40
  2   6   1   5  $12    0.010     5.6503   2420.58   0.0      4.78   5.9  25.10.2025  22:40:45
  2   6   3   7  $12    0.010     4.4555   1908.74   0.0      1.30  42.3  25.10.2025  22:40:47
  2   6   4   8  $12    0.100    18.9842   3578.44   0.0     -2.23   1.3  25.10.2025  22:40:51
  2   6  13   1  $12    0.100   -18.1912   1341.62   0.0    -12.00   5.4  25.10.2025  22:40:53
  2   6  15   3  $12    0.010    -2.4346   2182.63   0.0      2.72   4.1  25.10.2025  22:40:58
  2   6  16   4  $12    0.100    -8.0833  17776.12   0.0     -6.50   0.9  25.10.2025  22:41:02
  2   6  13   9  $12    0.100     4.2638   1933.93   0.1    405.09   0.3  25.10.2025  22:41:04
  2   6  14  10  $12    0.100     6.0151   4535.26   0.0     -0.24 154.5  25.10.2025  22:41:06
  2   6  15  11  $12    0.100     5.5674   6394.95   0.0      8.45   3.2  25.10.2025  22:41:08
  2   6  16  12  $12    0.100     5.2041   8583.37   0.0      0.05 3212.9  25.10.2025  22:41:10
  2   6   9   5  $12    0.010     3.5418   4673.25   0.0    -29.98   1.5  25.10.2025  22:41:15
  2   6  11   7  $12    0.100    14.0768   1243.79   0.0      3.65   1.1  25.10.2025  22:41:18
  2   6  12   8  $12    0.100     5.6841   1339.27   0.0      1.69  22.8  25.10.2025  22:41:20
  3   7   1   5  $12    0.100    16.2829   3069.26   0.0     -0.07 209.7  25.10.2025  22:41:22
  3   7   2   6  $12    0.010     4.4842   1921.04   0.1     -3.06  71.0  25.10.2025  22:41:27
  3   7   4   8  $12    0.010     3.7127   1590.53   0.3     -7.64  24.8  25.10.2025  22:41:29
  3   7  13   1  $12    0.100    -5.1597    810.48   0.0      9.34   0.4  25.10.2025  22:41:33
  3   7  14   2  $12    0.010    -2.4915   1837.48   0.0      7.22   1.2  25.10.2025  22:41:38
  3   7  16   4  $12    0.100   -17.7466   1590.98   0.0      2.22   1.2  25.10.2025  22:41:41
  3   7  13   9  $12    0.100     6.2657   1476.31   0.0     -5.99   8.9  25.10.2025  22:41:44
  3   7  14  10  $12    0.100     5.8136   2636.87   0.0     -3.58  14.4  25.10.2025  22:41:45
  3   7  15  11  $12    0.100     6.3080   4756.12   0.0      0.48 117.0  25.10.2025  22:41:47
  3   7  16  12  $12    0.100     6.2149   7138.70   0.1      1.79  45.0  25.10.2025  22:41:49
  3   7   9   5  $12    0.100     4.8543    915.01   0.0      4.68   2.7  25.10.2025  22:41:51
  3   7  10   6  $12    0.100    14.0662   1855.99   0.0      2.50   8.5  25.10.2025  22:41:53
  3   7  12   8  $12    0.100    12.8079   1131.67   0.0      3.43  14.0  25.10.2025  22:41:55
  4   8   1   5  $12    0.100     9.3906   1239.06   0.0      1.14  68.5  25.10.2025  22:41:57
  4   8   2   6  $12    0.100    19.3243   3642.54   0.0      0.69  10.0  25.10.2025  22:41:59
  4   8   3   7  $12    0.010     3.7048   1587.12   0.0     -2.37   1.4  25.10.2025  22:42:04
  4   8  13   1  $12    0.100    -2.4565    552.48   0.0     12.71   1.1  25.10.2025  22:42:08
  4   8  14   2  $12    0.100    -8.9368   1403.79   0.0     -0.79  60.6  25.10.2025  22:42:10
  4   8  15   3  $12    0.100   -18.0538   1331.48   0.0     -0.09  85.5  25.10.2025  22:42:12
  4   8  13   9  $12    0.100     5.4270    479.51   0.0     -4.33  16.6  25.10.2025  22:42:14
  4   8  14  10  $12    0.100     5.3065   1250.31   0.0     -0.61  66.7  25.10.2025  22:42:16
  4   8  15  11  $12    0.100     6.2699   2843.82   0.0     -0.58  56.1  25.10.2025  22:42:18
  4   8  16  12  $12    0.100     6.4911   4894.16   0.0      0.41 175.2  25.10.2025  22:42:20
  4   8   9   5  $12    1.000    15.1428     64.87   0.0     15.03   1.0  25.10.2025  22:42:24
  4   8  10   6  $12    0.100     5.1428    969.40   0.0     11.74  15.9  25.10.2025  22:42:29
  4   8  11   7  $12    0.100    12.4730   1645.78   0.0      2.20  26.0  25.10.2025  22:42:31
  5   9   6  10  $12    0.010     5.6182   2406.83   0.0    -32.28   1.1  25.10.2025  22:42:36
  5   9   7  11  $12    0.100    18.0586   3403.97   0.0     -0.43  18.5  25.10.2025  22:42:40
  5   9   8  12  $12    0.100    10.6257   1402.03   0.0      1.13  32.0  25.10.2025  22:42:41
  5   9   2   6  $12    0.010    -3.1264   4125.15   0.3    -48.72   4.9  25.10.2025  22:42:46
  5   9   3   7  $12    0.100    -4.9323    929.72   0.0      7.90   0.5  25.10.2025  22:42:50
  5   9   4   8  $12    1.000   -13.0318     55.83   0.5    228.75   0.1  25.10.2025  22:42:54
  5   9   1  13  $12    0.100     6.8121   1712.07   0.1    -15.47   4.4  25.10.2025  22:42:59
  5   9   2  14  $12    0.100     7.3786   1659.52   0.0     -2.81   1.6  25.10.2025  22:43:01
  5   9   3  15  $12    0.100     5.5105    865.58   0.0    -13.51   1.4  25.10.2025  22:43:03
  5   9   4  16  $12    0.100     5.3420    393.98   0.0     -3.90   5.0  25.10.2025  22:43:05
  5   9  14  10  $12    0.100    16.8818   1491.63   0.0     -2.73  20.0  25.10.2025  22:43:07
  5   9  15  11  $12    0.100     7.6627   1805.47   0.0      1.79  21.4  25.10.2025  22:43:09
  5   9  16  12  $12    0.100     3.8219   1733.48   0.0     -3.31  17.8  25.10.2025  22:43:11
  6  10   5   9  $12    0.010     5.7899   2480.39   0.1    -19.37   2.6  25.10.2025  22:43:16
  6  10   7  11  $12    0.010     3.4154   1463.14   0.2      0.51 1019.5  25.10.2025  22:43:18
  6  10   8  12  $12    0.100    16.3387   3079.77   0.0     -0.07  34.7  25.10.2025  22:43:21
  6  10   1   5  $12    0.010    -3.5225   3112.35   0.0     21.41   3.7  25.10.2025  22:43:26
  6  10   3   7  $12    0.100   -13.4747   1777.95   0.0     -2.74   1.9  25.10.2025  22:43:30
  6  10   4   8  $12    0.100    -4.7426    893.96   0.0      5.68   1.3  25.10.2025  22:43:32
  6  10   1  13  $12    0.100     4.0405    908.75   0.0    123.64   0.3  25.10.2025  22:43:34
  6  10   2  14  $12    0.100     5.8348   1466.45   0.0     40.12   1.1  25.10.2025  22:43:36
  6  10   3  15  $12    0.100     4.9304   1108.89   0.0     28.56   0.6  25.10.2025  22:43:38
  6  10   4  16  $12    0.100     5.3892    846.53   0.0      7.96   0.9  25.10.2025  22:43:40
  6  10  13   9  $12    0.100    19.7510   2606.09   0.0    -96.82   0.6  25.10.2025  22:43:42
  6  10  15  11  $12    0.100    15.2572   1348.09   0.0     -8.03   0.9  25.10.2025  22:43:44
  6  10  16  12  $12    0.100     6.1859   1457.53   0.0    -10.25   3.9  25.10.2025  22:43:46
  7  11   5   9  $12    0.100    18.1093   3413.52   0.0      0.82  15.3  25.10.2025  22:43:48
  7  11   6  10  $12    0.010     3.4206   1465.39   0.7     -6.17  57.1  25.10.2025  22:43:53
  7  11   8  12  $12    0.010     3.0925   1324.81   0.1     -6.23 188.3  25.10.2025  22:43:55
  7  11   1   5  $12    0.100    -7.5200   1771.85   0.0      6.36   4.7  25.10.2025  22:43:59
  7  11   2   6  $12    0.100   -14.2452   1258.67   0.0      7.65   2.3  25.10.2025  22:44:01
  7  11   4   8  $12    0.100   -12.5099   1650.65   0.0      3.62  34.3  25.10.2025  22:44:03
  7  11   1  13  $12    0.100     3.2042    503.31   0.0      9.75   1.7  25.10.2025  22:44:05
  7  11   2  14  $12    0.100     4.8058   1080.87   0.0     -0.04 -2794.1  25.10.2025  22:44:07
  7  11   3  15  $12    0.100     4.7261   1187.80   0.0     -0.24  67.9  25.10.2025  22:44:09
  7  11   4  16  $12    0.100     5.4205   1219.12   0.0     -2.29   2.8  25.10.2025  22:44:11
  7  11  13   9  $12    0.100     7.3998   1394.82   0.0     -9.06   8.1  25.10.2025  22:44:13
  7  11  14  10  $12    0.100    15.0044   1979.79   0.0     -1.29  33.1  25.10.2025  22:44:15
  7  11  16  12  $12    0.100    13.3050   1175.59   0.0      1.56  22.5  25.10.2025  22:44:17
  8  12   5   9  $12    0.100    10.6985   1411.63   0.0      0.83  22.8  25.10.2025  22:44:19
  8  12   6  10  $12    0.100    16.4440   3099.63   0.0      4.07   5.3  25.10.2025  22:44:21
  8  12   7  11  $12    0.010     3.1519   1350.28   0.0     -2.21   6.8  25.10.2025  22:44:26
  8  12   1   5  $12    0.100    -4.0949   1857.33   0.0      7.39   3.6  25.10.2025  22:44:30
  8  12   2   6  $12    0.100    -5.6871   1339.99   0.0     13.71   5.3  25.10.2025  22:44:32
  8  12   3   7  $12    0.100   -12.6642   1118.97   0.0      4.03  12.5  25.10.2025  22:44:34
  8  12   1  13  $12    0.100     2.6315    194.07   0.0      9.51   7.0  25.10.2025  22:44:36
  8  12   2  14  $12    0.100     4.2499    667.58   0.0     -1.53  36.4  25.10.2025  22:44:38
  8  12   3  15  $12    0.100     4.6235   1039.87   0.0     -0.11 147.7  25.10.2025  22:44:40
  8  12  16   4  $12    0.100    -5.5787   1402.08   0.0      2.98  11.4  25.10.2025  22:44:42
  8  12   9  13  $12    0.100    -3.9444    168.98   0.0     -8.31   5.8  25.10.2025  22:44:44
  8  12  10  14  $12    0.100    -6.4809   1221.62   0.0      3.05  24.7  25.10.2025  22:44:46
  8  12  11  15  $12    0.100   -13.9735   1843.76   0.0      1.60   3.9  25.10.2025  22:44:48
  9  13  10  14  $12    0.010     4.4411   1902.56   0.0     94.63   0.9  25.10.2025  22:44:53
  9  13  11  15  $12    0.100    16.5243   3114.76   0.0      9.59   0.9  25.10.2025  22:44:56
  9  13  12  16  $12    0.100    10.3836   1370.08   0.0     10.43   4.2  25.10.2025  22:44:58
  9  13   6  10  $12    0.100   -20.8321   2748.73   0.0    -90.82   0.5  25.10.2025  22:45:00
  9  13   7  11  $12    0.100    -7.4326   1401.02   0.0     -4.37  25.9  25.10.2025  22:45:02
  9  13   8  12  $12    0.100    -3.9550    169.43   0.0      1.13 145.7  25.10.2025  22:45:04
  9  13   5   1  $12    0.100     9.0044   6789.17   0.1     47.16   1.8  25.10.2025  22:45:06
  9  13   6   2  $12    0.100     3.5826   1624.93   0.1    517.90   0.3  25.10.2025  22:45:08
  9  13   7   3  $12    0.100     6.2792   1479.50   0.0     -4.88  15.2  25.10.2025  22:45:10
  9  13   8   4  $12    0.100     5.4863    484.75   0.0     -2.97   3.3  25.10.2025  22:45:12
  9  13   2  14  $12    0.100    18.1323   1337.27   0.0    136.89   0.1  25.10.2025  22:45:14
  9  13   3  15  $12    0.100     2.8057    440.72   0.0     76.21   0.2  25.10.2025  22:45:16
  9  13   4  16  $12    1.000     7.2868    163.89   0.1    -17.53   2.7  25.10.2025  22:45:20
 10  14   9  13  $12    0.010     4.6350   1985.64   0.1     61.93   1.7  25.10.2025  22:45:28
 10  14  11  15  $12    0.010     2.9754   1274.66   0.2      4.72 278.7  25.10.2025  22:45:30
 10  14  12  16  $12    0.100    17.1203   3227.10   0.0      8.49   0.2  25.10.2025  22:45:34
 10  14   5   9  $12    0.100   -16.8894   1492.31   0.0     -0.83 119.5  25.10.2025  22:45:36
 10  14   7  11  $12    0.100   -15.0237   1982.33   0.0     -1.68 110.3  25.10.2025  22:45:38
 10  14   8  12  $12    0.100    -6.5829   1240.85   0.0      1.69  10.2  25.10.2025  22:45:40
 10  14   5   1  $12    0.100     7.6777   8818.96   0.0     -1.35  45.8  25.10.2025  22:45:42
 10  14   6   2  $12    0.100     6.3636   4798.02   0.0      8.21   1.1  25.10.2025  22:45:44
 10  14   7   3  $12    0.100     5.9230   2686.46   0.0     -2.17  24.9  25.10.2025  22:45:46
 10  14   8   4  $12    0.100     5.4232   1277.81   0.0     -2.11   2.2  25.10.2025  22:45:48
 10  14   1  13  $12    0.100    21.9899   1971.40   0.0    145.31   0.1  25.10.2025  22:45:50
 10  14   3  15  $12    0.100     8.8668    653.93   0.0      9.71   0.2  25.10.2025  22:45:52
 10  14   4  16  $12    0.100     5.2411    823.26   0.0     19.12   0.1  25.10.2025  22:45:54
 11  15   9  13  $12    0.100    16.9352   3192.21   0.0      6.37   7.4  25.10.2025  22:45:56
 11  15  10  14  $12    0.010     3.0982   1327.28   0.0     -9.20   1.7  25.10.2025  22:46:01
 11  15  12  16  $12    0.010     4.3237   1852.28   0.2    -19.38  12.7  25.10.2025  22:46:03
 11  15   5   9  $12    0.100    -7.7146   1817.71   0.0      2.46   9.4  25.10.2025  22:46:07
 11  15   6  10  $12    0.100   -15.0281   1327.85   0.0     -1.21   2.2  25.10.2025  22:46:09
 11  15   8  12  $12    0.100   -13.8238   1824.01   0.0      3.16   6.2  25.10.2025  22:46:11
 11  15   5   1  $12    0.100     5.5987   9234.10   0.0     -3.29  17.5  25.10.2025  22:46:13
 11  15   6   2  $12    0.100     5.8787   6752.55   0.1     -0.70  92.2  25.10.2025  22:46:15
 11  15   7   3  $12    0.100     6.2973   4748.09   0.0      0.58  15.7  25.10.2025  22:46:17
 11  15   8   4  $12    0.100     6.2691   2843.46   0.0      0.01 489.2  25.10.2025  22:46:19
 11  15   1  13  $12    0.100     3.6229   7967.15   0.1     36.55   3.2  25.10.2025  22:46:21
 11  15   2  14  $12    0.100     9.6956    869.22   0.0    -10.11   6.1  25.10.2025  22:46:23
 11  15   4  16  $12    0.100    22.1026   1630.08   0.0    -30.07   0.5  25.10.2025  22:46:25
 12  16   9  13  $12    0.100    10.7054   1412.55   0.0     13.41   6.2  25.10.2025  22:46:27
 12  16  10  14  $12    0.100    17.4614   3291.39   0.0     12.19   3.8  25.10.2025  22:46:29
 12  16  11  15  $12    0.010     4.1689   1785.96   0.0     -2.72   2.2  25.10.2025  22:46:34
 12  16   5   9  $12    0.100    -3.8484   1745.53   0.0      2.18  13.3  25.10.2025  22:46:37
 12  16   6  10  $12    0.100    -6.0269   1420.05   0.0      5.88   8.2  25.10.2025  22:46:39
 12  16   7  11  $12    0.100   -13.4871   1191.68   0.0      1.27   4.4  25.10.2025  22:46:41
 12  16   5   1  $12    0.100     4.8248  10941.78   0.0     -0.53 208.8  25.10.2025  22:46:43
 12  16   6   2  $12    0.100     5.4985   9068.85   0.1     -0.43 382.7  25.10.2025  22:46:45
 12  16   7   3  $12    0.100     6.2986   7234.88   0.0     -0.87  46.4  25.10.2025  22:46:47
 12  16   8   4  $12    0.100     6.6044   4979.60   0.0     -0.75   7.4  25.10.2025  22:46:49
 12  16  13   1  $12    0.100    -2.0195    197.52   0.1     78.45   3.2  25.10.2025  22:46:51
 12  16  14   2  $12    0.100    -5.8880  12948.42   0.0     34.23   1.2  25.10.2025  22:46:53
 12  16  15   3  $12    0.100   -21.6350   1939.59   0.0      6.32   0.6  25.10.2025  22:46:55
 13   1  14   2  $12    0.010     4.2557   1459.44   0.0     84.18   0.2  25.10.2025  22:47:00
 13   1  15   3  $12    0.100    11.6451    883.06   0.0      9.33   0.1  25.10.2025  22:47:04
 13   1  16   4  $12    0.100     6.8632    882.06   0.0     11.82   5.8  25.10.2025  22:47:06
 13   1  10  14  $12    0.100   -18.4071   1650.20   0.0    108.05   0.8  25.10.2025  22:47:08
 13   1  11  15  $12    0.100    -3.3197   7300.37   0.0     28.56   0.1  25.10.2025  22:47:10
 13   1  12  16  $12    1.000   -18.3198    179.18   0.0     16.72   1.2  25.10.2025  22:47:14
 13   1   9   5  $12    0.100     6.7003   1683.97   0.0     -9.84   2.7  25.10.2025  22:47:19
 13   1  10   6  $12    0.100     3.8289    861.15   0.0     93.19   0.5  25.10.2025  22:47:21
 13   1  11   7  $12    0.100     3.1361    492.62   0.0      2.80  45.5  25.10.2025  22:47:23
 13   1  12   8  $12    0.100     2.5688    189.45   0.4      4.42  98.3  25.10.2025  22:47:25
 13   1   6   2  $12    0.100    18.1409   1337.90   0.0    -11.44   7.5  25.10.2025  22:47:27
 13   1   7   3  $12    0.100     5.1606    810.62   0.0      0.87 101.2  25.10.2025  22:47:29
 13   1   8   4  $12    0.100     2.4241    545.20   0.0     -4.92   4.0  25.10.2025  22:47:31
 14   2  13   1  $12    0.010     4.2014   1440.81   0.0     69.71   0.0  25.10.2025  22:47:36
 14   2  15   3  $12    0.010     3.9013   1337.90   0.0      0.81 102.0  25.10.2025  22:47:38
 14   2  16   4  $12    0.100    18.1145   1373.65   0.0     18.35   0.1  25.10.2025  22:47:41
 14   2   9  13  $12    0.100   -19.7238   1454.65   0.0    145.98   0.5  25.10.2025  22:47:43
 14   2  11  15  $12    0.100    -8.6358    774.20   0.0     31.41   1.0  25.10.2025  22:47:45
 14   2  12  16  $12    0.100    -5.2052  11446.78   0.0     67.00   2.0  25.10.2025  22:47:48
 14   2   9   5  $12    0.100     7.2416   1628.69   0.0     -2.85   9.4  25.10.2025  22:47:50
 14   2  10   6  $12    0.100     5.3769   1351.37   0.0     43.60   0.4  25.10.2025  22:47:52
 14   2  11   7  $12    0.100     4.6341   1042.26   0.0      2.10   4.6  25.10.2025  22:47:53
 14   2  12   8  $12    0.100     4.0884    642.21   0.1      3.58  59.8  25.10.2025  22:47:55
 14   2   5   1  $12    0.100    14.7412   1321.55   0.1     13.66   1.3  25.10.2025  22:47:57
 14   2   7   3  $12    0.010     2.5250   1862.21   0.0     -5.54   1.1  25.10.2025  22:48:02
 14   2   8   4  $12    0.100     8.8021   1382.63   0.0     -1.98   1.5  25.10.2025  22:48:06
 15   3  13   1  $12    0.100    11.8128    895.79   0.0     14.99   0.3  25.10.2025  22:48:08
 15   3  14   2  $12    0.010     3.9101   1340.92   0.0     -1.08   9.3  25.10.2025  22:48:13
 15   3  16   4  $12    0.010     4.5265   1552.30   0.0     -2.58   8.3  25.10.2025  22:48:15
 15   3   9  13  $12    0.100    -3.1363    492.65   0.0     83.33   0.5  25.10.2025  22:48:19
 15   3  10  14  $12    0.100    -9.3639    690.59   0.0      8.87   3.5  25.10.2025  22:48:21
 15   3  12  16  $12    0.100   -21.6597   1941.80   0.0    -16.18   1.1  25.10.2025  22:48:23
 15   3   9   5  $12    0.100     5.4776    860.42   0.0     -4.70  18.8  25.10.2025  22:48:25
 15   3  10   6  $12    0.100     4.8117   1082.20   0.0     27.44   1.7  25.10.2025  22:48:27
 15   3  11   7  $12    0.100     4.7280   1188.28   0.0     -0.66  54.6  25.10.2025  22:48:29
 15   3  12   8  $12    0.100     4.6164   1038.28   0.0     -1.83  87.2  25.10.2025  22:48:31
 15   3   5   1  $12    0.100     3.2263   7094.98   0.1    -15.69  22.6  25.10.2025  22:48:33
 15   3   6   2  $12    0.010     2.5129   2252.79   0.0    -18.75   6.0  25.10.2025  22:48:38
 15   3   8   4  $12    0.100    17.9630   1324.78   0.0      0.09  27.4  25.10.2025  22:48:41
 16   4  13   1  $12    0.100     7.1134    914.21   0.0     23.89   0.9  25.10.2025  22:48:44
 16   4  14   2  $12    0.100    19.1543   1452.50   0.0      8.31   2.9  25.10.2025  22:48:46
 16   4  15   3  $12    0.010     4.5196   1549.93   0.0     -9.80   0.7  25.10.2025  22:48:50
 16   4   9  13  $12    1.000   -13.0665    293.88   0.0    101.74   0.6  25.10.2025  22:48:56
 16   4  10  14  $12    0.100    -5.3134    834.63   0.1     43.00   0.5  25.10.2025  22:49:01
 16   4  11  15  $12    0.100   -21.2634   1568.20   0.0      9.15   0.0  25.10.2025  22:49:03
 16   4   9   5  $12    0.100     5.3098    391.60   0.0     -0.71   9.0  25.10.2025  22:49:05
 16   4  10   6  $12    0.100     5.2139    819.00   0.0      4.35   5.4  25.10.2025  22:49:07
 16   4  11   7  $12    0.100     5.3220   1196.96   0.0      1.04  65.1  25.10.2025  22:49:09
 16   4  12   8  $12    0.100     5.5245   1388.45   0.1      3.21  11.0  25.10.2025  22:49:11
 16   4   5   1  $12    1.000     4.2103     41.18   0.0     26.76   2.5  25.10.2025  22:49:15
 16   4   6   2  $12    0.100     8.2670  18180.08   0.0     -5.98  12.0  25.10.2025  22:49:19
 16   4   7   3  $12    0.100    17.8319   1598.63   0.0     -0.74   5.4  25.10.2025  22:49:21
  1   4   2   3  $12    0.010     2.4955   1567.96   0.0      1.71   7.3  25.10.2025  22:49:26
  2   3   1   4  $12    0.010     2.5020   1572.06   0.0     -0.70 139.3  25.10.2025  22:49:28
  1   2   3   4  $12    0.100   -12.8489   2421.96   0.0      0.13  66.5  25.10.2025  22:49:32
  3   4   1   2  $12    0.100   -12.6491   2384.29   0.0     -7.95  10.3  25.10.2025  22:49:34
  5   8   6   7  $12    0.010     3.1260   1964.13   0.0     -3.05  47.6  25.10.2025  22:49:39
  6   7   5   8  $12    0.010     3.4592   2173.50   0.0      6.28   4.8  25.10.2025  22:49:41
  5   6   7   8  $12    0.100    -4.8272    909.91   0.0      4.32   4.5  25.10.2025  22:49:45
  7   8   5   6  $12    0.100    -4.8744    918.80   0.6     10.42  17.1  25.10.2025  22:49:47
  9  12  10  11  $12    0.100    18.2459   1146.42   0.0      2.76  24.3  25.10.2025  22:49:49
 10  11   9  12  $12    0.100    18.1448   1140.07   0.1      7.15   5.2  25.10.2025  22:49:51
  9  10  11  12  $12    0.100    -4.8813    920.10   0.2     -6.53  24.2  25.10.2025  22:49:53
 11  12   9  10  $12    0.100    -4.9176    926.95   0.0     -9.05  30.9  25.10.2025  22:49:55
 13  16  14  15  $12    0.010     3.8705   2431.88   0.1     61.87   0.3  25.10.2025  22:50:00
 14  15  13  16  $12    0.010     3.7532   2358.23   0.1     55.34   1.6  25.10.2025  22:50:02
 13  14  15  16  $12    1.000   -15.4922    292.02   0.0    -22.00   2.6  25.10.2025  22:50:07
  1   9  10   2  $12    0.010    -4.6205   1662.70   0.0      8.68   0.7  25.10.2025  22:50:15
  1   9  11   3  $12    0.010    -2.1726   1861.48   0.0      8.48   1.4  25.10.2025  22:50:17
  1   9  12   4  $12    0.100   -14.3763   2403.91   0.0      2.17   2.8  25.10.2025  22:50:21
  2  10   9   1  $12    0.010    -4.6389   1669.33   0.0      5.94   7.1  25.10.2025  22:50:25
  2  10  11   3  $12    0.010    -5.0069   1801.75   0.2      2.13 174.3  25.10.2025  22:50:27
  2  10  12   4  $12    0.010    -2.4800   2124.84   0.0      4.68   3.4  25.10.2025  22:50:29
  3  11   9   1  $12    0.010    -2.1727   1861.54   0.3      6.64  20.5  25.10.2025  22:50:31
  3  11  10   2  $12    0.010    -4.9843   1793.62   0.2      1.16 291.7  25.10.2025  22:50:33
  3  11  12   4  $12    0.010    -4.2630   1534.05   0.0      4.65  37.8  25.10.2025  22:50:35
 12   4   9   1  $12    0.100    14.4915   2423.17   0.0     -0.93   2.8  25.10.2025  22:50:39
 12   4  10   2  $12    0.010     2.5197   2158.89   0.0     -4.92   1.6  25.10.2025  22:50:44
 12   4  11   3  $12    0.010     4.3011   1547.77   0.0     -2.04   4.6  25.10.2025  22:50:46
 13   5  14   6  $12    0.010     6.2471   2248.06   0.0     61.59   0.9  25.10.2025  22:50:48
 13   5  15   7  $12    0.100    19.5945   1678.85   0.0      9.39   0.3  25.10.2025  22:50:52
 13   5  16   8  $12    0.100    13.3086   2225.39   0.0      8.92   2.9  25.10.2025  22:50:54
 14   6  13   5  $12    0.010     6.5212   2346.68   0.0     53.69   0.3  25.10.2025  22:50:59
 14   6  15   7  $12    0.010     3.3245   1196.36   0.1     17.64   6.2  25.10.2025  22:51:01
 14   6  16   8  $12    0.010     2.0612   1765.99   0.0     22.69   8.9  25.10.2025  22:51:03
 15   7  13   5  $12    0.010     2.0110   1723.06   0.1      3.84  43.9  25.10.2025  22:51:05
 15   7  14   6  $12    0.010     3.4814   1252.80   0.1      2.56  35.3  25.10.2025  22:51:07
 15   7  16   8  $12    0.010     4.6657   1678.99   0.0     -7.19  10.5  25.10.2025  22:51:09
 16   8  13   5  $12    0.100    13.5081   2258.74   0.0     12.18   0.7  25.10.2025  22:51:12
 16   8  14   6  $12    0.100    20.9878   1798.23   0.0     14.20   0.8  25.10.2025  22:51:14
 16   8  15   7  $12    0.010     4.5868   1650.57   0.0     -3.34   5.2  25.10.2025  22:51:19
  1   2   5   6  $12    1.000    11.2325   2117.27   0.1    -70.53   0.3  25.10.2025  22:51:25
  2   3   6   7  $12    1.000     4.3016    810.83   0.0    141.74   0.7  25.10.2025  22:51:27
  3   4   7   8  $12   10.000    15.3527    289.39   0.0      1.72   9.9  25.10.2025  22:51:30
  1   2   9  10  $12   10.000    11.6577   1845.84   0.9    184.56   3.8  25.10.2025  22:51:32
  2   3  10  11  $12   10.000    11.0837   1754.95   0.0      1.23   6.7  25.10.2025  22:51:34
  3   4  11  12  $12   10.000     5.8534    926.81   0.0     -5.42  19.7  25.10.2025  22:51:36
  1   2  13  14  $12    1.000    11.9050  64179.65   0.0      3.02   0.7  25.10.2025  22:51:41
  2   3  14  15  $12    1.000     9.4790  51100.90   0.0     -7.07   4.5  25.10.2025  22:51:43
  3   4  15  16  $12   10.000    18.8438  10158.66   0.0     -8.99   0.3  25.10.2025  22:51:47
  5   6   9  10  $12    1.000    10.5695   1992.30   0.7   -656.28   1.3  25.10.2025  22:51:53
  6   7  10  11  $12    1.000     5.7576   1085.29   0.4    202.42   4.1  25.10.2025  22:51:55
  7   8  11  12  $12    1.000     2.5440    479.54   0.0     -0.49 635.1  25.10.2025  22:51:57
  5   6  13  14  $12    1.000    -1.8516   2931.78   5.9   2013.26   2.8  25.10.2025  22:52:03
  6   7  14  15  $12    1.000     1.1275   1785.17   0.4    -37.88   7.6  25.10.2025  22:52:08
  7   8  15  16  $12   10.000     5.5735    882.49   0.0      6.19   0.6  25.10.2025  22:52:12
  9  10  13  14  $12    1.000     2.9195    550.31   0.1   -247.50   0.4  25.10.2025  22:52:17
 10  11  14  15  $12    1.000     5.6504   1065.07   0.0      9.68   1.7  25.10.2025  22:52:19
 11  12  15  16  $12    1.000     2.5985    489.80   0.0     -8.54  10.4  25.10.2025  22:52:21
  1   2   6   7  $12    1.000     2.7901   1051.84   0.1    302.24   1.4  25.10.2025  22:52:23
  2   3   7   8  $12    1.000     2.3228    875.66   0.0     -3.76  41.3  25.10.2025  22:52:25
  1   2   7   8  $12   10.000    16.4810   1087.31   0.1      6.20  38.7  25.10.2025  22:52:29
  2   3   7   8  $12   10.000    22.6466    853.76   0.0     16.23   4.8  25.10.2025  22:52:31
  1   2  10  11  $12   10.000    19.7140   4459.20   0.0      0.46 130.1  25.10.2025  22:52:33
  2   3  11  12  $12   10.000    11.5486   2612.24   0.6   -234.79   3.0  25.10.2025  22:52:35
  1   2  11  12  $12   10.000    16.6220   5169.72   0.0     -6.93   2.2  25.10.2025  22:52:37
  2   3  11  12  $12   10.000    10.6772   2415.14   0.9   -163.70   6.1  25.10.2025  22:52:39
  1   2  14  15  $12    1.000    17.4038 119411.77   0.0    -14.19   0.2  25.10.2025  22:52:44
  2   3  15  16  $12    1.000     2.7349  18764.71   0.0    -17.64  11.3  25.10.2025  22:52:46
  1   2  15  16  $12    1.000     5.3433  45827.03   0.0     -6.33   2.7  25.10.2025  22:52:48
  2   3  15  16  $12    1.000     2.7254  18699.29   0.0    -14.93   1.4  25.10.2025  22:52:50
  5   6  10  11  $12    1.000     0.3231    121.79   1.0   8327.67   1.2  25.10.2025  22:53:03
  6   7  11  12  $12    1.000     2.7394   1032.75   0.1    -36.60   6.2  25.10.2025  22:53:06
  5   6  11  12  $12    1.000     2.0184   1331.62   0.4    -15.21  27.9  25.10.2025  22:53:08
  6   7  11  12  $12    1.000     2.6531   1000.19   0.2    -50.60   0.9  25.10.2025  22:53:10
  5   6  14  15  $12    1.000     2.0759   4695.57   0.3    -42.39  19.4  25.10.2025  22:53:12
  6   7  15  16  $12    1.000     1.8363   4153.64   0.4    -55.83   2.8  25.10.2025  22:53:17
  5   6  15  16  $12    1.000    -0.9869   3069.42  14.4  -2227.11  40.0  25.10.2025  22:53:40
  6   7  15  16  $12    1.000     3.5187   7959.02   0.2   -335.60   0.5  25.10.2025  22:53:42
  9  10  14  15  $12    1.000     3.3061   1246.36   0.0   -114.66   0.9  25.10.2025  22:53:44
 10  11  15  16  $12    1.000     2.7474   1035.74   0.0      1.14  98.4  25.10.2025  22:53:46
  9  10  15  16  $12    1.000     4.6578   3072.89   0.1   -191.38   0.1  25.10.2025  22:53:48
 10  11  15  16  $12    1.000     2.7403   1033.08   0.0      0.18 221.6  25.10.2025  22:53:50
