//C:\Users\user\Desktop\GeoTom\GeoTomE724.ini
//- Cable direction:
//  cable I: normal
//  cable II: normal
//  cable III: normal
//  cable IV: normal
//- Cable arrangement: sequential
//- Optimization: Last measurement
//- Sorting: Multi-level
//- Current levels: 0.001 mA .. 50.0 mA
Type:         Flow
Name:         Hyprop
Comment:      Example of a measurements sequence
Comment:      
Comment:      
Spacing:      1.00000
First El:     0.00000
Nr of points: 289
IP present:   1

  1   5   2   6  $12    0.010     8.8766   3802.75   0.1    263.90   1.4  26.10.2025  14:40:05
  1   5   3   7  $12    0.100    16.0338   3022.29   0.0      0.83  19.4  26.10.2025  14:40:09
  1   5   4   8  $12    0.100     9.3662   1235.83   0.0     15.05   0.1  26.10.2025  14:40:11
  1   5  14   2  $12    0.100   -20.1046   1802.39   0.0      2.41  16.5  26.10.2025  14:40:13
  1   5  15   3  $12    0.100    -3.1552   6938.58   0.0    -18.46   0.3  26.10.2025  14:40:15
  1   5  16   4  $12    0.100    -0.2328     22.77   0.1    180.48   0.2  26.10.2025  14:40:21
  1   5  13   9  $12    0.100    10.0792   7599.57   0.0    -33.60   3.1  26.10.2025  14:40:22
  1   5  14  10  $12    0.100     7.7205   8868.12   0.0    -24.73   1.2  26.10.2025  14:40:24
  1   5  15  11  $12    0.100     5.6373   9297.87   0.1    -10.17  12.6  26.10.2025  14:40:26
  1   5  16  12  $12    0.100     4.8227  10937.00   0.0     -7.80  10.6  26.10.2025  14:40:29
  1   5  10   6  $12    0.010     8.3006   7334.18   0.5    -16.32  35.3  26.10.2025  14:40:33
  1   5  11   7  $12    0.100     7.4958   1766.16   0.0      3.90   6.8  26.10.2025  14:40:37
  1   5  12   8  $12    0.100     4.5014   2041.67   0.0     24.86   2.2  26.10.2025  14:40:39
  2   6   1   5  $12    0.010    13.9517   5976.91   0.1     -8.25  12.2  26.10.2025  14:40:44
  2   6   3   7  $12    0.010     4.6858   2007.40   0.2    -65.95   4.8  26.10.2025  14:40:46
  2   6   4   8  $12    0.010     2.0356   3836.99   0.1    -35.06   1.7  26.10.2025  14:40:49
  2   6  13   1  $12    0.010   -12.8860   9503.53   0.4   -573.16   0.8  26.10.2025  14:40:51
  2   6  15   3  $12    0.010    -3.3530   3006.00   0.9   -114.46   5.2  26.10.2025  14:40:53
  2   6  16   4  $12    0.010    -0.9158  20138.41   0.6    -52.99  13.3  26.10.2025  14:40:58
  2   6  13   9  $12    0.001    -2.7072 122791.31   0.3   -662.96   0.5  26.10.2025  14:41:03
  2   6  14  10  $12    0.010     0.3137   2365.11   0.2    215.05   1.3  26.10.2025  14:41:10
  2   6  15  11  $12    0.010     0.4167   4786.63   1.1    183.09   5.2  26.10.2025  14:41:16
  2   6  16  12  $12    0.010     0.6519  10751.94   0.8    -79.88   5.3  26.10.2025  14:41:21
  2   6   9   5  $12    0.001     2.8902  38135.06   0.5   -355.42   0.3  26.10.2025  14:41:26
  2   6  11   7  $12    0.010     1.1472   1013.68   0.1     39.15   6.2  26.10.2025  14:41:33
  2   6  12   8  $12    0.010     0.6016   1417.48   0.2     -8.12 159.1  26.10.2025  14:41:38
  3   7   1   5  $12    0.100    15.7678   2972.16   0.0      0.21  95.2  26.10.2025  14:41:42
  3   7   2   6  $12    0.010     3.6511   1564.14   0.3    100.86   4.2  26.10.2025  14:41:47
  3   7   4   8  $12    0.010     3.6680   1571.37   0.2      4.35  95.7  26.10.2025  14:41:49
  3   7  13   1  $12    0.100    -4.0120    630.20   0.0     33.30   3.4  26.10.2025  14:41:53
  3   7  14   2  $12    0.010    -2.5290   1865.18   0.0      7.68   6.1  26.10.2025  14:41:58
  3   7  16   4  $12    0.100   -17.7716   1593.23   0.0      3.25   0.2  26.10.2025  14:42:02
  3   7  13   9  $12    0.100     6.7888   1599.56   0.1    -34.51   7.7  26.10.2025  14:42:04
  3   7  14  10  $12    0.100     5.8171   2638.45   0.0     -8.23  16.5  26.10.2025  14:42:06
  3   7  15  11  $12    0.100     6.3700   4802.90   0.0     -1.74  28.5  26.10.2025  14:42:08
  3   7  16  12  $12    0.100     6.3900   7339.83   0.0      1.05 152.0  26.10.2025  14:42:10
  3   7   9   5  $12    0.100     5.0187    946.01   0.1     30.48   9.2  26.10.2025  14:42:12
  3   7  10   6  $12    0.100    11.5734   1527.07   0.2     -3.05  55.6  26.10.2025  14:42:14
  3   7  12   8  $12    0.100    13.2918   1174.43   0.0     12.04  13.2  26.10.2025  14:42:16
  4   8   1   5  $12    0.100     9.2983   1226.88   0.1      0.69  62.7  26.10.2025  14:42:18
  4   8   2   6  $12    0.100    13.1804   2484.46   0.0     66.29  12.1  26.10.2025  14:42:20
  4   8   3   7  $12    0.010     3.7594   1610.51   0.0      1.32   8.4  26.10.2025  14:42:25
  4   8  13   1  $12    1.000   -17.4221    391.84   0.0      8.82   1.5  26.10.2025  14:42:30
  4   8  14   2  $12    0.100    -8.8849   1395.64   0.0      4.16   5.7  26.10.2025  14:42:35
  4   8  15   3  $12    0.100   -18.1741   1340.35   0.0      1.40  14.1  26.10.2025  14:42:37
  4   8  13   9  $12    0.100     5.6510    499.31   0.0    -19.72  13.1  26.10.2025  14:42:39
  4   8  14  10  $12    0.100     5.2675   1241.14   0.0     -3.69  15.4  26.10.2025  14:42:41
  4   8  15  11  $12    0.100     6.3135   2863.60   0.0     -1.62  34.5  26.10.2025  14:42:43
  4   8  16  12  $12    0.100     6.6261   4995.95   0.1      3.36   9.6  26.10.2025  14:42:45
  4   8   9   5  $12    1.000    19.4138     83.17   0.0      5.20  12.6  26.10.2025  14:42:49
  4   8  10   6  $12    0.100     3.7845    713.35   0.6    225.21   2.6  26.10.2025  14:42:54
  4   8  11   7  $12    0.100    12.9212   1704.91   0.1      0.72 152.7  26.10.2025  14:42:56
  5   9   6  10  $12    0.001     2.4848  10644.82   0.6   -284.85   1.5  26.10.2025  14:43:04
  5   9   7  11  $12    0.100    18.2777   3445.27   0.0     -8.01   0.0  26.10.2025  14:43:14
  5   9   8  12  $12    0.100    10.7848   1423.02   0.0      0.86  56.9  26.10.2025  14:43:16
  5   9   2   6  $12    0.010   -20.1341  26566.32   0.2   -349.22   1.6  26.10.2025  14:43:21
  5   9   3   7  $12    0.100    -5.0778    957.14   0.0     49.25   0.3  26.10.2025  14:43:25
  5   9   4   8  $12    0.100    -1.6357     70.07   0.0    131.69   0.7  26.10.2025  14:43:30
  5   9   1  13  $12    0.100    17.8399   4483.66   0.0   -313.74   0.0  26.10.2025  14:43:32
  5   9   2  14  $12    0.100     8.7074   1958.38   0.4    -68.26   3.6  26.10.2025  14:43:34
  5   9   3  15  $12    0.100     6.3361    995.28   0.0    -77.98   0.0  26.10.2025  14:43:36
  5   9   4  16  $12    0.100     5.6576    417.25   0.0    -30.78   0.3  26.10.2025  14:43:38
  5   9  14  10  $12    0.100    17.3054   1529.06   0.0    -15.43   1.7  26.10.2025  14:43:40
  5   9  15  11  $12    0.100     6.8294   1609.15   0.1     13.03   5.2  26.10.2025  14:43:42
  5   9  16  12  $12    0.100     3.4144   1548.65   0.2     -8.90  27.7  26.10.2025  14:43:44
  6  10   5   9  $12    0.001     2.4427  10464.71   0.1   -346.60   0.7  26.10.2025  14:43:52
  6  10   7  11  $12    0.010     2.9679   1271.44   0.1     25.03   0.3  26.10.2025  14:43:56
  6  10   8  12  $12    0.010     1.4252   2686.41   0.5     49.53  10.3  26.10.2025  14:44:01
  6  10   1   5  $12    0.010    -8.6817   7670.91   0.0    178.82   0.3  26.10.2025  14:44:03
  6  10   3   7  $12    0.010    -1.5216   2007.76   0.3   -136.06   2.3  26.10.2025  14:44:09
  6  10   4   8  $12    0.010    -0.3941    742.91   0.0     95.86   0.2  26.10.2025  14:44:14
  6  10   1  13  $12    0.010    -6.8954  15508.36   0.4   -719.62   0.2  26.10.2025  14:44:16
  6  10   2  14  $12    0.010    -0.4991   1254.36   0.2  -1248.51   1.9  26.10.2025  14:44:22
  6  10   3  15  $12    0.010    -0.3610    811.88   1.9  -1222.54   1.8  26.10.2025  14:44:38
  6  10   4  16  $12    0.010     0.3551    557.81   0.6    249.35   0.8  26.10.2025  14:44:43
  6  10  13   9  $12    0.001     2.8904  38138.10   0.0   -671.25   0.0  26.10.2025  14:44:48
  6  10  15  11  $12    0.010     1.7878   1579.66   0.0   -101.58   0.2  26.10.2025  14:44:55
  6  10  16  12  $12    0.010     0.6167   1453.11   0.3    -49.20  13.1  26.10.2025  14:45:00
  7  11   5   9  $12    0.100    17.9574   3384.89   0.0     -3.32   4.9  26.10.2025  14:45:04
  7  11   6  10  $12    0.010     3.0088   1288.97   0.4    135.32  30.8  26.10.2025  14:45:09
  7  11   8  12  $12    0.010     3.0424   1303.38   0.3      2.29 418.8  26.10.2025  14:45:11
  7  11   1   5  $12    0.100    -7.2626   1711.20   0.0     10.20   0.3  26.10.2025  14:45:15
  7  11   2   6  $12    0.100    -7.7371    683.63   0.8    546.77   1.5  26.10.2025  14:45:17
  7  11   4   8  $12    0.100   -12.9555   1709.44   0.1     14.05  28.1  26.10.2025  14:45:19
  7  11   1  13  $12    0.100     3.4689    544.89   0.3     42.25  10.0  26.10.2025  14:45:21
  7  11   2  14  $12    0.100     4.9568   1114.84   0.4     11.67  12.0  26.10.2025  14:45:24
  7  11   3  15  $12    0.100     4.8767   1225.64   0.0      0.53  33.1  26.10.2025  14:45:26
  7  11   4  16  $12    0.100     5.5136   1240.06   0.0     -1.98   1.1  26.10.2025  14:45:28
  7  11  13   9  $12    0.100     7.2106   1359.16   0.0    -35.35   1.5  26.10.2025  14:45:30
  7  11  14  10  $12    0.100    14.2124   1875.28   0.0     -3.65  18.4  26.10.2025  14:45:32
  7  11  16  12  $12    0.100    13.2590   1171.53   0.0      3.12  14.0  26.10.2025  14:45:34
  8  12   5   9  $12    0.100    10.7252   1415.16   0.1     -3.73  34.8  26.10.2025  14:45:36
  8  12   6  10  $12    0.100    13.5759   2559.00   0.2    173.27   1.4  26.10.2025  14:45:38
  8  12   7  11  $12    0.010     3.1898   1366.50   0.1     -0.68 153.5  26.10.2025  14:45:42
  8  12   1   5  $12    0.100    -4.2048   1907.18   0.0     21.96   1.4  26.10.2025  14:45:46
  8  12   2   6  $12    0.100    -2.6367    621.25   0.2    529.36   5.1  26.10.2025  14:45:49
  8  12   3   7  $12    0.100   -13.1145   1158.76   0.2     10.28  41.1  26.10.2025  14:45:51
  8  12   1  13  $12    0.100     2.7631    203.78   0.8     44.01   8.7  26.10.2025  14:45:53
  8  12   2  14  $12    0.100     4.3912    689.76   0.5      0.78 348.7  26.10.2025  14:45:55
  8  12   3  15  $12    0.100     4.8173   1083.46   0.0      0.81  30.3  26.10.2025  14:45:57
  8  12  16   4  $12    0.100    -5.7104   1435.17   0.2      2.71  48.8  26.10.2025  14:45:59
  8  12   9  13  $12    0.100    -3.7453    160.45   0.0    -44.80   5.1  26.10.2025  14:46:01
  8  12  10  14  $12    0.100    -6.1183   1153.27   0.0      1.06 135.5  26.10.2025  14:46:03
  8  12  11  15  $12    0.100   -13.7603   1815.63   0.0      3.29   6.2  26.10.2025  14:46:05
  9  13  10  14  $12    0.010     4.9258   2110.19   0.0    198.96   0.4  26.10.2025  14:46:10
  9  13  11  15  $12    0.100    14.4423   2722.31   0.0     61.47   0.0  26.10.2025  14:46:13
  9  13  12  16  $12    0.100     9.6562   1274.10   0.0     50.90   1.1  26.10.2025  14:46:15
  9  13   6  10  $12    0.001    -2.3712  31286.97   0.5   -612.56   1.6  26.10.2025  14:46:23
  9  13   7  11  $12    0.100    -7.3275   1381.21   0.0     -5.95   5.2  26.10.2025  14:46:29
  9  13   8  12  $12    0.100    -2.8583    122.45   0.3     78.11   3.1  26.10.2025  14:46:31
  9  13   5   1  $12    0.100     7.3601   5549.39   0.0    287.01   0.0  26.10.2025  14:46:33
  9  13   6   2  $12    0.010   -20.9736  95129.45   0.3   -694.72   0.3  26.10.2025  14:46:38
  9  13   7   3  $12    0.100     6.5332   1539.34   0.0    -26.58   0.7  26.10.2025  14:46:42
  9  13   8   4  $12    0.100     6.6345    586.21   0.0    -39.74   0.1  26.10.2025  14:46:44
  9  13   2  14  $12    0.100    19.0788   1407.08   0.0    355.48   0.0  26.10.2025  14:46:46
  9  13   3  15  $12    0.100     0.4490     70.53   0.0   2437.32   0.1  26.10.2025  14:46:51
  9  13   4  16  $12    0.100     0.2751     61.88   0.0   1735.45   0.0  26.10.2025  14:47:05
 10  14   9  13  $12    0.010     6.0046   2572.36   0.2    167.86   0.4  26.10.2025  14:47:10
 10  14  11  15  $12    0.010     4.0122   1718.82   0.6     -3.21 391.0  26.10.2025  14:47:12
 10  14  12  16  $12    0.010     2.3989   4521.87   0.1     -9.43   4.8  26.10.2025  14:47:14
 10  14   5   9  $12    0.100   -17.1797   1517.95   0.0      3.21  15.4  26.10.2025  14:47:17
 10  14   7  11  $12    0.100   -14.0583   1854.95   0.0     -1.24 115.8  26.10.2025  14:47:19
 10  14   8  12  $12    0.100    -6.2420   1176.59   0.0     -0.58  50.5  26.10.2025  14:47:21
 10  14   5   1  $12    0.100     7.7074   8853.12   0.0     -0.85  53.4  26.10.2025  14:47:23
 10  14   6   2  $12    0.100     4.8678   3670.24   0.2    254.57   2.3  26.10.2025  14:47:25
 10  14   7   3  $12    0.100     5.9642   2705.16   0.1      6.05  29.0  26.10.2025  14:47:27
 10  14   8   4  $12    0.100     5.3969   1271.60   0.0     -3.52  15.4  26.10.2025  14:47:29
 10  14   1  13  $12    0.010     3.6019   3229.10   0.2    296.99   0.0  26.10.2025  14:47:35
 10  14   3  15  $12    0.100    15.2976   1128.21   0.0     85.45   0.1  26.10.2025  14:47:38
 10  14   4  16  $12    0.100     8.9171   1400.70   0.0     81.51   0.0  26.10.2025  14:47:40
 11  15   9  13  $12    0.100    17.8005   3355.31   0.1     43.37   1.0  26.10.2025  14:47:42
 11  15  10  14  $12    0.010     3.7688   1614.56   0.1     21.38   1.1  26.10.2025  14:47:47
 11  15  12  16  $12    0.010     5.5856   2392.88   0.1    -19.40   1.8  26.10.2025  14:47:49
 11  15   5   9  $12    0.100    -7.3005   1720.14   0.0     -3.15  15.5  26.10.2025  14:47:53
 11  15   6  10  $12    0.100   -12.6300   1115.95   0.8     64.06   2.3  26.10.2025  14:47:55
 11  15   8  12  $12    0.100   -13.7457   1813.70   0.1      6.19  32.8  26.10.2025  14:47:57
 11  15   5   1  $12    0.100     5.6279   9282.31   0.0     -5.52  16.7  26.10.2025  14:47:59
 11  15   6   2  $12    0.100     7.2205   8293.74   0.9   -110.52  10.3  26.10.2025  14:48:01
 11  15   7   3  $12    0.100     6.4471   4861.00   0.1     -4.40  16.1  26.10.2025  14:48:03
 11  15   8   4  $12    0.100     6.3358   2873.69   0.0     -1.52  10.1  26.10.2025  14:48:05
 11  15   1  13  $12    0.100     4.8443  10653.12   0.1    179.55   0.4  26.10.2025  14:48:07
 11  15   2  14  $12    0.100    15.5637   1395.30   0.1     79.19   0.9  26.10.2025  14:48:09
 11  15   4  16  $12    0.010     3.4569   2549.48   0.2    -21.98   3.5  26.10.2025  14:48:14
 12  16   9  13  $12    0.100    11.3250   1494.30   0.0     57.85   3.7  26.10.2025  14:48:18
 12  16  10  14  $12    0.100    21.3988   4033.59   0.0     55.49   0.5  26.10.2025  14:48:20
 12  16  11  15  $12    0.010     5.3631   2297.55   0.0      0.68  29.1  26.10.2025  14:48:25
 12  16   5   9  $12    0.100    -3.5115   1592.72   0.1     -5.54  23.4  26.10.2025  14:48:29
 12  16   6  10  $12    0.100    -4.9751   1172.24   0.8    152.02  16.2  26.10.2025  14:48:31
 12  16   7  11  $12    0.100   -13.3018   1175.31   0.2     -2.09  44.0  26.10.2025  14:48:33
 12  16   5   1  $12    0.100     4.8142  10917.82   0.0     -4.45  11.2  26.10.2025  14:48:35
 12  16   6   2  $12    0.100     6.3840  10529.39   0.4    -77.61   4.3  26.10.2025  14:48:37
 12  16   7   3  $12    0.100     6.4412   7398.60   0.1     -7.66  12.6  26.10.2025  14:48:39
 12  16   8   4  $12    0.100     6.7021   5053.30   0.0     -1.66  18.3  26.10.2025  14:48:41
 12  16  13   1  $12    0.100    -2.9756    291.03   0.3    247.40   0.9  26.10.2025  14:48:43
 12  16  14   2  $12    0.100   -10.2445  22528.79   0.0    113.58   0.8  26.10.2025  14:48:45
 12  16  15   3  $12    0.010    -3.4135   3060.21   0.1     10.29   7.6  26.10.2025  14:48:50
 13   1  14   2  $12    0.010     5.3013   1818.03   0.0    230.17   0.1  26.10.2025  14:48:52
 13   1  15   3  $12    0.100    11.2820    855.53   0.0     59.85   0.2  26.10.2025  14:48:56
 13   1  16   4  $12    0.100     6.7743    870.63   0.0     45.80   0.5  26.10.2025  14:48:58
 13   1  10  14  $12    0.100   -21.2509   1905.15   0.0    244.14   0.3  26.10.2025  14:49:00
 13   1  11  15  $12    0.100    -3.8389   8442.25   0.0    128.70   1.1  26.10.2025  14:49:02
 13   1  12  16  $12    0.100    -2.3658    231.38   0.1    121.28   0.8  26.10.2025  14:49:04
 13   1   9   5  $12    0.100    16.6153   4175.88   0.1   -307.86   0.2  26.10.2025  14:49:06
 13   1  10   6  $12    0.010    -5.9422  13364.52   0.0   -737.43   0.1  26.10.2025  14:49:11
 13   1  11   7  $12    0.100     3.3496    526.15   0.0     25.08   0.6  26.10.2025  14:49:17
 13   1  12   8  $12    0.100     2.6638    196.46   0.0     12.87   7.3  26.10.2025  14:49:19
 13   1   6   2  $12    0.010     8.5406   6298.73   0.2   -513.08   0.3  26.10.2025  14:49:24
 13   1   7   3  $12    0.100     4.0521    636.50   0.0     22.72   2.9  26.10.2025  14:49:28
 13   1   8   4  $12    0.100     1.7530    394.26   0.0    -17.66   0.8  26.10.2025  14:49:34
 14   2  13   1  $12    0.010     4.7980   1645.41   0.1    119.14   0.5  26.10.2025  14:49:39
 14   2  15   3  $12    0.010     4.6125   1581.79   0.5     53.27   3.7  26.10.2025  14:49:41
 14   2  16   4  $12    0.010     2.2941   1739.67   0.0     46.58   0.4  26.10.2025  14:49:43
 14   2   9  13  $12    0.010    -2.2782   1680.16   0.8    269.12   1.5  26.10.2025  14:49:45
 14   2  11  15  $12    0.100   -13.5566   1215.35   0.0    158.10   0.5  26.10.2025  14:49:49
 14   2  12  16  $12    0.100    -8.0772  17762.59   0.1    159.90   0.0  26.10.2025  14:49:50
 14   2   9   5  $12    0.100     7.9504   1788.12   0.2    -38.26   5.0  26.10.2025  14:49:52
 14   2  10   6  $12    0.100     1.5120    380.01   0.7   2558.98   2.1  26.10.2025  14:49:55
 14   2  11   7  $12    0.100     4.6604   1048.17   0.2      8.78  59.0  26.10.2025  14:49:57
 14   2  12   8  $12    0.100     4.1469    651.39   0.0     14.77   7.3  26.10.2025  14:49:59
 14   2   5   1  $12    0.100    18.2895   1639.66   0.1     -5.57  68.9  26.10.2025  14:50:01
 14   2   7   3  $12    0.010     2.5607   1888.50   0.0     -1.01  68.6  26.10.2025  14:50:06
 14   2   8   4  $12    0.100     8.6939   1365.63   0.0      2.13   2.5  26.10.2025  14:50:09
 15   3  13   1  $12    0.100    11.4296    866.72   0.1     67.69   1.3  26.10.2025  14:50:11
 15   3  14   2  $12    0.010     4.5708   1567.50   0.1     43.27   1.7  26.10.2025  14:50:16
 15   3  16   4  $12    0.010     5.5587   1906.28   0.1     14.00   1.1  26.10.2025  14:50:18
 15   3   9  13  $12    0.100    -3.1269    491.18   0.0    359.02   0.5  26.10.2025  14:50:25
 15   3  10  14  $12    0.100   -13.9593   1029.51   0.0    119.84   0.1  26.10.2025  14:50:27
 15   3  12  16  $12    0.010    -3.3287   2984.15   0.0     34.79   0.7  26.10.2025  14:50:32
 15   3   9   5  $12    0.100     5.6080    880.91   0.0    -34.36   1.5  26.10.2025  14:50:36
 15   3  10   6  $12    0.100     3.3977    764.18   0.0    647.18   0.3  26.10.2025  14:50:38
 15   3  11   7  $12    0.100     4.7895   1203.73   0.1      0.11 2174.9  26.10.2025  14:50:40
 15   3  12   8  $12    0.100     4.7314   1064.15   0.0     -0.06 1321.1  26.10.2025  14:50:42
 15   3   5   1  $12    0.100     3.0244   6650.97   0.1    -28.00  25.8  26.10.2025  14:50:44
 15   3   6   2  $12    0.010     2.7472   2462.86   0.4   -115.62   2.4  26.10.2025  14:50:49
 15   3   8   4  $12    0.100    18.0383   1330.34   0.0      0.39  40.4  26.10.2025  14:50:53
 16   4  13   1  $12    0.100     7.2376    930.17   0.6     92.54   5.4  26.10.2025  14:50:55
 16   4  14   2  $12    0.100    23.0782   1750.05   0.0     65.37   0.9  26.10.2025  14:50:57
 16   4  15   3  $12    0.010     5.6564   1939.79   0.0     12.74   1.6  26.10.2025  14:51:02
 16   4   9  13  $12    1.000   -15.2137    342.17   0.0    290.74   0.3  26.10.2025  14:51:08
 16   4  10  14  $12    0.100    -9.2341   1450.50   0.1    152.49   0.1  26.10.2025  14:51:12
 16   4  11  15  $12    0.010    -3.3344   2459.16   0.0     48.86   0.4  26.10.2025  14:51:17
 16   4   9   5  $12    0.100     5.3933    397.76   0.0     -0.38  48.1  26.10.2025  14:51:21
 16   4  10   6  $12    0.100     5.3703    843.57   0.4     27.29  20.2  26.10.2025  14:51:23
 16   4  11   7  $12    0.100     5.4383   1223.12   0.3      9.48   8.8  26.10.2025  14:51:25
 16   4  12   8  $12    0.100     5.6740   1426.03   0.0      9.16   2.5  26.10.2025  14:51:27
 16   4   5   1  $12   10.000    12.7413     12.46   0.3    -37.15   1.2  26.10.2025  14:51:37
 16   4   6   2  $12    0.100     7.9488  17480.40   0.1    -32.14   4.3  26.10.2025  14:51:45
 16   4   7   3  $12    0.100    17.9094   1605.58   0.0      2.28  30.9  26.10.2025  14:51:47
  1   4   2   3  $12    0.010     2.9993   1884.49   0.0      2.43   5.5  26.10.2025  14:51:52
  2   3   1   4  $12    0.010     3.0664   1926.69   0.7     -0.55 1858.3  26.10.2025  14:51:54
  1   2   3   4  $12    0.100   -13.4807   2541.06   0.0     -2.65   5.7  26.10.2025  14:51:58
  3   4   1   2  $12    0.100   -13.4394   2533.27   0.0     -9.86  27.8  26.10.2025  14:52:00
  5   8   6   7  $12    0.010     0.2543    159.77   1.9  26542.01   1.9  26.10.2025  14:52:05
  6   7   5   8  $12    0.010     1.4200    892.23   0.7   4236.60   0.7  26.10.2025  14:52:07
  5   6   7   8  $12    0.010    -0.4693    884.65   0.9    -90.05  16.0  26.10.2025  14:52:13
  7   8   5   6  $12    0.100    -4.6087    868.72   0.1    -64.95   2.9  26.10.2025  14:52:17
  9  12  10  11  $12    0.100    20.1861   1268.33   0.1    -23.41   3.1  26.10.2025  14:52:19
 10  11   9  12  $12    0.100    19.3128   1213.46   0.0      3.80  17.1  26.10.2025  14:52:21
  9  10  11  12  $12    0.100    -3.9274    740.29   0.2     21.05   6.3  26.10.2025  14:52:23
 11  12   9  10  $12    0.100    -4.5842    864.10   0.9    -33.60  18.6  26.10.2025  14:52:25
 13  16  14  15  $12    0.010     6.0393   3794.60   0.1    100.04   0.0  26.10.2025  14:52:30
 14  15  13  16  $12    0.010     6.2720   3940.80   0.0    122.69   0.1  26.10.2025  14:52:32
 13  14  15  16  $12    0.100    -5.2503    989.67   0.1    103.61   0.3  26.10.2025  14:52:35
  1   9  10   2  $12    0.010    -5.2072   1873.85   0.0     -8.41   2.3  26.10.2025  14:52:40
  1   9  11   3  $12    0.010    -2.1287   1823.83   0.0     -7.12  20.1  26.10.2025  14:52:42
  1   9  12   4  $12    0.100   -13.8824   2321.32   0.0     -5.56   4.2  26.10.2025  14:52:46
  2  10   9   1  $12    0.010    -5.1709   1860.79   0.2      2.63 118.7  26.10.2025  14:52:51
  2  10  11   3  $12    0.010    -4.9701   1788.52   0.0      7.34  14.3  26.10.2025  14:52:53
  2  10  12   4  $12    0.010    -2.4382   2089.06   0.4      1.10 318.2  26.10.2025  14:52:55
  3  11   9   1  $12    0.010    -2.1298   1824.80   0.4     14.94  19.2  26.10.2025  14:52:57
  3  11  10   2  $12    0.010    -4.9431   1778.80   0.2     10.27  14.4  26.10.2025  14:52:59
  3  11  12   4  $12    0.010    -4.2474   1528.45   0.2     10.98  17.9  26.10.2025  14:53:01
 12   4   9   1  $12    0.100    13.9621   2334.65   0.1     -7.87   9.2  26.10.2025  14:53:05
 12   4  10   2  $12    0.010     2.4867   2130.63   0.0     -4.41  14.5  26.10.2025  14:53:10
 12   4  11   3  $12    0.010     4.3270   1557.10   0.0     -2.35   7.3  26.10.2025  14:53:12
 13   5  14   6  $12    0.010     3.3796   1216.18   0.2   2566.32   0.5  26.10.2025  14:53:14
 13   5  15   7  $12    0.010     2.0283   1737.85   0.4     47.64  21.9  26.10.2025  14:53:16
 13   5  16   8  $12    0.100    14.2000   2374.44   0.0     28.62   0.0  26.10.2025  14:53:20
 14   6  13   5  $12    0.010     6.6651   2398.48   0.1   1056.69   0.4  26.10.2025  14:53:25
 14   6  15   7  $12    0.010     3.6779   1323.50   0.1    104.34   2.6  26.10.2025  14:53:27
 14   6  16   8  $12    0.010     2.3646   2025.99   0.2     65.34   1.3  26.10.2025  14:53:29
 15   7  13   5  $12    0.010     2.1510   1842.97   0.2     34.73   1.1  26.10.2025  14:53:31
 15   7  14   6  $12    0.010     4.2376   1524.94   0.4     55.58  13.2  26.10.2025  14:53:33
 15   7  16   8  $12    0.010     6.0074   2161.79   0.2     -8.76  54.1  26.10.2025  14:53:35
 16   8  13   5  $12    0.100    14.4772   2420.78   0.0     46.76   1.6  26.10.2025  14:53:39
 16   8  14   6  $12    0.100    23.0114   1971.61   0.0    108.41   0.9  26.10.2025  14:53:41
 16   8  15   7  $12    0.010     5.7981   2086.46   0.0      7.41   2.3  26.10.2025  14:53:46
  1   2   5   6  $12    0.010     6.1493 115911.02   0.5   -664.23   1.0  26.10.2025  14:53:48
  2   3   6   7  $12    1.000    -9.3670   1765.64   0.1  -1523.99   0.3  26.10.2025  14:53:58
  3   4   7   8  $12   10.000    13.7208    258.63   0.0     -6.05   2.0  26.10.2025  14:54:01
  1   2   9  10  $12    0.100   -19.5851 310103.24   0.1   -638.20   0.0  26.10.2025  14:54:10
  2   3  10  11  $12   10.000    14.5724   2307.34   0.1    -17.27   0.7  26.10.2025  14:54:15
  3   4  11  12  $12   10.000     5.8895    932.52   0.0    -11.81   2.8  26.10.2025  14:54:17
  1   2  13  14  $12    0.100     1.2799  68998.43   0.1    -97.08   0.3  26.10.2025  14:54:26
  2   3  14  15  $12    1.000    11.2102  60433.86   0.0    -18.36   0.0  26.10.2025  14:54:30
  3   4  15  16  $12   10.000    18.9414  10211.27   0.0    -20.79   0.5  26.10.2025  14:54:34
  5   6   9  10  $12    0.010    16.7670 316049.82   0.2   -695.56   0.1  26.10.2025  14:54:46
  6   7  10  11  $12    0.010    -0.1723   3247.43   0.4   -411.24   0.6  26.10.2025  14:54:58
  7   8  11  12  $12    1.000     2.5265    476.24   0.0     -0.50  23.7  26.10.2025  14:55:03
  5   6  13  14  $12    0.010    -0.0990  15674.18   0.6  -1047.66   0.2  26.10.2025  14:55:12
  6   7  14  15  $12    0.010    -0.0085   1348.91   3.3  -2360.98   2.5  26.10.2025  14:55:24
  7   8  15  16  $12   10.000     4.8086    761.38   0.0    -11.44   2.2  26.10.2025  14:55:31
  9  10  13  14  $12    0.100     1.9207   3620.49   0.3   -219.14   0.2  26.10.2025  14:55:39
 10  11  14  15  $12    1.000     6.7156   1265.87   0.0     15.51   0.1  26.10.2025  14:55:43
 11  12  15  16  $12    1.000     2.4344    458.87   0.0    -19.67   2.6  26.10.2025  14:55:45
  1   2   6   7  $12    0.010   -11.9689 451218.08   0.0   -739.93   0.6  26.10.2025  14:55:53
  2   3   7   8  $12    1.000     2.4804    935.10   0.0      1.82  19.7  26.10.2025  14:55:59
  1   2   7   8  $12    0.100     0.2919   1925.54   0.1     56.42   1.6  26.10.2025  14:56:04
  2   3   7   8  $12    1.000     2.4776    934.03   0.0      0.63  20.3  26.10.2025  14:56:08
  1   2  10  11  $12    0.100     0.0825   1865.14   0.7    479.73   2.2  26.10.2025  14:56:13
  2   3  11  12  $12   10.000    14.4362   3265.40   0.2   -222.02   7.9  26.10.2025  14:56:19
  1   2  11  12  $12    0.100     0.2512   7813.66   0.3   -153.33   1.0  26.10.2025  14:56:27
  2   3  11  12  $12   10.000    11.3629   2570.23   0.0    -16.33   0.3  26.10.2025  14:56:33
  1   2  14  15  $12    0.100     1.6764 115024.30   0.0    -14.21   0.0  26.10.2025  14:56:41
  2   3  15  16  $12    1.000     3.2175  22075.95   0.0    -18.20   0.1  26.10.2025  14:56:45
  1   2  15  16  $12    0.100     0.5952  51049.84   0.1   -182.93   0.0  26.10.2025  14:56:51
  2   3  15  16  $12    1.000     3.2139  22051.57   0.0    -19.87   0.2  26.10.2025  14:56:54
  5   6  10  11  $12    0.010     0.2200   8295.06   0.5   -352.67   0.7  26.10.2025  14:57:03
  6   7  11  12  $12    0.010     0.0928   3497.29   0.3   -446.03   1.2  26.10.2025  14:57:15
  5   6  11  12  $12    0.010     0.0441   2910.46   1.7      0.51 1753.2  26.10.2025  14:57:27
  6   7  11  12  $12    0.010     0.1043   3930.26   1.2   -466.10   1.2  26.10.2025  14:57:39
  5   6  14  15  $12    0.010     0.0751  16985.16   2.4   -730.41   2.2  26.10.2025  14:57:51
  6   7  15  16  $12    0.010     0.3835  86739.05   0.5   -398.69   0.9  26.10.2025  14:57:56
  5   6  15  16  $12    0.010    -0.2039  63418.53   1.1   -526.43   0.4  26.10.2025  14:58:08
  6   7  15  16  $12    0.010     0.4110  92956.20   0.5   -394.13   0.6  26.10.2025  14:58:13
  9  10  14  15  $12    0.100    -0.2250    848.11   0.1   -711.39   0.2  26.10.2025  14:58:29
 10  11  15  16  $12    1.000     2.8347   1068.67   0.0     -8.18   0.9  26.10.2025  14:58:32
  9  10  15  16  $12    0.100     2.3458  15476.33   0.2   -178.88   0.0  26.10.2025  14:58:37
 10  11  15  16  $12    1.000     2.8327   1067.92   0.0     -7.98   1.0  26.10.2025  14:58:41
