//C:\Users\user\Desktop\GeoTom\GeoTomE724.ini
//- Cable direction:
//  cable I: normal
//  cable II: normal
//  cable III: normal
//  cable IV: normal
//- Cable arrangement: sequential
//- Optimization: Last measurement
//- Sorting: Multi-level
//- Current levels: 0.001 mA .. 50.0 mA
Type:         Flow
Name:         Hyprop
Comment:      Example of a measurements sequence
Comment:      
Comment:      
Spacing:      1.00000
First El:     0.00000
Nr of points: 289
IP present:   1

  1   5   2   6  $12    0.010     4.0789   1747.41   0.0      2.48  14.1  25.10.2025  06:40:05
  1   5   3   7  $12    0.100    15.1389   2853.61   0.0      2.06   5.2  25.10.2025  06:40:09
  1   5   4   8  $12    0.100     8.7307   1151.99   0.0      1.24  20.6  25.10.2025  06:40:11
  1   5  14   2  $12    0.100   -15.2802   1369.88   0.0     11.07   0.7  25.10.2025  06:40:13
  1   5  15   3  $12    0.100    -3.5870   7888.29   0.0      7.93   1.3  25.10.2025  06:40:15
  1   5  16   4  $12    1.000    -9.1257     89.25   0.0      0.88  23.3  25.10.2025  06:40:19
  1   5  13   9  $12    0.100     7.2465   5463.72   0.0      0.83  25.2  25.10.2025  06:40:24
  1   5  14  10  $12    0.100     6.3312   7272.33   0.0     -0.20 148.9  25.10.2025  06:40:26
  1   5  15  11  $12    0.100     4.7285   7798.86   0.0     -0.43  52.3  25.10.2025  06:40:28
  1   5  16  12  $12    0.100     4.2148   9558.47   0.0      2.65  15.4  25.10.2025  06:40:30
  1   5  10   6  $12    0.100    18.6265   1645.78   0.0      4.40   4.8  25.10.2025  06:40:32
  1   5  11   7  $12    0.100     6.7665   1594.33   0.0      2.68   6.3  25.10.2025  06:40:34
  1   5  12   8  $12    0.100     3.6351   1648.75   0.1      0.31 350.9  25.10.2025  06:40:36
  2   6   1   5  $12    0.010     4.0558   1737.49   0.0      3.24   5.1  25.10.2025  06:40:41
  2   6   3   7  $12    0.010     4.2055   1801.64   0.1     -1.68  34.0  25.10.2025  06:40:43
  2   6   4   8  $12    0.100    18.8722   3557.33   0.0      1.51   1.0  25.10.2025  06:40:47
  2   6  13   1  $12    0.100   -18.1735   1340.31   0.0      8.53   2.9  25.10.2025  06:40:48
  2   6  15   3  $12    0.100   -21.4544   1923.40   0.0     -0.31 107.9  25.10.2025  06:40:51
  2   6  16   4  $12    0.100    -7.4947  16481.67   0.0      0.07 537.9  25.10.2025  06:40:53
  2   6  13   9  $12    0.100     6.0799   2757.63   0.0     36.25   0.6  25.10.2025  06:40:55
  2   6  14  10  $12    0.100     6.1253   4618.34   0.0      4.00  18.9  25.10.2025  06:40:57
  2   6  15  11  $12    0.100     5.5277   6349.41   0.0      4.92   4.1  25.10.2025  06:40:59
  2   6  16  12  $12    0.100     5.3972   8901.83   0.0      6.14   6.5  25.10.2025  06:41:01
  2   6   9   5  $12    0.100    16.1825   2135.22   0.0     -5.44   0.1  25.10.2025  06:41:03
  2   6  11   7  $12    0.100    14.8256   1309.95   0.0      3.73   0.4  25.10.2025  06:41:05
  2   6  12   8  $12    0.100     5.9728   1407.30   0.0      1.60  50.8  25.10.2025  06:41:07
  3   7   1   5  $12    0.100    15.2066   2866.38   0.0      1.03  29.5  25.10.2025  06:41:09
  3   7   2   6  $12    0.010     4.2075   1802.51   0.0     -2.04  18.4  25.10.2025  06:41:14
  3   7   4   8  $12    0.010     3.6346   1557.07   0.0     -2.91  48.9  25.10.2025  06:41:16
  3   7  13   1  $12    0.100    -5.4730    859.70   0.0      3.01   1.9  25.10.2025  06:41:19
  3   7  14   2  $12    0.100   -21.6099   1593.75   0.0     -2.78   0.9  25.10.2025  06:41:21
  3   7  16   4  $12    0.100   -17.4337   1562.93   0.0      3.55   1.8  25.10.2025  06:41:23
  3   7  13   9  $12    0.100     5.5274   1302.36   0.0     -1.46  19.6  25.10.2025  06:41:25
  3   7  14  10  $12    0.100     5.6473   2561.43   0.0     -0.39 168.9  25.10.2025  06:41:27
  3   7  15  11  $12    0.100     5.9461   4483.26   0.0      0.66   4.3  25.10.2025  06:41:29
  3   7  16  12  $12    0.100     6.1819   7100.81   0.0      0.84 147.4  25.10.2025  06:41:31
  3   7   9   5  $12    0.100     4.2168    794.85   0.0      1.05   8.8  25.10.2025  06:41:33
  3   7  10   6  $12    0.100    14.7265   1943.12   0.0      1.33   2.3  25.10.2025  06:41:35
  3   7  12   8  $12    0.100    12.5965   1112.99   0.0      0.41  25.9  25.10.2025  06:41:37
  4   8   1   5  $12    0.100     8.7635   1156.31   0.0      0.47  27.9  25.10.2025  06:41:39
  4   8   2   6  $12    0.100    18.9049   3563.49   0.0      1.01   4.7  25.10.2025  06:41:41
  4   8   3   7  $12    0.010     3.6437   1560.95   0.0     -3.36   2.7  25.10.2025  06:41:46
  4   8  13   1  $12    0.100    -2.7178    611.27   0.0      6.00   1.5  25.10.2025  06:41:50
  4   8  14   2  $12    0.100    -8.0920   1271.09   0.0      1.06  17.2  25.10.2025  06:41:52
  4   8  15   3  $12    0.100   -17.9028   1320.35   0.0      0.45   3.1  25.10.2025  06:41:54
  4   8  13   9  $12    0.100     4.9387    436.37   0.0      2.31  35.8  25.10.2025  06:41:56
  4   8  14  10  $12    0.100     5.2794   1243.93   0.0     -0.90  63.5  25.10.2025  06:41:58
  4   8  15  11  $12    0.100     6.0300   2735.01   0.0     -0.82  22.9  25.10.2025  06:42:00
  4   8  16  12  $12    0.100     6.5894   4968.26   0.0     -0.55 173.4  25.10.2025  06:42:02
  4   8   9   5  $12    1.000    10.9254     46.80   0.0     13.34   0.3  25.10.2025  06:42:06
  4   8  10   6  $12    0.100     5.5163   1039.80   0.0      1.95   5.7  25.10.2025  06:42:11
  4   8  11   7  $12    0.100    12.2420   1615.29   0.0      1.12  30.2  25.10.2025  06:42:13
  5   9   6  10  $12    0.010     4.0850   1750.00   0.0     -3.70   1.4  25.10.2025  06:42:18
  5   9   7  11  $12    0.100    17.6703   3330.77   0.0      2.31   1.3  25.10.2025  06:42:22
  5   9   8  12  $12    0.100    10.4835   1383.26   0.0      1.83   1.3  25.10.2025  06:42:24
  5   9   2   6  $12    0.100   -15.8931   2097.04   0.0     -1.83  11.6  25.10.2025  06:42:26
  5   9   3   7  $12    0.100    -4.1348    779.39   0.0     12.89  10.8  25.10.2025  06:42:28
  5   9   4   8  $12    1.000    -9.9566     42.65   0.0     19.28   0.1  25.10.2025  06:42:31
  5   9   1  13  $12    0.100     7.4264   1866.47   0.0     -3.96   1.3  25.10.2025  06:42:36
  5   9   2  14  $12    0.100     6.9945   1573.12   0.0     -2.59  13.1  25.10.2025  06:42:38
  5   9   3  15  $12    0.100     5.5951    878.88   0.0     -4.61   1.3  25.10.2025  06:42:40
  5   9   4  16  $12    0.100     5.1286    378.24   0.0     -0.06 1334.1  25.10.2025  06:42:42
  5   9  14  10  $12    0.100    17.5101   1547.14   0.0      3.38   0.5  25.10.2025  06:42:44
  5   9  15  11  $12    0.100     7.9338   1869.37   0.0      3.07   1.3  25.10.2025  06:42:46
  5   9  16  12  $12    0.100     4.2828   1942.55   0.1      2.46  54.4  25.10.2025  06:42:48
  6  10   5   9  $12    0.010     4.0619   1740.12   0.0     -2.35   3.9  25.10.2025  06:42:53
  6  10   7  11  $12    0.010     3.4289   1468.92   0.1      1.26  42.6  25.10.2025  06:42:55
  6  10   8  12  $12    0.100    16.3887   3089.20   0.0      2.69   1.4  25.10.2025  06:42:59
  6  10   1   5  $12    0.100   -18.8721   1667.49   0.0      7.09   0.9  25.10.2025  06:43:01
  6  10   3   7  $12    0.100   -14.6005   1926.49   0.0      4.59   0.2  25.10.2025  06:43:03
  6  10   4   8  $12    0.100    -5.4707   1031.20   0.0      8.41   2.7  25.10.2025  06:43:05
  6  10   1  13  $12    0.100     4.4075    991.29   0.0     11.87   3.4  25.10.2025  06:43:07
  6  10   2  14  $12    0.100     4.9905   1254.26   0.0      9.04   1.9  25.10.2025  06:43:09
  6  10   3  15  $12    0.100     4.6742   1051.26   0.0      8.78   3.3  25.10.2025  06:43:11
  6  10   4  16  $12    0.100     4.7780    750.52   0.0      5.03  23.5  25.10.2025  06:43:13
  6  10  13   9  $12    0.100    17.2062   2270.30   0.0     -8.74   1.2  25.10.2025  06:43:15
  6  10  15  11  $12    0.100    14.7794   1305.87   0.0     -3.98   9.1  25.10.2025  06:43:17
  6  10  16  12  $12    0.100     6.1402   1446.75   0.0     -5.97  13.9  25.10.2025  06:43:19
  7  11   5   9  $12    0.100    17.7728   3350.10   0.0      0.76   9.7  25.10.2025  06:43:21
  7  11   6  10  $12    0.010     3.4442   1475.50   0.0     -2.38  18.5  25.10.2025  06:43:26
  7  11   8  12  $12    0.010     3.1110   1332.73   0.1     -5.28  18.6  25.10.2025  06:43:28
  7  11   1   5  $12    0.100    -6.8374   1611.02   0.0      4.59   0.8  25.10.2025  06:43:32
  7  11   2   6  $12    0.100   -14.8690   1313.79   0.0      3.74   9.7  25.10.2025  06:43:34
  7  11   4   8  $12    0.100   -12.2657   1618.42   0.0      3.03   4.5  25.10.2025  06:43:36
  7  11   1  13  $12    0.100     3.5830    562.81   0.0     -2.96   8.0  25.10.2025  06:43:38
  7  11   2  14  $12    0.100     4.3833    985.85   0.0     -1.35  64.6  25.10.2025  06:43:40
  7  11   3  15  $12    0.100     4.6509   1168.91   0.0      0.18 224.3  25.10.2025  06:43:42
  7  11   4  16  $12    0.100     4.9933   1123.03   0.0     -1.40  81.5  25.10.2025  06:43:44
  7  11  13   9  $12    0.100     7.3651   1388.30   0.0     -1.59  15.2  25.10.2025  06:43:46
  7  11  14  10  $12    0.100    15.0186   1981.66   0.0     -1.45  16.5  25.10.2025  06:43:48
  7  11  16  12  $12    0.100    13.6112   1202.65   0.0      0.82  49.4  25.10.2025  06:43:50
  8  12   5   9  $12    0.100    10.5242   1388.63   0.0     -0.70   6.9  25.10.2025  06:43:52
  8  12   6  10  $12    0.100    16.4310   3097.16   0.0      2.36  15.4  25.10.2025  06:43:54
  8  12   7  11  $12    0.010     3.1119   1333.14   0.0     -2.56   1.8  25.10.2025  06:43:59
  8  12   1   5  $12    0.100    -3.6418   1651.78   0.0      5.59   2.4  25.10.2025  06:44:03
  8  12   2   6  $12    0.100    -5.9178   1394.35   0.0      6.52  10.2  25.10.2025  06:44:05
  8  12   3   7  $12    0.100   -12.4622   1101.13   0.0      3.68  10.3  25.10.2025  06:44:07
  8  12   1  13  $12    0.100     2.9218    215.48   0.0     -0.67  72.2  25.10.2025  06:44:09
  8  12   2  14  $12    0.100     3.8413    603.39   0.0     -1.33  14.6  25.10.2025  06:44:11
  8  12   3  15  $12    0.100     4.5060   1013.43   0.0      0.72  27.5  25.10.2025  06:44:13
  8  12  16   4  $12    0.100    -5.0785   1276.37   0.0      4.73  16.6  25.10.2025  06:44:15
  8  12   9  13  $12    0.100    -3.9193    167.90   0.1      1.05  57.3  25.10.2025  06:44:17
  8  12  10  14  $12    0.100    -6.6171   1247.29   0.0      3.84   5.7  25.10.2025  06:44:19
  8  12  11  15  $12    0.100   -13.9101   1835.39   0.0      1.46   2.1  25.10.2025  06:44:21
  9  13  10  14  $12    0.010     4.1629   1783.37   0.0      2.93   1.9  25.10.2025  06:44:25
  9  13  11  15  $12    0.100    16.2327   3059.79   0.0      3.32   0.4  25.10.2025  06:44:29
  9  13  12  16  $12    0.100    10.3365   1363.88   0.1      5.24   5.6  25.10.2025  06:44:31
  9  13   6  10  $12    0.100   -17.1276   2259.94   0.0    -10.64   4.3  25.10.2025  06:44:33
  9  13   7  11  $12    0.100    -7.2795   1372.15   0.0      2.30   2.4  25.10.2025  06:44:35
  9  13   8  12  $12    0.100    -3.8854    166.45   0.2      2.79  41.0  25.10.2025  06:44:37
  9  13   5   1  $12    0.100     7.2509   5467.01   0.0      2.30  32.8  25.10.2025  06:44:39
  9  13   6   2  $12    0.100     6.1386   2784.28   0.0     33.96   2.5  25.10.2025  06:44:41
  9  13   7   3  $12    0.100     5.4925   1294.15   0.0     -0.98  94.7  25.10.2025  06:44:43
  9  13   8   4  $12    0.100     4.9261    435.25   0.0     -0.23  23.8  25.10.2025  06:44:45
  9  13   2  14  $12    0.100    18.0036   1327.78   0.0      9.50   0.7  25.10.2025  06:44:47
  9  13   3  15  $12    0.100     3.4486    541.71   0.0     10.16   5.8  25.10.2025  06:44:49
  9  13   4  16  $12    1.000    14.5740    327.78   0.0     15.33   0.6  25.10.2025  06:44:53
 10  14   9  13  $12    0.010     4.1717   1787.17   0.0     -1.36  72.9  25.10.2025  06:45:01
 10  14  11  15  $12    0.010     2.7682   1185.90   0.1     -1.35 448.2  25.10.2025  06:45:03
 10  14  12  16  $12    0.100    15.1666   2858.84   0.0     -0.11  41.4  25.10.2025  06:45:06
 10  14   5   9  $12    0.100   -17.5609   1551.63   0.0      4.70  23.8  25.10.2025  06:45:08
 10  14   7  11  $12    0.100   -14.8716   1962.26   0.0      0.19 253.1  25.10.2025  06:45:10
 10  14   8  12  $12    0.100    -6.6022   1244.49   0.0      2.83   8.0  25.10.2025  06:45:12
 10  14   5   1  $12    0.100     6.3787   7326.88   0.0     -1.38   2.6  25.10.2025  06:45:14
 10  14   6   2  $12    0.100     6.1817   4660.91   0.0      1.38  16.9  25.10.2025  06:45:16
 10  14   7   3  $12    0.100     5.6397   2557.97   0.0      0.18 266.8  25.10.2025  06:45:18
 10  14   8   4  $12    0.100     5.2840   1245.00   0.0     -1.17   0.3  25.10.2025  06:45:21
 10  14   1  13  $12    0.100    17.6219   1579.81   0.0     -1.25   6.8  25.10.2025  06:45:23
 10  14   3  15  $12    0.100     7.4929    552.61   0.0     -3.23   2.7  25.10.2025  06:45:25
 10  14   4  16  $12    0.100     3.2841    515.86   0.0     -3.94  10.5  25.10.2025  06:45:27
 11  15   9  13  $12    0.100    16.4002   3091.36   0.0     -0.42  43.8  25.10.2025  06:45:29
 11  15  10  14  $12    0.010     2.8249   1210.19   0.0     -6.05   1.4  25.10.2025  06:45:34
 11  15  12  16  $12    0.010     3.7357   1600.39   0.2     -8.65  17.2  25.10.2025  06:45:36
 11  15   5   9  $12    0.100    -7.9670   1877.17   0.0      3.87   3.3  25.10.2025  06:45:40
 11  15   6  10  $12    0.100   -14.6941   1298.33   0.0     -1.08  17.7  25.10.2025  06:45:42
 11  15   8  12  $12    0.100   -13.7700   1816.90   0.0      3.59   3.5  25.10.2025  06:45:44
 11  15   5   1  $12    0.100     4.7517   7837.16   0.0      0.66  64.0  25.10.2025  06:45:46
 11  15   6   2  $12    0.100     5.5953   6427.04   0.1     -1.35  50.1  25.10.2025  06:45:48
 11  15   7   3  $12    0.100     5.9355   4475.27   0.0     -1.83  55.1  25.10.2025  06:45:50
 11  15   8   4  $12    0.100     6.0358   2737.64   0.0     -1.22  20.9  25.10.2025  06:45:52
 11  15   1  13  $12    0.100     3.6661   8062.16   0.0     -3.76  14.5  25.10.2025  06:45:54
 11  15   2  14  $12    0.100     7.8084    700.02   0.0     -4.83   4.5  25.10.2025  06:45:56
 11  15   4  16  $12    0.100    17.0573   1257.99   0.0     -8.74   3.0  25.10.2025  06:45:58
 12  16   9  13  $12    0.100    10.4433   1377.96   0.0      0.25   3.8  25.10.2025  06:46:00
 12  16  10  14  $12    0.100    15.1684   2859.18   0.0      0.36 115.3  25.10.2025  06:46:02
 12  16  11  15  $12    0.010     3.6971   1583.83   0.0     -3.20   0.7  25.10.2025  06:46:06
 12  16   5   9  $12    0.100    -4.2725   1937.87   0.0      6.83   3.2  25.10.2025  06:46:10
 12  16   6  10  $12    0.100    -6.0909   1435.14   0.0      4.48   9.4  25.10.2025  06:46:12
 12  16   7  11  $12    0.100   -13.6791   1208.65   0.0      1.56   5.5  25.10.2025  06:46:14
 12  16   5   1  $12    0.100     4.2314   9596.01   0.0     -0.64 153.0  25.10.2025  06:46:16
 12  16   6   2  $12    0.100     5.4318   8958.90   0.0     -0.50  43.0  25.10.2025  06:46:18
 12  16   7   3  $12    0.100     6.1891   7109.03   0.0      1.22  24.8  25.10.2025  06:46:20
 12  16   8   4  $12    0.100     6.6184   4990.19   0.0     -0.28  55.4  25.10.2025  06:46:22
 12  16  13   1  $12    1.000   -18.9085    184.93   0.0      4.19   1.2  25.10.2025  06:46:26
 12  16  14   2  $12    0.100    -3.5972   7910.58   0.0      6.64   1.2  25.10.2025  06:46:31
 12  16  15   3  $12    0.100   -16.8319   1508.99   0.0      2.22   6.2  25.10.2025  06:46:33
 13   1  14   2  $12    0.010     4.0612   1392.74   0.0      1.03  11.4  25.10.2025  06:46:38
 13   1  15   3  $12    0.100    12.6663    960.50   0.0      1.39   0.5  25.10.2025  06:46:42
 13   1  16   4  $12    0.100     7.5606    971.68   0.0      1.13  47.0  25.10.2025  06:46:44
 13   1  10  14  $12    0.100   -17.4875   1567.76   0.0      6.37   2.0  25.10.2025  06:46:46
 13   1  11  15  $12    0.100    -3.6006   7918.21   0.0      7.40   5.9  25.10.2025  06:46:48
 13   1  12  16  $12    1.000   -19.0236    186.06   0.0      7.62   0.6  25.10.2025  06:46:51
 13   1   9   5  $12    0.100     7.4003   1859.90   0.0     -3.45   1.8  25.10.2025  06:46:56
 13   1  10   6  $12    0.100     4.4552   1002.02   0.0      7.23   1.2  25.10.2025  06:46:58
 13   1  11   7  $12    0.100     3.5729    561.23   0.1     -0.48  92.3  25.10.2025  06:47:00
 13   1  12   8  $12    0.100     2.9339    216.38   0.0     -6.93  20.2  25.10.2025  06:47:02
 13   1   6   2  $12    0.100    18.3291   1351.78   0.0      4.57   6.4  25.10.2025  06:47:04
 13   1   7   3  $12    0.100     5.4829    861.25   0.0     -1.11  62.1  25.10.2025  06:47:06
 13   1   8   4  $12    0.100     2.7493    618.35   0.0     -5.41  11.5  25.10.2025  06:47:08
 14   2  13   1  $12    0.010     4.0492   1388.63   0.0      0.53  34.9  25.10.2025  06:47:13
 14   2  15   3  $12    0.010     3.3787   1158.68   0.1     -3.87  69.1  25.10.2025  06:47:15
 14   2  16   4  $12    0.100    15.5710   1180.77   0.0     -0.48  17.7  25.10.2025  06:47:19
 14   2   9  13  $12    0.100   -18.0631   1332.17   0.0      6.59   1.8  25.10.2025  06:47:21
 14   2  11  15  $12    0.100    -7.6831    688.79   0.0      3.71   3.8  25.10.2025  06:47:23
 14   2  12  16  $12    0.100    -3.5992   7915.07   0.1      2.38 109.4  25.10.2025  06:47:25
 14   2   9   5  $12    0.100     6.9692   1567.43   0.0     -3.28  15.9  25.10.2025  06:47:27
 14   2  10   6  $12    0.100     5.0371   1265.96   0.0      4.47   3.0  25.10.2025  06:47:29
 14   2  11   7  $12    0.100     4.3870    986.69   0.0     -2.54   0.9  25.10.2025  06:47:31
 14   2  12   8  $12    0.100     3.8420    603.50   0.1     -3.27  29.9  25.10.2025  06:47:33
 14   2   5   1  $12    0.100    15.1647   1359.52   0.0      6.96  10.7  25.10.2025  06:47:35
 14   2   7   3  $12    0.100    21.5793   1591.49   0.0     -0.23  52.8  25.10.2025  06:47:37
 14   2   8   4  $12    0.100     8.1303   1277.11   0.0     -2.44   8.4  25.10.2025  06:47:39
 15   3  13   1  $12    0.100    12.6993    963.01   0.0      0.16  42.2  25.10.2025  06:47:41
 15   3  14   2  $12    0.010     3.3692   1155.44   0.0     -3.39  11.2  25.10.2025  06:47:46
 15   3  16   4  $12    0.010     3.9742   1362.91   0.0     -6.22   2.0  25.10.2025  06:47:48
 15   3   9  13  $12    0.100    -3.4909    548.35   0.0     12.53   5.7  25.10.2025  06:47:52
 15   3  10  14  $12    0.100    -7.5010    553.20   0.0     -0.87  37.5  25.10.2025  06:47:54
 15   3  12  16  $12    0.100   -16.9799   1522.25   0.0     -5.33   3.6  25.10.2025  06:47:56
 15   3   9   5  $12    0.100     5.5900    878.08   0.0     -3.51  13.0  25.10.2025  06:47:58
 15   3  10   6  $12    0.100     4.7410   1066.29   0.0      4.45   5.1  25.10.2025  06:48:00
 15   3  11   7  $12    0.100     4.6444   1167.27   0.0     -0.28  83.8  25.10.2025  06:48:02
 15   3  12   8  $12    0.100     4.5204   1016.68   0.0     -1.29  18.7  25.10.2025  06:48:04
 15   3   5   1  $12    0.100     3.6222   7965.65   0.0     -7.11  35.1  25.10.2025  06:48:06
 15   3   6   2  $12    0.100    21.4968   1927.20   0.0     -4.68   3.4  25.10.2025  06:48:08
 15   3   8   4  $12    0.100    17.8637   1317.46   0.0      1.20  15.4  25.10.2025  06:48:10
 16   4  13   1  $12    0.100     7.5709    973.01   0.0     -1.46  31.7  25.10.2025  06:48:12
 16   4  14   2  $12    0.100    15.5814   1181.56   0.0     -0.45  65.2  25.10.2025  06:48:14
 16   4  15   3  $12    0.010     3.9646   1359.60   0.0     -5.45   1.3  25.10.2025  06:48:19
 16   4   9  13  $12    1.000   -15.7409    354.03   0.0      9.82   1.2  25.10.2025  06:48:24
 16   4  10  14  $12    0.100    -3.2317    507.63   0.0      8.50   0.8  25.10.2025  06:48:29
 16   4  11  15  $12    0.100   -16.7992   1238.95   0.0      2.23   0.6  25.10.2025  06:48:31
 16   4   9   5  $12    0.100     5.1482    379.69   0.1     -4.90  14.5  25.10.2025  06:48:33
 16   4  10   6  $12    0.100     4.8040    754.60   0.0     -3.23  10.4  25.10.2025  06:48:35
 16   4  11   7  $12    0.100     4.9965   1123.76   0.0     -2.14  30.0  25.10.2025  06:48:37
 16   4  12   8  $12    0.100     5.1137   1285.22   0.0     -3.18  15.9  25.10.2025  06:48:39
 16   4   5   1  $12    1.000     8.4928     83.06   0.0     -5.60   2.5  25.10.2025  06:48:43
 16   4   6   2  $12    0.100     7.5137  16523.49   0.0     -2.38   6.3  25.10.2025  06:48:48
 16   4   7   3  $12    0.100    17.5235   1570.99   0.0     -1.41   5.7  25.10.2025  06:48:50
  1   4   2   3  $12    0.010     2.5206   1583.77   0.0     -0.12  81.2  25.10.2025  06:48:55
  2   3   1   4  $12    0.010     2.5242   1586.01   0.1     -3.51  19.0  25.10.2025  06:48:57
  1   2   3   4  $12    0.100   -10.3463   1950.22   0.0     -0.26  18.6  25.10.2025  06:49:00
  3   4   1   2  $12    0.100   -10.3612   1953.04   0.0     -2.25   7.3  25.10.2025  06:49:03
  5   8   6   7  $12    0.100    19.9205   1251.64   0.0      5.17   1.8  25.10.2025  06:49:05
  6   7   5   8  $12    0.100    20.0512   1259.85   0.0      5.91   1.0  25.10.2025  06:49:07
  5   6   7   8  $12    0.100    -5.4155   1020.81   0.0      5.75   8.0  25.10.2025  06:49:09
  7   8   5   6  $12    0.100    -5.4289   1023.33   0.1      1.20  27.4  25.10.2025  06:49:11
  9  12  10  11  $12    0.100    18.2257   1145.15   0.0      3.46   1.0  25.10.2025  06:49:13
 10  11   9  12  $12    0.100    18.1818   1142.40   0.0      3.98   2.2  25.10.2025  06:49:15
  9  10  11  12  $12    0.100    -4.7118    888.15   0.0     -1.82  31.9  25.10.2025  06:49:17
 11  12   9  10  $12    0.100    -4.7024    886.38   0.1     -2.30  52.5  25.10.2025  06:49:19
 13  16  14  15  $12    0.010     3.1239   1962.81   0.0     -8.32   1.1  25.10.2025  06:49:24
 14  15  13  16  $12    0.010     3.1557   1982.77   0.0    -14.97   2.5  25.10.2025  06:49:26
 13  14  15  16  $12    1.000   -18.6625    351.78   0.0     -6.85   1.1  25.10.2025  06:49:31
  1   9  10   2  $12    0.010    -4.5637   1642.28   0.0      8.60   1.0  25.10.2025  06:49:39
  1   9  11   3  $12    0.010    -2.1546   1846.08   0.0      9.45   9.0  25.10.2025  06:49:41
  1   9  12   4  $12    0.100   -14.4155   2410.46   0.0      4.26   0.2  25.10.2025  06:49:44
  2  10   9   1  $12    0.010    -4.5722   1645.33   0.0      8.44   1.4  25.10.2025  06:49:49
  2  10  11   3  $12    0.010    -4.6203   1662.63   0.0      4.37   3.3  25.10.2025  06:49:51
  2  10  12   4  $12    0.010    -2.3632   2024.75   0.0      8.08   8.3  25.10.2025  06:49:53
  3  11   9   1  $12    0.010    -2.1630   1853.29   0.0      9.74   7.6  25.10.2025  06:49:55
  3  11  10   2  $12    0.010    -4.6155   1660.91   0.0      4.19  18.4  25.10.2025  06:49:57
  3  11  12   4  $12    0.010    -4.2054   1513.33   0.0      6.96   4.9  25.10.2025  06:49:59
 12   4   9   1  $12    0.100    14.5267   2429.06   0.0      0.43   5.4  25.10.2025  06:50:03
 12   4  10   2  $12    0.010     2.4045   2060.14   0.0     -4.86   3.2  25.10.2025  06:50:08
 12   4  11   3  $12    0.010     4.2480   1528.65   0.0     -2.20  19.1  25.10.2025  06:50:10
 13   5  14   6  $12    0.010     4.7585   1712.38   0.0     -2.11  35.6  25.10.2025  06:50:12
 13   5  15   7  $12    0.100    18.7344   1605.16   0.0      2.75   1.2  25.10.2025  06:50:16
 13   5  16   8  $12    0.100    12.6880   2121.61   0.0      2.83   8.7  25.10.2025  06:50:18
 14   6  13   5  $12    0.010     4.7481   1708.63   0.0      4.04   1.3  25.10.2025  06:50:23
 14   6  15   7  $12    0.010     3.2661   1175.33   0.1     -2.38  30.7  25.10.2025  06:50:25
 14   6  16   8  $12    0.100    18.7727   1608.44   0.0      3.66   1.7  25.10.2025  06:50:29
 15   7  13   5  $12    0.100    18.8451   1614.65   0.0      1.00   1.5  25.10.2025  06:50:31
 15   7  14   6  $12    0.010     3.2800   1180.33   0.0     -1.08  49.8  25.10.2025  06:50:36
 15   7  16   8  $12    0.010     4.0552   1459.29   0.0     -7.51  13.2  25.10.2025  06:50:38
 16   8  13   5  $12    0.100    12.7171   2126.48   0.0      0.75   4.4  25.10.2025  06:50:41
 16   8  14   6  $12    0.100    18.8073   1611.40   0.0      1.14  14.4  25.10.2025  06:50:43
 16   8  15   7  $12    0.010     4.0415   1454.36   0.0     -3.40   5.3  25.10.2025  06:50:48
  1   2   5   6  $12    1.000    10.9891   2071.39   0.0     -7.09   0.5  25.10.2025  06:50:54
  2   3   6   7  $12    1.000     3.2110    605.26   0.1     57.48   1.2  25.10.2025  06:50:56
  3   4   7   8  $12   10.000    15.9970    301.54   0.0      4.05   0.9  25.10.2025  06:50:59
  1   2   9  10  $12   10.000    11.9860   1897.81   0.1      5.75  14.4  25.10.2025  06:51:01
  2   3  10  11  $12   10.000    11.1817   1770.47   0.0      7.99   0.7  25.10.2025  06:51:03
  3   4  11  12  $12   10.000     5.7765    914.63   0.0      2.25  38.6  25.10.2025  06:51:05
  1   2  13  14  $12    1.000     6.1776  33303.53   0.0     -1.54   7.9  25.10.2025  06:51:10
  2   3  14  15  $12    1.000     9.2532  49883.69   0.0      6.33   5.9  25.10.2025  06:51:12
  3   4  15  16  $12   10.000    18.9517  10216.84   0.0     -1.50   1.8  25.10.2025  06:51:16
  5   6   9  10  $12    1.000     4.2740    805.64   0.6   -235.94   2.2  25.10.2025  06:51:21
  6   7  10  11  $12    1.000     2.0027    377.50   0.0    -11.87   1.8  25.10.2025  06:51:23
  7   8  11  12  $12    1.000     2.6250    494.79   0.1     -5.47  15.8  25.10.2025  06:51:25
  5   6  13  14  $12    1.000     1.3895   2200.14   0.0      1.17  17.3  25.10.2025  06:51:31
  6   7  14  15  $12    1.000     1.0031   1588.32   0.8    -13.15  11.8  25.10.2025  06:51:36
  7   8  15  16  $12   10.000     5.5876    884.72   0.0      1.10   6.2  25.10.2025  06:51:40
  9  10  13  14  $12    1.000     1.3997    263.83   0.0    -41.84   0.1  25.10.2025  06:51:45
 10  11  14  15  $12    1.000     4.9146    926.38   0.0      5.11  13.3  25.10.2025  06:51:47
 11  12  15  16  $12    1.000     2.1392    403.23   0.1     -6.33  30.0  25.10.2025  06:51:49
  1   2   6   7  $12    1.000     2.4387    919.37   0.8    110.98   1.3  25.10.2025  06:51:52
  2   3   7   8  $12    1.000     2.4519    924.35   0.2     -2.40 773.3  25.10.2025  06:51:54
  1   2   7   8  $12   10.000    17.4702   1152.57   0.0      3.85   4.5  25.10.2025  06:51:57
  2   3   7   8  $12   10.000    23.0945    870.64   0.0      5.69   0.2  25.10.2025  06:51:59
  1   2  10  11  $12   10.000    14.7618   3339.04   0.0      3.18  15.5  25.10.2025  06:52:01
  2   3  11  12  $12   10.000     9.6948   2192.92   0.0     -0.07 359.2  25.10.2025  06:52:03
  1   2  11  12  $12   10.000    12.6135   3923.02   0.0     -2.01   1.5  25.10.2025  06:52:05
  2   3  11  12  $12   10.000     9.6650   2186.16   0.0      0.80   3.8  25.10.2025  06:52:07
  1   2  14  15  $12    1.000    12.3107  84466.84   0.0      3.82   1.8  25.10.2025  06:52:12
  2   3  15  16  $12    1.000     3.2898  22571.89   0.0     -4.79   4.6  25.10.2025  06:52:15
  1   2  15  16  $12    1.000     4.1180  35318.60   0.0     -7.21   1.3  25.10.2025  06:52:17
  2   3  15  16  $12    1.000     3.2960  22614.53   0.0     -1.78   3.8  25.10.2025  06:52:19
  5   6  10  11  $12    1.000     2.9024   1094.20   0.2    -14.79   7.0  25.10.2025  06:52:21
  6   7  11  12  $12    1.000     2.3724    894.38   0.6    -15.33 126.1  25.10.2025  06:52:23
  5   6  11  12  $12    1.000     1.9762   1303.76   0.0      4.33   5.3  25.10.2025  06:52:28
  6   7  11  12  $12    1.000     3.3177   1250.75   0.5   -166.21   2.4  25.10.2025  06:52:30
  5   6  14  15  $12    1.000     3.7338   8445.56   0.5    -57.07   6.1  25.10.2025  06:52:32
  6   7  15  16  $12    1.000     1.0924   2470.95   0.2    -24.08   4.2  25.10.2025  06:52:38
  5   6  15  16  $12    1.000     1.5595   4850.46   6.3    529.35  17.4  25.10.2025  06:52:44
  6   7  15  16  $12    1.000     0.8564   1937.11   0.3    -34.17   7.5  25.10.2025  06:52:49
  9  10  14  15  $12    1.000     3.5232   1328.21   0.0     32.79   1.3  25.10.2025  06:52:51
 10  11  15  16  $12    1.000     2.2775    858.60   0.0     -0.16 132.7  25.10.2025  06:52:53
  9  10  15  16  $12    1.000     2.0395   1345.52   0.0    -21.83   3.3  25.10.2025  06:52:55
 10  11  15  16  $12    1.000     2.2772    858.48   0.0     -0.68  16.6  25.10.2025  06:52:57
