//C:\Users\user\Desktop\GeoTom\GeoTomE724.ini
//- Cable direction:
//  cable I: normal
//  cable II: normal
//  cable III: normal
//  cable IV: normal
//- Cable arrangement: sequential
//- Optimization: Last measurement
//- Sorting: Multi-level
//- Current levels: 0.001 mA .. 50.0 mA
Type:         Flow
Name:         Hyprop
Comment:      Example of a measurements sequence
Comment:      
Comment:      
Spacing:      1.00000
First El:     0.00000
Nr of points: 289
IP present:   1

  1   5   2   6  $12    0.001    16.4711  70561.96   0.1   1585.08   0.0  29.10.2025  11:40:09
  1   5   3   7  $12    0.010     1.1971   2256.51   0.0    731.88   0.2  29.10.2025  11:40:17
  1   5   4   8  $12    0.010     4.8381   6383.74   0.0    -75.07   0.4  29.10.2025  11:40:19
  1   5  14   2  $12    0.001    -4.7786  42840.44   0.0    176.89   1.1  29.10.2025  11:40:23
  1   5  15   3  $12    0.010     2.3804  52348.21   0.0   -914.24   0.1  29.10.2025  11:40:27
  1   5  16   4  $12    0.010     1.2148   1188.15   0.1    -51.92   1.5  29.10.2025  11:40:31
  1   5  13   9  $12    0.001     9.7847 737750.87   0.1   -134.68   0.5  29.10.2025  11:40:36
  1   5  14  10  $12    0.010     3.8157  43828.35   0.0     23.36   0.7  29.10.2025  11:40:40
  1   5  15  11  $12    0.010     2.5310  41745.07   0.0   -513.89   0.3  29.10.2025  11:40:42
  1   5  16  12  $12    0.010     2.2583  51213.66   0.2     71.89   2.4  29.10.2025  11:40:44
  1   5  10   6  $12    0.001     9.1920  81217.96   0.3   2932.89   0.2  29.10.2025  11:40:49
  1   5  11   7  $12    0.100     8.3875   1976.25   0.3    501.62   0.5  29.10.2025  11:40:55
  1   5  12   8  $12    0.100    21.7110   9847.41   0.3    391.32   1.0  29.10.2025  11:40:57
  2   6   1   5  $12    0.001    51.1733 219226.00   0.2   -229.50   0.2  29.10.2025  11:41:06
  2   6   3   7  $12    0.001     2.7206  11655.13   0.1   -282.05   0.3  29.10.2025  11:41:08
  2   6   4   8  $12    0.001    -0.4382   8260.50   0.6   -961.77   0.7  29.10.2025  11:41:12
  2   6  13   1  $12    0.001   -54.5288 402154.01   0.2   -302.66   0.1  29.10.2025  11:41:14
  2   6  15   3  $12    0.001    -3.9917  35785.92   0.2   -599.94   0.1  29.10.2025  11:41:16
  2   6  16   4  $12    0.010   -16.6908 367050.87   0.1  -1037.33   0.1  29.10.2025  11:41:20
  2   6  13   9  $12    0.001   -85.4662 3876467.92   0.0    -59.04   0.4  29.10.2025  11:41:25
  2   6  14  10  $12    0.010    -1.4060  10600.75   3.1   -366.29   6.5  29.10.2025  11:41:44
  2   6  15  11  $12    0.001    -1.3028 149648.46   0.1  -1067.13   0.0  29.10.2025  11:41:49
  2   6  16  12  $12    0.010    -4.4481  73364.77   1.8  -2804.69   1.1  29.10.2025  11:41:57
  2   6   9   5  $12    0.001    79.1520 1044385.77   0.0    -33.99   0.4  29.10.2025  11:42:02
  2   6  11   7  $12    0.010     2.7432   2423.83   0.4  -1593.99   0.4  29.10.2025  11:42:06
  2   6  12   8  $12    0.010    10.5547  24868.86   0.9  -1397.25   0.0  29.10.2025  11:42:08
  3   7   1   5  $12    0.100    16.6421   3136.97   0.1    578.45   0.1  29.10.2025  11:42:13
  3   7   2   6  $12    0.010    13.0954   5610.05   0.0    425.19   2.3  29.10.2025  11:42:17
  3   7   4   8  $12    0.010     3.8913   1667.01   0.1      6.32  28.4  29.10.2025  11:42:20
  3   7  13   1  $12    0.100     4.1569    652.97   0.7  -2867.77   0.2  29.10.2025  11:42:28
  3   7  14   2  $12    0.010    -5.6298   4152.00   0.0     65.41   1.0  29.10.2025  11:42:33
  3   7  16   4  $12    0.100   -16.9219   1517.06   0.0      4.03   1.0  29.10.2025  11:42:36
  3   7  13   9  $12    0.010     6.3076  14862.04   0.0   -325.30   0.6  29.10.2025  11:42:41
  3   7  14  10  $12    0.100     8.4175   3817.91   0.0     40.08   0.0  29.10.2025  11:42:45
  3   7  15  11  $12    0.100     7.4440   5612.67   0.0    -70.71   0.7  29.10.2025  11:42:47
  3   7  16  12  $12    0.100     7.9898   9177.47   0.0     27.22   2.8  29.10.2025  11:42:49
  3   7   9   5  $12    0.010    -4.1537   7829.47   0.1   -484.44   0.6  29.10.2025  11:42:54
  3   7  10   6  $12    0.010     6.0750   8015.80   0.2    649.92   1.0  29.10.2025  11:42:56
  3   7  12   8  $12    0.100    13.6282   1204.15   0.0     -7.43   3.7  29.10.2025  11:43:00
  4   8   1   5  $12    0.010     5.3649   7078.86   0.4   -121.08   4.8  29.10.2025  11:43:05
  4   8   2   6  $12    0.010     4.7310   8917.68   0.8   -908.10   0.7  29.10.2025  11:43:08
  4   8   3   7  $12    0.010     3.9246   1681.29   0.2    -17.32  20.8  29.10.2025  11:43:10
  4   8  13   1  $12    0.010    -2.7603   6208.22   0.3   -281.65   0.6  29.10.2025  11:43:12
  4   8  14   2  $12    0.010    -2.9567   4644.33   0.1     25.95  33.9  29.10.2025  11:43:14
  4   8  15   3  $12    0.100   -19.3801   1429.30   0.0    -32.12   0.0  29.10.2025  11:43:18
  4   8  13   9  $12    0.100   -19.4737   1720.65   0.3   -733.57   1.2  29.10.2025  11:43:20
  4   8  14  10  $12    0.100     5.8136   1369.80   0.0     53.63   0.0  29.10.2025  11:43:22
  4   8  15  11  $12    0.100     5.8685   2661.75   0.0     76.15   0.5  29.10.2025  11:43:24
  4   8  16  12  $12    0.100     7.7750   5862.24   0.0     35.15   1.9  29.10.2025  11:43:26
  4   8   9   5  $12    0.010     4.1609   1782.53   0.0   -260.28   0.4  29.10.2025  11:43:31
  4   8  10   6  $12    0.010     0.7273   1370.84   7.6  -4110.43  10.5  29.10.2025  11:43:37
  4   8  11   7  $12    0.100    13.7379   1812.67   0.0     24.57   0.8  29.10.2025  11:43:41
  5   9   6  10  $12    0.001    19.8357  84975.96   0.1   2628.12   0.5  29.10.2025  11:43:50
  5   9   7  11  $12    0.010     3.1935   6019.69   0.7    -94.70   8.2  29.10.2025  11:43:54
  5   9   8  12  $12    0.010     4.8139   6351.76   4.2     21.56 375.8  29.10.2025  11:44:01
  5   9   2   6  $12    0.001   -14.6157 192849.51   0.3   3349.02   0.4  29.10.2025  11:44:06
  5   9   3   7  $12    0.010     3.0518   5752.52   0.0   -667.35   0.1  29.10.2025  11:44:10
  5   9   4   8  $12    0.010    -3.3730   1445.01   0.0   -267.07   0.2  29.10.2025  11:44:12
  5   9   1  13  $12    0.001    14.2302 357643.64   0.1   -392.97   1.0  29.10.2025  11:44:17
  5   9   2  14  $12    0.001     5.2012 116979.52   0.3   -390.60   0.5  29.10.2025  11:44:19
  5   9   3  15  $12    0.010    12.0058  18858.68   0.5   -226.82   1.6  29.10.2025  11:44:23
  5   9   4  16  $12    0.010     4.5133   3328.60   0.8   -642.64   0.7  29.10.2025  11:44:25
  5   9  14  10  $12    0.010     7.3146   6462.94   0.1    167.16   0.7  29.10.2025  11:44:27
  5   9  15  11  $12    0.010    -7.8670  18536.29   0.2   -689.02   0.2  29.10.2025  11:44:29
  5   9  16  12  $12    0.010    -0.6533   2962.99   7.0   -371.67   8.8  29.10.2025  11:44:39
  6  10   5   9  $12    0.001    87.6339 375422.61   0.1   -237.98   0.2  29.10.2025  11:44:44
  6  10   7  11  $12    0.010     2.8575   1224.14   0.9   -173.04   5.8  29.10.2025  11:44:48
  6  10   8  12  $12    0.010     1.8395   3467.34   3.1  -1989.30   1.6  29.10.2025  11:44:55
  6  10   1   5  $12    0.001   -48.4342 427951.22   0.0   -276.24   0.1  29.10.2025  11:45:00
  6  10   3   7  $12    0.010     1.9813   2614.32   0.8  -4335.18   0.6  29.10.2025  11:45:05
  6  10   4   8  $12    0.010    -8.0660  15204.02   0.2  -1009.45   0.1  29.10.2025  11:45:07
  6  10   1  13  $12    0.001   -50.9569 1146068.59   0.1   -352.79   0.0  29.10.2025  11:45:12
  6  10   2  14  $12    0.001   -16.9009 424765.51   0.0   -398.52   0.1  29.10.2025  11:45:14
  6  10   3  15  $12    0.001    -3.2873  73935.36   0.1   -653.87   0.1  29.10.2025  11:45:16
  6  10   4  16  $12    0.010    -4.8598   7633.71   0.5   -362.81   2.0  29.10.2025  11:45:20
  6  10  13   9  $12    0.001    93.9858 1240113.11   0.1   -216.99   0.7  29.10.2025  11:45:25
  6  10  15  11  $12    0.001     1.5792  13953.14   0.3   -910.72   1.2  29.10.2025  11:45:29
  6  10  16  12  $12    0.010     1.6042   3779.72   0.3    -63.68   5.4  29.10.2025  11:45:37
  7  11   5   9  $12    0.010     2.8189   5313.41   0.3    -55.54   9.8  29.10.2025  11:45:38
  7  11   6  10  $12    0.010     3.2452   1390.26   0.4    155.31   2.8  29.10.2025  11:45:40
  7  11   8  12  $12    0.010     3.2502   1392.37   0.4     55.43   5.7  29.10.2025  11:45:42
  7  11   1   5  $12    0.100    -8.6591   2040.25   0.1    -39.75   3.1  29.10.2025  11:45:46
  7  11   2   6  $12    0.100    -9.6653    854.00   0.2    347.50   0.2  29.10.2025  11:45:48
  7  11   4   8  $12    0.100   -12.9921   1714.27   0.0     11.64   4.1  29.10.2025  11:45:50
  7  11   1  13  $12    0.100     4.2231    663.37   0.3    166.22   2.8  29.10.2025  11:45:53
  7  11   2  14  $12    0.100     5.8643   1318.94   0.0     67.93   1.1  29.10.2025  11:45:55
  7  11   3  15  $12    0.100     5.0276   1263.57   0.0     20.28   2.3  29.10.2025  11:45:57
  7  11   4  16  $12    0.100     7.2763   1636.50   0.0     18.16   1.1  29.10.2025  11:45:59
  7  11  13   9  $12    0.100    11.9177   2246.43   0.3   -158.94   0.8  29.10.2025  11:46:01
  7  11  14  10  $12    0.100    11.5786   1527.77   0.0     12.09   3.6  29.10.2025  11:46:03
  7  11  16  12  $12    0.100    11.0583    977.08   0.0     47.52   0.2  29.10.2025  11:46:05
  8  12   5   9  $12    0.010     6.2135   8198.51   0.1   -209.10   0.6  29.10.2025  11:46:10
  8  12   6  10  $12    0.010     0.6225   1173.43  12.8  -7957.83  11.3  29.10.2025  11:46:16
  8  12   7  11  $12    0.010     3.1451   1347.35   0.4    -11.49  51.7  29.10.2025  11:46:18
  8  12   1   5  $12    0.010    -3.9959  18124.07   0.8   -200.22   3.5  29.10.2025  11:46:20
  8  12   2   6  $12    0.010    -0.9873   2326.25   0.8  -5550.72   7.5  29.10.2025  11:46:23
  8  12   3   7  $12    0.100   -14.3672   1269.45   0.0      4.75   2.4  29.10.2025  11:46:27
  8  12   1  13  $12    0.100   -16.7183   1232.99   0.0   -670.88   0.3  29.10.2025  11:46:29
  8  12   2  14  $12    0.100     2.8036    440.38   0.1   1290.96   0.3  29.10.2025  11:46:31
  8  12   3  15  $12    0.100     3.6382    818.26   0.0    247.88   0.3  29.10.2025  11:46:33
  8  12  16   4  $12    0.100    -7.7112   1938.02   0.0     89.30   0.8  29.10.2025  11:46:35
  8  12   9  13  $12    0.010    -4.1864   1793.47   0.1   -340.95   4.2  29.10.2025  11:46:40
  8  12  10  14  $12    0.100    -4.8489    913.99   0.0    -64.71   0.7  29.10.2025  11:46:44
  8  12  11  15  $12    0.100   -13.4831   1779.05   0.0    -11.23   1.8  29.10.2025  11:46:46
  9  13  10  14  $12    0.010    15.0911   6465.00   0.0    418.76   0.0  29.10.2025  11:46:51
  9  13  11  15  $12    0.010    -8.0123  15102.80   0.2   -597.05   0.1  29.10.2025  11:46:53
  9  13  12  16  $12    0.010     1.9283   2544.28   0.1   1106.87   0.6  29.10.2025  11:46:55
  9  13   6  10  $12    0.001   -12.1011 159669.98   1.7   4980.45   1.6  29.10.2025  11:47:01
  9  13   7  11  $12    0.010    -1.8212   3432.88   0.0    -26.87   9.3  29.10.2025  11:47:08
  9  13   8  12  $12    0.010    -1.5541    665.78   5.2    536.07  16.5  29.10.2025  11:47:15
  9  13   5   1  $12    0.001    11.7067 882666.75   0.1   -402.33   0.3  29.10.2025  11:47:20
  9  13   6   2  $12    0.001    -0.6028  27339.24   1.2 111127.30   1.4  29.10.2025  11:47:22
  9  13   7   3  $12    0.010     3.8270   9017.24   6.1     38.07 248.8  29.10.2025  11:47:30
  9  13   8   4  $12    0.010    -1.8062   1595.89   0.2   -727.95   0.3  29.10.2025  11:47:36
  9  13   2  14  $12    0.001    -5.0591  37311.27   0.4   -575.09   0.1  29.10.2025  11:47:41
  9  13   3  15  $12    0.010   -21.1722  33257.16   0.0   -404.75   0.0  29.10.2025  11:47:44
  9  13   4  16  $12    0.010     0.8035   1807.13   0.1   2398.56   0.1  29.10.2025  11:47:50
 10  14   9  13  $12    0.010    19.9944   8565.59   0.0    255.85   0.3  29.10.2025  11:47:52
 10  14  11  15  $12    0.010     8.4528   3621.18   0.0    300.64   0.5  29.10.2025  11:47:54
 10  14  12  16  $12    0.001     3.7105  69940.94   0.1     98.04   0.2  29.10.2025  11:47:59
 10  14   5   9  $12    0.010    -8.2760   7312.46   0.0    141.59   0.4  29.10.2025  11:48:03
 10  14   7  11  $12    0.100   -12.4528   1643.11   0.0     21.68   0.2  29.10.2025  11:48:07
 10  14   8  12  $12    0.100    -5.1024    961.77   0.0    -30.09   0.9  29.10.2025  11:48:09
 10  14   5   1  $12    0.010     4.1885  48110.78   0.5     -9.39  11.7  29.10.2025  11:48:14
 10  14   6   2  $12    0.010     2.4878  18757.32   0.7   1638.13   0.4  29.10.2025  11:48:16
 10  14   7   3  $12    0.100     6.5481   2970.00   0.0      2.59  20.7  29.10.2025  11:48:20
 10  14   8   4  $12    0.100     5.7316   1350.47   0.0     58.07   0.7  29.10.2025  11:48:22
 10  14   1  13  $12    0.010     5.6629   5076.77   0.8    828.95   0.5  29.10.2025  11:48:27
 10  14   3  15  $12    0.010     4.9809   3673.48   0.3    481.65   0.4  29.10.2025  11:48:29
 10  14   4  16  $12    0.001     3.0084  47255.41   0.0    126.11   0.5  29.10.2025  11:48:34
 11  15   9  13  $12    0.010     3.8178   7196.47   0.1    471.40   9.4  29.10.2025  11:48:39
 11  15  10  14  $12    0.010     6.4603   2767.58   0.3    251.01   0.6  29.10.2025  11:48:41
 11  15  12  16  $12    0.010    14.6330   6268.75   0.0    127.07   0.5  29.10.2025  11:48:43
 11  15   5   9  $12    0.100    -8.8959   2096.05   0.4    212.73  15.0  29.10.2025  11:48:46
 11  15   6  10  $12    0.010   -14.0760  12437.19   0.5   -319.02  11.1  29.10.2025  11:48:52
 11  15   8  12  $12    0.100   -13.2783   1752.03   0.0     29.86   0.9  29.10.2025  11:48:56
 11  15   5   1  $12    0.100     7.4343  12261.61   0.2    194.11   1.6  29.10.2025  11:48:58
 11  15   6   2  $12    0.010   -10.7476 123451.37   1.2   -328.14   3.3  29.10.2025  11:49:07
 11  15   7   3  $12    0.100     6.5007   4901.38   0.0     -4.97  20.6  29.10.2025  11:49:12
 11  15   8   4  $12    0.100     6.2798   2848.31   0.0     -2.44   9.1  29.10.2025  11:49:14
 11  15   1  13  $12    0.100     1.9298   4243.74   0.4  -1260.33   0.4  29.10.2025  11:49:18
 11  15   2  14  $12    0.100     6.4498    578.23   0.4   -399.93   5.9  29.10.2025  11:49:21
 11  15   4  16  $12    0.010     6.3450   4679.51   0.9    223.88   0.5  29.10.2025  11:49:26
 12  16   9  13  $12    0.010     6.2295   8219.67   0.2     72.44   3.4  29.10.2025  11:49:28
 12  16  10  14  $12    0.001     3.1807  59954.51   0.0     71.53   1.4  29.10.2025  11:49:33
 12  16  11  15  $12    0.010    10.4589   4480.58   0.1    244.62   0.0  29.10.2025  11:49:37
 12  16   5   9  $12    0.100    -8.5354   3871.38   0.1   -613.78   2.2  29.10.2025  11:49:41
 12  16   6  10  $12    0.100    11.0523   2604.13   0.1   1662.52   0.1  29.10.2025  11:49:44
 12  16   7  11  $12    0.100   -11.2772    996.42   0.0     25.57   6.7  29.10.2025  11:49:46
 12  16   5   1  $12    0.100    20.1581  45715.30   0.1    162.54   0.3  29.10.2025  11:49:48
 12  16   6   2  $12    0.010     7.0546 116354.48   0.9    294.76   3.4  29.10.2025  11:49:56
 12  16   7   3  $12    0.100     7.1163   8174.13   0.0     10.73   1.0  29.10.2025  11:50:01
 12  16   8   4  $12    0.100     8.2711   6236.23   0.0     48.10   0.7  29.10.2025  11:50:03
 12  16  13   1  $12    0.100   -11.0612   1081.83   0.2   1157.84   0.4  29.10.2025  11:50:05
 12  16  14   2  $12    0.010   -22.3631 491789.37   0.2    154.88   0.7  29.10.2025  11:50:09
 12  16  15   3  $12    0.010   -10.4221   9343.45   0.1    317.22   0.0  29.10.2025  11:50:12
 13   1  14   2  $12    0.001     5.5103  18896.89   0.0    306.23   0.4  29.10.2025  11:50:16
 13   1  15   3  $12    0.010    -2.3959   1816.82   0.0  -1270.56   0.0  29.10.2025  11:50:20
 13   1  16   4  $12    0.100     1.0971    141.00   3.6  12673.13   4.0  29.10.2025  11:50:28
 13   1  10  14  $12    0.010    -2.7861   2497.71   0.0   1114.87   0.3  29.10.2025  11:50:33
 13   1  11  15  $12    0.010     1.3194  29014.74   0.5  -1132.66   0.8  29.10.2025  11:50:37
 13   1  12  16  $12    0.100     1.7280    169.00   1.9  -2793.70   1.0  29.10.2025  11:50:46
 13   1   9   5  $12    0.001    11.1456 280119.83   0.2   -204.62   0.9  29.10.2025  11:50:54
 13   1  10   6  $12    0.001     2.7494  61837.32   2.8 -11015.63   2.6  29.10.2025  11:50:56
 13   1  11   7  $12    0.100    -0.2397     37.66   1.8  -5849.02   1.5  29.10.2025  11:51:05
 13   1  12   8  $12    0.100     1.1641     85.86   0.2  -1041.41   0.6  29.10.2025  11:51:11
 13   1   6   2  $12    0.001     2.8560  21063.55   0.5  10646.54   0.4  29.10.2025  11:51:19
 13   1   7   3  $12    0.100    11.9776   1881.44   0.2   -357.45   0.5  29.10.2025  11:51:24
 13   1   8   4  $12    0.100     4.0901    919.91   0.8   1492.83   1.4  29.10.2025  11:51:26
 14   2  13   1  $12    0.001     4.0811  13995.63   0.9    250.77   5.6  29.10.2025  11:51:34
 14   2  15   3  $12    0.010     6.4858   2224.24   0.0    415.35   0.0  29.10.2025  11:51:38
 14   2  16   4  $12    0.010    19.8860  15079.86   0.0    287.03   0.0  29.10.2025  11:51:40
 14   2   9  13  $12    0.001     4.7676  35161.45   0.2   -272.30   0.9  29.10.2025  11:51:45
 14   2  11  15  $12    0.010    -1.1904   1067.16   0.0   1934.88   0.0  29.10.2025  11:51:49
 14   2  12  16  $12    0.010   -16.9894 373617.50   0.0    309.61   0.1  29.10.2025  11:51:51
 14   2   9   5  $12    0.001     4.6625 104863.10   0.8   -144.24   6.8  29.10.2025  11:51:56
 14   2  10   6  $12    0.001     1.5932  40040.26   0.8  -7737.34   0.7  29.10.2025  11:51:58
 14   2  11   7  $12    0.100     3.7121    834.89   0.0    112.55   0.8  29.10.2025  11:52:04
 14   2  12   8  $12    0.100     6.1369    963.98   0.3    118.46   2.8  29.10.2025  11:52:06
 14   2   5   1  $12    0.001     4.2506  38106.39   0.6    282.92   0.5  29.10.2025  11:52:13
 14   2   7   3  $12    0.010     4.9321   3637.45   0.0     76.61   0.1  29.10.2025  11:52:17
 14   2   8   4  $12    0.010     3.6618   5751.94   0.0     65.00   0.3  29.10.2025  11:52:19
 15   3  13   1  $12    0.010    -1.8647   1414.03   0.1  -1480.72   0.1  29.10.2025  11:52:21
 15   3  14   2  $12    0.010     7.1140   2439.64   0.0    262.74   1.5  29.10.2025  11:52:23
 15   3  16   4  $12    0.010     9.9594   3415.46   0.0    292.41   0.1  29.10.2025  11:52:25
 15   3   9  13  $12    0.010    13.4116  21066.95   0.6   -588.65   1.6  29.10.2025  11:52:27
 15   3  10  14  $12    0.010    -2.1667   1597.93   0.0    703.32   0.7  29.10.2025  11:52:29
 15   3  12  16  $12    0.010    -7.6115   6823.70   0.1    378.61   0.2  29.10.2025  11:52:31
 15   3   9   5  $12    0.010    12.8747  20223.54   0.0   -551.24   0.3  29.10.2025  11:52:33
 15   3  10   6  $12    0.001    -3.9735  89367.53   0.1   -379.67   1.4  29.10.2025  11:52:39
 15   3  11   7  $12    0.100     4.6925   1179.36   0.0      9.40   1.0  29.10.2025  11:52:45
 15   3  12   8  $12    0.100     4.0179    903.67   0.0     60.86   0.1  29.10.2025  11:52:47
 15   3   5   1  $12    0.100    -0.9373   2061.29   0.9  -9723.16   0.9  29.10.2025  11:52:51
 15   3   6   2  $12    0.001     3.1400  28150.45   0.8   -169.82   4.6  29.10.2025  11:52:59
 15   3   8   4  $12    0.100    19.4301   1432.98   0.0     -4.63   0.8  29.10.2025  11:53:05
 16   4  13   1  $12    0.100    17.8798   2297.90   0.2    608.56   0.2  29.10.2025  11:53:07
 16   4  14   2  $12    0.001     2.2472  17040.74   0.2    264.19   4.6  29.10.2025  11:53:14
 16   4  15   3  $12    0.010     9.1067   3123.04   0.1    247.78   0.1  29.10.2025  11:53:18
 16   4   9  13  $12    0.010    -2.3895   5374.30   0.6    573.43   4.6  29.10.2025  11:53:20
 16   4  10  14  $12    0.001    -2.4420  38358.77   0.0    252.07   0.0  29.10.2025  11:53:25
 16   4  11  15  $12    0.010    -7.3985   5456.44   0.0    344.48   0.0  29.10.2025  11:53:29
 16   4   9   5  $12    0.100     8.2537    608.72   0.1    313.22   1.2  29.10.2025  11:53:33
 16   4  10   6  $12    0.100     5.5107    865.63   0.7   2324.21   0.9  29.10.2025  11:53:35
 16   4  11   7  $12    0.100     6.6180   1488.45   0.1     37.66   0.3  29.10.2025  11:53:37
 16   4  12   8  $12    0.100     7.3671   1851.56   0.0     93.82   0.1  29.10.2025  11:53:39
 16   4   5   1  $12    0.100    -5.6641    553.97   0.1    283.31   3.9  29.10.2025  11:53:41
 16   4   6   2  $12    0.100   -10.4785  23043.46   0.8   1416.62   1.3  29.10.2025  11:53:44
 16   4   7   3  $12    0.100    17.4521   1564.59   0.0     -1.47   5.2  29.10.2025  11:53:46
  1   4   2   3  $12    0.001     3.7308  23441.05   0.3    289.09   0.4  29.10.2025  11:53:54
  2   3   1   4  $12    0.001     3.6627  23013.61   0.2    360.90   0.7  29.10.2025  11:53:56
  1   2   3   4  $12    0.010    -3.7210   7013.91   0.0   -224.58   0.3  29.10.2025  11:54:00
  3   4   1   2  $12    0.010    -3.9024   7355.81   0.1   -193.92   1.4  29.10.2025  11:54:02
  5   8   6   7  $12    0.001    18.9022 118765.98   0.1   -746.45   0.2  29.10.2025  11:54:07
  6   7   5   8  $12    0.001    -5.9166  37175.09   0.3   -939.34   0.0  29.10.2025  11:54:09
  5   6   7   8  $12    0.010     5.1351   9679.37   0.9  -1350.43   0.1  29.10.2025  11:54:15
  7   8   5   6  $12    0.010    -4.2589   8027.83   2.3    340.00   3.8  29.10.2025  11:54:22
  9  12  10  11  $12    0.010    12.1360   7625.28   0.0     33.73   4.0  29.10.2025  11:54:24
 10  11   9  12  $12    0.010    10.6741   6706.75   0.1    117.49   3.3  29.10.2025  11:54:26
  9  10  11  12  $12    0.010     0.0319     60.07   2.5  -7834.89   2.4  29.10.2025  11:54:38
 11  12   9  10  $12    0.100    -6.3482   1196.61   0.9   -564.87   1.6  29.10.2025  11:54:47
 13  16  14  15  $12    0.010   -12.0239   7554.87   0.1   -281.52   0.4  29.10.2025  11:54:51
 14  15  13  16  $12    0.010   -17.2841  10859.93   0.0   -429.79   0.0  29.10.2025  11:54:54
 13  14  15  16  $12    0.001     2.2270  41978.39   0.3     63.13   2.6  29.10.2025  11:54:58
  1   9  10   2  $12    0.001   -11.0561  39786.00   0.0    -92.72   0.8  29.10.2025  11:55:00
  1   9  11   3  $12    0.010    -6.6067   5660.61   0.0   -181.91   0.2  29.10.2025  11:55:05
  1   9  12   4  $12    0.010    -2.3746   3970.67   0.0     45.42   4.0  29.10.2025  11:55:07
  2  10   9   1  $12    0.001   -10.5059  37806.16   0.0    -49.73   1.2  29.10.2025  11:55:12
  2  10  11   3  $12    0.010    -7.1486   2572.46   0.0     90.76   1.1  29.10.2025  11:55:15
  2  10  12   4  $12    0.010    -4.4861   3843.72   0.0    108.32   1.1  29.10.2025  11:55:17
  3  11   9   1  $12    0.010    -7.3514   6298.63   0.1   -194.31   0.4  29.10.2025  11:55:19
  3  11  10   2  $12    0.010    -7.6347   2747.38   0.1     69.93   3.2  29.10.2025  11:55:22
  3  11  12   4  $12    0.010    -4.2711   1536.98   0.1     38.83   5.4  29.10.2025  11:55:24
 12   4   9   1  $12    0.010     2.9309   4900.82   0.4   -167.14   2.8  29.10.2025  11:55:26
 12   4  10   2  $12    0.010     3.7236   3190.37   0.4      9.32  48.5  29.10.2025  11:55:28
 12   4  11   3  $12    0.010     4.2965   1546.10   0.1     20.32   1.7  29.10.2025  11:55:30
 13   5  14   6  $12    0.001    15.4759  55690.99   0.4   -755.05   1.3  29.10.2025  11:55:35
 13   5  15   7  $12    0.100     9.9987    856.68   0.2    708.51   0.3  29.10.2025  11:55:40
 13   5  16   8  $12    0.010     4.7331   7914.41   0.0    319.57   0.3  29.10.2025  11:55:45
 14   6  13   5  $12    0.001    -2.2900   8240.53   0.6  -2331.08   0.4  29.10.2025  11:55:51
 14   6  15   7  $12    0.001    -0.5926   2132.67   0.0  -2063.78   0.0  29.10.2025  11:55:55
 14   6  16   8  $12    0.001     2.4502  20993.17   0.1    324.85   0.3  29.10.2025  11:55:57
 15   7  13   5  $12    0.010     2.9820   2554.96   0.4    178.26   2.8  29.10.2025  11:56:01
 15   7  14   6  $12    0.100    21.1455    760.93   0.2    158.24  21.5  29.10.2025  11:56:05
 15   7  16   8  $12    0.010    10.9880   3954.07   0.3    189.87   0.2  29.10.2025  11:56:10
 16   8  13   5  $12    0.010     5.6088   9378.68   0.0    358.07   0.1  29.10.2025  11:56:12
 16   8  14   6  $12    0.001     2.2905  19625.26   0.7    303.83   1.6  29.10.2025  11:56:17
 16   8  15   7  $12    0.010     9.9045   3564.18   0.0    312.83   0.0  29.10.2025  11:56:21
  1   2   5   6  $12    0.001     1.3794 260019.86   4.6  14027.42   5.1  29.10.2025  11:56:30
  2   3   6   7  $12    0.001    -0.7343 138408.16  10.8  13965.77  18.7  29.10.2025  11:56:37
  3   4   7   8  $12    1.000     2.7569    519.65   0.1   -299.55   0.3  29.10.2025  11:56:44
  1   2   9  10  $12    0.001    -7.9472 12583363.31   0.1   -188.09   0.9  29.10.2025  11:56:55
  2   3  10  11  $12    0.100     0.1594   2523.27   0.0   -196.83   1.8  29.10.2025  11:57:13
  3   4  11  12  $12    1.000     1.2579   1991.65   0.0   -512.57   0.0  29.10.2025  11:57:20
  1   2  13  14  $12    0.010     3.7906 2043520.74   0.0    106.17   0.0  29.10.2025  11:57:28
  2   3  14  15  $12    0.010     5.1725 2788470.55   0.1    250.68   0.1  29.10.2025  11:57:30
  3   4  15  16  $12    1.000    15.5309  83726.71   0.0   -345.97   0.2  29.10.2025  11:57:36
  5   6   9  10  $12    0.001    84.8286 15989805.47   0.1   -150.50   1.1  29.10.2025  11:57:48
  6   7  10  11  $12    0.010     0.2799   5276.75   1.4  -1874.29   1.1  29.10.2025  11:57:55
  7   8  11  12  $12    1.000     2.4079    453.88   0.2    287.15   3.9  29.10.2025  11:58:00
  5   6  13  14  $12    0.010    -2.5096 397359.67   0.4    307.11   1.9  29.10.2025  11:58:09
  6   7  14  15  $12    0.001    -0.9163 1450795.11   0.3   -842.59   0.0  29.10.2025  11:58:14
  7   8  15  16  $12    1.000    -4.5770   7247.01   0.9   -595.73   0.5  29.10.2025  11:58:22
  9  10  13  14  $12    0.010    -0.6632  12501.26   0.3    -84.05   1.5  29.10.2025  11:58:31
 10  11  14  15  $12    1.000    11.4136   2151.42   0.0     68.87   0.1  29.10.2025  11:58:36
 11  12  15  16  $12    1.000     4.5735    862.09   0.3    225.40   0.3  29.10.2025  11:58:38
  1   2   6   7  $12    0.001    -2.9487 1111615.58   1.7   5928.42   2.0  29.10.2025  11:58:54
  2   3   7   8  $12    0.100     3.8139  14378.15   4.2  -1815.78   1.4  29.10.2025  11:59:04
  1   2   7   8  $12    0.010     1.0790  71182.55   0.1   -344.99   0.2  29.10.2025  11:59:10
  2   3   7   8  $12    0.100     0.6909   2604.70   6.2  -4938.63   5.7  29.10.2025  11:59:18
  1   2  10  11  $12    0.010    -0.0983  22228.14   0.3    -71.31   9.0  29.10.2025  11:59:23
  2   3  11  12  $12    0.100     1.0475  23693.90   0.4   -519.28   0.0  29.10.2025  11:59:30
  1   2  11  12  $12    0.100     2.8840  89698.48   0.8   -617.54   1.0  29.10.2025  11:59:32
  2   3  11  12  $12    0.100     0.9808  22185.48   0.2   -534.46   0.0  29.10.2025  11:59:38
  1   2  14  15  $12    0.010    -4.7971 3291382.97   0.0    -13.35   2.5  29.10.2025  11:59:43
  2   3  15  16  $12    0.010    -4.1741 2863931.48   0.0    156.32   0.1  29.10.2025  11:59:45
  1   2  15  16  $12    0.010     4.7008 4031690.52   0.0   -180.39   0.0  29.10.2025  11:59:47
  2   3  15  16  $12    0.010    -4.1620 2855648.90   0.0    157.41   0.0  29.10.2025  11:59:49
  5   6  10  11  $12    0.010    -2.7493 103645.60   0.3  -1234.53   0.1  29.10.2025  11:59:51
  6   7  11  12  $12    0.010     4.9873 188015.03   4.5   -826.60   2.3  29.10.2025  11:59:58
  5   6  11  12  $12    0.010    -8.9064 587586.87   0.3  -1024.47   0.0  29.10.2025  12:00:00
  6   7  11  12  $12    0.010     6.9422 261714.36   0.5   -937.50   0.1  29.10.2025  12:00:02
  5   6  14  15  $12    0.001     0.9571 2165003.93   0.3   -846.92   0.1  29.10.2025  12:00:06
  6   7  15  16  $12    0.001     1.4183 3208100.60   0.1   -757.25   0.1  29.10.2025  12:00:11
  5   6  15  16  $12    0.001    -1.3823 4299221.36   0.0   -759.78   0.1  29.10.2025  12:00:15
  6   7  15  16  $12    0.001     1.4684 3321398.23   0.1   -769.05   0.1  29.10.2025  12:00:19
  9  10  14  15  $12    0.010    -6.1486 231797.15   0.3   -476.59   0.1  29.10.2025  12:00:23
 10  11  15  16  $12   10.000     9.8402    370.97   0.5   -226.36   0.0  29.10.2025  12:00:30
  9  10  15  16  $12    0.010     6.6964 441786.59   0.4   -477.40   0.2  29.10.2025  12:00:42
 10  11  15  16  $12   10.000     9.7307    366.84   0.6   -227.72   0.4  29.10.2025  12:00:49
