//C:\Users\user\Desktop\GeoTom\GeoTomE724.ini
//- Cable direction:
//  cable I: normal
//  cable II: normal
//  cable III: normal
//  cable IV: normal
//- Cable arrangement: sequential
//- Optimization: Last measurement
//- Sorting: Multi-level
//- Current levels: 0.001 mA .. 10.0 mA
Type:         Flow
Name:         Hyprop
Comment:      Example of a measurements sequence
Comment:      
Comment:      
Spacing:      1.00000
First El:     0.00000
Nr of points: 180
IP present:   1

  1   2   4   3  $12    0.010     9.4727  17855.56   0.0      8.42   1.8  11.06.2026  02:10:05
  1   4   2   3  $12    0.001     2.3982  15068.62   0.0      5.10  12.4  11.06.2026  02:10:11
  5   6   8   7  $12    0.010     7.8131  14727.39   0.0      0.60  14.9  11.06.2026  02:10:14
  5   8   6   7  $12    0.001     2.3802  14955.51   0.0      1.31   8.1  11.06.2026  02:10:19
  9  10  12  11  $12    0.010     8.2192  15492.74   0.0      7.77   3.3  11.06.2026  02:10:23
  9  12  10  11  $12    0.001     2.4622  15470.51   0.0     -0.89  23.7  11.06.2026  02:10:28
 13  14  16  15  $12    0.010     9.0901  17134.43   0.0     -0.82  10.4  11.06.2026  02:10:32
 13  16  14  15  $12    0.010    22.9753  14435.82   0.0      6.70   1.4  11.06.2026  02:10:34
  1   5  13   9  $12    0.010     5.8780  44318.89   0.0      0.84  10.0  11.06.2026  02:10:36
  2   6  14  10  $12    0.010     4.6901  35362.84   0.0      2.67   5.9  11.06.2026  02:10:38
  3   7  15  11  $12    0.010     4.8187  36332.35   0.0     -0.03  74.3  11.06.2026  02:10:40
  4   8  16  12  $12    0.010     5.9635  44963.75   0.0     -1.69  24.9  11.06.2026  02:10:42
  5   9   1  13  $12    0.010     6.0561  15220.52   0.2      1.76 104.9  11.06.2026  02:10:44
  6  10   2  14  $12    0.010     4.9214  12368.93   0.0     -1.02 221.8  11.06.2026  02:10:46
  7  11   3  15  $12    0.010     4.9584  12461.84   0.0     -0.06  13.0  11.06.2026  02:10:48
  8  12   4  16  $12    0.010     5.7839  14536.44   0.0     -2.08  19.3  11.06.2026  02:10:50
  9  13   5   1  $12    0.010     5.9021  44501.08   0.0     -4.65  12.5  11.06.2026  02:10:52
 10  14   6   2  $12    0.010     4.6940  35391.68   0.0     -6.39  13.0  11.06.2026  02:10:54
 11  15   7   3  $12    0.010     4.8056  36233.04   0.1      2.05  51.1  11.06.2026  02:10:56
 12  16   8   4  $12    0.010     5.9760  45058.17   0.0      4.23   6.6  11.06.2026  02:10:58
 13   1   9   5  $12    0.010     6.0615  15234.11   0.0      0.77  32.9  11.06.2026  02:11:00
 14   2  10   6  $12    0.010     4.9419  12420.31   0.0      2.11   2.7  11.06.2026  02:11:02
 15   3  11   7  $12    0.010     4.9712  12493.87   0.0     -1.79  12.4  11.06.2026  02:11:05
 16   4  12   8  $12    0.010     5.8016  14580.95   0.0     -2.94   8.3  11.06.2026  02:11:07
  1   2   5   6  $12    0.100     4.9820   9390.77   0.0     -0.16  20.5  11.06.2026  02:11:10
  1   2   6   7  $12    0.100     4.6787  17638.44   0.0      0.96  12.3  11.06.2026  02:11:12
  1   2   7   8  $12    0.100     3.2586  21497.94   0.0     -5.62   6.5  11.06.2026  02:11:14
  1   2   9  10  $12    1.000    18.4590  29227.28   0.0     -3.84   2.4  11.06.2026  02:11:18
  1   2  10  11  $12    1.000    19.1476  43310.96   0.0     -1.72   1.9  11.06.2026  02:11:20
  1   2  11  12  $12    1.000    15.1712  47184.99   0.0      4.59   1.9  11.06.2026  02:11:22
  1   2  13  14  $12    0.100     5.1708 278755.54   0.0     -2.45   2.6  11.06.2026  02:11:27
  1   2  14  15  $12    0.100     4.9454 339318.97   0.0      2.29   4.0  11.06.2026  02:11:29
  1   2  15  16  $12    0.100     3.6297 311304.87   0.0     -3.97   3.5  11.06.2026  02:11:31
  1   3   5   7  $12    0.100    19.4522   7333.32   0.0      3.58   0.5  11.06.2026  02:11:33
  1   3   6   8  $12    0.100    16.9260  13958.31   0.0      3.10   0.8  11.06.2026  02:11:35
  1   3   9  11  $12    0.100     7.8457  29577.52   0.0      3.57   5.4  11.06.2026  02:11:38
  1   3  10  12  $12    0.100     7.2350  39378.88   0.0      3.51   3.4  11.06.2026  02:11:40
  1   3  13  15  $12    0.100    20.5843 271603.83   0.0      2.85   1.4  11.06.2026  02:11:42
  1   3  14  16  $12    0.100    18.4104 310155.49   0.0      1.97   2.6  11.06.2026  02:11:44
  2   4   6   8  $12    0.100    17.2138   6489.43   0.0      5.06   0.3  11.06.2026  02:11:46
  2   4  10  12  $12    0.100     7.2408  27296.99   0.0      3.26   2.7  11.06.2026  02:11:48
  2   4  14  16  $12    0.100    19.2311 253748.39   0.0      3.33   2.7  11.06.2026  02:11:50
  1   4   5   8  $12    0.010     3.8594   3772.15   0.0      0.25  36.9  11.06.2026  02:11:55
  1   4   9  12  $12    0.100    16.1957  24874.83   0.0      3.33   1.1  11.06.2026  02:11:59
  1   4  13  16  $12    0.010     4.2316 239292.06   0.0     -0.03 342.3  11.06.2026  02:12:04
  5   6   9  10  $12    0.100     5.3042   9998.26   0.0      3.58   2.0  11.06.2026  02:12:07
  5   6  10  11  $12    0.100     5.0977  19217.89   0.0      3.23   6.5  11.06.2026  02:12:10
  5   6  11  12  $12    0.100     3.6565  24123.16   0.0     -1.48  42.1  11.06.2026  02:12:12
  5   6  13  14  $12    1.000    18.8502  29846.67   0.0      3.08   1.5  11.06.2026  02:12:15
  5   6  14  15  $12    1.000    19.8252  44843.44   0.0      4.09   0.5  11.06.2026  02:12:17
  5   6  15  16  $12    1.000    15.5863  48476.11   0.0     -0.18  18.8  11.06.2026  02:12:19
  5   6   1   2  $12    0.100     5.0278   9477.24   0.0     -0.82  25.0  11.06.2026  02:12:24
  5   6   2   3  $12    0.100     4.7877   3609.81   0.0      6.11  12.2  11.06.2026  02:12:26
  5   6   3   4  $12    0.100     3.6025    679.05   0.0      1.39  20.6  11.06.2026  02:12:28
  5   7   9  11  $12    0.100    21.1816   7985.28   0.0      3.80   1.2  11.06.2026  02:12:30
  5   7  10  12  $12    0.100    18.6402  15371.97   0.0      3.96   1.7  11.06.2026  02:12:33
  5   7  13  15  $12    0.100     7.9986  30154.04   0.0      2.37  61.9  11.06.2026  02:12:35
  5   7  14  16  $12    0.100     7.3898  40221.50   0.0      2.62   2.0  11.06.2026  02:12:37
  5   7   1   3  $12    0.100    19.5014   7351.84   0.0      2.76   2.7  11.06.2026  02:12:39
  5   7   2   4  $12    0.100    17.7373   2089.63   0.0      6.27   4.0  11.06.2026  02:12:41
  6   8  10  12  $12    0.100    17.8583   6732.44   0.0      3.58   2.5  11.06.2026  02:12:43
  6   8  14  16  $12    0.100     6.8821  25944.76   0.0      3.13   5.1  11.06.2026  02:12:45
  6   8   2   4  $12    0.100    17.2475   6502.15   0.0      3.52   2.5  11.06.2026  02:12:47
  5   8   9  12  $12    0.010     4.0885   3996.02   0.0      1.71   3.1  11.06.2026  02:12:52
  5   8  13  16  $12    0.100    15.8595  24358.38   0.0      3.13   0.3  11.06.2026  02:12:56
  5   8   1   4  $12    0.010     3.8699   3782.35   0.0     -0.70   9.1  11.06.2026  02:13:01
  9  10  13  14  $12    0.100     5.8708  11066.27   0.0      0.74  18.2  11.06.2026  02:13:04
  9  10  14  15  $12    0.100     5.4537  20559.92   0.0     -0.32  14.8  11.06.2026  02:13:06
  9  10  15  16  $12    0.100     3.6488  24072.21   0.0     -2.51   2.7  11.06.2026  02:13:09
  9  10   1   2  $12    1.000    18.6046  29457.91   0.0     -1.30   4.6  11.06.2026  02:13:12
  9  10   2   3  $12    1.000    19.8019  20902.39   0.0      7.65   7.2  11.06.2026  02:13:14
  9  10   3   4  $12    1.000    17.4797  11531.94   0.0      0.53   5.8  11.06.2026  02:13:16
  9  10   5   6  $12    0.100     5.3559  10095.64   0.0      2.12   2.7  11.06.2026  02:13:21
  9  10   6   7  $12    0.100     5.3425   4028.13   0.0      3.84   1.3  11.06.2026  02:13:23
  9  10   7   8  $12    0.100     3.5604    671.13   0.0      1.81  27.2  11.06.2026  02:13:25
  9  11  13  15  $12    0.100    22.8085   8598.59   0.0      2.76   0.1  11.06.2026  02:13:27
  9  11  14  16  $12    0.100    19.4107  16007.35   0.0      2.42   0.5  11.06.2026  02:13:29
  9  11   1   3  $12    0.100     7.8974  29772.43   0.0      0.13 805.9  11.06.2026  02:13:31
  9  11   2   4  $12    0.100     7.6945  19036.18   0.0      9.24   3.6  11.06.2026  02:13:33
  9  11   5   7  $12    0.100    21.2388   8006.86   0.0      4.43   0.1  11.06.2026  02:13:35
  9  11   6   8  $12    0.100    18.5526   2185.68   0.0      4.77   0.6  11.06.2026  02:13:37
 10  12  14  16  $12    0.100    19.1564   7221.81   0.0      3.72   0.8  11.06.2026  02:13:39
 10  12   2   4  $12    0.100     7.2526  27341.55   0.0      0.16 168.0  11.06.2026  02:13:41
 10  12   6   8  $12    0.100    17.8265   6720.42   0.0      4.54   0.8  11.06.2026  02:13:44
  9  12  13  16  $12    0.010     4.3858   4286.62   0.0      0.60  17.5  11.06.2026  02:13:48
  9  12   1   4  $12    0.100    16.2401  24942.97   0.0      2.90   0.6  11.06.2026  02:13:52
  9  12   5   8  $12    0.010     4.0919   3999.39   0.0      2.40   1.0  11.06.2026  02:13:57
 13  14   1   2  $12    0.100     5.1992 280288.70   0.0     -0.30  92.8  11.06.2026  02:14:01
 13  14   2   3  $12    0.100     5.0391 208967.29   0.2      0.57 258.0  11.06.2026  02:14:03
 13  14   3   4  $12    0.100     4.1133 127929.82   0.1      3.69  42.7  11.06.2026  02:14:05
 13  14   5   6  $12    1.000    18.8795  29893.09   0.0      0.91   6.8  11.06.2026  02:14:09
 13  14   6   7  $12    1.000    20.0985  21215.47   0.0      5.59   1.0  11.06.2026  02:14:11
 13  14   7   8  $12    1.000    15.5436  10254.66   0.0      0.12 138.2  11.06.2026  02:14:13
 13  14   9  10  $12    0.100     5.8974  11116.30   0.0      1.40   5.5  11.06.2026  02:14:18
 13  14  10  11  $12    0.100     5.6289   4244.09   0.0     -3.37   5.4  11.06.2026  02:14:20
 13  14  11  12  $12    0.100     3.9498    744.52   0.0      0.55  36.2  11.06.2026  02:14:22
 13  15   1   3  $12    0.100    20.6898 272995.04   0.0      1.75   5.7  11.06.2026  02:14:24
 13  15   2   4  $12    0.100    19.5967 198084.42   0.0      4.41   0.6  11.06.2026  02:14:26
 13  15   5   7  $12    0.100     8.0455  30330.82   0.0      3.26   0.0  11.06.2026  02:14:28
 13  15   6   8  $12    0.100     7.4367  18398.54   0.0      3.93   1.3  11.06.2026  02:14:30
 13  15   9  11  $12    0.100    22.8801   8625.60   0.0      2.23  19.6  11.06.2026  02:14:32
 13  15  10  12  $12    0.100    20.2219   2382.34   0.0      4.50   1.4  11.06.2026  02:14:34
 14  16   2   4  $12    0.100    19.3588 255433.42   0.0      2.52   0.2  11.06.2026  02:14:36
 14  16   6   8  $12    0.100     6.9420  26170.57   0.0      1.38  55.2  11.06.2026  02:14:38
 14  16  10  12  $12    0.100    19.1834   7231.97   0.0      2.77   1.7  11.06.2026  02:14:40
 13  16   1   4  $12    0.010     4.2514 240409.63   0.0     -0.41  35.4  11.06.2026  02:14:45
 13  16   5   8  $12    0.100    15.8871  24400.82   0.0      3.36   0.6  11.06.2026  02:14:49
 13  16   9  12  $12    0.010     4.3944   4295.05   0.0      0.19  23.5  11.06.2026  02:14:54
  1   5   2   6  $12    0.001     3.6195  15506.06   0.0      4.25   6.6  11.06.2026  02:14:59
  1   5   3   7  $12    0.010    15.3663  28964.79   0.0      2.93   2.2  11.06.2026  02:15:03
  1   5   4   8  $12    0.010     8.0393  10607.56   0.0      1.16  13.5  11.06.2026  02:15:05
  1   6   2   7  $12    0.001     3.8861  15421.18   0.0      4.25   3.0  11.06.2026  02:15:10
  1   6   3   8  $12    0.010    16.4893  19779.22   0.0      3.19   2.0  11.06.2026  02:15:14
  1   7   2   8  $12    0.001     3.9809  15094.04   0.0      4.12   5.6  11.06.2026  02:15:18
  1   9   2  10  $12    0.001     4.1127  14799.76   0.0      4.78   3.2  11.06.2026  02:15:21
  1   9   3  11  $12    0.010    19.0266  16301.96   0.0      4.78   1.3  11.06.2026  02:15:24
  1   9   4  12  $12    0.010    11.0256  18436.27   0.0      2.72   1.8  11.06.2026  02:15:26
  1  10   2  11  $12    0.001     4.3239  15305.99   0.0      4.37   5.9  11.06.2026  02:15:31
  1  10   3  12  $12    0.001     2.0462  16778.86   0.0     -3.75   6.6  11.06.2026  02:15:33
  1  11   3  12  $12    0.001     3.3047  16170.29   0.0      2.14  12.7  11.06.2026  02:15:35
  1  13   2  14  $12    0.001     3.5680  12236.08   0.0      6.42   2.9  11.06.2026  02:15:37
  1  13   3  15  $12    0.010    14.8545  11264.42   0.0      3.49   0.3  11.06.2026  02:15:41
  1  13   4  16  $12    0.010     7.5482   9700.97   0.0      2.22   3.2  11.06.2026  02:15:43
  1  14   2  15  $12    0.001     3.9597  13483.13   0.0      3.22   7.3  11.06.2026  02:15:48
  1  14   3  16  $12    0.010    15.9742  11914.25   0.0      3.97   1.7  11.06.2026  02:15:52
  1  15   2  16  $12    0.001     3.8967  13188.73   0.0      4.01   4.5  11.06.2026  02:15:57
  5   9   6  10  $12    0.001     3.7146  15913.22   0.0      0.65  13.1  11.06.2026  02:15:59
  5   9   7  11  $12    0.010    15.4695  29159.31   0.0      2.76   1.0  11.06.2026  02:16:03
  5   9   8  12  $12    0.010     8.0959  10682.32   0.0      1.43   6.3  11.06.2026  02:16:05
  5  10   6  11  $12    0.001     3.9733  15767.27   0.0      1.38   7.4  11.06.2026  02:16:10
  5  10   7  12  $12    0.010    16.4961  19787.39   0.0      2.00   2.2  11.06.2026  02:16:13
  5  11   6  12  $12    0.001     4.0931  15519.24   0.0      0.00 -2124.5  11.06.2026  02:16:18
  5  13   6  14  $12    0.001     4.1564  14956.89   0.0      6.87   2.9  11.06.2026  02:16:20
  5  13   7  15  $12    0.010    19.3580  16585.93   0.0      2.23   3.6  11.06.2026  02:16:24
  5  13   8  16  $12    0.010    11.3770  19023.85   0.0      2.04   6.0  11.06.2026  02:16:26
  5  14   6  15  $12    0.001     4.4799  15857.89   0.0      1.60  14.9  11.06.2026  02:16:31
  5  14   7  16  $12    0.001     2.0521  16827.41   0.1     -1.46 136.6  11.06.2026  02:16:33
  5  15   7  16  $12    0.001     3.2288  15798.91   0.0      1.91   7.2  11.06.2026  02:16:35
  5   1   6   2  $12    0.001     3.6214  15514.14   0.0      3.33   4.2  11.06.2026  02:16:37
  5   1   7   3  $12    0.010    15.3701  28971.94   0.0      2.92   2.8  11.06.2026  02:16:41
  5   1   8   4  $12    0.010     8.0567  10630.59   0.0      4.11  16.5  11.06.2026  02:16:43
  5   2   6   3  $12    0.001     4.1048  20632.92   0.0      2.51  14.0  11.06.2026  02:16:48
  5   2   7   4  $12    0.010    16.6298  52244.18   0.0      3.24   0.9  11.06.2026  02:16:52
  5   3   6   4  $12    0.001     4.1145  38777.97   0.0      2.48  12.9  11.06.2026  02:16:56
  9  13  10  14  $12    0.001     3.6330  15563.79   0.0      5.00   4.7  11.06.2026  02:16:58
  9  13  11  15  $12    0.010    14.6499  27614.36   0.0      3.60   2.4  11.06.2026  02:17:02
  9  13  12  16  $12    0.010     7.4987   9894.30   0.0      5.81   6.4  11.06.2026  02:17:04
  9  14  10  15  $12    0.001     4.0136  15927.29   0.0      2.97   0.7  11.06.2026  02:17:09
  9  14  11  16  $12    0.010    15.7932  18944.26   0.0      3.50   0.8  11.06.2026  02:17:13
  9  15  10  16  $12    0.001     3.9484  14970.71   0.0      3.57   4.7  11.06.2026  02:17:18
  9   1  10   2  $12    0.001     4.1110  14793.77   0.0      5.60   2.4  11.06.2026  02:17:20
  9   1  11   3  $12    0.010    19.0340  16308.32   0.0      4.74   0.9  11.06.2026  02:17:24
  9   1  12   4  $12    0.010    11.0263  18437.45   0.0      3.18   1.3  11.06.2026  02:17:26
  9   2  10   3  $12    0.001     4.5401  16698.19   0.0      5.36   2.5  11.06.2026  02:17:31
  9   2  11   4  $12    0.001     2.0492  18690.32   0.0     -8.65   3.1  11.06.2026  02:17:33
  9   3  11   4  $12    0.001     3.3279  17795.43   0.0      3.47   7.0  11.06.2026  02:17:35
  9   5  10   6  $12    0.001     3.7016  15857.74   0.0      2.38  11.7  11.06.2026  02:17:37
  9   5  11   7  $12    0.010    15.4730  29165.94   0.0      2.54   2.9  11.06.2026  02:17:41
  9   5  12   8  $12    0.010     8.1200  10714.13   0.0     -1.29  14.0  11.06.2026  02:17:43
  9   6  10   7  $12    0.001     3.9679  19944.60   0.0      1.41  13.0  11.06.2026  02:17:48
  9   6  11   8  $12    0.010    16.5239  51911.42   0.0      3.07   0.6  11.06.2026  02:17:52
  9   7  10   8  $12    0.001     4.0444  38117.76   0.0      1.66   3.3  11.06.2026  02:17:56
 13   1  14   2  $12    0.001     3.5841  12291.24   0.0      6.53   6.3  11.06.2026  02:17:59
 13   1  15   3  $12    0.010    14.8594  11268.13   0.0      3.82   1.5  11.06.2026  02:18:02
 13   1  16   4  $12    0.010     7.5445   9696.15   0.0      5.41   6.0  11.06.2026  02:18:04
 13   2  14   3  $12    0.001     4.0579  14034.78   0.0      5.94   2.9  11.06.2026  02:18:09
 13   2  15   4  $12    0.010    16.1140  12469.37   0.0      3.63   1.4  11.06.2026  02:18:13
 13   3  14   4  $12    0.001     4.0618  14194.12   0.0      4.58   2.1  11.06.2026  02:18:18
 13   5  14   6  $12    0.001     4.1560  14955.46   0.0      3.66   2.0  11.06.2026  02:18:20
 13   5  15   7  $12    0.010    19.3698  16595.97   0.0      2.40   1.5  11.06.2026  02:18:24
 13   5  16   8  $12    0.010    11.3882  19042.64   0.0      2.55   3.2  11.06.2026  02:18:26
 13   6  14   7  $12    0.001     4.3691  16069.40   0.0      3.60   4.5  11.06.2026  02:18:31
 13   6  15   8  $12    0.001     2.0614  18801.29   0.0     -2.02  12.7  11.06.2026  02:18:33
 13   7  15   8  $12    0.001     3.2664  17466.84   0.0      1.86  15.2  11.06.2026  02:18:35
 13   9  14  10  $12    0.001     3.6337  15566.66   0.0      6.61   3.8  11.06.2026  02:18:37
 13   9  15  11  $12    0.010    14.6622  27637.57   0.0      3.69   1.8  11.06.2026  02:18:41
 13   9  16  12  $12    0.010     7.5089   9907.75   0.0     -0.36  94.6  11.06.2026  02:18:43
 13  10  14  11  $12    0.001     3.9014  19610.60   0.0      6.09   5.0  11.06.2026  02:18:48
 13  10  15  12  $12    0.010    15.7270  49407.95   0.0      2.49   5.7  11.06.2026  02:18:52
 13  11  14  12  $12    0.001     4.0244  37929.52   0.0      2.08   5.4  11.06.2026  02:18:56
