//C:\Users\user\Desktop\GeoTom\GeoTomE724.ini
//- Cable direction:
//  cable I: normal
//  cable II: normal
//  cable III: normal
//  cable IV: normal
//- Cable arrangement: sequential
//- Optimization: Last measurement
//- Sorting: Multi-level
//- Current levels: 0.001 mA .. 10.0 mA
Type:         Flow
Name:         Hyprop
Comment:      Example of a measurements sequence
Comment:      
Comment:      
Spacing:      1.00000
First El:     0.00000
Nr of points: 180
IP present:   1

  1   2   4   3  $12    0.010     5.3892  10158.41   0.0      6.94   3.9  10.06.2026  03:10:05
  1   4   2   3  $12    0.010    15.0548   9459.23   0.0      7.99   0.4  10.06.2026  03:10:08
  5   6   8   7  $12    0.010     4.5964   8664.03   0.0     -8.65  10.2  10.06.2026  03:10:10
  5   8   6   7  $12    0.010    15.8804   9977.97   0.0      1.28  10.6  10.06.2026  03:10:12
  9  10  12  11  $12    0.010     4.6539   8772.47   0.2     -1.40 117.9  10.06.2026  03:10:14
  9  12  10  11  $12    0.010    16.0981  10114.72   0.0      1.94  12.1  10.06.2026  03:10:16
 13  14  16  15  $12    0.010     5.6575  10664.16   0.0     -4.64   6.7  10.06.2026  03:10:18
 13  16  14  15  $12    0.010    14.5084   9115.88   0.0      2.04   2.3  10.06.2026  03:10:20
  1   5  13   9  $12    0.010     3.6475  27501.14   0.1     -2.17  91.6  10.06.2026  03:10:22
  2   6  14  10  $12    0.010     3.0138  22723.44   0.0     -2.93  17.0  10.06.2026  03:10:24
  3   7  15  11  $12    0.010     2.9810  22476.23   0.1     -1.14  73.7  10.06.2026  03:10:26
  4   8  16  12  $12    0.010     3.5659  26886.46   0.2     -5.04  12.3  10.06.2026  03:10:28
  5   9   1  13  $12    0.010     3.8846   9763.19   0.3      3.39  17.1  10.06.2026  03:10:30
  6  10   2  14  $12    0.010     3.3040   8303.91   0.0     -1.83 151.6  10.06.2026  03:10:32
  7  11   3  15  $12    0.010     3.2108   8069.65   0.2      0.24 484.8  10.06.2026  03:10:34
  8  12   4  16  $12    0.010     3.6210   9100.63   0.0     -2.30  36.6  10.06.2026  03:10:36
  9  13   5   1  $12    0.010     3.6611  27604.25   0.3      1.27 314.4  10.06.2026  03:10:38
 10  14   6   2  $12    0.010     3.0018  22632.66   0.4     -9.12  30.1  10.06.2026  03:10:40
 11  15   7   3  $12    0.010     2.9655  22358.98   0.0     -1.89 151.2  10.06.2026  03:10:42
 12  16   8   4  $12    0.010     3.5528  26787.23   0.1      7.06   7.9  10.06.2026  03:10:44
 13   1   9   5  $12    0.010     3.8970   9794.19   0.0     -0.39  39.4  10.06.2026  03:10:46
 14   2  10   6  $12    0.010     3.2762   8234.07   0.0     -0.81  14.5  10.06.2026  03:10:48
 15   3  11   7  $12    0.010     3.2046   8054.14   0.1     -3.18  19.8  10.06.2026  03:10:50
 16   4  12   8  $12    0.010     3.6155   9086.78   0.1     -5.10  13.7  10.06.2026  03:10:52
  1   2   5   6  $12    1.000    18.9659   3574.99   0.0     -0.27  31.1  10.06.2026  03:10:57
  1   2   6   7  $12    1.000    20.3521   7672.57   0.0      2.97   3.6  10.06.2026  03:10:59
  1   2   7   8  $12    1.000    13.7274   9056.42   0.0     -2.46   9.8  10.06.2026  03:11:01
  1   2   9  10  $12    1.000     5.0958   8068.48   0.0     -1.94  21.2  10.06.2026  03:11:03
  1   2  10  11  $12    1.000     5.9369  13428.97   0.0     -2.62   3.9  10.06.2026  03:11:05
  1   2  11  12  $12    1.000     4.9795  15487.20   0.1      2.02  48.1  10.06.2026  03:11:07
  1   2  13  14  $12    1.000    21.2303 114451.71   0.0      4.90   4.4  10.06.2026  03:11:09
  1   2  14  15  $12    1.000    20.1249 138081.87   0.0      1.72  10.1  10.06.2026  03:11:11
  1   2  15  16  $12    1.000    15.6643 134345.47   0.0     -3.59   7.9  10.06.2026  03:11:13
  1   3   5   7  $12    0.100     7.9741   3006.17   0.0      1.63   6.2  10.06.2026  03:11:18
  1   3   6   8  $12    0.100     7.2785   6002.35   0.0      0.96  42.2  10.06.2026  03:11:20
  1   3   9  11  $12    0.100     2.3045   8687.93   0.0     -4.13   1.5  10.06.2026  03:11:22
  1   3  10  12  $12    0.100     2.3032  12535.67   0.4     -0.44 629.9  10.06.2026  03:11:24
  1   3  13  15  $12    0.100     8.3805 110577.48   0.0      3.41  13.0  10.06.2026  03:11:26
  1   3  14  16  $12    0.100     7.6234 128430.24   0.0      0.35  99.5  10.06.2026  03:11:28
  2   4   6   8  $12    0.100     8.0184   3022.85   0.0      2.74   5.0  10.06.2026  03:11:30
  2   4  10  12  $12    0.100     2.4796   9347.69   0.3      2.07  31.2  10.06.2026  03:11:32
  2   4  14  16  $12    0.100     8.5354 112622.54   0.0     -0.80  31.7  10.06.2026  03:11:34
  1   4   5   8  $12    0.100    16.7654   1638.62   0.0      2.78   1.9  10.06.2026  03:11:36
  1   4   9  12  $12    0.100     5.1674   7936.52   0.1      4.07   9.9  10.06.2026  03:11:38
  1   4  13  16  $12    0.100    18.3004 103486.48   0.0      2.17  16.6  10.06.2026  03:11:40
  5   6   9  10  $12    1.000    18.6857   3522.17   0.0      8.73   0.7  10.06.2026  03:11:44
  5   6  10  11  $12    1.000    20.7167   7810.00   0.0      0.40   9.4  10.06.2026  03:11:46
  5   6  11  12  $12    1.000    15.6757  10341.78   0.0      3.79   0.9  10.06.2026  03:11:48
  5   6  13  14  $12    1.000     5.8987   9339.85   0.1      3.42  36.2  10.06.2026  03:11:50
  5   6  14  15  $12    1.000     6.0923  13780.55   0.0     -0.93  68.9  10.06.2026  03:11:52
  5   6  15  16  $12    1.000     4.8906  15210.51   0.1      0.29  62.3  10.06.2026  03:11:54
  5   6   1   2  $12    1.000    19.0584   3592.42   0.0     -0.95  16.0  10.06.2026  03:11:56
  5   6   2   3  $12    1.000    18.4168   1388.59   0.0      4.95   3.9  10.06.2026  03:11:58
  5   6   3   4  $12    1.000    16.5142    311.29   0.0      1.78  24.1  10.06.2026  03:12:00
  5   7   9  11  $12    0.100     8.5050   3206.32   0.0      2.46   1.6  10.06.2026  03:12:05
  5   7  10  12  $12    0.100     8.1873   6751.81   0.1      0.89  60.3  10.06.2026  03:12:07
  5   7  13  15  $12    0.100     2.6373   9942.26   0.1     -0.23 566.8  10.06.2026  03:12:09
  5   7  14  16  $12    0.100     2.4354  13255.61   0.0     -3.06   5.8  10.06.2026  03:12:11
  5   7   1   3  $12    0.100     8.0240   3024.99   0.0      0.46 285.0  10.06.2026  03:12:13
  5   7   2   4  $12    0.100     7.9491    936.48   0.0      5.79   9.1  10.06.2026  03:12:15
  6   8  10  12  $12    0.100     7.9424   2994.21   0.0      1.88  25.6  10.06.2026  03:12:17
  6   8  14  16  $12    0.100     2.3307   8786.37   0.1     -5.94  48.0  10.06.2026  03:12:19
  6   8   2   4  $12    0.100     8.0306   3027.48   0.0      3.17   8.5  10.06.2026  03:12:21
  5   8   9  12  $12    0.100    16.8291   1644.85   0.0      4.49   1.6  10.06.2026  03:12:23
  5   8  13  16  $12    0.100     5.2383   8045.50   0.1      3.11  44.8  10.06.2026  03:12:25
  5   8   1   4  $12    0.100    16.8099   1642.97   0.0      2.65  23.7  10.06.2026  03:12:27
  9  10  13  14  $12    0.100     2.3318   4395.32   0.2     -2.60  66.3  10.06.2026  03:12:29
  9  10  14  15  $12    0.100     2.1365   8054.24   0.1     -6.13  60.5  10.06.2026  03:12:31
  9  10  15  16  $12    1.000    14.7820   9752.20   0.0     -0.11  38.6  10.06.2026  03:12:35
  9  10   1   2  $12    1.000     5.0991   8073.71   0.0      1.63  50.1  10.06.2026  03:12:37
  9  10   2   3  $12    1.000     5.4114   5712.09   0.1      2.31 165.0  10.06.2026  03:12:39
  9  10   3   4  $12    1.000     5.5783   3680.22   0.0     -1.63  51.2  10.06.2026  03:12:41
  9  10   5   6  $12    1.000    18.7206   3528.75   0.0      3.62   4.1  10.06.2026  03:12:43
  9  10   6   7  $12    1.000    20.6777   1559.06   0.0      3.75   4.8  10.06.2026  03:12:45
  9  10   7   8  $12    1.000    13.1493    247.86   0.0      2.58   8.4  10.06.2026  03:12:47
  9  11  13  15  $12    0.100     9.3712   3532.86   0.0      2.53   0.6  10.06.2026  03:12:52
  9  11  14  16  $12    0.100     7.9772   6578.52   0.0      0.62   2.1  10.06.2026  03:12:54
  9  11   1   3  $12    0.100     2.2908   8635.98   0.4      1.24 388.2  10.06.2026  03:12:56
  9  11   2   4  $12    0.100     2.4404   6037.62   0.7      9.76  18.8  10.06.2026  03:12:58
  9  11   5   7  $12    0.100     8.4885   3200.09   0.0      2.18  18.8  10.06.2026  03:13:00
  9  11   6   8  $12    0.100     7.6218    897.93   0.0      1.25   3.4  10.06.2026  03:13:02
 10  12  14  16  $12    0.100     8.3326   3141.31   0.0      2.96   3.3  10.06.2026  03:13:04
 10  12   2   4  $12    0.100     2.4808   9352.39   0.2      3.18  18.0  10.06.2026  03:13:06
 10  12   6   8  $12    0.100     7.9296   2989.40   0.0      3.32  25.6  10.06.2026  03:13:08
  9  12  13  16  $12    0.100    18.5005   1808.21   0.0      2.50   7.2  10.06.2026  03:13:10
  9  12   1   4  $12    0.100     5.1682   7937.76   0.0     -0.54 263.5  10.06.2026  03:13:12
  9  12   5   8  $12    0.100    16.7793   1639.98   0.0      3.79   6.0  10.06.2026  03:13:14
 13  14   1   2  $12    0.100     2.1419 115466.63   0.3    -16.89  36.9  10.06.2026  03:13:16
 13  14   2   3  $12    0.100     2.0630  85552.27   0.5     -5.20 205.2  10.06.2026  03:13:18
 13  14   3   4  $12    0.100     2.0050  62357.69   0.0     -5.96  48.7  10.06.2026  03:13:20
 13  14   5   6  $12    1.000     5.8470   9257.95   0.0      2.75   5.6  10.06.2026  03:13:24
 13  14   6   7  $12    1.000     6.9250   7309.81   0.0      2.33  21.8  10.06.2026  03:13:26
 13  14   7   8  $12    1.000     5.1520   3398.97   0.0     -2.91  51.3  10.06.2026  03:13:27
 13  14   9  10  $12    1.000    23.1006   4354.37   0.0      3.83   3.6  10.06.2026  03:13:29
 13  14  10  11  $12    0.100     2.4186   1823.56   0.0     -2.69   7.4  10.06.2026  03:13:34
 13  14  11  12  $12    1.000    18.5026    348.76   0.0      4.81   0.3  10.06.2026  03:13:38
 13  15   1   3  $12    0.100     8.4085 110948.17   0.0      1.97   1.6  10.06.2026  03:13:43
 13  15   2   4  $12    0.100     8.5520  86444.37   0.0      4.06  63.7  10.06.2026  03:13:45
 13  15   5   7  $12    0.100     2.6521   9998.28   0.0     -0.75 123.6  10.06.2026  03:13:47
 13  15   6   8  $12    0.100     2.5287   6256.01   0.0     -2.14  52.2  10.06.2026  03:13:49
 13  15   9  11  $12    0.100     9.3969   3542.55   0.0      3.40   2.6  10.06.2026  03:13:51
 13  15  10  12  $12    0.100     8.9629   1055.91   0.0      5.29  21.8  10.06.2026  03:13:53
 14  16   2   4  $12    0.100     8.6163 113688.84   0.0      1.77   7.2  10.06.2026  03:13:55
 14  16   6   8  $12    0.100     2.3493   8856.77   0.1     -5.59  47.1  10.06.2026  03:13:57
 14  16  10  12  $12    0.100     8.3625   3152.58   0.1      0.81 112.1  10.06.2026  03:13:59
 13  16   1   4  $12    0.100    18.3594 103820.03   0.1      3.05  12.1  10.06.2026  03:14:01
 13  16   5   8  $12    0.100     5.2514   8065.55   0.1     -1.75  62.8  10.06.2026  03:14:03
 13  16   9  12  $12    0.100    18.5207   1810.19   0.0      2.76  13.2  10.06.2026  03:14:05
  1   5   2   6  $12    0.001     2.7290  11690.82   0.0      0.46  31.0  10.06.2026  03:14:13
  1   5   3   7  $12    0.010    11.6959  22046.30   0.0      3.05   3.0  10.06.2026  03:14:16
  1   5   4   8  $12    0.010     6.1509   8115.97   0.1      3.22  31.5  10.06.2026  03:14:18
  1   6   2   7  $12    0.001     2.6575  10545.79   0.0     -1.69   9.4  10.06.2026  03:14:23
  1   6   3   8  $12    0.010    11.6297  13950.07   0.0      3.24   3.1  10.06.2026  03:14:27
  1   7   2   8  $12    0.001     2.6855  10182.28   0.0      0.30  90.1  10.06.2026  03:14:32
  1   9   2  10  $12    0.001     3.0563  10998.15   0.0     -2.52  37.1  10.06.2026  03:14:34
  1   9   3  11  $12    0.010    14.4725  12400.04   0.0      3.49   1.4  10.06.2026  03:14:37
  1   9   4  12  $12    0.010     8.4141  14069.61   0.0      2.43   9.7  10.06.2026  03:14:39
  1  10   2  11  $12    0.001     2.9481  10435.71   0.0     -1.19  17.2  10.06.2026  03:14:44
  1  10   3  12  $12    0.010    14.1061  11567.11   0.0      3.26   2.2  10.06.2026  03:14:48
  1  11   3  12  $12    0.010    21.8588  10695.71   0.0      3.48   1.3  10.06.2026  03:14:50
  1  13   2  14  $12    0.001     2.6761   9177.42   0.0     -0.37  50.0  10.06.2026  03:14:55
  1  13   3  15  $12    0.010    11.5323   8745.15   0.0      2.70   0.3  10.06.2026  03:14:59
  1  13   4  16  $12    0.010     5.8913   7571.42   0.0      1.55  93.1  10.06.2026  03:15:01
  1  14   2  15  $12    0.001     2.7569   9387.41   0.0     -0.83  15.7  10.06.2026  03:15:05
  1  14   3  16  $12    0.010    11.5218   8593.51   0.0      3.41   1.6  10.06.2026  03:15:09
  1  15   2  16  $12    0.001     2.6044   8814.98   0.0      1.23  26.0  10.06.2026  03:15:14
  5   9   6  10  $12    0.001     2.7823  11919.54   0.2     -0.32 962.7  10.06.2026  03:15:16
  5   9   7  11  $12    0.010    11.3684  21428.86   0.0      2.50   3.7  10.06.2026  03:15:20
  5   9   8  12  $12    0.010     6.0579   7993.23   0.1      4.14   3.8  10.06.2026  03:15:22
  5  10   6  11  $12    0.001     2.6995  10712.63   0.0     -0.02 1003.9  10.06.2026  03:15:27
  5  10   7  12  $12    0.010    11.0923  13305.45   0.0      1.54   1.7  10.06.2026  03:15:30
  5  11   6  12  $12    0.001     2.7682  10495.92   0.0     -0.82  12.2  10.06.2026  03:15:35
  5  13   6  14  $12    0.001     3.0379  10932.16   0.2     -6.06  18.0  10.06.2026  03:15:37
  5  13   7  15  $12    0.010    13.8227  11843.29   0.0      1.82   4.9  10.06.2026  03:15:41
  5  13   8  16  $12    0.010     8.2571  13807.01   0.0      1.83   6.0  10.06.2026  03:15:43
  5  14   6  15  $12    0.001     3.0798  10902.12   0.0     -1.38   6.2  10.06.2026  03:15:48
  5  14   7  16  $12    0.010    13.7067  11239.60   0.0      1.85   6.1  10.06.2026  03:15:52
  5  15   7  16  $12    0.010    20.1941   9881.20   0.0      3.16   0.5  10.06.2026  03:15:54
  5   1   6   2  $12    0.001     2.7417  11745.32   0.0      1.20  34.1  10.06.2026  03:15:59
  5   1   7   3  $12    0.010    11.7159  22083.97   0.0      2.94   0.7  10.06.2026  03:16:02
  5   1   8   4  $12    0.010     6.1447   8107.77   0.1      3.36  29.9  10.06.2026  03:16:04
  5   2   6   3  $12    0.001     2.8299  14224.46   0.0      2.00   5.6  10.06.2026  03:16:09
  5   2   7   4  $12    0.010    11.3834  35761.97   0.0      2.01   5.0  10.06.2026  03:16:13
  5   3   6   4  $12    0.001     2.7578  25991.79   0.0      1.16  27.4  10.06.2026  03:16:18
  9  13  10  14  $12    0.001     2.6685  11431.89   0.0     -1.12  22.2  10.06.2026  03:16:20
  9  13  11  15  $12    0.010    10.7764  20313.00   0.0      2.38   1.0  10.06.2026  03:16:23
  9  13  12  16  $12    0.010     5.5511   7324.49   0.1     -1.52  38.7  10.06.2026  03:16:25
  9  14  10  15  $12    0.001     2.7424  10882.74   0.0     -2.08  11.4  10.06.2026  03:16:30
  9  14  11  16  $12    0.010    10.8148  12972.50   0.0      2.95   2.3  10.06.2026  03:16:34
  9  15  10  16  $12    0.001     2.5957   9841.95   0.0     -1.89   5.7  10.06.2026  03:16:39
  9   1  10   2  $12    0.001     3.0513  10980.28   0.1     -2.58 111.2  10.06.2026  03:16:41
  9   1  11   3  $12    0.010    14.4862  12411.75   0.0      3.62   0.8  10.06.2026  03:16:45
  9   1  12   4  $12    0.010     8.4170  14074.41   0.0      2.25   3.9  10.06.2026  03:16:47
  9   2  10   3  $12    0.001     3.1189  11471.36   0.0      0.45   3.7  10.06.2026  03:16:52
  9   2  11   4  $12    0.010    13.9921  12761.87   0.0      3.56   2.7  10.06.2026  03:16:55
  9   3  11   4  $12    0.010    21.4614  11476.28   0.0      4.54   0.4  10.06.2026  03:16:57
  9   5  10   6  $12    0.001     2.7760  11892.52   0.0     -1.65  12.2  10.06.2026  03:17:02
  9   5  11   7  $12    0.010    11.3741  21439.64   0.0      2.29   3.4  10.06.2026  03:17:06
  9   5  12   8  $12    0.010     6.0598   7995.68   0.1      1.88  63.1  10.06.2026  03:17:08
  9   6  10   7  $12    0.001     2.6971  13557.21   0.0     -2.86  12.4  10.06.2026  03:17:13
  9   6  11   8  $12    0.010    11.3171  35553.62   0.0      3.04   2.1  10.06.2026  03:17:16
  9   7  10   8  $12    0.001     2.7197  25632.80   0.0     -0.89  15.5  10.06.2026  03:17:21
 13   1  14   2  $12    0.001     2.6891   9221.76   0.0     -0.38 590.7  10.06.2026  03:17:23
 13   1  15   3  $12    0.010    11.5500   8758.53   0.0      2.98   2.8  10.06.2026  03:17:27
 13   1  16   4  $12    0.010     5.9000   7582.64   0.1      3.39  31.9  10.06.2026  03:17:29
 13   2  14   3  $12    0.001     2.7775   9606.26   0.0     -0.85  32.0  10.06.2026  03:17:34
 13   2  15   4  $12    0.010    11.2042   8670.05   0.0      2.28   1.0  10.06.2026  03:17:37
 13   3  14   4  $12    0.001     2.7016   9440.91   0.0     -0.55  49.8  10.06.2026  03:17:42
 13   5  14   6  $12    0.001     3.0453  10958.67   0.0     -1.66  69.3  10.06.2026  03:17:44
 13   5  15   7  $12    0.010    13.8434  11860.96   0.0      1.51   3.5  10.06.2026  03:17:48
 13   5  16   8  $12    0.010     8.2664  13822.60   0.0      1.30   3.2  10.06.2026  03:17:50
 13   6  14   7  $12    0.001     2.9388  10808.77   0.0     -1.09  30.5  10.06.2026  03:17:55
 13   6  15   8  $12    0.010    13.6569  12456.11   0.0      2.27   3.5  10.06.2026  03:17:59
 13   7  15   8  $12    0.010    20.9234  11188.55   0.0      2.90   2.1  10.06.2026  03:18:01
 13   9  14  10  $12    0.001     2.6780  11472.52   0.0     -1.04  49.8  10.06.2026  03:18:05
 13   9  15  11  $12    0.010    10.7901  20338.78   0.0      2.49   2.4  10.06.2026  03:18:09
 13   9  16  12  $12    0.010     5.5381   7307.37   0.0      2.51  26.2  10.06.2026  03:18:11
 13  10  14  11  $12    0.001     2.6060  13099.23   0.0      0.72  26.4  10.06.2026  03:18:16
 13  10  15  12  $12    0.010    10.5451  33128.43   0.0      1.59   4.2  10.06.2026  03:18:20
 13  11  14  12  $12    0.001     2.6703  25167.24   0.0     -0.61  42.3  10.06.2026  03:18:25
