//C:\Users\user\Desktop\GeoTom\GeoTomE724.ini
//- Cable direction:
//  cable I: normal
//  cable II: normal
//  cable III: normal
//  cable IV: normal
//- Cable arrangement: sequential
//- Optimization: Last measurement
//- Sorting: Multi-level
//- Current levels: 0.001 mA .. 10.0 mA
Type:         Flow
Name:         Hyprop
Comment:      Example of a measurements sequence
Comment:      
Comment:      
Spacing:      1.00000
First El:     0.00000
Nr of points: 180
IP present:   1

  1   2   4   3  $12    0.001     5.9284 111748.28   0.0      9.53   0.2  14.06.2026  07:10:08
  1   4   2   3  $12    0.001    22.1697 139296.04   0.0      8.91   0.8  14.06.2026  07:10:11
  5   6   8   7  $12    0.001     5.4020 101824.47   0.0     11.08   6.9  14.06.2026  07:10:13
  5   8   6   7  $12    0.001    21.6025 135732.57   0.0     14.40   1.1  14.06.2026  07:10:15
  9  10  12  11  $12    0.001     4.8138  90737.06   0.0     13.71   1.5  14.06.2026  07:10:17
  9  12  10  11  $12    0.001    22.8812 143766.65   0.0      8.43   2.8  14.06.2026  07:10:19
 13  14  16  15  $12    0.001     4.7314  89184.16   0.0     10.14   3.8  14.06.2026  07:10:21
 13  16  14  15  $12    0.001    22.2021 139499.75   0.0     11.32   0.2  14.06.2026  07:10:23
  1   5  13   9  $12    0.001     6.2278 469561.79   0.0      4.36   4.6  14.06.2026  07:10:25
  2   6  14  10  $12    0.001     5.3456 403050.39   0.0      8.58   1.7  14.06.2026  07:10:27
  3   7  15  11  $12    0.001     4.8996 369420.59   0.0      8.11   1.0  14.06.2026  07:10:29
  4   8  16  12  $12    0.001     5.3484 403258.18   0.0      7.21   5.7  14.06.2026  07:10:31
  5   9   1  13  $12    0.001     6.4383 161813.35   0.0     14.37   0.9  14.06.2026  07:10:33
  6  10   2  14  $12    0.001     5.6762 142659.68   0.0     11.90   4.1  14.06.2026  07:10:35
  7  11   3  15  $12    0.001     5.4308 136491.51   0.0     10.65   1.3  14.06.2026  07:10:37
  8  12   4  16  $12    0.001     5.8740 147629.55   0.0      6.90   3.2  14.06.2026  07:10:39
  9  13   5   1  $12    0.001     6.2143 468550.49   0.0      9.18   1.3  14.06.2026  07:10:41
 10  14   6   2  $12    0.001     5.3319 402015.39   0.0      8.25   5.5  14.06.2026  07:10:43
 11  15   7   3  $12    0.001     4.8908 368756.92   0.0      8.20   1.9  14.06.2026  07:10:45
 12  16   8   4  $12    0.001     5.3594 404087.77   0.0     12.06   3.5  14.06.2026  07:10:47
 13   1   9   5  $12    0.001     6.5081 163566.54   0.0      5.45  12.4  14.06.2026  07:10:49
 14   2  10   6  $12    0.001     5.6866 142920.14   0.0      8.58   1.2  14.06.2026  07:10:51
 15   3  11   7  $12    0.001     5.4532 137053.52   0.0      9.03   2.9  14.06.2026  07:10:54
 16   4  12   8  $12    0.001     5.8937 148124.40   0.1     11.03   9.8  14.06.2026  07:10:56
  1   2   5   6  $12    0.100    18.3712  34628.82   0.0     21.17   1.0  14.06.2026  07:11:01
  1   2   6   7  $12    0.100    19.8917  74989.95   0.0     10.97   2.1  14.06.2026  07:11:03
  1   2   7   8  $12    0.100    16.1421 106494.95   0.0      7.28   1.3  14.06.2026  07:11:05
  1   2   9  10  $12    0.100     2.2612  35803.73   0.0    376.64   0.1  14.06.2026  07:11:07
  1   2  10  11  $12    0.100     4.4763 101252.29   0.0     15.23   2.5  14.06.2026  07:11:09
  1   2  11  12  $12    0.100     4.2567 132390.53   0.0      2.36  11.5  14.06.2026  07:11:11
  1   2  13  14  $12    0.100    17.0441 918845.44   0.0     58.99   0.5  14.06.2026  07:11:13
  1   2  14  15  $12    0.100    22.1267 1518163.51   0.0      1.54  28.4  14.06.2026  07:11:15
  1   2  15  16  $12    0.100    15.8780 1361782.21   0.0      5.70   0.7  14.06.2026  07:11:17
  1   3   5   7  $12    0.010     8.6702  32685.89   0.0     14.39   0.5  14.06.2026  07:11:22
  1   3   6   8  $12    0.010     8.9320  73659.73   0.0      9.58   0.2  14.06.2026  07:11:24
  1   3   9  11  $12    0.100    16.6542  62784.90   0.0     94.39   0.6  14.06.2026  07:11:28
  1   3  10  12  $12    0.100    21.1744 115248.33   0.0      7.99   0.3  14.06.2026  07:11:30
  1   3  13  15  $12    0.010     8.7703 1157213.22   0.0     21.78   0.6  14.06.2026  07:11:35
  1   3  14  16  $12    0.010     9.0016 1516486.66   0.0      5.82   0.1  14.06.2026  07:11:37
  2   4   6   8  $12    0.010    10.9413  41247.65   0.0      8.76   0.8  14.06.2026  07:11:39
  2   4  10  12  $12    0.010     2.5216  95063.35   0.0      4.78   4.2  14.06.2026  07:11:41
  2   4  14  16  $12    0.010    10.4734 1381932.63   0.0      6.36   1.1  14.06.2026  07:11:43
  1   4   5   8  $12    0.010    20.2154  19758.22   0.0     13.07   0.8  14.06.2026  07:11:45
  1   4   9  12  $12    0.010     4.4314  68061.59   0.0     38.75   4.2  14.06.2026  07:11:48
  1   4  13  16  $12    0.010    19.7049 1114283.97   0.0     15.29   1.5  14.06.2026  07:11:50
  5   6   9  10  $12    0.100    14.8104  27916.90   0.0     69.52   0.6  14.06.2026  07:11:53
  5   6  10  11  $12    0.100    19.3019  72766.51   0.0      6.50   1.2  14.06.2026  07:11:55
  5   6  11  12  $12    0.100    15.6925 103528.56   0.0      4.19   1.2  14.06.2026  07:11:58
  5   6  13  14  $12    0.100     2.2192  35137.74   0.2    440.34   1.4  14.06.2026  07:12:00
  5   6  14  15  $12    0.100     4.9762 112559.30   0.0     -2.38  15.8  14.06.2026  07:12:02
  5   6  15  16  $12    0.100     3.8632 120151.69   0.0     16.66   2.0  14.06.2026  07:12:04
  5   6   1   2  $12    0.100    18.2778  34452.81   0.0     19.84   1.2  14.06.2026  07:12:06
  5   6   2   3  $12    0.100    20.5667  15506.90   0.0     18.20   1.3  14.06.2026  07:12:08
  5   6   3   4  $12    0.100    17.6401   3325.09   0.0      7.79   0.6  14.06.2026  07:12:10
  5   7   9  11  $12    0.010     8.0357  30293.92   0.0     20.74   2.3  14.06.2026  07:12:15
  5   7  10  12  $12    0.010     8.6923  71682.47   0.0      7.87  10.6  14.06.2026  07:12:17
  5   7  13  15  $12    0.100    18.5785  70039.27   0.0     68.49   0.5  14.06.2026  07:12:20
  5   7  14  16  $12    0.100    21.5176 117116.03   0.0      4.70   0.4  14.06.2026  07:12:23
  5   7   1   3  $12    0.010     8.6628  32657.88   0.0     14.15   2.3  14.06.2026  07:12:28
  5   7   2   4  $12    0.010     9.3196  10979.40   0.0      8.64   2.9  14.06.2026  07:12:30
  6   8  10  12  $12    0.010    10.2359  38588.51   0.0      9.34   0.7  14.06.2026  07:12:32
  6   8  14  16  $12    0.010     2.4733  93241.42   0.0      5.42   0.9  14.06.2026  07:12:34
  6   8   2   4  $12    0.010    10.9547  41298.37   0.0      8.91   0.4  14.06.2026  07:12:36
  5   8   9  12  $12    0.010    18.5205  18101.63   0.0     16.17   0.9  14.06.2026  07:12:38
  5   8  13  16  $12    0.010     4.4710  68669.64   0.0     32.12   2.8  14.06.2026  07:12:40
  5   8   1   4  $12    0.010    20.2256  19768.17   0.0     12.34   0.3  14.06.2026  07:12:42
  9  10  13  14  $12    0.100    13.5359  25514.54   0.0    203.11   0.3  14.06.2026  07:12:46
  9  10  14  15  $12    0.100    21.4919  81022.38   0.0     -2.70   0.7  14.06.2026  07:12:48
  9  10  15  16  $12    0.100    14.4025  95018.26   0.0     14.41   0.1  14.06.2026  07:12:50
  9  10   1   2  $12    0.100     2.2134  35046.49   0.4    397.06   1.8  14.06.2026  07:12:52
  9  10   2   3  $12    0.100     3.6011  38012.81   0.1    160.82   0.4  14.06.2026  07:12:54
  9  10   3   4  $12    0.100     4.4516  29368.90   0.0     -0.68  10.3  14.06.2026  07:12:56
  9  10   5   6  $12    0.100    14.7764  27852.93   0.0     63.89   0.7  14.06.2026  07:12:58
  9  10   6   7  $12    0.100    19.0979  14399.45   0.0     16.83   1.0  14.06.2026  07:13:00
  9  10   7   8  $12    0.100    14.2723   2690.27   0.0     24.60   0.8  14.06.2026  07:13:02
  9  11  13  15  $12    0.010     8.5399  32194.78   0.0     36.97   0.7  14.06.2026  07:13:07
  9  11  14  16  $12    0.010     8.8319  72833.95   0.0      6.40   1.7  14.06.2026  07:13:09
  9  11   1   3  $12    0.100    16.6073  62608.20   0.0     99.19   0.0  14.06.2026  07:13:13
  9  11   2   4  $12    0.100    20.7830  51417.12   0.0     31.85   0.3  14.06.2026  07:13:15
  9  11   5   7  $12    0.010     8.0334  30285.19   0.0     21.39   1.3  14.06.2026  07:13:20
  9  11   6   8  $12    0.010     8.5031  10017.44   0.0     14.20   1.5  14.06.2026  07:13:22
 10  12  14  16  $12    0.010    10.5660  39832.89   0.0      8.41   2.3  14.06.2026  07:13:24
 10  12   2   4  $12    0.010     2.5035  94381.51   0.1      4.78   9.0  14.06.2026  07:13:26
 10  12   6   8  $12    0.010    10.2582  38672.49   0.0     10.31   1.2  14.06.2026  07:13:28
  9  12  13  16  $12    0.010    19.2152  18780.59   0.0     23.39   0.4  14.06.2026  07:13:30
  9  12   1   4  $12    0.010     4.4229  67931.07   0.0     41.23   1.0  14.06.2026  07:13:32
  9  12   5   8  $12    0.010    18.5221  18103.20   0.0     17.01   1.1  14.06.2026  07:13:34
 13  14   1   2  $12    0.100    16.8763 909795.61   0.0     61.60   0.3  14.06.2026  07:13:38
 13  14   2   3  $12    0.100    19.6457 814686.40   0.0     32.82   3.9  14.06.2026  07:13:40
 13  14   3   4  $12    0.100    17.3774 540467.35   0.0      1.94   2.9  14.06.2026  07:13:42
 13  14   5   6  $12    0.100     2.2511  35642.79   0.0    429.72   0.3  14.06.2026  07:13:44
 13  14   6   7  $12    0.100     4.2942  45328.75   0.0     73.56   0.8  14.06.2026  07:13:46
 13  14   7   8  $12    0.100     4.1927  27660.58   0.0     63.63   0.1  14.06.2026  07:13:48
 13  14   9  10  $12    0.100    13.4364  25326.98   0.0    203.02   0.3  14.06.2026  07:13:50
 13  14  10  11  $12    0.100    20.5698  15509.25   0.0      9.25   0.3  14.06.2026  07:13:52
 13  14  11  12  $12    0.100    16.7043   3148.68   0.0      4.28   8.1  14.06.2026  07:13:54
 13  15   1   3  $12    0.010     8.7461 1154017.93   0.0     23.41   0.4  14.06.2026  07:13:59
 13  15   2   4  $12    0.010     9.3723 947358.11   0.0     16.19   1.4  14.06.2026  07:14:01
 13  15   5   7  $12    0.100    18.4433  69529.66   0.0     71.01   0.1  14.06.2026  07:14:05
 13  15   6   8  $12    0.100    22.0356  54516.06   0.0     27.76   0.2  14.06.2026  07:14:07
 13  15   9  11  $12    0.010     8.5243  32135.80   0.0     38.72   1.2  14.06.2026  07:14:12
 13  15  10  12  $12    0.010     9.5266  11223.27   0.0      9.76   0.8  14.06.2026  07:14:14
 14  16   2   4  $12    0.010    10.4831 1383218.49   0.0      7.94   0.7  14.06.2026  07:14:16
 14  16   6   8  $12    0.010     2.5034  94376.77   0.0      5.66  11.5  14.06.2026  07:14:18
 14  16  10  12  $12    0.010    10.5683  39841.66   0.0      8.50   0.2  14.06.2026  07:14:20
 13  16   1   4  $12    0.010    19.6898 1113430.68   0.0     14.21   0.4  14.06.2026  07:14:22
 13  16   5   8  $12    0.010     4.4396  68186.65   0.0     39.74   2.1  14.06.2026  07:14:24
 13  16   9  12  $12    0.010    19.2051  18770.77   0.0     22.38   1.2  14.06.2026  07:14:26
  1   5   2   6  $12    0.001    45.2181 193713.97   0.0     12.23   0.8  14.06.2026  07:14:32
  1   5   3   7  $12    0.001    19.6382 370171.96   0.0     12.72   0.1  14.06.2026  07:14:34
  1   5   4   8  $12    0.001    10.5920 139757.72   0.0     10.12   1.2  14.06.2026  07:14:36
  1   6   2   7  $12    0.001    40.7858 161851.61   0.0     10.96   0.3  14.06.2026  07:14:38
  1   6   3   8  $12    0.001    17.8754 214418.60   0.0      9.19   0.6  14.06.2026  07:14:40
  1   7   2   8  $12    0.001    39.5008 149770.28   0.0     12.18   0.6  14.06.2026  07:14:43
  1   9   2  10  $12    0.001    51.6227 185767.01   0.0     11.35   0.0  14.06.2026  07:14:46
  1   9   3  11  $12    0.001    24.4618 209587.96   0.0      9.71   0.1  14.06.2026  07:14:48
  1   9   4  12  $12    0.001    14.9143 249386.90   0.0      9.04   0.4  14.06.2026  07:14:50
  1  10   2  11  $12    0.001    44.9478 159107.24   0.0     12.67   0.4  14.06.2026  07:14:53
  1  10   3  12  $12    0.001    22.4276 183908.23   0.0      7.50   2.1  14.06.2026  07:14:55
  1  11   3  12  $12    0.001    31.0111 151740.46   0.0     11.82   0.7  14.06.2026  07:14:57
  1  13   2  14  $12    0.001    45.2274 155101.60   0.0     12.66   0.3  14.06.2026  07:15:00
  1  13   3  15  $12    0.001    19.1192 144983.51   0.0     11.32   0.0  14.06.2026  07:15:02
  1  13   4  16  $12    0.001    10.5966 136187.58   0.0      8.73   0.0  14.06.2026  07:15:04
  1  14   2  15  $12    0.001    39.3772 134082.55   0.0     11.24   1.4  14.06.2026  07:15:06
  1  14   3  16  $12    0.001    17.7457 132355.57   0.0     10.49   0.5  14.06.2026  07:15:08
  1  15   2  16  $12    0.001    39.3506 133185.50   0.0     11.75   0.4  14.06.2026  07:15:11
  5   9   6  10  $12    0.001    46.0720 197372.09   0.0     13.49   0.1  14.06.2026  07:15:13
  5   9   7  11  $12    0.001    19.6963 371267.01   0.0     11.39   0.9  14.06.2026  07:15:16
  5   9   8  12  $12    0.001    10.8549 143226.63   0.0     12.83   5.3  14.06.2026  07:15:18
  5  10   6  11  $12    0.001    40.0084 158766.42   0.0     15.00   0.4  14.06.2026  07:15:20
  5  10   7  12  $12    0.001    17.9370 215157.56   0.0      9.13   3.9  14.06.2026  07:15:22
  5  11   6  12  $12    0.001    39.9552 151493.21   0.0     11.35   1.2  14.06.2026  07:15:25
  5  13   6  14  $12    0.001    51.0709 183781.32   0.0     11.37   0.4  14.06.2026  07:15:27
  5  13   7  15  $12    0.001    24.1326 206767.64   0.0     11.12   0.6  14.06.2026  07:15:30
  5  13   8  16  $12    0.001    15.1348 253075.10   0.0      9.04   0.1  14.06.2026  07:15:32
  5  14   6  15  $12    0.001    44.4244 157254.40   0.0     13.27   0.2  14.06.2026  07:15:34
  5  14   7  16  $12    0.001    22.4754 184300.05   0.0     11.97   0.1  14.06.2026  07:15:36
  5  15   7  16  $12    0.001    30.7625 150524.15   0.0     13.52   0.1  14.06.2026  07:15:39
  5   1   6   2  $12    0.001    45.2887 194016.35   0.0      9.50   0.5  14.06.2026  07:15:41
  5   1   7   3  $12    0.001    19.7258 371822.04   0.0      6.98   1.4  14.06.2026  07:15:43
  5   1   8   4  $12    0.001    10.6168 140085.68   0.0      5.58   1.0  14.06.2026  07:15:45
  5   2   6   3  $12    0.001    41.2158 207173.38   0.0     11.32   0.0  14.06.2026  07:15:48
  5   2   7   4  $12    0.001    17.8579 561021.45   0.0      8.61   1.6  14.06.2026  07:15:50
  5   3   6   4  $12    0.001    39.8125 375223.93   0.0     13.36   1.1  14.06.2026  07:15:53
  9  13  10  14  $12    0.001    45.6763 195676.78   0.0     12.45   0.7  14.06.2026  07:15:55
  9  13  11  15  $12    0.001    18.4246 347296.15   0.0     11.29   0.6  14.06.2026  07:15:57
  9  13  12  16  $12    0.001    10.2218 134873.54   0.0      8.44   3.5  14.06.2026  07:15:59
  9  14  10  15  $12    0.001    39.6265 157250.76   0.0     12.46   0.0  14.06.2026  07:16:02
  9  14  11  16  $12    0.001    17.0907 205005.95   0.0     11.08   0.0  14.06.2026  07:16:04
  9  15  10  16  $12    0.001    39.6247 150240.30   0.0     12.92   1.3  14.06.2026  07:16:06
  9   1  10   2  $12    0.001    51.6430 185840.12   0.0     10.84   0.1  14.06.2026  07:16:09
  9   1  11   3  $12    0.001    24.4717 209672.71   0.0      8.89   1.7  14.06.2026  07:16:11
  9   1  12   4  $12    0.001    14.9363 249755.74   0.0      7.47   1.0  14.06.2026  07:16:13
  9   2  10   3  $12    0.001    47.2915 173936.39   0.0      8.68   0.2  14.06.2026  07:16:16
  9   2  11   4  $12    0.001    22.4222 204507.17   0.0      6.82   1.0  14.06.2026  07:16:18
  9   3  11   4  $12    0.001    31.1933 166803.04   0.0     11.28   0.5  14.06.2026  07:16:20
  9   5  10   6  $12    0.001    46.0564 197305.29   0.0     14.12   1.5  14.06.2026  07:16:23
  9   5  11   7  $12    0.001    19.7098 371521.81   0.0     10.91   0.2  14.06.2026  07:16:25
  9   5  12   8  $12    0.001    10.8878 143661.20   0.0      7.33   5.3  14.06.2026  07:16:27
  9   6  10   7  $12    0.001    41.6199 209204.31   0.0     13.14   0.2  14.06.2026  07:16:29
  9   6  11   8  $12    0.001    17.8693 561379.94   0.0     11.70   1.0  14.06.2026  07:16:32
  9   7  10   8  $12    0.001    40.2796 379625.87   0.0     15.23   0.4  14.06.2026  07:16:34
 13   1  14   2  $12    0.001    45.3967 155682.03   0.0     11.14   0.1  14.06.2026  07:16:37
 13   1  15   3  $12    0.001    19.1924 145538.80   0.0      8.41   0.6  14.06.2026  07:16:39
 13   1  16   4  $12    0.001    10.6086 136340.97   0.0      5.71   4.6  14.06.2026  07:16:41
 13   2  14   3  $12    0.001    41.5419 143678.06   0.0      6.92   1.9  14.06.2026  07:16:43
 13   2  15   4  $12    0.001    17.4644 135143.94   0.0      4.70   3.8  14.06.2026  07:16:45
 13   3  14   4  $12    0.001    40.1145 140183.41   0.0     10.33   0.4  14.06.2026  07:16:48
 13   5  14   6  $12    0.001    51.0545 183722.23   0.0     12.24   0.8  14.06.2026  07:16:50
 13   5  15   7  $12    0.001    24.1585 206989.85   0.0     11.94   0.6  14.06.2026  07:16:53
 13   5  16   8  $12    0.001    15.1639 253560.81   0.0      8.96   3.4  14.06.2026  07:16:55
 13   6  14   7  $12    0.001    46.1032 169565.86   0.0     13.13   0.0  14.06.2026  07:16:57
 13   6  15   8  $12    0.001    22.0828 201411.90   0.0      9.78   1.6  14.06.2026  07:17:00
 13   7  15   8  $12    0.001    30.3826 162467.91   0.0     14.52   0.5  14.06.2026  07:17:02
 13   9  14  10  $12    0.001    45.6742 195668.03   0.0     13.06   0.2  14.06.2026  07:17:04
 13   9  15  11  $12    0.001    18.4451 347681.71   0.0      9.90   3.0  14.06.2026  07:17:06
 13   9  16  12  $12    0.001    10.2326 135016.09   0.0      9.15   2.6  14.06.2026  07:17:08
 13  10  14  11  $12    0.001    39.3583 197836.52   0.0     14.22   0.2  14.06.2026  07:17:11
 13  10  15  12  $12    0.001    16.6675 523623.61   0.0      4.97   9.3  14.06.2026  07:17:13
 13  11  14  12  $12    0.001    39.0152 367709.27   0.0     12.91   1.4  14.06.2026  07:17:16
