//C:\Users\user\Desktop\GeoTom\GeoTomE724.ini
//- Cable direction:
//  cable I: normal
//  cable II: normal
//  cable III: normal
//  cable IV: normal
//- Cable arrangement: sequential
//- Optimization: Last measurement
//- Sorting: Multi-level
//- Current levels: 0.001 mA .. 10.0 mA
Type:         Flow
Name:         Hyprop
Comment:      Example of a measurements sequence
Comment:      
Comment:      
Spacing:      1.00000
First El:     0.00000
Nr of points: 180
IP present:   1

  1   2   4   3  $12    0.001    11.7960 222349.36   0.0    -22.44   0.1  15.06.2026  15:10:09
  1   4   2   3  $12    0.001    54.7982 344307.20   0.0     13.73   0.0  15.06.2026  15:10:12
  5   6   8   7  $12    0.001    10.8624 204751.29   0.0    -31.79   0.6  15.06.2026  15:10:14
  5   8   6   7  $12    0.001    55.0265 345741.86   0.0     24.00   0.0  15.06.2026  15:10:16
  9  10  12  11  $12    0.001     9.6689 182254.53   0.0     -7.90   1.0  15.06.2026  15:10:18
  9  12  10  11  $12    0.001    59.7951 375703.38   0.0     22.57   0.5  15.06.2026  15:10:21
 13  14  16  15  $12    0.001     9.3404 176062.46   0.0    -38.94   0.1  15.06.2026  15:10:23
 13  16  14  15  $12    0.001    56.0812 352368.80   0.0     24.25   0.1  15.06.2026  15:10:25
  1   5  13   9  $12    0.001    13.7717 1038361.71   0.1     23.39   2.6  15.06.2026  15:10:27
  2   6  14  10  $12    0.001    10.9977 829207.50   0.0      9.98   2.7  15.06.2026  15:10:29
  3   7  15  11  $12    0.001    10.0966 761267.63   0.0     10.13   0.6  15.06.2026  15:10:31
  4   8  16  12  $12    0.001    10.3435 779885.10   0.0     10.12   3.3  15.06.2026  15:10:33
  5   9   1  13  $12    0.001    12.3829 311216.63   0.6     -5.11  76.3  15.06.2026  15:10:35
  6  10   2  14  $12    0.001    11.5185 289492.30   0.2     14.56   6.5  15.06.2026  15:10:37
  7  11   3  15  $12    0.001    10.9280 274651.15   0.0      9.34   0.5  15.06.2026  15:10:39
  8  12   4  16  $12    0.001    10.8731 273269.83   0.0      2.15   7.3  15.06.2026  15:10:41
  9  13   5   1  $12    0.001    14.4217 1087372.82   0.0    -33.98   2.0  15.06.2026  15:10:43
 10  14   6   2  $12    0.001    10.9910 828701.84   0.0      9.45   3.3  15.06.2026  15:10:45
 11  15   7   3  $12    0.001    10.1208 763093.51   0.0      8.99   2.6  15.06.2026  15:10:47
 12  16   8   4  $12    0.001    10.3999 784133.37   0.0      7.89   6.4  15.06.2026  15:10:49
 13   1   9   5  $12    0.001    12.5234 314747.24   0.0     11.94   3.7  15.06.2026  15:10:51
 14   2  10   6  $12    0.001    11.6406 292560.71   0.0      1.21  17.7  15.06.2026  15:10:54
 15   3  11   7  $12    0.001    10.9461 275105.19   0.0     10.10   2.1  15.06.2026  15:10:56
 16   4  12   8  $12    0.001    10.7971 271361.78   0.0      9.33   8.9  15.06.2026  15:10:58
  1   2   5   6  $12    0.001   -33.2669 6270666.29   0.8   -658.31   0.4  15.06.2026  15:11:00
  1   2   6   7  $12    0.010    -9.5785 361099.06   0.1   -760.43   0.1  15.06.2026  15:11:04
  1   2   7   8  $12    0.010    -0.5536  36525.94   0.4  -2349.81   0.5  15.06.2026  15:11:09
  1   2   9  10  $12    0.001   -35.2667 55840040.39   0.5   -628.35   0.2  15.06.2026  15:11:15
  1   2  10  11  $12    0.010    -9.8327 2224101.21   0.0   -672.84   0.1  15.06.2026  15:11:18
  1   2  11  12  $12    0.010     0.9517 295986.80   0.0   -295.98   0.2  15.06.2026  15:11:24
  1   2  13  14  $12    0.001   -41.2406 222327164.11   0.0   -582.30   0.0  15.06.2026  15:11:29
  1   2  14  15  $12    0.010    -6.3650 4367154.71   0.0   -935.33   0.1  15.06.2026  15:11:33
  1   2  15  16  $12    0.010     0.4643 398221.61   0.1   2315.76   0.2  15.06.2026  15:11:38
  1   3   5   7  $12    0.001   -35.0965 1323108.52   0.0   -679.62   0.0  15.06.2026  15:11:43
  1   3   6   8  $12    0.010    -4.5842  37804.63   0.1  -1821.64   0.1  15.06.2026  15:11:47
  1   3   9  11  $12    0.001   -38.7041 14591118.98   0.0   -638.46   0.1  15.06.2026  15:11:53
  1   3  10  12  $12    0.010    -7.7569 422191.18   0.0   -795.16   0.2  15.06.2026  15:11:57
  1   3  13  15  $12    0.001   -44.0180 58080362.75   0.0   -605.64   0.1  15.06.2026  15:12:02
  1   3  14  16  $12    0.010    -0.7647 128832.56   0.9  -8965.45   0.9  15.06.2026  15:12:06
  2   4   6   8  $12    0.010     9.8300  37058.40   0.0     76.77   0.0  15.06.2026  15:12:08
  2   4  10  12  $12    0.100     9.9893  37658.90   0.0    532.94   0.0  15.06.2026  15:12:12
  2   4  14  16  $12    0.010     9.9830 1317226.37   0.0     60.09   0.6  15.06.2026  15:12:17
  1   4   5   8  $12    0.001   -33.9892 332204.92   0.3   -687.22   0.5  15.06.2026  15:12:22
  1   4   9  12  $12    0.001   -38.3835 5895276.74   0.0   -634.65   0.1  15.06.2026  15:12:25
  1   4  13  16  $12    0.001   -43.4909 24593525.94   0.4   -618.25   0.8  15.06.2026  15:12:27
  5   6   9  10  $12    0.001   -41.8381 7886291.28   0.0   -610.41   0.2  15.06.2026  15:12:30
  5   6  10  11  $12    0.010    -8.9493 337380.43   0.0   -779.02   0.0  15.06.2026  15:12:33
  5   6  11  12  $12    0.010     2.9584 195173.73   0.1   -147.37   0.2  15.06.2026  15:12:35
  5   6  13  14  $12    0.001   -49.3523 78142574.49   0.0   -552.88   0.0  15.06.2026  15:12:41
  5   6  14  15  $12    0.010    -9.6507 2182944.30   0.0   -652.36   0.0  15.06.2026  15:12:45
  5   6  15  16  $12    0.010    -1.1993 373012.00   0.1   -884.08   0.2  15.06.2026  15:12:50
  5   6   1   2  $12    0.001   -31.9426 6021036.21   0.0   -634.97   0.1  15.06.2026  15:12:55
  5   6   2   3  $12    0.010   -10.8582  81868.91   0.0   -780.08   0.1  15.06.2026  15:12:59
  5   6   3   4  $12    0.010     0.6977   1315.05   0.1    554.81   0.6  15.06.2026  15:13:05
  5   7   9  11  $12    0.001   -45.3072 1708042.35   0.0   -627.22   0.1  15.06.2026  15:13:10
  5   7  10  12  $12    0.010    -0.4636   3823.18   1.2 -13613.94   1.3  15.06.2026  15:13:14
  5   7  13  15  $12    0.001   -54.1267 20405294.18   0.0   -559.59   0.2  15.06.2026  15:13:19
  5   7  14  16  $12    0.010    -9.7274 529445.29   0.1   -744.99   0.2  15.06.2026  15:13:23
  5   7   1   3  $12    0.001   -35.7733 1348621.43   0.6   -645.96   0.4  15.06.2026  15:13:28
  5   7   2   4  $12    0.010    -4.5149   5318.96   0.1  -1906.01   0.1  15.06.2026  15:13:32
  6   8  10  12  $12    0.010     9.8257  37042.16   0.0     56.90   0.1  15.06.2026  15:13:34
  6   8  14  16  $12    0.100     9.5752  36097.82   0.0    571.54   0.1  15.06.2026  15:13:38
  6   8   2   4  $12    0.010     9.9009  37325.49   0.0     73.92   1.5  15.06.2026  15:13:43
  5   8   9  12  $12    0.001   -43.7912 428008.79   0.1   -646.26   0.3  15.06.2026  15:13:48
  5   8  13  16  $12    0.001   -53.8081 8264330.23   0.0   -568.78   0.1  15.06.2026  15:13:51
  5   8   1   4  $12    0.001   -34.7194 339342.32   0.6   -670.73   0.4  15.06.2026  15:13:54
  9  10  13  14  $12    0.001   -54.4660 10266606.13   0.0   -557.65   0.0  15.06.2026  15:13:56
  9  10  14  15  $12    0.010    -8.5393 321922.49   0.0   -769.55   0.0  15.06.2026  15:14:00
  9  10  15  16  $12    0.010     0.2393  15789.08   0.5   4424.74   0.4  15.06.2026  15:14:05
  9  10   1   2  $12    0.001   -37.2517 58983023.30   0.0   -608.81   0.2  15.06.2026  15:14:11
  9  10   2   3  $12    0.010   -13.6965 1445773.35   0.1   -624.77   0.1  15.06.2026  15:14:14
  9  10   3   4  $12    0.010    -0.1364   8996.85   3.6  -1731.66   2.6  15.06.2026  15:14:27
  9  10   5   6  $12    0.001   -44.2067 8332760.18   0.1   -612.27   0.1  15.06.2026  15:14:32
  9  10   6   7  $12    0.010   -11.8170  89097.92   0.0   -689.50   0.0  15.06.2026  15:14:36
  9  10   7   8  $12    0.010    -0.2763    520.78   0.5  -4194.11   0.6  15.06.2026  15:14:41
  9  11  13  15  $12    0.001   -57.5249 2168638.30   0.0   -570.03   0.0  15.06.2026  15:14:46
  9  11  14  16  $12    0.010    -3.1822  26242.54   0.1  -2354.67   0.3  15.06.2026  15:14:50
  9  11   1   3  $12    0.001   -40.9556 15439911.00   0.0   -620.82   0.1  15.06.2026  15:14:56
  9  11   2   4  $12    0.010   -12.5787 311197.61   0.0   -685.05   0.1  15.06.2026  15:14:59
  9  11   5   7  $12    0.001   -46.6323 1757995.23   0.1   -632.79   0.1  15.06.2026  15:15:05
  9  11   6   8  $12    0.010    -6.2030   7307.71   0.0  -1451.28   0.0  15.06.2026  15:15:09
 10  12  14  16  $12    0.010     9.7943  36923.65   0.0     48.81   1.0  15.06.2026  15:15:11
 10  12   2   4  $12    0.100     9.6625  36426.93   0.0    564.34   0.1  15.06.2026  15:15:14
 10  12   6   8  $12    0.010     9.7915  36912.90   0.0     57.94   2.2  15.06.2026  15:15:19
  9  12  13  16  $12    0.001   -56.8371 555516.85   0.0   -573.37   0.1  15.06.2026  15:15:25
  9  12   1   4  $12    0.001   -41.3689 6353800.16   0.0   -616.92   0.1  15.06.2026  15:15:28
  9  12   5   8  $12    0.001   -46.2428 451970.38   0.3   -644.76   0.1  15.06.2026  15:15:30
 13  14   1   2  $12    0.001   -46.4330 250319315.16   0.0   -613.77   0.0  15.06.2026  15:15:33
 13  14   2   3  $12    0.001    -2.0009 8297411.95   0.4   -800.91   0.3  15.06.2026  15:15:35
 13  14   3   4  $12    0.010     1.7640 548637.55   0.0     33.75   3.0  15.06.2026  15:15:42
 13  14   5   6  $12    0.001   -55.2557 87489892.03   0.0   -608.59   0.0  15.06.2026  15:15:47
 13  14   6   7  $12    0.010   -16.5128 1743054.64   0.0   -536.28   0.1  15.06.2026  15:15:51
 13  14   7   8  $12    0.010     0.0220   1448.32   6.7  31381.57   6.7  15.06.2026  15:16:03
 13  14   9  10  $12    0.001   -60.0532 11319762.51   0.0   -598.96   0.0  15.06.2026  15:16:08
 13  14  10  11  $12    0.010   -12.0380  90764.60   0.0   -645.03   0.0  15.06.2026  15:16:12
 13  14  11  12  $12    0.010     3.7610   7089.32   0.0   -194.57   0.1  15.06.2026  15:16:14
 13  15   1   3  $12    0.001   -51.9816 68588095.71   0.2   -617.25   0.9  15.06.2026  15:16:19
 13  15   2   4  $12    0.010    -5.2186 527499.78   0.1  -1672.56   0.2  15.06.2026  15:16:23
 13  15   5   7  $12    0.001   -60.6921 22880365.44   0.0   -615.04   0.1  15.06.2026  15:16:28
 13  15   6   8  $12    0.001    -2.4809 613768.58   0.2   -760.71   0.4  15.06.2026  15:16:30
 13  15   9  11  $12    0.001   -62.1379 2342543.84   0.0   -619.46   0.1  15.06.2026  15:16:33
 13  15  10  12  $12    0.010    -2.3556   2775.17   0.0  -2913.32   0.0  15.06.2026  15:16:37
 14  16   2   4  $12    0.010     9.9760 1316295.85   0.0     58.10   0.8  15.06.2026  15:16:39
 14  16   6   8  $12    0.100     9.1538  34508.96   0.0    619.63   0.1  15.06.2026  15:16:43
 14  16  10  12  $12    0.010     9.8343  37074.52   0.0     44.57   2.1  15.06.2026  15:16:48
 13  16   1   4  $12    0.001   -49.4264 27949956.37   0.0   -642.12   0.0  15.06.2026  15:16:54
 13  16   5   8  $12    0.001   -60.4020 9277079.89   0.0   -614.00   0.1  15.06.2026  15:16:56
 13  16   9  12  $12    0.001   -61.1374 597547.63   0.0   -627.71   0.0  15.06.2026  15:16:59
  1   5   2   6  $12    0.001   135.0288 578461.87   0.0     -4.42   2.0  15.06.2026  15:17:01
  1   5   3   7  $12    0.001    48.9263 922238.36   0.0     -4.40   0.8  15.06.2026  15:17:04
  1   5   4   8  $12    0.001    25.5531 337164.56   0.0     -4.55   0.6  15.06.2026  15:17:06
  1   6   2   7  $12    0.001   105.2161 417531.83   0.0      2.02   1.1  15.06.2026  15:17:09
  1   6   3   8  $12    0.001    41.3040 495448.37   0.0     -2.35   4.7  15.06.2026  15:17:11
  1   7   2   8  $12    0.001    95.6691 362736.74   0.0      6.07   0.2  15.06.2026  15:17:14
  1   9   2  10  $12    0.001   149.5539 538177.27   0.0     -3.52   1.3  15.06.2026  15:17:16
  1   9   3  11  $12    0.001    59.6049 510693.25   0.0     -3.20   1.4  15.06.2026  15:17:19
  1   9   4  12  $12    0.001    35.8237 599021.84   0.0     -2.86   2.2  15.06.2026  15:17:21
  1  10   2  11  $12    0.001   115.6609 409419.17   0.0      0.37  10.7  15.06.2026  15:17:24
  1  10   3  12  $12    0.001    52.7005 432149.06   0.0    -10.39   0.1  15.06.2026  15:17:26
  1  11   3  12  $12    0.001    67.6846 331187.49   0.0    -11.74   0.1  15.06.2026  15:17:28
  1  13   2  14  $12    0.001   134.7499 462107.53   0.0     -4.39   0.9  15.06.2026  15:17:31
  1  13   3  15  $12    0.001    47.3897 359363.65   0.0     -3.03   0.1  15.06.2026  15:17:34
  1  13   4  16  $12    0.001    25.6087 329122.42   0.0     -3.87   2.0  15.06.2026  15:17:36
  1  14   2  15  $12    0.001   102.1616 347868.68   0.0      0.94   4.7  15.06.2026  15:17:39
  1  14   3  16  $12    0.001    41.3799 308629.99   0.0     -7.25   0.0  15.06.2026  15:17:41
  1  15   2  16  $12    0.001    96.1003 325260.03   0.0      3.82   0.8  15.06.2026  15:17:44
  5   9   6  10  $12    0.001   139.8698 599201.01   0.0      0.59  10.0  15.06.2026  15:17:46
  5   9   7  11  $12    0.001    49.6950 936727.85   0.0      1.10   2.6  15.06.2026  15:17:49
  5   9   8  12  $12    0.001    26.7863 353436.32   0.0      2.90   1.8  15.06.2026  15:17:51
  5  10   6  11  $12    0.001   105.9952 420623.79   0.0     12.36   0.2  15.06.2026  15:17:54
  5  10   7  12  $12    0.001    43.0031 515829.76   0.0     -0.87   2.3  15.06.2026  15:17:56
  5  11   6  12  $12    0.001   100.6020 381440.39   0.0     12.13   0.2  15.06.2026  15:17:59
  5  13   6  14  $12    0.001   148.0874 532900.09   0.0      0.16   4.2  15.06.2026  15:18:01
  5  13   7  15  $12    0.001    58.4559 500849.02   0.0      1.63   2.1  15.06.2026  15:18:04
  5  13   8  16  $12    0.001    35.9143 600536.26   0.0      2.07   2.8  15.06.2026  15:18:06
  5  14   6  15  $12    0.001   114.1986 404242.69   0.0     10.35   0.1  15.06.2026  15:18:09
  5  14   7  16  $12    0.001    51.9995 426400.89   0.0      1.38   1.2  15.06.2026  15:18:11
  5  15   7  16  $12    0.001    65.0669 318379.06   0.0      0.10  25.3  15.06.2026  15:18:14
  5   1   6   2  $12    0.001   135.3531 579851.47   0.0     -4.45   0.5  15.06.2026  15:18:16
  5   1   7   3  $12    0.001    48.9970 923571.42   0.0     -4.17   0.6  15.06.2026  15:18:19
  5   1   8   4  $12    0.001    25.5605 337262.87   0.0     -3.70   3.0  15.06.2026  15:18:21
  5   2   6   3  $12    0.001   107.3113 539405.54   0.0      9.23   1.3  15.06.2026  15:18:24
  5   2   7   4  $12    0.001    41.3289 1298386.03   0.0      0.33  11.8  15.06.2026  15:18:26
  5   3   6   4  $12    0.001    97.0248 914436.90   0.0     13.86   0.1  15.06.2026  15:18:29
  9  13  10  14  $12    0.001   138.7542 594421.69   0.0      0.43   0.9  15.06.2026  15:18:31
  9  13  11  15  $12    0.001    47.1096 887994.47   0.0      1.52   2.2  15.06.2026  15:18:34
  9  13  12  16  $12    0.001    26.0447 343651.64   0.0      1.73   4.2  15.06.2026  15:18:36
  9  14  10  15  $12    0.001   105.9872 420591.81   0.0      9.08   0.8  15.06.2026  15:18:39
  9  14  11  16  $12    0.001    41.2868 495242.48   0.0      3.87   0.2  15.06.2026  15:18:41
  9  15  10  16  $12    0.001    99.7058 378042.11   0.0     14.86   0.7  15.06.2026  15:18:44
  9   1  10   2  $12    0.001   149.6583 538553.03   0.0     -3.71   0.7  15.06.2026  15:18:46
  9   1  11   3  $12    0.001    59.6385 510981.27   0.0     -3.36   0.7  15.06.2026  15:18:49
  9   1  12   4  $12    0.001    35.8567 599573.26   0.0     -2.91   0.4  15.06.2026  15:18:51
  9   2  10   3  $12    0.001   121.1334 445524.07   0.0     10.24   0.8  15.06.2026  15:18:54
  9   2  11   4  $12    0.001    51.7602 472091.78   0.0      2.85   0.6  15.06.2026  15:18:56
  9   3  11   4  $12    0.001    65.1983 348640.60   0.0      1.44   0.7  15.06.2026  15:18:59
  9   5  10   6  $12    0.001   140.0524 599983.19   0.0      0.55   1.9  15.06.2026  15:19:01
  9   5  11   7  $12    0.001    49.7258 937308.76   0.0      1.08   1.8  15.06.2026  15:19:04
  9   5  12   8  $12    0.001    26.8000 353618.00   0.0      3.09   5.0  15.06.2026  15:19:06
  9   6  10   7  $12    0.001   108.6946 546358.88   0.0     14.09   0.2  15.06.2026  15:19:09
  9   6  11   8  $12    0.001    41.5082 1304017.99   0.0     10.79   0.2  15.06.2026  15:19:12
  9   7  10   8  $12    0.001    99.1519 934484.91   0.0     18.06   0.1  15.06.2026  15:19:14
 13   1  14   2  $12    0.001   134.7624 462150.47   0.0     -4.46   0.5  15.06.2026  15:19:16
 13   1  15   3  $12    0.001    47.4035 359467.83   0.0     -2.42   0.8  15.06.2026  15:19:19
 13   1  16   4  $12    0.001    25.6304 329401.46   0.0     -3.73   1.6  15.06.2026  15:19:22
 13   2  14   3  $12    0.001   107.4629 371674.99   0.0      9.80   0.6  15.06.2026  15:19:24
 13   2  15   4  $12    0.001    40.3585 312303.41   0.0      2.45   1.5  15.06.2026  15:19:27
 13   3  14   4  $12    0.001    96.8743 338534.88   0.0     15.69   0.0  15.06.2026  15:19:29
 13   5  14   6  $12    0.001   148.2671 533546.94   0.0      0.24   2.1  15.06.2026  15:19:32
 13   5  15   7  $12    0.001    58.4911 501150.87   0.0      1.70   1.4  15.06.2026  15:19:34
 13   5  16   8  $12    0.001    35.9089 600446.38   0.0      2.69   1.6  15.06.2026  15:19:37
 13   6  14   7  $12    0.001   116.2430 427537.20   0.0     12.19   0.3  15.06.2026  15:19:39
 13   6  15   8  $12    0.001    49.8678 454831.91   0.0      9.04   2.4  15.06.2026  15:19:42
 13   7  15   8  $12    0.001    62.3039 333163.36   0.0      7.93   0.5  15.06.2026  15:19:44
 13   9  14  10  $12    0.001   138.8313 594751.73   0.0      0.51   3.8  15.06.2026  15:19:47
 13   9  15  11  $12    0.001    47.1262 888308.72   0.0      1.90   0.5  15.06.2026  15:19:49
 13   9  16  12  $12    0.001    26.0490 343708.33   0.0      2.23   0.9  15.06.2026  15:19:52
 13  10  14  11  $12    0.001   104.5373 525461.82   0.0     10.44   0.4  15.06.2026  15:19:54
 13  10  15  12  $12    0.001    40.2261 1263738.67   0.0     -0.11  14.7  15.06.2026  15:19:57
 13  11  14  12  $12    0.001    98.2294 925789.97   0.0     13.55   0.7  15.06.2026  15:20:00
