//C:\Users\user\Desktop\GeoTom\GeoTomE724.ini
//- Cable direction:
//  cable I: normal
//  cable II: normal
//  cable III: normal
//  cable IV: normal
//- Cable arrangement: sequential
//- Optimization: Last measurement
//- Sorting: Multi-level
//- Current levels: 0.001 mA .. 10.0 mA
Type:         Flow
Name:         Hyprop
Comment:      Example of a measurements sequence
Comment:      
Comment:      
Spacing:      1.00000
First El:     0.00000
Nr of points: 180
IP present:   1

  1   2   4   3  $12    0.010     5.9687  11250.77   0.0      5.49   1.1  10.06.2026  09:10:05
  1   4   2   3  $12    0.010    15.8332   9948.27   0.0      7.20   1.1  10.06.2026  09:10:08
  5   6   8   7  $12    0.010     4.9996   9424.05   0.2      0.30 163.9  10.06.2026  09:10:10
  5   8   6   7  $12    0.010    16.0358  10075.58   0.0      0.78  18.0  10.06.2026  09:10:12
  9  10  12  11  $12    0.010     5.2337   9865.23   0.1      2.06 162.5  10.06.2026  09:10:14
  9  12  10  11  $12    0.010    17.0190  10693.35   0.0      1.34  10.3  10.06.2026  09:10:16
 13  14  16  15  $12    0.010     6.2704  11819.36   0.0     -4.52   4.6  10.06.2026  09:10:18
 13  16  14  15  $12    0.010    15.9834  10042.69   0.0      1.79   2.2  10.06.2026  09:10:20
  1   5  13   9  $12    0.010     3.7652  28388.96   0.1     -0.90 142.8  10.06.2026  09:10:22
  2   6  14  10  $12    0.010     3.0474  22976.51   0.0     -3.13  16.7  10.06.2026  09:10:24
  3   7  15  11  $12    0.010     3.0468  22972.32   0.0     -1.22  83.5  10.06.2026  09:10:26
  4   8  16  12  $12    0.010     3.6949  27858.81   0.2      1.30 280.1  10.06.2026  09:10:28
  5   9   1  13  $12    0.010     3.9723   9983.52   0.3     -5.87  13.2  10.06.2026  09:10:30
  6  10   2  14  $12    0.010     3.2684   8214.29   0.1      0.63  46.6  10.06.2026  09:10:32
  7  11   3  15  $12    0.010     3.2013   8045.82   0.0     -1.65   3.0  10.06.2026  09:10:34
  8  12   4  16  $12    0.010     3.6776   9242.74   0.1     -1.21  98.0  10.06.2026  09:10:36
  9  13   5   1  $12    0.010     3.7508  28280.40   0.1      3.09 135.3  10.06.2026  09:10:38
 10  14   6   2  $12    0.010     3.0560  23042.00   0.2     -5.45  53.3  10.06.2026  09:10:40
 11  15   7   3  $12    0.010     3.0523  23013.88   0.1     -1.11 103.1  10.06.2026  09:10:42
 12  16   8   4  $12    0.010     3.6955  27863.24   0.0     -2.63  16.1  10.06.2026  09:10:44
 13   1   9   5  $12    0.010     3.9615   9956.42   0.1      2.23  36.8  10.06.2026  09:10:46
 14   2  10   6  $12    0.010     3.2633   8201.46   0.1      0.16 132.1  10.06.2026  09:10:48
 15   3  11   7  $12    0.010     3.1982   8038.00   0.1     -3.67  40.9  10.06.2026  09:10:50
 16   4  12   8  $12    0.010     3.6629   9205.84   0.0     -1.02 243.5  10.06.2026  09:10:52
  1   2   5   6  $12    0.100     2.4589   4634.89   0.0     -5.27   6.2  10.06.2026  09:10:55
  1   2   6   7  $12    0.100     2.5617   9657.56   0.0      0.38 293.2  10.06.2026  09:10:57
  1   2   7   8  $12    1.000    17.7048  11680.44   0.0     -2.27   3.3  10.06.2026  09:11:01
  1   2   9  10  $12    1.000     7.9244  12547.19   0.0     -2.05   5.3  10.06.2026  09:11:03
  1   2  10  11  $12    1.000     8.7692  19835.40   0.0      2.29   6.0  10.06.2026  09:11:05
  1   2  11  12  $12    1.000     7.1640  22281.32   0.0      4.53  27.7  10.06.2026  09:11:07
  1   2  13  14  $12    0.100     2.6951 145293.20   0.0     -0.05 878.0  10.06.2026  09:11:12
  1   2  14  15  $12    0.100     2.7184 186514.03   0.0     -6.80  25.1  10.06.2026  09:11:14
  1   2  15  16  $12    0.100     2.0390 174876.90   0.1    -13.02  11.3  10.06.2026  09:11:16
  1   3   5   7  $12    0.100     9.9969   3768.74   0.0      2.11  39.5  10.06.2026  09:11:18
  1   3   6   8  $12    0.100     9.0840   7491.29   0.0      2.17   0.3  10.06.2026  09:11:20
  1   3   9  11  $12    0.100     3.4639  13058.42   0.2     -3.01  55.2  10.06.2026  09:11:22
  1   3  10  12  $12    0.100     3.3247  18095.86   0.2      0.73 564.6  10.06.2026  09:11:24
  1   3  13  15  $12    0.100    10.8878 143661.61   0.0      3.03  34.4  10.06.2026  09:11:26
  1   3  14  16  $12    0.100     9.9965 168409.13   0.0      1.32  20.1  10.06.2026  09:11:28
  2   4   6   8  $12    0.100     9.5776   3610.68   0.0      2.91  14.5  10.06.2026  09:11:30
  2   4  10  12  $12    0.100     3.4545  13023.06   0.0     -0.51 100.6  10.06.2026  09:11:32
  2   4  14  16  $12    0.100    10.6757 140862.45   0.0      0.56  46.8  10.06.2026  09:11:34
  1   4   5   8  $12    0.100    20.5534   2008.85   0.0      3.05   0.2  10.06.2026  09:11:36
  1   4   9  12  $12    0.100     7.4494  11441.53   0.0      2.32   4.5  10.06.2026  09:11:38
  1   4  13  16  $12    0.100    23.0462 130323.09   0.0      2.98   6.2  10.06.2026  09:11:40
  5   6   9  10  $12    0.100     2.4791   4673.03   0.0      2.02   7.8  10.06.2026  09:11:42
  5   6  10  11  $12    0.100     2.6189   9873.17   0.2     -4.45  27.6  10.06.2026  09:11:44
  5   6  11  12  $12    1.000    19.1973  12665.09   0.0      7.13   0.7  10.06.2026  09:11:48
  5   6  13  14  $12    1.000     8.3755  13261.53   0.1      2.38  48.2  10.06.2026  09:11:50
  5   6  14  15  $12    1.000     9.1329  20658.14   0.0      0.94  14.4  10.06.2026  09:11:52
  5   6  15  16  $12    1.000     7.0852  22036.37   0.0     -0.70  76.7  10.06.2026  09:11:54
  5   6   1   2  $12    0.100     2.4693   4654.45   0.0     -2.23   6.6  10.06.2026  09:11:59
  5   6   2   3  $12    0.100     2.3291   1756.09   0.4     -7.55  49.8  10.06.2026  09:12:01
  5   6   3   4  $12    1.000    19.5666    368.82   0.0      4.11   1.7  10.06.2026  09:12:05
  5   7   9  11  $12    0.100    10.7499   4052.60   0.0      2.97   3.3  10.06.2026  09:12:10
  5   7  10  12  $12    0.100     9.9681   8220.41   0.1      0.34 156.0  10.06.2026  09:12:12
  5   7  13  15  $12    0.100     3.7879  14280.12   0.1     -2.00 119.5  10.06.2026  09:12:14
  5   7  14  16  $12    0.100     3.5351  19241.04   0.0     -1.97  12.2  10.06.2026  09:12:16
  5   7   1   3  $12    0.100    10.0199   3777.41   0.0      0.77  70.3  10.06.2026  09:12:18
  5   7   2   4  $12    0.100     9.6037   1131.41   0.1      3.96  39.8  10.06.2026  09:12:20
  6   8  10  12  $12    0.100     9.5728   3608.85   0.0      3.36  14.6  10.06.2026  09:12:22
  6   8  14  16  $12    0.100     3.3627  12677.09   0.2     -0.38 466.6  10.06.2026  09:12:24
  6   8   2   4  $12    0.100     9.6352   3632.40   0.0      2.92  11.8  10.06.2026  09:12:26
  5   8   9  12  $12    0.100    20.9310   2045.77   0.0      4.52   0.1  10.06.2026  09:12:28
  5   8  13  16  $12    0.100     7.5260  11559.08   0.1      3.43  27.5  10.06.2026  09:12:30
  5   8   1   4  $12    0.100    20.6353   2016.86   0.0      3.19   1.2  10.06.2026  09:12:32
  9  10  13  14  $12    0.100     2.9686   5595.71   0.0      0.10  95.9  10.06.2026  09:12:34
  9  10  14  15  $12    0.100     2.8451  10725.59   0.2     -1.80 210.3  10.06.2026  09:12:36
  9  10  15  16  $12    1.000    19.3437  12761.71   0.0      0.25  26.5  10.06.2026  09:12:39
  9  10   1   2  $12    1.000     7.9079  12521.11   0.0      1.93  43.6  10.06.2026  09:12:41
  9  10   2   3  $12    1.000     8.3877   8853.85   0.0      2.39  24.7  10.06.2026  09:12:43
  9  10   3   4  $12    1.000     8.0618   5318.66   0.0      0.05 1334.6  10.06.2026  09:12:45
  9  10   5   6  $12    0.100     2.4842   4682.53   0.0     -2.02   6.6  10.06.2026  09:12:50
  9  10   6   7  $12    0.100     2.6745   2016.49   0.0     -1.62 168.1  10.06.2026  09:12:52
  9  10   7   8  $12    1.000    17.3523    327.08   0.0      3.78   1.0  10.06.2026  09:12:56
  9  11  13  15  $12    0.100    12.0077   4526.79   0.0      3.25   1.2  10.06.2026  09:13:01
  9  11  14  16  $12    0.100    10.3463   8532.25   0.0      1.88  15.5  10.06.2026  09:13:03
  9  11   1   3  $12    0.100     3.4860  13141.81   0.0     -1.31 181.9  10.06.2026  09:13:05
  9  11   2   4  $12    0.100     3.5249   8720.55   0.5      3.92  83.3  10.06.2026  09:13:07
  9  11   5   7  $12    0.100    10.7295   4044.91   0.0      3.49   0.4  10.06.2026  09:13:09
  9  11   6   8  $12    0.100     9.5670   1127.09   0.0      2.20   1.5  10.06.2026  09:13:11
 10  12  14  16  $12    0.100    10.4356   3934.13   0.0      3.18   0.4  10.06.2026  09:13:13
 10  12   2   4  $12    0.100     3.4405  12970.52   0.0     -2.92  26.6  10.06.2026  09:13:15
 10  12   6   8  $12    0.100     9.5491   3599.93   0.0      3.20   4.6  10.06.2026  09:13:17
  9  12  13  16  $12    0.010     2.3549   2301.65   0.0     -1.37  19.1  10.06.2026  09:13:22
  9  12   1   4  $12    0.100     7.4659  11466.73   0.0      1.23   4.9  10.06.2026  09:13:26
  9  12   5   8  $12    0.100    20.8898   2041.73   0.0      4.38  11.2  10.06.2026  09:13:28
 13  14   1   2  $12    0.100     2.6986 145479.06   0.0      0.06 -3014.0  10.06.2026  09:13:30
 13  14   2   3  $12    0.100     2.5789 106943.17   0.1      4.30  18.2  10.06.2026  09:13:32
 13  14   3   4  $12    0.100     2.3413  72820.01   0.0     -5.92   9.2  10.06.2026  09:13:34
 13  14   5   6  $12    1.000     8.3461  13214.96   0.0      3.51   2.5  10.06.2026  09:13:37
 13  14   6   7  $12    1.000     9.6168  10151.25   0.0      4.27  14.2  10.06.2026  09:13:39
 13  14   7   8  $12    1.000     7.2859   4806.77   0.0     -1.60  37.2  10.06.2026  09:13:41
 13  14   9  10  $12    0.100     2.9704   5598.99   0.0     -0.03 581.8  10.06.2026  09:13:46
 13  14  10  11  $12    0.100     3.0029   2264.15   0.1     -5.19  58.1  10.06.2026  09:13:48
 13  14  11  12  $12    0.100     2.2405    422.33   0.2     -7.14  17.7  10.06.2026  09:13:50
 13  15   1   3  $12    0.100    10.9411 144364.69   0.1     -0.24 269.2  10.06.2026  09:13:52
 13  15   2   4  $12    0.100    10.7177 108335.76   0.1      3.41  27.2  10.06.2026  09:13:54
 13  15   5   7  $12    0.100     3.8121  14371.46   0.0     -0.30 218.3  10.06.2026  09:13:56
 13  15   6   8  $12    0.100     3.6184   8952.00   0.0     -2.68   8.4  10.06.2026  09:13:58
 13  15   9  11  $12    0.100    12.0204   4531.58   0.0      2.24  10.6  10.06.2026  09:14:00
 13  15  10  12  $12    0.100    11.1163   1309.61   0.1      2.00  43.2  10.06.2026  09:14:02
 14  16   2   4  $12    0.100    10.7856 142312.01   0.0      1.15  13.1  10.06.2026  09:14:04
 14  16   6   8  $12    0.100     3.3985  12812.19   0.0     -1.47  14.7  10.06.2026  09:14:06
 14  16  10  12  $12    0.100    10.4493   3939.31   0.0      1.54  64.1  10.06.2026  09:14:08
 13  16   1   4  $12    0.100    23.1044 130652.55   0.0      3.56   2.3  10.06.2026  09:14:10
 13  16   5   8  $12    0.100     7.5538  11601.75   0.0      0.11 683.2  10.06.2026  09:14:12
 13  16   9  12  $12    0.010     2.3563   2302.98   0.0     -1.71   2.2  10.06.2026  09:14:17
  1   5   2   6  $12    0.001     2.6693  11435.35   0.0     -0.60  33.7  10.06.2026  09:14:22
  1   5   3   7  $12    0.010    11.3650  21422.54   0.0      2.58   1.7  10.06.2026  09:14:26
  1   5   4   8  $12    0.010     5.8500   7718.90   0.0      3.38  22.9  10.06.2026  09:14:28
  1   6   2   7  $12    0.001     2.6887  10669.50   0.0     -0.58  31.5  10.06.2026  09:14:33
  1   6   3   8  $12    0.010    11.5155  13813.05   0.0      2.78   1.6  10.06.2026  09:14:37
  1   7   2   8  $12    0.001     2.6998  10236.44   0.0      1.91   7.6  10.06.2026  09:14:41
  1   9   2  10  $12    0.001     3.0012  10799.95   0.0      3.67  11.3  10.06.2026  09:14:43
  1   9   3  11  $12    0.010    13.9913  11987.75   0.0      4.09   0.1  10.06.2026  09:14:47
  1   9   4  12  $12    0.010     7.9735  13332.77   0.0      3.30   1.9  10.06.2026  09:14:49
  1  10   2  11  $12    0.001     3.0049  10636.90   0.0      0.16 101.0  10.06.2026  09:14:54
  1  10   3  12  $12    0.010    14.0055  11484.64   0.0      2.93   4.1  10.06.2026  09:14:58
  1  11   3  12  $12    0.010    22.3502  10936.20   0.0      3.06   1.4  10.06.2026  09:15:00
  1  13   2  14  $12    0.001     2.6806   9192.94   0.0      0.73  16.6  10.06.2026  09:15:05
  1  13   3  15  $12    0.010    11.1459   8452.13   0.0      2.51   0.5  10.06.2026  09:15:08
  1  13   4  16  $12    0.010     5.5033   7072.86   0.1      0.70 186.5  10.06.2026  09:15:10
  1  14   2  15  $12    0.001     2.7968   9523.21   0.0     -1.53   7.1  10.06.2026  09:15:15
  1  14   3  16  $12    0.010    11.2075   8359.07   0.0      3.22   1.3  10.06.2026  09:15:19
  1  15   2  16  $12    0.001     2.6408   8938.09   0.0      0.80  18.7  10.06.2026  09:15:24
  5   9   6  10  $12    0.001     2.7617  11831.02   0.0     -0.28 538.8  10.06.2026  09:15:26
  5   9   7  11  $12    0.010    11.3116  21321.90   0.0      2.24   2.1  10.06.2026  09:15:30
  5   9   8  12  $12    0.010     5.8709   7746.46   0.1      3.70  16.8  10.06.2026  09:15:32
  5  10   6  11  $12    0.001     2.7937  11086.42   0.0      0.80  24.4  10.06.2026  09:15:36
  5  10   7  12  $12    0.010    11.4236  13702.75   0.0      0.80  11.8  10.06.2026  09:15:40
  5  11   6  12  $12    0.001     2.8547  10823.66   0.0      0.37  66.0  10.06.2026  09:15:45
  5  13   6  14  $12    0.001     3.0792  11080.77   0.0     -0.90 341.2  10.06.2026  09:15:47
  5  13   7  15  $12    0.010    13.8172  11838.52   0.0      1.44   5.8  10.06.2026  09:15:51
  5  13   8  16  $12    0.010     7.9389  13274.90   0.0      1.25   0.3  10.06.2026  09:15:53
  5  14   6  15  $12    0.001     3.1622  11193.59   0.0     -0.57  35.0  10.06.2026  09:15:57
  5  14   7  16  $12    0.010    13.7496  11274.79   0.0      1.56   4.6  10.06.2026  09:16:01
  5  15   7  16  $12    0.010    20.9662  10258.96   0.0      3.10   2.2  10.06.2026  09:16:03
  5   1   6   2  $12    0.001     2.6736  11453.66   0.0      0.52 105.8  10.06.2026  09:16:08
  5   1   7   3  $12    0.010    11.3739  21439.25   0.0      2.50   2.8  10.06.2026  09:16:12
  5   1   8   4  $12    0.010     5.8696   7744.72   0.0      1.94  58.1  10.06.2026  09:16:14
  5   2   6   3  $12    0.001     2.8918  14535.86   0.0      1.49  17.6  10.06.2026  09:16:19
  5   2   7   4  $12    0.010    11.6312  36540.39   0.0      1.57   1.6  10.06.2026  09:16:22
  5   3   6   4  $12    0.001     2.8593  26948.18   0.0      1.37  28.0  10.06.2026  09:16:27
  9  13  10  14  $12    0.001     2.7417  11745.54   0.0      2.40  60.3  10.06.2026  09:16:29
  9  13  11  15  $12    0.010    10.7965  20350.93   0.0      3.15   1.4  10.06.2026  09:16:33
  9  13  12  16  $12    0.010     5.3467   7054.78   0.1      1.89 106.7  10.06.2026  09:16:35
  9  14  10  15  $12    0.001     2.8526  11319.99   0.0      0.22 219.0  10.06.2026  09:16:40
  9  14  11  16  $12    0.010    10.8870  13059.10   0.0      3.21   1.2  10.06.2026  09:16:44
  9  15  10  16  $12    0.001     2.6953  10219.27   0.0      2.04   3.3  10.06.2026  09:16:49
  9   1  10   2  $12    0.001     3.0139  10845.69   0.0      1.92  28.2  10.06.2026  09:16:51
  9   1  11   3  $12    0.010    13.9938  11989.88   0.0      4.20   0.2  10.06.2026  09:16:54
  9   1  12   4  $12    0.010     7.9794  13342.62   0.0      3.11   6.8  10.06.2026  09:16:56
  9   2  10   3  $12    0.001     3.1986  11764.42   0.0      3.26   6.8  10.06.2026  09:17:01
  9   2  11   4  $12    0.010    14.0959  12856.56   0.0      3.73   0.8  10.06.2026  09:17:05
  9   3  11   4  $12    0.010    22.3631  11958.42   0.0      5.56   0.1  10.06.2026  09:17:07
  9   5  10   6  $12    0.001     2.7701  11867.29   0.0      1.00  12.5  10.06.2026  09:17:12
  9   5  11   7  $12    0.010    11.3147  21327.69   0.0      2.29   1.3  10.06.2026  09:17:15
  9   5  12   8  $12    0.010     5.8864   7766.87   0.0     -1.71  17.0  10.06.2026  09:17:17
  9   6  10   7  $12    0.001     2.7828  13987.81   0.0      0.08 328.1  10.06.2026  09:17:22
  9   6  11   8  $12    0.010    11.4600  36002.68   0.0      2.98   0.5  10.06.2026  09:17:26
  9   7  10   8  $12    0.001     2.7795  26196.03   0.0      0.10 407.7  10.06.2026  09:17:31
 13   1  14   2  $12    0.001     2.6844   9205.95   0.1     -1.52  92.1  10.06.2026  09:17:33
 13   1  15   3  $12    0.010    11.1490   8454.49   0.0      2.65   1.2  10.06.2026  09:17:36
 13   1  16   4  $12    0.010     5.4929   7059.43   0.0      2.20  21.6  10.06.2026  09:17:38
 13   2  14   3  $12    0.001     2.9095  10063.02   0.0      0.84  17.1  10.06.2026  09:17:43
 13   2  15   4  $12    0.010    11.3917   8815.16   0.0      1.67   0.7  10.06.2026  09:17:47
 13   3  14   4  $12    0.001     2.8761  10050.72   0.0      2.20  14.1  10.06.2026  09:17:52
 13   5  14   6  $12    0.001     3.1042  11170.63   0.0      0.92 102.8  10.06.2026  09:17:54
 13   5  15   7  $12    0.010    13.8374  11855.83   0.0      1.16   3.6  10.06.2026  09:17:58
 13   5  16   8  $12    0.010     7.9445  13284.26   0.0      1.30  10.1  10.06.2026  09:18:00
 13   6  14   7  $12    0.001     3.0767  11316.12   0.0     -0.38  44.6  10.06.2026  09:18:05
 13   6  15   8  $12    0.010    13.8467  12629.25   0.0      1.97   4.6  10.06.2026  09:18:08
 13   7  15   8  $12    0.010    21.3633  11423.79   0.0      2.46   3.1  10.06.2026  09:18:10
 13   9  14  10  $12    0.001     2.7536  11796.27   0.0      0.82   3.2  10.06.2026  09:18:15
 13   9  15  11  $12    0.010    10.8052  20367.24   0.0      3.06   0.4  10.06.2026  09:18:19
 13   9  16  12  $12    0.010     5.3746   7091.57   0.0      1.76 111.0  10.06.2026  09:18:21
 13  10  14  11  $12    0.001     2.7827  13987.60   0.0      1.58  12.4  10.06.2026  09:18:26
 13  10  15  12  $12    0.010    10.9168  34296.04   0.0      1.18   5.9  10.06.2026  09:18:30
 13  11  14  12  $12    0.001     2.8405  26770.91   0.0     -0.14 180.0  10.06.2026  09:18:35
