//C:\Users\user\Desktop\GeoTom\GeoTomE724.ini
//- Cable direction:
//  cable I: normal
//  cable II: normal
//  cable III: normal
//  cable IV: normal
//- Cable arrangement: sequential
//- Optimization: Last measurement
//- Sorting: Multi-level
//- Current levels: 0.001 mA .. 10.0 mA
Type:         Flow
Name:         Hyprop
Comment:      Example of a measurements sequence
Comment:      
Comment:      
Spacing:      1.00000
First El:     0.00000
Nr of points: 180
IP present:   1

  1   2   4   3  $12    0.001    53.0451 999877.06   0.0   -140.74   0.1  17.06.2026  01:10:09
  1   4   2   3  $12    0.001   112.4034 706251.12   0.0    696.17   0.0  17.06.2026  01:10:12
  5   6   8   7  $12    0.001    61.0120 1150049.16   0.0   -226.72   0.1  17.06.2026  01:10:15
  5   8   6   7  $12    0.001   133.4626 838570.42   0.0    535.32   0.0  17.06.2026  01:10:17
  9  10  12  11  $12    0.001    56.6605 1068024.72   0.0   -101.35   0.0  17.06.2026  01:10:19
  9  12  10  11  $12    0.001   159.2187 1000400.49   0.0    529.14   0.2  17.06.2026  01:10:22
 13  14  16  15  $12    0.001    61.4119 1157586.33   0.0   -233.64   0.0  17.06.2026  01:10:24
 13  16  14  15  $12    0.001    97.4409 612238.98   0.0   1002.96   0.0  17.06.2026  01:10:27
  1   5  13   9  $12    0.001    43.8822 3308640.00   0.2     97.21   0.4  17.06.2026  01:10:29
  2   6  14  10  $12    0.001    37.8436 2853339.97   0.0      5.65   0.2  17.06.2026  01:10:32
  3   7  15  11  $12    0.001    34.4228 2595416.41   0.0     -3.14   3.3  17.06.2026  01:10:34
  4   8  16  12  $12    0.001    34.1528 2575063.13   0.0      4.60   4.7  17.06.2026  01:10:37
  5   9   1  13  $12    0.001   101.5767 2552900.57   0.0   -135.40   0.2  17.06.2026  01:10:39
  6  10   2  14  $12    0.001    34.0239 855113.99   0.0     21.46   1.1  17.06.2026  01:10:42
  7  11   3  15  $12    0.001    32.0559 805651.49   0.0      5.60   2.3  17.06.2026  01:10:44
  8  12   4  16  $12    0.001    30.9663 778267.81   0.0      4.90   1.1  17.06.2026  01:10:47
  9  13   5   1  $12    0.001    57.4534 4331884.30   0.0     93.47   0.2  17.06.2026  01:10:49
 10  14   6   2  $12    0.001    37.8997 2857572.43   0.0      3.16   5.7  17.06.2026  01:10:51
 11  15   7   3  $12    0.001    34.2896 2585375.27   0.0      3.12   0.7  17.06.2026  01:10:54
 12  16   8   4  $12    0.001    34.2218 2580263.45   0.0      1.39   5.5  17.06.2026  01:10:56
 13   1   9   5  $12    0.001   109.1012 2742011.22   0.1   -196.25   0.8  17.06.2026  01:10:59
 14   2  10   6  $12    0.001    34.0874 856710.22   0.0     20.31   0.6  17.06.2026  01:11:01
 15   3  11   7  $12    0.001    32.0572 805686.25   0.0      7.09   2.5  17.06.2026  01:11:04
 16   4  12   8  $12    0.001    30.9636 778200.39   0.0      3.26   6.8  17.06.2026  01:11:06
  1   2   5   6  $12    0.001   118.4868 22334239.66   0.0  -2440.34   0.0  17.06.2026  01:11:09
  1   2   6   7  $12    0.001  -116.8942 44068057.19   0.0   -584.67   0.0  17.06.2026  01:11:11
  1   2   7   8  $12    0.001   -16.2447 10717168.64   0.0   -644.49   0.0  17.06.2026  01:11:13
  1   2   9  10  $12    0.001   119.2888 188877492.32   0.1  -2425.38   0.1  17.06.2026  01:11:16
  1   2  10  11  $12    0.001  -142.3881 322074205.63   0.0   -521.80   0.0  17.06.2026  01:11:18
  1   2  11  12  $12    0.001    -1.8807 5849372.33   0.0   -438.18   0.1  17.06.2026  01:11:23
  1   2  13  14  $12    0.001   184.8909 996741614.41   0.0  -1640.89   0.0  17.06.2026  01:11:26
  1   2  14  15  $12    0.001  -145.8635 1000804340.20   0.0   -546.58   0.0  17.06.2026  01:11:28
  1   2  15  16  $12    0.001   -11.2499 96485025.79   0.0   -683.23   0.3  17.06.2026  01:11:30
  1   3   5   7  $12    0.001  -182.6418 6885433.92   1.0   1229.98   1.2  17.06.2026  01:11:33
  1   3   6   8  $12    0.001  -141.7101 11686375.57   0.0   -660.95   0.0  17.06.2026  01:11:35
  1   3   9  11  $12    0.001  -177.0860 66759846.07   0.2   1275.00   0.3  17.06.2026  01:11:37
  1   3  10  12  $12    0.001  -165.3626 90003731.56   0.0   -611.15   0.0  17.06.2026  01:11:40
  1   3  13  15  $12    0.001   -52.3822 69116735.03   3.2   4831.81   3.5  17.06.2026  01:11:42
  1   3  14  16  $12    0.001  -168.2871 283509770.67   0.0   -634.98   0.0  17.06.2026  01:11:45
  2   4   6   8  $12    0.001   -11.5559 435648.35   0.1   -802.54   0.0  17.06.2026  01:11:47
  2   4  10  12  $12    0.001   -15.3857 5800253.98   0.2   -639.07   0.7  17.06.2026  01:11:49
  2   4  14  16  $12    0.001   -14.3848 18980258.48   0.1   -755.04   1.2  17.06.2026  01:11:51
  1   4   5   8  $12    0.001   -97.8470 956340.85   0.4   2481.21   0.4  17.06.2026  01:11:53
  1   4   9  12  $12    0.001  -118.4590 18193993.11   0.3   2012.14   0.3  17.06.2026  01:11:56
  1   4  13  16  $12    0.001   -57.7762 32671670.64   1.9   4353.97   2.0  17.06.2026  01:11:58
  5   6   9  10  $12    0.001   124.5207 23471594.98   0.1  -2332.49   0.1  17.06.2026  01:12:01
  5   6  10  11  $12    0.001  -127.9602 48239859.21   0.0   -518.92   0.0  17.06.2026  01:12:03
  5   6  11  12  $12    0.001    -0.6613 436251.18   0.4  -1043.45   0.4  17.06.2026  01:12:09
  5   6  13  14  $12    0.001   177.1551 280500808.98   0.0  -1703.18   0.0  17.06.2026  01:12:11
  5   6  14  15  $12    0.001  -137.6122 311271466.27   0.0   -528.32   0.0  17.06.2026  01:12:14
  5   6  15  16  $12    0.001   -11.1314 34620700.96   0.0   -644.15   0.1  17.06.2026  01:12:16
  5   6   1   2  $12    0.001   161.6329 30467085.62   0.0  -1846.15   0.0  17.06.2026  01:12:18
  5   6   2   3  $12    0.001  -114.4802 8631602.03   0.0   -575.82   0.1  17.06.2026  01:12:21
  5   6   3   4  $12    0.001    -5.7668 108701.14   0.0   -594.00   0.1  17.06.2026  01:12:23
  5   7   9  11  $12    0.001   -82.6010 3113983.77   1.6   2980.25   1.6  17.06.2026  01:12:25
  5   7  10  12  $12    0.001  -151.8946 12526263.14   0.0   -622.44   0.1  17.06.2026  01:12:27
  5   7  13  15  $12    0.001     5.5461 2090823.22   8.8 -48573.96   9.3  17.06.2026  01:12:30
  5   7  14  16  $12    0.001  -168.3703 91640737.94   0.0   -618.68   0.0  17.06.2026  01:12:32
  5   7   1   3  $12    0.001     7.0092 264241.04   5.9 -38124.52   6.2  17.06.2026  01:12:35
  5   7   2   4  $12    0.001  -133.9691 1578286.25   0.0   -653.17   0.0  17.06.2026  01:12:37
  6   8  10  12  $12    0.001   -13.2787 500594.99   0.0   -771.59   0.0  17.06.2026  01:12:39
  6   8  14  16  $12    0.001   -16.9913 6405558.81   0.2   -650.81   0.8  17.06.2026  01:12:41
  6   8   2   4  $12    0.001   -11.3388 427463.90   0.1   -799.51   0.2  17.06.2026  01:12:43
  5   8   9  12  $12    0.001   -63.3384 619059.38   1.5   3951.72   1.6  17.06.2026  01:12:46
  5   8  13  16  $12    0.001   -17.5296 2692353.07   2.9  14857.11   2.9  17.06.2026  01:12:48
  5   8   1   4  $12    0.001    -8.7356  85380.39   6.8  30276.63   7.2  17.06.2026  01:12:51
  9  10  13  14  $12    0.001   195.9009 36926458.83   0.2  -1560.73   0.2  17.06.2026  01:12:53
  9  10  14  15  $12    0.001  -128.4828 48436861.98   0.0   -485.42   0.1  17.06.2026  01:12:56
  9  10  15  16  $12    0.001   -10.3866 6852366.46   0.0   -663.91   0.0  17.06.2026  01:12:58
  9  10   1   2  $12    0.001   149.5587 236805596.59   0.3  -1977.92   0.2  17.06.2026  01:13:00
  9  10   2   3  $12    0.001  -112.6360 118895790.33   0.0   -520.97   0.0  17.06.2026  01:13:03
  9  10   3   4  $12    0.001    -4.2332 2792777.68   0.0   -590.49   0.0  17.06.2026  01:13:05
  9  10   5   6  $12    0.001   113.9746 21483713.41   0.0  -2528.47   0.0  17.06.2026  01:13:07
  9  10   6   7  $12    0.001  -104.9822 7915470.95   0.0   -536.66   0.0  17.06.2026  01:13:10
  9  10   7   8  $12    0.001   -16.7945 316568.51   0.0   -593.60   0.1  17.06.2026  01:13:12
  9  11  13  15  $12    0.001   -23.0158 867675.36   9.5  11464.60  10.0  17.06.2026  01:13:14
  9  11  14  16  $12    0.001  -169.7520 13998906.41   0.0   -624.40   0.0  17.06.2026  01:13:17
  9  11   1   3  $12    0.001   -74.4326 28060421.56   0.9   3329.65   0.9  17.06.2026  01:13:19
  9  11   2   4  $12    0.001  -141.5088 35009330.87   0.0   -628.95   0.0  17.06.2026  01:13:21
  9  11   5   7  $12    0.001   -97.3444 3669795.95   0.4   2495.15   0.5  17.06.2026  01:13:24
  9  11   6   8  $12    0.001  -144.0886 1697504.18   0.0   -652.19   0.0  17.06.2026  01:13:26
 10  12  14  16  $12    0.001   -16.7880 632890.91   0.1   -719.26   0.2  17.06.2026  01:13:28
 10  12   2   4  $12    0.001   -15.5880 5876524.46   0.0   -647.13   0.1  17.06.2026  01:13:30
 10  12   6   8  $12    0.001   -13.5813 512002.97   0.0   -778.37   0.1  17.06.2026  01:13:32
  9  12  13  16  $12    0.001   -31.8443 311241.10   1.2   8070.61   1.2  17.06.2026  01:13:35
  9  12   1   4  $12    0.001   -68.4167 10508046.58   0.7   3641.06   0.8  17.06.2026  01:13:38
  9  12   5   8  $12    0.001  -109.3095 1068373.56   0.2   2198.48   0.2  17.06.2026  01:13:40
 13  14   1   2  $12    0.001   140.8177 759144366.04   0.2  -2087.37   0.1  17.06.2026  01:13:42
 13  14   2   3  $12    0.001  -146.4392 607269175.59   0.0   -538.67   0.0  17.06.2026  01:13:45
 13  14   3   4  $12    0.001    -4.9728 15466311.56   0.0   -666.03   0.0  17.06.2026  01:13:47
 13  14   5   6  $12    0.001    96.5873 152932662.64   0.0  -2945.04   0.0  17.06.2026  01:13:49
 13  14   6   7  $12    0.001  -140.5147 148323786.18   0.0   -534.47   0.0  17.06.2026  01:13:52
 13  14   7   8  $12    0.001   -19.7738 13045468.51   0.0   -609.12   0.0  17.06.2026  01:13:54
 13  14   9  10  $12    0.001   120.4830 22710507.88   0.0  -2403.47   0.0  17.06.2026  01:13:56
 13  14  10  11  $12    0.001  -165.9715 12513959.43   0.0   -473.87   0.1  17.06.2026  01:13:59
 13  14  11  12  $12    0.001    -5.8751 110742.90   0.1   -531.92   0.6  17.06.2026  01:14:01
 13  15   1   3  $12    0.001  -262.5186 346385095.87   0.0    590.63   0.3  17.06.2026  01:14:03
 13  15   2   4  $12    0.001  -159.5814 161306061.21   0.0   -629.34   0.0  17.06.2026  01:14:06
 13  15   5   7  $12    0.001  -197.1801 74335163.40   0.3   1123.23   0.4  17.06.2026  01:14:08
 13  15   6   8  $12    0.001  -161.9952 40077681.37   0.0   -608.54   0.1  17.06.2026  01:14:11
 13  15   9  11  $12    0.001  -169.6480 6395579.29   1.0   1340.61   1.2  17.06.2026  01:14:13
 13  15  10  12  $12    0.001  -185.6178 2186757.83   0.0   -587.42   0.0  17.06.2026  01:14:16
 14  16   2   4  $12    0.001   -14.4637 19084343.77   0.7   -738.76   1.7  17.06.2026  01:14:18
 14  16   6   8  $12    0.001   -16.9587 6393292.80   0.1   -667.95   0.4  17.06.2026  01:14:20
 14  16  10  12  $12    0.001   -16.3787 617461.81   0.0   -724.21   0.1  17.06.2026  01:14:22
 13  16   1   4  $12    0.001  -183.8728 103977631.50   1.8   1221.00   2.1  17.06.2026  01:14:24
 13  16   5   8  $12    0.001  -202.0894 31038706.73   0.2   1090.73   0.3  17.06.2026  01:14:27
 13  16   9  12  $12    0.001  -152.6403 1491882.72   0.0   1513.50   0.0  17.06.2026  01:14:29
  1   5   2   6  $12    0.001   263.6742 1129577.56   0.0    236.47   0.1  17.06.2026  01:14:32
  1   5   3   7  $12    0.001   145.1216 2735478.43   0.0    -12.59   0.1  17.06.2026  01:14:34
  1   5   4   8  $12    0.001    73.8224 974063.08   0.0      5.44   0.3  17.06.2026  01:14:37
  1   6   2   7  $12    0.001   263.6742 1046345.53   0.0    227.08   0.0  17.06.2026  01:14:39
  1   6   3   8  $12    0.001   113.0854 1356478.94   0.0     44.19   0.2  17.06.2026  01:14:41
  1   7   2   8  $12    0.001   233.8538 886674.80   0.0    333.89   0.0  17.06.2026  01:14:44
  1   9   2  10  $12    0.001   263.6742 948845.15   0.0    225.63   0.3  17.06.2026  01:14:46
  1   9   3  11  $12    0.001   190.2379 1629954.55   0.0    -15.21   0.4  17.06.2026  01:14:49
  1   9   4  12  $12    0.001   113.8741 1904131.88   0.0    -18.52   1.2  17.06.2026  01:14:51
  1  10   2  11  $12    0.001   263.6742 933359.86   0.0    219.60   0.0  17.06.2026  01:14:54
  1  10   3  12  $12    0.001   188.2735 1543859.68   0.0    -83.73   0.0  17.06.2026  01:14:56
  1  11   3  12  $12    0.001   244.9883 1198752.13   0.0    -77.81   0.1  17.06.2026  01:14:59
  1  13   2  14  $12    0.001   263.6742 904236.89   0.0    196.44   0.0  17.06.2026  01:15:01
  1  13   3  15  $12    0.001   143.7403 1090004.97   0.0    -19.34   0.1  17.06.2026  01:15:04
  1  13   4  16  $12    0.001    77.8767 1000869.30   0.0    -13.84   0.3  17.06.2026  01:15:06
  1  14   2  15  $12    0.001   263.6742 897831.97   0.0    188.66   0.0  17.06.2026  01:15:08
  1  14   3  16  $12    0.001   128.8691 961164.83   0.0    -18.97   0.0  17.06.2026  01:15:11
  1  15   2  16  $12    0.001   246.9358 835776.26   0.0    303.95   0.2  17.06.2026  01:15:13
  5   9   6  10  $12    0.001   263.6742 1129577.56   0.0    257.68   0.0  17.06.2026  01:15:16
  5   9   7  11  $12    0.001   153.5349 2894065.29   0.0     -6.22   0.9  17.06.2026  01:15:18
  5   9   8  12  $12    0.001    79.9861 1055391.60   0.0      3.92   2.4  17.06.2026  01:15:21
  5  10   6  11  $12    0.001   263.6742 1046345.53   0.0    180.07   0.2  17.06.2026  01:15:23
  5  10   7  12  $12    0.001   151.6859 1819498.32   0.0    -82.92   0.0  17.06.2026  01:15:26
  5  11   6  12  $12    0.001   263.6742 999741.06   0.0    242.80   0.0  17.06.2026  01:15:28
  5  13   6  14  $12    0.001   263.6742 948845.15   0.0    219.77   0.1  17.06.2026  01:15:31
  5  13   7  15  $12    0.001   176.0608 1508485.23   0.0     -8.12   0.4  17.06.2026  01:15:33
  5  13   8  16  $12    0.001   108.4957 1814198.67   0.0     -9.01   1.1  17.06.2026  01:15:36
  5  14   6  15  $12    0.001   263.6742 933359.86   0.0    208.56   0.0  17.06.2026  01:15:38
  5  14   7  16  $12    0.001   160.6025 1316954.84   0.0    -14.05   0.0  17.06.2026  01:15:41
  5  15   7  16  $12    0.001   200.0441 978835.74   0.0    -14.96   0.0  17.06.2026  01:15:43
  5   1   6   2  $12    0.001   263.6742 1129577.56   0.0    203.97   0.0  17.06.2026  01:15:45
  5   1   7   3  $12    0.001   145.3370 2739538.26   0.0    -12.52   0.0  17.06.2026  01:15:48
  5   1   8   4  $12    0.001    73.9391 975603.48   0.0      5.15   0.4  17.06.2026  01:15:50
  5   2   6   3  $12    0.001   263.6742 1325371.00   0.0    222.20   0.1  17.06.2026  01:15:53
  5   2   7   4  $12    0.001   116.8329 3670414.58   0.0     12.43   0.3  17.06.2026  01:15:55
  5   3   6   4  $12    0.001   251.4430 2369794.63   0.0    293.68   0.3  17.06.2026  01:15:58
  9  13  10  14  $12    0.001   263.6742 1129577.56   0.0    258.96   0.4  17.06.2026  01:16:00
  9  13  11  15  $12    0.001   156.1178 2942752.06   0.0      0.04  55.3  17.06.2026  01:16:03
  9  13  12  16  $12    0.001    83.9624 1107857.60   0.0     37.91   0.1  17.06.2026  01:16:05
  9  14  10  15  $12    0.001   263.6742 1046345.53   0.0    247.22   0.0  17.06.2026  01:16:08
  9  14  11  16  $12    0.001   127.0468 1523948.68   0.0     65.86   0.1  17.06.2026  01:16:10
  9  15  10  16  $12    0.001   263.6742 999741.06   0.0    369.99   0.1  17.06.2026  01:16:13
  9   1  10   2  $12    0.001   263.6742 948845.15   0.0    217.64   0.0  17.06.2026  01:16:15
  9   1  11   3  $12    0.001   190.5054 1632246.41   0.0    -15.19   0.1  17.06.2026  01:16:18
  9   1  12   4  $12    0.001   114.0202 1906575.84   0.0    -17.80   0.4  17.06.2026  01:16:20
  9   2  10   3  $12    0.001   263.6742 969783.66   0.0    303.11   0.1  17.06.2026  01:16:22
  9   2  11   4  $12    0.001   146.4287 1335539.58   0.0     67.49   0.1  17.06.2026  01:16:25
  9   3  11   4  $12    0.001   179.8755 961864.85   0.0     61.37   0.1  17.06.2026  01:16:27
  9   5  10   6  $12    0.001   263.6742 1129577.56   0.0    240.96   0.0  17.06.2026  01:16:30
  9   5  11   7  $12    0.001   153.7174 2897504.71   0.0     -6.00   0.9  17.06.2026  01:16:32
  9   5  12   8  $12    0.001    80.1327 1057325.50   0.0      4.77   3.3  17.06.2026  01:16:35
  9   6  10   7  $12    0.001   263.6742 1325371.00   0.0    281.42   0.2  17.06.2026  01:16:37
  9   6  11   8  $12    0.001   102.4671 3219099.52   0.0    173.74   0.0  17.06.2026  01:16:40
  9   7  10   8  $12    0.001   255.3595 2406706.73   0.0    385.26   0.0  17.06.2026  01:16:42
 13   1  14   2  $12    0.001   263.6742 904236.89   0.0    184.41   0.3  17.06.2026  01:16:45
 13   1  15   3  $12    0.001   143.9222 1091384.27   0.0    -18.99   0.1  17.06.2026  01:16:47
 13   1  16   4  $12    0.001    77.9961 1002403.50   0.0    -13.69   0.1  17.06.2026  01:16:49
 13   2  14   3  $12    0.001   250.0645 864881.56   0.0    309.10   0.1  17.06.2026  01:16:52
 13   2  15   4  $12    0.001   108.1260 836704.52   0.0     57.16   0.0  17.06.2026  01:16:54
 13   3  14   4  $12    0.001   207.5656 725354.67   0.0    494.77   0.2  17.06.2026  01:16:57
 13   5  14   6  $12    0.001   263.6742 948845.15   0.0    211.21   0.1  17.06.2026  01:16:59
 13   5  15   7  $12    0.001   176.2398 1510019.43   0.0     -8.52   0.2  17.06.2026  01:17:02
 13   5  16   8  $12    0.001   108.6324 1816484.23   0.0     -9.27   1.0  17.06.2026  01:17:04
 13   6  14   7  $12    0.001   263.6727 969778.22   0.0    351.52   0.0  17.06.2026  01:17:07
 13   6  15   8  $12    0.001   128.8178 1174915.46   0.0     99.53   0.0  17.06.2026  01:17:09
 13   7  15   8  $12    0.001   165.6302 885689.71   0.0     66.26   0.0  17.06.2026  01:17:12
 13   9  14  10  $12    0.001   263.6742 1129577.56   0.0    254.91   0.0  17.06.2026  01:17:14
 13   9  15  11  $12    0.001   156.3479 2947087.83   0.0     -0.12  24.2  17.06.2026  01:17:17
 13   9  16  12  $12    0.001    84.0018 1108377.89   0.0     39.16   0.1  17.06.2026  01:17:19
 13  10  14  11  $12    0.001   263.6742 1325371.00   0.0    221.24   0.0  17.06.2026  01:17:22
 13  10  15  12  $12    0.001   145.3574 4566537.73   0.0    -62.29   0.0  17.06.2026  01:17:24
 13  11  14  12  $12    0.001   244.7757 2306956.52   0.0    392.97   0.2  17.06.2026  01:17:27
