//C:\Users\user\Desktop\GeoTom\GeoTomE724.ini
//- Cable direction:
//  cable I: normal
//  cable II: normal
//  cable III: normal
//  cable IV: normal
//- Cable arrangement: sequential
//- Optimization: Last measurement
//- Sorting: Multi-level
//- Current levels: 0.001 mA .. 10.0 mA
Type:         Flow
Name:         Hyprop
Comment:      Example of a measurements sequence
Comment:      
Comment:      
Spacing:      1.00000
First El:     0.00000
Nr of points: 180
IP present:   1

  1   2   4   3  $12    0.001     3.3109  62409.89   0.0     15.83   0.7  13.06.2026  08:10:08
  1   4   2   3  $12    0.001     8.2111  51591.90   0.0     13.70   0.3  13.06.2026  08:10:10
  5   6   8   7  $12    0.001     2.9785  56142.97   0.0     -0.89  37.0  13.06.2026  08:10:12
  5   8   6   7  $12    0.001     8.2007  51526.78   0.0     11.75   7.4  13.06.2026  08:10:14
  9  10  12  11  $12    0.001     2.8568  53848.77   0.3     13.00  23.4  13.06.2026  08:10:16
  9  12  10  11  $12    0.001     8.0413  50525.03   0.0      9.64   1.4  13.06.2026  08:10:18
 13  14  16  15  $12    0.001     2.7125  51129.51   0.0      3.72  15.4  13.06.2026  08:10:20
 13  16  14  15  $12    0.001     8.1111  50963.26   0.0     11.10   1.0  13.06.2026  08:10:23
  1   5  13   9  $12    0.010    19.4838 146904.20   0.0      7.65   0.6  13.06.2026  08:10:26
  2   6  14  10  $12    0.010    16.2097 122218.12   0.0      8.90   0.4  13.06.2026  08:10:28
  3   7  15  11  $12    0.010    17.3826 131061.97   0.0      8.60   0.5  13.06.2026  08:10:30
  4   8  16  12  $12    0.010    21.9249 165309.54   0.0      8.91   0.8  13.06.2026  08:10:32
  5   9   1  13  $12    0.010    20.5096  51546.21   0.0      5.07   3.1  13.06.2026  08:10:34
  6  10   2  14  $12    0.010    16.9655  42639.04   0.0      8.63   5.1  13.06.2026  08:10:36
  7  11   3  15  $12    0.010    18.8272  47317.80   0.0      7.92   0.7  13.06.2026  08:10:38
  8  12   4  16  $12    0.001     2.3645  59425.95   0.0      5.70   5.5  13.06.2026  08:10:43
  9  13   5   1  $12    0.010    19.4655 146766.33   0.0      8.65   0.7  13.06.2026  08:10:47
 10  14   6   2  $12    0.010    16.2540 122552.40   0.0      7.99   3.4  13.06.2026  08:10:49
 11  15   7   3  $12    0.010    17.3583 130878.75   0.0      7.89   0.6  13.06.2026  08:10:51
 12  16   8   4  $12    0.010    21.9479 165483.43   0.0      7.76   4.8  13.06.2026  08:10:53
 13   1   9   5  $12    0.010    20.5734  51706.62   0.0      4.23  10.0  13.06.2026  08:10:55
 14   2  10   6  $12    0.010    16.9580  42620.19   0.0      6.74   1.0  13.06.2026  08:10:57
 15   3  11   7  $12    0.010    18.8594  47398.86   0.0      6.80   0.9  13.06.2026  08:11:00
 16   4  12   8  $12    0.001     2.3613  59345.89   0.0      4.69   0.3  13.06.2026  08:11:05
  1   2   5   6  $12    0.010     2.4219  45652.47   0.0     -0.85  54.0  13.06.2026  08:11:08
  1   2   6   7  $12    0.010     2.0292  76498.02   0.1     -0.17  51.7  13.06.2026  08:11:10
  1   2   7   8  $12    0.100    14.5767  96167.24   0.0      1.45   0.9  13.06.2026  08:11:14
  1   2   9  10  $12    0.100    10.6868 169210.48   0.0     -0.02 439.4  13.06.2026  08:11:16
  1   2  10  11  $12    0.100     8.9032 201386.06   0.0      1.89  98.3  13.06.2026  08:11:18
  1   2  11  12  $12    0.100     6.8984 214552.05   0.0      5.35   2.1  13.06.2026  08:11:20
  1   2  13  14  $12    0.010     2.5622 1381273.46   0.0     -3.63   4.4  13.06.2026  08:11:25
  1   2  14  15  $12    0.010     2.1796 1495501.45   0.0      4.22  16.5  13.06.2026  08:11:27
  1   2  15  16  $12    0.100    13.8074 1184194.78   0.0     -0.75   5.7  13.06.2026  08:11:31
  1   3   5   7  $12    0.010     8.2535  31115.13   0.0      5.25   0.8  13.06.2026  08:11:36
  1   3   6   8  $12    0.010     6.9719  57495.35   0.0      5.07   0.6  13.06.2026  08:11:38
  1   3   9  11  $12    0.010     3.6872 139004.10   0.0     -1.40  43.4  13.06.2026  08:11:40
  1   3  10  12  $12    0.010     3.0455 165760.14   0.4      7.07  32.4  13.06.2026  08:11:42
  1   3  13  15  $12    0.010     8.7250 1151234.68   0.0      5.75   7.8  13.06.2026  08:11:44
  1   3  14  16  $12    0.010     7.0301 1184341.95   0.0      3.24   3.9  13.06.2026  08:11:46
  2   4   6   8  $12    0.010     6.7600  25484.70   0.0      7.51   5.3  13.06.2026  08:11:48
  2   4  10  12  $12    0.010     2.7070 102053.20   0.0      2.25  49.5  13.06.2026  08:11:50
  2   4  14  16  $12    0.010     6.7115 885566.94   0.0      3.44   7.6  13.06.2026  08:11:52
  1   4   5   8  $12    0.010    15.9559  15595.05   0.0      7.08   0.5  13.06.2026  08:11:54
  1   4   9  12  $12    0.010     7.0420 108157.03   0.0      7.37   2.5  13.06.2026  08:11:56
  1   4  13  16  $12    0.010    16.2932 921356.23   0.0      6.32   0.7  13.06.2026  08:11:58
  5   6   9  10  $12    0.010     2.5673  48392.47   0.0     10.15   5.4  13.06.2026  08:12:00
  5   6  10  11  $12    0.010     2.0098  75766.80   0.1    -12.16   7.1  13.06.2026  08:12:03
  5   6  11  12  $12    0.100    14.0791  92884.71   0.0      7.62   0.4  13.06.2026  08:12:06
  5   6  13  14  $12    0.100     9.7580 154504.10   0.0      2.78   7.9  13.06.2026  08:12:08
  5   6  14  15  $12    0.100     8.9980 203529.71   0.0      5.49   1.1  13.06.2026  08:12:10
  5   6  15  16  $12    0.100     6.0883 189356.72   0.0      1.11  11.6  13.06.2026  08:12:12
  5   6   1   2  $12    0.010     2.4321  45843.27   0.0     -2.48  21.1  13.06.2026  08:12:17
  5   6   2   3  $12    0.100    19.1037  14403.82   0.0      4.75   1.1  13.06.2026  08:12:21
  5   6   3   4  $12    0.100    14.2284   2681.99   0.0      6.22   1.3  13.06.2026  08:12:23
  5   7   9  11  $12    0.010     8.7431  32960.72   0.0      6.31   1.6  13.06.2026  08:12:28
  5   7  10  12  $12    0.010     7.0167  57864.26   0.0     10.25   3.3  13.06.2026  08:12:30
  5   7  13  15  $12    0.010     3.6822 138816.46   0.0      5.28   4.4  13.06.2026  08:12:32
  5   7  14  16  $12    0.010     3.0098 163816.42   0.0      0.41  97.3  13.06.2026  08:12:34
  5   7   1   3  $12    0.010     8.2271  31015.58   0.0      6.49   0.8  13.06.2026  08:12:36
  5   7   2   4  $12    0.010     6.9277   8161.49   0.0      7.76  26.4  13.06.2026  08:12:38
  6   8  10  12  $12    0.010     6.6537  25083.81   0.0      7.21   1.2  13.06.2026  08:12:40
  6   8  14  16  $12    0.010     2.6794 101011.87   0.0     -2.85  13.9  13.06.2026  08:12:42
  6   8   2   4  $12    0.010     6.7568  25472.37   0.0      9.88   1.8  13.06.2026  08:12:44
  5   8   9  12  $12    0.010    16.2415  15874.15   0.0      7.95   2.7  13.06.2026  08:12:47
  5   8  13  16  $12    0.010     6.7907 104297.30   0.0      5.82   1.4  13.06.2026  08:12:49
  5   8   1   4  $12    0.010    15.9653  15604.20   0.0      7.27   1.8  13.06.2026  08:12:51
  9  10  13  14  $12    0.010     3.0882  58210.41   0.0      3.86  24.1  13.06.2026  08:12:53
  9  10  14  15  $12    0.010     2.5116  94683.71   0.0     -0.63  44.6  13.06.2026  08:12:55
  9  10  15  16  $12    0.100    13.8661  91479.53   0.0      3.19   0.6  13.06.2026  08:12:59
  9  10   1   2  $12    0.100    10.7266 169840.80   0.0     -1.14  75.4  13.06.2026  08:13:01
  9  10   2   3  $12    0.100     9.2169  97291.42   0.0      6.58   5.0  13.06.2026  08:13:03
  9  10   3   4  $12    0.100     7.8048  51490.69   0.0      2.31   3.9  13.06.2026  08:13:05
  9  10   5   6  $12    0.010     2.5827  48682.62   0.0      1.26  21.0  13.06.2026  08:13:09
  9  10   6   7  $12    0.010     2.2609  17046.95   0.0      7.88   5.3  13.06.2026  08:13:11
  9  10   7   8  $12    0.100    14.7726   2784.58   0.0      6.82   0.0  13.06.2026  08:13:15
  9  11  13  15  $12    0.010    10.1418  38233.80   0.0      4.00   1.4  13.06.2026  08:13:20
  9  11  14  16  $12    0.010     7.5554  62306.86   0.0      4.65   0.8  13.06.2026  08:13:22
  9  11   1   3  $12    0.010     3.7254 140442.84   0.0      4.76   5.1  13.06.2026  08:13:24
  9  11   2   4  $12    0.010     3.1986  79132.83   0.4      2.64 263.5  13.06.2026  08:13:26
  9  11   5   7  $12    0.010     8.7637  33038.47   0.0      5.80   2.3  13.06.2026  08:13:28
  9  11   6   8  $12    0.010     7.2473   8538.01   0.0      8.13   0.9  13.06.2026  08:13:30
 10  12  14  16  $12    0.010     6.8898  25973.84   0.0      6.58   1.0  13.06.2026  08:13:32
 10  12   2   4  $12    0.010     2.7007 101812.62   0.0     -0.57  10.7  13.06.2026  08:13:34
 10  12   6   8  $12    0.010     6.6570  25096.18   0.0      9.18   1.0  13.06.2026  08:13:36
  9  12  13  16  $12    0.010    17.7520  17350.55   0.0      6.64   0.1  13.06.2026  08:13:39
  9  12   1   4  $12    0.010     7.0564 108378.97   0.0      6.31   0.9  13.06.2026  08:13:41
  9  12   5   8  $12    0.010    16.2895  15921.10   0.0      8.53   0.5  13.06.2026  08:13:43
 13  14   1   2  $12    0.010     2.5646 1382595.35   0.0      7.90   7.4  13.06.2026  08:13:45
 13  14   2   3  $12    0.010     2.0296 841660.75   0.1     -9.09  26.5  13.06.2026  08:13:47
 13  14   3   4  $12    0.100    15.2239 473491.21   0.0      4.14   2.0  13.06.2026  08:13:51
 13  14   5   6  $12    0.100     9.7679 154660.56   0.0      3.98   3.3  13.06.2026  08:13:53
 13  14   6   7  $12    0.100     9.2463  97602.02   0.0      5.44   1.6  13.06.2026  08:13:55
 13  14   7   8  $12    0.100     7.1965  47477.50   0.0      5.96   3.8  13.06.2026  08:13:57
 13  14   9  10  $12    0.010     3.1026  58482.20   0.0     -0.29  78.8  13.06.2026  08:14:02
 13  14  10  11  $12    0.010     2.3440  17673.48   0.0     -7.90  13.7  13.06.2026  08:14:04
 13  14  11  12  $12    0.100    15.9822   3012.58   0.0      6.19   0.5  13.06.2026  08:14:08
 13  15   1   3  $12    0.010     8.7662 1156668.46   0.0      5.72   1.3  13.06.2026  08:14:13
 13  15   2   4  $12    0.010     7.3643 744388.43   0.0      1.22  41.7  13.06.2026  08:14:15
 13  15   5   7  $12    0.010     3.6952 139306.70   0.0      2.71  36.1  13.06.2026  08:14:17
 13  15   6   8  $12    0.010     3.2460  80306.69   0.0      3.75   2.4  13.06.2026  08:14:19
 13  15   9  11  $12    0.010    10.1450  38245.69   0.0      5.45   1.9  13.06.2026  08:14:21
 13  15  10  12  $12    0.010     7.9725   9392.34   0.0      5.18  25.9  13.06.2026  08:14:23
 14  16   2   4  $12    0.010     6.7321 888276.92   0.1      7.19   9.6  13.06.2026  08:14:25
 14  16   6   8  $12    0.010     2.6944 101577.96   0.2      4.20  37.8  13.06.2026  08:14:27
 14  16  10  12  $12    0.010     6.9102  26050.95   0.0      6.13   0.9  13.06.2026  08:14:29
 13  16   1   4  $12    0.010    16.3317 923538.64   0.0      7.80   1.2  13.06.2026  08:14:31
 13  16   5   8  $12    0.010     6.8044 104507.33   0.0      6.42   0.6  13.06.2026  08:14:33
 13  16   9  12  $12    0.010    17.7586  17356.99   0.0      6.46   0.9  13.06.2026  08:14:35
  1   5   2   6  $12    0.001    12.2116  52314.32   0.0     13.76   0.4  13.06.2026  08:14:40
  1   5   3   7  $12    0.001     5.2752  99435.85   0.0      9.63   2.8  13.06.2026  08:14:42
  1   5   4   8  $12    0.001     2.7863  36764.03   0.2     -0.84 210.1  13.06.2026  08:14:44
  1   6   2   7  $12    0.001    13.5473  53760.28   0.0     16.15   1.2  13.06.2026  08:14:47
  1   6   3   8  $12    0.001     5.7804  69337.10   0.0      8.93  10.3  13.06.2026  08:14:48
  1   7   2   8  $12    0.001    13.7878  52277.61   0.0     11.57   0.2  13.06.2026  08:14:51
  1   9   2  10  $12    0.001    13.2078  47528.93   0.0     10.53   0.4  13.06.2026  08:14:53
  1   9   3  11  $12    0.001     6.2561  53602.33   0.0      8.09   1.2  13.06.2026  08:14:55
  1   9   4  12  $12    0.001     3.7678  63002.48   0.0      3.67  17.7  13.06.2026  08:14:57
  1  10   2  11  $12    0.001    14.6549  51875.58   0.0     14.44   1.3  13.06.2026  08:14:59
  1  10   3  12  $12    0.001     7.0599  57891.62   0.0      8.49   0.9  13.06.2026  08:15:01
  1  11   3  12  $12    0.001    11.4850  56197.21   0.0      5.92   0.8  13.06.2026  08:15:03
  1  13   2  14  $12    0.001    11.8603  40673.48   0.0     12.57   0.6  13.06.2026  08:15:05
  1  13   3  15  $12    0.001     4.9563  37584.26   0.0     10.93   2.5  13.06.2026  08:15:07
  1  13   4  16  $12    0.001     2.6631  34226.72   0.0      2.39  35.7  13.06.2026  08:15:09
  1  14   2  15  $12    0.001    12.9456  44080.66   0.0     11.17   2.3  13.06.2026  08:15:11
  1  14   3  16  $12    0.001     5.6314  42001.55   0.0     11.31   0.4  13.06.2026  08:15:13
  1  15   2  16  $12    0.001    13.6170  46087.84   0.0     11.65   0.6  13.06.2026  08:15:15
  5   9   6  10  $12    0.001    11.8109  50597.83   0.0     16.40   1.1  13.06.2026  08:15:17
  5   9   7  11  $12    0.001     5.0021  94288.28   0.0      9.25   0.5  13.06.2026  08:15:19
  5   9   8  12  $12    0.001     2.7069  35716.96   0.0      3.93   3.9  13.06.2026  08:15:21
  5  10   6  11  $12    0.001    13.4674  53443.00   0.0     10.10   0.2  13.06.2026  08:15:23
  5  10   7  12  $12    0.001     5.8035  69614.14   0.0      6.78   2.2  13.06.2026  08:15:25
  5  11   6  12  $12    0.001    14.0921  53431.28   0.0     10.19   0.5  13.06.2026  08:15:27
  5  13   6  14  $12    0.001    13.8052  49678.61   0.0      9.86   4.6  13.06.2026  08:15:29
  5  13   7  15  $12    0.001     6.4292  55084.99   0.0      5.78   2.0  13.06.2026  08:15:31
  5  13   8  16  $12    0.001     3.9141  65449.60   0.0      5.73   3.6  13.06.2026  08:15:33
  5  14   6  15  $12    0.001    14.7151  52089.01   0.0     11.81   2.5  13.06.2026  08:15:36
  5  14   7  16  $12    0.001     7.1297  58464.49   0.0      5.75  22.6  13.06.2026  08:15:38
  5  15   7  16  $12    0.001    11.3842  55703.80   0.0      9.90   0.1  13.06.2026  08:15:40
  5   1   6   2  $12    0.001    12.1964  52249.32   0.0     14.59   0.6  13.06.2026  08:15:42
  5   1   7   3  $12    0.001     5.2615  99177.50   0.0     10.99   0.8  13.06.2026  08:15:44
  5   1   8   4  $12    0.001     2.8029  36983.18   0.0      1.24  20.0  13.06.2026  08:15:46
  5   2   6   3  $12    0.001    14.1869  71311.30   0.0     10.78   0.7  13.06.2026  08:15:48
  5   2   7   4  $12    0.001     5.9148 185820.49   0.0      7.03   1.8  13.06.2026  08:15:50
  5   3   6   4  $12    0.001    14.3260 135019.13   0.0     10.55   1.7  13.06.2026  08:15:52
  9  13  10  14  $12    0.001    11.3625  48676.67   0.0     10.12   0.6  13.06.2026  08:15:54
  9  13  11  15  $12    0.001     4.5310  85407.37   0.0     10.24   2.3  13.06.2026  08:15:56
  9  13  12  16  $12    0.001     2.4530  32366.40   0.0      5.93   5.5  13.06.2026  08:15:58
  9  14  10  15  $12    0.001    12.5430  49774.82   0.0      9.92   4.1  13.06.2026  08:16:00
  9  14  11  16  $12    0.001     5.2808  63343.60   0.0      5.60   7.0  13.06.2026  08:16:02
  9  15  10  16  $12    0.001    13.1921  50018.90   0.0     10.61   1.0  13.06.2026  08:16:04
  9   1  10   2  $12    0.001    13.2290  47605.18   0.0     10.86   1.0  13.06.2026  08:16:06
  9   1  11   3  $12    0.001     6.2745  53759.36   0.0      6.32   1.8  13.06.2026  08:16:08
  9   1  12   4  $12    0.001     3.7551  62790.64   0.0      4.13   3.9  13.06.2026  08:16:10
  9   2  10   3  $12    0.001    15.0830  55474.64   0.0     15.38   0.2  13.06.2026  08:16:12
  9   2  11   4  $12    0.001     6.9222  63135.44   0.0     12.26   0.8  13.06.2026  08:16:15
  9   3  11   4  $12    0.001    11.4833  61405.66   0.0     16.28   1.3  13.06.2026  08:16:17
  9   5  10   6  $12    0.001    11.8460  50748.17   0.0     13.35   1.4  13.06.2026  08:16:19
  9   5  11   7  $12    0.001     5.0111  94456.96   0.0     10.60   2.0  13.06.2026  08:16:21
  9   5  12   8  $12    0.001     2.7015  35645.61   0.0      2.41  11.6  13.06.2026  08:16:23
  9   6  10   7  $12    0.001    13.2838  66771.65   0.0     12.78   5.5  13.06.2026  08:16:25
  9   6  11   8  $12    0.001     5.5575 174592.78   0.0     15.98   2.4  13.06.2026  08:16:27
  9   7  10   8  $12    0.001    13.5110 127338.26   0.0     11.36   0.9  13.06.2026  08:16:29
 13   1  14   2  $12    0.001    11.8823  40748.77   0.0     14.91   1.0  13.06.2026  08:16:31
 13   1  15   3  $12    0.001     4.9776  37746.12   0.0     10.84   0.5  13.06.2026  08:16:33
 13   1  16   4  $12    0.001     2.6998  34697.80   0.0     -0.23 206.1  13.06.2026  08:16:35
 13   2  14   3  $12    0.001    13.9169  48133.48   0.0     12.75   4.2  13.06.2026  08:16:37
 13   2  15   4  $12    0.001     5.6489  43712.44   0.0      7.97   0.4  13.06.2026  08:16:39
 13   3  14   4  $12    0.001    14.0983  49267.51   0.0     10.23   3.5  13.06.2026  08:16:41
 13   5  14   6  $12    0.001    13.8250  49749.88   0.0     12.39   1.4  13.06.2026  08:16:43
 13   5  15   7  $12    0.001     6.4331  55118.93   0.0     10.00   3.3  13.06.2026  08:16:45
 13   5  16   8  $12    0.001     3.9256  65640.77   0.0      8.86   5.2  13.06.2026  08:16:47
 13   6  14   7  $12    0.001    15.0743  55442.77   0.0     10.94   0.3  13.06.2026  08:16:49
 13   6  15   8  $12    0.001     6.9546  63431.06   0.0      9.03  11.6  13.06.2026  08:16:51
 13   7  15   8  $12    0.001    11.2787  60311.77   0.0     11.46   0.3  13.06.2026  08:16:53
 13   9  14  10  $12    0.001    11.3796  48749.93   0.0     11.64   6.2  13.06.2026  08:16:55
 13   9  15  11  $12    0.001     4.5482  85732.29   0.0      9.12   2.3  13.06.2026  08:16:57
 13   9  16  12  $12    0.001     2.4589  32444.94   0.0      2.78  23.4  13.06.2026  08:16:59
 13  10  14  11  $12    0.001    13.0105  65397.96   0.0     13.10   1.4  13.06.2026  08:17:01
 13  10  15  12  $12    0.001     5.3291 167419.83   0.0      9.07   1.4  13.06.2026  08:17:03
 13  11  14  12  $12    0.001    13.5940 128120.14   0.0     11.73   0.4  13.06.2026  08:17:05
