//C:\Users\user\Desktop\GeoTom\GeoTomE724.ini
//- Cable direction:
//  cable I: normal
//  cable II: normal
//  cable III: normal
//  cable IV: normal
//- Cable arrangement: sequential
//- Optimization: Last measurement
//- Sorting: Multi-level
//- Current levels: 0.001 mA .. 10.0 mA
Type:         Flow
Name:         Hyprop
Comment:      Example of a measurements sequence
Comment:      
Comment:      
Spacing:      1.00000
First El:     0.00000
Nr of points: 180
IP present:   1

  1   2   4   3  $12    0.001     6.0837 114675.33   0.0      6.68   1.6  14.06.2026  10:10:08
  1   4   2   3  $12    0.001    23.9157 150266.78   0.0      6.24   0.7  14.06.2026  10:10:11
  5   6   8   7  $12    0.001     5.5149 103952.55   0.0     15.57   2.4  14.06.2026  10:10:13
  5   8   6   7  $12    0.001    23.1375 145377.03   0.0     13.08   0.4  14.06.2026  10:10:16
  9  10  12  11  $12    0.001     4.9246  92825.84   0.0     12.27   4.6  14.06.2026  10:10:18
  9  12  10  11  $12    0.001    24.7524 155523.84   0.0      7.40   3.9  14.06.2026  10:10:20
 13  14  16  15  $12    0.001     4.7843  90182.42   0.0      8.58   5.8  14.06.2026  10:10:22
 13  16  14  15  $12    0.001    23.9752 150640.68   0.0     11.83   0.4  14.06.2026  10:10:24
  1   5  13   9  $12    0.001     6.5511 493941.32   0.0      4.82   1.8  14.06.2026  10:10:27
  2   6  14  10  $12    0.001     5.6753 427910.29   0.0      8.33   0.2  14.06.2026  10:10:29
  3   7  15  11  $12    0.001     5.1823 390738.56   0.0      9.36   1.9  14.06.2026  10:10:31
  4   8  16  12  $12    0.001     5.5929 421695.52   0.0     12.32   4.1  14.06.2026  10:10:33
  5   9   1  13  $12    0.001     6.7389 169367.58   0.0      8.22  14.7  14.06.2026  10:10:35
  6  10   2  14  $12    0.001     6.0440 151901.78   0.1      9.68  17.2  14.06.2026  10:10:37
  7  11   3  15  $12    0.001     5.7632 144844.78   0.0     10.86   1.4  14.06.2026  10:10:39
  8  12   4  16  $12    0.001     6.1721 155121.36   0.0      6.87   4.7  14.06.2026  10:10:41
  9  13   5   1  $12    0.001     6.5015 490197.92   0.0     11.97   2.1  14.06.2026  10:10:43
 10  14   6   2  $12    0.001     5.6730 427731.74   0.0     14.17   1.9  14.06.2026  10:10:45
 11  15   7   3  $12    0.001     5.1773 390356.16   0.0      8.74   8.8  14.06.2026  10:10:47
 12  16   8   4  $12    0.001     5.5935 421738.97   0.1      4.92  25.1  14.06.2026  10:10:49
 13   1   9   5  $12    0.001     6.8115 171191.61   0.0      6.64   8.1  14.06.2026  10:10:51
 14   2  10   6  $12    0.001     6.0377 151743.24   0.0      8.59   1.9  14.06.2026  10:10:53
 15   3  11   7  $12    0.001     5.7641 144868.22   0.0     10.68   0.7  14.06.2026  10:10:55
 16   4  12   8  $12    0.001     6.1578 154762.67   0.0      5.78   5.8  14.06.2026  10:10:57
  1   2   5   6  $12    0.100    15.4249  29075.26   0.0     67.51   0.1  14.06.2026  10:11:02
  1   2   6   7  $12    0.100    17.8596  67329.17   0.0     17.42   2.2  14.06.2026  10:11:04
  1   2   7   8  $12    0.100    14.7848  97540.48   0.0     15.18   0.1  14.06.2026  10:11:07
  1   2   9  10  $12    0.100    -0.2349   3718.53   0.4 -10002.82   0.6  14.06.2026  10:11:12
  1   2  10  11  $12    0.100     3.8106  86193.19   0.0     32.23   1.5  14.06.2026  10:11:14
  1   2  11  12  $12    0.100     3.8112 118533.88   0.0     -2.38   9.1  14.06.2026  10:11:16
  1   2  13  14  $12    0.100    13.4249 723733.56   0.0    197.70   0.1  14.06.2026  10:11:18
  1   2  14  15  $12    0.100    21.1840 1453486.78   0.0      4.02   0.3  14.06.2026  10:11:20
  1   2  15  16  $12    0.100    15.2693 1309574.83   0.0     10.71   1.7  14.06.2026  10:11:22
  1   3   5   7  $12    0.010     7.8835  29720.24   0.0     27.32   0.9  14.06.2026  10:11:27
  1   3   6   8  $12    0.010     8.4337  69549.74   0.0     13.10   1.2  14.06.2026  10:11:29
  1   3   9  11  $12    0.100    11.7856  44430.68   0.0    304.33   0.1  14.06.2026  10:11:33
  1   3  10  12  $12    0.100    19.0638 103760.78   0.0     13.06   0.3  14.06.2026  10:11:35
  1   3  13  15  $12    0.010     8.0251 1058886.64   0.1     51.50   1.4  14.06.2026  10:11:40
  1   3  14  16  $12    0.010     8.6946 1464767.57   0.0      8.12   1.0  14.06.2026  10:11:42
  2   4   6   8  $12    0.010    10.6975  40328.66   0.0      9.53   0.5  14.06.2026  10:11:44
  2   4  10  12  $12    0.010     2.3355  88047.43   0.0      1.20  74.0  14.06.2026  10:11:46
  2   4  14  16  $12    0.010    10.2525 1352789.30   0.0      8.04   1.0  14.06.2026  10:11:48
  1   4   5   8  $12    0.010    19.0570  18626.03   0.0     19.26   1.9  14.06.2026  10:11:50
  1   4   9  12  $12    0.010     3.7578  57715.57   0.1     94.79   1.5  14.06.2026  10:11:52
  1   4  13  16  $12    0.010    18.6643 1055438.53   0.0     27.49   1.0  14.06.2026  10:11:54
  5   6   9  10  $12    0.100    11.4380  21560.15   0.0    211.28   0.2  14.06.2026  10:11:58
  5   6  10  11  $12    0.100    17.8021  67112.33   0.0     10.31   3.2  14.06.2026  10:12:00
  5   6  11  12  $12    0.100    14.7849  97541.38   0.0      3.46   0.7  14.06.2026  10:12:02
  5   6  13  14  $12    0.100    -0.5306   8402.04   0.5  -4987.47   0.4  14.06.2026  10:12:04
  5   6  14  15  $12    0.100     4.3324  97996.52   0.0      6.31  11.5  14.06.2026  10:12:06
  5   6  15  16  $12    0.100     3.3591 104473.54   0.0     35.65   0.8  14.06.2026  10:12:08
  5   6   1   2  $12    0.100    15.2010  28653.24   0.0     68.43   0.8  14.06.2026  10:12:10
  5   6   2   3  $12    0.100    18.8121  14184.02   0.0     29.05   0.7  14.06.2026  10:12:12
  5   6   3   4  $12    0.100    16.5264   3115.15   0.0      9.79   0.1  14.06.2026  10:12:15
  5   7   9  11  $12    0.010     7.2925  27492.21   0.0     42.42   0.4  14.06.2026  10:12:19
  5   7  10  12  $12    0.010     8.3317  68709.09   0.0      8.08   7.5  14.06.2026  10:12:22
  5   7  13  15  $12    0.100    13.4915  50861.83   0.0    247.03   0.2  14.06.2026  10:12:25
  5   7  14  16  $12    0.100    19.3420 105274.80   0.0     11.02   0.5  14.06.2026  10:12:27
  5   7   1   3  $12    0.010     7.8734  29681.89   0.0     27.96   3.2  14.06.2026  10:12:32
  5   7   2   4  $12    0.010     8.8978  10482.52   0.0      9.19   5.2  14.06.2026  10:12:34
  6   8  10  12  $12    0.010    10.0184  37768.40   0.0      9.14   0.4  14.06.2026  10:12:36
  6   8  14  16  $12    0.010     2.3238  87605.38   0.0      5.06  13.9  14.06.2026  10:12:38
  6   8   2   4  $12    0.010    10.7143  40392.11   0.0      9.17   1.3  14.06.2026  10:12:41
  5   8   9  12  $12    0.010    17.4965  17100.78   0.0     27.95   2.8  14.06.2026  10:12:43
  5   8  13  16  $12    0.010     3.6975  56789.83   0.3    108.27   2.7  14.06.2026  10:12:45
  5   8   1   4  $12    0.010    19.0144  18584.36   0.0     18.59   1.2  14.06.2026  10:12:47
  9  10  13  14  $12    0.100     6.6131  12465.33   0.0   1005.15   0.1  14.06.2026  10:12:51
  9  10  14  15  $12    0.100    19.7507  74458.39   0.0      3.76   0.8  14.06.2026  10:12:53
  9  10  15  16  $12    0.100    13.4097  88468.27   0.0     25.44   0.3  14.06.2026  10:12:55
  9  10   1   2  $12    0.100    -0.4242   6716.99   0.6  -6013.19   0.8  14.06.2026  10:12:57
  9  10   2   3  $12    0.100     2.5823  27258.40   0.4    391.70   0.5  14.06.2026  10:12:59
  9  10   3   4  $12    0.100     3.8245  25231.76   0.0     24.60   1.9  14.06.2026  10:13:01
  9  10   5   6  $12    0.100    11.5958  21857.63   0.0    204.87   0.0  14.06.2026  10:13:03
  9  10   6   7  $12    0.100    17.4978  13193.01   0.0     34.26   0.2  14.06.2026  10:13:05
  9  10   7   8  $12    0.100    13.1071   2470.63   0.1     44.74   0.4  14.06.2026  10:13:07
  9  11  13  15  $12    0.010     7.4340  28025.68   0.1     93.17   1.1  14.06.2026  10:13:12
  9  11  14  16  $12    0.010     8.4279  69502.21   0.0     10.10   0.6  14.06.2026  10:13:14
  9  11   1   3  $12    0.100    11.5666  43604.89   0.0    335.90   0.0  14.06.2026  10:13:17
  9  11   2   4  $12    0.100    17.9688  44454.93   0.0     70.59   0.3  14.06.2026  10:13:20
  9  11   5   7  $12    0.010     7.3063  27544.16   0.0     46.53   0.9  14.06.2026  10:13:24
  9  11   6   8  $12    0.010     8.0924   9533.58   0.0     20.46   0.5  14.06.2026  10:13:26
 10  12  14  16  $12    0.010    10.4001  39207.34   0.0      7.48   1.3  14.06.2026  10:13:28
 10  12   2   4  $12    0.010     2.3577  88881.36   0.0      9.81   4.7  14.06.2026  10:13:31
 10  12   6   8  $12    0.010    10.0227  37784.64   0.0      9.79   1.2  14.06.2026  10:13:33
  9  12  13  16  $12    0.010    17.8573  17453.49   0.0     46.61   0.2  14.06.2026  10:13:35
  9  12   1   4  $12    0.010     3.7029  56871.75   0.0    111.54   0.7  14.06.2026  10:13:37
  9  12   5   8  $12    0.010    17.4808  17085.44   0.0     28.69   0.7  14.06.2026  10:13:39
 13  14   1   2  $12    0.100    12.9537 698329.08   0.0    227.15   0.1  14.06.2026  10:13:43
 13  14   2   3  $12    0.100    17.5801 729027.66   0.0     67.66   0.3  14.06.2026  10:13:45
 13  14   3   4  $12    0.100    16.2506 505421.76   0.0      7.87   0.5  14.06.2026  10:13:47
 13  14   5   6  $12    0.100    -0.4890   7742.68   0.3  -5278.39   0.3  14.06.2026  10:13:49
 13  14   6   7  $12    0.100     3.2530  34337.75   0.0    198.55   0.2  14.06.2026  10:13:51
 13  14   7   8  $12    0.100     3.3877  22349.65   0.0    138.93   0.5  14.06.2026  10:13:53
 13  14   9  10  $12    0.100     6.7549  12732.75   0.1    947.34   0.0  14.06.2026  10:13:55
 13  14  10  11  $12    0.100    18.8715  14228.80   0.0     20.74   0.3  14.06.2026  10:13:57
 13  14  11  12  $12    0.100    15.6928   2958.02   0.0      3.74   1.4  14.06.2026  10:13:59
 13  15   1   3  $12    0.010     7.9773 1052574.88   0.0     55.44   0.3  14.06.2026  10:14:04
 13  15   2   4  $12    0.010     8.8665 896231.46   0.1     21.47  10.0  14.06.2026  10:14:06
 13  15   5   7  $12    0.100    13.3135  50190.53   0.0    252.64   0.0  14.06.2026  10:14:10
 13  15   6   8  $12    0.100    19.1042  47263.88   0.0     61.44   0.2  14.06.2026  10:14:12
 13  15   9  11  $12    0.010     7.4011  27901.67   0.1     93.33   1.2  14.06.2026  10:14:17
 13  15  10  12  $12    0.010     9.1063  10728.14   0.0     11.76   6.2  14.06.2026  10:14:19
 14  16   2   4  $12    0.010    10.2620 1354033.68   0.0      7.96   1.6  14.06.2026  10:14:21
 14  16   6   8  $12    0.010     2.2975  86612.64   0.1      7.05   4.8  14.06.2026  10:14:23
 14  16  10  12  $12    0.010    10.3867  39156.81   0.0      8.64   6.0  14.06.2026  10:14:25
 13  16   1   4  $12    0.010    18.6392 1054024.08   0.0     28.87   0.4  14.06.2026  10:14:27
 13  16   5   8  $12    0.010     3.6979  56796.27   0.0    103.47   0.2  14.06.2026  10:14:29
 13  16   9  12  $12    0.010    17.8439  17440.37   0.0     47.58   0.6  14.06.2026  10:14:31
  1   5   2   6  $12    0.001    50.0621 214465.45   0.0      9.75   0.0  14.06.2026  10:14:37
  1   5   3   7  $12    0.001    21.5254 405744.96   0.0      8.62   0.3  14.06.2026  10:14:39
  1   5   4   8  $12    0.001    11.5542 152453.97   0.0      5.57  13.2  14.06.2026  10:14:41
  1   6   2   7  $12    0.001    44.5006 176592.90   0.0      7.35   0.8  14.06.2026  10:14:43
  1   6   3   8  $12    0.001    19.3065 231584.23   0.0      8.23   9.9  14.06.2026  10:14:45
  1   7   2   8  $12    0.001    42.7034 161913.41   0.0     12.76   0.1  14.06.2026  10:14:48
  1   9   2  10  $12    0.001    57.1006 205479.49   0.0     10.88   0.7  14.06.2026  10:14:50
  1   9   3  11  $12    0.001    26.6616 228436.33   0.0      9.57   0.2  14.06.2026  10:14:53
  1   9   4  12  $12    0.001    16.2360 271489.10   0.0      7.64   1.3  14.06.2026  10:14:55
  1  10   2  11  $12    0.001    48.9747 173361.89   0.0     10.52   0.1  14.06.2026  10:14:57
  1  10   3  12  $12    0.001    24.1592 198107.30   0.0      9.39   0.1  14.06.2026  10:15:00
  1  11   3  12  $12    0.001    33.0818 161872.76   0.0     10.11   0.0  14.06.2026  10:15:02
  1  13   2  14  $12    0.001    50.4276 172935.08   0.0     10.42   0.1  14.06.2026  10:15:05
  1  13   3  15  $12    0.001    21.0099 159321.43   0.0      8.46   0.7  14.06.2026  10:15:07
  1  13   4  16  $12    0.001    11.5907 148963.60   0.0      9.11   2.7  14.06.2026  10:15:09
  1  14   2  15  $12    0.001    42.9518 146254.51   0.0      8.95   0.4  14.06.2026  10:15:11
  1  14   3  16  $12    0.001    19.1848 143088.97   0.0      8.62   0.3  14.06.2026  10:15:13
  1  15   2  16  $12    0.001    42.6831 144464.83   0.0      9.71   0.9  14.06.2026  10:15:16
  5   9   6  10  $12    0.001    50.9088 218092.86   0.0     13.29   0.0  14.06.2026  10:15:18
  5   9   7  11  $12    0.001    21.4998 405262.62   0.0     11.74   1.9  14.06.2026  10:15:21
  5   9   8  12  $12    0.001    11.8598 156486.31   0.0     10.95   1.4  14.06.2026  10:15:23
  5  10   6  11  $12    0.001    43.2855 171771.03   0.0     11.50   0.2  14.06.2026  10:15:25
  5  10   7  12  $12    0.001    19.2832 231305.18   0.0     10.28   0.5  14.06.2026  10:15:27
  5  11   6  12  $12    0.001    42.8826 162592.57   0.0     11.26   0.3  14.06.2026  10:15:30
  5  13   6  14  $12    0.001    56.1813 202171.33   0.0     10.32   0.2  14.06.2026  10:15:32
  5  13   7  15  $12    0.001    26.2944 225289.65   0.0     10.14   0.4  14.06.2026  10:15:35
  5  13   8  16  $12    0.001    16.4652 275320.98   0.0     10.19   0.8  14.06.2026  10:15:37
  5  14   6  15  $12    0.001    48.0946 170246.30   0.0     13.03   0.8  14.06.2026  10:15:39
  5  14   7  16  $12    0.001    24.2121 198541.15   0.0     13.37   0.1  14.06.2026  10:15:42
  5  15   7  16  $12    0.001    32.7086 160046.60   0.0     14.02   0.1  14.06.2026  10:15:44
  5   1   6   2  $12    0.001    50.2578 215304.01   0.0      7.35   0.0  14.06.2026  10:15:47
  5   1   7   3  $12    0.001    21.5752 406682.39   0.0      5.76   1.1  14.06.2026  10:15:49
  5   1   8   4  $12    0.001    11.5834 152839.04   0.0      1.21  21.1  14.06.2026  10:15:51
  5   2   6   3  $12    0.001    44.5607 223986.41   0.0      9.30   1.1  14.06.2026  10:15:53
  5   2   7   4  $12    0.001    19.1848 602707.44   0.0      8.74   0.2  14.06.2026  10:15:55
  5   3   6   4  $12    0.001    42.7823 403213.35   0.0     11.40   0.4  14.06.2026  10:15:58
  9  13  10  14  $12    0.001    50.5953 216749.95   0.0     11.77   0.1  14.06.2026  10:16:00
  9  13  11  15  $12    0.001    20.1055 378978.99   0.0     11.65   0.8  14.06.2026  10:16:02
  9  13  12  16  $12    0.001    11.1264 146809.75   0.0     11.34   6.9  14.06.2026  10:16:04
  9  14  10  15  $12    0.001    43.0133 170690.91   0.0     12.83   0.3  14.06.2026  10:16:07
  9  14  11  16  $12    0.001    18.4428 221224.47   0.0     11.05   2.5  14.06.2026  10:16:09
  9  15  10  16  $12    0.001    42.7542 162105.79   0.0     14.82   0.1  14.06.2026  10:16:12
  9   1  10   2  $12    0.001    57.0975 205468.14   0.0     10.81   0.9  14.06.2026  10:16:14
  9   1  11   3  $12    0.001    26.6142 228029.97   0.0     10.33   1.3  14.06.2026  10:16:17
  9   1  12   4  $12    0.001    16.1966 270829.40   0.0      8.14   0.8  14.06.2026  10:16:19
  9   2  10   3  $12    0.001    51.2263 188408.40   0.0      7.92   0.6  14.06.2026  10:16:21
  9   2  11   4  $12    0.001    24.0760 219590.90   0.0      7.61   0.1  14.06.2026  10:16:24
  9   3  11   4  $12    0.001    33.1338 177179.16   0.0      9.13   0.9  14.06.2026  10:16:26
  9   5  10   6  $12    0.001    50.9011 218059.73   0.0     11.93   0.2  14.06.2026  10:16:29
  9   5  11   7  $12    0.001    21.4896 405069.44   0.0     10.90   0.1  14.06.2026  10:16:31
  9   5  12   8  $12    0.001    11.8741 156675.18   0.0      8.67   2.3  14.06.2026  10:16:33
  9   6  10   7  $12    0.001    45.1092 226743.48   0.0     13.13   0.4  14.06.2026  10:16:35
  9   6  11   8  $12    0.001    19.3227 607041.36   0.0      8.27  10.0  14.06.2026  10:16:37
  9   7  10   8  $12    0.001    43.4946 409927.26   0.0     13.97   0.6  14.06.2026  10:16:40
 13   1  14   2  $12    0.001    50.5784 173452.09   0.0      7.79   0.9  14.06.2026  10:16:42
 13   1  15   3  $12    0.001    21.0114 159332.79   0.0      8.87   0.2  14.06.2026  10:16:45
 13   1  16   4  $12    0.001    11.6009 149094.63   0.0      9.31   6.0  14.06.2026  10:16:47
 13   2  14   3  $12    0.001    45.1331 156098.90   0.0      8.47   0.6  14.06.2026  10:16:49
 13   2  15   4  $12    0.001    18.7865 145374.80   0.0      8.34   0.6  14.06.2026  10:16:51
 13   3  14   4  $12    0.001    43.2107 151003.27   0.0     12.41   0.3  14.06.2026  10:16:54
 13   5  14   6  $12    0.001    56.1000 201878.79   0.0     12.62   0.2  14.06.2026  10:16:56
 13   5  15   7  $12    0.001    26.2268 224710.65   0.0     12.21   0.0  14.06.2026  10:16:59
 13   5  16   8  $12    0.001    16.4354 274822.13   0.0      9.22   2.2  14.06.2026  10:17:01
 13   6  14   7  $12    0.001    49.8421 183317.39   0.0     10.67   0.4  14.06.2026  10:17:03
 13   6  15   8  $12    0.001    23.6531 215734.10   0.0     10.54   0.1  14.06.2026  10:17:06
 13   7  15   8  $12    0.001    32.1830 172095.02   0.0     12.83   0.1  14.06.2026  10:17:08
 13   9  14  10  $12    0.001    50.5649 216619.54   0.0     11.72   0.4  14.06.2026  10:17:11
 13   9  15  11  $12    0.001    20.1180 379215.62   0.0     10.27   0.9  14.06.2026  10:17:13
 13   9  16  12  $12    0.001    11.1428 147026.41   0.0      8.04   2.9  14.06.2026  10:17:15
 13  10  14  11  $12    0.001    42.8038 215155.57   0.0     12.24   0.5  14.06.2026  10:17:18
 13  10  15  12  $12    0.001    17.9582 564173.87   0.0      6.67   6.7  14.06.2026  10:17:20
 13  11  14  12  $12    0.001    42.2132 397850.47   0.0     13.07   0.1  14.06.2026  10:17:22
