//C:\Users\user\Desktop\GeoTom\GeoTomE724.ini
//- Cable direction:
//  cable I: normal
//  cable II: normal
//  cable III: normal
//  cable IV: normal
//- Cable arrangement: sequential
//- Optimization: Last measurement
//- Sorting: Multi-level
//- Current levels: 0.001 mA .. 10.0 mA
Type:         Flow
Name:         Hyprop
Comment:      Example of a measurements sequence
Comment:      
Comment:      
Spacing:      1.00000
First El:     0.00000
Nr of points: 180
IP present:   1

  1   2   4   3  $12    0.010     4.2802   8067.97   0.0     12.12   1.3  09.06.2026  19:10:05
  1   4   2   3  $12    0.010    14.0967   8857.24   0.0      6.82   2.2  09.06.2026  19:10:08
  5   6   8   7  $12    0.010     3.7193   7010.65   0.1     -9.89  13.6  09.06.2026  19:10:10
  5   8   6   7  $12    0.010    13.8728   8716.56   0.0      3.37   3.3  09.06.2026  19:10:12
  9  10  12  11  $12    0.010     3.3091   6237.51   0.2     -2.48  91.5  09.06.2026  19:10:14
  9  12  10  11  $12    0.010    14.1589   8896.30   0.0      1.05  16.4  09.06.2026  19:10:16
 13  14  16  15  $12    0.010     3.2160   6062.00   0.2     -7.53  25.5  09.06.2026  19:10:18
 13  16  14  15  $12    0.010    12.9001   8105.37   0.0      3.04   1.7  09.06.2026  19:10:20
  1   5  13   9  $12    0.010     3.3437  25210.78   0.0     -0.77  14.4  09.06.2026  19:10:22
  2   6  14  10  $12    0.010     3.0197  22767.77   0.0      0.21  62.9  09.06.2026  19:10:24
  3   7  15  11  $12    0.010     2.9719  22407.73   0.2     -3.18 118.9  09.06.2026  19:10:26
  4   8  16  12  $12    0.010     3.3357  25150.34   0.3     -2.64 104.7  09.06.2026  19:10:28
  5   9   1  13  $12    0.010     3.5476   8916.07   0.5     -4.53  65.6  09.06.2026  19:10:30
  6  10   2  14  $12    0.010     3.0629   7697.87   0.4     -2.73 118.9  09.06.2026  19:10:32
  7  11   3  15  $12    0.010     2.9895   7513.41   0.3      0.45 880.4  09.06.2026  19:10:34
  8  12   4  16  $12    0.010     3.2752   8231.54   0.2      0.33 1058.9  09.06.2026  19:10:36
  9  13   5   1  $12    0.010     3.3681  25395.02   0.0      2.42  68.9  09.06.2026  19:10:38
 10  14   6   2  $12    0.010     3.0006  22623.74   0.1      1.79 254.8  09.06.2026  19:10:40
 11  15   7   3  $12    0.010     2.9811  22476.78   0.1     -4.26  26.3  09.06.2026  19:10:42
 12  16   8   4  $12    0.010     3.3277  25089.89   0.1     -0.28 1395.5  09.06.2026  19:10:44
 13   1   9   5  $12    0.010     3.5443   8907.85   0.0      1.14  56.3  09.06.2026  19:10:46
 14   2  10   6  $12    0.010     3.0542   7676.06   0.0      0.79  79.4  09.06.2026  19:10:48
 15   3  11   7  $12    0.010     2.9734   7472.98   0.0     -1.26 210.0  09.06.2026  19:10:50
 16   4  12   8  $12    0.010     3.2743   8229.17   0.0     -1.60 191.2  09.06.2026  19:10:52
  1   2   5   6  $12    1.000    13.4011   2526.05   0.0     -1.97   3.7  09.06.2026  19:10:57
  1   2   6   7  $12    1.000    13.6010   5127.46   0.0      2.80   6.9  09.06.2026  19:10:59
  1   2   7   8  $12    1.000     9.4229   6216.61   0.0     -4.55   0.6  09.06.2026  19:11:01
  1   2   9  10  $12    1.000     2.6771   4238.77   0.0     -3.93  13.7  09.06.2026  19:11:03
  1   2  10  11  $12    1.000     3.3653   7612.04   0.0     -6.43   4.1  09.06.2026  19:11:05
  1   2  11  12  $12    1.000     2.4553   7636.56   0.4     15.25   8.3  09.06.2026  19:11:07
  1   2  13  14  $12    1.000    13.1312  70789.81   0.0     15.21   1.9  09.06.2026  19:11:09
  1   2  14  15  $12    1.000    13.1307  90092.88   0.0      0.94  45.6  09.06.2026  19:11:11
  1   2  15  16  $12    1.000     8.7193  74781.90   0.0     -1.61  51.4  09.06.2026  19:11:13
  1   3   5   7  $12    0.100     5.7690   2174.88   0.0      0.80   8.1  09.06.2026  19:11:18
  1   3   6   8  $12    0.100     5.2324   4315.02   0.0      1.32  20.5  09.06.2026  19:11:20
  1   3   9  11  $12    1.000    13.2445   4993.05   0.0      0.97   6.9  09.06.2026  19:11:24
  1   3  10  12  $12    1.000    12.9710   7059.89   0.0      2.04  28.4  09.06.2026  19:11:26
  1   3  13  15  $12    0.100     5.5951  73825.20   0.0      5.88   2.0  09.06.2026  19:11:31
  1   3  14  16  $12    0.100     5.0233  84626.57   0.0      0.19  82.0  09.06.2026  19:11:33
  2   4   6   8  $12    0.100     5.6034   2112.43   0.0      0.63  91.6  09.06.2026  19:11:35
  2   4  10  12  $12    1.000    13.6085   5130.29   0.0      1.47   3.9  09.06.2026  19:11:39
  2   4  14  16  $12    0.100     5.5387  73081.61   0.0     -0.82  11.9  09.06.2026  19:11:43
  1   4   5   8  $12    0.100    11.7008   1143.62   0.0      0.94   7.2  09.06.2026  19:11:45
  1   4   9  12  $12    0.100     2.7888   4283.35   0.0     -0.36 479.3  09.06.2026  19:11:48
  1   4  13  16  $12    0.100    11.4256  64610.11   0.0      4.44   4.9  09.06.2026  19:11:50
  5   6   9  10  $12    1.000    12.8102   2414.67   0.0     32.13   0.0  09.06.2026  19:11:53
  5   6  10  11  $12    1.000    13.0498   4919.65   0.0    -20.76   0.0  09.06.2026  19:11:55
  5   6  11  12  $12    1.000     8.9473   5902.82   0.0      6.86  18.0  09.06.2026  19:11:57
  5   6  13  14  $12    1.000     3.0301   4797.69   0.1     11.24  21.5  09.06.2026  19:11:59
  5   6  14  15  $12    1.000     3.5301   7984.97   0.0     -1.02 222.2  09.06.2026  19:12:01
  5   6  15  16  $12    1.000     2.5058   7793.45   0.0      2.77  80.9  09.06.2026  19:12:03
  5   6   1   2  $12    1.000    13.5723   2558.32   0.0      4.64  14.7  09.06.2026  19:12:05
  5   6   2   3  $12    1.000    14.2134   1071.66   0.0      4.07  12.4  09.06.2026  19:12:07
  5   6   3   4  $12    1.000    10.6346    200.46   0.0      3.46   8.1  09.06.2026  19:12:09
  5   7   9  11  $12    0.100     5.5063   2075.83   0.0      1.51   4.0  09.06.2026  19:12:14
  5   7  10  12  $12    0.100     5.2228   4307.08   0.0      0.98 168.5  09.06.2026  19:12:16
  5   7  13  15  $12    1.000    14.2229   5361.91   0.0      6.79   0.2  09.06.2026  19:12:20
  5   7  14  16  $12    1.000    13.3213   7250.52   0.0      3.95   0.3  09.06.2026  19:12:22
  5   7   1   3  $12    0.100     5.8067   2189.09   0.0      1.28   7.9  09.06.2026  19:12:27
  5   7   2   4  $12    0.100     5.5307    651.57   0.3      5.73  18.5  09.06.2026  19:12:29
  6   8  10  12  $12    0.100     5.4164   2041.92   0.0      7.20   1.2  09.06.2026  19:12:31
  6   8  14  16  $12    1.000    13.0391   4915.61   0.0      3.73   1.4  09.06.2026  19:12:34
  6   8   2   4  $12    0.100     5.5979   2110.36   0.0      0.41  17.9  09.06.2026  19:12:39
  5   8   9  12  $12    0.100    10.7860   1054.21   0.0      3.43   2.0  09.06.2026  19:12:41
  5   8  13  16  $12    0.100     2.8374   4357.97   0.0     -1.02  45.3  09.06.2026  19:12:43
  5   8   1   4  $12    0.100    11.7022   1143.76   0.0      2.37  29.3  09.06.2026  19:12:45
  9  10  13  14  $12    1.000    14.4385   2721.59   0.0     27.66   0.1  09.06.2026  19:12:49
  9  10  14  15  $12    1.000    12.6600   4772.69   0.0    -11.30   0.5  09.06.2026  19:12:51
  9  10  15  16  $12    1.000     8.1408   5370.74   0.0      2.61   6.8  09.06.2026  19:12:53
  9  10   1   2  $12    1.000     2.6618   4214.62   0.3     -0.27 1813.2  09.06.2026  19:12:55
  9  10   2   3  $12    1.000     3.0826   3253.91   0.1      8.79   8.3  09.06.2026  19:12:57
  9  10   3   4  $12    1.000     2.6858   1771.89   0.1     -5.47  41.0  09.06.2026  19:12:59
  9  10   5   6  $12    1.000    12.1892   2297.61   0.0      6.29   0.9  09.06.2026  19:13:01
  9  10   6   7  $12    1.000    11.5747    872.71   0.0     -2.11   8.9  09.06.2026  19:13:03
  9  10   7   8  $12    1.000     8.0636    152.00   0.0      1.56  30.1  09.06.2026  19:13:05
  9  11  13  15  $12    0.100     5.9950   2260.08   0.0      4.23   0.9  09.06.2026  19:13:10
  9  11  14  16  $12    0.100     5.1234   4225.09   0.0      0.18  40.6  09.06.2026  19:13:12
  9  11   1   3  $12    1.000    13.2679   5001.88   0.0      3.28   7.5  09.06.2026  19:13:16
  9  11   2   4  $12    1.000    13.5740   3358.20   0.0      4.14  12.6  09.06.2026  19:13:18
  9  11   5   7  $12    0.100     5.4828   2066.97   0.0      0.90   3.0  09.06.2026  19:13:23
  9  11   6   8  $12    0.100     5.0281    592.36   0.0      0.37 135.0  09.06.2026  19:13:25
 10  12  14  16  $12    0.100     5.4135   2040.83   0.0      7.35   4.6  09.06.2026  19:13:27
 10  12   2   4  $12    1.000    13.5694   5115.53   0.0      3.99   2.5  09.06.2026  19:13:31
 10  12   6   8  $12    0.100     5.3857   2030.35   0.0      5.30   2.4  09.06.2026  19:13:36
  9  12  13  16  $12    0.100    11.2926   1103.72   0.0      4.78   1.6  09.06.2026  19:13:38
  9  12   1   4  $12    0.100     2.8040   4306.56   0.3      1.03 276.8  09.06.2026  19:13:40
  9  12   5   8  $12    0.100    10.7282   1048.55   0.0      3.62  26.4  09.06.2026  19:13:42
 13  14   1   2  $12    1.000    12.6948  68437.53   0.0      4.52   3.5  09.06.2026  19:13:45
 13  14   2   3  $12    1.000    13.0364  54060.61   0.1      6.54   6.8  09.06.2026  19:13:47
 13  14   3   4  $12    1.000    10.4296  32437.90   0.0      3.36  12.5  09.06.2026  19:13:49
 13  14   5   6  $12    1.000     2.9943   4741.06   0.0     -1.57  36.2  09.06.2026  19:13:51
 13  14   6   7  $12    1.000     3.4608   3653.18   0.1      5.06  39.8  09.06.2026  19:13:53
 13  14   7   8  $12    1.000     2.6666   1759.22   0.1     -2.39 113.1  09.06.2026  19:13:55
 13  14   9  10  $12    1.000    13.9606   2631.52   0.0     12.90   2.8  09.06.2026  19:13:57
 13  14  10  11  $12    1.000    14.3514   1082.07   0.1     -2.76  24.2  09.06.2026  19:13:59
 13  14  11  12  $12    1.000     9.6112    181.17   0.0      5.20   8.7  09.06.2026  19:14:01
 13  15   1   3  $12    0.100     5.5491  73218.08   0.0      1.74  11.6  09.06.2026  19:14:06
 13  15   2   4  $12    0.100     5.4527  55116.66   0.4      4.81  46.5  09.06.2026  19:14:08
 13  15   5   7  $12    1.000    14.1503   5334.52   0.0      5.61   0.8  09.06.2026  19:14:12
 13  15   6   8  $12    1.000    13.6201   3369.62   0.0      5.12   4.6  09.06.2026  19:14:14
 13  15   9  11  $12    0.100     5.9601   2246.91   0.0      3.11   2.5  09.06.2026  19:14:19
 13  15  10  12  $12    0.100     5.5469    653.48   0.2      4.15  81.8  09.06.2026  19:14:21
 14  16   2   4  $12    0.100     5.6021  73918.11   0.0      0.20 129.5  09.06.2026  19:14:23
 14  16   6   8  $12    1.000    13.0803   4931.16   0.0      5.25   1.8  09.06.2026  19:14:26
 14  16  10  12  $12    0.100     5.3679   2023.66   0.0      4.22   5.0  09.06.2026  19:14:31
 13  16   1   4  $12    0.100    11.4704  64863.66   0.1      2.87  77.3  09.06.2026  19:14:33
 13  16   5   8  $12    0.100     2.8498   4377.04   0.1     -6.69   3.9  09.06.2026  19:14:36
 13  16   9  12  $12    0.100    11.2515   1099.70   0.0      3.96  16.8  09.06.2026  19:14:37
  1   5   2   6  $12    0.001     2.5916  11102.35   0.0      0.39  78.1  09.06.2026  19:14:45
  1   5   3   7  $12    0.010    10.7115  20190.66   0.0      2.99   1.0  09.06.2026  19:14:49
  1   5   4   8  $12    0.010     6.0513   7984.49   0.0      1.03  35.0  09.06.2026  19:14:51
  1   6   2   7  $12    0.001     2.3973   9513.32   0.0     -0.65  33.9  09.06.2026  19:14:56
  1   6   3   8  $12    0.010    10.3153  12373.40   0.0      3.28   1.3  09.06.2026  19:14:59
  1   7   2   8  $12    0.001     2.3979   9091.90   0.0     -0.05 337.8  09.06.2026  19:15:04
  1   9   2  10  $12    0.001     2.8186  10143.04   0.1      1.22  67.1  09.06.2026  19:15:06
  1   9   3  11  $12    0.010    13.0634  11192.67   0.0      3.84   0.4  09.06.2026  19:15:10
  1   9   4  12  $12    0.010     8.4327  14100.67   0.0      2.70  11.6  09.06.2026  19:15:12
  1  10   2  11  $12    0.001     2.5859   9153.48   0.0     -0.77  25.2  09.06.2026  19:15:17
  1  10   3  12  $12    0.010    12.8234  10515.33   0.0      3.40   2.2  09.06.2026  19:15:21
  1  11   3  12  $12    0.010    19.5568   9569.33   0.0      3.22   1.4  09.06.2026  19:15:23
  1  13   2  14  $12    0.001     2.4776   8496.65   0.0      0.28 100.5  09.06.2026  19:15:27
  1  13   3  15  $12    0.010    10.2533   7775.25   0.0      3.31   1.7  09.06.2026  19:15:31
  1  13   4  16  $12    0.010     5.9128   7599.13   0.0      1.51  61.0  09.06.2026  19:15:33
  1  14   2  15  $12    0.010    22.4425   7641.84   0.0      4.64   4.2  09.06.2026  19:15:35
  1  14   3  16  $12    0.010    10.1328   7557.50   0.0      3.18   4.3  09.06.2026  19:15:37
  1  15   2  16  $12    0.010    23.0203   7791.44   0.0      4.01   4.4  09.06.2026  19:15:39
  5   9   6  10  $12    0.001     2.5136  10768.45   0.0     -2.08   8.0  09.06.2026  19:15:44
  5   9   7  11  $12    0.010    10.0772  18995.01   0.0      2.74   2.0  09.06.2026  19:15:48
  5   9   8  12  $12    0.010     5.8511   7720.40   0.0      4.40   7.0  09.06.2026  19:15:50
  5  10   6  11  $12    0.010    22.5861   8962.89   0.0      3.80   1.5  09.06.2026  19:15:52
  5  10   7  12  $12    0.010     9.8575  11824.22   0.0      2.27   2.5  09.06.2026  19:15:54
  5  11   6  12  $12    0.001     2.4759   9387.70   0.0     -1.53  12.8  09.06.2026  19:15:59
  5  13   6  14  $12    0.001     2.7640   9946.54   0.1      0.40 990.4  09.06.2026  19:16:01
  5  13   7  15  $12    0.010    12.6936  10875.85   0.0      2.72   1.3  09.06.2026  19:16:04
  5  13   8  16  $12    0.010     8.3203  13912.77   0.0      2.09   9.5  09.06.2026  19:16:06
  5  14   6  15  $12    0.001     2.5759   9118.39   0.0      0.21  66.0  09.06.2026  19:16:11
  5  14   7  16  $12    0.010    12.5474  10288.99   0.0      2.97   4.5  09.06.2026  19:16:15
  5  15   7  16  $12    0.010    17.9898   8802.60   0.0      2.52   1.0  09.06.2026  19:16:17
  5   1   6   2  $12    0.001     2.5923  11105.53   0.0     -0.54  40.0  09.06.2026  19:16:22
  5   1   7   3  $12    0.010    10.7172  20201.52   0.0      2.99   1.6  09.06.2026  19:16:25
  5   1   8   4  $12    0.010     6.0439   7974.73   0.1      3.20  40.4  09.06.2026  19:16:27
  5   2   6   3  $12    0.001     2.4943  12537.59   0.0      1.30   7.1  09.06.2026  19:16:32
  5   2   7   4  $12    0.010    10.2919  32332.82   0.0      3.07   2.2  09.06.2026  19:16:36
  5   3   6   4  $12    0.001     2.4985  23548.27   0.0      3.05   7.5  09.06.2026  19:16:41
  9  13  10  14  $12    0.001     2.3830  10208.79   0.1     -3.61  45.9  09.06.2026  19:16:43
  9  13  11  15  $12    0.010     9.4626  17836.57   0.0      2.74   5.1  09.06.2026  19:16:46
  9  13  12  16  $12    0.010     5.7077   7531.13   0.0     -1.57  29.7  09.06.2026  19:16:48
  9  14  10  15  $12    0.010    21.6092   8575.25   0.0      3.40   6.1  09.06.2026  19:16:50
  9  14  11  16  $12    0.010     9.4486  11333.77   0.0      3.37   9.2  09.06.2026  19:16:53
  9  15  10  16  $12    0.010    22.3033   8456.46   0.0      2.41   8.4  09.06.2026  19:16:55
  9   1  10   2  $12    0.001     2.8236  10161.02   0.0     -0.34 117.4  09.06.2026  19:16:59
  9   1  11   3  $12    0.010    13.0724  11200.41   0.0      3.97   1.5  09.06.2026  19:17:03
  9   1  12   4  $12    0.010     8.4335  14102.04   0.0      2.80   5.1  09.06.2026  19:17:05
  9   2  10   3  $12    0.001     2.7120   9974.52   0.0      0.38  46.7  09.06.2026  19:17:10
  9   2  11   4  $12    0.010    12.5535  11449.70   0.0      4.08   1.9  09.06.2026  19:17:14
  9   3  11   4  $12    0.010    19.1667  10249.18   0.0      5.01   0.8  09.06.2026  19:17:16
  9   5  10   6  $12    0.001     2.5190  10791.30   0.0     -0.96  31.7  09.06.2026  19:17:21
  9   5  11   7  $12    0.010    10.1046  19046.76   0.0      2.62   4.6  09.06.2026  19:17:24
  9   5  12   8  $12    0.010     5.8607   7732.98   0.1      2.33  65.3  09.06.2026  19:17:26
  9   6  10   7  $12    0.010    22.8938  11507.67   0.0      2.89  13.8  09.06.2026  19:17:28
  9   6  11   8  $12    0.010     9.6780  30404.26   0.0      2.18  16.8  09.06.2026  19:17:30
  9   7  10   8  $12    0.010    22.7498  21441.21   0.0      4.16   0.8  09.06.2026  19:17:32
 13   1  14   2  $12    0.001     2.4786   8500.07   0.0     -0.79  21.5  09.06.2026  19:17:37
 13   1  15   3  $12    0.010    10.2736   7790.65   0.0      3.45   0.4  09.06.2026  19:17:41
 13   1  16   4  $12    0.010     5.9094   7594.78   0.1      3.88   8.6  09.06.2026  19:17:43
 13   2  14   3  $12    0.001     2.3871   8256.09   0.0      1.31  26.4  09.06.2026  19:17:48
 13   2  15   4  $12    0.010     9.8405   7614.85   0.0      3.40   1.3  09.06.2026  19:17:51
 13   3  14   4  $12    0.001     2.3925   8360.69   0.0      1.52   1.9  09.06.2026  19:17:56
 13   5  14   6  $12    0.001     2.7891  10036.74   0.0      1.94  31.2  09.06.2026  19:17:58
 13   5  15   7  $12    0.010    12.7475  10922.00   0.0      2.58   0.6  09.06.2026  19:18:02
 13   5  16   8  $12    0.010     8.3289  13927.00   0.0      1.97   1.3  09.06.2026  19:18:04
 13   6  14   7  $12    0.001     2.5787   9484.52   0.0     -1.80  13.0  09.06.2026  19:18:09
 13   6  15   8  $12    0.010    12.2320  11156.50   0.0      2.60   2.0  09.06.2026  19:18:13
 13   7  15   8  $12    0.010    17.9505   9598.82   0.0      4.04   1.3  09.06.2026  19:18:15
 13   9  14  10  $12    0.001     2.3768  10182.35   0.0     -1.71  29.8  09.06.2026  19:18:20
 13   9  15  11  $12    0.010     9.4694  17849.37   0.0      2.66   3.8  09.06.2026  19:18:23
 13   9  16  12  $12    0.010     5.7055   7528.25   0.0      1.18 129.5  09.06.2026  19:18:25
 13  10  14  11  $12    0.010    21.3371  10725.18   0.0      3.46   0.9  09.06.2026  19:18:27
 13  10  15  12  $12    0.010     9.3464  29362.67   0.0      1.99   1.3  09.06.2026  19:18:29
 13  11  14  12  $12    0.001     2.3520  22167.01   0.0     -0.53  79.7  09.06.2026  19:18:34
