//C:\Users\user\Desktop\GeoTom\GeoTomE724.ini
//- Cable direction:
//  cable I: normal
//  cable II: normal
//  cable III: normal
//  cable IV: normal
//- Cable arrangement: sequential
//- Optimization: Last measurement
//- Sorting: Multi-level
//- Current levels: 0.001 mA .. 10.0 mA
Type:         Flow
Name:         Hyprop
Comment:      Example of a measurements sequence
Comment:      
Comment:      
Spacing:      1.00000
First El:     0.00000
Nr of points: 180
IP present:   1

  1   2   4   3  $12    0.001    32.1591 606184.59   0.0    -97.79   0.1  16.06.2026  15:10:09
  1   4   2   3  $12    0.001    99.6363 626033.40   0.0    351.33   0.1  16.06.2026  15:10:12
  5   6   8   7  $12    0.001    34.8935 657727.90   0.0   -169.78   0.1  16.06.2026  15:10:14
  5   8   6   7  $12    0.001   104.4499 656278.10   0.0    311.76   0.0  16.06.2026  15:10:17
  9  10  12  11  $12    0.001    27.4148 516757.09   0.0      5.01   1.7  16.06.2026  15:10:19
  9  12  10  11  $12    0.001   120.7727 758837.14   0.0    287.88   0.0  16.06.2026  15:10:21
 13  14  16  15  $12    0.001    31.3925 591735.19   0.0   -154.48   0.1  16.06.2026  15:10:24
 13  16  14  15  $12    0.001    81.3124 510901.14   0.0    604.88   0.0  16.06.2026  15:10:26
  1   5  13   9  $12    0.001    23.9923 1808979.17   0.4    111.82   4.6  16.06.2026  15:10:29
  2   6  14  10  $12    0.001    24.2448 1828015.38   0.0     -0.47  13.9  16.06.2026  15:10:31
  3   7  15  11  $12    0.001    22.0582 1663151.53   0.0      5.46   1.5  16.06.2026  15:10:33
  4   8  16  12  $12    0.001    22.0517 1662658.52   0.0      7.44   7.1  16.06.2026  15:10:35
  5   9   1  13  $12    0.001    57.4982 1445087.56   0.0   -170.68   0.0  16.06.2026  15:10:38
  6  10   2  14  $12    0.001    23.2246 583698.75   0.0      1.76  16.4  16.06.2026  15:10:40
  7  11   3  15  $12    0.001    21.8873 550088.70   0.0     12.17   1.0  16.06.2026  15:10:42
  8  12   4  16  $12    0.001    21.2147 533184.65   0.0      3.14   1.7  16.06.2026  15:10:44
  9  13   5   1  $12    0.001    34.7944 2623435.85   0.0     67.13   0.4  16.06.2026  15:10:47
 10  14   6   2  $12    0.001    24.1867 1823637.54   0.0     -2.06  19.5  16.06.2026  15:10:49
 11  15   7   3  $12    0.001    22.0060 1659215.34   0.0      9.94   2.0  16.06.2026  15:10:51
 12  16   8   4  $12    0.001    22.1586 1670718.92   0.0      1.74  17.1  16.06.2026  15:10:53
 13   1   9   5  $12    0.001    53.5258 1345250.02   0.2   -194.90   0.4  16.06.2026  15:10:56
 14   2  10   6  $12    0.001    23.1537 581915.54   0.0      2.23   6.1  16.06.2026  15:10:58
 15   3  11   7  $12    0.001    22.0406 553941.40   0.0      4.81   1.6  16.06.2026  15:11:00
 16   4  12   8  $12    0.001    21.1640 531909.20   0.0      5.04   8.4  16.06.2026  15:11:02
  1   2   5   6  $12    0.001   -58.6524 11055713.46   0.2   3902.23   0.2  16.06.2026  15:11:05
  1   2   6   7  $12    0.001   -47.4567 17890758.38   0.0   -687.07   0.0  16.06.2026  15:11:07
  1   2   7   8  $12    0.001    -5.8307 3846744.88   0.0   -688.19   0.1  16.06.2026  15:11:09
  1   2   9  10  $12    0.001   -86.1689 136436693.69   0.1   2489.52   0.1  16.06.2026  15:11:12
  1   2  10  11  $12    0.001   -53.8153 121727447.31   0.0   -673.25   0.0  16.06.2026  15:11:14
  1   2  11  12  $12    0.001     2.8042 8721440.58   0.4   -736.43   0.5  16.06.2026  15:11:16
  1   2  13  14  $12    0.001    -5.6757 30597789.13  10.3  47295.23  10.6  16.06.2026  15:11:18
  1   2  14  15  $12    0.001   -56.5812 388216949.39   0.0   -678.83   0.1  16.06.2026  15:11:21
  1   2  15  16  $12    0.001    -2.3751 20369965.71   0.1   -813.75   0.2  16.06.2026  15:11:23
  1   3   5   7  $12    0.001  -134.3757 5065845.15   0.3   1379.88   0.9  16.06.2026  15:11:25
  1   3   6   8  $12    0.001   -54.9870 4534605.78   0.0   -718.15   0.1  16.06.2026  15:11:28
  1   3   9  11  $12    0.001  -176.9079 66692724.73   0.1    853.27   0.0  16.06.2026  15:11:30
  1   3  10  12  $12    0.001   -53.5673 29155650.47   0.0   -691.93   0.1  16.06.2026  15:11:33
  1   3  13  15  $12    0.001   -89.4327 118003662.75   0.7   2443.28   0.8  16.06.2026  15:11:35
  1   3  14  16  $12    0.001   -60.9169 102625492.14   0.0   -707.17   0.1  16.06.2026  15:11:38
  2   4   6   8  $12    0.001    -2.4222  91314.41   0.7  -1140.49   0.2  16.06.2026  15:11:40
  2   4  10  12  $12    0.001    -3.5279 1329994.87   0.3   -713.99   2.2  16.06.2026  15:11:42
  2   4  14  16  $12    0.001    -2.8771 3796292.28   0.7  -1077.13   1.8  16.06.2026  15:11:44
  1   4   5   8  $12    0.001  -197.1382 1926797.76   0.6    635.74   0.9  16.06.2026  15:11:47
  1   4   9  12  $12    0.001  -192.2542 29528121.86   0.1    682.20   0.5  16.06.2026  15:11:50
  1   4  13  16  $12    0.001  -123.6116 69900714.72   0.6   1743.83   1.0  16.06.2026  15:11:52
  5   6   9  10  $12    0.001   -88.2848 16641284.62   0.1   2382.60   0.3  16.06.2026  15:11:54
  5   6  10  11  $12    0.001   -52.6256 19839386.75   0.0   -683.84   0.2  16.06.2026  15:11:57
  5   6  11  12  $12    0.001     3.3740 2225970.54   0.5   -613.13   0.5  16.06.2026  15:11:59
  5   6  13  14  $12    0.001     4.1447 6562566.10  18.2 -68397.30  18.5  16.06.2026  15:12:01
  5   6  14  15  $12    0.001   -56.9901 128908573.43   0.0   -663.41   0.1  16.06.2026  15:12:04
  5   6  15  16  $12    0.001    -2.7194 8457682.87   0.0   -710.91   0.1  16.06.2026  15:12:06
  5   6   1   2  $12    0.001   -45.4448 8566138.29   0.4   4845.71   0.2  16.06.2026  15:12:08
  5   6   2   3  $12    0.001   -49.9615 3767011.87   0.0   -681.17   0.0  16.06.2026  15:12:11
  5   6   3   4  $12    0.001    -2.3032  43413.97   0.2   -553.79   0.6  16.06.2026  15:12:13
  5   7   9  11  $12    0.001  -170.4603 6426201.65   0.0    930.48   0.2  16.06.2026  15:12:15
  5   7  10  12  $12    0.001   -50.9282 4199882.00   0.0   -719.06   0.0  16.06.2026  15:12:18
  5   7  13  15  $12    0.001   -87.9388 33152130.80   0.3   2636.15   0.2  16.06.2026  15:12:20
  5   7  14  16  $12    0.001   -62.3810 33952795.58   0.0   -686.34   0.1  16.06.2026  15:12:23
  5   7   1   3  $12    0.001  -133.1296 5018868.11   0.9   1101.65   1.3  16.06.2026  15:12:25
  5   7   2   4  $12    0.001   -53.6291 631803.54   0.0   -701.82   0.0  16.06.2026  15:12:27
  6   8  10  12  $12    0.001    -2.1926  82658.28   0.7  -1229.78   2.4  16.06.2026  15:12:30
  6   8  14  16  $12    0.001    -4.1965 1582054.44   0.2   -733.48   1.4  16.06.2026  15:12:32
  6   8   2   4  $12    0.001    -2.4294  91585.41   0.2  -1109.79   1.4  16.06.2026  15:12:34
  5   8   9  12  $12    0.001  -166.4926 1627272.55   0.0    889.67   0.3  16.06.2026  15:12:36
  5   8  13  16  $12    0.001   -92.9590 14277469.95   0.3   2175.54   0.9  16.06.2026  15:12:39
  5   8   1   4  $12    0.001  -151.2398 1478194.46   0.9    825.19   1.6  16.06.2026  15:12:41
  9  10  13  14  $12    0.001    -5.7090 1076124.04   5.1  46107.53   4.9  16.06.2026  15:12:44
  9  10  14  15  $12    0.001   -53.0676 20005995.10   0.0   -671.37   0.0  16.06.2026  15:12:46
  9  10  15  16  $12    0.001    -2.2588 1490190.73   0.2   -829.41   0.3  16.06.2026  15:12:48
  9  10   1   2  $12    0.001   -44.9637 71193836.51   0.2   5262.97   0.2  16.06.2026  15:12:51
  9  10   2   3  $12    0.001   -47.9974 50664911.22   0.0   -660.88   0.0  16.06.2026  15:12:53
  9  10   3   4  $12    0.010    15.1212 997598.27   0.2   -716.23   0.4  16.06.2026  15:12:57
  9  10   5   6  $12    0.001   -76.9588 14506392.66   0.4   2743.58   0.4  16.06.2026  15:13:02
  9  10   6   7  $12    0.001   -45.6018 3438291.52   0.0   -682.35   0.0  16.06.2026  15:13:05
  9  10   7   8  $12    0.001    -6.4947 122421.68   0.0   -633.74   0.0  16.06.2026  15:13:07
  9  11  13  15  $12    0.001   -78.3005 2951857.94   0.4   3064.64   0.5  16.06.2026  15:13:09
  9  11  14  16  $12    0.001   -59.3017 4890421.77   0.0   -703.52   0.1  16.06.2026  15:13:12
  9  11   1   3  $12    0.001  -137.2098 51726878.19   0.0   1163.98   0.4  16.06.2026  15:13:14
  9  11   2   4  $12    0.001   -53.4756 13229892.20   0.0   -679.13   0.1  16.06.2026  15:13:17
  9  11   5   7  $12    0.001  -148.3391 5592252.09   0.0    962.30   0.2  16.06.2026  15:13:19
  9  11   6   8  $12    0.001   -53.6918 632541.27   0.0   -705.29   0.1  16.06.2026  15:13:22
 10  12  14  16  $12    0.001    -2.8508 107470.78   0.0  -1031.93   1.4  16.06.2026  15:13:24
 10  12   2   4  $12    0.001    -3.5488 1337848.28   0.3   -729.43   0.6  16.06.2026  15:13:26
 10  12   6   8  $12    0.001    -2.2610  85238.69   0.5  -1176.67   1.2  16.06.2026  15:13:28
  9  12  13  16  $12    0.001  -104.8765 1025046.58   0.1   2095.60   0.4  16.06.2026  15:13:31
  9  12   1   4  $12    0.001  -149.9011 23023156.51   0.5   1155.16   0.8  16.06.2026  15:13:33
  9  12   5   8  $12    0.001  -142.1345 1389200.66   0.2   1290.10   0.3  16.06.2026  15:13:36
 13  14   1   2  $12    0.001   -83.5598 450468474.20   0.1   2942.00   0.1  16.06.2026  15:13:38
 13  14   2   3  $12    0.001   -67.4827 279843987.70   0.0   -669.33   0.0  16.06.2026  15:13:41
 13  14   3   4  $12    0.001    -1.7840 5548656.60   0.5   -755.52   1.1  16.06.2026  15:13:46
 13  14   5   6  $12    0.001   -85.5872 135515638.47   0.0   2867.22   0.0  16.06.2026  15:13:48
 13  14   6   7  $12    0.001   -67.5599 71314601.98   0.0   -667.08   0.2  16.06.2026  15:13:51
 13  14   7   8  $12    0.001    -8.2367 5434066.20   0.0   -668.58   0.2  16.06.2026  15:13:53
 13  14   9  10  $12    0.001  -105.4916 19884697.90   0.1   2285.79   0.1  16.06.2026  15:13:55
 13  14  10  11  $12    0.001   -75.1120 5663307.64   0.0   -670.61   0.0  16.06.2026  15:13:58
 13  14  11  12  $12    0.001     2.6006  49019.59   0.5   -885.78   1.2  16.06.2026  15:14:00
 13  15   1   3  $12    0.001  -263.7392 347995707.79   0.0    244.96   1.3  16.06.2026  15:14:02
 13  15   2   4  $12    0.001   -73.4116 74204971.37   0.0   -692.24   0.0  16.06.2026  15:14:05
 13  15   5   7  $12    0.001  -247.8913 93452811.07   0.5    486.07   1.1  16.06.2026  15:14:07
 13  15   6   8  $12    0.001   -75.4439 18664846.75   0.0   -682.74   0.0  16.06.2026  15:14:09
 13  15   9  11  $12    0.001  -254.9780 9612445.06   0.0    460.84   0.3  16.06.2026  15:14:12
 13  15  10  12  $12    0.001   -72.2444 851108.82   0.0   -689.09   0.0  16.06.2026  15:14:14
 14  16   2   4  $12    0.001    -2.8228 3724643.77   0.2  -1061.16   1.1  16.06.2026  15:14:16
 14  16   6   8  $12    0.001    -4.1780 1575074.08   0.5   -735.56   1.3  16.06.2026  15:14:19
 14  16  10  12  $12    0.001    -2.7519 103744.76   0.2  -1078.71   1.7  16.06.2026  15:14:21
 13  16   1   4  $12    0.001  -210.7269 119163247.01   0.2    911.31   0.3  16.06.2026  15:14:23
 13  16   5   8  $12    0.001  -227.9900 35016753.36   0.1    798.20   0.0  16.06.2026  15:14:26
 13  16   9  12  $12    0.001  -236.3776 2310318.15   0.1    689.35   0.2  16.06.2026  15:14:28
  1   5   2   6  $12    0.001   263.6742 1129577.56   0.0     64.74   0.0  16.06.2026  15:14:31
  1   5   3   7  $12    0.001   100.5391 1895117.95   0.0     -9.68   0.2  16.06.2026  15:14:33
  1   5   4   8  $12    0.001    51.2565 676313.90   0.0      2.72   3.5  16.06.2026  15:14:36
  1   6   2   7  $12    0.001   218.1965 865875.20   0.0    133.17   0.0  16.06.2026  15:14:38
  1   6   3   8  $12    0.001    81.1414 973304.50   0.0     27.86   0.2  16.06.2026  15:14:41
  1   7   2   8  $12    0.001   181.0391 686423.59   0.0    202.49   0.0  16.06.2026  15:14:43
  1   9   2  10  $12    0.001   263.6742 948845.15   0.0     96.38   0.0  16.06.2026  15:14:46
  1   9   3  11  $12    0.001   127.3039 1090737.66   0.0     -8.75   0.2  16.06.2026  15:14:48
  1   9   4  12  $12    0.001    77.2536 1291786.34   0.0    -10.41   0.6  16.06.2026  15:14:51
  1  10   2  11  $12    0.001   253.1087 895960.05   0.0    101.03   0.0  16.06.2026  15:14:53
  1  10   3  12  $12    0.001   121.1622 993541.20   0.0    -53.23   0.0  16.06.2026  15:14:56
  1  11   3  12  $12    0.001   153.4062 750631.99   0.0    -54.20   0.0  16.06.2026  15:14:58
  1  13   2  14  $12    0.001   263.6742 904236.89   0.0     56.63   0.0  16.06.2026  15:15:00
  1  13   3  15  $12    0.001    98.5480 747305.09   0.0    -12.90   0.1  16.06.2026  15:15:03
  1  13   4  16  $12    0.001    53.4340 686732.34   0.0    -12.87   0.2  16.06.2026  15:15:05
  1  14   2  15  $12    0.001   219.0385 745843.97   0.0    121.03   0.1  16.06.2026  15:15:08
  1  14   3  16  $12    0.001    88.8544 662716.79   0.0    -17.87   0.2  16.06.2026  15:15:10
  1  15   2  16  $12    0.001   191.3721 647715.88   0.0    169.83   0.0  16.06.2026  15:15:13
  5   9   6  10  $12    0.001   263.6742 1129577.56   0.0     81.88   0.0  16.06.2026  15:15:15
  5   9   7  11  $12    0.001   104.1762 1963675.66   0.0     -5.32   0.5  16.06.2026  15:15:18
  5   9   8  12  $12    0.001    56.2581 742307.82   0.0      0.27  42.8  16.06.2026  15:15:20
  5  10   6  11  $12    0.001   234.3276 929888.49   0.0    106.82   0.1  16.06.2026  15:15:23
  5  10   7  12  $12    0.001    99.2219 1190184.20   0.0    -57.70   0.0  16.06.2026  15:15:25
  5  11   6  12  $12    0.001   214.1869 812106.14   0.0    122.14   0.1  16.06.2026  15:15:28
  5  13   6  14  $12    0.001   263.6742 948845.15   0.0     82.43   0.0  16.06.2026  15:15:30
  5  13   7  15  $12    0.001   119.6700 1025329.81   0.0     -4.53   0.4  16.06.2026  15:15:33
  5  13   8  16  $12    0.001    73.4204 1227690.14   0.0     -3.42   1.4  16.06.2026  15:15:35
  5  14   6  15  $12    0.001   246.8896 873945.50   0.0    100.59   0.1  16.06.2026  15:15:37
  5  14   7  16  $12    0.001   110.8456 908943.50   0.0    -17.15   0.2  16.06.2026  15:15:40
  5  15   7  16  $12    0.001   135.8232 664596.36   0.0    -21.29   0.1  16.06.2026  15:15:42
  5   1   6   2  $12    0.001   263.6742 1129577.56   0.0     64.67   0.0  16.06.2026  15:15:45
  5   1   7   3  $12    0.001   100.6122 1896494.67   0.0     -9.72   0.0  16.06.2026  15:15:47
  5   1   8   4  $12    0.001    51.2717 676514.25   0.0      2.43   2.5  16.06.2026  15:15:50
  5   2   6   3  $12    0.001   224.8891 1130415.91   0.0    121.05   0.1  16.06.2026  15:15:52
  5   2   7   4  $12    0.001    83.6254 2627169.11   0.0     -4.75   0.3  16.06.2026  15:15:55
  5   3   6   4  $12    0.001   190.4126 1794596.63   0.0    168.06   0.0  16.06.2026  15:15:57
  9  13  10  14  $12    0.001   263.6742 1129577.56   0.0     76.17   0.0  16.06.2026  15:16:00
  9  13  11  15  $12    0.001   102.0807 1924175.95   0.0     -1.99   0.2  16.06.2026  15:16:02
  9  13  12  16  $12    0.001    57.0193 752351.74   0.0     20.73   0.2  16.06.2026  15:16:04
  9  14  10  15  $12    0.001   234.4217 930262.03   0.0    128.32   0.1  16.06.2026  15:16:07
  9  14  11  16  $12    0.001    93.0055 1115616.56   0.0      5.57   0.1  16.06.2026  15:16:10
  9  15  10  16  $12    0.001   207.7053 787530.71   0.0    173.41   0.1  16.06.2026  15:16:12
  9   1  10   2  $12    0.001   263.6742 948845.15   0.0     96.29   0.0  16.06.2026  15:16:14
  9   1  11   3  $12    0.001   127.4123 1091666.28   0.0     -8.90   0.1  16.06.2026  15:16:17
  9   1  12   4  $12    0.001    77.3574 1293522.94   0.0    -10.38   0.7  16.06.2026  15:16:19
  9   2  10   3  $12    0.001   257.4564 946915.01   0.0    122.06   0.0  16.06.2026  15:16:22
  9   2  11   4  $12    0.001   109.0608 994716.37   0.0      7.30   0.2  16.06.2026  15:16:24
  9   3  11   4  $12    0.001   132.9364 710863.14   0.0      0.38   0.3  16.06.2026  15:16:27
  9   5  10   6  $12    0.001   263.6742 1129577.56   0.0     82.05   0.0  16.06.2026  15:16:29
  9   5  11   7  $12    0.001   104.2923 1965863.99   0.0     -5.45   0.2  16.06.2026  15:16:32
  9   5  12   8  $12    0.001    56.3528 743557.86   0.0      0.41  54.6  16.06.2026  15:16:34
  9   6  10   7  $12    0.001   231.2494 1162386.28   0.0    140.37   0.0  16.06.2026  15:16:37
  9   6  11   8  $12    0.001    82.5294 2592738.04   0.0     54.99   0.1  16.06.2026  15:16:39
  9   7  10   8  $12    0.001   194.2847 1831089.88   0.0    207.76   0.0  16.06.2026  15:16:42
 13   1  14   2  $12    0.001   263.6742 904236.89   0.0     57.83   0.0  16.06.2026  15:16:44
 13   1  15   3  $12    0.001    98.6882 748367.66   0.0    -12.45   0.1  16.06.2026  15:16:46
 13   1  16   4  $12    0.001    53.4980 687555.19   0.0    -11.90   0.3  16.06.2026  15:16:49
 13   2  14   3  $12    0.001   189.7711 656348.82   0.0    253.48   0.0  16.06.2026  15:16:51
 13   2  15   4  $12    0.001    79.7406 617051.59   0.0     18.54   0.2  16.06.2026  15:16:54
 13   3  14   4  $12    0.001   162.8412 569061.76   0.0    302.19   0.0  16.06.2026  15:16:56
 13   5  14   6  $12    0.001   263.6742 948845.15   0.0     82.72   0.0  16.06.2026  15:16:59
 13   5  15   7  $12    0.001   119.8282 1026685.34   0.0     -4.50   0.2  16.06.2026  15:17:01
 13   5  16   8  $12    0.001    73.5153 1229277.27   0.0     -3.30   1.0  16.06.2026  15:17:04
 13   6  14   7  $12    0.001   209.1362 769194.94   0.0    232.20   0.0  16.06.2026  15:17:06
 13   6  15   8  $12    0.001    94.8490 865094.36   0.0     55.90   0.1  16.06.2026  15:17:09
 13   7  15   8  $12    0.001   117.2946 627220.11   0.0     36.91   0.3  16.06.2026  15:17:11
 13   9  14  10  $12    0.001   263.6742 1129577.56   0.0     76.05   0.0  16.06.2026  15:17:14
 13   9  15  11  $12    0.001   102.1250 1925011.27   0.0     -1.74   0.6  16.06.2026  15:17:16
 13   9  16  12  $12    0.001    56.9671 751662.91   0.0     22.42   0.3  16.06.2026  15:17:18
 13  10  14  11  $12    0.001   198.8240 999398.34   0.0    230.31   0.0  16.06.2026  15:17:21
 13  10  15  12  $12    0.001    94.9733 2983675.76   0.0    -51.36   0.1  16.06.2026  15:17:23
 13  11  14  12  $12    0.001   180.0927 1697333.79   0.0    257.09   0.0  16.06.2026  15:17:26
