//C:\Users\user\Desktop\GeoTom\GeoTomE724.ini
//- Cable direction:
//  cable I: normal
//  cable II: normal
//  cable III: normal
//  cable IV: normal
//- Cable arrangement: sequential
//- Optimization: Last measurement
//- Sorting: Multi-level
//- Current levels: 0.001 mA .. 10.0 mA
Type:         Flow
Name:         Hyprop
Comment:      Example of a measurements sequence
Comment:      
Comment:      
Spacing:      1.00000
First El:     0.00000
Nr of points: 180
IP present:   1

  1   2   4   3  $12    0.001     6.2043 116949.19   0.0      5.05   2.4  14.06.2026  12:10:08
  1   4   2   3  $12    0.001    25.7325 161682.00   0.0      5.35   0.0  14.06.2026  12:10:11
  5   6   8   7  $12    0.001     5.6380 106274.60   0.0     12.52   1.2  14.06.2026  12:10:13
  5   8   6   7  $12    0.001    24.7287 155374.98   0.0     15.77   1.6  14.06.2026  12:10:16
  9  10  12  11  $12    0.001     5.0216  94654.48   0.0     10.48   1.1  14.06.2026  12:10:18
  9  12  10  11  $12    0.001    26.4184 165991.83   0.0      8.25   0.3  14.06.2026  12:10:20
 13  14  16  15  $12    0.001     4.8447  91320.34   0.0     11.13   0.9  14.06.2026  12:10:22
 13  16  14  15  $12    0.001    25.5575 160582.73   0.0     12.30   0.6  14.06.2026  12:10:25
  1   5  13   9  $12    0.001     6.8170 513992.79   0.0      3.24   3.5  14.06.2026  12:10:27
  2   6  14  10  $12    0.001     5.9552 449013.36   0.0     11.86   2.8  14.06.2026  12:10:29
  3   7  15  11  $12    0.001     5.4736 412698.86   0.0      8.87   0.5  14.06.2026  12:10:31
  4   8  16  12  $12    0.001     5.8768 443098.02   0.0     11.98   1.1  14.06.2026  12:10:33
  5   9   1  13  $12    0.001     7.0308 176703.22   0.2     15.46   6.2  14.06.2026  12:10:35
  6  10   2  14  $12    0.001     6.3500 159593.75   0.0      9.52   1.6  14.06.2026  12:10:37
  7  11   3  15  $12    0.001     6.0489 152024.77   0.0     10.07   0.3  14.06.2026  12:10:39
  8  12   4  16  $12    0.001     6.3709 160117.31   0.0      8.35   0.3  14.06.2026  12:10:41
  9  13   5   1  $12    0.001     6.7822 511366.56   0.0      6.68   6.8  14.06.2026  12:10:44
 10  14   6   2  $12    0.001     5.9510 448691.80   0.0     13.65   0.5  14.06.2026  12:10:46
 11  15   7   3  $12    0.001     5.4616 411796.59   0.0      8.91   2.6  14.06.2026  12:10:48
 12  16   8   4  $12    0.001     5.8749 442954.23   0.0      9.03   1.7  14.06.2026  12:10:50
 13   1   9   5  $12    0.001     7.0739 177787.74   0.0      8.09   3.0  14.06.2026  12:10:52
 14   2  10   6  $12    0.001     6.3507 159609.81   0.0     10.96   2.3  14.06.2026  12:10:54
 15   3  11   7  $12    0.001     6.0369 151723.22   0.0     11.51   2.5  14.06.2026  12:10:56
 16   4  12   8  $12    0.001     6.3510 159616.92   0.0      6.37   6.1  14.06.2026  12:10:58
  1   2   5   6  $12    0.100    11.5549  21780.44   0.0    200.06   0.3  14.06.2026  12:11:03
  1   2   6   7  $12    0.100    15.7557  59397.70   0.0     32.59   0.4  14.06.2026  12:11:06
  1   2   7   8  $12    0.100    13.4273  88584.35   0.0     24.46   2.7  14.06.2026  12:11:08
  1   2   9  10  $12    0.100    -3.9254  62153.35   0.0  -1228.60   0.2  14.06.2026  12:11:10
  1   2  10  11  $12    0.100     3.1346  70902.98   0.0     86.02   0.9  14.06.2026  12:11:12
  1   2  11  12  $12    0.100     3.3965 105637.03   0.1     -4.60  17.9  14.06.2026  12:11:14
  1   2  13  14  $12    0.100     8.5441 460612.41   0.0    619.45   0.0  14.06.2026  12:11:16
  1   2  14  15  $12    0.100    20.0896 1378392.12   0.0      6.38   3.4  14.06.2026  12:11:18
  1   2  15  16  $12    0.100    14.5970 1251916.72   0.0     17.34   0.1  14.06.2026  12:11:20
  1   3   5   7  $12    0.010     6.9701  26276.56   0.0     52.25   1.8  14.06.2026  12:11:25
  1   3   6   8  $12    0.010     7.8873  65044.23   0.0     17.87   0.3  14.06.2026  12:11:27
  1   3   9  11  $12    0.100     5.7728  21762.82   0.0   1141.19   0.1  14.06.2026  12:11:31
  1   3  10  12  $12    0.100    17.0036  92547.56   0.0     20.60   0.3  14.06.2026  12:11:33
  1   3  13  15  $12    0.010     7.1397 942060.31   0.0     96.65   0.6  14.06.2026  12:11:38
  1   3  14  16  $12    0.010     8.3873 1412988.46   0.0     10.20   0.4  14.06.2026  12:11:40
  2   4   6   8  $12    0.010    10.2917  38798.75   0.0      9.48   0.3  14.06.2026  12:11:42
  2   4  10  12  $12    0.010     2.1738  81951.16   0.0     -0.37 328.0  14.06.2026  12:11:44
  2   4  14  16  $12    0.010    10.0331 1323832.63   0.0      8.13   1.2  14.06.2026  12:11:46
  1   4   5   8  $12    0.010    17.5646  17167.39   0.0     30.01   0.2  14.06.2026  12:11:48
  1   4   9  12  $12    0.010     2.9016  44565.12   0.1    222.43   0.4  14.06.2026  12:11:50
  1   4  13  16  $12    0.010    17.4938 989253.04   0.0     49.28   0.6  14.06.2026  12:11:52
  5   6   9  10  $12    0.100     6.5945  12430.31   0.0    699.61   0.2  14.06.2026  12:11:56
  5   6  10  11  $12    0.100    16.0443  60485.57   0.0     19.03   0.2  14.06.2026  12:11:58
  5   6  11  12  $12    0.100    13.8055  91079.88   0.0      1.72   3.3  14.06.2026  12:12:00
  5   6  13  14  $12    0.100    -4.1725  66065.18   0.3  -1229.40   0.4  14.06.2026  12:12:02
  5   6  14  15  $12    0.100     3.6962  83605.12   0.0     26.33   0.7  14.06.2026  12:12:04
  5   6  15  16  $12    0.100     2.8029  87173.67   0.0     75.14   0.2  14.06.2026  12:12:06
  5   6   1   2  $12    0.100    11.1664  21048.12   0.0    213.80   1.0  14.06.2026  12:12:08
  5   6   2   3  $12    0.100    16.8851  12731.05   0.0     41.91   0.5  14.06.2026  12:12:10
  5   6   3   4  $12    0.100    15.1096   2848.08   0.0     11.87   0.7  14.06.2026  12:12:12
  5   7   9  11  $12    0.010     6.3740  24029.49   0.0     88.00   0.1  14.06.2026  12:12:17
  5   7  10  12  $12    0.010     7.9027  65170.83   0.0      9.54   1.3  14.06.2026  12:12:19
  5   7  13  15  $12    0.100     7.7248  29121.84   0.1    795.30   0.1  14.06.2026  12:12:23
  5   7  14  16  $12    0.100    17.1997  93614.78   0.0     21.31   0.1  14.06.2026  12:12:25
  5   7   1   3  $12    0.010     6.9557  26222.52   0.0     53.45   3.6  14.06.2026  12:12:30
  5   7   2   4  $12    0.010     8.2941   9771.27   0.0     15.16   1.5  14.06.2026  12:12:32
  6   8  10  12  $12    0.010     9.8497  37132.63   0.0      7.79   1.7  14.06.2026  12:12:34
  6   8  14  16  $12    0.010     2.1229  80030.87   0.0      7.52   2.7  14.06.2026  12:12:36
  6   8   2   4  $12    0.010    10.3168  38893.40   0.0     10.42   1.5  14.06.2026  12:12:38
  5   8   9  12  $12    0.010    16.2851  15916.82   0.0     46.16   1.2  14.06.2026  12:12:40
  5   8  13  16  $12    0.010     2.9640  45524.50   0.0    233.02   0.9  14.06.2026  12:12:42
  5   8   1   4  $12    0.010    17.5317  17135.22   0.0     30.30   0.2  14.06.2026  12:12:44
  9  10  13  14  $12    0.100    -0.3466    653.38   1.2 -29234.93   1.3  14.06.2026  12:12:48
  9  10  14  15  $12    0.100    18.1592  68458.67   0.0     14.08   0.5  14.06.2026  12:12:50
  9  10  15  16  $12    0.100    12.3402  81412.24   0.0     38.51   0.5  14.06.2026  12:12:52
  9  10   1   2  $12    0.100    -4.4811  70952.26   0.0  -1082.70   0.1  14.06.2026  12:12:54
  9  10   2   3  $12    0.100     1.4801  15623.52   0.2    953.74   0.3  14.06.2026  12:13:00
  9  10   3   4  $12    0.100     3.3681  22220.78   0.0     20.67   1.2  14.06.2026  12:13:02
  9  10   5   6  $12    0.100     6.7053  12639.11   0.1    641.52   0.3  14.06.2026  12:13:04
  9  10   6   7  $12    0.100    15.5213  11702.80   0.0     57.26   0.0  14.06.2026  12:13:06
  9  10   7   8  $12    0.100    12.1588   2291.89   0.0     50.46   0.2  14.06.2026  12:13:08
  9  11  13  15  $12    0.010     6.2421  23532.13   0.0    191.78   0.4  14.06.2026  12:13:13
  9  11  14  16  $12    0.010     7.9777  65789.90   0.0     13.78   0.0  14.06.2026  12:13:15
  9  11   1   3  $12    0.100     5.4378  20499.84   0.0   1180.67   0.0  14.06.2026  12:13:18
  9  11   2   4  $12    0.100    15.5704  38521.19   0.0     95.48   0.0  14.06.2026  12:13:20
  9  11   5   7  $12    0.010     6.3546  23956.44   0.0     94.71   1.3  14.06.2026  12:13:25
  9  11   6   8  $12    0.010     7.6689   9034.76   0.0     29.14   1.3  14.06.2026  12:13:27
 10  12  14  16  $12    0.010     9.9486  37505.31   0.0      8.19   0.8  14.06.2026  12:13:29
 10  12   2   4  $12    0.010     2.1811  82226.11   0.2     10.36  19.5  14.06.2026  12:13:31
 10  12   6   8  $12    0.010     9.8363  37082.06   0.0      9.52   1.4  14.06.2026  12:13:33
  9  12  13  16  $12    0.010    16.0673  15703.98   0.0     85.42   1.2  14.06.2026  12:13:36
  9  12   1   4  $12    0.010     2.8626  43965.77   0.0    250.99   0.7  14.06.2026  12:13:38
  9  12   5   8  $12    0.010    16.2357  15868.50   0.0     48.30   0.2  14.06.2026  12:13:40
 13  14   1   2  $12    0.100     7.6580 412842.10   0.1    678.24   0.1  14.06.2026  12:13:43
 13  14   2   3  $12    0.100    15.7817 654451.55   0.0     95.94   0.1  14.06.2026  12:13:45
 13  14   3   4  $12    0.100    15.3521 477477.07   0.0      4.22   0.6  14.06.2026  12:13:48
 13  14   5   6  $12    0.100    -4.0194  63641.96   0.0  -1120.27   0.2  14.06.2026  12:13:50
 13  14   6   7  $12    0.100     2.0493  21632.15   0.1    457.87   0.2  14.06.2026  12:13:52
 13  14   7   8  $12    0.100     2.9777  19645.06   0.0    155.63   0.5  14.06.2026  12:13:54
 13  14   9  10  $12    0.100     0.7961   1500.58   0.5  11669.62   0.5  14.06.2026  12:13:56
 13  14  10  11  $12    0.100    17.1751  12949.72   0.0     35.40   0.1  14.06.2026  12:13:58
 13  14  11  12  $12    0.100    14.8537   2799.86   0.0     -1.92   2.3  14.06.2026  12:14:00
 13  15   1   3  $12    0.010     7.0555 930954.93   0.0    110.14   0.9  14.06.2026  12:14:05
 13  15   2   4  $12    0.010     8.4564 854783.81   0.0     22.67   1.4  14.06.2026  12:14:07
 13  15   5   7  $12    0.100     7.3892  27856.44   0.0    746.88   0.0  14.06.2026  12:14:11
 13  15   6   8  $12    0.100    16.5571  40962.24   0.0     85.05   0.1  14.06.2026  12:14:13
 13  15   9  11  $12    0.010     6.2437  23538.29   0.0    184.19   0.6  14.06.2026  12:14:17
 13  15  10  12  $12    0.010     8.6054  10138.04   0.0     16.52   0.6  14.06.2026  12:14:20
 14  16   2   4  $12    0.010    10.0510 1326201.10   0.0      8.89   2.6  14.06.2026  12:14:22
 14  16   6   8  $12    0.010     2.1167  79797.40   0.1      9.08  13.0  14.06.2026  12:14:24
 14  16  10  12  $12    0.010     9.9294  37432.86   0.0      7.20   1.7  14.06.2026  12:14:26
 13  16   1   4  $12    0.010    17.4283 985544.79   0.0     51.14   0.2  14.06.2026  12:14:28
 13  16   5   8  $12    0.010     2.8642  43990.40   0.0    246.26   0.7  14.06.2026  12:14:30
 13  16   9  12  $12    0.010    16.1236  15758.96   0.0     80.95   1.0  14.06.2026  12:14:32
  1   5   2   6  $12    0.001    55.1262 236160.09   0.0      9.14   0.3  14.06.2026  12:14:37
  1   5   3   7  $12    0.001    23.3949 440983.96   0.0      8.29   0.4  14.06.2026  12:14:40
  1   5   4   8  $12    0.001    12.5435 165507.77   0.0      5.64  11.4  14.06.2026  12:14:42
  1   6   2   7  $12    0.001    47.9450 190261.38   0.0      8.20   1.2  14.06.2026  12:14:44
  1   6   3   8  $12    0.001    20.7449 248839.09   0.0      5.40   1.1  14.06.2026  12:14:46
  1   7   2   8  $12    0.001    45.9013 174038.15   0.0     10.30   0.9  14.06.2026  12:14:49
  1   9   2  10  $12    0.001    62.3844 224493.59   0.0      7.76   1.0  14.06.2026  12:14:51
  1   9   3  11  $12    0.001    28.7263 246126.33   0.0      8.79   0.7  14.06.2026  12:14:54
  1   9   4  12  $12    0.001    17.4792 292277.15   0.0      8.47   0.2  14.06.2026  12:14:56
  1  10   2  11  $12    0.001    52.7084 186578.36   0.0     10.34   0.4  14.06.2026  12:14:59
  1  10   3  12  $12    0.001    25.8829 212242.45   0.0      7.62   1.7  14.06.2026  12:15:01
  1  11   3  12  $12    0.001    35.0494 171500.01   0.0      8.91   1.2  14.06.2026  12:15:04
  1  13   2  14  $12    0.001    55.3591 189846.96   0.0      8.06   0.8  14.06.2026  12:15:06
  1  13   3  15  $12    0.001    22.7617 172605.84   0.0      6.80   3.5  14.06.2026  12:15:08
  1  13   4  16  $12    0.001    12.5665 161504.20   0.0      5.74  10.0  14.06.2026  12:15:10
  1  14   2  15  $12    0.001    46.3634 157871.09   0.0      8.88   1.1  14.06.2026  12:15:13
  1  14   3  16  $12    0.001    20.5835 153521.09   0.0      8.11   1.1  14.06.2026  12:15:15
  1  15   2  16  $12    0.001    45.8766 155273.30   0.0     11.16   0.7  14.06.2026  12:15:17
  5   9   6  10  $12    0.001    55.7730 238931.07   0.0     12.22   0.2  14.06.2026  12:15:19
  5   9   7  11  $12    0.001    23.3307 439772.77   0.0     10.48   1.0  14.06.2026  12:15:22
  5   9   8  12  $12    0.001    12.8536 169598.73   0.0     10.10   1.1  14.06.2026  12:15:24
  5  10   6  11  $12    0.001    46.7381 185472.29   0.0     11.66   0.5  14.06.2026  12:15:27
  5  10   7  12  $12    0.001    20.7258 248609.95   0.0      9.48   0.6  14.06.2026  12:15:29
  5  11   6  12  $12    0.001    46.0530 174613.49   0.0     10.72   0.1  14.06.2026  12:15:31
  5  13   6  14  $12    0.001    61.0360 219641.15   0.0     13.13   0.0  14.06.2026  12:15:34
  5  13   7  15  $12    0.001    28.3123 242579.50   0.0     10.68   0.1  14.06.2026  12:15:36
  5  13   8  16  $12    0.001    17.7611 296990.91   0.0      8.77   1.4  14.06.2026  12:15:38
  5  14   6  15  $12    0.001    51.7901 183327.67   0.0      9.94   0.0  14.06.2026  12:15:41
  5  14   7  16  $12    0.001    25.9828 213061.42   0.0     11.23   2.2  14.06.2026  12:15:44
  5  15   7  16  $12    0.001    34.6823 169704.05   0.0     13.27   1.2  14.06.2026  12:15:46
  5   1   6   2  $12    0.001    55.2443 236666.05   0.0     10.57   0.3  14.06.2026  12:15:49
  5   1   7   3  $12    0.001    23.4384 441803.47   0.0      9.81   0.3  14.06.2026  12:15:51
  5   1   8   4  $12    0.001    12.5491 165581.74   0.0     12.30   0.7  14.06.2026  12:15:53
  5   2   6   3  $12    0.001    48.1213 241883.86   0.0      9.73   0.2  14.06.2026  12:15:56
  5   2   7   4  $12    0.001    20.6547 648888.01   0.0      6.86   1.3  14.06.2026  12:15:58
  5   3   6   4  $12    0.001    45.8177 431822.08   0.0     13.07   0.3  14.06.2026  12:16:00
  9  13  10  14  $12    0.001    55.1662 236331.66   0.0      9.22   0.2  14.06.2026  12:16:03
  9  13  11  15  $12    0.001    21.7331 409658.43   0.0      8.68   0.7  14.06.2026  12:16:05
  9  13  12  16  $12    0.001    12.0979 159627.39   0.0      6.61   2.4  14.06.2026  12:16:07
  9  14  10  15  $12    0.001    46.2196 183414.33   0.0      9.41   0.6  14.06.2026  12:16:09
  9  14  11  16  $12    0.001    19.7591 237013.36   0.0      9.78   1.1  14.06.2026  12:16:12
  9  15  10  16  $12    0.001    45.8392 173802.94   0.0     13.62   0.2  14.06.2026  12:16:14
  9   1  10   2  $12    0.001    62.3969 224538.61   0.0     10.63   0.0  14.06.2026  12:16:17
  9   1  11   3  $12    0.001    28.7601 246416.33   0.0      9.26   0.6  14.06.2026  12:16:19
  9   1  12   4  $12    0.001    17.4782 292260.16   0.0      8.73   0.5  14.06.2026  12:16:21
  9   2  10   3  $12    0.001    54.9560 202125.99   0.0      6.50   0.4  14.06.2026  12:16:24
  9   2  11   4  $12    0.001    25.7183 234570.27   0.0      6.86   0.5  14.06.2026  12:16:26
  9   3  11   4  $12    0.001    34.9073 186662.88   0.0     11.01   0.2  14.06.2026  12:16:29
  9   5  10   6  $12    0.001    55.8092 239085.95   0.0     11.64   0.1  14.06.2026  12:16:31
  9   5  11   7  $12    0.001    23.3075 439335.66   0.0     11.78   0.4  14.06.2026  12:16:34
  9   5  12   8  $12    0.001    12.8224 169187.95   0.0     12.25   0.8  14.06.2026  12:16:36
  9   6  10   7  $12    0.001    48.4482 243527.17   0.0     11.66   0.2  14.06.2026  12:16:38
  9   6  11   8  $12    0.001    20.6056 647345.38   0.0      9.54   0.8  14.06.2026  12:16:40
  9   7  10   8  $12    0.001    46.3465 436805.62   0.0     12.72   0.3  14.06.2026  12:16:43
 13   1  14   2  $12    0.001    55.2974 189635.44   0.0      8.69   0.6  14.06.2026  12:16:45
 13   1  15   3  $12    0.001    22.7635 172619.11   0.0      6.73   0.3  14.06.2026  12:16:47
 13   1  16   4  $12    0.001    12.5682 161525.62   0.0      5.41   3.3  14.06.2026  12:16:49
 13   2  14   3  $12    0.001    48.4864 167696.85   0.0      8.11   0.5  14.06.2026  12:16:52
 13   2  15   4  $12    0.001    20.0861 155431.16   0.0      8.96   0.7  14.06.2026  12:16:54
 13   3  14   4  $12    0.001    46.1857 161399.61   0.0     13.14   0.3  14.06.2026  12:16:56
 13   5  14   6  $12    0.001    61.1841 220174.12   0.0     13.79   0.1  14.06.2026  12:16:59
 13   5  15   7  $12    0.001    28.3619 243004.53   0.0     10.39   0.9  14.06.2026  12:17:02
 13   5  16   8  $12    0.001    17.7652 297059.25   0.0      9.78   1.4  14.06.2026  12:17:04
 13   6  14   7  $12    0.001    53.3467 196207.12   0.0     12.48   0.7  14.06.2026  12:17:06
 13   6  15   8  $12    0.001    25.2800 230572.87   0.0     10.39   0.6  14.06.2026  12:17:09
 13   7  15   8  $12    0.001    33.9774 181690.69   0.0     12.21   0.7  14.06.2026  12:17:11
 13   9  14  10  $12    0.001    55.1938 236449.50   0.0     10.90   1.6  14.06.2026  12:17:14
 13   9  15  11  $12    0.001    21.7976 410874.17   0.0      8.43   0.9  14.06.2026  12:17:16
 13   9  16  12  $12    0.001    12.1155 159860.23   0.0     11.74   0.8  14.06.2026  12:17:18
 13  10  14  11  $12    0.001    46.0153 231298.09   0.0     12.57   0.1  14.06.2026  12:17:20
 13  10  15  12  $12    0.001    19.1850 602714.35   0.0     10.55   0.6  14.06.2026  12:17:22
 13  11  14  12  $12    0.001    45.2351 426330.53   0.0     11.82   0.0  14.06.2026  12:17:25
