//C:\Users\user\Desktop\GeoTom\GeoTomE724.ini
//- Cable direction:
//  cable I: normal
//  cable II: normal
//  cable III: normal
//  cable IV: normal
//- Cable arrangement: sequential
//- Optimization: Last measurement
//- Sorting: Multi-level
//- Current levels: 0.001 mA .. 10.0 mA
Type:         Flow
Name:         Hyprop
Comment:      Example of a measurements sequence
Comment:      
Comment:      
Spacing:      1.00000
First El:     0.00000
Nr of points: 180
IP present:   1

  1   2   4   3  $12    0.010     8.7880  16565.04   0.0      7.60   1.0  10.06.2026  23:10:05
  1   4   2   3  $12    0.010    22.1165  13896.23   0.0      9.13   0.9  10.06.2026  23:10:08
  5   6   8   7  $12    0.010     7.2960  13752.59   0.0      0.01 1720.8  10.06.2026  23:10:10
  5   8   6   7  $12    0.010    21.6329  13592.33   0.0      3.93   2.9  10.06.2026  23:10:12
  9  10  12  11  $12    0.010     7.7381  14585.96   0.0     10.31   2.3  10.06.2026  23:10:14
  9  12  10  11  $12    0.010    22.4795  14124.31   0.0      2.93   3.6  10.06.2026  23:10:16
 13  14  16  15  $12    0.010     8.6193  16247.05   0.0     -2.34   6.2  10.06.2026  23:10:18
 13  16  14  15  $12    0.010    21.3761  13431.03   0.0      6.14   1.0  10.06.2026  23:10:20
  1   5  13   9  $12    0.010     5.4731  41266.09   0.0     -0.76  11.9  10.06.2026  23:10:22
  2   6  14  10  $12    0.010     4.3338  32675.78   0.0      0.48  17.3  10.06.2026  23:10:24
  3   7  15  11  $12    0.010     4.4255  33367.26   0.0     -0.74  35.2  10.06.2026  23:10:26
  4   8  16  12  $12    0.010     5.4737  41270.99   0.2      3.33  38.5  10.06.2026  23:10:28
  5   9   1  13  $12    0.010     5.6037  14083.64   0.0     -3.80  10.7  10.06.2026  23:10:30
  6  10   2  14  $12    0.010     4.5684  11481.67   0.0      5.42   8.0  10.06.2026  23:10:32
  7  11   3  15  $12    0.010     4.5592  11458.49   0.0     -1.15  15.4  10.06.2026  23:10:34
  8  12   4  16  $12    0.010     5.3135  13354.35   0.0     -2.36   2.5  10.06.2026  23:10:36
  9  13   5   1  $12    0.010     5.4465  41065.57   0.0      5.71   8.3  10.06.2026  23:10:39
 10  14   6   2  $12    0.010     4.3636  32900.56   0.0     -4.91   6.0  10.06.2026  23:10:41
 11  15   7   3  $12    0.010     4.4275  33382.51   0.0      3.02   9.0  10.06.2026  23:10:43
 12  16   8   4  $12    0.010     5.4792  41312.55   0.0     -2.47  17.1  10.06.2026  23:10:45
 13   1   9   5  $12    0.010     5.6007  14076.16   0.0      0.31  65.4  10.06.2026  23:10:47
 14   2  10   6  $12    0.010     4.5696  11484.59   0.0      3.26  10.9  10.06.2026  23:10:49
 15   3  11   7  $12    0.010     4.5663  11476.27   0.0      0.89  24.8  10.06.2026  23:10:51
 16   4  12   8  $12    0.010     5.3073  13338.62   0.1     -1.06 154.5  10.06.2026  23:10:53
  1   2   5   6  $12    0.100     4.4715   8428.53   0.0     -1.13   7.7  10.06.2026  23:10:57
  1   2   6   7  $12    0.100     4.1928  15806.48   0.0     -0.35 307.4  10.06.2026  23:10:59
  1   2   7   8  $12    0.100     2.9175  19247.48   0.0      0.59  21.4  10.06.2026  23:11:01
  1   2   9  10  $12    1.000    16.4776  26089.96   0.0     -4.17   0.9  10.06.2026  23:11:05
  1   2  10  11  $12    1.000    17.1198  38723.99   0.0     -2.49   2.5  10.06.2026  23:11:07
  1   2  11  12  $12    1.000    13.6894  42576.48   0.0      3.81   2.4  10.06.2026  23:11:09
  1   2  13  14  $12    0.100     4.6818 252393.54   0.0     -3.00   1.0  10.06.2026  23:11:14
  1   2  14  15  $12    0.100     4.4707 306745.86   0.0      2.79   0.4  10.06.2026  23:11:16
  1   2  15  16  $12    0.100     3.3145 284266.96   0.0     -4.26   4.5  10.06.2026  23:11:18
  1   3   5   7  $12    0.100    17.5692   6623.42   0.0      2.71   4.2  10.06.2026  23:11:20
  1   3   6   8  $12    0.100    15.2759  12597.58   0.0      2.99   0.9  10.06.2026  23:11:22
  1   3   9  11  $12    0.100     7.0539  26592.63   0.1     -0.34 444.3  10.06.2026  23:11:24
  1   3  10  12  $12    0.100     6.5917  35877.45   0.2      3.55  82.8  10.06.2026  23:11:26
  1   3  13  15  $12    0.100    18.7716 247685.64   0.0      4.21   1.9  10.06.2026  23:11:28
  1   3  14  16  $12    0.100    16.8559 283967.95   0.0      2.47   0.6  10.06.2026  23:11:30
  2   4   6   8  $12    0.100    15.7107   5922.81   0.0      5.66   0.9  10.06.2026  23:11:32
  2   4  10  12  $12    0.100     6.6376  25023.21   0.0      3.33  34.7  10.06.2026  23:11:34
  2   4  14  16  $12    0.100    17.7885 234714.25   0.0      2.64   5.4  10.06.2026  23:11:36
  1   4   5   8  $12    0.010     3.5041   3424.85   0.0      0.03 531.8  10.06.2026  23:11:41
  1   4   9  12  $12    0.100    14.7143  22599.55   0.0      3.31   0.9  10.06.2026  23:11:45
  1   4  13  16  $12    0.010     3.8975 220399.44   0.0     -0.53  22.0  10.06.2026  23:11:50
  5   6   9  10  $12    0.100     4.8301   9104.60   0.0      3.15   1.1  10.06.2026  23:11:54
  5   6  10  11  $12    0.100     4.6552  17549.68   0.0      3.65  15.9  10.06.2026  23:11:56
  5   6  11  12  $12    0.100     3.3968  22409.58   0.0      4.47   5.4  10.06.2026  23:11:58
  5   6  13  14  $12    1.000    17.1735  27191.84   0.0      3.35   1.5  10.06.2026  23:12:01
  5   6  14  15  $12    1.000    18.0588  40848.06   0.0      3.90   0.8  10.06.2026  23:12:03
  5   6  15  16  $12    1.000    14.2805  44414.90   0.0     -0.54   9.2  10.06.2026  23:12:05
  5   6   1   2  $12    0.100     4.5082   8497.74   0.0     -1.75   9.6  10.06.2026  23:12:10
  5   6   2   3  $12    0.100     4.3739   3297.85   0.0      5.22   6.8  10.06.2026  23:12:12
  5   6   3   4  $12    0.100     3.2861    619.41   0.0      1.88  26.1  10.06.2026  23:12:15
  5   7   9  11  $12    0.100    19.2127   7243.02   0.0      3.91   2.6  10.06.2026  23:12:17
  5   7  10  12  $12    0.100    17.0246  14039.62   0.0      1.83  10.1  10.06.2026  23:12:19
  5   7  13  15  $12    0.100     7.2966  27507.38   0.0      1.46  85.9  10.06.2026  23:12:21
  5   7  14  16  $12    0.100     6.7282  36620.43   0.0      0.76  18.8  10.06.2026  23:12:23
  5   7   1   3  $12    0.100    17.5775   6626.54   0.0      2.57  29.8  10.06.2026  23:12:25
  5   7   2   4  $12    0.100    16.2544   1914.93   0.0      1.02  17.0  10.06.2026  23:12:27
  6   8  10  12  $12    0.100    16.1868   6102.28   0.0      4.81   1.4  10.06.2026  23:12:29
  6   8  14  16  $12    0.100     6.2916  23718.95   0.0      4.54   7.3  10.06.2026  23:12:31
  6   8   2   4  $12    0.100    15.7484   5937.02   0.0      5.46   2.6  10.06.2026  23:12:33
  5   8   9  12  $12    0.010     3.7150   3630.98   0.0      1.39   3.5  10.06.2026  23:12:38
  5   8  13  16  $12    0.100    14.4241  22153.82   0.0      2.71   1.0  10.06.2026  23:12:42
  5   8   1   4  $12    0.010     3.5140   3434.49   0.0     -0.42  58.6  10.06.2026  23:12:47
  9  10  13  14  $12    0.100     5.3543  10092.57   0.0      0.61  26.1  10.06.2026  23:12:50
  9  10  14  15  $12    0.100     4.9830  18785.64   0.0     -0.29  11.8  10.06.2026  23:12:52
  9  10  15  16  $12    0.100     3.3729  22252.31   0.0     -3.27   3.1  10.06.2026  23:12:54
  9  10   1   2  $12    1.000    16.5905  26268.80   0.0     -1.28   0.6  10.06.2026  23:12:58
  9  10   2   3  $12    1.000    17.9668  18965.28   0.0      5.57   2.0  10.06.2026  23:13:00
  9  10   3   4  $12    1.000    15.9460  10520.10   0.0      0.77   3.4  10.06.2026  23:13:02
  9  10   5   6  $12    0.100     4.8667   9173.45   0.0      1.45   5.2  10.06.2026  23:13:07
  9  10   6   7  $12    0.100     4.8209   3634.86   0.0      2.22   5.7  10.06.2026  23:13:09
  9  10   7   8  $12    0.100     3.2273    608.34   0.0     -0.72  30.2  10.06.2026  23:13:11
  9  11  13  15  $12    0.100    20.7984   7840.81   0.0      3.01   0.1  10.06.2026  23:13:13
  9  11  14  16  $12    0.100    17.7722  14656.16   0.0      2.42   0.2  10.06.2026  23:13:15
  9  11   1   3  $12    0.100     7.0764  26677.29   0.0     -0.04 918.8  10.06.2026  23:13:17
  9  11   2   4  $12    0.100     7.0188  17364.54   0.3      6.75  25.2  10.06.2026  23:13:19
  9  11   5   7  $12    0.100    19.2481   7256.35   0.0      4.00   0.2  10.06.2026  23:13:21
  9  11   6   8  $12    0.100    16.7684   1975.49   0.0      4.21   1.2  10.06.2026  23:13:23
 10  12  14  16  $12    0.100    17.6446   6651.86   0.0      3.52   3.7  10.06.2026  23:13:25
 10  12   2   4  $12    0.100     6.6514  25075.12   0.0      3.66  45.9  10.06.2026  23:13:27
 10  12   6   8  $12    0.100    16.1402   6084.70   0.0      4.71   5.5  10.06.2026  23:13:29
  9  12  13  16  $12    0.010     4.0283   3937.21   0.0      0.64  11.3  10.06.2026  23:13:34
  9  12   1   4  $12    0.100    14.7258  22617.23   0.0      2.81   0.2  10.06.2026  23:13:38
  9  12   5   8  $12    0.010     3.7175   3633.39   0.0      1.67   8.2  10.06.2026  23:13:43
 13  14   1   2  $12    0.100     4.7041 253595.67   0.0     -0.52  90.3  10.06.2026  23:13:47
 13  14   2   3  $12    0.100     4.6733 193796.46   0.0     11.41   8.1  10.06.2026  23:13:49
 13  14   3   4  $12    0.100     3.8535 119850.55   0.0      2.79  18.8  10.06.2026  23:13:51
 13  14   5   6  $12    1.000    17.1763  27196.27   0.0      0.97   3.0  10.06.2026  23:13:55
 13  14   6   7  $12    1.000    18.2130  19225.18   0.0      6.15   0.9  10.06.2026  23:13:57
 13  14   7   8  $12    1.000    14.0946   9298.72   0.0      0.10 131.6  10.06.2026  23:13:59
 13  14   9  10  $12    0.100     5.3735  10128.76   0.0      1.47   3.9  10.06.2026  23:14:04
 13  14  10  11  $12    0.100     5.1468   3880.56   0.0     -5.91   6.3  10.06.2026  23:14:06
 13  14  11  12  $12    0.100     3.6684    691.48   0.0      2.15  81.5  10.06.2026  23:14:08
 13  15   1   3  $12    0.100    18.9141 249566.18   0.0      2.82   3.0  10.06.2026  23:14:10
 13  15   2   4  $12    0.100    18.1322 183281.75   0.0      3.45   2.2  10.06.2026  23:14:12
 13  15   5   7  $12    0.100     7.3011  27524.61   0.0      2.86   1.4  10.06.2026  23:14:14
 13  15   6   8  $12    0.100     6.7375  16668.67   0.0      2.91   5.1  10.06.2026  23:14:16
 13  15   9  11  $12    0.100    20.8488   7859.81   0.0      1.64   3.6  10.06.2026  23:14:18
 13  15  10  12  $12    0.100    18.6088   2192.30   0.0      3.35   5.5  10.06.2026  23:14:20
 14  16   2   4  $12    0.100    17.8978 236155.52   0.0      2.51   1.8  10.06.2026  23:14:22
 14  16   6   8  $12    0.100     6.3010  23754.34   0.0      3.11   5.0  10.06.2026  23:14:24
 14  16  10  12  $12    0.100    17.6623   6658.54   0.0      1.82  14.7  10.06.2026  23:14:26
 13  16   1   4  $12    0.010     3.9120 221218.95   0.0     -1.11  20.5  10.06.2026  23:14:31
 13  16   5   8  $12    0.100    14.4395  22177.43   0.0      2.47   1.9  10.06.2026  23:14:35
 13  16   9  12  $12    0.010     4.0340   3942.78   0.0     -0.34  49.3  10.06.2026  23:14:40
  1   5   2   6  $12    0.001     3.4141  14626.02   0.0      3.45   6.9  10.06.2026  23:14:45
  1   5   3   7  $12    0.010    14.4476  27233.13   0.0      2.82   1.9  10.06.2026  23:14:49
  1   5   4   8  $12    0.010     7.5021   9898.75   0.0      2.93   2.5  10.06.2026  23:14:51
  1   6   2   7  $12    0.001     3.6499  14484.18   0.0      2.24   4.8  10.06.2026  23:14:56
  1   6   3   8  $12    0.010    15.4115  18486.36   0.0      3.01   1.7  10.06.2026  23:15:00
  1   7   2   8  $12    0.001     3.7208  14107.68   0.0      2.91   4.1  10.06.2026  23:15:05
  1   9   2  10  $12    0.001     3.8845  13978.51   0.0      5.12   4.4  10.06.2026  23:15:07
  1   9   3  11  $12    0.010    17.9017  15338.14   0.0      4.72   0.2  10.06.2026  23:15:10
  1   9   4  12  $12    0.010    10.2556  17148.81   0.0      3.40   1.1  10.06.2026  23:15:12
  1  10   2  11  $12    0.001     4.0777  14434.41   0.0      4.60   3.0  10.06.2026  23:15:17
  1  10   3  12  $12    0.010    18.6289  15275.87   0.0      3.45   0.7  10.06.2026  23:15:21
  1  11   3  12  $12    0.001     3.0612  14978.64   0.0      2.53  14.0  10.06.2026  23:15:26
  1  13   2  14  $12    0.001     3.3819  11597.79   0.0      4.68   5.8  10.06.2026  23:15:28
  1  13   3  15  $12    0.010    13.9875  10606.93   0.0      3.35   1.4  10.06.2026  23:15:32
  1  13   4  16  $12    0.010     6.9917   8985.69   0.0     -0.05 702.8  10.06.2026  23:15:34
  1  14   2  15  $12    0.001     3.7414  12739.64   0.0      2.14   7.9  10.06.2026  23:15:39
  1  14   3  16  $12    0.010    14.8922  11107.26   0.0      3.92   1.6  10.06.2026  23:15:43
  1  15   2  16  $12    0.001     3.6427  12329.20   0.0      5.59   3.4  10.06.2026  23:15:48
  5   9   6  10  $12    0.001     3.4802  14909.19   0.0      2.95   7.1  10.06.2026  23:15:50
  5   9   7  11  $12    0.010    14.5677  27459.47   0.0      2.46   1.9  10.06.2026  23:15:54
  5   9   8  12  $12    0.010     7.5869  10010.62   0.0      3.38   8.4  10.06.2026  23:15:56
  5  10   6  11  $12    0.001     3.7270  14789.99   0.0      2.66   5.5  10.06.2026  23:16:01
  5  10   7  12  $12    0.010    15.3785  18446.79   0.0      1.98   5.6  10.06.2026  23:16:04
  5  11   6  12  $12    0.001     3.7930  14381.42   0.0     -0.35  46.2  10.06.2026  23:16:09
  5  13   6  14  $12    0.001     3.8981  14027.64   0.0      6.08   1.1  10.06.2026  23:16:11
  5  13   7  15  $12    0.010    18.1338  15537.03   0.0      2.14   0.7  10.06.2026  23:16:15
  5  13   8  16  $12    0.010    10.5724  17678.52   0.0      1.84   2.9  10.06.2026  23:16:17
  5  14   6  15  $12    0.001     4.1995  14865.58   0.0      2.25   6.2  10.06.2026  23:16:22
  5  14   7  16  $12    0.010    18.8543  15460.70   0.0      2.02   3.4  10.06.2026  23:16:26
  5  15   7  16  $12    0.001     2.9813  14587.73   0.0      1.42  17.4  10.06.2026  23:16:31
  5   1   6   2  $12    0.001     3.4140  14625.66   0.0      2.18  15.7  10.06.2026  23:16:33
  5   1   7   3  $12    0.010    14.4584  27253.41   0.0      2.99   3.2  10.06.2026  23:16:37
  5   1   8   4  $12    0.010     7.5440   9954.05   0.0      1.81   7.5  10.06.2026  23:16:39
  5   2   6   3  $12    0.001     3.8277  19239.95   0.0      1.98  10.7  10.06.2026  23:16:44
  5   2   7   4  $12    0.010    15.4437  48517.79   0.0      3.04   0.8  10.06.2026  23:16:48
  5   3   6   4  $12    0.001     3.8147  35952.84   0.0      2.99   8.1  10.06.2026  23:16:53
  9  13  10  14  $12    0.001     3.4374  14725.90   0.0      4.24   2.0  10.06.2026  23:16:55
  9  13  11  15  $12    0.010    13.8243  26058.12   0.0      3.54   1.0  10.06.2026  23:16:58
  9  13  12  16  $12    0.010     6.9924   9226.26   0.0     -1.06  21.6  10.06.2026  23:17:00
  9  14  10  15  $12    0.001     3.7760  14984.22   0.0      0.61  19.0  10.06.2026  23:17:05
  9  14  11  16  $12    0.010    14.7397  17680.52   0.0      3.06   2.9  10.06.2026  23:17:09
  9  15  10  16  $12    0.001     3.6800  13953.16   0.0      3.04   3.6  10.06.2026  23:17:14
  9   1  10   2  $12    0.001     3.9030  14045.10   0.0      6.18   4.4  10.06.2026  23:17:16
  9   1  11   3  $12    0.010    17.9165  15350.84   0.0      4.87   0.6  10.06.2026  23:17:20
  9   1  12   4  $12    0.010    10.2636  17162.09   0.0      3.39   1.4  10.06.2026  23:17:22
  9   2  10   3  $12    0.001     4.2491  15628.07   0.0      4.58   3.4  10.06.2026  23:17:27
  9   2  11   4  $12    0.010    18.7106  17065.46   0.0      4.06   1.6  10.06.2026  23:17:31
  9   3  11   4  $12    0.001     3.0890  16517.91   0.0      3.35   5.0  10.06.2026  23:17:36
  9   5  10   6  $12    0.001     3.4927  14962.52   0.0      0.41  83.2  10.06.2026  23:17:38
  9   5  11   7  $12    0.010    14.5738  27471.02   0.0      2.62   1.9  10.06.2026  23:17:41
  9   5  12   8  $12    0.010     7.5834  10006.07   0.0      3.66   6.3  10.06.2026  23:17:43
  9   6  10   7  $12    0.001     3.7248  18722.66   0.0      2.94   6.2  10.06.2026  23:17:48
  9   6  11   8  $12    0.010    15.4799  48631.40   0.0      2.95   1.1  10.06.2026  23:17:52
  9   7  10   8  $12    0.001     3.7756  35584.27   0.0      2.66   9.5  10.06.2026  23:17:57
 13   1  14   2  $12    0.001     3.3907  11627.94   0.3     10.22  18.1  10.06.2026  23:17:59
 13   1  15   3  $12    0.010    14.0134  10626.60   0.0      3.25   2.1  10.06.2026  23:18:03
 13   1  16   4  $12    0.010     6.9823   8973.63   0.0      6.50   2.1  10.06.2026  23:18:05
 13   2  14   3  $12    0.001     3.7987  13138.29   0.0      5.85   0.7  10.06.2026  23:18:10
 13   2  15   4  $12    0.010    14.9707  11584.70   0.0      3.18   1.5  10.06.2026  23:18:14
 13   3  14   4  $12    0.001     3.7855  13228.88   0.0      4.42   5.6  10.06.2026  23:18:19
 13   5  14   6  $12    0.001     3.9148  14087.56   0.0      7.05   6.3  10.06.2026  23:18:21
 13   5  15   7  $12    0.010    18.1564  15556.41   0.0      2.19   1.0  10.06.2026  23:18:25
 13   5  16   8  $12    0.010    10.5873  17703.47   0.0      1.91   1.9  10.06.2026  23:18:27
 13   6  14   7  $12    0.001     4.0933  15055.17   0.0      3.83   7.0  10.06.2026  23:18:31
 13   6  15   8  $12    0.010    18.9289  17264.56   0.0      2.21   2.5  10.06.2026  23:18:35
 13   7  15   8  $12    0.001     3.0244  16172.57   0.0     -0.25  67.1  10.06.2026  23:18:40
 13   9  14  10  $12    0.001     3.4346  14713.78   0.0      3.59  15.4  10.06.2026  23:18:42
 13   9  15  11  $12    0.010    13.8456  26098.43   0.0      3.07   1.5  10.06.2026  23:18:46
 13   9  16  12  $12    0.010     6.9854   9216.97   0.0      0.01 -2943.7  10.06.2026  23:18:48
 13  10  14  11  $12    0.001     3.6663  18428.75   0.0      4.52   2.6  10.06.2026  23:18:53
 13  10  15  12  $12    0.010    14.6815  46123.42   0.0      2.25   1.8  10.06.2026  23:18:56
 13  11  14  12  $12    0.001     3.7488  35331.34   0.0      1.83  13.3  10.06.2026  23:19:01
