//C:\Users\user\Desktop\GeoTom\GeoTomE724.ini
//- Cable direction:
//  cable I: normal
//  cable II: normal
//  cable III: normal
//  cable IV: normal
//- Cable arrangement: sequential
//- Optimization: Last measurement
//- Sorting: Multi-level
//- Current levels: 0.001 mA .. 10.0 mA
Type:         Flow
Name:         Hyprop
Comment:      Example of a measurements sequence
Comment:      
Comment:      
Spacing:      1.00000
First El:     0.00000
Nr of points: 180
IP present:   1

  1   2   4   3  $12    0.001     2.9836  56239.36   0.0     16.39   1.0  13.06.2026  03:10:08
  1   4   2   3  $12    0.001     7.1537  44948.31   0.0     15.62   1.4  13.06.2026  03:10:10
  5   6   8   7  $12    0.001     2.6483  49920.09   0.0      7.23   7.5  13.06.2026  03:10:12
  5   8   6   7  $12    0.001     7.1831  45132.99   0.0     12.68   2.5  13.06.2026  03:10:14
  9  10  12  11  $12    0.001     2.5362  47807.02   0.1     18.42   1.6  13.06.2026  03:10:17
  9  12  10  11  $12    0.001     7.0185  44098.77   0.0      9.11   0.4  13.06.2026  03:10:19
 13  14  16  15  $12    0.001     2.4541  46258.26   0.0      3.31  35.2  13.06.2026  03:10:21
 13  16  14  15  $12    0.001     7.0698  44421.12   0.0     10.67   1.0  13.06.2026  03:10:23
  1   5  13   9  $12    0.010    16.9768 128002.07   0.0      7.23   0.7  13.06.2026  03:10:26
  2   6  14  10  $12    0.010    14.0867 106211.39   0.0      6.10   3.1  13.06.2026  03:10:29
  3   7  15  11  $12    0.010    15.1901 114530.63   0.0      7.66   0.3  13.06.2026  03:10:31
  4   8  16  12  $12    0.010    19.2531 145164.76   0.0      8.88   1.3  13.06.2026  03:10:33
  5   9   1  13  $12    0.010    17.9083  45008.50   0.0      6.69   1.8  13.06.2026  03:10:35
  6  10   2  14  $12    0.010    14.7370  37038.08   0.0      9.27   1.1  13.06.2026  03:10:37
  7  11   3  15  $12    0.010    16.4047  41229.57   0.0      6.94   0.1  13.06.2026  03:10:39
  8  12   4  16  $12    0.010    20.4297  51345.34   0.0      8.41   0.7  13.06.2026  03:10:41
  9  13   5   1  $12    0.010    16.9801 128026.64   0.1      7.57   8.1  13.06.2026  03:10:43
 10  14   6   2  $12    0.010    14.1190 106455.05   0.0      6.68   1.2  13.06.2026  03:10:45
 11  15   7   3  $12    0.010    15.1850 114492.00   0.0      7.12   0.3  13.06.2026  03:10:47
 12  16   8   4  $12    0.010    19.2942 145475.10   0.0      7.75   0.7  13.06.2026  03:10:49
 13   1   9   5  $12    0.010    17.9438  45097.59   0.0      4.60   0.9  13.06.2026  03:10:51
 14   2  10   6  $12    0.010    14.7313  37023.73   0.0      8.12   1.4  13.06.2026  03:10:53
 15   3  11   7  $12    0.010    16.4329  41300.38   0.0      6.17   1.4  13.06.2026  03:10:55
 16   4  12   8  $12    0.010    20.3990  51268.36   0.0      8.52   0.2  13.06.2026  03:10:57
  1   2   5   6  $12    0.010     2.1515  40554.07   0.0     -5.11   9.7  13.06.2026  03:10:59
  1   2   6   7  $12    0.100    18.3087  69022.24   0.0      6.16   0.8  13.06.2026  03:11:03
  1   2   7   8  $12    0.100    13.0716  86238.14   0.0      3.25   5.0  13.06.2026  03:11:05
  1   2   9  10  $12    0.100     9.4788 150083.24   0.0      2.57   3.2  13.06.2026  03:11:07
  1   2  10  11  $12    0.100     8.0217 181446.63   0.0      2.44   9.7  13.06.2026  03:11:09
  1   2  11  12  $12    0.100     6.2213 193493.48   0.0      6.86   1.6  13.06.2026  03:11:11
  1   2  13  14  $12    0.100    22.4433 1209910.89   0.0      3.35   0.8  13.06.2026  03:11:13
  1   2  14  15  $12    0.100    19.1842 1316272.79   0.0      7.08   3.5  13.06.2026  03:11:15
  1   2  15  16  $12    0.100    12.3856 1062257.73   0.0      0.15 353.6  13.06.2026  03:11:17
  1   3   5   7  $12    0.010     7.3730  27795.45   0.0      4.17   0.9  13.06.2026  03:11:22
  1   3   6   8  $12    0.010     6.2482  51526.66   0.0      4.29   1.2  13.06.2026  03:11:24
  1   3   9  11  $12    0.010     3.3145 124954.09   0.1      4.42  51.6  13.06.2026  03:11:26
  1   3  10  12  $12    0.010     2.7192 148003.18   0.0     -3.84  28.9  13.06.2026  03:11:28
  1   3  13  15  $12    0.010     7.7439 1021783.44   0.0      5.02   0.1  13.06.2026  03:11:30
  1   3  14  16  $12    0.010     6.2614 1054847.39   0.0      5.65   2.4  13.06.2026  03:11:33
  2   4   6   8  $12    0.010     6.0125  22666.64   0.0      5.75   3.4  13.06.2026  03:11:35
  2   4  10  12  $12    0.010     2.4416  92046.03   0.0      0.56  60.9  13.06.2026  03:11:37
  2   4  14  16  $12    0.010     5.9575 786078.94   0.0      9.01   3.2  13.06.2026  03:11:39
  1   4   5   8  $12    0.010    14.2121  13890.72   0.0      6.38   1.0  13.06.2026  03:11:41
  1   4   9  12  $12    0.010     6.3107  96924.69   0.0      4.99  10.8  13.06.2026  03:11:43
  1   4  13  16  $12    0.010    14.4919 819498.58   0.0      5.57   0.6  13.06.2026  03:11:45
  5   6   9  10  $12    0.010     2.2885  43136.65   0.0     -0.24 310.9  13.06.2026  03:11:47
  5   6  10  11  $12    0.100    17.6292  66460.44   0.0      3.90   2.7  13.06.2026  03:11:51
  5   6  11  12  $12    0.100    12.6049  83158.72   0.0      7.20   0.9  13.06.2026  03:11:53
  5   6  13  14  $12    0.100     8.6326 136686.10   0.0      2.57   1.7  13.06.2026  03:11:55
  5   6  14  15  $12    0.100     8.0024 181009.56   0.0      3.87   1.1  13.06.2026  03:11:57
  5   6  15  16  $12    0.100     5.4407 169214.93   0.0     -1.47  18.8  13.06.2026  03:11:59
  5   6   1   2  $12    0.100    21.4291  40392.84   0.0      2.61   1.3  13.06.2026  03:12:01
  5   6   2   3  $12    0.100    16.9836  12805.30   0.0      2.97   5.6  13.06.2026  03:12:03
  5   6   3   4  $12    0.100    12.6660   2387.49   0.0      7.51   0.6  13.06.2026  03:12:05
  5   7   9  11  $12    0.010     7.8030  29416.58   0.0      6.05   2.2  13.06.2026  03:12:10
  5   7  10  12  $12    0.010     6.2853  51832.65   0.1      2.50  16.3  13.06.2026  03:12:12
  5   7  13  15  $12    0.010     3.2882 123961.35   0.0      4.09   2.7  13.06.2026  03:12:14
  5   7  14  16  $12    0.010     2.6824 145996.15   0.0      0.91  27.3  13.06.2026  03:12:16
  5   7   1   3  $12    0.010     7.3558  27730.90   0.0      7.42   3.0  13.06.2026  03:12:18
  5   7   2   4  $12    0.010     6.1632   7260.89   0.0     12.41   5.1  13.06.2026  03:12:20
  6   8  10  12  $12    0.010     5.9599  22468.13   0.0      7.52   1.6  13.06.2026  03:12:22
  6   8  14  16  $12    0.010     2.4334  91735.92   0.0     -6.59  10.4  13.06.2026  03:12:24
  6   8   2   4  $12    0.010     5.9971  22608.45   0.0      6.27   4.9  13.06.2026  03:12:26
  5   8   9  12  $12    0.010    14.5335  14204.83   0.0      9.85   0.8  13.06.2026  03:12:28
  5   8  13  16  $12    0.010     6.0825  93421.14   0.0      5.47   0.9  13.06.2026  03:12:31
  5   8   1   4  $12    0.010    14.2214  13899.77   0.0      6.98   0.2  13.06.2026  03:12:33
  9  10  13  14  $12    0.010     2.7115  51109.95   0.1      3.57   7.8  13.06.2026  03:12:35
  9  10  14  15  $12    0.010     2.2265  83937.43   0.0     -5.06   6.0  13.06.2026  03:12:37
  9  10  15  16  $12    0.100    12.5114  82542.20   0.0      2.87   4.3  13.06.2026  03:12:40
  9  10   1   2  $12    0.100     9.5233 150788.88   0.0     -0.04 1131.5  13.06.2026  03:12:43
  9  10   2   3  $12    0.100     8.2526  87112.75   0.0      9.35  19.7  13.06.2026  03:12:44
  9  10   3   4  $12    0.100     6.9721  45997.52   0.0      4.54   2.3  13.06.2026  03:12:47
  9  10   5   6  $12    0.100    22.6439  42682.81   0.0      4.26   0.2  13.06.2026  03:12:49
  9  10   6   7  $12    0.100    20.1532  15195.12   0.0      5.77   0.9  13.06.2026  03:12:51
  9  10   7   8  $12    0.100    13.3212   2510.99   0.0      7.87   1.5  13.06.2026  03:12:53
  9  11  13  15  $12    0.010     8.9775  33844.27   0.0      3.22   1.1  13.06.2026  03:12:58
  9  11  14  16  $12    0.010     6.7406  55587.91   0.0      5.22   1.9  13.06.2026  03:13:00
  9  11   1   3  $12    0.010     3.3081 124711.14   0.2     -0.88 258.5  13.06.2026  03:13:02
  9  11   2   4  $12    0.010     2.9149  72113.76   0.1      4.41  27.2  13.06.2026  03:13:04
  9  11   5   7  $12    0.010     7.8188  29476.35   0.0      5.78   2.7  13.06.2026  03:13:06
  9  11   6   8  $12    0.010     6.5126   7672.48   0.0      8.01   4.3  13.06.2026  03:13:08
 10  12  14  16  $12    0.010     6.1771  23287.09   0.0      4.35   3.6  13.06.2026  03:13:10
 10  12   2   4  $12    0.010     2.4398  91977.69   0.4     10.99   9.1  13.06.2026  03:13:12
 10  12   6   8  $12    0.010     5.9794  22541.92   0.0      6.72   1.5  13.06.2026  03:13:14
  9  12  13  16  $12    0.010    15.8038  15446.37   0.0      5.72   1.0  13.06.2026  03:13:16
  9  12   1   4  $12    0.010     6.3154  96997.44   0.0      5.82   1.1  13.06.2026  03:13:18
  9  12   5   8  $12    0.010    14.5528  14223.68   0.0      8.23   0.3  13.06.2026  03:13:20
 13  14   1   2  $12    0.010     2.2801 1229211.53   0.0      3.44  10.9  13.06.2026  03:13:22
 13  14   2   3  $12    0.100    17.8516 740288.88   0.0      7.80   0.1  13.06.2026  03:13:26
 13  14   3   4  $12    0.100    13.5655 421909.68   0.0      4.42   0.7  13.06.2026  03:13:28
 13  14   5   6  $12    0.100     8.6221 136518.36   0.0     -0.02 1415.2  13.06.2026  03:13:30
 13  14   6   7  $12    0.100     8.2810  87411.95   0.0      3.91   2.9  13.06.2026  03:13:32
 13  14   7   8  $12    0.100     6.4306  42425.05   0.1      6.03  12.1  13.06.2026  03:13:34
 13  14   9  10  $12    0.010     2.7296  51451.27   0.0     -0.78  43.1  13.06.2026  03:13:39
 13  14  10  11  $12    0.010     2.1193  15979.31   0.1     -4.97   6.6  13.06.2026  03:13:41
 13  14  11  12  $12    0.100    14.3431   2703.61   0.0      6.03   0.5  13.06.2026  03:13:45
 13  15   1   3  $12    0.010     7.7700 1025233.13   0.0      5.12   0.4  13.06.2026  03:13:50
 13  15   2   4  $12    0.010     6.5474 661820.42   0.0     -0.16 435.4  13.06.2026  03:13:52
 13  15   5   7  $12    0.010     3.3054 124609.22   0.0      0.29  64.0  13.06.2026  03:13:54
 13  15   6   8  $12    0.010     2.9141  72093.80   0.0      2.52  11.5  13.06.2026  03:13:56
 13  15   9  11  $12    0.010     8.9646  33795.88   0.0      2.49   5.9  13.06.2026  03:13:58
 13  15  10  12  $12    0.010     7.1348   8405.46   0.0      5.16   1.3  13.06.2026  03:14:00
 14  16   2   4  $12    0.010     5.9844 789628.19   0.0      7.59   3.1  13.06.2026  03:14:02
 14  16   6   8  $12    0.010     2.4261  91462.55   0.0      8.06   5.5  13.06.2026  03:14:04
 14  16  10  12  $12    0.010     6.1788  23293.45   0.0      5.07   3.0  13.06.2026  03:14:06
 13  16   1   4  $12    0.010    14.5189 821022.65   0.0      7.49   1.5  13.06.2026  03:14:08
 13  16   5   8  $12    0.010     6.0903  93541.04   0.0      6.39   0.6  13.06.2026  03:14:11
 13  16   9  12  $12    0.010    15.8259  15467.97   0.0      5.43   1.3  13.06.2026  03:14:13
  1   5   2   6  $12    0.001    10.4159  44621.76   0.0     12.02   0.3  13.06.2026  03:14:18
  1   5   3   7  $12    0.001     4.5037  84893.23   0.0      5.79   5.9  13.06.2026  03:14:20
  1   5   4   8  $12    0.001     2.3848  31466.86   0.1      9.94  11.5  13.06.2026  03:14:22
  1   6   2   7  $12    0.001    11.6846  46368.24   0.0     15.08   3.9  13.06.2026  03:14:24
  1   6   3   8  $12    0.001     5.0005  59982.15   0.0     10.14   0.6  13.06.2026  03:14:26
  1   7   2   8  $12    0.001    11.9555  45330.03   0.0     11.07   0.5  13.06.2026  03:14:28
  1   9   2  10  $12    0.001    11.2758  40576.44   0.0     10.24   0.9  13.06.2026  03:14:30
  1   9   3  11  $12    0.001     5.3793  46089.83   0.0      4.93   0.6  13.06.2026  03:14:32
  1   9   4  12  $12    0.001     3.2288  53990.77   0.0      4.35   3.9  13.06.2026  03:14:34
  1  10   2  11  $12    0.001    12.7537  45145.83   0.0     12.24   0.2  13.06.2026  03:14:36
  1  10   3  12  $12    0.001     6.1298  50264.57   0.0      8.99   0.1  13.06.2026  03:14:38
  1  11   3  12  $12    0.001    10.0563  49206.65   0.0      6.97   1.0  13.06.2026  03:14:40
  1  13   2  14  $12    0.001    10.1736  34889.03   0.0     11.59   0.7  13.06.2026  03:14:42
  1  13   3  15  $12    0.001     4.2791  32448.86   0.0      5.21   3.6  13.06.2026  03:14:44
  1  13   4  16  $12    0.001     2.3071  29651.07   0.0     14.17   8.1  13.06.2026  03:14:46
  1  14   2  15  $12    0.001    11.3039  38490.54   0.0      8.18   3.6  13.06.2026  03:14:48
  1  14   3  16  $12    0.001     4.8950  36508.94   0.0     17.86   3.8  13.06.2026  03:14:50
  1  15   2  16  $12    0.001    11.8001  39938.51   0.0     14.72   0.9  13.06.2026  03:14:52
  5   9   6  10  $12    0.001    10.1159  43336.22   0.0     14.48   1.1  13.06.2026  03:14:54
  5   9   7  11  $12    0.001     4.2855  80779.67   0.0      8.93   0.7  13.06.2026  03:14:57
  5   9   8  12  $12    0.001     2.3131  30521.13   0.1      6.11  13.3  13.06.2026  03:14:59
  5  10   6  11  $12    0.001    11.7372  46577.24   0.0     12.85   3.9  13.06.2026  03:15:01
  5  10   7  12  $12    0.001     5.0485  60557.71   0.0      4.86   2.5  13.06.2026  03:15:03
  5  11   6  12  $12    0.001    12.3011  46640.52   0.0      9.60   6.1  13.06.2026  03:15:05
  5  13   6  14  $12    0.001    11.8857  42771.22   0.0     10.71   0.2  13.06.2026  03:15:07
  5  13   7  15  $12    0.001     5.5394  47461.25   0.1      8.11   5.8  13.06.2026  03:15:09
  5  13   8  16  $12    0.001     3.3774  56474.50   0.0      4.30  21.2  13.06.2026  03:15:11
  5  14   6  15  $12    0.001    12.8791  45589.91   0.0     10.79   0.7  13.06.2026  03:15:13
  5  14   7  16  $12    0.001     6.2067  50895.71   0.1      5.23  20.0  13.06.2026  03:15:15
  5  15   7  16  $12    0.001     9.9505  48688.99   0.0      9.96   1.0  13.06.2026  03:15:17
  5   1   6   2  $12    0.001    10.4430  44737.67   0.0     13.46   0.5  13.06.2026  03:15:19
  5   1   7   3  $12    0.001     4.5020  84860.44   0.0     11.25   1.4  13.06.2026  03:15:21
  5   1   8   4  $12    0.001     2.3763  31354.17   0.0     16.26   5.2  13.06.2026  03:15:23
  5   2   6   3  $12    0.001    12.3775  62215.99   0.0     12.61   0.5  13.06.2026  03:15:25
  5   2   7   4  $12    0.001     5.1360 161352.67   0.0      7.44   3.5  13.06.2026  03:15:27
  5   3   6   4  $12    0.001    12.4700 117527.43   0.0     11.37   3.7  13.06.2026  03:15:29
  9  13  10  14  $12    0.001     9.6986  41548.61   0.0     12.42   2.7  13.06.2026  03:15:31
  9  13  11  15  $12    0.001     3.8996  73505.39   0.0      8.37   1.3  13.06.2026  03:15:33
  9  13  12  16  $12    0.001     2.0985  27688.79   0.1      5.15   3.7  13.06.2026  03:15:35
  9  14  10  15  $12    0.001    10.9052  43275.24   0.0      8.83  12.5  13.06.2026  03:15:37
  9  14  11  16  $12    0.001     4.6049  55237.05   0.0      6.82   3.1  13.06.2026  03:15:39
  9  15  10  16  $12    0.001    11.4357  43359.49   0.0     12.07   2.2  13.06.2026  03:15:41
  9   1  10   2  $12    0.001    11.2815  40596.96   0.0      9.61   3.1  13.06.2026  03:15:43
  9   1  11   3  $12    0.001     5.3571  45899.85   0.0     11.10   2.3  13.06.2026  03:15:45
  9   1  12   4  $12    0.001     3.2245  53918.22   0.0      2.84   0.7  13.06.2026  03:15:48
  9   2  10   3  $12    0.001    13.0809  48110.97   0.0     15.65   0.2  13.06.2026  03:15:50
  9   2  11   4  $12    0.001     5.9981  54706.74   0.0     12.61   1.8  13.06.2026  03:15:52
  9   3  11   4  $12    0.001    10.0198  53579.60   0.0     13.01   0.4  13.06.2026  03:15:54
  9   5  10   6  $12    0.001    10.1072  43299.23   0.0     10.82   3.2  13.06.2026  03:15:56
  9   5  11   7  $12    0.001     4.2865  80797.84   0.0      6.39   3.7  13.06.2026  03:15:58
  9   5  12   8  $12    0.001     2.3180  30585.84   0.0     -1.38  87.6  13.06.2026  03:16:00
  9   6  10   7  $12    0.001    11.4361  57484.30   0.0     10.86   6.9  13.06.2026  03:16:02
  9   6  11   8  $12    0.001     4.8155 151283.08   0.1      5.71  19.8  13.06.2026  03:16:04
  9   7  10   8  $12    0.001    11.6903 110178.59   0.0     10.25   0.8  13.06.2026  03:16:06
 13   1  14   2  $12    0.001    10.1423  34781.69   0.0     13.95   2.1  13.06.2026  03:16:08
 13   1  15   3  $12    0.001     4.2692  32374.16   0.0      9.58   1.5  13.06.2026  03:16:10
 13   1  16   4  $12    0.001     2.2764  29255.67   0.0      3.36  29.1  13.06.2026  03:16:12
 13   2  14   3  $12    0.001    12.1145  41899.52   0.0     12.02   1.2  13.06.2026  03:16:14
 13   2  15   4  $12    0.001     4.9094  37990.28   0.0      5.53  20.3  13.06.2026  03:16:16
 13   3  14   4  $12    0.001    12.2657  42863.48   0.0      9.73   0.6  13.06.2026  03:16:18
 13   5  14   6  $12    0.001    11.8789  42746.75   0.0      8.83   2.4  13.06.2026  03:16:20
 13   5  15   7  $12    0.001     5.5450  47509.19   0.0      5.02   0.9  13.06.2026  03:16:22
 13   5  16   8  $12    0.001     3.3704  56357.81   0.0      4.43   5.4  13.06.2026  03:16:24
 13   6  14   7  $12    0.001    13.0685  48065.60   0.0     12.65   2.4  13.06.2026  03:16:26
 13   6  15   8  $12    0.001     6.0511  55190.35   0.0      4.67   4.7  13.06.2026  03:16:29
 13   7  15   8  $12    0.001     9.8712  52785.37   0.0     10.56   0.2  13.06.2026  03:16:31
 13   9  14  10  $12    0.001     9.7123  41607.38   0.0     15.44   0.6  13.06.2026  03:16:33
 13   9  15  11  $12    0.001     3.9092  73686.52   0.0     10.08   0.3  13.06.2026  03:16:35
 13   9  16  12  $12    0.001     2.1138  27891.48   0.3     14.35   6.9  13.06.2026  03:16:37
 13  10  14  11  $12    0.001    11.3531  57067.03   0.0     10.93   4.3  13.06.2026  03:16:39
 13  10  15  12  $12    0.001     4.6523 146155.46   0.0      5.82   0.9  13.06.2026  03:16:41
 13  11  14  12  $12    0.001    11.8638 111813.26   0.0     11.00   0.3  13.06.2026  03:16:43
