//C:\Users\user\Desktop\GeoTom\GeoTomE724.ini
//- Cable direction:
//  cable I: normal
//  cable II: normal
//  cable III: normal
//  cable IV: normal
//- Cable arrangement: sequential
//- Optimization: Last measurement
//- Sorting: Multi-level
//- Current levels: 0.001 mA .. 10.0 mA
Type:         Flow
Name:         Hyprop
Comment:      Example of a measurements sequence
Comment:      
Comment:      
Spacing:      1.00000
First El:     0.00000
Nr of points: 180
IP present:   1

  1   2   4   3  $12    0.010     4.3842   8264.01   0.0      7.51   2.7  09.06.2026  15:10:05
  1   4   2   3  $12    0.010    15.0083   9429.99   0.0      7.68   0.4  09.06.2026  15:10:07
  5   6   8   7  $12    0.010     4.1830   7884.79   0.0     -3.61   1.9  09.06.2026  15:10:09
  5   8   6   7  $12    0.010    15.2328   9571.04   0.0      5.70   0.5  09.06.2026  15:10:11
  9  10  12  11  $12    0.010     5.0305   9482.18   0.0     51.92   0.1  09.06.2026  15:10:13
  9  12  10  11  $12    0.010    14.6592   9210.67   0.0      0.79   5.2  09.06.2026  15:10:15
 13  14  16  15  $12    0.010     3.4259   6457.67   0.0     -8.73   1.0  09.06.2026  15:10:17
 13  16  14  15  $12    0.010    15.8658   9968.80   0.0     34.68   0.5  09.06.2026  15:10:19
  1   5  13   9  $12    0.010     3.7942  28607.81   0.0     10.50   0.7  09.06.2026  15:10:21
  2   6  14  10  $12    0.010     3.2047  24162.73   0.0      1.65   2.7  09.06.2026  15:10:23
  3   7  15  11  $12    0.010     3.0545  23030.39   0.0     -0.35   8.1  09.06.2026  15:10:25
  4   8  16  12  $12    0.010     3.4827  26259.29   0.1     -1.88  30.3  09.06.2026  15:10:28
  5   9   1  13  $12    0.010     3.7355   9388.40   0.0      3.45   1.6  09.06.2026  15:10:30
  6  10   2  14  $12    0.010     3.2963   8284.45   0.0      2.76  27.1  09.06.2026  15:10:32
  7  11   3  15  $12    0.010     3.0707   7717.41   0.0     -0.76  12.5  09.06.2026  15:10:34
  8  12   4  16  $12    0.010     3.4180   8590.39   0.0      1.43  10.3  09.06.2026  15:10:36
  9  13   5   1  $12    0.010     3.8018  28664.85   0.0      6.82   7.4  09.06.2026  15:10:38
 10  14   6   2  $12    0.010     3.1865  24025.81   0.0      4.43   5.0  09.06.2026  15:10:40
 11  15   7   3  $12    0.010     3.0515  23007.87   0.0     -0.86  17.0  09.06.2026  15:10:42
 12  16   8   4  $12    0.010     3.4856  26280.94   0.0     -1.10  15.1  09.06.2026  15:10:44
 13   1   9   5  $12    0.010     3.7103   9325.12   0.0      5.01   6.9  09.06.2026  15:10:46
 14   2  10   6  $12    0.010     3.2950   8281.16   0.0      8.47   1.5  09.06.2026  15:10:48
 15   3  11   7  $12    0.010     3.0736   7724.89   0.0     -1.82  24.7  09.06.2026  15:10:50
 16   4  12   8  $12    0.010     3.4188   8592.47   0.0      2.66  11.8  09.06.2026  15:10:52
  1   2   5   6  $12    1.000    13.5840   2560.52   0.0     -3.99   3.7  09.06.2026  15:10:58
  1   2   6   7  $12    1.000    14.2819   5384.15   0.0      4.42   0.7  09.06.2026  15:11:00
  1   2   7   8  $12    1.000     9.9178   6543.15   0.0     -1.05   4.4  09.06.2026  15:11:02
  1   2   9  10  $12    1.000     2.5152   3982.51   0.0    -33.15   0.5  09.06.2026  15:11:04
  1   2  10  11  $12    1.000     3.8174   8634.65   0.0     13.50   0.2  09.06.2026  15:11:06
  1   2  11  12  $12    1.000     3.2292  10043.33   0.0     38.96   1.7  09.06.2026  15:11:08
  1   2  13  14  $12    1.000     5.4399  29326.35   0.0   -169.82   0.0  09.06.2026  15:11:10
  1   2  14  15  $12    0.100     4.0339 276777.59   0.0     97.58   0.0  09.06.2026  15:11:15
  1   2  15  16  $12    1.000    10.8436  93000.79   0.0      5.27   3.0  09.06.2026  15:11:19
  1   3   5   7  $12    0.100     6.0933   2297.14   0.0      1.44   4.5  09.06.2026  15:11:24
  1   3   6   8  $12    0.100     5.6812   4685.12   0.0      2.29   4.7  09.06.2026  15:11:26
  1   3   9  11  $12    1.000    13.6044   5128.74   0.0     -0.06  36.0  09.06.2026  15:11:29
  1   3  10  12  $12    1.000    14.9164   8118.72   0.0     18.50   1.0  09.06.2026  15:11:31
  1   3  13  15  $12    0.100     7.9533 104941.28   0.0     47.65   0.0  09.06.2026  15:11:36
  1   3  14  16  $12    0.100     8.8645 149338.55   0.0     56.86   0.1  09.06.2026  15:11:38
  2   4   6   8  $12    0.100     6.2831   2368.67   0.0      2.71   2.1  09.06.2026  15:11:40
  2   4  10  12  $12    1.000    14.9551   5637.93   0.0      7.83   0.4  09.06.2026  15:11:44
  2   4  14  16  $12    0.100     7.0691  93273.99   0.0     17.00   0.0  09.06.2026  15:11:49
  1   4   5   8  $12    0.100    12.6351   1234.94   0.0      1.76   9.2  09.06.2026  15:11:51
  1   4   9  12  $12    0.100     3.0339   4659.73   0.0      1.78  37.3  09.06.2026  15:11:53
  1   4  13  16  $12    0.100    14.7748  83549.54   0.0     28.54   0.0  09.06.2026  15:11:55
  5   6   9  10  $12    1.000    10.8739   2049.68   0.0     -3.99   1.4  09.06.2026  15:11:59
  5   6  10  11  $12    1.000    14.1968   5352.05   0.0      4.13   2.7  09.06.2026  15:12:01
  5   6  11  12  $12    1.000    11.1496   7355.75   0.0     29.18   2.1  09.06.2026  15:12:03
  5   6  13  14  $12    1.000     2.5180   3986.97   0.0    -17.53   2.3  09.06.2026  15:12:05
  5   6  14  15  $12    1.000     4.0306   9116.95   0.0     19.28   0.3  09.06.2026  15:12:07
  5   6  15  16  $12    1.000     2.6850   8350.69   0.0     -0.74  36.4  09.06.2026  15:12:09
  5   6   1   2  $12    1.000    13.8553   2611.66   0.0      4.80  14.5  09.06.2026  15:12:11
  5   6   2   3  $12    1.000    15.0639   1135.79   0.0      7.36   1.5  09.06.2026  15:12:13
  5   6   3   4  $12    1.000    11.0547    208.38   0.0      2.60  17.8  09.06.2026  15:12:15
  5   7   9  11  $12    0.100     5.5433   2089.79   0.0     -1.84   2.3  09.06.2026  15:12:20
  5   7  10  12  $12    0.100     5.9368   4895.88   0.0      9.12   3.5  09.06.2026  15:12:22
  5   7  13  15  $12    1.000    14.5348   5479.50   0.0      9.41   0.3  09.06.2026  15:12:26
  5   7  14  16  $12    1.000    15.0716   8203.17   0.0     15.06   0.9  09.06.2026  15:12:28
  5   7   1   3  $12    0.100     6.1141   2304.94   0.0      2.40   1.3  09.06.2026  15:12:33
  5   7   2   4  $12    0.100     5.9219    697.66   0.0      5.74   4.5  09.06.2026  15:12:35
  6   8  10  12  $12    0.100     6.1678   2325.20   0.0      9.83   4.3  09.06.2026  15:12:37
  6   8  14  16  $12    1.000    15.1638   5716.60   0.0     13.13   0.2  09.06.2026  15:12:41
  6   8   2   4  $12    0.100     6.2343   2350.26   0.0      1.96   5.8  09.06.2026  15:12:46
  5   8   9  12  $12    0.100    11.8337   1156.61   0.0      6.92   0.1  09.06.2026  15:12:48
  5   8  13  16  $12    0.100     3.0005   4608.39   0.0      1.59  16.9  09.06.2026  15:12:50
  5   8   1   4  $12    0.100    12.5989   1231.39   0.0      3.41  24.0  09.06.2026  15:12:52
  9  10  13  14  $12    1.000    10.9273   2059.74   0.0    -12.28   0.4  09.06.2026  15:12:56
  9  10  14  15  $12    1.000    15.5114   5847.65   0.0     19.54   0.7  09.06.2026  15:12:58
  9  10  15  16  $12    1.000     8.8243   5821.67   0.0      2.46   6.2  09.06.2026  15:13:00
  9  10   1   2  $12    1.000     2.6619   4214.76   0.2      5.56  35.0  09.06.2026  15:13:02
  9  10   2   3  $12    1.000     3.1178   3291.11   0.0     -1.38 199.4  09.06.2026  15:13:04
  9  10   3   4  $12    1.000     2.6761   1765.50   0.0     -6.50   3.2  09.06.2026  15:13:06
  9  10   5   6  $12    1.000    10.9166   2057.72   0.0      1.52   1.5  09.06.2026  15:13:08
  9  10   6   7  $12    1.000    12.6942    957.12   0.0      6.00   4.5  09.06.2026  15:13:10
  9  10   7   8  $12    1.000     8.5376    160.93   0.0      2.79  17.8  09.06.2026  15:13:12
  9  11  13  15  $12    0.100     6.4080   2415.74   0.0     13.21   0.6  09.06.2026  15:13:17
  9  11  14  16  $12    0.100     6.4173   5292.12   0.0     21.50   0.5  09.06.2026  15:13:19
  9  11   1   3  $12    1.000    13.9689   5266.14   0.0      8.47   1.5  09.06.2026  15:13:22
  9  11   2   4  $12    1.000    13.9549   3452.44   0.0      4.67  17.6  09.06.2026  15:13:24
  9  11   5   7  $12    0.100     5.6318   2123.14   0.0      2.75   0.8  09.06.2026  15:13:29
  9  11   6   8  $12    0.100     5.3869    634.63   0.0      3.43   4.5  09.06.2026  15:13:31
 10  12  14  16  $12    0.100     7.6129   2869.99   0.0     36.26   0.2  09.06.2026  15:13:33
 10  12   2   4  $12    1.000    14.7023   5542.64   0.0      4.60   0.5  09.06.2026  15:13:37
 10  12   6   8  $12    0.100     6.1048   2301.45   0.0      6.66   0.9  09.06.2026  15:13:42
  9  12  13  16  $12    0.100    13.0013   1270.73   0.0     16.41   0.0  09.06.2026  15:13:44
  9  12   1   4  $12    0.100     3.0312   4655.61   0.2      1.77 199.8  09.06.2026  15:13:46
  9  12   5   8  $12    0.100    11.7396   1147.41   0.0      6.14   6.6  09.06.2026  15:13:48
 13  14   1   2  $12    1.000    10.4366  56263.31   0.0      7.01   1.4  09.06.2026  15:13:52
 13  14   2   3  $12    1.000    12.3222  51098.93   0.0      8.76   1.3  09.06.2026  15:13:54
 13  14   3   4  $12    1.000     9.9767  31029.25   0.0      4.54   1.5  09.06.2026  15:13:56
 13  14   5   6  $12    1.000     2.6196   4147.74   0.0      1.76   3.7  09.06.2026  15:13:58
 13  14   6   7  $12    1.000     3.2485   3429.05   0.0      9.90   5.3  09.06.2026  15:14:00
 13  14   7   8  $12    1.000     2.5674   1693.79   0.0      3.33   1.3  09.06.2026  15:14:02
 13  14   9  10  $12    1.000    11.5115   2169.87   0.0      3.96  12.7  09.06.2026  15:14:04
 13  14  10  11  $12    1.000    13.3839   1009.12   0.0      1.68  51.7  09.06.2026  15:14:06
 13  14  11  12  $12    1.000     9.7168    183.16   0.0     12.71   1.5  09.06.2026  15:14:08
 13  15   1   3  $12    0.100     7.8146 103111.21   0.0     36.37   0.4  09.06.2026  15:14:13
 13  15   2   4  $12    0.100     6.1117  61777.77   0.1      9.52   6.7  09.06.2026  15:14:15
 13  15   5   7  $12    1.000    14.4501   5447.55   0.0      6.16   0.3  09.06.2026  15:14:19
 13  15   6   8  $12    1.000    14.4312   3570.29   0.0      6.10   0.9  09.06.2026  15:14:21
 13  15   9  11  $12    0.100     6.2740   2365.25   0.0      5.33   1.8  09.06.2026  15:14:26
 13  15  10  12  $12    0.100     6.7987    800.95   0.0     28.17   4.9  09.06.2026  15:14:28
 14  16   2   4  $12    0.100     6.8441  90306.29   0.0      7.70   1.2  09.06.2026  15:14:30
 14  16   6   8  $12    1.000    14.8310   5591.16   0.0      6.14   0.5  09.06.2026  15:14:33
 14  16  10  12  $12    0.100     7.3295   2763.17   0.0     27.78   0.2  09.06.2026  15:14:38
 13  16   1   4  $12    0.100    14.6048  82587.99   0.0     25.49   0.7  09.06.2026  15:14:40
 13  16   5   8  $12    0.100     2.9814   4579.04   0.0     -0.41 348.8  09.06.2026  15:14:43
 13  16   9  12  $12    0.100    12.9339   1264.14   0.0     12.52   1.3  09.06.2026  15:14:45
  1   5   2   6  $12    0.001     2.7396  11736.61   0.0      1.27  40.3  09.06.2026  15:14:52
  1   5   3   7  $12    0.010    11.0350  20800.48   0.0      2.62   3.0  09.06.2026  15:14:56
  1   5   4   8  $12    0.010     6.0852   8029.29   0.0      2.81   4.0  09.06.2026  15:14:58
  1   6   2   7  $12    0.001     2.4973   9910.15   0.0     -2.54  14.8  09.06.2026  15:15:03
  1   6   3   8  $12    0.010    10.4149  12492.87   0.0      2.61   4.6  09.06.2026  15:15:07
  1   7   2   8  $12    0.001     2.4906   9443.36   0.0     -0.95   5.7  09.06.2026  15:15:12
  1   9   2  10  $12    0.001     2.9795  10721.75   0.0      2.40  37.0  09.06.2026  15:15:14
  1   9   3  11  $12    0.010    14.0675  12053.03   0.0      9.23   0.7  09.06.2026  15:15:17
  1   9   4  12  $12    0.010     8.5500  14296.78   0.0      3.05  11.5  09.06.2026  15:15:19
  1  10   2  11  $12    0.001     2.8759  10180.14   0.0      9.11   4.6  09.06.2026  15:15:24
  1  10   3  12  $12    0.010    13.0455  10697.46   0.0      2.98   1.6  09.06.2026  15:15:28
  1  11   3  12  $12    0.010    20.2369   9902.13   0.0      1.80   1.8  09.06.2026  15:15:30
  1  13   2  14  $12    0.001     2.7555   9449.63   0.0     16.05   1.9  09.06.2026  15:15:35
  1  13   3  15  $12    0.010    10.4904   7955.05   0.0      3.12   2.6  09.06.2026  15:15:38
  1  13   4  16  $12    0.010     5.8838   7561.84   0.0      1.35  21.6  09.06.2026  15:15:40
  1  14   2  15  $12    0.010    22.9332   7808.93   0.0      4.20   7.4  09.06.2026  15:15:42
  1  14   3  16  $12    0.010     9.9685   7434.96   0.0      2.34   3.3  09.06.2026  15:15:44
  1  15   2  16  $12    0.001     2.3886   8084.59   0.0     -0.75   5.1  09.06.2026  15:15:49
  5   9   6  10  $12    0.001     2.7600  11823.79   0.1      4.18  52.3  09.06.2026  15:15:51
  5   9   7  11  $12    0.010    11.0105  20754.36   0.0      8.63   0.6  09.06.2026  15:15:55
  5   9   8  12  $12    0.010     5.8456   7713.10   0.1      2.00  69.1  09.06.2026  15:15:57
  5  10   6  11  $12    0.001     2.6176  10387.61   0.0     16.58   0.7  09.06.2026  15:16:02
  5  10   7  12  $12    0.010    10.0792  12090.19   0.0      2.31   2.4  09.06.2026  15:16:06
  5  11   6  12  $12    0.001     2.6319   9978.98   0.0     -0.10 508.6  09.06.2026  15:16:11
  5  13   6  14  $12    0.001     3.1932  11490.85   0.0     19.22   1.1  09.06.2026  15:16:13
  5  13   7  15  $12    0.010    13.1408  11259.04   0.0      3.00   1.2  09.06.2026  15:16:16
  5  13   8  16  $12    0.010     8.3052  13887.47   0.0      1.76   6.7  09.06.2026  15:16:18
  5  14   6  15  $12    0.001     2.7095   9591.07   0.0      1.06  49.8  09.06.2026  15:16:23
  5  14   7  16  $12    0.010    12.5341  10278.11   0.0      2.05   1.7  09.06.2026  15:16:27
  5  15   7  16  $12    0.010    18.2902   8949.58   0.0      1.98   0.5  09.06.2026  15:16:29
  5   1   6   2  $12    0.001     2.7435  11753.13   0.0      0.43  23.0  09.06.2026  15:16:34
  5   1   7   3  $12    0.010    11.0368  20803.90   0.0      2.89   2.4  09.06.2026  15:16:38
  5   1   8   4  $12    0.010     6.0568   7991.74   0.0      1.20  23.4  09.06.2026  15:16:40
  5   2   6   3  $12    0.001     2.6389  13264.46   0.0      2.51   3.8  09.06.2026  15:16:45
  5   2   7   4  $12    0.010    10.5690  33203.39   0.0      2.89   0.2  09.06.2026  15:16:48
  5   3   6   4  $12    0.001     2.6842  25297.80   0.0      3.76   4.1  09.06.2026  15:16:53
  9  13  10  14  $12    0.001     2.7644  11842.51   0.0     19.47   4.8  09.06.2026  15:16:55
  9  13  11  15  $12    0.010    10.4198  19640.80   0.0      9.39   0.2  09.06.2026  15:16:59
  9  13  12  16  $12    0.010     5.6841   7500.04   0.0      3.00   4.6  09.06.2026  15:17:01
  9  14  10  15  $12    0.010    22.8328   9060.80   0.0      6.71   1.3  09.06.2026  15:17:03
  9  14  11  16  $12    0.010     9.9618  11949.36   0.0      8.28   0.0  09.06.2026  15:17:05
  9  15  10  16  $12    0.001     2.3813   9028.97   0.0      5.12   3.1  09.06.2026  15:17:10
  9   1  10   2  $12    0.001     2.9707  10690.11   0.0      5.52  13.3  09.06.2026  15:17:12
  9   1  11   3  $12    0.010    14.0879  12070.46   0.0      9.16   0.0  09.06.2026  15:17:16
  9   1  12   4  $12    0.010     8.5335  14269.13   0.0      3.24   2.4  09.06.2026  15:17:18
  9   2  10   3  $12    0.001     2.8607  10521.64   0.0      6.36   2.8  09.06.2026  15:17:23
  9   2  11   4  $12    0.010    13.5626  12370.14   0.0      9.55   0.4  09.06.2026  15:17:27
  9   3  11   4  $12    0.010    20.8021  11123.68   0.0      8.91   0.2  09.06.2026  15:17:29
  9   5  10   6  $12    0.001     2.7318  11702.90   0.0      7.77   1.1  09.06.2026  15:17:34
  9   5  11   7  $12    0.010    11.0833  20891.62   0.0      9.63   0.2  09.06.2026  15:17:38
  9   5  12   8  $12    0.010     5.8511   7720.29   0.0      3.11   4.4  09.06.2026  15:17:40
  9   6  10   7  $12    0.001     2.4861  12496.61   0.0      3.60  15.3  09.06.2026  15:17:44
  9   6  11   8  $12    0.010    10.4530  32839.13   0.0     10.28   0.3  09.06.2026  15:17:48
  9   7  10   8  $12    0.001     2.4766  23341.66   0.0      5.80  10.4  09.06.2026  15:17:53
 13   1  14   2  $12    0.001     2.7916   9573.43   0.0     17.36   2.7  09.06.2026  15:17:55
 13   1  15   3  $12    0.010    10.5046   7965.81   0.0      3.26   1.5  09.06.2026  15:17:59
 13   1  16   4  $12    0.010     5.8815   7558.88   0.0      1.15  41.7  09.06.2026  15:18:01
 13   2  14   3  $12    0.001     2.7040   9352.13   0.0     23.58   0.4  09.06.2026  15:18:06
 13   2  15   4  $12    0.010    10.0795   7799.78   0.0      3.76   1.4  09.06.2026  15:18:10
 13   3  14   4  $12    0.001     2.7472   9600.20   0.0     24.47   0.6  09.06.2026  15:18:14
 13   5  14   6  $12    0.001     3.1951  11497.90   0.0     22.14   0.9  09.06.2026  15:18:16
 13   5  15   7  $12    0.010    13.1515  11268.19   0.0      3.07   2.4  09.06.2026  15:18:20
 13   5  16   8  $12    0.010     8.3171  13907.28   0.0      2.31   4.8  09.06.2026  15:18:22
 13   6  14   7  $12    0.001     2.9234  10752.31   0.0     21.72   1.8  09.06.2026  15:18:27
 13   6  15   8  $12    0.010    12.4115  11320.22   0.0      3.03   3.4  09.06.2026  15:18:31
 13   7  15   8  $12    0.010    18.7015  10000.42   0.0      3.48   1.9  09.06.2026  15:18:33
 13   9  14  10  $12    0.001     2.7606  11826.39   0.0     24.87   0.6  09.06.2026  15:18:38
 13   9  15  11  $12    0.010    10.4912  19775.47   0.0     10.09   0.1  09.06.2026  15:18:41
 13   9  16  12  $12    0.010     5.6931   7511.89   0.0      0.55 162.9  09.06.2026  15:18:43
 13  10  14  11  $12    0.001     2.6825  13483.89   0.0     40.00   0.3  09.06.2026  15:18:48
 13  10  15  12  $12    0.010     9.5929  30136.89   0.0      2.70   3.0  09.06.2026  15:18:52
 13  11  14  12  $12    0.001     2.6861  25315.88   0.0     20.92   3.7  09.06.2026  15:18:57
