//C:\Users\user\Desktop\GeoTom\GeoTomE724.ini
//- Cable direction:
//  cable I: normal
//  cable II: normal
//  cable III: normal
//  cable IV: normal
//- Cable arrangement: sequential
//- Optimization: Last measurement
//- Sorting: Multi-level
//- Current levels: 0.001 mA .. 10.0 mA
Type:         Flow
Name:         Hyprop
Comment:      Example of a measurements sequence
Comment:      
Comment:      
Spacing:      1.00000
First El:     0.00000
Nr of points: 180
IP present:   1

  1   2   4   3  $12    0.010     9.0022  16968.67   0.0      7.90   0.1  11.06.2026  00:10:05
  1   4   2   3  $12    0.010    22.6129  14208.08   0.0      7.50   0.4  11.06.2026  00:10:08
  5   6   8   7  $12    0.010     7.4053  13958.70   0.0     -3.21  10.1  11.06.2026  00:10:10
  5   8   6   7  $12    0.010    22.2089  13954.29   0.0      3.08   4.6  11.06.2026  00:10:12
  9  10  12  11  $12    0.010     7.8400  14778.03   0.0      7.82  11.4  11.06.2026  00:10:14
  9  12  10  11  $12    0.010    23.0915  14508.85   0.0      1.46   7.0  11.06.2026  00:10:16
 13  14  16  15  $12    0.010     8.7347  16464.56   0.0     -0.04 185.7  11.06.2026  00:10:18
 13  16  14  15  $12    0.010    21.9051  13763.38   0.0      6.05   2.7  11.06.2026  00:10:20
  1   5  13   9  $12    0.010     5.5861  42118.20   0.0     -0.16  20.3  11.06.2026  00:10:22
  2   6  14  10  $12    0.010     4.4652  33666.54   0.0      0.80  28.9  11.06.2026  00:10:24
  3   7  15  11  $12    0.010     4.5426  34250.73   0.0     -0.70  23.5  11.06.2026  00:10:26
  4   8  16  12  $12    0.010     5.6184  42362.09   0.0      4.50   3.6  11.06.2026  00:10:28
  5   9   1  13  $12    0.010     5.7716  14505.70   0.0     -5.24  10.2  11.06.2026  00:10:30
  6  10   2  14  $12    0.010     4.7065  11828.73   0.0     -0.09 197.9  11.06.2026  00:10:32
  7  11   3  15  $12    0.010     4.6864  11778.27   0.0     -0.45 134.7  11.06.2026  00:10:34
  8  12   4  16  $12    0.010     5.4385  13668.53   0.0      3.66  35.9  11.06.2026  00:10:36
  9  13   5   1  $12    0.010     5.6255  42414.95   0.0     -0.21  65.3  11.06.2026  00:10:38
 10  14   6   2  $12    0.010     4.4494  33547.48   0.0     -5.92   9.0  11.06.2026  00:10:40
 11  15   7   3  $12    0.010     4.5383  34218.33   0.0     -4.49   9.9  11.06.2026  00:10:42
 12  16   8   4  $12    0.010     5.6096  42295.57   0.0      2.53   6.8  11.06.2026  00:10:44
 13   1   9   5  $12    0.010     5.7500  14451.24   0.0     -0.84  44.7  11.06.2026  00:10:46
 14   2  10   6  $12    0.010     4.6703  11737.84   0.0     -1.51  29.5  11.06.2026  00:10:48
 15   3  11   7  $12    0.010     4.6753  11750.43   0.0      0.53  20.9  11.06.2026  00:10:51
 16   4  12   8  $12    0.010     5.4685  13743.78   0.0      0.79  23.5  11.06.2026  00:10:53
  1   2   5   6  $12    0.100     4.6027   8675.82   0.0     -0.85  14.0  11.06.2026  00:10:57
  1   2   6   7  $12    0.100     4.3540  16414.13   0.0      0.16 776.4  11.06.2026  00:10:59
  1   2   7   8  $12    0.100     3.0135  19881.28   0.0     -2.06   9.6  11.06.2026  00:11:01
  1   2   9  10  $12    1.000    16.9683  26866.91   0.0     -2.93   3.6  11.06.2026  00:11:04
  1   2  10  11  $12    1.000    17.7396  40126.11   0.0     -0.72  12.9  11.06.2026  00:11:06
  1   2  11  12  $12    1.000    14.1500  44009.02   0.0      4.14   0.9  11.06.2026  00:11:08
  1   2  13  14  $12    0.100     4.8126 259444.16   0.0     -3.02   0.3  11.06.2026  00:11:13
  1   2  14  15  $12    0.100     4.6085 316202.52   0.0      1.92   3.4  11.06.2026  00:11:15
  1   2  15  16  $12    0.100     3.3994 291551.07   0.0     -3.96   2.4  11.06.2026  00:11:17
  1   3   5   7  $12    0.100    18.1253   6833.08   0.0      3.86   6.3  11.06.2026  00:11:19
  1   3   6   8  $12    0.100    15.8017  13031.16   0.0      3.23   0.6  11.06.2026  00:11:21
  1   3   9  11  $12    0.100     7.3006  27522.79   0.0      0.69  20.5  11.06.2026  00:11:24
  1   3  10  12  $12    0.100     6.7976  36997.89   0.0      5.72  12.7  11.06.2026  00:11:26
  1   3  13  15  $12    0.100    19.3056 254730.90   0.0      4.32   1.1  11.06.2026  00:11:28
  1   3  14  16  $12    0.100    17.2957 291377.77   0.0      2.28   1.5  11.06.2026  00:11:30
  2   4   6   8  $12    0.100    16.1994   6107.03   0.0      5.12   0.8  11.06.2026  00:11:32
  2   4  10  12  $12    0.100     6.8366  25773.47   0.0      4.43   4.1  11.06.2026  00:11:34
  2   4  14  16  $12    0.100    18.2160 240353.91   0.0      2.20   3.7  11.06.2026  00:11:36
  1   4   5   8  $12    0.010     3.6114   3529.73   0.0      0.38   8.9  11.06.2026  00:11:41
  1   4   9  12  $12    0.100    15.1400  23253.35   0.0      3.53   0.3  11.06.2026  00:11:45
  1   4  13  16  $12    0.010     3.9913 225705.23   0.0      0.38  26.4  11.06.2026  00:11:50
  5   6   9  10  $12    0.100     4.9442   9319.58   0.0      3.53   0.8  11.06.2026  00:11:53
  5   6  10  11  $12    0.100     4.8033  18107.83   0.0      2.23  10.0  11.06.2026  00:11:56
  5   6  11  12  $12    0.100     3.4666  22870.14   0.0     -1.69  18.0  11.06.2026  00:11:58
  5   6  13  14  $12    1.000    17.5972  27862.80   0.0      3.24   3.7  11.06.2026  00:12:01
  5   6  14  15  $12    1.000    18.5194  41889.93   0.0      4.23   1.0  11.06.2026  00:12:03
  5   6  15  16  $12    1.000    14.6130  45448.91   0.0     -0.19  10.9  11.06.2026  00:12:05
  5   6   1   2  $12    0.100     4.6433   8752.44   0.0     -1.14   5.7  11.06.2026  00:12:10
  5   6   2   3  $12    0.100     4.5283   3414.26   0.0      2.64  13.3  11.06.2026  00:12:12
  5   6   3   4  $12    0.100     3.3688    635.00   0.1      1.69 149.9  11.06.2026  00:12:14
  5   7   9  11  $12    0.100    19.8132   7469.39   0.0      2.96   2.2  11.06.2026  00:12:17
  5   7  10  12  $12    0.100    17.5811  14498.59   0.0      3.56   0.8  11.06.2026  00:12:19
  5   7  13  15  $12    0.100     7.4869  28224.98   0.0      4.18  11.6  11.06.2026  00:12:21
  5   7  14  16  $12    0.100     6.9224  37677.16   0.0      1.56  22.1  11.06.2026  00:12:23
  5   7   1   3  $12    0.100    18.1266   6833.55   0.0      3.26   2.6  11.06.2026  00:12:25
  5   7   2   4  $12    0.100    16.7251   1970.38   0.0      1.59  13.7  11.06.2026  00:12:27
  6   8  10  12  $12    0.100    16.7601   6318.40   0.0      3.80   5.9  11.06.2026  00:12:29
  6   8  14  16  $12    0.100     6.4713  24396.16   0.0      5.50   5.6  11.06.2026  00:12:31
  6   8   2   4  $12    0.100    16.2170   6113.68   0.0      4.56   0.6  11.06.2026  00:12:33
  5   8   9  12  $12    0.010     3.8308   3744.19   0.0      1.72  15.5  11.06.2026  00:12:38
  5   8  13  16  $12    0.100    14.8519  22810.89   0.0      2.73   1.4  11.06.2026  00:12:42
  5   8   1   4  $12    0.010     3.6211   3539.19   0.0     -0.69  37.8  11.06.2026  00:12:46
  9  10  13  14  $12    0.100     5.4894  10347.20   0.0      1.10  12.9  11.06.2026  00:12:50
  9  10  14  15  $12    0.100     5.1059  19248.82   0.0     -0.22  24.1  11.06.2026  00:12:52
  9  10  15  16  $12    0.100     3.4380  22681.34   0.0     -2.17   3.7  11.06.2026  00:12:54
  9  10   1   2  $12    1.000    17.0815  27046.23   0.0     -0.57  34.4  11.06.2026  00:12:58
  9  10   2   3  $12    1.000    18.4107  19433.86   0.0      7.02   0.8  11.06.2026  00:13:00
  9  10   3   4  $12    1.000    16.3122  10761.72   0.0      2.31   4.3  11.06.2026  00:13:02
  9  10   5   6  $12    0.100     4.9828   9392.37   0.0      2.28   1.7  11.06.2026  00:13:07
  9  10   6   7  $12    0.100     4.9875   3760.48   0.0      4.65   3.7  11.06.2026  00:13:09
  9  10   7   8  $12    0.100     3.3199    625.78   0.0     -0.38  39.3  11.06.2026  00:13:11
  9  11  13  15  $12    0.100    21.4050   8069.48   0.0      2.81   0.3  11.06.2026  00:13:13
  9  11  14  16  $12    0.100    18.2527  15052.38   0.0      2.68   0.5  11.06.2026  00:13:15
  9  11   1   3  $12    0.100     7.3226  27605.63   0.1     -1.81  19.0  11.06.2026  00:13:17
  9  11   2   4  $12    0.100     7.1890  17785.50   0.0      7.06   2.6  11.06.2026  00:13:19
  9  11   5   7  $12    0.100    19.8605   7487.22   0.0      4.04   0.5  11.06.2026  00:13:21
  9  11   6   8  $12    0.100    17.3535   2044.41   0.0      4.44   0.1  11.06.2026  00:13:23
 10  12  14  16  $12    0.100    18.1456   6840.74   0.0      3.65   3.2  11.06.2026  00:13:25
 10  12   2   4  $12    0.100     6.8195  25708.84   0.0      6.72   5.1  11.06.2026  00:13:28
 10  12   6   8  $12    0.100    16.7208   6303.59   0.0      5.24   0.5  11.06.2026  00:13:30
  9  12  13  16  $12    0.010     4.1338   4040.32   0.0      0.94   6.9  11.06.2026  00:13:34
  9  12   1   4  $12    0.100    15.1676  23295.78   0.0      2.71   0.5  11.06.2026  00:13:38
  9  12   5   8  $12    0.010     3.8327   3746.00   0.0      2.29   3.8  11.06.2026  00:13:43
 13  14   1   2  $12    0.100     4.8423 261047.37   0.0     -2.09  13.7  11.06.2026  00:13:47
 13  14   2   3  $12    0.100     4.8076 199366.46   0.1      0.41 688.1  11.06.2026  00:13:49
 13  14   3   4  $12    0.100     3.9204 121931.80   0.2     -3.96  30.2  11.06.2026  00:13:51
 13  14   5   6  $12    1.000    17.6149  27890.70   0.0      1.09   2.0  11.06.2026  00:13:55
 13  14   6   7  $12    1.000    18.8517  19899.34   0.0      5.75   0.1  11.06.2026  00:13:57
 13  14   7   8  $12    1.000    14.5082   9571.57   0.0      0.61   4.7  11.06.2026  00:13:59
 13  14   9  10  $12    0.100     5.5159  10397.29   0.0      1.37   1.1  11.06.2026  00:14:04
 13  14  10  11  $12    0.100     5.2912   3989.45   0.0     -1.08  36.9  11.06.2026  00:14:06
 13  14  11  12  $12    0.100     3.7852    713.49   0.1      2.07 125.2  11.06.2026  00:14:08
 13  15   1   3  $12    0.100    19.4036 256024.22   0.0      5.15  16.5  11.06.2026  00:14:10
 13  15   2   4  $12    0.100    18.4975 186973.70   0.0      4.95  23.5  11.06.2026  00:14:12
 13  15   5   7  $12    0.100     7.5201  28350.20   0.0      3.13   7.5  11.06.2026  00:14:14
 13  15   6   8  $12    0.100     6.9510  17196.86   0.0      3.74   0.7  11.06.2026  00:14:16
 13  15   9  11  $12    0.100    21.4552   8088.44   0.0      2.46  11.9  11.06.2026  00:14:18
 13  15  10  12  $12    0.100    19.1296   2253.65   0.0      4.28  15.6  11.06.2026  00:14:20
 14  16   2   4  $12    0.100    18.3161 241675.58   0.0      2.36   0.4  11.06.2026  00:14:22
 14  16   6   8  $12    0.100     6.5048  24522.54   0.0      1.87  44.8  11.06.2026  00:14:24
 14  16  10  12  $12    0.100    18.1544   6844.05   0.0      3.16   2.9  11.06.2026  00:14:26
 13  16   1   4  $12    0.010     4.0086 226680.59   0.0     -0.39  65.2  11.06.2026  00:14:31
 13  16   5   8  $12    0.100    14.8674  22834.61   0.0      2.77   0.4  11.06.2026  00:14:35
 13  16   9  12  $12    0.010     4.1429   4049.23   0.0     -0.11   5.8  11.06.2026  00:14:40
  1   5   2   6  $12    0.001     3.4698  14864.61   0.0      4.22   2.5  11.06.2026  00:14:45
  1   5   3   7  $12    0.010    14.7046  27717.57   0.0      3.15   0.9  11.06.2026  00:14:48
  1   5   4   8  $12    0.010     7.6786  10131.61   0.0      3.85   5.9  11.06.2026  00:14:50
  1   6   2   7  $12    0.001     3.7052  14703.49   0.0      2.29   6.9  11.06.2026  00:14:55
  1   6   3   8  $12    0.010    15.7077  18841.64   0.0      3.09   1.2  11.06.2026  00:14:59
  1   7   2   8  $12    0.001     3.7967  14395.65   0.0      4.03   7.4  11.06.2026  00:15:04
  1   9   2  10  $12    0.001     3.9537  14227.69   0.0      4.86  27.8  11.06.2026  00:15:06
  1   9   3  11  $12    0.010    18.2292  15618.75   0.0      4.66   0.7  11.06.2026  00:15:10
  1   9   4  12  $12    0.010    10.4856  17533.31   0.0      3.14   0.2  11.06.2026  00:15:12
  1  10   2  11  $12    0.001     4.1407  14657.34   0.0      4.16   3.0  11.06.2026  00:15:17
  1  10   3  12  $12    0.010    19.0118  15589.87   0.0      3.27   2.0  11.06.2026  00:15:21
  1  11   3  12  $12    0.001     3.1336  15333.19   0.0      2.56   3.1  11.06.2026  00:15:25
  1  13   2  14  $12    0.001     3.4414  11801.91   0.0      8.19   3.7  11.06.2026  00:15:28
  1  13   3  15  $12    0.010    14.2387  10797.40   0.0      3.60   1.8  11.06.2026  00:15:31
  1  13   4  16  $12    0.010     7.1429   9180.06   0.0      4.54  18.4  11.06.2026  00:15:33
  1  14   2  15  $12    0.001     3.7995  12937.75   0.0      2.05   6.7  11.06.2026  00:15:38
  1  14   3  16  $12    0.010    15.2235  11354.35   0.0      3.88   0.5  11.06.2026  00:15:42
  1  15   2  16  $12    0.001     3.7265  12612.83   0.0      4.62   4.1  11.06.2026  00:15:47
  5   9   6  10  $12    0.001     3.5594  15248.30   0.1     -0.41 261.7  11.06.2026  00:15:49
  5   9   7  11  $12    0.010    14.8123  27920.44   0.0      2.72   1.8  11.06.2026  00:15:53
  5   9   8  12  $12    0.010     7.7514  10227.75   0.0      2.39  12.1  11.06.2026  00:15:55
  5  10   6  11  $12    0.001     3.7950  15059.90   0.0      2.47   8.7  11.06.2026  00:16:00
  5  10   7  12  $12    0.010    15.6747  18802.02   0.0      1.94   4.5  11.06.2026  00:16:03
  5  11   6  12  $12    0.001     3.8817  14717.59   0.0      0.14 166.9  11.06.2026  00:16:08
  5  13   6  14  $12    0.001     3.9754  14305.78   0.0      0.97  66.3  11.06.2026  00:16:10
  5  13   7  15  $12    0.010    18.4769  15830.97   0.0      2.08   4.5  11.06.2026  00:16:14
  5  13   8  16  $12    0.010    10.8088  18073.73   0.0      2.40   1.5  11.06.2026  00:16:16
  5  14   6  15  $12    0.001     4.2817  15156.54   0.0      1.76  13.0  11.06.2026  00:16:21
  5  14   7  16  $12    0.010    19.2870  15815.52   0.0      2.02   4.3  11.06.2026  00:16:25
  5  15   7  16  $12    0.001     3.0601  14973.61   0.0      3.56   1.8  11.06.2026  00:16:30
  5   1   6   2  $12    0.001     3.4752  14887.78   0.0      3.35   5.2  11.06.2026  00:16:32
  5   1   7   3  $12    0.010    14.7225  27751.24   0.0      2.90   3.1  11.06.2026  00:16:36
  5   1   8   4  $12    0.010     7.6939  10151.90   0.0      2.92   0.8  11.06.2026  00:16:38
  5   2   6   3  $12    0.001     3.9087  19647.37   0.0      1.79   5.9  11.06.2026  00:16:43
  5   2   7   4  $12    0.010    15.7874  49597.60   0.0      2.89   0.7  11.06.2026  00:16:47
  5   3   6   4  $12    0.001     3.9047  36800.50   0.0      2.62   6.8  11.06.2026  00:16:52
  9  13  10  14  $12    0.001     3.4956  14975.18   0.0      4.33   2.2  11.06.2026  00:16:54
  9  13  11  15  $12    0.010    14.0619  26506.11   0.0      3.44   0.8  11.06.2026  00:16:57
  9  13  12  16  $12    0.010     7.1273   9404.32   0.0      0.54  57.3  11.06.2026  00:16:59
  9  14  10  15  $12    0.001     3.8444  15255.93   0.0      0.19 103.3  11.06.2026  00:17:04
  9  14  11  16  $12    0.010    15.0510  18053.95   0.0      3.11   1.5  11.06.2026  00:17:08
  9  15  10  16  $12    0.001     3.7648  14274.55   0.0      2.47   0.7  11.06.2026  00:17:13
  9   1  10   2  $12    0.001     3.9639  14264.19   0.0      5.31   0.4  11.06.2026  00:17:15
  9   1  11   3  $12    0.010    18.2495  15636.15   0.0      4.71   1.7  11.06.2026  00:17:19
  9   1  12   4  $12    0.010    10.4949  17548.96   0.0      3.23   1.0  11.06.2026  00:17:21
  9   2  10   3  $12    0.001     4.3472  15988.70   0.0      6.26   3.1  11.06.2026  00:17:26
  9   2  11   4  $12    0.010    19.1215  17440.20   0.0      4.09   0.4  11.06.2026  00:17:30
  9   3  11   4  $12    0.001     3.1634  16915.97   0.0      4.86   4.1  11.06.2026  00:17:35
  9   5  10   6  $12    0.001     3.5631  15264.19   0.0      1.78   5.0  11.06.2026  00:17:37
  9   5  11   7  $12    0.010    14.8144  27924.41   0.0      2.60   2.1  11.06.2026  00:17:40
  9   5  12   8  $12    0.010     7.7324  10202.67   0.0      2.87   5.5  11.06.2026  00:17:42
  9   6  10   7  $12    0.001     3.7862  19031.63   0.0      1.37  24.6  11.06.2026  00:17:47
  9   6  11   8  $12    0.010    15.7533  49490.32   0.0      2.94   0.9  11.06.2026  00:17:51
  9   7  10   8  $12    0.001     3.8556  36337.80   0.0      1.04  11.5  11.06.2026  00:17:56
 13   1  14   2  $12    0.001     3.4267  11751.34   0.0     -0.20 352.9  11.06.2026  00:17:58
 13   1  15   3  $12    0.010    14.2521  10807.58   0.0      3.72   1.0  11.06.2026  00:18:02
 13   1  16   4  $12    0.010     7.1754   9221.77   0.0      5.68   7.1  11.06.2026  00:18:04
 13   2  14   3  $12    0.001     3.8819  13426.09   0.0      5.70   4.2  11.06.2026  00:18:09
 13   2  15   4  $12    0.010    15.3109  11847.98   0.0      3.44   1.8  11.06.2026  00:18:13
 13   3  14   4  $12    0.001     3.8725  13532.85   0.0      5.85   1.1  11.06.2026  00:18:18
 13   5  14   6  $12    0.001     3.9823  14330.37   0.0      5.35  22.8  11.06.2026  00:18:20
 13   5  15   7  $12    0.010    18.4980  15849.04   0.0      2.36   2.1  11.06.2026  00:18:23
 13   5  16   8  $12    0.010    10.8235  18098.47   0.0      1.91   3.4  11.06.2026  00:18:26
 13   6  14   7  $12    0.001     4.1680  15329.73   0.0      4.26   5.9  11.06.2026  00:18:30
 13   6  15   8  $12    0.010    19.3109  17612.97   0.0      2.35   1.2  11.06.2026  00:18:34
 13   7  15   8  $12    0.001     3.0988  16570.47   0.0      1.81   9.8  11.06.2026  00:18:39
 13   9  14  10  $12    0.001     3.4988  14988.87   0.0      1.60  15.1  11.06.2026  00:18:41
 13   9  15  11  $12    0.010    14.0729  26526.87   0.0      3.27   3.3  11.06.2026  00:18:45
 13   9  16  12  $12    0.010     7.1761   9468.59   0.0      2.68  14.1  11.06.2026  00:18:47
 13  10  14  11  $12    0.001     3.7222  18710.07   0.0      4.42   2.4  11.06.2026  00:18:52
 13  10  15  12  $12    0.010    14.9528  46975.59   0.0      2.60   2.0  11.06.2026  00:18:56
 13  11  14  12  $12    0.001     3.8229  36029.87   0.0      1.13  18.6  11.06.2026  00:19:01
