//C:\Users\user\Desktop\GeoTom\GeoTomE724.ini
//- Cable direction:
//  cable I: normal
//  cable II: normal
//  cable III: normal
//  cable IV: normal
//- Cable arrangement: sequential
//- Optimization: Last measurement
//- Sorting: Multi-level
//- Current levels: 0.001 mA .. 10.0 mA
Type:         Flow
Name:         Hyprop
Comment:      Example of a measurements sequence
Comment:      
Comment:      
Spacing:      1.00000
First El:     0.00000
Nr of points: 180
IP present:   1

  1   2   4   3  $12    0.001     5.3023  99946.25   0.0     14.24   1.0  13.06.2026  22:10:08
  1   4   2   3  $12    0.001    15.0435  94521.09   0.0     13.68   0.7  13.06.2026  22:10:10
  5   6   8   7  $12    0.001     4.9060  92476.23   0.0     16.04   3.0  13.06.2026  22:10:12
  5   8   6   7  $12    0.001    14.8081  93041.86   0.0     13.47   1.2  13.06.2026  22:10:15
  9  10  12  11  $12    0.001     4.5146  85098.06   0.0     11.63   2.9  13.06.2026  22:10:17
  9  12  10  11  $12    0.001    14.9458  93907.00   0.0     11.75   0.7  13.06.2026  22:10:19
 13  14  16  15  $12    0.001     4.2716  80518.35   0.0      9.53   1.2  13.06.2026  22:10:21
 13  16  14  15  $12    0.001    15.0687  94679.24   0.0     14.06   0.1  13.06.2026  22:10:23
  1   5  13   9  $12    0.001     3.7148 280089.28   0.0      5.37   6.8  13.06.2026  22:10:25
  2   6  14  10  $12    0.001     3.1975 241084.56   0.0      7.01   4.0  13.06.2026  22:10:27
  3   7  15  11  $12    0.001     3.2679 246392.32   0.0      8.49   1.1  13.06.2026  22:10:29
  4   8  16  12  $12    0.001     3.9514 297925.36   0.0      9.24   2.2  13.06.2026  22:10:31
  5   9   1  13  $12    0.001     4.1743 104912.24   0.0     12.08   7.4  13.06.2026  22:10:33
  6  10   2  14  $12    0.001     3.3938  85296.63   0.0      9.54   2.5  13.06.2026  22:10:35
  7  11   3  15  $12    0.001     3.6072  90658.12   0.0      4.91  12.2  13.06.2026  22:10:37
  8  12   4  16  $12    0.001     4.3101 108324.07   0.0      8.58   6.2  13.06.2026  22:10:39
  9  13   5   1  $12    0.001     3.7262 280948.10   0.0     12.49   5.9  13.06.2026  22:10:41
 10  14   6   2  $12    0.001     3.2110 242103.76   0.1      5.74  53.7  13.06.2026  22:10:43
 11  15   7   3  $12    0.001     3.2676 246369.41   0.0     11.86   1.9  13.06.2026  22:10:45
 12  16   8   4  $12    0.001     3.9769 299853.95   0.0      3.04   6.6  13.06.2026  22:10:47
 13   1   9   5  $12    0.001     4.1790 105030.48   0.2      2.09  40.8  13.06.2026  22:10:49
 14   2  10   6  $12    0.001     3.4076  85643.21   0.0      6.81   1.9  13.06.2026  22:10:51
 15   3  11   7  $12    0.001     3.6099  90725.54   0.1      7.18  11.3  13.06.2026  22:10:54
 16   4  12   8  $12    0.001     4.2846 107684.89   0.0      3.81  10.1  13.06.2026  22:10:56
  1   2   5   6  $12    0.010     4.1368  77976.46   0.0      1.45   8.8  13.06.2026  22:10:59
  1   2   6   7  $12    0.010     3.3402 125924.31   0.0      0.27 135.4  13.06.2026  22:11:01
  1   2   7   8  $12    0.010     2.3577 155547.91   0.0      4.38  19.3  13.06.2026  22:11:03
  1   2   9  10  $12    0.100    14.4761 229209.57   0.0      0.89  10.1  13.06.2026  22:11:07
  1   2  10  11  $12    0.100    12.4847 282397.66   0.0      1.09   0.8  13.06.2026  22:11:09
  1   2  11  12  $12    0.100     9.5671 297553.44   0.0      5.60   0.6  13.06.2026  22:11:11
  1   2  13  14  $12    0.010     3.4575 1863953.44   0.0      0.87  28.2  13.06.2026  22:11:16
  1   2  14  15  $12    0.010     3.0942 2123021.79   0.0      3.82   4.8  13.06.2026  22:11:18
  1   2  15  16  $12    0.010     2.0161 1729114.02   0.0     -3.35   6.7  13.06.2026  22:11:20
  1   3   5   7  $12    0.010    13.7104  51687.11   0.0      6.59   1.3  13.06.2026  22:11:23
  1   3   6   8  $12    0.010    11.3424  93536.76   0.0      6.98   0.4  13.06.2026  22:11:25
  1   3   9  11  $12    0.010     5.1520 194224.85   0.0      4.33   2.8  13.06.2026  22:11:27
  1   3  10  12  $12    0.010     4.3203 235144.82   0.0      8.46   1.5  13.06.2026  22:11:29
  1   3  13  15  $12    0.010    12.4764 1646220.48   0.0      7.89   0.7  13.06.2026  22:11:31
  1   3  14  16  $12    0.010    10.4536 1761098.88   0.0      6.25   1.0  13.06.2026  22:11:33
  2   4   6   8  $12    0.010    11.1194  41919.21   0.0      9.42   0.3  13.06.2026  22:11:35
  2   4  10  12  $12    0.010     3.9200 147780.72   0.0      6.01   3.9  13.06.2026  22:11:37
  2   4  14  16  $12    0.010    10.4518 1379087.15   0.0      7.41   0.2  13.06.2026  22:11:39
  1   4   5   8  $12    0.001     2.6671  26067.82   0.0      5.09   5.5  13.06.2026  22:11:44
  1   4   9  12  $12    0.010     9.9190 152345.38   0.0      8.25   0.6  13.06.2026  22:11:48
  1   4  13  16  $12    0.001     2.4369 1378017.97   0.0      2.75   5.0  13.06.2026  22:11:53
  5   6   9  10  $12    0.010     3.9287  74053.31   0.0      5.50   3.0  13.06.2026  22:11:56
  5   6  10  11  $12    0.010     3.1353 118198.90   0.1      6.45  13.1  13.06.2026  22:11:58
  5   6  11  12  $12    0.010     2.1968 144928.53   0.0      3.08   4.0  13.06.2026  22:12:00
  5   6  13  14  $12    0.100    13.5926 215220.94   0.0      5.82   0.8  13.06.2026  22:12:04
  5   6  14  15  $12    0.100    12.9870 293758.71   0.0      4.20   2.2  13.06.2026  22:12:06
  5   6  15  16  $12    0.100     8.8496 275237.51   0.0      2.50  10.5  13.06.2026  22:12:08
  5   6   1   2  $12    0.010     4.1418  78071.27   0.0      3.78  12.3  13.06.2026  22:12:13
  5   6   2   3  $12    0.010     3.2067  24178.22   0.0     -3.68  22.0  13.06.2026  22:12:15
  5   6   3   4  $12    0.010     2.3610   4450.29   0.0      1.89  14.1  13.06.2026  22:12:17
  5   7   9  11  $12    0.010    13.4253  50612.20   0.0      9.09   1.1  13.06.2026  22:12:19
  5   7  10  12  $12    0.010    10.9757  90513.36   0.0      7.96   0.4  13.06.2026  22:12:21
  5   7  13  15  $12    0.010     5.1559 194372.99   0.0      5.66   6.5  13.06.2026  22:12:23
  5   7  14  16  $12    0.010     4.3095 234556.23   0.0      4.10   1.9  13.06.2026  22:12:25
  5   7   1   3  $12    0.010    13.6689  51530.71   0.0      6.19   2.1  13.06.2026  22:12:27
  5   7   2   4  $12    0.010    11.3560  13378.42   0.1     11.96   4.1  13.06.2026  22:12:29
  6   8  10  12  $12    0.010    10.5432  39746.81   0.0      9.12   0.2  13.06.2026  22:12:31
  6   8  14  16  $12    0.010     3.8397 144754.71   0.0      7.25   2.8  13.06.2026  22:12:34
  6   8   2   4  $12    0.010    11.1532  42046.54   0.0      9.11   7.9  13.06.2026  22:12:36
  5   8   9  12  $12    0.001     2.5436  24860.72   0.0      7.30   5.3  13.06.2026  22:12:40
  5   8  13  16  $12    0.010     9.5701 146986.64   0.0      8.12   0.5  13.06.2026  22:12:44
  5   8   1   4  $12    0.001     2.6629  26026.65   0.0      5.88   1.8  13.06.2026  22:12:49
  9  10  13  14  $12    0.010     4.3011  81073.97   0.0     10.05   0.7  13.06.2026  22:12:53
  9  10  14  15  $12    0.010     3.5740 134736.48   0.0      5.40   4.8  13.06.2026  22:12:55
  9  10  15  16  $12    0.010     2.0417 134698.36   0.0      1.04  14.6  13.06.2026  22:12:57
  9  10   1   2  $12    0.100    14.4742 229178.71   0.0     -0.09 115.8  13.06.2026  22:13:01
  9  10   2   3  $12    0.100    12.7393 134472.66   0.0     14.63   1.5  13.06.2026  22:13:03
  9  10   3   4  $12    0.100    10.8016  71262.13   0.0      1.20   3.2  13.06.2026  22:13:05
  9  10   5   6  $12    0.010     3.9399  74265.65   0.0      4.84   1.0  13.06.2026  22:13:10
  9  10   6   7  $12    0.010     3.3138  24985.45   0.0      8.81   1.9  13.06.2026  22:13:12
  9  10   7   8  $12    0.010     2.1503   4053.20   0.0     11.75   2.8  13.06.2026  22:13:14
  9  11  13  15  $12    0.010    14.6029  55051.67   0.0      7.08   0.3  13.06.2026  22:13:16
  9  11  14  16  $12    0.010    11.1974  92341.73   0.0      6.23   0.5  13.06.2026  22:13:18
  9  11   1   3  $12    0.010     5.1347 193571.84   0.0      2.66  17.4  13.06.2026  22:13:20
  9  11   2   4  $12    0.010     4.5592 112795.84   0.0      7.74   2.2  13.06.2026  22:13:22
  9  11   5   7  $12    0.010    13.4167  50579.81   0.0      8.82   3.1  13.06.2026  22:13:24
  9  11   6   8  $12    0.010    10.9951  12953.31   0.0      9.92   0.5  13.06.2026  22:13:26
 10  12  14  16  $12    0.010    10.6531  40161.09   0.0      7.82   0.7  13.06.2026  22:13:28
 10  12   2   4  $12    0.010     3.9438 148677.07   0.0      6.06   1.6  13.06.2026  22:13:30
 10  12   6   8  $12    0.010    10.5643  39826.37   0.0     10.10   0.3  13.06.2026  22:13:32
  9  12  13  16  $12    0.001     2.6554  25953.62   0.0      7.13   3.5  13.06.2026  22:13:37
  9  12   1   4  $12    0.010     9.8935 151952.52   0.0      9.04   0.8  13.06.2026  22:13:41
  9  12   5   8  $12    0.001     2.5439  24864.00   0.0      8.19   6.0  13.06.2026  22:13:46
 13  14   1   2  $12    0.010     3.4018 1833883.39   0.0      2.81  18.0  13.06.2026  22:13:50
 13  14   2   3  $12    0.010     2.9157 1209124.71   0.1      8.97   6.1  13.06.2026  22:13:52
 13  14   3   4  $12    0.010     2.2047 685695.09   0.0     -1.45  35.5  13.06.2026  22:13:54
 13  14   5   6  $12    0.100    13.4711 213296.96   0.0      5.38   0.9  13.06.2026  22:13:58
 13  14   6   7  $12    0.100    12.3845 130727.25   0.0     10.01   3.1  13.06.2026  22:14:00
 13  14   7   8  $12    0.100     9.6840  63888.98   0.0      9.42   2.0  13.06.2026  22:14:02
 13  14   9  10  $12    0.010     4.3043  81133.82   0.0      7.98   9.4  13.06.2026  22:14:07
 13  14  10  11  $12    0.010     3.4028  25656.38   0.0      2.31  12.2  13.06.2026  22:14:09
 13  14  11  12  $12    0.010     2.3213   4375.47   0.1      9.74   2.8  13.06.2026  22:14:11
 13  15   1   3  $12    0.010    12.3884 1634607.67   0.0      6.32   3.3  13.06.2026  22:14:13
 13  15   2   4  $12    0.010    10.8297 1094669.87   0.0      8.59  16.8  13.06.2026  22:14:15
 13  15   5   7  $12    0.010     5.1297 193385.39   0.0      5.45   5.3  13.06.2026  22:14:17
 13  15   6   8  $12    0.010     4.4565 110252.90   0.0      9.29   2.2  13.06.2026  22:14:19
 13  15   9  11  $12    0.010    14.5873  54992.88   0.0      8.45   1.7  13.06.2026  22:14:21
 13  15  10  12  $12    0.010    11.8335  13941.01   0.0      8.50   0.9  13.06.2026  22:14:23
 14  16   2   4  $12    0.010    10.4697 1381447.32   0.0      9.02   2.2  13.06.2026  22:14:25
 14  16   6   8  $12    0.010     3.8550 145328.70   0.0      5.29   4.8  13.06.2026  22:14:27
 14  16  10  12  $12    0.010    10.6492  40146.47   0.0      7.45   0.3  13.06.2026  22:14:29
 13  16   1   4  $12    0.001     2.4209 1368993.27   0.0      3.86   8.7  13.06.2026  22:14:34
 13  16   5   8  $12    0.010     9.5329 146414.82   0.0      8.53   1.6  13.06.2026  22:14:38
 13  16   9  12  $12    0.001     2.6422  25824.37   0.0      5.63   2.2  13.06.2026  22:14:43
  1   5   2   6  $12    0.001    24.4753 104852.07   0.0     12.44   1.2  13.06.2026  22:14:46
  1   5   3   7  $12    0.001    10.5295 198475.68   0.0      8.48   3.4  13.06.2026  22:14:48
  1   5   4   8  $12    0.001     5.6068  73980.47   0.0      9.71   3.1  13.06.2026  22:14:50
  1   6   2   7  $12    0.001    25.6012 101593.87   0.0     11.83   0.1  13.06.2026  22:14:52
  1   6   3   8  $12    0.001    11.0036 131990.52   0.0      9.50   5.3  13.06.2026  22:14:54
  1   7   2   8  $12    0.001    25.7512  97637.68   0.0     12.79   0.3  13.06.2026  22:14:57
  1   9   2  10  $12    0.001    27.5606  99178.26   0.0     11.75   0.4  13.06.2026  22:14:59
  1   9   3  11  $12    0.001    13.0483 111797.46   0.0      9.21   0.1  13.06.2026  22:15:01
  1   9   4  12  $12    0.001     7.9287 132579.21   0.0      5.64   4.6  13.06.2026  22:15:03
  1  10   2  11  $12    0.001    27.9394  98900.61   0.0     11.61   0.9  13.06.2026  22:15:06
  1  10   3  12  $12    0.001    13.6716 112108.48   0.0      8.51   1.3  13.06.2026  22:15:08
  1  11   3  12  $12    0.001    21.1040 103264.05   0.0     10.91   1.3  13.06.2026  22:15:10
  1  13   2  14  $12    0.001    25.0432  85882.44   0.0     10.99   0.0  13.06.2026  22:15:13
  1  13   3  15  $12    0.001    10.5408  79932.68   0.0      8.07   0.5  13.06.2026  22:15:15
  1  13   4  16  $12    0.001     5.8063  74622.80   0.1      4.80  15.2  13.06.2026  22:15:17
  1  14   2  15  $12    0.001    24.7651  84327.13   0.0     11.16   0.8  13.06.2026  22:15:19
  1  14   3  16  $12    0.001    11.0009  82049.68   0.0      8.92   0.5  13.06.2026  22:15:21
  1  15   2  16  $12    0.001    25.6588  86844.46   0.0     12.05   0.1  13.06.2026  22:15:24
  5   9   6  10  $12    0.001    24.3574 104347.00   0.0     11.69   0.1  13.06.2026  22:15:26
  5   9   7  11  $12    0.001    10.3004 194158.87   0.0      9.79   0.0  13.06.2026  22:15:29
  5   9   8  12  $12    0.001     5.6491  74538.36   0.0      8.68   1.5  13.06.2026  22:15:31
  5  10   6  11  $12    0.001    25.0509  99410.08   0.0     12.91   0.3  13.06.2026  22:15:33
  5  10   7  12  $12    0.001    10.9491 131336.78   0.0     11.16   0.3  13.06.2026  22:15:35
  5  11   6  12  $12    0.001    25.9987  98576.25   0.0     12.77   0.4  13.06.2026  22:15:38
  5  13   6  14  $12    0.001    28.2770 101756.24   0.0     13.08   0.2  13.06.2026  22:15:40
  5  13   7  15  $12    0.001    13.2246 113308.04   0.0     10.44   0.2  13.06.2026  22:15:42
  5  13   8  16  $12    0.001     8.1965 137056.77   0.0     10.00   0.0  13.06.2026  22:15:44
  5  14   6  15  $12    0.001    27.8009  98410.42   0.0     12.62   0.8  13.06.2026  22:15:47
  5  14   7  16  $12    0.001    13.7090 112415.15   0.0     13.32   2.0  13.06.2026  22:15:49
  5  15   7  16  $12    0.001    20.8730 102133.83   0.0     12.77   0.8  13.06.2026  22:15:51
  5   1   6   2  $12    0.001    24.5130 105013.32   0.0     14.88   0.7  13.06.2026  22:15:53
  5   1   7   3  $12    0.001    10.5515 198890.47   0.0     10.52   2.7  13.06.2026  22:15:55
  5   1   8   4  $12    0.001     5.6537  74598.37   0.0      5.72   2.4  13.06.2026  22:15:57
  5   2   6   3  $12    0.001    26.0877 131131.18   0.0     13.27   0.8  13.06.2026  22:16:00
  5   2   7   4  $12    0.001    11.0483 347093.82   0.0      9.39   0.7  13.06.2026  22:16:02
  5   3   6   4  $12    0.001    26.1900 246835.36   0.0     13.37   0.1  13.06.2026  22:16:04
  9  13  10  14  $12    0.001    24.3442 104290.12   0.0     11.28   0.2  13.06.2026  22:16:07
  9  13  11  15  $12    0.001     9.7633 184034.58   0.0      9.30   1.8  13.06.2026  22:16:09
  9  13  12  16  $12    0.001     5.3674  70820.99   0.0      9.95   0.5  13.06.2026  22:16:11
  9  14  10  15  $12    0.001    24.2359  96176.11   0.0     12.38   0.2  13.06.2026  22:16:14
  9  14  11  16  $12    0.001    10.3742 124439.91   0.0     11.20   3.3  13.06.2026  22:16:16
  9  15  10  16  $12    0.001    25.1767  95459.51   0.0     14.45   0.2  13.06.2026  22:16:18
  9   1  10   2  $12    0.001    27.6613  99540.75   0.0     13.25   0.8  13.06.2026  22:16:21
  9   1  11   3  $12    0.001    13.0845 112107.48   0.0     11.16   0.3  13.06.2026  22:16:23
  9   1  12   4  $12    0.001     7.9672 133221.91   0.0      9.07   0.9  13.06.2026  22:16:25
  9   2  10   3  $12    0.001    28.9521 106484.55   0.0     12.15   0.5  13.06.2026  22:16:27
  9   2  11   4  $12    0.001    13.5387 123482.89   0.0     10.58   1.0  13.06.2026  22:16:29
  9   3  11   4  $12    0.001    21.1761 113236.72   0.0     10.79   0.2  13.06.2026  22:16:31
  9   5  10   6  $12    0.001    24.3659 104383.14   0.0     11.23   0.4  13.06.2026  22:16:34
  9   5  11   7  $12    0.001    10.2968 194090.34   0.0      9.97   0.3  13.06.2026  22:16:36
  9   5  12   8  $12    0.001     5.6289  74270.96   0.0      6.91   3.3  13.06.2026  22:16:38
  9   6  10   7  $12    0.001    25.5020 128187.18   0.0     11.67   0.0  13.06.2026  22:16:40
  9   6  11   8  $12    0.001    10.8075 339527.15   0.0     10.65   0.6  13.06.2026  22:16:42
  9   7  10   8  $12    0.001    25.6596 241836.02   0.0     13.95   0.5  13.06.2026  22:16:45
 13   1  14   2  $12    0.001    25.1527  86257.82   0.0     12.81   0.1  13.06.2026  22:16:47
 13   1  15   3  $12    0.001    10.5850  80267.53   0.0     10.16   0.4  13.06.2026  22:16:49
 13   1  16   4  $12    0.001     5.8227  74832.76   0.0     12.52   2.2  13.06.2026  22:16:51
 13   2  14   3  $12    0.001    26.6297  92102.40   0.0     13.76   0.6  13.06.2026  22:16:54
 13   2  15   4  $12    0.001    11.0379  85413.76   0.0     10.58   0.7  13.06.2026  22:16:56
 13   3  14   4  $12    0.001    26.6362  93082.35   0.0     13.49   0.1  13.06.2026  22:16:58
 13   5  14   6  $12    0.001    28.3050 101857.18   0.0     11.54   0.1  13.06.2026  22:17:01
 13   5  15   7  $12    0.001    13.2317 113369.28   0.0      8.46   0.7  13.06.2026  22:17:03
 13   5  16   8  $12    0.001     8.2046 137192.92   0.0      8.63   0.6  13.06.2026  22:17:05
 13   6  14   7  $12    0.001    29.0746 106935.24   0.0     12.57   0.8  13.06.2026  22:17:08
 13   6  15   8  $12    0.001    13.6294 124309.99   0.0      9.98   0.9  13.06.2026  22:17:10
 13   7  15   8  $12    0.001    20.9506 112031.09   0.0     10.54   0.2  13.06.2026  22:17:12
 13   9  14  10  $12    0.001    24.4375 104689.92   0.0     10.44   0.3  13.06.2026  22:17:14
 13   9  15  11  $12    0.001     9.7924 184581.51   0.0      8.56   1.5  13.06.2026  22:17:16
 13   9  16  12  $12    0.001     5.3915  71139.55   0.0      6.06  11.9  13.06.2026  22:17:18
 13  10  14  11  $12    0.001    25.0160 125744.36   0.0     11.67   0.3  13.06.2026  22:17:21
 13  10  15  12  $12    0.001    10.3947 326557.64   0.0      9.52   0.3  13.06.2026  22:17:23
 13  11  14  12  $12    0.001    25.8353 243491.83   0.0     11.92   0.4  13.06.2026  22:17:25
