//C:\Users\user\Desktop\GeoTom\GeoTomE724.ini
//- Cable direction:
//  cable I: normal
//  cable II: normal
//  cable III: normal
//  cable IV: normal
//- Cable arrangement: sequential
//- Optimization: Last measurement
//- Sorting: Multi-level
//- Current levels: 0.001 mA .. 10.0 mA
Type:         Flow
Name:         Hyprop
Comment:      Example of a measurements sequence
Comment:      
Comment:      
Spacing:      1.00000
First El:     0.00000
Nr of points: 180
IP present:   1

  1   2   4   3  $12    0.001     9.4792 178679.01   0.0     -5.15   1.4  15.06.2026  05:10:08
  1   4   2   3  $12    0.001    43.4655 273101.67   0.0      1.09  15.5  15.06.2026  05:10:11
  5   6   8   7  $12    0.001     8.5656 161456.83   0.0     -6.60   2.4  15.06.2026  05:10:13
  5   8   6   7  $12    0.001    42.5909 267606.46   0.0     14.45   0.3  15.06.2026  05:10:15
  9  10  12  11  $12    0.001     7.5862 142995.79   0.1      5.83  16.4  15.06.2026  05:10:17
  9  12  10  11  $12    0.001    45.4584 285623.73   0.0     10.86   1.3  15.06.2026  05:10:20
 13  14  16  15  $12    0.001     7.3116 137821.15   0.0     -2.84   7.4  15.06.2026  05:10:22
 13  16  14  15  $12    0.001    43.9034 275852.93   0.0     10.17   0.6  15.06.2026  05:10:25
  1   5  13   9  $12    0.001    10.4536 788184.90   0.0      6.05   6.3  15.06.2026  05:10:27
  2   6  14  10  $12    0.001     9.0864 685096.70   0.0      8.77   1.6  15.06.2026  05:10:29
  3   7  15  11  $12    0.001     8.3327 628272.49   0.0      8.18   3.2  15.06.2026  05:10:31
  4   8  16  12  $12    0.001     8.6184 649813.26   0.0     11.59   0.7  15.06.2026  05:10:33
  5   9   1  13  $12    0.001    10.4299 262131.00   0.0     25.58   4.5  15.06.2026  05:10:35
  6  10   2  14  $12    0.001     9.7343 244648.88   0.1      9.60  21.4  15.06.2026  05:10:37
  7  11   3  15  $12    0.001     9.1747 230586.49   0.0     11.31   0.3  15.06.2026  05:10:39
  8  12   4  16  $12    0.001     9.3154 234122.36   0.0      4.96   2.9  15.06.2026  05:10:41
  9  13   5   1  $12    0.001    10.4822 790340.25   0.0      7.05   2.2  15.06.2026  05:10:43
 10  14   6   2  $12    0.001     9.1158 687317.62   0.1      4.34  35.4  15.06.2026  05:10:45
 11  15   7   3  $12    0.001     8.3216 627435.00   0.0      9.83   1.6  15.06.2026  05:10:47
 12  16   8   4  $12    0.001     8.6565 652684.42   0.0      8.19   4.2  15.06.2026  05:10:49
 13   1   9   5  $12    0.001    10.3706 260641.43   0.0     30.98   0.8  15.06.2026  05:10:51
 14   2  10   6  $12    0.001     9.7422 244849.03   0.0      5.25   3.9  15.06.2026  05:10:53
 15   3  11   7  $12    0.001     9.1647 230333.66   0.0     10.69   1.5  15.06.2026  05:10:55
 16   4  12   8  $12    0.001     9.2381 232178.50   0.0      9.69   1.9  15.06.2026  05:10:57
  1   2   5   6  $12    0.001    -3.0083 567047.13   0.4   -856.68   1.4  15.06.2026  05:10:59
  1   2   6   7  $12    0.100     6.8427  25796.38   0.0    698.88   0.0  15.06.2026  05:11:05
  1   2   7   8  $12    0.100    19.5679 129096.17   0.0    -79.69   0.0  15.06.2026  05:11:07
  1   2   9  10  $12    0.001    -4.1990 6648477.93   0.6   -839.15   1.5  15.06.2026  05:11:15
  1   2  10  11  $12    0.100    -5.9617 134850.49   0.0   -610.68   0.2  15.06.2026  05:11:20
  1   2  11  12  $12    0.100    11.1923 348099.23   0.1   -270.85   0.0  15.06.2026  05:11:22
  1   2  13  14  $12    0.001    -3.6372 19608238.64   0.3   -853.23   0.5  15.06.2026  05:11:30
  1   2  14  15  $12    0.100    17.8066 1221750.74   0.0    183.79   0.0  15.06.2026  05:11:36
  1   2  15  16  $12    0.100    21.9624 1883614.30   0.0    -40.28   0.2  15.06.2026  05:11:38
  1   3   5   7  $12    0.001    -3.0858 116331.15   0.2  -1044.74   0.9  15.06.2026  05:11:46
  1   3   6   8  $12    0.010     5.6687  46747.64   0.0    351.28   0.3  15.06.2026  05:11:49
  1   3   9  11  $12    0.001    -4.7013 1772341.52   0.1   -816.30   0.5  15.06.2026  05:11:54
  1   3  10  12  $12    0.100    14.3533  78122.29   0.1     70.60   0.7  15.06.2026  05:12:00
  1   3  13  15  $12    0.001    -3.4202 4512832.63   0.3  -1000.01   0.4  15.06.2026  05:12:08
  1   3  14  16  $12    0.010     7.8525 1322892.69   0.0    170.51   0.3  15.06.2026  05:12:12
  2   4   6   8  $12    0.010    10.6147  40016.30   0.0     24.81   0.2  15.06.2026  05:12:15
  2   4  10  12  $12    0.100    16.8414  63490.76   0.0     84.92   0.1  15.06.2026  05:12:18
  2   4  14  16  $12    0.010    10.5932 1397744.52   0.0     17.79   0.9  15.06.2026  05:12:23
  1   4   5   8  $12    0.001    -1.8811  18385.35   0.4  -1632.61   1.3  15.06.2026  05:12:28
  1   4   9  12  $12    0.001    -4.5653 701182.78   0.8   -811.71   0.7  15.06.2026  05:12:31
  1   4  13  16  $12    0.001    -2.1841 1235086.38   0.9  -1491.45   3.9  15.06.2026  05:12:33
  5   6   9  10  $12    0.001    -5.0803 957605.95   0.9   -788.55   1.5  15.06.2026  05:12:35
  5   6  10  11  $12    0.100     7.8314  29523.60   0.9    487.05   3.3  15.06.2026  05:12:43
  5   6  11  12  $12    0.010     1.6474 108683.26   0.0    -27.99   1.0  15.06.2026  05:12:48
  5   6  13  14  $12    0.001    -4.9924 7904801.69   0.1   -734.02   0.1  15.06.2026  05:12:53
  5   6  14  15  $12    0.100    -3.1392  71007.75   6.2   -525.11   4.1  15.06.2026  05:13:03
  5   6  15  16  $12    0.100     8.0451 250217.84   0.2   -140.10   0.9  15.06.2026  05:13:05
  5   6   1   2  $12    0.001    -3.0952 583439.34   0.1   -833.74   0.3  15.06.2026  05:13:14
  5   6   2   3  $12    0.100    11.0690   8345.81   0.1    492.58   0.3  15.06.2026  05:13:20
  5   6   3   4  $12    0.100    21.3911   4032.13   0.0   -100.89   0.1  15.06.2026  05:13:22
  5   7   9  11  $12    0.001    -5.3668 202324.36   0.7   -897.48   1.1  15.06.2026  05:13:30
  5   7  10  12  $12    0.010     6.4396  53104.94   0.0    288.00   0.1  15.06.2026  05:13:34
  5   7  13  15  $12    0.001    -5.5620 2096808.08   0.1   -767.73   0.4  15.06.2026  05:13:38
  5   7  14  16  $12    0.100     7.4981  40810.55   0.1    691.74   0.3  15.06.2026  05:13:44
  5   7   1   3  $12    0.001    -3.0783 116050.27   0.4   -958.96   3.7  15.06.2026  05:13:52
  5   7   2   4  $12    0.010     5.3458   6297.86   0.0    505.98   0.0  15.06.2026  05:13:57
  6   8  10  12  $12    0.010    10.4594  39430.97   0.0     20.28   1.3  15.06.2026  05:13:59
  6   8  14  16  $12    0.100    17.0468  64264.80   0.0     84.40   0.4  15.06.2026  05:14:02
  6   8   2   4  $12    0.010    10.6589  40183.17   0.0     24.46   2.6  15.06.2026  05:14:07
  5   8   9  12  $12    0.001    -4.2896  41925.80   0.3  -1095.75   0.5  15.06.2026  05:14:12
  5   8  13  16  $12    0.001    -5.5174 847405.43   0.1   -790.61   0.8  15.06.2026  05:14:14
  5   8   1   4  $12    0.001    -1.9444  19003.95   0.4  -1478.86   0.3  15.06.2026  05:14:16
  9  10  13  14  $12    0.001    -5.7858 1090594.37   0.3   -734.82   1.0  15.06.2026  05:14:18
  9  10  14  15  $12    0.010     0.0706   2662.97   0.8  22412.26   0.9  15.06.2026  05:14:32
  9  10  15  16  $12    0.010     0.8436  55656.18   0.1    555.42   0.2  15.06.2026  05:14:38
  9  10   1   2  $12    0.001    -3.8904 6159902.05   0.2   -699.38   0.2  15.06.2026  05:14:42
  9  10   2   3  $12    0.010    -3.5533 375080.89   0.0   -788.01   0.1  15.06.2026  05:14:46
  9  10   3   4  $12    0.010     0.0487   3216.03   1.5   2452.93   0.9  15.06.2026  05:14:58
  9  10   5   6  $12    0.001    -5.1805 976504.68   0.1   -745.18   0.6  15.06.2026  05:15:03
  9  10   6   7  $12    0.010    -1.1320   8534.85   0.4  -2136.37   0.4  15.06.2026  05:15:10
  9  10   7   8  $12    0.010     0.0655    123.39   3.5  12501.05   3.6  15.06.2026  05:15:22
  9  11  13  15  $12    0.001    -5.8973 222324.48   0.1   -862.40   0.2  15.06.2026  05:15:27
  9  11  14  16  $12    0.010     5.9293  48897.39   0.0    369.95   0.3  15.06.2026  05:15:31
  9  11   1   3  $12    0.001    -4.5025 1697398.38   0.6   -701.78   2.5  15.06.2026  05:15:36
  9  11   2   4  $12    0.010    -2.8857  71392.28   0.1  -1070.56   0.5  15.06.2026  05:15:40
  9  11   5   7  $12    0.001    -5.2204 196805.25   0.8   -845.26   1.2  15.06.2026  05:15:45
  9  11   6   8  $12    0.010     3.9422   4644.33   0.0    875.70   0.1  15.06.2026  05:15:48
 10  12  14  16  $12    0.010    10.7151  40394.91   0.0     15.69   1.4  15.06.2026  05:15:50
 10  12   2   4  $12    0.100    16.6941  62935.41   0.0     90.34   0.5  15.06.2026  05:15:54
 10  12   6   8  $12    0.010    10.4570  39421.93   0.0     22.37   1.8  15.06.2026  05:15:59
  9  12  13  16  $12    0.001    -4.5375  44349.21   0.3  -1003.67   0.8  15.06.2026  05:16:04
  9  12   1   4  $12    0.001    -4.2312 649871.11   0.0   -758.96   0.2  15.06.2026  05:16:06
  9  12   5   8  $12    0.001    -4.1487  40548.69   0.5  -1060.78   0.6  15.06.2026  05:16:08
 13  14   1   2  $12    0.001    -3.4585 18644675.09   0.3   -754.86   1.1  15.06.2026  05:16:10
 13  14   2   3  $12    0.100     8.6405 358312.88   0.2    605.21   0.3  15.06.2026  05:16:16
 13  14   3   4  $12    0.100    23.0144 715788.17   0.0   -113.58   0.0  15.06.2026  05:16:18
 13  14   5   6  $12    0.001    -5.3009 8393178.47   0.8   -746.27   1.4  15.06.2026  05:16:26
 13  14   6   7  $12    0.010    -2.7793 293380.02   0.0   -799.07   0.0  15.06.2026  05:16:29
 13  14   7   8  $12    0.100    16.4159 108301.10   0.6   -513.42   0.8  15.06.2026  05:16:33
 13  14   9  10  $12    0.001    -6.1176 1153147.07   0.6   -744.72   2.3  15.06.2026  05:16:41
 13  14  10  11  $12    0.100    -5.5418   4178.42   0.3  -3387.86   0.2  15.06.2026  05:16:46
 13  14  11  12  $12    0.010     1.4562   2744.82   0.0     -0.48  15.5  15.06.2026  05:16:51
 13  15   1   3  $12    0.001    -3.5794 4722842.11   0.8  -1006.28   0.4  15.06.2026  05:16:56
 13  15   2   4  $12    0.010     5.3957 545399.24   0.0    534.38   0.0  15.06.2026  05:17:00
 13  15   5   7  $12    0.001    -5.8166 2192818.74   0.1   -780.65   0.6  15.06.2026  05:17:05
 13  15   6   8  $12    0.010    -2.5587  63302.79   0.2  -1180.81   0.1  15.06.2026  05:17:09
 13  15   9  11  $12    0.001    -5.9854 225642.82   0.3   -860.31   0.7  15.06.2026  05:17:14
 13  15  10  12  $12    0.010     6.3924   7530.90   0.0    335.37   0.0  15.06.2026  05:17:18
 14  16   2   4  $12    0.010    10.5954 1398025.20   0.0     17.75   1.0  15.06.2026  05:17:20
 14  16   6   8  $12    0.100    16.7912  63301.34   0.0     93.77   0.4  15.06.2026  05:17:24
 14  16  10  12  $12    0.010    10.7375  40479.57   0.0     15.45   0.1  15.06.2026  05:17:29
 13  16   1   4  $12    0.001    -2.1296 1204285.07   0.1  -1421.54   0.0  15.06.2026  05:17:34
 13  16   5   8  $12    0.001    -5.5130 846734.30   0.5   -739.81   2.5  15.06.2026  05:17:36
 13  16   9  12  $12    0.001    -4.6718  45661.60   0.7  -1035.96   0.8  15.06.2026  05:17:38
  1   5   2   6  $12    0.001   101.3496 434180.85   0.0      2.24   0.9  15.06.2026  05:17:40
  1   5   3   7  $12    0.001    39.2530 739901.27   0.0      1.66   0.4  15.06.2026  05:17:43
  1   5   4   8  $12    0.001    20.7412 273673.09   0.0      0.81  32.2  15.06.2026  05:17:45
  1   6   2   7  $12    0.001    82.8750 328875.25   0.0     -1.32   4.0  15.06.2026  05:17:47
  1   6   3   8  $12    0.001    33.8014 405453.59   0.0     -1.52   2.9  15.06.2026  05:17:50
  1   7   2   8  $12    0.001    76.5158 290115.50   0.0      3.09   1.6  15.06.2026  05:17:52
  1   9   2  10  $12    0.001   112.2417 403907.59   0.0      1.42   1.0  15.06.2026  05:17:55
  1   9   3  11  $12    0.001    47.4874 406871.39   0.0      1.30   1.2  15.06.2026  05:17:57
  1   9   4  12  $12    0.001    28.6360 478833.11   0.0      0.69  16.6  15.06.2026  05:18:00
  1  10   2  11  $12    0.001    90.2526 319478.27   0.0     -0.15  37.7  15.06.2026  05:18:02
  1  10   3  12  $12    0.001    42.1522 345651.61   0.0     -3.67   1.5  15.06.2026  05:18:05
  1  11   3  12  $12    0.001    54.7188 267744.39   0.0     -2.83   1.2  15.06.2026  05:18:07
  1  13   2  14  $12    0.001   101.2304 347156.58   0.0      1.07   2.8  15.06.2026  05:18:10
  1  13   3  15  $12    0.001    38.1258 289114.16   0.0      0.98  23.0  15.06.2026  05:18:12
  1  13   4  16  $12    0.001    20.7585 266788.26   0.0      0.16  34.5  15.06.2026  05:18:14
  1  14   2  15  $12    0.001    79.9308 272170.94   0.0      1.80   2.5  15.06.2026  05:18:17
  1  14   3  16  $12    0.001    33.5653 250345.05   0.0     -1.14   3.6  15.06.2026  05:18:19
  1  15   2  16  $12    0.001    76.7395 259731.66   0.0     -1.13   8.2  15.06.2026  05:18:22
  5   9   6  10  $12    0.001   103.5330 443534.34   0.0      1.07   0.8  15.06.2026  05:18:24
  5   9   7  11  $12    0.001    39.3915 742511.70   0.0      0.88   2.5  15.06.2026  05:18:27
  5   9   8  12  $12    0.001    21.4111 282513.29   0.0      0.85   5.9  15.06.2026  05:18:29
  5  10   6  11  $12    0.001    81.5946 323794.24   0.0      9.32   1.5  15.06.2026  05:18:32
  5  10   7  12  $12    0.001    34.1659 409826.25   0.0      5.86   0.4  15.06.2026  05:18:34
  5  11   6  12  $12    0.001    78.1643 296366.12   0.0     10.01   0.1  15.06.2026  05:18:37
  5  13   6  14  $12    0.001   111.7560 402159.88   0.0      1.06   3.2  15.06.2026  05:18:39
  5  13   7  15  $12    0.001    47.2994 405259.89   0.0      0.90   5.3  15.06.2026  05:18:42
  5  13   8  16  $12    0.001    29.2778 489565.31   0.0      0.67   4.6  15.06.2026  05:18:44
  5  14   6  15  $12    0.001    89.1183 315463.14   0.0      7.96   0.6  15.06.2026  05:18:47
  5  14   7  16  $12    0.001    42.1529 345657.88   0.0      4.97   0.2  15.06.2026  05:18:49
  5  15   7  16  $12    0.001    53.6611 262568.98   0.0      6.16   1.0  15.06.2026  05:18:52
  5   1   6   2  $12    0.001   101.3105 434013.32   0.0      2.51   0.0  15.06.2026  05:18:54
  5   1   7   3  $12    0.001    39.2459 739767.55   0.0      1.56   0.8  15.06.2026  05:18:57
  5   1   8   4  $12    0.001    20.7247 273456.57   0.0      0.04 1133.8  15.06.2026  05:18:59
  5   2   6   3  $12    0.001    83.9908 422183.63   0.0     -1.31   1.4  15.06.2026  05:19:02
  5   2   7   4  $12    0.001    33.8775 1064292.24   0.0     -5.64   0.5  15.06.2026  05:19:04
  5   3   6   4  $12    0.001    77.3178 728703.25   0.0      2.10   2.4  15.06.2026  05:19:07
  9  13  10  14  $12    0.001   102.4301 438809.70   0.0      1.01   1.4  15.06.2026  05:19:09
  9  13  11  15  $12    0.001    37.0594 698552.38   0.0      0.78   0.4  15.06.2026  05:19:12
  9  13  12  16  $12    0.001    20.4635 270009.92   0.0      0.31   5.2  15.06.2026  05:19:14
  9  14  10  15  $12    0.001    80.5853 319788.90   0.0      7.37   0.6  15.06.2026  05:19:16
  9  14  11  16  $12    0.001    32.6004 391047.84   0.0      4.55   0.7  15.06.2026  05:19:19
  9  15  10  16  $12    0.001    77.5894 294186.15   0.0      4.36   3.7  15.06.2026  05:19:21
  9   1  10   2  $12    0.001   112.2805 404047.30   0.0      1.14   1.2  15.06.2026  05:19:24
  9   1  11   3  $12    0.001    47.5233 407179.07   0.0      0.95   0.6  15.06.2026  05:19:26
  9   1  12   4  $12    0.001    28.6400 478901.10   0.0      1.09   1.3  15.06.2026  05:19:29
  9   2  10   3  $12    0.001    94.8161 348730.04   0.0     -3.78   0.4  15.06.2026  05:19:31
  9   2  11   4  $12    0.001    42.0725 383732.74   0.0     -6.15   0.0  15.06.2026  05:19:34
  9   3  11   4  $12    0.001    53.7649 287501.94   0.0      3.92   0.8  15.06.2026  05:19:36
  9   5  10   6  $12    0.001   103.5593 443647.15   0.0      0.99   1.0  15.06.2026  05:19:39
  9   5  11   7  $12    0.001    39.3834 742360.00   0.0      0.72   8.7  15.06.2026  05:19:42
  9   5  12   8  $12    0.001    21.4305 282769.22   0.0      1.54   1.8  15.06.2026  05:19:44
  9   6  10   7  $12    0.001    83.9119 421787.11   0.0      6.97   2.0  15.06.2026  05:19:46
  9   6  11   8  $12    0.001    33.5190 1053028.98   0.0      7.33   0.2  15.06.2026  05:19:49
  9   7  10   8  $12    0.001    77.6975 732282.12   0.0     10.11   0.2  15.06.2026  05:19:51
 13   1  14   2  $12    0.001   101.3452 347550.51   0.0      1.28   5.8  15.06.2026  05:19:53
 13   1  15   3  $12    0.001    38.1692 289442.82   0.0      1.26   3.2  15.06.2026  05:19:56
 13   1  16   4  $12    0.001    20.7639 266856.94   0.0      1.35   4.8  15.06.2026  05:19:58
 13   2  14   3  $12    0.001    84.6374 292729.90   0.0     -3.94   0.4  15.06.2026  05:20:00
 13   2  15   4  $12    0.001    33.1561 256570.10   0.0     -5.23   1.0  15.06.2026  05:20:03
 13   3  14   4  $12    0.001    77.2582 269984.87   0.0      8.11   1.6  15.06.2026  05:20:05
 13   5  14   6  $12    0.001   111.8197 402389.07   0.0      0.93   1.9  15.06.2026  05:20:08
 13   5  15   7  $12    0.001    47.2927 405203.33   0.0      0.69   2.3  15.06.2026  05:20:11
 13   5  16   8  $12    0.001    29.2883 489741.23   0.0      0.13  21.5  15.06.2026  05:20:13
 13   6  14   7  $12    0.001    92.2421 339262.79   0.0     -1.05  11.7  15.06.2026  05:20:16
 13   6  15   8  $12    0.001    40.9933 373889.54   0.0      6.00   2.2  15.06.2026  05:20:18
 13   7  15   8  $12    0.001    52.2871 279599.78   0.0      7.63   0.5  15.06.2026  05:20:21
 13   9  14  10  $12    0.001   102.5363 439264.35   0.0      0.79   0.4  15.06.2026  05:20:23
 13   9  15  11  $12    0.001    37.0847 699030.38   0.0      0.89   2.7  15.06.2026  05:20:26
 13   9  16  12  $12    0.001    20.4816 270248.84   0.0      1.04   0.7  15.06.2026  05:20:28
 13  10  14  11  $12    0.001    80.1810 403033.85   0.0      8.78   0.2  15.06.2026  05:20:30
 13  10  15  12  $12    0.001    31.6896 995557.82   0.0      6.86   0.1  15.06.2026  05:20:33
 13  11  14  12  $12    0.001    76.5848 721794.88   0.0      9.07   0.2  15.06.2026  05:20:35
