//C:\Users\user\Desktop\GeoTom\GeoTomE724.ini
//- Cable direction:
//  cable I: normal
//  cable II: normal
//  cable III: normal
//  cable IV: normal
//- Cable arrangement: sequential
//- Optimization: Last measurement
//- Sorting: Multi-level
//- Current levels: 0.001 mA .. 10.0 mA
Type:         Flow
Name:         Hyprop
Comment:      Example of a measurements sequence
Comment:      
Comment:      
Spacing:      1.00000
First El:     0.00000
Nr of points: 180
IP present:   1

  1   2   4   3  $12    0.001   104.2000 1964124.43   0.0   -135.34   0.1  17.06.2026  09:10:09
  1   4   2   3  $12    0.001    43.4892 273250.54   0.3   2895.81   0.2  17.06.2026  09:10:12
  5   6   8   7  $12    0.001   117.8257 2220962.41   0.0   -196.10   0.0  17.06.2026  09:10:15
  5   8   6   7  $12    0.001   108.3587 680837.77   0.1   1142.99   0.2  17.06.2026  09:10:17
  9  10  12  11  $12    0.001   166.4366 3137255.41   0.0   -110.69   1.2  17.06.2026  09:10:20
  9  12  10  11  $12    0.001   262.6175 1650074.37   0.0    126.17   0.3  17.06.2026  09:10:22
 13  14  16  15  $12    0.001    87.9676 1658151.10   0.3    428.05   1.1  17.06.2026  09:10:24
 13  16  14  15  $12    0.001     4.2195  26512.16   3.1  36135.20   3.1  17.06.2026  09:10:27
  1   5  13   9  $12    0.001    87.3617 6586917.97   0.0     90.97   0.6  17.06.2026  09:10:29
  2   6  14  10  $12    0.001    53.8557 4060624.18   0.0     71.94   0.1  17.06.2026  09:10:32
  3   7  15  11  $12    0.001    49.9082 3762990.36   0.0     -0.19 745.3  17.06.2026  09:10:34
  4   8  16  12  $12    0.001    50.6474 3818726.63   0.1     -8.91   7.4  17.06.2026  09:10:37
  5   9   1  13  $12    0.001   203.5857 5116666.86   0.0    -66.48   0.1  17.06.2026  09:10:39
  6  10   2  14  $12    0.001    48.6039 1221549.13   0.0     -0.93  27.3  17.06.2026  09:10:42
  7  11   3  15  $12    0.001    41.4074 1040682.45   0.0     29.48   0.7  17.06.2026  09:10:44
  8  12   4  16  $12    0.001    40.5564 1019292.32   0.0      5.05   3.1  17.06.2026  09:10:47
  9  13   5   1  $12    0.001    92.5360 6977051.33   0.2    214.03   0.0  17.06.2026  09:10:49
 10  14   6   2  $12    0.001    55.1865 4160962.11   0.0     49.55   1.2  17.06.2026  09:10:52
 11  15   7   3  $12    0.001    49.9712 3767737.96   0.0      1.88   0.7  17.06.2026  09:10:54
 12  16   8   4  $12    0.001    50.8165 3831475.38   0.0    -13.40   1.3  17.06.2026  09:10:56
 13   1   9   5  $12    0.001   239.7717 6026119.20   0.1   -143.77   0.1  17.06.2026  09:10:59
 14   2  10   6  $12    0.001    48.7365 1224882.22   0.1     -2.29  13.9  17.06.2026  09:11:01
 15   3  11   7  $12    0.001    41.5383 1043972.34   0.0     28.88   5.5  17.06.2026  09:11:04
 16   4  12   8  $12    0.001    40.5322 1018684.74   0.0      6.89   2.5  17.06.2026  09:11:06
  1   2   5   6  $12    0.001   263.6742 49701412.46   0.0   -538.71   0.0  17.06.2026  09:11:09
  1   2   6   7  $12    0.001  -211.4464 79713403.46   0.1     87.42   1.9  17.06.2026  09:11:11
  1   2   7   8  $12    0.001   -37.0164 24421023.59   0.0    146.19   1.1  17.06.2026  09:11:14
  1   2   9  10  $12    0.001   263.6742 417491864.65   0.0   -460.90   0.1  17.06.2026  09:11:16
  1   2  10  11  $12    0.001  -205.2929 464361546.25   0.0    491.81   0.1  17.06.2026  09:11:19
  1   2  11  12  $12    0.001   -38.7827 120621130.33   0.1    180.83   0.5  17.06.2026  09:11:21
  1   2  13  14  $12    0.001   263.6742 1421460396.30   0.0   -108.42   1.3  17.06.2026  09:11:24
  1   2  14  15  $12    0.001  -251.8681 1728127223.70   0.1    287.68   0.6  17.06.2026  09:11:26
  1   2  15  16  $12    0.001   -45.8654 393367102.51   0.1    -95.64   1.9  17.06.2026  09:11:29
  1   3   5   7  $12    0.001    87.8645 3312415.40   0.5  -3216.30   0.5  17.06.2026  09:11:31
  1   3   6   8  $12    0.001  -263.7392 21749731.74   0.0   -421.49   0.0  17.06.2026  09:11:33
  1   3   9  11  $12    0.001    84.5965 31892113.42   0.0  -3332.09   0.0  17.06.2026  09:11:36
  1   3  10  12  $12    0.001  -263.7392 143548229.46   0.0   -161.04   0.2  17.06.2026  09:11:38
  1   3  13  15  $12    0.001    98.8510 130430862.19   0.9  -2882.98   0.8  17.06.2026  09:11:41
  1   3  14  16  $12    0.001  -263.7392 444315948.34   0.0   -279.78   0.0  17.06.2026  09:11:43
  2   4   6   8  $12    0.001   -51.3904 1937370.90   0.0   -563.35   0.2  17.06.2026  09:11:46
  2   4  10  12  $12    0.001   -51.6714 19479654.92   0.0   -251.32   0.3  17.06.2026  09:11:48
  2   4  14  16  $12    0.001   -62.3491 82267719.86   0.0   -409.10   0.1  17.06.2026  09:11:51
  1   4   5   8  $12    0.001   -74.3936 727111.31   0.1   3330.92   0.2  17.06.2026  09:11:53
  1   4   9  12  $12    0.001   -10.7676 1653780.20   2.6  24314.19   2.6  17.06.2026  09:11:56
  1   4  13  16  $12    0.001   -44.9263 25405209.83   2.3   5662.42   2.3  17.06.2026  09:11:58
  5   6   9  10  $12    0.001   263.6742 49701412.46   0.0   -554.82   0.1  17.06.2026  09:12:01
  5   6  10  11  $12    0.001  -197.8944 74604426.99   0.2    349.34   0.4  17.06.2026  09:12:03
  5   6  11  12  $12    0.001   -44.4404 29318832.12   0.0   -183.95   0.2  17.06.2026  09:12:06
  5   6  13  14  $12    0.001   263.6742 417491864.65   0.0   -261.10   0.8  17.06.2026  09:12:08
  5   6  14  15  $12    0.001  -263.7392 596564070.50   0.0    115.83   0.4  17.06.2026  09:12:10
  5   6  15  16  $12    0.001   -55.2458 171824314.13   0.0   -353.48   0.2  17.06.2026  09:12:13
  5   6   1   2  $12    0.001   263.6742 49701412.46   0.0   -163.02   0.2  17.06.2026  09:12:15
  5   6   2   3  $12    0.001  -263.7392 19885465.07   0.0     27.19   2.9  17.06.2026  09:12:18
  5   6   3   4  $12    0.001   -28.0647 529006.50   0.1   -349.98   0.5  17.06.2026  09:12:20
  5   7   9  11  $12    0.001   157.1369 5923923.00   0.2  -1892.85   0.1  17.06.2026  09:12:23
  5   7  10  12  $12    0.001  -263.7392 21749731.74   0.0   -237.91   0.2  17.06.2026  09:12:25
  5   7  13  15  $12    0.001   161.8079 61000139.06   0.5  -1844.49   0.4  17.06.2026  09:12:28
  5   7  14  16  $12    0.001  -263.7392 143548229.46   0.0   -318.32   0.0  17.06.2026  09:12:30
  5   7   1   3  $12    0.001   200.3531 7553135.80   0.5  -1530.87   0.4  17.06.2026  09:12:32
  5   7   2   4  $12    0.001  -263.7392 3107104.53   0.0   -377.97   0.1  17.06.2026  09:12:35
  6   8  10  12  $12    0.001   -37.3446 1407858.94   0.0   -313.70   0.5  17.06.2026  09:12:37
  6   8  14  16  $12    0.001   -53.2773 20085082.22   0.0   -408.43   1.4  17.06.2026  09:12:40
  6   8   2   4  $12    0.001   -46.1264 1738923.07   0.7   -480.21   0.5  17.06.2026  09:12:42
  5   8   9  12  $12    0.001    38.4536 375839.25   1.4  -7075.95   1.3  17.06.2026  09:12:45
  5   8  13  16  $12    0.001    12.9241 1985001.36   2.0 -20637.81   1.9  17.06.2026  09:12:47
  5   8   1   4  $12    0.001    97.0931 948972.49   1.2  -2931.69   1.1  17.06.2026  09:12:50
  9  10  13  14  $12    0.001   263.6742 49701412.46   0.0   -109.02   1.2  17.06.2026  09:12:52
  9  10  14  15  $12    0.001  -177.1938 66800495.75   0.2    606.64   0.4  17.06.2026  09:12:55
  9  10  15  16  $12    0.001   -50.5251 33333132.46   0.0   -328.41   0.2  17.06.2026  09:12:57
  9  10   1   2  $12    0.001   263.6742 417491864.65   0.0   -168.62   0.1  17.06.2026  09:13:00
  9  10   2   3  $12    0.001  -204.9774 216369037.31   0.0    334.01   0.1  17.06.2026  09:13:02
  9  10   3   4  $12    0.001   -23.3870 15429198.49   0.0   -349.52   0.3  17.06.2026  09:13:05
  9  10   5   6  $12    0.001   263.6742 49701412.46   0.0   -529.24   0.0  17.06.2026  09:13:07
  9  10   6   7  $12    0.001  -175.0391 13197640.30   0.0    130.70   0.1  17.06.2026  09:13:10
  9  10   7   8  $12    0.001   -56.9991 1074407.58   0.0   -354.94   0.0  17.06.2026  09:13:12
  9  11  13  15  $12    0.001   263.6742 9940282.49   0.0  -1214.66   0.0  17.06.2026  09:13:14
  9  11  14  16  $12    0.001  -263.7392 21749731.74   0.0   -140.95   0.3  17.06.2026  09:13:17
  9  11   1   3  $12    0.001   254.9489 96113452.62   0.1  -1248.90   0.1  17.06.2026  09:13:19
  9  11   2   4  $12    0.001  -263.7392 65249195.21   0.0   -197.45   0.3  17.06.2026  09:13:22
  9  11   5   7  $12    0.001   225.9647 8518667.45   0.1  -1381.60   0.1  17.06.2026  09:13:24
  9  11   6   8  $12    0.001  -263.7392 3107104.53   0.0   -300.79   0.4  17.06.2026  09:13:27
 10  12  14  16  $12    0.001   -53.1042 2001981.76   0.0   -326.67   0.0  17.06.2026  09:13:29
 10  12   2   4  $12    0.001   -57.3693 21627715.56   0.0   -350.02   0.0  17.06.2026  09:13:32
 10  12   6   8  $12    0.001   -46.4328 1750476.43   0.0   -524.84   0.1  17.06.2026  09:13:34
  9  12  13  16  $12    0.001   158.9290 1553347.40   1.5  -1874.71   1.3  17.06.2026  09:13:37
  9  12   1   4  $12    0.001   194.0972 29811190.65   0.7  -1573.38   0.6  17.06.2026  09:13:39
  9  12   5   8  $12    0.001   132.0750 1290880.90   0.2  -2211.36   0.2  17.06.2026  09:13:42
 13  14   1   2  $12    0.001   263.6742 1421460396.30   0.0   -388.95   3.0  17.06.2026  09:13:44
 13  14   2   3  $12    0.001  -232.8109 965443956.43   0.1    461.45   0.3  17.06.2026  09:13:47
 13  14   3   4  $12    0.001    -9.6359 29969302.92   0.4   1290.63   1.0  17.06.2026  09:13:49
 13  14   5   6  $12    0.001   263.6742 417491864.65   0.0   -618.79   0.4  17.06.2026  09:13:51
 13  14   6   7  $12    0.001  -218.4872 230629672.48   0.1    192.65   1.5  17.06.2026  09:13:54
 13  14   7   8  $12    0.001   -46.4918 30672258.82   0.0    -34.89   2.0  17.06.2026  09:13:56
 13  14   9  10  $12    0.001   263.6742 49701412.46   0.0   -246.54   0.4  17.06.2026  09:13:58
 13  14  10  11  $12    0.001  -233.8173 17629406.66   0.0    395.89   0.1  17.06.2026  09:14:01
 13  14  11  12  $12    0.001   -55.4672 1045532.69   0.2     70.91   6.3  17.06.2026  09:14:03
 13  15   1   3  $12    0.001   -11.4052 15048771.48  27.0  27932.56  33.9  17.06.2026  09:14:06
 13  15   2   4  $12    0.001  -263.7392 266589569.00   0.0   -205.08   1.6  17.06.2026  09:14:08
 13  15   5   7  $12    0.001   -49.8322 18786315.30   4.3   5098.46   4.5  17.06.2026  09:14:11
 13  15   6   8  $12    0.001  -262.7960 65015845.87   0.0   -160.83   0.8  17.06.2026  09:14:13
 13  15   9  11  $12    0.001   116.6227 4396571.40   1.4  -2476.83   1.2  17.06.2026  09:14:16
 13  15  10  12  $12    0.001  -263.7392 3107104.53   0.0     41.19   3.7  17.06.2026  09:14:18
 14  16   2   4  $12    0.001   -65.2454 86089286.83   0.0   -447.38   0.1  17.06.2026  09:14:21
 14  16   6   8  $12    0.001   -60.7176 22889984.68   0.3   -519.73   0.2  17.06.2026  09:14:23
 14  16  10  12  $12    0.001   -49.0201 1848014.31   0.0   -259.14   0.5  17.06.2026  09:14:25
 13  16   1   4  $12    0.001  -217.2924 122875972.41   2.1   1000.57   2.6  17.06.2026  09:14:28
 13  16   5   8  $12    0.001  -263.7392 40507436.89   0.0    785.64   0.0  17.06.2026  09:14:31
 13  16   9  12  $12    0.001   -91.9412 898618.62   0.5   2654.43   0.6  17.06.2026  09:14:33
  1   5   2   6  $12    0.001   263.6742 1129577.56   0.0    179.68   0.3  17.06.2026  09:14:36
  1   5   3   7  $12    0.001   195.4972 3685036.02   0.0    -13.44   0.0  17.06.2026  09:14:38
  1   5   4   8  $12    0.001    91.3793 1205721.83   0.0     27.70   0.2  17.06.2026  09:14:40
  1   6   2   7  $12    0.001   251.1676 996715.29   0.8    168.95   4.9  17.06.2026  09:14:43
  1   6   3   8  $12    0.001   107.2808 1286851.23   0.0    143.07   0.5  17.06.2026  09:14:45
  1   7   2   8  $12    0.001   203.8517 772919.32   0.0    566.17   0.1  17.06.2026  09:14:48
  1   9   2  10  $12    0.001   263.6742 948845.15   0.0    179.48   0.1  17.06.2026  09:14:50
  1   9   3  11  $12    0.001   263.6742 2259155.11   0.0      3.67  10.2  17.06.2026  09:14:53
  1   9   4  12  $12    0.001   162.6450 2719648.75   0.0    -24.21   0.3  17.06.2026  09:14:55
  1  10   2  11  $12    0.001   263.6742 933359.86   0.0    345.78   0.2  17.06.2026  09:14:58
  1  10   3  12  $12    0.001   262.6083 2153411.70   0.0     90.74   0.1  17.06.2026  09:15:00
  1  11   3  12  $12    0.001   263.6742 1290184.16   0.0    126.09   0.0  17.06.2026  09:15:03
  1  13   2  14  $12    0.001   263.6742 904236.89   0.0    164.82   0.2  17.06.2026  09:15:05
  1  13   3  15  $12    0.001   205.6330 1559347.06   0.0    -49.04   0.0  17.06.2026  09:15:08
  1  13   4  16  $12    0.001   101.0773 1299042.68   0.0    -12.83   0.3  17.06.2026  09:15:10
  1  14   2  15  $12    0.001   263.6742 897831.97   0.0     75.15   0.3  17.06.2026  09:15:12
  1  14   3  16  $12    0.001   149.5502 1115413.63   0.0     30.54   1.8  17.06.2026  09:15:15
  1  15   2  16  $12    0.001   247.4932 837662.61   0.2    359.82   0.6  17.06.2026  09:15:17
  5   9   6  10  $12    0.001   263.6742 1129577.56   0.0    165.28   0.1  17.06.2026  09:15:20
  5   9   7  11  $12    0.001   232.2301 4377434.45   0.0     12.39   0.6  17.06.2026  09:15:23
  5   9   8  12  $12    0.001   106.8600 1409983.94   0.0     43.43   0.4  17.06.2026  09:15:25
  5  10   6  11  $12    0.001   263.6742 1046345.53   0.0    336.35   0.5  17.06.2026  09:15:27
  5  10   7  12  $12    0.001   238.1395 2856523.88   0.0    -26.42   2.4  17.06.2026  09:15:30
  5  11   6  12  $12    0.001   263.6742 999741.06   0.0    414.11   0.0  17.06.2026  09:15:32
  5  13   6  14  $12    0.001   263.6742 948845.15   0.0    169.08   0.2  17.06.2026  09:15:35
  5  13   7  15  $12    0.001   244.5957 2095690.74   0.0    -21.60   0.1  17.06.2026  09:15:37
  5  13   8  16  $12    0.001   145.3106 2429793.65   0.0    -28.29   0.3  17.06.2026  09:15:40
  5  14   6  15  $12    0.001   263.6742 933359.86   0.0    255.47   0.1  17.06.2026  09:15:42
  5  14   7  16  $12    0.001   185.4688 1520860.49   0.0     76.28   1.3  17.06.2026  09:15:45
  5  15   7  16  $12    0.001   257.1236 1258131.28   0.0     56.63   0.0  17.06.2026  09:15:47
  5   1   6   2  $12    0.001   263.6742 1129577.56   0.0    173.23   0.1  17.06.2026  09:15:50
  5   1   7   3  $12    0.001   195.5397 3685837.16   0.0    -13.91   0.1  17.06.2026  09:15:52
  5   1   8   4  $12    0.001    91.1157 1202243.93   0.0     29.99   0.2  17.06.2026  09:15:54
  5   2   6   3  $12    0.001   263.6742 1325371.00   0.0    183.03   0.2  17.06.2026  09:15:57
  5   2   7   4  $12    0.001   115.9071 3641328.07   0.1    128.95   1.2  17.06.2026  09:15:59
  5   3   6   4  $12    0.001   260.6039 2456133.90   0.0    456.60   0.0  17.06.2026  09:16:02
  9  13  10  14  $12    0.001   263.6742 1129577.56   0.0    187.57   0.0  17.06.2026  09:16:04
  9  13  11  15  $12    0.001   240.6737 4536591.55   0.0     74.15   0.0  17.06.2026  09:16:07
  9  13  12  16  $12    0.001    94.9811 1253246.55   0.1    287.93   0.1  17.06.2026  09:16:09
  9  14  10  15  $12    0.001   263.6742 1046345.53   0.0     29.38   1.1  17.06.2026  09:16:12
  9  14  11  16  $12    0.001   107.9709 1295129.24   0.0    125.46   0.6  17.06.2026  09:16:14
  9  15  10  16  $12    0.001   263.6742 999741.06   0.0    325.69   0.2  17.06.2026  09:16:17
  9   1  10   2  $12    0.001   263.6742 948845.15   0.0    197.09   0.0  17.06.2026  09:16:19
  9   1  11   3  $12    0.001   263.6742 2259155.11   0.0      5.54   3.8  17.06.2026  09:16:22
  9   1  12   4  $12    0.001   162.6176 2719190.20   0.0    -22.32   0.1  17.06.2026  09:16:24
  9   2  10   3  $12    0.001   263.6742 969783.66   0.0    127.84   0.6  17.06.2026  09:16:27
  9   2  11   4  $12    0.001   108.5918 990439.14   0.0    244.27   0.3  17.06.2026  09:16:29
  9   3  11   4  $12    0.001   151.9464 812516.88   0.0    511.37   0.0  17.06.2026  09:16:32
  9   5  10   6  $12    0.001   263.6742 1129577.56   0.0    172.26   0.0  17.06.2026  09:16:34
  9   5  11   7  $12    0.001   232.0913 4374817.11   0.0     15.29   1.0  17.06.2026  09:16:36
  9   5  12   8  $12    0.001   106.4446 1404502.88   0.0     50.63   1.7  17.06.2026  09:16:39
  9   6  10   7  $12    0.001   263.6742 1325371.00   0.0     92.31   0.7  17.06.2026  09:16:41
  9   6  11   8  $12    0.001    35.0600 1101443.17   0.2   1225.00   0.4  17.06.2026  09:16:44
  9   7  10   8  $12    0.001   263.6742 2485070.62   0.0    415.51   0.5  17.06.2026  09:16:46
 13   1  14   2  $12    0.001   263.6742 904236.89   0.0    183.96   0.1  17.06.2026  09:16:49
 13   1  15   3  $12    0.001   206.2457 1563993.21   0.0    -48.96   0.0  17.06.2026  09:16:51
 13   1  16   4  $12    0.001   101.3385 1302399.13   0.0    -13.72   0.6  17.06.2026  09:16:54
 13   2  14   3  $12    0.001   207.6152 718065.03   0.4    117.28   3.9  17.06.2026  09:16:56
 13   2  15   4  $12    0.001    73.8176 571218.14   0.0    446.02   0.0  17.06.2026  09:16:59
 13   3  14   4  $12    0.001   133.1803 465409.43   0.2   1158.54   0.5  17.06.2026  09:17:01
 13   5  14   6  $12    0.001   263.6742 948845.15   0.0    184.94   0.0  17.06.2026  09:17:03
 13   5  15   7  $12    0.001   244.9627 2098835.90   0.0    -22.57   0.2  17.06.2026  09:17:06
 13   5  16   8  $12    0.001   145.4658 2432388.48   0.0    -28.73   0.3  17.06.2026  09:17:09
 13   6  14   7  $12    0.001   256.4807 943326.39   0.3     81.11   2.4  17.06.2026  09:17:11
 13   6  15   8  $12    0.001   101.6946 927531.16   0.2    289.00   1.2  17.06.2026  09:17:13
 13   7  15   8  $12    0.001   164.1376 877707.87   0.0    298.78   0.0  17.06.2026  09:17:16
 13   9  14  10  $12    0.001   263.6742 1129577.56   0.0    211.12   0.0  17.06.2026  09:17:18
 13   9  15  11  $12    0.001   239.8884 4521790.57   0.0     74.26   0.1  17.06.2026  09:17:21
 13   9  16  12  $12    0.001    94.2462 1243549.81   0.0    293.99   0.0  17.06.2026  09:17:23
 13  10  14  11  $12    0.001   263.6742 1325371.00   0.0    272.71   1.0  17.06.2026  09:17:26
 13  10  15  12  $12    0.001   134.0311 4210711.54   0.0    610.75   0.1  17.06.2026  09:17:28
 13  11  14  12  $12    0.001   218.5387 2059678.71   0.0    545.92   0.0  17.06.2026  09:17:31
