//C:\Users\user\Desktop\GeoTom\GeoTomE724.ini
//- Cable direction:
//  cable I: normal
//  cable II: normal
//  cable III: normal
//  cable IV: normal
//- Cable arrangement: sequential
//- Optimization: Last measurement
//- Sorting: Multi-level
//- Current levels: 0.001 mA .. 10.0 mA
Type:         Flow
Name:         Hyprop
Comment:      Example of a measurements sequence
Comment:      
Comment:      
Spacing:      1.00000
First El:     0.00000
Nr of points: 180
IP present:   1

  1   2   4   3  $12    0.001     5.6870 107196.62   0.0     10.73   1.3  14.06.2026  04:10:08
  1   4   2   3  $12    0.001    20.1472 126588.70   0.0     10.92   0.9  14.06.2026  04:10:10
  5   6   8   7  $12    0.001     5.2452  98869.17   0.0      8.15   6.1  14.06.2026  04:10:12
  5   8   6   7  $12    0.001    19.7118 123852.72   0.0     13.85   0.4  14.06.2026  04:10:15
  9  10  12  11  $12    0.001     4.6838  88287.81   0.0     13.42   2.2  14.06.2026  04:10:17
  9  12  10  11  $12    0.001    20.5747 129274.45   0.0     13.78   0.0  14.06.2026  04:10:19
 13  14  16  15  $12    0.001     4.5581  85917.76   0.0     12.44   0.5  14.06.2026  04:10:21
 13  16  14  15  $12    0.001    20.1282 126469.01   0.0     14.30   0.8  14.06.2026  04:10:23
  1   5  13   9  $12    0.001     5.7427 432985.77   0.0      8.82  10.3  14.06.2026  04:10:25
  2   6  14  10  $12    0.001     4.9088 370118.23   0.0      9.08   2.4  14.06.2026  04:10:27
  3   7  15  11  $12    0.001     4.5335 341815.16   0.0      8.02   3.0  14.06.2026  04:10:29
  4   8  16  12  $12    0.001     5.0161 378202.34   0.0      7.90   3.2  14.06.2026  04:10:31
  5   9   1  13  $12    0.001     6.0005 150808.31   0.0      9.43   1.1  14.06.2026  04:10:33
  6  10   2  14  $12    0.001     5.2205 131204.29   0.0      4.32  10.9  14.06.2026  04:10:35
  7  11   3  15  $12    0.001     5.0100 125915.22   0.0      9.82   2.0  14.06.2026  04:10:37
  8  12   4  16  $12    0.001     5.4926 138043.76   0.0      8.44   2.0  14.06.2026  04:10:39
  9  13   5   1  $12    0.001     5.7614 434396.86   0.0     11.25   3.2  14.06.2026  04:10:41
 10  14   6   2  $12    0.001     4.9254 371369.72   0.1      4.85  11.9  14.06.2026  04:10:43
 11  15   7   3  $12    0.001     4.5392 342250.49   0.0      8.86   1.8  14.06.2026  04:10:45
 12  16   8   4  $12    0.001     4.9969 376760.44   0.1     10.79   9.6  14.06.2026  04:10:47
 13   1   9   5  $12    0.001     6.0735 152643.67   0.0      5.11   3.5  14.06.2026  04:10:49
 14   2  10   6  $12    0.001     5.1986 130654.39   0.0      9.19   1.0  14.06.2026  04:10:51
 15   3  11   7  $12    0.001     5.0003 125671.09   0.0     11.35   1.1  14.06.2026  04:10:54
 16   4  12   8  $12    0.001     5.4779 137673.48   0.1      6.69   4.3  14.06.2026  04:10:56
  1   2   5   6  $12    0.010     2.1224  40006.35   0.0      4.62  11.6  14.06.2026  04:10:59
  1   2   6   7  $12    0.010     2.2144  83481.15   0.0      9.08  16.5  14.06.2026  04:11:01
  1   2   7   8  $12    0.100    17.2278 113657.59   0.0      6.98   0.4  14.06.2026  04:11:05
  1   2   9  10  $12    0.100     3.7719  59722.33   0.0     66.56   2.9  14.06.2026  04:11:07
  1   2  10  11  $12    0.100     5.1626 116774.78   0.0      5.93   7.0  14.06.2026  04:11:09
  1   2  11  12  $12    0.100     4.7156 146662.39   0.0      4.98   3.4  14.06.2026  04:11:11
  1   2  13  14  $12    0.100    19.0143 1025053.22   0.0     19.24   0.4  14.06.2026  04:11:13
  1   2  14  15  $12    0.100    22.6230 1552216.26   0.0      3.54   0.5  14.06.2026  04:11:15
  1   2  15  16  $12    0.100    16.1088 1381578.26   0.0      5.19   0.9  14.06.2026  04:11:17
  1   3   5   7  $12    0.010     9.2561  34894.52   0.0      9.78   0.5  14.06.2026  04:11:22
  1   3   6   8  $12    0.010     9.2173  76012.04   0.0      8.61   0.7  14.06.2026  04:11:24
  1   3   9  11  $12    0.010     2.0413  76955.87   0.1     28.62   2.2  14.06.2026  04:11:26
  1   3  10  12  $12    0.010     2.3381 127259.35   0.0      2.66   6.2  14.06.2026  04:11:28
  1   3  13  15  $12    0.010     9.1481 1207060.23   0.0     11.58   3.3  14.06.2026  04:11:30
  1   3  14  16  $12    0.010     9.0511 1524815.52   0.0      5.63   0.9  14.06.2026  04:11:32
  2   4   6   8  $12    0.010    10.8711  40983.24   0.0      8.97   0.6  14.06.2026  04:11:34
  2   4  10  12  $12    0.010     2.6448  99705.86   0.0      4.91   6.4  14.06.2026  04:11:36
  2   4  14  16  $12    0.010    10.3949 1371573.87   0.0      6.23   1.3  14.06.2026  04:11:38
  1   4   5   8  $12    0.010    20.8673  20395.40   0.0     10.69   1.7  14.06.2026  04:11:40
  1   4   9  12  $12    0.010     4.9797  76483.23   0.0     17.02   5.2  14.06.2026  04:11:43
  1   4  13  16  $12    0.010    20.0802 1135511.27   0.0      9.90   1.0  14.06.2026  04:11:45
  5   6   9  10  $12    0.100    17.5881  33152.85   0.0     27.16   0.5  14.06.2026  04:11:49
  5   6  10  11  $12    0.100    20.6869  77987.88   0.0      3.24   4.8  14.06.2026  04:11:51
  5   6  11  12  $12    0.100    16.4757 108695.70   0.0      4.94   1.2  14.06.2026  04:11:53
  5   6  13  14  $12    0.100     3.6585  57927.94   0.1    108.62   2.1  14.06.2026  04:11:55
  5   6  14  15  $12    0.100     5.5925 126499.65   0.0     -2.45   6.9  14.06.2026  04:11:57
  5   6  15  16  $12    0.100     4.3430 135076.34   0.0      7.30   2.9  14.06.2026  04:11:59
  5   6   1   2  $12    0.100    20.9062  39407.19   0.0      7.01   8.6  14.06.2026  04:12:01
  5   6   2   3  $12    0.100    21.8584  16480.82   0.0     12.22   1.3  14.06.2026  04:12:03
  5   6   3   4  $12    0.100    18.2635   3442.58   0.0      6.08   1.5  14.06.2026  04:12:05
  5   7   9  11  $12    0.010     8.6211  32500.89   0.0     12.41   1.4  14.06.2026  04:12:10
  5   7  10  12  $12    0.010     8.9441  73759.19   0.0      8.31   0.6  14.06.2026  04:12:12
  5   7  13  15  $12    0.010     2.2229  83801.53   0.0     21.17   2.3  14.06.2026  04:12:14
  5   7  14  16  $12    0.010     2.3614 128527.21   0.0     -0.46  48.0  14.06.2026  04:12:16
  5   7   1   3  $12    0.010     9.2778  34976.65   0.0     11.07   4.4  14.06.2026  04:12:18
  5   7   2   4  $12    0.010     9.5014  11193.54   0.0     13.37   2.7  14.06.2026  04:12:20
  6   8  10  12  $12    0.010    10.2054  38473.35   0.0      8.82   0.1  14.06.2026  04:12:22
  6   8  14  16  $12    0.010     2.6135  98526.27   0.0      3.49   3.4  14.06.2026  04:12:24
  6   8   2   4  $12    0.010    10.8805  41018.56   0.0      9.15   2.0  14.06.2026  04:12:26
  5   8   9  12  $12    0.010    19.2190  18784.35   0.0     13.47   0.8  14.06.2026  04:12:28
  5   8  13  16  $12    0.010     4.9924  76677.33   0.0     17.02   1.7  14.06.2026  04:12:30
  5   8   1   4  $12    0.010    20.8771  20404.91   0.0     11.00   1.7  14.06.2026  04:12:33
  9  10  13  14  $12    0.100    17.7652  33486.62   0.0     69.27   0.6  14.06.2026  04:12:36
  9  10  14  15  $12    0.100    22.9001  86331.21   0.0     -0.73  10.4  14.06.2026  04:12:38
  9  10  15  16  $12    0.100    15.0815  99497.68   0.0      9.34   0.5  14.06.2026  04:12:40
  9  10   1   2  $12    0.100     3.7355  59146.27   0.0     67.22   0.9  14.06.2026  04:12:42
  9  10   2   3  $12    0.100     4.6267  48837.90   0.1     79.42   5.0  14.06.2026  04:12:45
  9  10   3   4  $12    0.100     5.0251  33152.16   0.0     -6.00   0.9  14.06.2026  04:12:47
  9  10   5   6  $12    0.100    17.5827  33142.64   0.0     22.10   0.5  14.06.2026  04:12:49
  9  10   6   7  $12    0.100    20.7174  15620.56   0.0     10.10   4.5  14.06.2026  04:12:51
  9  10   7   8  $12    0.100    15.2489   2874.34   0.0     16.90   0.3  14.06.2026  04:12:53
  9  11  13  15  $12    0.010     9.2703  34948.29   0.0     18.41   0.8  14.06.2026  04:12:58
  9  11  14  16  $12    0.010     9.0284  74453.97   0.0      6.21   0.4  14.06.2026  04:13:00
  9  11   1   3  $12    0.010     2.0406  76929.01   0.5     28.14  18.8  14.06.2026  04:13:02
  9  11   2   4  $12    0.010     2.3400  57892.60   0.0     29.69   5.1  14.06.2026  04:13:04
  9  11   5   7  $12    0.010     8.6289  32530.05   0.0     11.75   6.8  14.06.2026  04:13:06
  9  11   6   8  $12    0.010     8.7660  10327.22   0.0     10.50   1.1  14.06.2026  04:13:08
 10  12  14  16  $12    0.010    10.4373  39347.66   0.0      8.44   1.1  14.06.2026  04:13:10
 10  12   2   4  $12    0.010     2.6717 100719.93   0.0      1.96  64.0  14.06.2026  04:13:12
 10  12   6   8  $12    0.010    10.2232  38540.39   0.0      7.45   6.6  14.06.2026  04:13:14
  9  12  13  16  $12    0.010    19.9332  19482.40   0.0     14.71   0.5  14.06.2026  04:13:16
  9  12   1   4  $12    0.010     4.9573  76138.33   0.0     20.93   2.0  14.06.2026  04:13:18
  9  12   5   8  $12    0.010    19.2145  18779.94   0.0     12.46   1.0  14.06.2026  04:13:20
 13  14   1   2  $12    0.100    18.9604 1022150.72   0.0     17.44   0.4  14.06.2026  04:13:24
 13  14   2   3  $12    0.100    20.9181 867454.45   0.0     19.73   1.1  14.06.2026  04:13:26
 13  14   3   4  $12    0.100    17.9860 559396.11   0.0      0.77   6.7  14.06.2026  04:13:28
 13  14   5   6  $12    0.100     3.6971  58538.85   0.0    100.30   0.0  14.06.2026  04:13:30
 13  14   6   7  $12    0.100     5.1658  54528.96   0.0     26.50   1.4  14.06.2026  04:13:32
 13  14   7   8  $12    0.100     4.8069  31713.10   0.0     36.19   0.6  14.06.2026  04:13:34
 13  14   9  10  $12    0.100    17.6846  33334.77   0.0     70.28   0.1  14.06.2026  04:13:36
 13  14  10  11  $12    0.100    22.0406  16618.19   0.0      5.72   0.2  14.06.2026  04:13:38
 13  14  11  12  $12    0.100    17.5044   3299.50   0.0      5.42   0.5  14.06.2026  04:13:40
 13  15   1   3  $12    0.010     9.1444 1206570.77   0.0     13.28   0.6  14.06.2026  04:13:45
 13  15   2   4  $12    0.010     9.5147 961751.61   0.1     14.02   1.5  14.06.2026  04:13:47
 13  15   5   7  $12    0.010     2.2227  83794.03   0.1     17.30   7.3  14.06.2026  04:13:49
 13  15   6   8  $12    0.010     2.4505  60625.05   0.0     13.53  14.2  14.06.2026  04:13:51
 13  15   9  11  $12    0.010     9.2504  34873.19   0.0     19.74   1.3  14.06.2026  04:13:53
 13  15  10  12  $12    0.010     9.7155  11445.84   0.0      9.48   0.8  14.06.2026  04:13:55
 14  16   2   4  $12    0.010    10.4061 1373057.45   0.0      6.43  16.4  14.06.2026  04:13:57
 14  16   6   8  $12    0.010     2.6321  99228.66   0.0      6.86   7.5  14.06.2026  04:13:59
 14  16  10  12  $12    0.010    10.4359  39342.56   0.0      8.06   0.6  14.06.2026  04:14:01
 13  16   1   4  $12    0.010    20.0763 1135287.28   0.0     10.70   1.8  14.06.2026  04:14:03
 13  16   5   8  $12    0.010     4.9756  76419.01   0.0     18.38   1.6  14.06.2026  04:14:06
 13  16   9  12  $12    0.010    19.9459  19494.84   0.0     14.22   1.3  14.06.2026  04:14:08
  1   5   2   6  $12    0.001    39.9845 171293.35   0.0     12.03   0.1  14.06.2026  04:14:13
  1   5   3   7  $12    0.001    17.5463 330739.21   0.0      9.79   0.5  14.06.2026  04:14:15
  1   5   4   8  $12    0.001     9.4319 124450.36   0.0     11.51   1.8  14.06.2026  04:14:17
  1   6   2   7  $12    0.001    36.8621 146280.77   0.0     12.83   1.1  14.06.2026  04:14:20
  1   6   3   8  $12    0.001    16.1553 193785.56   0.0     12.73   3.0  14.06.2026  04:14:22
  1   7   2   8  $12    0.001    35.8489 135923.83   0.0     15.41   0.3  14.06.2026  04:14:24
  1   9   2  10  $12    0.001    45.5618 163956.49   0.0     15.59   0.1  14.06.2026  04:14:27
  1   9   3  11  $12    0.001    21.9022 187657.55   0.0     10.56   0.8  14.06.2026  04:14:29
  1   9   4  12  $12    0.001    13.3561 223333.15   0.0     11.66   1.0  14.06.2026  04:14:31
  1  10   2  11  $12    0.001    40.7047 144087.57   0.0     14.20   0.0  14.06.2026  04:14:33
  1  10   3  12  $12    0.001    20.3623 166973.06   0.0     10.15   0.1  14.06.2026  04:14:35
  1  11   3  12  $12    0.001    28.6293 140086.00   0.0     11.10   1.0  14.06.2026  04:14:38
  1  13   2  14  $12    0.001    40.0283 137272.07   0.0     13.01   0.6  14.06.2026  04:14:40
  1  13   3  15  $12    0.001    17.1176 129805.36   0.0     10.38   6.4  14.06.2026  04:14:42
  1  13   4  16  $12    0.001     9.5116 122243.01   0.0      8.42   2.7  14.06.2026  04:14:44
  1  14   2  15  $12    0.001    35.6211 121292.70   0.0     12.36   0.2  14.06.2026  04:14:47
  1  14   3  16  $12    0.001    16.1222 120246.46   0.0      9.83   1.2  14.06.2026  04:14:49
  1  15   2  16  $12    0.001    35.8267 121258.49   0.0     12.14   0.7  14.06.2026  04:14:52
  5   9   6  10  $12    0.001    40.6452 174123.59   0.0     11.16   0.6  14.06.2026  04:14:54
  5   9   7  11  $12    0.001    17.5260 330356.81   0.0      8.90   0.4  14.06.2026  04:14:56
  5   9   8  12  $12    0.001     9.6943 127913.32   0.0      8.21   0.7  14.06.2026  04:14:58
  5  10   6  11  $12    0.001    36.1639 143510.08   0.0     12.80   0.1  14.06.2026  04:15:01
  5  10   7  12  $12    0.001    16.2261 194635.38   0.0     10.60   0.9  14.06.2026  04:15:03
  5  11   6  12  $12    0.001    36.2726 137530.20   0.0     11.32   0.7  14.06.2026  04:15:05
  5  13   6  14  $12    0.001    45.2513 162839.16   0.0     13.71   1.7  14.06.2026  04:15:08
  5  13   7  15  $12    0.001    21.6565 185552.34   0.0     10.00   1.3  14.06.2026  04:15:10
  5  13   8  16  $12    0.001    13.5574 226698.42   0.0     10.20   0.7  14.06.2026  04:15:12
  5  14   6  15  $12    0.001    40.3289 142757.19   0.0     13.98   0.4  14.06.2026  04:15:14
  5  14   7  16  $12    0.001    20.3996 167278.45   0.0     11.82   2.9  14.06.2026  04:15:16
  5  15   7  16  $12    0.001    28.3682 138808.52   0.0     12.96   0.1  14.06.2026  04:15:19
  5   1   6   2  $12    0.001    40.0546 171593.36   0.0     11.06   0.6  14.06.2026  04:15:21
  5   1   7   3  $12    0.001    17.5719 331222.74   0.0      8.82   0.3  14.06.2026  04:15:24
  5   1   8   4  $12    0.001     9.4611 124835.97   0.0      5.79   1.6  14.06.2026  04:15:26
  5   2   6   3  $12    0.001    37.4274 188130.53   0.0     11.22   0.6  14.06.2026  04:15:28
  5   2   7   4  $12    0.001    16.2394 510176.43   0.0      8.37   0.8  14.06.2026  04:15:30
  5   3   6   4  $12    0.001    36.3729 342806.61   0.0     13.22   1.0  14.06.2026  04:15:33
  9  13  10  14  $12    0.001    40.1215 171879.94   0.0     13.16   0.4  14.06.2026  04:15:35
  9  13  11  15  $12    0.001    16.3854 308857.71   0.0     11.33   0.0  14.06.2026  04:15:37
  9  13  12  16  $12    0.001     9.1112 120219.47   0.0      8.58   5.0  14.06.2026  04:15:39
  9  14  10  15  $12    0.001    35.6685 141544.19   0.0     13.19   0.2  14.06.2026  04:15:42
  9  14  11  16  $12    0.001    15.5080 186020.90   0.0     11.51   3.0  14.06.2026  04:15:44
  9  15  10  16  $12    0.001    35.9024 136126.90   0.0     13.69   0.2  14.06.2026  04:15:47
  9   1  10   2  $12    0.001    45.6947 164434.60   0.0     13.86   0.9  14.06.2026  04:15:49
  9   1  11   3  $12    0.001    21.9254 187856.69   0.0     10.98   0.3  14.06.2026  04:15:51
  9   1  12   4  $12    0.001    13.4134 224290.72   0.0      9.27   3.7  14.06.2026  04:15:53
  9   2  10   3  $12    0.001    42.7724 157315.09   0.0     10.29   0.6  14.06.2026  04:15:56
  9   2  11   4  $12    0.001    20.3716 185803.95   0.0      8.24   0.4  14.06.2026  04:15:58
  9   3  11   4  $12    0.001    28.8522 154284.07   0.0     11.85   0.4  14.06.2026  04:16:00
  9   5  10   6  $12    0.001    40.6501 174144.69   0.0     12.78   0.3  14.06.2026  04:16:03
  9   5  11   7  $12    0.001    17.5039 329940.63   0.0     11.44   0.8  14.06.2026  04:16:05
  9   5  12   8  $12    0.001     9.6595 127454.28   0.0     11.35   2.7  14.06.2026  04:16:07
  9   6  10   7  $12    0.001    37.4103 188044.78   0.0     11.54   0.2  14.06.2026  04:16:09
  9   6  11   8  $12    0.001    16.1464 507253.13   0.0     11.56   0.2  14.06.2026  04:16:11
  9   7  10   8  $12    0.001    36.3607 342691.55   0.0     15.13   0.7  14.06.2026  04:16:14
 13   1  14   2  $12    0.001    40.0669 137404.20   0.0      9.64   0.2  14.06.2026  04:16:16
 13   1  15   3  $12    0.001    17.1641 130158.33   0.0      5.57   2.9  14.06.2026  04:16:18
 13   1  16   4  $12    0.001     9.4893 121955.75   0.0      7.38   1.4  14.06.2026  04:16:20
 13   2  14   3  $12    0.001    37.5114 129738.35   0.0      8.63   1.0  14.06.2026  04:16:23
 13   2  15   4  $12    0.001    15.8097 122339.45   0.0      8.66   0.1  14.06.2026  04:16:25
 13   3  14   4  $12    0.001    36.4159 127258.28   0.0     13.27   1.3  14.06.2026  04:16:28
 13   5  14   6  $12    0.001    45.2422 162806.54   0.0     13.55   0.2  14.06.2026  04:16:30
 13   5  15   7  $12    0.001    21.6212 185249.78   0.0     11.43   0.7  14.06.2026  04:16:32
 13   5  16   8  $12    0.001    13.5527 226619.92   0.0     10.45   0.3  14.06.2026  04:16:34
 13   6  14   7  $12    0.001    41.6221 153084.53   0.0     13.12   1.4  14.06.2026  04:16:37
 13   6  15   8  $12    0.001    20.0150 182551.55   0.0     11.80   0.6  14.06.2026  04:16:39
 13   7  15   8  $12    0.001    28.0260 149866.23   0.0     12.98   0.3  14.06.2026  04:16:42
 13   9  14  10  $12    0.001    40.0963 171772.29   0.0     14.24   0.9  14.06.2026  04:16:44
 13   9  15  11  $12    0.001    16.3962 309060.17   0.0     10.95   1.0  14.06.2026  04:16:46
 13   9  16  12  $12    0.001     9.1179 120308.51   0.0      9.62   0.5  14.06.2026  04:16:48
 13  10  14  11  $12    0.001    35.5817 178853.19   0.0     12.82   0.2  14.06.2026  04:16:51
 13  10  15  12  $12    0.001    15.0883 474014.09   0.0      8.86   4.5  14.06.2026  04:16:53
 13  11  14  12  $12    0.001    35.5331 334891.48   0.0     11.61   0.4  14.06.2026  04:16:55
