//C:\Users\user\Desktop\GeoTom\GeoTomE724.ini
//- Cable direction:
//  cable I: normal
//  cable II: normal
//  cable III: normal
//  cable IV: normal
//- Cable arrangement: sequential
//- Optimization: Last measurement
//- Sorting: Multi-level
//- Current levels: 0.001 mA .. 50.0 mA
Type:         Flow
Name:         Hyprop
Comment:      Example of a measurements sequence
Comment:      
Comment:      
Spacing:      1.00000
First El:     0.00000
Nr of points: 289
IP present:   1

  1   5   2   6  $12    0.001     0.9988   4278.92   2.9  -6812.01   4.4  14.10.2025  04:10:13
  1   5   3   7  $12    0.001    -7.4226 139912.10   0.1   -304.86   1.3  14.10.2025  04:10:15
  1   5   4   8  $12    0.010    -9.6748  12765.61   0.2    240.66   1.0  14.10.2025  04:10:19
  1   5  14   2  $12    0.001     2.0085  18006.35   0.7   2856.12   1.9  14.10.2025  04:10:25
  1   5  15   3  $12    0.001     8.2043 1804211.75   0.4   -354.36   1.1  14.10.2025  04:10:27
  1   5  16   4  $12    0.001   -36.3084 355112.11   0.1    -46.69   1.4  14.10.2025  04:10:29
  1   5  13   9  $12    0.001    29.5623 2228946.77   0.1   1036.01   0.8  14.10.2025  04:10:31
  1   5  14  10  $12    0.010    -3.0866  35454.64   0.0  -1028.95   0.1  14.10.2025  04:10:35
  1   5  15  11  $12    0.010    15.4613 255008.25   0.1   -872.39   0.0  14.10.2025  04:10:37
  1   5  16  12  $12    0.001   -37.0810 8409372.71   0.1    -67.48   0.9  14.10.2025  04:10:42
  1   5  10   6  $12    0.001     3.3694  29771.09   0.6   -257.68   3.8  14.10.2025  04:10:44
  1   5  11   7  $12    0.010     6.3866  15048.13   0.0   -634.41   0.0  14.10.2025  04:10:48
  1   5  12   8  $12    0.010    12.4660  56541.82   0.2  -1467.34   0.0  14.10.2025  04:10:50
  2   6   1   5  $12    0.001    21.4553  91914.22   0.4   -796.06   0.2  14.10.2025  04:10:55
  2   6   3   7  $12    0.001     1.7139   7342.37   0.4    585.03   0.9  14.10.2025  04:11:00
  2   6   4   8  $12    0.010     2.3491   4427.99   0.4  -1280.28   1.5  14.10.2025  04:11:04
  2   6  13   1  $12    0.001   -26.7076 196971.02   0.1   -768.42   0.0  14.10.2025  04:11:09
  2   6  15   3  $12    0.010   -11.4539  10268.44   0.2   1601.69   0.6  14.10.2025  04:11:13
  2   6  16   4  $12    0.001   -22.0280 4844215.03   0.0    -21.43   0.7  14.10.2025  04:11:18
  2   6  13   9  $12    0.001    15.7465 714208.01   0.8   1292.65   1.3  14.10.2025  04:11:20
  2   6  14  10  $12    0.010    -3.2553  24544.66   0.5  -1098.19   0.0  14.10.2025  04:11:24
  2   6  15  11  $12    0.010    12.6402 145190.54   0.6   -857.34   0.2  14.10.2025  04:11:26
  2   6  16  12  $12    0.001   -22.3371 3684139.28   0.3    -46.47   6.6  14.10.2025  04:11:31
  2   6   9   5  $12    0.001   -16.2152 213953.88   0.0   1290.21   0.0  14.10.2025  04:11:34
  2   6  11   7  $12    0.010     5.7335   5065.95   0.0   -537.99   0.1  14.10.2025  04:11:37
  2   6  12   8  $12    0.010     7.5897  17882.74   0.2  -1230.08   0.0  14.10.2025  04:11:39
  3   7   1   5  $12    0.001     1.4648  27611.56   0.6  -2936.90   2.8  14.10.2025  04:11:44
  3   7   2   6  $12    0.001     2.1279   9115.79   0.6    540.85   2.4  14.10.2025  04:11:47
  3   7   4   8  $12    0.010    12.2149   5232.84   0.0     66.86   1.3  14.10.2025  04:11:50
  3   7  13   1  $12    0.001    -1.4882  23375.87   0.2  -3082.56   0.4  14.10.2025  04:11:56
  3   7  14   2  $12    0.010    -9.4367   6959.63   0.4   1335.02   0.3  14.10.2025  04:11:59
  3   7  16   4  $12    0.001    -8.5713  76841.64   0.1   -108.27   0.2  14.10.2025  04:12:04
  3   7  13   9  $12    0.001     5.0292 118498.83   0.2   1188.01   0.4  14.10.2025  04:12:06
  3   7  14  10  $12    0.100     1.5456    701.03   0.9   2066.04   1.3  14.10.2025  04:12:14
  3   7  15  11  $12    0.010     1.9640  14807.94   0.2   -515.23   0.0  14.10.2025  04:12:19
  3   7  16  12  $12    0.001    -7.6652 880463.26   0.3   -266.59   4.5  14.10.2025  04:12:24
  3   7   9   5  $12    0.001    -5.0319  94848.64   0.2   1026.06   0.2  14.10.2025  04:12:26
  3   7  10   6  $12    0.010     7.2020   9502.77   0.1   -239.78   0.9  14.10.2025  04:12:30
  3   7  12   8  $12    0.100    20.3781   1800.56   0.0   -264.37   0.3  14.10.2025  04:12:34
  4   8   1   5  $12    0.010    -3.0204   3985.27   0.6   2851.82   1.5  14.10.2025  04:12:38
  4   8   2   6  $12    0.010   -11.8479  22332.77   0.1   -643.75   0.3  14.10.2025  04:12:41
  4   8   3   7  $12    0.010     7.9484   3405.08   0.4    390.66   1.3  14.10.2025  04:12:42
  4   8  13   1  $12    0.010     3.4115   7672.86   0.3   1867.28   0.5  14.10.2025  04:12:45
  4   8  14   2  $12    0.010    14.9814  23532.78   0.5   -579.02   0.3  14.10.2025  04:12:47
  4   8  15   3  $12    0.010    -5.4465   4016.85   0.4    656.92   1.3  14.10.2025  04:12:49
  4   8  13   9  $12    0.010    20.7440  18328.82   0.3    521.67   2.0  14.10.2025  04:12:51
  4   8  14  10  $12    0.100     4.7494   1119.05   0.0    200.36   0.1  14.10.2025  04:12:55
  4   8  15  11  $12    0.100    11.8565   5377.74   0.0   -265.62   0.0  14.10.2025  04:12:57
  4   8  16  12  $12    0.001    -2.1230 160070.57   0.9    -66.95  11.9  14.10.2025  04:13:08
  4   8   9   5  $12    0.001    -1.1255   4821.51   0.6   1929.13   0.9  14.10.2025  04:13:11
  4   8  10   6  $12    0.010     2.6457   4986.95   0.1   -262.80   0.7  14.10.2025  04:13:15
  4   8  11   7  $12    0.100    16.1378   2129.33   0.0    -45.69   0.3  14.10.2025  04:13:19
  5   9   6  10  $12    0.001     5.9704  25577.04   0.3    -57.36   0.1  14.10.2025  04:13:27
  5   9   7  11  $12    0.010     7.4639  14069.13   0.2   -132.73   0.4  14.10.2025  04:13:31
  5   9   8  12  $12    0.010     5.1360   6776.74   0.8   -956.23   0.5  14.10.2025  04:13:33
  5   9   2   6  $12    0.001    30.2363 398958.98   0.2    -65.99   0.7  14.10.2025  04:13:38
  5   9   3   7  $12    0.001    10.0616 189657.39   0.1   -290.56   0.8  14.10.2025  04:13:40
  5   9   4   8  $12    0.001     3.0748  13172.58   0.5   -271.04   1.0  14.10.2025  04:13:42
  5   9   1  13  $12    0.001    14.4031 361990.40   0.2   1439.53   0.2  14.10.2025  04:13:44
  5   9   2  14  $12    0.001    36.5861 822856.32   0.0    -85.24   0.5  14.10.2025  04:13:47
  5   9   3  15  $12    0.001    11.8319 185855.22   0.2   -335.35   0.5  14.10.2025  04:13:49
  5   9   4  16  $12    0.001   -33.9613 250467.66   0.0    -35.73   2.3  14.10.2025  04:13:51
  5   9  14  10  $12    0.001     2.8231  24944.22   0.1    141.27   0.4  14.10.2025  04:13:53
  5   9  15  11  $12    0.010   -10.8935  25667.09   0.3   -848.68   0.0  14.10.2025  04:13:57
  5   9  16  12  $12    0.001    32.7868 1487104.45   0.3    -75.30   0.6  14.10.2025  04:14:02
  6  10   5   9  $12    0.001     4.6042  19724.20   0.4    163.26  27.9  14.10.2025  04:14:04
  6  10   7  11  $12    0.010     5.4730   2344.62   0.0    195.08   0.0  14.10.2025  04:14:08
  6  10   8  12  $12    0.010     2.8373   5348.26   0.1    131.04   0.8  14.10.2025  04:14:10
  6  10   1   5  $12    0.010   -14.3049  12639.41   0.0    242.10   1.0  14.10.2025  04:14:12
  6  10   3   7  $12    0.010    -7.7678  10249.40   0.6   -277.62   0.0  14.10.2025  04:14:14
  6  10   4   8  $12    0.010    -2.2417   4225.57   0.8   -186.68   0.1  14.10.2025  04:14:16
  6  10   1  13  $12    0.010   -11.3804  25595.70   0.0    305.35   0.1  14.10.2025  04:14:18
  6  10   2  14  $12    0.010   -20.7866  52242.32   0.1   -338.74   0.2  14.10.2025  04:14:20
  6  10   3  15  $12    0.010    -5.5789  12547.52   0.4   -436.95   0.2  14.10.2025  04:14:22
  6  10   4  16  $12    0.010    22.0357  34613.52   0.1   -296.71   0.7  14.10.2025  04:14:24
  6  10  13   9  $12    0.001     3.6833  48599.86   0.4    292.42   2.1  14.10.2025  04:14:29
  6  10  15  11  $12    0.010     3.2658   2885.55   0.0    240.93   0.1  14.10.2025  04:14:33
  6  10  16  12  $12    0.010   -22.2570  52441.76   0.0   -361.62   0.2  14.10.2025  04:14:35
  7  11   5   9  $12    0.010     2.6949   5079.73   0.4    319.67   4.3  14.10.2025  04:14:37
  7  11   6  10  $12    0.010     5.8118   2489.79   0.2    115.45   0.5  14.10.2025  04:14:39
  7  11   8  12  $12    0.010     6.2954   2696.94   0.0     43.99   0.1  14.10.2025  04:14:41
  7  11   1   5  $12    0.100    -8.3179   1959.87   0.2   -307.54   3.1  14.10.2025  04:14:44
  7  11   2   6  $12    0.100   -14.2427   1258.45   0.0    -11.05  40.3  14.10.2025  04:14:46
  7  11   4   8  $12    0.100   -14.1977   1873.34   0.0    -24.65   2.8  14.10.2025  04:14:48
  7  11   1  13  $12    0.100     4.8200    757.13   0.3   -164.71   1.7  14.10.2025  04:14:50
  7  11   2  14  $12    0.100     7.3101   1644.10   0.1   -255.87   0.5  14.10.2025  04:14:53
  7  11   3  15  $12    0.100     5.9060   1484.34   0.2     84.98   4.3  14.10.2025  04:14:55
  7  11   4  16  $12    0.100     5.9106   1329.35   0.3    396.05   1.7  14.10.2025  04:14:57
  7  11  13   9  $12    0.100     8.5149   1605.02   0.6    532.94   3.1  14.10.2025  04:14:59
  7  11  14  10  $12    0.010     3.2834   4332.29   0.2    176.63   0.1  14.10.2025  04:15:04
  7  11  16  12  $12    0.010     4.2903   3790.75   0.3   -156.67  18.1  14.10.2025  04:15:05
  8  12   5   9  $12    0.010    -7.2388   9551.33   0.6   -407.55   0.9  14.10.2025  04:15:08
  8  12   6  10  $12    0.010     3.2031   6037.66   0.3     27.81   2.0  14.10.2025  04:15:10
  8  12   7  11  $12    0.010     5.7864   2478.89   0.0     30.70   1.1  14.10.2025  04:15:12
  8  12   1   5  $12    0.010     3.2109  14563.82   0.4   -292.42   0.7  14.10.2025  04:15:14
  8  12   2   6  $12    0.010     7.0791  16679.82   0.0   -580.74   0.2  14.10.2025  04:15:16
  8  12   3   7  $12    0.100     6.5189    575.99   0.5   -822.49   0.3  14.10.2025  04:15:20
  8  12   1  13  $12    0.010     3.9907   2943.21   0.9    -60.76 108.9  14.10.2025  04:15:25
  8  12   2  14  $12    0.010     8.1655  12826.36   0.9   -456.79   0.6  14.10.2025  04:15:28
  8  12   3  15  $12    0.010     2.4053   5409.79   0.9   -275.58   0.7  14.10.2025  04:15:30
  8  12  16   4  $12    0.010     6.7009  16841.21   0.3   -614.68   0.0  14.10.2025  04:15:32
  8  12   9  13  $12    0.010     7.4750   3202.27   0.1   -357.56   0.8  14.10.2025  04:15:34
  8  12  10  14  $12    0.100   -14.7784   2785.65   0.0     65.98   0.2  14.10.2025  04:15:38
  8  12  11  15  $12    0.010    -3.5623   4700.35   0.0     82.79   0.2  14.10.2025  04:15:42
  9  13  10  14  $12    0.001     3.0862  13221.38   0.0    137.75   0.0  14.10.2025  04:15:47
  9  13  11  15  $12    0.010   -13.4177  25291.70   0.0   -892.22   0.1  14.10.2025  04:15:51
  9  13  12  16  $12    0.001    31.2074 411771.78   0.3    -66.63   2.0  14.10.2025  04:15:56
  9  13   6  10  $12    0.001    -5.2566  69358.71   0.1    -38.13   3.4  14.10.2025  04:15:58
  9  13   7  11  $12    0.010    -4.9326   9297.65   0.1   -324.79   0.1  14.10.2025  04:16:03
  9  13   8  12  $12    0.010   -12.2513   5248.43   0.1  -1470.92   0.0  14.10.2025  04:16:04
  9  13   5   1  $12    0.001    10.3540 780669.65   0.3   1543.04   0.0  14.10.2025  04:16:09
  9  13   6   2  $12    0.001    28.1073 1274856.78   0.1    -30.48   1.6  14.10.2025  04:16:12
  9  13   7   3  $12    0.001     9.1864 216448.89   0.1   -280.85   0.3  14.10.2025  04:16:14
  9  13   8   4  $12    0.001     2.3906  21122.66   0.2   -194.11   4.1  14.10.2025  04:16:16
  9  13   2  14  $12    0.001   -31.6574 233475.94   0.0    -53.34   0.3  14.10.2025  04:16:18
  9  13   3  15  $12    0.001   -10.2753 161403.53   0.0   -318.07   0.2  14.10.2025  04:16:20
  9  13   4  16  $12    0.001    30.4255 684297.22   0.3    -41.93   3.2  14.10.2025  04:16:23
 10  14   9  13  $12    0.001     3.3475  14340.82   0.7    125.31   7.8  14.10.2025  04:16:25
 10  14  11  15  $12    0.010     6.7456   2889.79   0.0     97.40   0.1  14.10.2025  04:16:29
 10  14  12  16  $12    0.010     5.0142   9451.60   0.1   -334.72   0.8  14.10.2025  04:16:31
 10  14   5   9  $12    0.001    -2.8194  24911.26   0.1    145.85   5.2  14.10.2025  04:16:36
 10  14   7  11  $12    0.010    -3.9207   5173.21   0.0    171.85   0.2  14.10.2025  04:16:40
 10  14   8  12  $12    0.100   -14.2948   2694.51   0.0     55.35   0.5  14.10.2025  04:16:43
 10  14   5   1  $12    0.100    12.7836  14683.84   0.0   -425.80   1.0  14.10.2025  04:16:45
 10  14   6   2  $12    0.100    14.5796  10992.73   0.2   -471.82   0.5  14.10.2025  04:16:47
 10  14   7   3  $12    0.100     8.1875   3713.59   0.2    -37.81   9.9  14.10.2025  04:16:49
 10  14   8   4  $12    0.100     6.1999   1460.82   0.1      4.12  77.3  14.10.2025  04:16:51
 10  14   1  13  $12    0.100    17.8452   1599.83   0.3    472.40   1.1  14.10.2025  04:16:54
 10  14   3  15  $12    0.100    19.0660   1406.13   0.0     25.08   2.3  14.10.2025  04:16:55
 10  14   4  16  $12    0.100    13.4659   2115.22   0.0   -754.75   0.1  14.10.2025  04:16:57
 11  15   9  13  $12    0.010     4.3477   8195.14   0.7   -513.30   0.7  14.10.2025  04:17:02
 11  15  10  14  $12    0.010     5.4539   2336.45   0.0     71.54   0.2  14.10.2025  04:17:04
 11  15  12  16  $12    0.010     8.4957   3639.55   0.2    368.81   0.3  14.10.2025  04:17:06
 11  15   5   9  $12    0.010    -2.1059   4961.86   0.9   -864.51   0.4  14.10.2025  04:17:10
 11  15   6  10  $12    0.010    -2.4751   2186.93   0.1    181.17   0.8  14.10.2025  04:17:12
 11  15   8  12  $12    0.010    -3.7700   4974.43   0.0     67.95   0.8  14.10.2025  04:17:14
 11  15   5   1  $12    0.010     1.1751  19381.26   2.0   1301.74   2.0  14.10.2025  04:17:21
 11  15   6   2  $12    0.010    -0.7895   9068.95   3.1  -2845.60   3.7  14.10.2025  04:17:27
 11  15   7   3  $12    0.100     3.2735   2468.17   0.5   -152.41   2.5  14.10.2025  04:17:31
 11  15   8   4  $12    0.100     6.1968   2810.66   0.3    -87.42   3.3  14.10.2025  04:17:33
 11  15   1  13  $12    0.010     2.0969  46114.33   0.5   -578.49   2.1  14.10.2025  04:17:38
 11  15   2  14  $12    0.010     3.8922   3489.34   0.6   -610.61   1.1  14.10.2025  04:17:40
 11  15   4  16  $12    0.010     3.2860   2423.44   0.9    930.20   0.9  14.10.2025  04:17:42
 12  16   9  13  $12    0.001    19.1936 253254.23   0.3    421.63   1.2  14.10.2025  04:17:47
 12  16  10  14  $12    0.010    -2.8098   5296.35   0.1  -2076.18   0.1  14.10.2025  04:17:51
 12  16  11  15  $12    0.010    21.9673   9410.79   0.0   -397.28   0.0  14.10.2025  04:17:53
 12  16   5   9  $12    0.001   -18.7574 850775.39   0.0    423.25   0.2  14.10.2025  04:17:58
 12  16   6  10  $12    0.010     4.2437   9998.97   0.0   2452.71   0.3  14.10.2025  04:18:02
 12  16   7  11  $12    0.010     0.6875    607.43   0.7  -6403.45   0.4  14.10.2025  04:18:05
 12  16   5   1  $12    0.001    -9.1655 2078589.12   0.8   1260.86   2.4  14.10.2025  04:18:09
 12  16   6   2  $12    0.001   -21.4752 3541979.49   0.8    -41.92  11.4  14.10.2025  04:18:11
 12  16   7   3  $12    0.001    -7.1499 821267.08   0.2   -278.14   0.6  14.10.2025  04:18:13
 12  16   8   4  $12    0.010   -10.3428  77982.74   0.1    196.41   2.9  14.10.2025  04:18:17
 12  16  13   1  $12    0.001    -8.5773  83889.96   0.0   1354.86   0.0  14.10.2025  04:18:22
 12  16  14   2  $12    0.001   -24.0778 5294983.95   0.2    -66.31   1.2  14.10.2025  04:18:24
 12  16  15   3  $12    0.001    -8.4498  75752.47   0.3   -283.61   0.7  14.10.2025  04:18:26
 13   1  14   2  $12    0.001    -0.7718   2646.77   3.2   5107.97   3.5  14.10.2025  04:18:33
 13   1  15   3  $12    0.001    -7.7412  58702.37   0.3   -393.24   0.6  14.10.2025  04:18:35
 13   1  16   4  $12    0.001    33.6153 432022.23   0.0   -163.19   0.3  14.10.2025  04:18:37
 13   1  10  14  $12    0.010    -4.8137   4315.51   0.1   -433.98   0.2  14.10.2025  04:18:43
 13   1  11  15  $12    0.010     7.4831 164562.50   0.2   -812.87   0.2  14.10.2025  04:18:45
 13   1  12  16  $12    0.001   -34.8967 341304.55   0.1   -146.52   0.4  14.10.2025  04:18:50
 13   1   9   5  $12    0.001    30.3508 762798.55   0.3    531.53   0.8  14.10.2025  04:18:52
 13   1  10   6  $12    0.001    -3.0691  69027.85   0.1   -242.77   0.6  14.10.2025  04:18:54
 13   1  11   7  $12    0.010    -1.2037   1890.83   0.9   -505.76   0.9  14.10.2025  04:19:02
 13   1  12   8  $12    0.010     0.8041    593.06   0.9   5199.99   1.1  14.10.2025  04:19:05
 13   1   6   2  $12    0.001     0.9093   6706.08   7.7  -5857.57   4.9  14.10.2025  04:19:14
 13   1   7   3  $12    0.001    -7.4586 117159.64   0.1   -307.16   0.9  14.10.2025  04:19:16
 13   1   8   4  $12    0.001    -2.0316  45692.94   0.8   -120.46   2.4  14.10.2025  04:19:18
 14   2  13   1  $12    0.001    22.6164  77560.03   0.5  -1038.85   0.2  14.10.2025  04:19:20
 14   2  15   3  $12    0.001     0.2614    896.49   1.3   7247.08   0.9  14.10.2025  04:19:25
 14   2  16   4  $12    0.001    23.6433 179290.44   0.4   -122.96   0.4  14.10.2025  04:19:27
 14   2   9  13  $12    0.001    19.6883 145203.02   0.5    577.09   0.4  14.10.2025  04:19:29
 14   2  11  15  $12    0.010     5.9816   5362.50   0.4   -923.73   0.1  14.10.2025  04:19:33
 14   2  12  16  $12    0.001   -23.7849 5230580.48   0.0   -134.63   0.4  14.10.2025  04:19:38
 14   2   9   5  $12    0.001    20.5731 462708.19   0.0    563.45   0.0  14.10.2025  04:19:40
 14   2  10   6  $12    0.010    -3.6500   9173.45   0.9   3326.99   1.3  14.10.2025  04:19:46
 14   2  11   7  $12    0.010    -2.9829   6708.78   0.1   -947.31   0.5  14.10.2025  04:19:48
 14   2  12   8  $12    0.010    -9.2868  14587.60   0.2  -1647.32   0.0  14.10.2025  04:19:50
 14   2   5   1  $12    0.001    31.0298 278183.21   0.5   -828.11   0.8  14.10.2025  04:19:56
 14   2   7   3  $12    0.001     1.1293   8328.51   0.8   1157.35   1.1  14.10.2025  04:20:00
 14   2   8   4  $12    0.010    -1.4718   2311.88   0.5    897.93   0.8  14.10.2025  04:20:07
 15   3  13   1  $12    0.001    -0.7380   5596.18   0.7   3829.96   1.0  14.10.2025  04:20:13
 15   3  14   2  $12    0.010     6.6276   2272.84   0.8   3036.68   0.8  14.10.2025  04:20:17
 15   3  16   4  $12    0.001     9.9885  34254.23   0.4   -254.53   0.4  14.10.2025  04:20:22
 15   3   9  13  $12    0.001     7.6982 120923.56   0.4     97.04   0.7  14.10.2025  04:20:24
 15   3  10  14  $12    0.010    -2.1281   1569.46   0.0    -61.60   2.3  14.10.2025  04:20:27
 15   3  12  16  $12    0.001    -8.7836  78745.29   0.0   -294.84   0.6  14.10.2025  04:20:32
 15   3   9   5  $12    0.001     7.6916 120819.86   0.2    125.08   2.4  14.10.2025  04:20:34
 15   3  10   6  $12    0.010    -5.5629  12511.42   0.0   -385.94   0.2  14.10.2025  04:20:38
 15   3  11   7  $12    0.100    -2.6824    674.16   0.1  -1772.67   0.0  14.10.2025  04:20:42
 15   3  12   8  $12    0.100   -12.7850   2875.46   0.3  -1681.25   0.1  14.10.2025  04:20:44
 15   3   5   1  $12    0.100   -21.6799  47676.51   0.8    308.84   9.2  14.10.2025  04:20:46
 15   3   6   2  $12    0.010    15.2550  13676.16   0.9    355.16   1.4  14.10.2025  04:20:51
 15   3   8   4  $12    0.010     8.5531   6307.95   0.0     97.15   3.1  14.10.2025  04:20:53
 16   4  13   1  $12    0.001     7.8215 100521.75   0.4   2066.76   0.4  14.10.2025  04:20:58
 16   4  14   2  $12    0.001    23.6227 179134.85   0.0   -122.39   2.8  14.10.2025  04:21:00
 16   4  15   3  $12    0.001     9.1524  31387.00   0.0   -278.08   0.1  14.10.2025  04:21:02
 16   4   9  13  $12    0.001   -18.1806 408899.46   0.0    617.68   0.4  14.10.2025  04:21:04
 16   4  10  14  $12    0.010     5.9415   9332.95   0.0  -1161.93   0.0  14.10.2025  04:21:08
 16   4  11  15  $12    0.010   -20.8001  15340.22   0.0   -723.87   0.0  14.10.2025  04:21:10
 16   4   9   5  $12    0.001   -18.0469 133097.06   0.3    654.23   0.8  14.10.2025  04:21:15
 16   4  10   6  $12    0.001     2.0954  32913.96   0.7   -266.32   0.7  14.10.2025  04:21:17
 16   4  11   7  $12    0.010     3.7753   8491.11   4.2   -568.92   4.8  14.10.2025  04:21:25
 16   4  12   8  $12    0.010     1.3386   3364.16   1.8  -1087.54   0.2  14.10.2025  04:21:35
 16   4   5   1  $12    0.001     6.9017  67501.69   0.3   2386.39   0.8  14.10.2025  04:21:40
 16   4   6   2  $12    0.001    21.6616 4763630.05   0.1    -33.97  12.4  14.10.2025  04:21:42
 16   4   7   3  $12    0.001     8.4005  75310.85   0.0   -238.29   1.1  14.10.2025  04:21:44
  1   4   2   3  $12    0.001     7.6450  48034.82   0.2   -914.19   0.4  14.10.2025  04:21:46
  2   3   1   4  $12    0.001    36.9640 232251.52   0.2   -704.46   0.2  14.10.2025  04:21:48
  1   2   3   4  $12    0.001    -5.5103 103866.83   0.0     73.09   1.9  14.10.2025  04:21:50
  3   4   1   2  $12    0.001    -2.0115  37916.78   0.1   1496.49   0.4  14.10.2025  04:21:52
  5   8   6   7  $12    0.100    17.1906   1080.12   0.0    -11.51   2.6  14.10.2025  04:21:58
  6   7   5   8  $12    0.100    20.2145   1270.11   0.4    -51.31   1.4  14.10.2025  04:22:00
  5   6   7   8  $12    0.100    -5.5489   1045.94   0.1    -13.34  21.1  14.10.2025  04:22:02
  7   8   5   6  $12    0.100    -5.4633   1029.81   0.1     16.25   8.4  14.10.2025  04:22:04
  9  12  10  11  $12    0.001     2.4282  15257.12   0.0    188.36   0.0  14.10.2025  04:22:12
 10  11   9  12  $12    0.001     2.7567  17320.75   0.0     97.43   6.8  14.10.2025  04:22:14
  9  10  11  12  $12    0.010    -8.1069  15281.06   0.1  -1915.19   0.1  14.10.2025  04:22:18
 11  12   9  10  $12    0.010     8.3845  15804.49   0.8   -521.46   2.7  14.10.2025  04:22:20
 13  16  14  15  $12    0.010    16.0345  10074.79   0.2   -454.89   0.4  14.10.2025  04:22:22
 14  15  13  16  $12    0.010     2.0934   1315.33   1.1   1803.12   0.8  14.10.2025  04:22:29
 13  14  15  16  $12    0.100    -8.5286   1607.60   0.0     -7.42  23.2  14.10.2025  04:22:33
  1   9  10   2  $12    0.001   -33.3476 120003.11   0.1   -278.37   0.3  14.10.2025  04:22:42
  1   9  11   3  $12    0.001    -2.5460  21814.41   0.1   -359.36   0.4  14.10.2025  04:22:43
  1   9  12   4  $12    0.010    -5.8340   9755.30   0.1    160.93   2.8  14.10.2025  04:22:48
  2  10   9   1  $12    0.001   -46.3677 166856.69   0.1   -356.96   0.0  14.10.2025  04:22:53
  2  10  11   3  $12    0.001    -1.0102   3635.24   0.4   1811.48   0.7  14.10.2025  04:22:57
  2  10  12   4  $12    0.010     9.4364   8085.12   0.0   -484.02   0.2  14.10.2025  04:23:01
  3  11   9   1  $12    0.001    -5.9767  51208.57   0.1   -452.57   0.1  14.10.2025  04:23:06
  3  11  10   2  $12    0.001    -1.9215   6914.50   4.3    576.26   6.8  14.10.2025  04:23:13
  3  11  12   4  $12    0.010   -14.5169   5223.99   0.0    126.13   0.7  14.10.2025  04:23:16
 12   4   9   1  $12    0.010    14.6326  24467.80   0.1   -412.22   0.2  14.10.2025  04:23:19
 12   4  10   2  $12    0.010    -8.2150   7038.60   0.1  -1181.34   0.6  14.10.2025  04:23:21
 12   4  11   3  $12    0.010    12.6922   4567.35   0.0    291.36   0.4  14.10.2025  04:23:23
 13   5  14   6  $12    0.010     5.7890   2083.19   0.1     -0.55 152.9  14.10.2025  04:23:25
 13   5  15   7  $12    0.010     3.2898   2818.67   0.2     10.47  10.4  14.10.2025  04:23:27
 13   5  16   8  $12    0.010     4.4996   7523.93   0.1   -454.98   1.5  14.10.2025  04:23:29
 14   6  13   5  $12    0.010     6.0043   2160.70   0.3    -11.29  26.4  14.10.2025  04:23:31
 14   6  15   7  $12    0.010     5.0313   1810.53   0.0     39.29   0.8  14.10.2025  04:23:33
 14   6  16   8  $12    0.010    21.2239  18184.58   0.0   -258.39   0.4  14.10.2025  04:23:35
 15   7  13   5  $12    0.010     3.3171   2842.12   0.4      4.58  69.2  14.10.2025  04:23:37
 15   7  14   6  $12    0.010     5.3247   1916.13   0.0     10.66   6.0  14.10.2025  04:23:39
 15   7  16   8  $12    0.010     5.5757   2006.45   0.4    462.69   0.8  14.10.2025  04:23:41
 16   8  13   5  $12    0.010    -4.3134   7212.62   0.2   -885.55   0.3  14.10.2025  04:23:43
 16   8  14   6  $12    0.010    12.8445  11005.17   0.3     81.32   0.8  14.10.2025  04:23:45
 16   8  15   7  $12    0.010    19.8560   7145.28   0.0   -371.64   0.0  14.10.2025  04:23:47
  1   2   5   6  $12    0.010     7.0704 133273.25   0.3   -234.96   0.3  14.10.2025  04:23:49
  2   3   6   7  $12    0.010    -2.2736  42856.17   0.3   3132.92   0.8  14.10.2025  04:23:51
  3   4   7   8  $12    0.100    -2.2176   4180.16   0.2   -972.94   0.0  14.10.2025  04:23:54
  1   2   9  10  $12    0.001    -0.3902 617808.66   0.0  40054.82   0.3  14.10.2025  04:24:03
  2   3  10  11  $12    0.010    -0.4640  73463.08   1.2   -941.34   0.2  14.10.2025  04:24:10
  3   4  11  12  $12    0.100     4.3039  68145.94   0.6   -164.84   2.3  14.10.2025  04:24:22
  1   2  13  14  $12    0.010     0.0176   9473.51   2.5    619.08   5.4  14.10.2025  04:24:28
  2   3  14  15  $12    0.010    -4.8637 2622031.71   0.9   -796.10   0.1  14.10.2025  04:24:30
  3   4  15  16  $12    0.001     4.8159 25962606.12   0.2   -284.07   0.9  14.10.2025  04:24:35
  5   6   9  10  $12    0.001     2.0435 385184.29   0.2    -52.98  31.4  14.10.2025  04:24:37
  6   7  10  11  $12    1.000     3.0156    568.43   0.2     54.51  14.1  14.10.2025  04:24:44
  7   8  11  12  $12   10.000    18.9842    357.84   0.1     58.74   0.3  14.10.2025  04:24:47
  5   6  13  14  $12    1.000     2.7907   4418.70   7.1   -960.73   0.2  14.10.2025  04:24:57
  6   7  14  15  $12    1.000   -22.4440  35536.96   0.5    -15.28  30.6  14.10.2025  04:24:59
  7   8  15  16  $12    1.000    -2.9729   4707.21   1.8  -1701.31   2.5  14.10.2025  04:25:06
  9  10  13  14  $12    0.010     1.7102  32235.90   0.4  -1282.14   0.0  14.10.2025  04:25:14
 10  11  14  15  $12    1.000     3.2886    619.89   0.1     52.15   2.6  14.10.2025  04:25:20
 11  12  15  16  $12    0.010    -4.4515  83909.18   0.1   -350.99   1.6  14.10.2025  04:25:28
  1   2   6   7  $12    0.010    -7.7129 290767.62   0.7   -147.41   9.2  14.10.2025  04:25:30
  2   3   7   8  $12    0.010    -0.7633  28775.94   0.7   -564.85   1.1  14.10.2025  04:25:36
  1   2   7   8  $12    0.010    -0.0117    770.82   7.4  -8209.11   7.1  14.10.2025  04:25:48
  2   3   7   8  $12    0.010    -0.0844   3183.63  12.0   4477.53  13.4  14.10.2025  04:25:59
  1   2  10  11  $12    0.010     0.0292   6610.61   1.6   -132.49  13.1  14.10.2025  04:26:11
  2   3  11  12  $12    0.010   -17.3947 3934587.28   0.0  -1293.76   0.0  14.10.2025  04:26:13
  1   2  11  12  $12    0.010     1.6171 502941.93   0.2    169.43   0.2  14.10.2025  04:26:19
  2   3  11  12  $12    0.010   -17.2100 3892814.11   0.1  -1298.82   0.0  14.10.2025  04:26:21
  1   2  14  15  $12    0.010     0.1541 105746.67   2.0   8606.58   2.4  14.10.2025  04:26:33
  2   3  15  16  $12    0.001    15.9776 109625961.58   0.3    -48.88  13.3  14.10.2025  04:26:37
  1   2  15  16  $12    0.001     7.4161 63604376.73   0.2    870.70   0.5  14.10.2025  04:26:40
  2   3  15  16  $12    0.001    16.4236 112686057.87   0.0    -53.64   0.8  14.10.2025  04:26:42
  5   6  10  11  $12    1.000     4.1272   1555.91   0.6   1190.54   0.9  14.10.2025  04:26:49
  6   7  11  12  $12    1.000    -3.9306   1481.81   0.6  -2244.74   0.2  14.10.2025  04:26:51
  5   6  11  12  $12    1.000    13.8713   9151.40   0.2  -1414.26   0.0  14.10.2025  04:26:53
  6   7  11  12  $12    1.000    -5.3479   2016.11   1.2  -2004.53   0.8  14.10.2025  04:27:00
  5   6  14  15  $12    0.100     2.3989  54262.93   0.4   -917.95   0.5  14.10.2025  04:27:04
  6   7  15  16  $12    0.010    18.3560 4152028.66   0.2   -223.02   2.4  14.10.2025  04:27:09
  5   6  15  16  $12    0.010   -18.7943 5845366.92   0.1   -301.14   1.7  14.10.2025  04:27:11
  6   7  15  16  $12    0.010    17.5616 3972342.89   0.3   -198.86   0.9  14.10.2025  04:27:13
  9  10  14  15  $12    0.010   -18.3718 692601.68   0.1   -785.74   0.1  14.10.2025  04:27:15
 10  11  15  16  $12    1.000    15.2894   5763.96   0.3    -48.47  20.8  14.10.2025  04:27:25
  9  10  15  16  $12    0.001    26.9926 17807937.14   0.1   -135.27   0.3  14.10.2025  04:27:37
 10  11  15  16  $12    1.000    16.2536   6127.48   0.8    -13.49  31.6  14.10.2025  04:27:44
