//C:\Users\user\Desktop\GeoTom\GeoTomE724.ini
//- Cable direction:
//  cable I: normal
//  cable II: normal
//  cable III: normal
//  cable IV: normal
//- Cable arrangement: sequential
//- Optimization: Last measurement
//- Sorting: Multi-level
//- Current levels: 0.001 mA .. 50.0 mA
Type:         Flow
Name:         Hyprop
Comment:      Example of a measurements sequence
Comment:      
Comment:      
Spacing:      1.00000
First El:     0.00000
Nr of points: 289
IP present:   1

  1   5   2   6  $12    0.010    11.4997   4926.48   0.1    958.83   0.1  11.10.2025  07:10:05
  1   5   3   7  $12    0.010    -1.9254   3629.34   0.5  -1621.51   0.8  11.10.2025  07:10:07
  1   5   4   8  $12    0.100    10.9207   1440.96   0.0     80.45   0.1  11.10.2025  07:10:11
  1   5  14   2  $12    0.010    -9.2201   8265.84   0.3   1155.42   0.7  11.10.2025  07:10:16
  1   5  15   3  $12    0.010     3.3342  73322.88   0.5   -918.67   1.5  11.10.2025  07:10:18
  1   5  16   4  $12    0.010   -11.6620  11405.96   0.2   -753.77   0.3  11.10.2025  07:10:20
  1   5  13   9  $12    0.001     5.3930 406623.14   0.1   -692.94   0.7  11.10.2025  07:10:25
  1   5  14  10  $12    0.100     7.7522   8904.55   0.0     16.19   0.4  11.10.2025  07:10:30
  1   5  15  11  $12    0.100    11.7867  19440.17   0.0   -143.28   0.1  11.10.2025  07:10:32
  1   5  16  12  $12    0.010   -11.1336 252492.52   0.1   -725.01   0.0  11.10.2025  07:10:37
  1   5  10   6  $12    0.100    15.8330   1398.96   0.0    -13.67   0.2  11.10.2025  07:10:41
  1   5  11   7  $12    0.100     8.5632   2017.66   0.0    -22.35   0.3  11.10.2025  07:10:43
  1   5  12   8  $12    0.100     5.1397   2331.18   0.0    -27.51   2.8  11.10.2025  07:10:45
  2   6   1   5  $12    0.010    14.0505   6019.24   0.2    595.63   0.1  11.10.2025  07:10:50
  2   6   3   7  $12    0.010    -2.2254    953.36   0.1  -3217.37   0.2  11.10.2025  07:10:52
  2   6   4   8  $12    0.010     0.8730   1645.64   0.1    732.84   1.0  11.10.2025  07:10:56
  2   6  13   1  $12    0.010    -9.9951   7371.46   0.5    953.07   0.4  11.10.2025  07:10:58
  2   6  15   3  $12    0.010     4.2617   3820.60   0.3  -1786.10   0.4  11.10.2025  07:11:00
  2   6  16   4  $12    0.001    -3.6271 797650.73   0.4   -803.41   0.5  11.10.2025  07:11:05
  2   6  13   9  $12    0.001    12.2778 556879.30   0.2   -691.14   0.4  11.10.2025  07:11:07
  2   6  14  10  $12    0.100     7.0118   5286.80   0.0     34.67   1.8  11.10.2025  07:11:13
  2   6  15  11  $12    0.010     0.3104   3565.06   0.3   -133.18   1.7  11.10.2025  07:11:18
  2   6  16  12  $12    0.001    -3.8963 642634.68   0.2   -806.71   0.7  11.10.2025  07:11:23
  2   6   9   5  $12    0.001   -12.5176 165166.12   0.2   -707.72   0.3  11.10.2025  07:11:25
  2   6  11   7  $12    0.100    18.9319   1672.77   0.1    -56.25   0.2  11.10.2025  07:11:30
  2   6  12   8  $12    0.100    11.2953   2661.40   0.1    -94.07   0.5  11.10.2025  07:11:32
  3   7   1   5  $12    0.100   -18.6900   3522.99   0.0  -1087.85   0.3  11.10.2025  07:11:34
  3   7   2   6  $12    0.010    -3.0223   1294.77   0.3  -2519.48   0.2  11.10.2025  07:11:39
  3   7   4   8  $12    0.010     4.0507   1735.30   0.3     60.31  29.1  11.10.2025  07:11:41
  3   7  13   1  $12    0.010     3.3357   5239.67   0.5   -840.26   0.4  11.10.2025  07:11:43
  3   7  14   2  $12    0.010     5.0811   3747.34   0.8  -1453.76   0.5  11.10.2025  07:11:45
  3   7  16   4  $12    0.010   -11.4747  10287.08   0.4   -527.82   1.5  11.10.2025  07:11:47
  3   7  13   9  $12    0.001     3.6000  84822.12   0.9   -694.98   3.4  11.10.2025  07:11:53
  3   7  14  10  $12    0.100     6.6786   3029.20   0.0     14.34   0.3  11.10.2025  07:11:58
  3   7  15  11  $12    0.100    10.1293   7637.34   0.0   -129.07   0.5  11.10.2025  07:12:00
  3   7  16  12  $12    0.010    -8.6146  98951.18   0.3   -722.89   0.8  11.10.2025  07:12:05
  3   7   9   5  $12    0.001    -3.5346  66624.77   0.8   -783.30   0.8  11.10.2025  07:12:10
  3   7  10   6  $12    0.100    15.4990   2045.05   0.0    -16.35   0.4  11.10.2025  07:12:16
  3   7  12   8  $12    0.100    14.7580   1303.98   0.0     -9.59   1.5  11.10.2025  07:12:18
  4   8   1   5  $12    0.100     8.0216   1058.42   0.0    237.97   0.6  11.10.2025  07:12:20
  4   8   2   6  $12    0.100     9.3561   1763.59   0.4    585.67   1.1  11.10.2025  07:12:22
  4   8   3   7  $12    0.010     4.1359   1771.81   0.1     35.40   7.7  11.10.2025  07:12:27
  4   8  13   1  $12    1.000    -3.1644     71.17   3.9   4328.25   4.5  11.10.2025  07:12:36
  4   8  14   2  $12    0.100     0.4771     74.95   4.7 -11755.33   4.6  11.10.2025  07:12:46
  4   8  15   3  $12    0.100   -19.0296   1403.44   0.0     76.92   0.1  11.10.2025  07:12:48
  4   8  13   9  $12    0.010     3.4319   3032.35   0.7   -594.98   1.3  11.10.2025  07:12:53
  4   8  14  10  $12    0.100     5.7838   1362.78   0.0      0.17  19.1  11.10.2025  07:12:57
  4   8  15  11  $12    0.100     6.5818   2985.30   0.0      3.40  18.0  11.10.2025  07:12:59
  4   8  16  12  $12    0.100    -0.1983    149.51   8.8 -21489.20   9.0  11.10.2025  07:13:03
  4   8   9   5  $12    0.100   -20.2549    867.72   0.3   -723.06   0.4  11.10.2025  07:13:05
  4   8  10   6  $12    0.100     6.7789   1277.80   0.1     -5.62  29.0  11.10.2025  07:13:07
  4   8  11   7  $12    0.100    14.1293   1864.31   0.0     -1.03   7.8  11.10.2025  07:13:09
  5   9   6  10  $12    0.010     8.3882   3593.48   0.0      9.00   2.6  11.10.2025  07:13:14
  5   9   7  11  $12    0.010     2.7634   5208.91   0.0   -104.10   0.3  11.10.2025  07:13:16
  5   9   8  12  $12    0.010     2.5233   3329.46   0.4   -148.19   1.5  11.10.2025  07:13:18
  5   9   2   6  $12    0.001    10.7776 142207.49   0.3   -720.07   1.2  11.10.2025  07:13:23
  5   9   3   7  $12    0.001     3.3722  63564.59   0.1   -733.22   0.0  11.10.2025  07:13:25
  5   9   4   8  $12    0.010     0.8647    370.43   0.0  -1022.62   0.2  11.10.2025  07:13:32
  5   9   1  13  $12    0.001     4.8977 123093.06   0.3   -668.28   1.5  11.10.2025  07:13:37
  5   9   2  14  $12    0.001    11.5051 258761.28   0.1   -712.83   0.2  11.10.2025  07:13:39
  5   9   3  15  $12    0.001     3.5923  56427.43   0.0   -736.51   0.0  11.10.2025  07:13:41
  5   9   4  16  $12    0.001   -10.2780  75801.25   0.1   -723.48   0.2  11.10.2025  07:13:43
  5   9  14  10  $12    0.010     5.7438   5075.11   0.0     55.53   0.4  11.10.2025  07:13:46
  5   9  15  11  $12    0.010    -3.4177   8052.85   0.1   -465.47   0.1  11.10.2025  07:13:48
  5   9  16  12  $12    0.001    10.1253 459248.53   0.1   -711.78   0.5  11.10.2025  07:13:54
  6  10   5   9  $12    0.010     8.0393   3444.05   0.3   -101.67   2.5  11.10.2025  07:14:02
  6  10   7  11  $12    0.010     3.6274   1553.98   0.2      0.63 382.7  11.10.2025  07:14:04
  6  10   8  12  $12    0.010     2.1783   4106.05   0.1     -8.55  26.5  11.10.2025  07:14:06
  6  10   1   5  $12    0.100   -15.5428   1373.32   0.0    -18.07   3.8  11.10.2025  07:14:10
  6  10   3   7  $12    0.100   -14.9582   1973.69   0.0    -14.75   5.9  11.10.2025  07:14:12
  6  10   4   8  $12    0.100    -6.7272   1268.05   0.0      0.12 603.4  11.10.2025  07:14:14
  6  10   1  13  $12    0.100     4.6328   1041.95   0.5    102.06   5.7  11.10.2025  07:14:16
  6  10   2  14  $12    0.100     4.4061   1107.37   0.2    251.79   0.1  11.10.2025  07:14:18
  6  10   3  15  $12    0.100     4.9792   1119.87   0.1     55.76   7.3  11.10.2025  07:14:20
  6  10   4  16  $12    0.100     7.2266   1135.15   0.3   -134.53   1.1  11.10.2025  07:14:22
  6  10  13   9  $12    0.010     5.1597   6808.07   0.5   -117.36   1.2  11.10.2025  07:14:28
  6  10  15  11  $12    0.100    15.8597   1401.32   0.0      0.88  15.5  11.10.2025  07:14:31
  6  10  16  12  $12    0.100     7.4853   1763.69   0.1    134.29   0.4  11.10.2025  07:14:33
  7  11   5   9  $12    0.100    18.0562   3403.52   0.7    -51.15   8.4  11.10.2025  07:14:35
  7  11   6  10  $12    0.010     3.6162   1549.18   0.0     -2.78   4.3  11.10.2025  07:14:40
  7  11   8  12  $12    0.010     4.7453   2032.89   0.1     -0.06 2117.5  11.10.2025  07:14:42
  7  11   1   5  $12    0.100    -7.6991   1814.05   0.0      2.47  52.6  11.10.2025  07:14:46
  7  11   2   6  $12    0.100   -13.9368   1231.41   0.0      3.23  24.2  11.10.2025  07:14:48
  7  11   4   8  $12    0.100   -14.2418   1879.17   0.0      1.21  25.2  11.10.2025  07:14:50
  7  11   1  13  $12    0.100     3.9929    627.20   0.7      0.09 2565.4  11.10.2025  07:14:52
  7  11   2  14  $12    0.100     4.6596   1048.00   0.5      6.49  85.4  11.10.2025  07:14:54
  7  11   3  15  $12    0.100     4.8363   1215.50   0.1     -0.45 599.5  11.10.2025  07:14:56
  7  11   4  16  $12    0.100     6.1403   1381.02   0.3     -4.20  45.7  11.10.2025  07:14:58
  7  11  13   9  $12    0.100     6.7081   1264.46   0.1    -99.97   7.5  11.10.2025  07:15:00
  7  11  14  10  $12    0.100    17.3205   2285.39   0.0      0.44  18.3  11.10.2025  07:15:02
  7  11  16  12  $12    0.010     2.7497   2429.55   0.3      6.53  34.2  11.10.2025  07:15:07
  8  12   5   9  $12    0.100     9.1865   1212.13   0.5     83.43  22.7  11.10.2025  07:15:15
  8  12   6  10  $12    0.100    21.5770   4067.17   0.0      0.32  14.7  11.10.2025  07:15:17
  8  12   7  11  $12    0.010     4.7713   2044.03   0.0     -1.06   3.4  11.10.2025  07:15:22
  8  12   1   5  $12    0.100    -4.2898   1945.71   0.5     19.15  16.4  11.10.2025  07:15:26
  8  12   2   6  $12    0.100    -5.9487   1401.62   0.4     33.39   7.3  11.10.2025  07:15:28
  8  12   3   7  $12    0.100   -14.0884   1244.81   0.0      2.34  72.9  11.10.2025  07:15:30
  8  12   1  13  $12    0.100     3.8483    283.81   0.1     -9.74  27.0  11.10.2025  07:15:32
  8  12   2  14  $12    0.100     4.8651    764.21   0.2    -33.27   6.9  11.10.2025  07:15:34
  8  12   3  15  $12    0.100     5.0937   1145.63   0.0     -4.32  18.6  11.10.2025  07:15:36
  8  12  16   4  $12    0.100    -6.2800   1578.34   0.3     18.91  24.3  11.10.2025  07:15:38
  8  12   9  13  $12    1.000   -16.4928     70.65   0.1    749.27   0.4  11.10.2025  07:15:46
  8  12  10  14  $12    0.100   -10.7832   2032.59   0.0      3.84   4.2  11.10.2025  07:15:51
  8  12  11  15  $12    0.010    -2.7984   3692.40   0.0      7.80   4.9  11.10.2025  07:15:56
  9  13  10  14  $12    0.010     7.3822   3162.53   0.0     49.69   1.1  11.10.2025  07:15:58
  9  13  11  15  $12    0.010    -2.8155   5307.09   0.0   -648.80   0.3  11.10.2025  07:16:00
  9  13  12  16  $12    0.001    10.1888 134437.59   0.0   -692.07   0.1  11.10.2025  07:16:05
  9  13   6  10  $12    0.010    -5.9530   7854.76   0.0     43.67   0.5  11.10.2025  07:16:09
  9  13   7  11  $12    0.010    -1.2866   2425.15   0.1    -97.30   0.2  11.10.2025  07:16:14
  9  13   8  12  $12    0.010    -0.4479    191.90   0.4    -48.89   4.8  11.10.2025  07:16:19
  9  13   5   1  $12    0.001     4.2123 317601.54   0.1   -659.78   0.1  11.10.2025  07:16:24
  9  13   6   2  $12    0.001    10.9392 496168.05   0.1   -701.05   0.0  11.10.2025  07:16:26
  9  13   7   3  $12    0.001     3.4700  81759.57   0.3   -688.64   0.4  11.10.2025  07:16:28
  9  13   8   4  $12    0.010     1.2274   1084.53   0.3   -661.02   0.4  11.10.2025  07:16:35
  9  13   2  14  $12    0.001    -9.8935  72965.01   0.4   -713.32   1.0  11.10.2025  07:16:40
  9  13   3  15  $12    0.001    -2.9458  46271.76   0.5   -754.90   0.2  11.10.2025  07:16:42
  9  13   4  16  $12    0.001     9.1881 206648.48   0.5   -697.57   0.2  11.10.2025  07:16:44
 10  14   9  13  $12    0.010     7.8372   3357.46   0.1    -39.46   5.3  11.10.2025  07:16:52
 10  14  11  15  $12    0.010     4.5376   1943.92   0.1     -7.09   6.9  11.10.2025  07:16:54
 10  14  12  16  $12    0.010     2.3063   4347.36   0.8      7.42  86.0  11.10.2025  07:16:56
 10  14   5   9  $12    0.010    -5.2221   4614.13   0.6    -44.63  32.7  11.10.2025  07:16:58
 10  14   7  11  $12    0.100   -17.2392   2274.66   0.0      2.95   1.1  11.10.2025  07:17:02
 10  14   8  12  $12    0.100   -10.7454   2025.45   0.0      4.03   6.5  11.10.2025  07:17:04
 10  14   5   1  $12    0.100     7.8162   8978.09   0.1      0.98   5.2  11.10.2025  07:17:06
 10  14   6   2  $12    0.100     6.7784   5110.81   0.0    -11.54   9.2  11.10.2025  07:17:08
 10  14   7   3  $12    0.100     6.6040   2995.34   0.0      1.69  46.1  11.10.2025  07:17:10
 10  14   8   4  $12    0.100     5.7678   1359.01   0.2     -3.46  33.1  11.10.2025  07:17:12
 10  14   1  13  $12    0.100    16.5417   1482.97   0.0      3.60   5.5  11.10.2025  07:17:14
 10  14   3  15  $12    0.100    20.5844   1518.12   0.0      3.56  54.0  11.10.2025  07:17:16
 10  14   4  16  $12    0.100     6.2325    979.00   0.5     -6.02 121.2  11.10.2025  07:17:18
 11  15   9  13  $12    0.010     4.4373   8364.19   0.4   -332.83  19.1  11.10.2025  07:17:23
 11  15  10  14  $12    0.010     4.4474   1905.26   0.1      1.34  60.5  11.10.2025  07:17:25
 11  15  12  16  $12    0.010     5.1219   2194.23   0.1     69.59   3.7  11.10.2025  07:17:27
 11  15   5   9  $12    0.010    -2.8994   6831.44   0.5   -652.35   0.9  11.10.2025  07:17:29
 11  15   6  10  $12    0.100   -15.8639   1401.70   0.0      4.03   1.8  11.10.2025  07:17:33
 11  15   8  12  $12    0.010    -2.7645   3647.63   0.0      9.85   2.6  11.10.2025  07:17:37
 11  15   5   1  $12    0.100     7.1189  11741.52   0.1    -29.77   6.3  11.10.2025  07:17:44
 11  15   6   2  $12    0.100     5.5071   6325.67   0.1    -43.60   8.6  11.10.2025  07:17:46
 11  15   7   3  $12    0.100     6.9369   5230.29   0.0    -24.89   1.2  11.10.2025  07:17:48
 11  15   8   4  $12    0.100     6.6397   3011.55   0.2     -0.89 141.3  11.10.2025  07:17:50
 11  15   1  13  $12    0.100     9.4411  20762.03   0.2     23.97   6.2  11.10.2025  07:17:52
 11  15   2  14  $12    0.100    22.5327   2020.06   0.2      5.75  10.2  11.10.2025  07:17:54
 11  15   4  16  $12    0.100    17.6112   1298.84   0.1    -41.13   9.7  11.10.2025  07:17:56
 12  16   9  13  $12    0.001    11.1643 147309.57   0.6   -664.25   0.8  11.10.2025  07:18:04
 12  16  10  14  $12    0.010     2.4121   4546.68   0.0    -16.66   4.7  11.10.2025  07:18:08
 12  16  11  15  $12    0.010     5.6209   2408.00   0.1    -30.80   2.4  11.10.2025  07:18:10
 12  16   5   9  $12    0.001   -10.7805 488967.99   0.3   -634.39   0.5  11.10.2025  07:18:15
 12  16   6  10  $12    0.100    -8.5468   2013.79   0.0    -66.22   0.2  11.10.2025  07:18:20
 12  16   7  11  $12    0.010    -2.6233   2317.91   0.0     24.15   0.6  11.10.2025  07:18:25
 12  16   5   1  $12    0.010   -10.6452 241416.52   0.0   -683.24   0.2  11.10.2025  07:18:27
 12  16   6   2  $12    0.001    -3.1735 523423.30   0.2   -739.47   0.2  11.10.2025  07:18:32
 12  16   7   3  $12    0.010    -8.7059  99999.67   0.1   -716.13   0.1  11.10.2025  07:18:36
 12  16   8   4  $12    0.100     8.3533   6298.24   0.0    -15.46   2.1  11.10.2025  07:18:39
 12  16  13   1  $12    0.010   -13.1320  12843.64   0.0   -585.51   0.0  11.10.2025  07:18:44
 12  16  14   2  $12    0.001    -3.4962 768859.52   0.0   -733.06   0.4  11.10.2025  07:18:49
 12  16  15   3  $12    0.010   -11.6959  10485.38   0.0   -549.53   0.1  11.10.2025  07:18:53
 13   1  14   2  $12    0.010    10.8932   3735.70   0.0    991.76   0.1  11.10.2025  07:18:55
 13   1  15   3  $12    0.010    -2.2499   1706.10   0.5  -1381.55   1.0  11.10.2025  07:18:57
 13   1  16   4  $12    0.010    13.6752  17575.34   0.2   -649.01   0.0  11.10.2025  07:18:59
 13   1  10  14  $12    0.100   -15.9643   1431.20   0.0      1.56  17.6  11.10.2025  07:19:02
 13   1  11  15  $12    0.100    -3.6218   7964.73   0.3    532.08   0.5  11.10.2025  07:19:04
 13   1  12  16  $12    0.010   -12.9809  12695.89   0.1   -667.78   0.2  11.10.2025  07:19:09
 13   1   9   5  $12    0.001     5.5752 140119.83   0.5   -595.86   1.0  11.10.2025  07:19:14
 13   1  10   6  $12    0.100     4.6798   1052.54   0.0     -1.78   7.8  11.10.2025  07:19:19
 13   1  11   7  $12    0.100     3.5180    552.61   0.0     11.94   5.3  11.10.2025  07:19:21
 13   1  12   8  $12    0.100     3.3672    248.33   0.0      7.49   1.2  11.10.2025  07:19:23
 13   1   6   2  $12    0.010     9.4046   6935.94   0.1   1058.03   0.5  11.10.2025  07:19:28
 13   1   7   3  $12    0.010    -3.4430   5408.19   0.2   -856.36   0.7  11.10.2025  07:19:30
 13   1   8   4  $12    0.100     2.6297    591.44   0.0    169.54   1.1  11.10.2025  07:19:34
 14   2  13   1  $12    0.010    12.6604   4341.73   0.1    715.42   0.1  11.10.2025  07:19:39
 14   2  15   3  $12    0.010    -1.3975    479.26   0.4  -5057.83   0.2  11.10.2025  07:19:41
 14   2  16   4  $12    0.001     3.5492  26913.76   0.1   -736.04   0.3  11.10.2025  07:19:46
 14   2   9  13  $12    0.001    12.9562  95553.25   0.1   -673.14   0.3  11.10.2025  07:19:48
 14   2  11  15  $12    0.010    -2.3105   2071.35   0.0     33.89   0.4  11.10.2025  07:19:52
 14   2  12  16  $12    0.001    -3.2822 721801.30   0.2   -728.10   0.6  11.10.2025  07:19:56
 14   2   9   5  $12    0.001    12.4056 279014.00   0.1   -613.32   0.2  11.10.2025  07:19:58
 14   2  10   6  $12    0.100     3.6138    908.25   0.3    -56.74   1.7  11.10.2025  07:20:04
 14   2  11   7  $12    0.100     1.3391    301.19   0.9    205.96   1.5  11.10.2025  07:20:10
 14   2  12   8  $12    0.100     1.2561    197.31   0.8    474.48   0.8  11.10.2025  07:20:15
 14   2   5   1  $12    0.010    10.0109   8974.82   0.2   1001.76   0.4  11.10.2025  07:20:20
 14   2   7   3  $12    0.010    -5.8524   4316.20   0.1  -1418.00   0.2  11.10.2025  07:20:22
 14   2   8   4  $12    0.100    13.4614   2114.51   0.2   -109.08   1.0  11.10.2025  07:20:26
 15   3  13   1  $12    0.100    -6.4411    488.44   0.8  -2684.05   0.6  11.10.2025  07:20:28
 15   3  14   2  $12    0.010    -2.5606    878.14   0.5  -2879.74   0.7  11.10.2025  07:20:32
 15   3  16   4  $12    0.010    13.8120   4736.65   0.4   -459.93   0.1  11.10.2025  07:20:34
 15   3   9  13  $12    0.001     3.9313  61753.07   0.4   -678.93   2.2  11.10.2025  07:20:39
 15   3  10  14  $12    0.100   -19.7326   1455.30   0.0      3.03   0.4  11.10.2025  07:20:45
 15   3  12  16  $12    0.010   -11.1746  10018.05   0.0   -562.37   0.4  11.10.2025  07:20:50
 15   3   9   5  $12    0.001     4.1546  65260.86   0.3   -699.86   1.3  11.10.2025  07:20:54
 15   3  10   6  $12    0.100     4.8020   1080.00   0.0     23.80   0.3  11.10.2025  07:21:00
 15   3  11   7  $12    0.100     4.4451   1117.16   0.0     11.35   0.2  11.10.2025  07:21:02
 15   3  12   8  $12    0.100     4.7489   1068.08   0.0      0.50 123.4  11.10.2025  07:21:04
 15   3   5   1  $12    0.010    -2.9934  65828.27   0.1   -843.08   0.4  11.10.2025  07:21:09
 15   3   6   2  $12    0.010    -5.2595   4715.15   0.8  -1533.43   0.4  11.10.2025  07:21:11
 15   3   8   4  $12    0.100    20.9750   1546.93   0.0     48.41   0.0  11.10.2025  07:21:15
 16   4  13   1  $12    0.010    13.8791  17837.41   0.1   -579.10   0.2  11.10.2025  07:21:20
 16   4  14   2  $12    0.001     3.7389  28352.34   0.2   -722.14   0.2  11.10.2025  07:21:25
 16   4  15   3  $12    0.010    13.8288   4742.42   0.0   -450.64   0.0  11.10.2025  07:21:29
 16   4   9  13  $12    0.001   -11.2303 252580.40   0.7   -640.01   0.8  11.10.2025  07:21:34
 16   4  10  14  $12    0.100    -6.4201   1008.46   0.0     98.51   0.1  11.10.2025  07:21:39
 16   4  11  15  $12    0.010    -2.1207   1564.05   0.0    -75.52   0.9  11.10.2025  07:21:44
 16   4   9   5  $12    0.001   -10.9248  80571.55   0.2   -663.87   1.1  11.10.2025  07:21:49
 16   4  10   6  $12    0.100     7.8087   1226.59   0.0    -16.23   0.4  11.10.2025  07:21:55
 16   4  11   7  $12    0.100     8.4211   1893.98   0.0    -52.56   0.4  11.10.2025  07:21:57
 16   4  12   8  $12    0.100     8.9614   2252.25   0.1    -67.82   0.2  11.10.2025  07:21:59
 16   4   5   1  $12    0.010    11.1545  10909.56   0.2   -640.70   0.7  11.10.2025  07:22:04
 16   4   6   2  $12    0.001     3.5445 779471.30   0.6   -757.99   0.1  11.10.2025  07:22:09
 16   4   7   3  $12    0.010    11.0212   9880.55   0.0   -544.40   0.3  11.10.2025  07:22:12
  1   4   2   3  $12    0.010    14.3026   8986.59   0.3    535.32   0.3  11.10.2025  07:22:14
  2   3   1   4  $12    0.010    15.6421   9828.21   0.0    428.88   0.0  11.10.2025  07:22:16
  1   2   3   4  $12    0.010     1.1561   2179.14   0.1  -3626.30   0.2  11.10.2025  07:22:18
  3   4   1   2  $12    0.010     1.2511   2358.33   0.2  -3374.06   0.3  11.10.2025  07:22:21
  5   8   6   7  $12    0.100    15.5912    979.62   0.0      3.86   0.2  11.10.2025  07:22:24
  6   7   5   8  $12    0.100    15.8354    994.97   0.1      3.25  36.5  11.10.2025  07:22:26
  5   6   7   8  $12    0.100    -4.1927    790.30   0.4      1.80 413.8  11.10.2025  07:22:28
  7   8   5   6  $12    0.100    -4.2194    795.34   0.4      4.18 202.6  11.10.2025  07:22:30
  9  12  10  11  $12    0.010     6.5148   4093.40   0.0     48.81   0.2  11.10.2025  07:22:36
 10  11   9  12  $12    0.010     6.5902   4140.72   0.1    -15.41  34.5  11.10.2025  07:22:38
  9  10  11  12  $12    0.010    -0.5546   1045.47   0.9    -87.48  18.1  11.10.2025  07:22:43
 11  12   9  10  $12    0.100    -3.0422    573.43   0.7    259.37   3.4  11.10.2025  07:22:47
 13  16  14  15  $12    0.010     2.4188   1519.79   0.0    -93.04   0.7  11.10.2025  07:22:52
 14  15  13  16  $12    0.100    19.4603   1222.73   0.1    -38.58   2.0  11.10.2025  07:22:56
 13  14  15  16  $12    0.100    -7.5332   1419.97   0.1     -8.65   5.7  11.10.2025  07:22:58
  1   9  10   2  $12    0.001   -12.6678  45585.55   0.1   -544.80   1.0  11.10.2025  07:23:06
  1   9  11   3  $12    0.001    -3.2287  27663.79   0.4   -639.48   0.6  11.10.2025  07:23:08
  1   9  12   4  $12    0.010    -2.8093   4697.51   0.1   -378.31   0.2  11.10.2025  07:23:12
  2  10   9   1  $12    0.001   -12.9481  46594.40   0.3   -471.14   0.7  11.10.2025  07:23:17
  2  10  11   3  $12    0.010     1.6206    583.17   0.1  -4580.15   0.2  11.10.2025  07:23:21
  2  10  12   4  $12    0.010    -1.7944   1537.40   0.4    359.16   1.1  11.10.2025  07:23:25
  3  11   9   1  $12    0.001    -3.1857  27294.79   0.4   -532.86   1.7  11.10.2025  07:23:30
  3  11  10   2  $12    0.010     1.6902    608.21   0.8  -4234.97   0.7  11.10.2025  07:23:34
  3  11  12   4  $12    0.010    -6.0205   2166.53   0.4     28.83  31.2  11.10.2025  07:23:36
 12   4   9   1  $12    0.010     5.6431   9436.03   0.2   -609.00   1.0  11.10.2025  07:23:38
 12   4  10   2  $12    0.100    18.4970   1584.82   0.1    289.10   0.4  11.10.2025  07:23:42
 12   4  11   3  $12    0.010     5.9680   2147.63   0.0     31.85   1.5  11.10.2025  07:23:47
 13   5  14   6  $12    0.010     4.4432   1598.92   0.1      3.93  61.1  11.10.2025  07:23:49
 13   5  15   7  $12    0.010     2.8592   2449.76   0.1      2.13 103.5  11.10.2025  07:23:51
 13   5  16   8  $12    0.010     3.3721   5638.64   0.3   -226.20   1.2  11.10.2025  07:23:53
 14   6  13   5  $12    0.010     4.4807   1612.39   0.3      5.45  42.1  11.10.2025  07:23:55
 14   6  15   7  $12    0.010     4.7338   1703.47   0.0     -0.01 190.3  11.10.2025  07:23:57
 14   6  16   8  $12    0.010     2.8067   2404.76   0.0    -54.80   4.1  11.10.2025  07:23:59
 15   7  13   5  $12    0.010     2.8564   2447.38   0.2    -10.51  26.8  11.10.2025  07:24:01
 15   7  14   6  $12    0.010     4.7254   1700.47   0.0      1.06  21.6  11.10.2025  07:24:03
 15   7  16   8  $12    0.010     4.3164   1553.27   0.3     87.49   1.6  11.10.2025  07:24:05
 16   8  13   5  $12    0.010     3.6121   6039.94   0.2   -197.47   2.5  11.10.2025  07:24:07
 16   8  14   6  $12    0.010     2.8188   2415.18   0.1    -54.12   2.6  11.10.2025  07:24:09
 16   8  15   7  $12    0.010     4.9977   1798.44   0.0    -52.10   0.4  11.10.2025  07:24:11
  1   2   5   6  $12    0.010     0.8476  15977.22   0.6   -488.69   2.9  11.10.2025  07:24:15
  2   3   6   7  $12    0.100     3.9334   7414.22   0.9   -394.29   2.6  11.10.2025  07:24:19
  3   4   7   8  $12    0.100    -0.2443    460.50   0.7   -260.07   1.0  11.10.2025  07:24:33
  1   2   9  10  $12    0.001     8.3598 13236628.44   0.1   -671.85   0.7  11.10.2025  07:24:41
  2   3  10  11  $12    0.100     1.7628  27911.56   0.7    -96.63  10.4  11.10.2025  07:24:49
  3   4  11  12  $12    0.100    -0.1991   3152.26   0.4    -92.97   1.3  11.10.2025  07:25:03
  1   2  13  14  $12    0.010     0.0341  18365.16   0.9    -66.96  17.5  11.10.2025  07:25:08
  2   3  14  15  $12    0.010     0.2385 128601.30   0.1    121.30   0.0  11.10.2025  07:25:14
  3   4  15  16  $12    0.010    11.0993 5983590.12   0.3   -679.21   1.6  11.10.2025  07:25:16
  5   6   9  10  $12    0.010    -7.0956 133748.29   0.3   -624.07   0.6  11.10.2025  07:25:18
  6   7  10  11  $12    1.000     2.0535    387.08   0.0      4.92   7.5  11.10.2025  07:25:24
  7   8  11  12  $12   10.000    16.4205    309.52   0.0      2.44   1.4  11.10.2025  07:25:27
  5   6  13  14  $12    1.000     0.3858    610.89   0.2    -36.01   9.4  11.10.2025  07:25:33
  6   7  14  15  $12   10.000     4.0689    644.25   0.9     47.93   7.0  11.10.2025  07:25:37
  7   8  15  16  $12   10.000    18.0025   2850.45   0.1   -244.73   0.3  11.10.2025  07:25:39
  9  10  13  14  $12    0.010     0.0719   1354.40   0.4   -559.46   0.7  11.10.2025  07:25:50
 10  11  14  15  $12    1.000     2.1751    410.00   0.0     -5.82   3.5  11.10.2025  07:25:56
 11  12  15  16  $12    1.000     3.6965    696.77   0.6    427.07   0.8  11.10.2025  07:25:58
  1   2   6   7  $12    0.010     0.1328   5007.93   0.0   -626.16   0.7  11.10.2025  07:26:07
  2   3   7   8  $12    0.010     0.0245    922.42   1.2    632.77   2.5  11.10.2025  07:26:19
  1   2   7   8  $12    0.010     0.0754   4975.44   0.5   -623.97   1.4  11.10.2025  07:26:31
  2   3   7   8  $12    0.010     0.0170    641.94   2.2   1268.88   1.4  11.10.2025  07:26:43
  1   2  10  11  $12    0.010     0.0501  11325.02   1.1   -267.87   2.2  11.10.2025  07:26:55
  2   3  11  12  $12    0.010     0.0191   4323.32   1.6   -232.72  11.3  11.10.2025  07:27:06
  1   2  11  12  $12    0.010     0.0386  11999.95   0.6   -655.31   1.8  11.10.2025  07:27:18
  2   3  11  12  $12    0.010     0.0183   4133.70   1.5   -297.79  10.3  11.10.2025  07:27:30
  1   2  14  15  $12    0.010    -0.1674 114834.50   0.3    361.16   0.6  11.10.2025  07:27:42
  2   3  15  16  $12    0.001     2.7713 19014556.30   0.4   -771.46   1.0  11.10.2025  07:27:47
  1   2  15  16  $12    0.001    -2.5016 21454717.43   0.1   -784.91   0.4  11.10.2025  07:27:49
  2   3  15  16  $12    0.001     2.7469 18847035.40   0.2   -749.36   1.5  11.10.2025  07:27:51
  5   6  10  11  $12    1.000     2.3671    892.36   0.0    -40.54   0.9  11.10.2025  07:27:58
  6   7  11  12  $12   10.000    14.1105    531.95   0.0      3.71   7.5  11.10.2025  07:28:02
  5   6  11  12  $12    1.000     0.7928    523.01   5.4     96.67  64.3  11.10.2025  07:28:12
  6   7  11  12  $12   10.000    14.0934    531.31   0.0      2.56   3.3  11.10.2025  07:28:15
  5   6  14  15  $12    1.000   -16.3282  36933.56   0.4   -408.76   0.2  11.10.2025  07:28:21
  6   7  15  16  $12    1.000     8.7555  19804.43   0.0   -667.03   0.3  11.10.2025  07:28:22
  5   6  15  16  $12    0.010     6.2304 1937763.67   0.1   -671.15   0.1  11.10.2025  07:28:30
  6   7  15  16  $12    1.000     9.4539  21384.19   0.4   -682.50   0.7  11.10.2025  07:28:36
  9  10  14  15  $12    0.010    -2.3789  89680.92   0.7   -433.54   0.0  11.10.2025  07:28:44
 10  11  15  16  $12    1.000     7.3919   2786.69   0.6     44.08  18.7  11.10.2025  07:28:50
  9  10  15  16  $12    0.001     7.3096 4822392.33   0.3   -708.51   0.2  11.10.2025  07:29:01
 10  11  15  16  $12    1.000     7.3362   2765.68   0.2     84.01   1.9  11.10.2025  07:29:13
