//C:\Users\user\Desktop\GeoTom\GeoTomE724.ini
//- Cable direction:
//  cable I: normal
//  cable II: normal
//  cable III: normal
//  cable IV: normal
//- Cable arrangement: sequential
//- Optimization: Last measurement
//- Sorting: Multi-level
//- Current levels: 0.001 mA .. 50.0 mA
Type:         Flow
Name:         Hyprop
Comment:      Example of a measurements sequence
Comment:      
Comment:      
Spacing:      1.00000
First El:     0.00000
Nr of points: 289
IP present:   1

  1   5   2   6  $12    0.010     4.4465   1904.89   0.0      3.82   5.6  08.10.2025  23:10:05
  1   5   3   7  $12    0.100    13.9084   2621.67   0.0      1.85   0.5  08.10.2025  23:10:09
  1   5   4   8  $12    0.100     8.6726   1144.33   0.0      0.73  16.4  08.10.2025  23:10:11
  1   5  14   2  $12    0.010    -2.7392   2455.68   0.0     16.46   5.7  08.10.2025  23:10:16
  1   5  15   3  $12    0.100    -3.4367   7557.61   0.0      8.82   2.3  08.10.2025  23:10:20
  1   5  16   4  $12    1.000   -17.6047    172.18   0.0     -7.07   1.7  08.10.2025  23:10:23
  1   5  13   9  $12    0.100     5.7109   4305.89   0.0     -0.14 147.9  08.10.2025  23:10:28
  1   5  14  10  $12    0.100     5.3032   6091.51   0.2     -1.97 218.1  08.10.2025  23:10:30
  1   5  15  11  $12    0.100     5.0931   8400.15   0.1      1.93  51.6  08.10.2025  23:10:32
  1   5  16  12  $12    0.100     4.1352   9377.95   0.1     -0.84 114.7  08.10.2025  23:10:34
  1   5  10   6  $12    0.100    11.1984    989.46   0.0      1.52  21.2  08.10.2025  23:10:36
  1   5  11   7  $12    0.100     5.3469   1259.84   0.0      0.16 477.0  08.10.2025  23:10:38
  1   5  12   8  $12    0.100     2.7943   1267.39   0.0     -0.28  29.5  08.10.2025  23:10:40
  2   6   1   5  $12    0.010     4.3963   1883.38   0.0      5.60   2.2  08.10.2025  23:10:45
  2   6   3   7  $12    0.010     3.3078   1417.07   0.1     -2.00  96.0  08.10.2025  23:10:47
  2   6   4   8  $12    0.100    15.8643   2990.35   0.0     -4.62   0.3  08.10.2025  23:10:51
  2   6  13   1  $12    0.010    -2.7095   1998.25   0.0     19.78   0.9  08.10.2025  23:10:56
  2   6  15   3  $12    0.100   -14.5325   1302.85   0.0      2.54   4.2  08.10.2025  23:10:59
  2   6  16   4  $12    0.100    -5.7537  12653.16   0.0    -14.15   9.6  08.10.2025  23:11:01
  2   6  13   9  $12    0.100     5.4650   2478.74   0.2      3.45  78.1  08.10.2025  23:11:03
  2   6  14  10  $12    0.100     5.4243   4089.81   0.1     -5.06  47.8  08.10.2025  23:11:05
  2   6  15  11  $12    0.100     5.4145   6219.37   0.1      3.17  49.1  08.10.2025  23:11:07
  2   6  16  12  $12    0.100     4.6654   7694.87   0.0      0.70 222.6  08.10.2025  23:11:09
  2   6   9   5  $12    0.100    11.1454   1470.60   0.0     -0.09 360.2  08.10.2025  23:11:11
  2   6  11   7  $12    0.100    12.9590   1145.02   0.0      1.22   9.6  08.10.2025  23:11:13
  2   6  12   8  $12    0.100     5.4374   1281.15   0.0     -0.55  52.2  08.10.2025  23:11:15
  3   7   1   5  $12    0.100    14.0155   2641.87   0.0      1.63  31.2  08.10.2025  23:11:17
  3   7   2   6  $12    0.010     3.3072   1416.79   0.0     -3.46  20.2  08.10.2025  23:11:22
  3   7   4   8  $12    0.010     3.4566   1480.78   0.0     -0.99  53.5  08.10.2025  23:11:24
  3   7  13   1  $12    0.100    -3.1469    494.31   0.0      8.18   2.8  08.10.2025  23:11:28
  3   7  14   2  $12    0.100   -14.2667   1052.18   0.0      1.79  21.3  08.10.2025  23:11:30
  3   7  16   4  $12    0.100   -15.4232   1382.70   0.0      7.64   0.7  08.10.2025  23:11:32
  3   7  13   9  $12    0.100     5.0819   1197.39   0.2      3.57  12.9  08.10.2025  23:11:34
  3   7  14  10  $12    0.100     5.3283   2416.74   0.0     -4.30  69.9  08.10.2025  23:11:36
  3   7  15  11  $12    0.100     5.6996   4297.42   0.0      0.67 202.7  08.10.2025  23:11:38
  3   7  16  12  $12    0.100     5.4157   6220.74   0.1      0.20 365.0  08.10.2025  23:11:40
  3   7   9   5  $12    0.100     5.7674   1087.14   0.0      0.01 173.7  08.10.2025  23:11:42
  3   7  10   6  $12    0.100    13.2250   1745.00   0.0      0.75  42.0  08.10.2025  23:11:44
  3   7  12   8  $12    0.100    13.3419   1178.85   0.0      0.72  37.4  08.10.2025  23:11:46
  4   8   1   5  $12    0.100     8.7731   1157.59   0.0      2.42  21.9  08.10.2025  23:11:48
  4   8   2   6  $12    0.100    15.8352   2984.86   0.0      0.93  29.8  08.10.2025  23:11:50
  4   8   3   7  $12    0.010     3.4922   1496.05   0.0      0.06 117.5  08.10.2025  23:11:55
  4   8  13   1  $12    1.000   -14.5356    326.92   0.0     15.10   0.7  08.10.2025  23:12:00
  4   8  14   2  $12    0.100    -5.4565    857.10   0.0      2.64  25.4  08.10.2025  23:12:05
  4   8  15   3  $12    0.100   -16.2220   1196.39   0.0      4.12   5.3  08.10.2025  23:12:07
  4   8  13   9  $12    0.100     4.3667    385.83   0.0     -4.60   5.8  08.10.2025  23:12:09
  4   8  14  10  $12    0.100     4.8029   1131.65   0.2     -1.53 285.0  08.10.2025  23:12:11
  4   8  15  11  $12    0.100     5.4103   2453.93   0.0     -0.04 -2527.3  08.10.2025  23:12:13
  4   8  16  12  $12    0.100     5.5337   4172.34   0.0      0.79  95.5  08.10.2025  23:12:15
  4   8   9   5  $12    0.100     3.0152    129.17   0.0     -3.82  20.7  08.10.2025  23:12:17
  4   8  10   6  $12    0.100     5.6229   1059.89   0.0     -0.75  49.5  08.10.2025  23:12:19
  4   8  11   7  $12    0.100    13.2794   1752.18   0.0      2.41   1.9  08.10.2025  23:12:21
  5   9   6  10  $12    0.010     3.2859   1407.66   0.0     -1.10   3.4  08.10.2025  23:12:26
  5   9   7  11  $12    0.100    16.4290   3096.80   0.0      2.10   2.9  08.10.2025  23:12:30
  5   9   8  12  $12    0.100    11.0939   1463.81   0.0      1.54  28.6  08.10.2025  23:12:32
  5   9   2   6  $12    0.100   -11.1178   1466.95   0.0      4.12   2.6  08.10.2025  23:12:34
  5   9   3   7  $12    0.100    -5.7323   1080.51   0.0      4.44   6.3  08.10.2025  23:12:36
  5   9   4   8  $12    0.100    -2.9825    127.77   0.0      7.76   0.6  08.10.2025  23:12:38
  5   9   1  13  $12    0.100     5.7675   1449.53   0.1     -2.45  41.5  08.10.2025  23:12:40
  5   9   2  14  $12    0.100     5.2002   1169.58   0.0     -1.88 103.8  08.10.2025  23:12:42
  5   9   3  15  $12    0.100     4.4059    692.08   0.0     -2.16  29.1  08.10.2025  23:12:44
  5   9   4  16  $12    0.100     4.3022    317.29   0.0     -0.47 203.9  08.10.2025  23:12:46
  5   9  14  10  $12    0.100    16.0415   1417.39   0.0      6.17   1.2  08.10.2025  23:12:48
  5   9  15  11  $12    0.100     6.2512   1472.90   0.1      4.39  24.5  08.10.2025  23:12:50
  5   9  16  12  $12    0.100     3.7838   1716.23   0.1     -1.15 125.2  08.10.2025  23:12:52
  6  10   5   9  $12    0.010     3.2820   1406.02   0.0     -1.50   9.8  08.10.2025  23:12:57
  6  10   7  11  $12    0.010     3.3933   1453.70   0.0     -1.91  38.7  08.10.2025  23:12:59
  6  10   8  12  $12    0.100    19.0469   3590.26   0.0      1.19   0.3  08.10.2025  23:13:02
  6  10   1   5  $12    0.100   -11.1639    986.41   0.0      4.26   5.5  08.10.2025  23:13:04
  6  10   3   7  $12    0.100   -13.2218   1744.57   0.0      4.91  14.4  08.10.2025  23:13:06
  6  10   4   8  $12    0.100    -5.5633   1048.65   0.0      5.93   0.7  08.10.2025  23:13:08
  6  10   1  13  $12    0.100     4.9964   1123.73   0.1      0.14 1416.7  08.10.2025  23:13:10
  6  10   2  14  $12    0.100     4.7863   1202.93   0.1      2.06  75.7  08.10.2025  23:13:12
  6  10   3  15  $12    0.100     4.4422    999.10   0.0     -0.70 106.1  08.10.2025  23:13:14
  6  10   4  16  $12    0.100     4.6815    735.36   0.0      1.78  10.2  08.10.2025  23:13:16
  6  10  13   9  $12    0.100    16.4966   2176.68   0.1      7.24  10.8  08.10.2025  23:13:18
  6  10  15  11  $12    0.100    16.1491   1426.89   0.0     -1.28  32.4  08.10.2025  23:13:20
  6  10  16  12  $12    0.100     8.7699   2066.36   0.0     -3.51  16.4  08.10.2025  23:13:22
  7  11   5   9  $12    0.100    16.4827   3106.92   0.0      2.24   7.9  08.10.2025  23:13:24
  7  11   6  10  $12    0.010     3.3788   1447.46   0.0     -2.35   3.4  08.10.2025  23:13:29
  7  11   8  12  $12    0.010     4.0633   1740.71   0.0     -1.87  79.2  08.10.2025  23:13:31
  7  11   1   5  $12    0.100    -5.3180   1253.02   0.0      4.89   2.6  08.10.2025  23:13:35
  7  11   2   6  $12    0.100   -12.8143   1132.24   0.0      3.87   9.2  08.10.2025  23:13:37
  7  11   4   8  $12    0.100   -13.3304   1758.90   0.0      2.84   0.6  08.10.2025  23:13:39
  7  11   1  13  $12    0.100     4.2228    663.32   0.1     -2.15  97.2  08.10.2025  23:13:41
  7  11   2  14  $12    0.100     4.2874    964.27   0.2      1.94  56.1  08.10.2025  23:13:43
  7  11   3  15  $12    0.100     4.3829   1101.54   0.0     -2.39  35.3  08.10.2025  23:13:45
  7  11   4  16  $12    0.100     5.0507   1135.95   0.1     -2.26  35.5  08.10.2025  23:13:47
  7  11  13   9  $12    0.100     6.9448   1309.06   0.0      0.94 213.7  08.10.2025  23:13:49
  7  11  14  10  $12    0.100    16.5148   2179.08   0.0      0.84 107.8  08.10.2025  23:13:51
  7  11  16  12  $12    0.100    22.0278   1946.32   0.0      1.77   4.8  08.10.2025  23:13:53
  8  12   5   9  $12    0.100    11.1898   1476.47   0.0      1.73   5.6  08.10.2025  23:13:55
  8  12   6  10  $12    0.100    19.1264   3605.23   0.0      1.47   0.9  08.10.2025  23:13:57
  8  12   7  11  $12    0.010     4.0626   1740.41   0.0     -1.82   0.7  08.10.2025  23:14:02
  8  12   1   5  $12    0.100    -2.7599   1251.78   0.0      8.63   0.8  08.10.2025  23:14:05
  8  12   2   6  $12    0.100    -5.3741   1266.25   0.0      6.33  11.6  08.10.2025  23:14:07
  8  12   3   7  $12    0.100   -13.2012   1166.42   0.0      4.24   4.4  08.10.2025  23:14:09
  8  12   1  13  $12    0.100     3.7751    278.41   0.1     -4.21  62.2  08.10.2025  23:14:11
  8  12   2  14  $12    0.100     4.0910    642.62   0.1     -1.44  22.1  08.10.2025  23:14:13
  8  12   3  15  $12    0.100     4.5792   1029.91   0.0     -3.69  31.2  08.10.2025  23:14:15
  8  12  16   4  $12    0.100    -5.7036   1433.47   0.0      3.67  27.1  08.10.2025  23:14:17
  8  12   9  13  $12    0.100    -4.6141    197.67   0.3      4.46  45.8  08.10.2025  23:14:19
  8  12  10  14  $12    0.100    -9.5829   1806.33   0.0      2.11  78.4  08.10.2025  23:14:21
  8  12  11  15  $12    0.100   -22.7054   2995.91   0.0      2.29  19.3  08.10.2025  23:14:23
  9  13  10  14  $12    0.010     3.7094   1589.08   0.0     -1.38   5.3  08.10.2025  23:14:28
  9  13  11  15  $12    0.100    18.9742   3576.55   0.0      2.56   2.7  08.10.2025  23:14:32
  9  13  12  16  $12    0.100    11.0440   1457.22   0.0      0.83  43.2  08.10.2025  23:14:34
  9  13   6  10  $12    0.100   -16.1400   2129.62   0.0      6.91   3.2  08.10.2025  23:14:36
  9  13   7  11  $12    0.100    -6.8078   1283.25   0.0      7.17  11.0  08.10.2025  23:14:38
  9  13   8  12  $12    0.100    -4.5063    193.05   0.0      6.37   1.1  08.10.2025  23:14:40
  9  13   5   1  $12    0.100     5.7437   4330.63   0.0     -0.92  91.3  08.10.2025  23:14:42
  9  13   6   2  $12    0.100     5.4841   2487.42   0.0     -1.79  57.7  08.10.2025  23:14:44
  9  13   7   3  $12    0.100     5.0712   1194.86   0.0     -1.09  14.0  08.10.2025  23:14:46
  9  13   8   4  $12    0.100     4.3441    383.84   0.0     -1.34  48.1  08.10.2025  23:14:48
  9  13   2  14  $12    0.100    14.9368   1101.60   0.0      3.45   1.6  08.10.2025  23:14:50
  9  13   3  15  $12    0.100     7.0820   1112.44   0.0      1.32  42.4  08.10.2025  23:14:52
  9  13   4  16  $12    0.100     2.1835    491.08   0.2     -6.60  35.9  08.10.2025  23:14:54
 10  14   9  13  $12    0.010     3.7353   1600.21   0.0     -4.87   2.2  08.10.2025  23:14:59
 10  14  11  15  $12    0.010     3.8862   1664.86   0.0     -4.88   9.1  08.10.2025  23:15:01
 10  14  12  16  $12    0.100    18.6836   3521.77   0.0     -0.78   9.1  08.10.2025  23:15:04
 10  14   5   9  $12    0.100   -16.2922   1439.53   0.0      6.27   5.5  08.10.2025  23:15:06
 10  14   7  11  $12    0.100   -16.5548   2184.36   0.0      1.12  10.7  08.10.2025  23:15:08
 10  14   8  12  $12    0.100    -9.4970   1790.14   0.0      1.63  11.9  08.10.2025  23:15:10
 10  14   5   1  $12    0.100     5.3670   6164.74   0.0     -2.59  31.0  08.10.2025  23:15:12
 10  14   6   2  $12    0.100     5.3952   4067.86   0.0     -0.73 162.7  08.10.2025  23:15:14
 10  14   7   3  $12    0.100     5.3381   2421.19   0.0     -1.58   5.4  08.10.2025  23:15:16
 10  14   8   4  $12    0.100     4.8287   1137.73   0.0     -4.11   6.6  08.10.2025  23:15:18
 10  14   1  13  $12    0.100    15.2230   1364.75   0.0     -0.94   6.2  08.10.2025  23:15:21
 10  14   3  15  $12    0.100    16.6552   1228.34   0.0     -2.26  12.5  08.10.2025  23:15:23
 10  14   4  16  $12    0.100     4.3662    685.83   0.1     -6.79  18.8  08.10.2025  23:15:24
 11  15   9  13  $12    0.100    19.1169   3603.46   0.0      2.24  12.8  08.10.2025  23:15:26
 11  15  10  14  $12    0.010     3.8822   1663.12   0.0     -3.69   2.5  08.10.2025  23:15:31
 11  15  12  16  $12    0.010     3.8553   1651.62   0.3     -0.93  82.7  08.10.2025  23:15:33
 11  15   5   9  $12    0.100    -6.2840   1480.63   0.0      7.19   1.0  08.10.2025  23:15:37
 11  15   6  10  $12    0.100   -16.0218   1415.65   0.0      2.66  13.8  08.10.2025  23:15:39
 11  15   8  12  $12    0.100   -22.5050   2969.47   0.0      3.44   0.4  08.10.2025  23:15:41
 11  15   5   1  $12    0.100     5.1334   8466.63   0.0      1.40   4.0  08.10.2025  23:15:43
 11  15   6   2  $12    0.100     5.4389   6247.33   0.1      3.43  24.2  08.10.2025  23:15:45
 11  15   7   3  $12    0.100     5.6948   4293.81   0.0      0.54   7.3  08.10.2025  23:15:47
 11  15   8   4  $12    0.100     5.4003   2449.42   0.0     -1.06  20.0  08.10.2025  23:15:49
 11  15   1  13  $12    0.100     7.6791  16887.24   0.0     -0.72  14.8  08.10.2025  23:15:51
 11  15   2  14  $12    0.100    17.1436   1536.92   0.0     -0.17 263.0  08.10.2025  23:15:53
 11  15   4  16  $12    0.100    10.2640    756.98   0.0     -5.27   1.3  08.10.2025  23:15:55
 12  16   9  13  $12    0.100    11.0445   1457.29   0.0      4.89  10.3  08.10.2025  23:15:57
 12  16  10  14  $12    0.100    18.6586   3517.06   0.1      3.21  24.1  08.10.2025  23:15:59
 12  16  11  15  $12    0.010     3.8356   1643.18   0.0     -2.01   2.7  08.10.2025  23:16:04
 12  16   5   9  $12    0.100    -3.8074   1726.90   0.0     11.02   4.1  08.10.2025  23:16:08
 12  16   6  10  $12    0.100    -8.7951   2072.29   0.0      4.31   0.9  08.10.2025  23:16:10
 12  16   7  11  $12    0.100   -22.1685   1958.75   0.0      3.62   9.3  08.10.2025  23:16:12
 12  16   5   1  $12    0.100     4.1425   9394.42   0.0     -0.09 2212.7  08.10.2025  23:16:14
 12  16   6   2  $12    0.100     4.6681   7699.29   0.1      3.22  24.1  08.10.2025  23:16:16
 12  16   7   3  $12    0.100     5.4014   6204.25   0.0      0.67   3.8  08.10.2025  23:16:18
 12  16   8   4  $12    0.100     5.5506   4185.06   0.0      0.11 197.3  08.10.2025  23:16:20
 12  16  13   1  $12    0.100    -3.0413    297.45   0.0     10.68   1.0  08.10.2025  23:16:22
 12  16  14   2  $12    0.100    -5.1104  11238.25   0.1      4.76  40.5  08.10.2025  23:16:24
 12  16  15   3  $12    0.100   -10.4732    938.93   0.0      7.52   6.6  08.10.2025  23:16:26
 13   1  14   2  $12    0.010     4.7803   1639.33   0.0      4.24  10.5  08.10.2025  23:16:31
 13   1  15   3  $12    0.100    14.9281   1132.02   0.0      2.65   3.3  08.10.2025  23:16:34
 13   1  16   4  $12    0.100     8.2273   1057.37   0.0      0.15 724.4  08.10.2025  23:16:36
 13   1  10  14  $12    0.100   -15.1026   1353.95   0.0      5.32  27.4  08.10.2025  23:16:38
 13   1  11  15  $12    0.100    -7.5844  16678.95   0.1      7.32  15.5  08.10.2025  23:16:40
 13   1  12  16  $12    0.100    -3.0838    301.61   0.1      2.84  18.6  08.10.2025  23:16:42
 13   1   9   5  $12    0.100     5.7634   1448.49   0.0     -1.05  59.9  08.10.2025  23:16:44
 13   1  10   6  $12    0.100     5.0157   1128.08   0.1     -1.77  46.6  08.10.2025  23:16:46
 13   1  11   7  $12    0.100     4.2355    665.31   0.1     -0.46 252.2  08.10.2025  23:16:48
 13   1  12   8  $12    0.100     3.7677    277.87   0.0     -2.44   7.5  08.10.2025  23:16:50
 13   1   6   2  $12    0.010     2.7529   2030.30   0.0      6.27   3.9  08.10.2025  23:16:55
 13   1   7   3  $12    0.100     3.1007    487.06   0.0      1.43   4.5  08.10.2025  23:16:59
 13   1   8   4  $12    1.000    13.3194    299.57   0.0     -2.20   0.3  08.10.2025  23:17:02
 14   2  13   1  $12    0.010     4.7562   1631.09   0.0      5.66   3.3  08.10.2025  23:17:10
 14   2  15   3  $12    0.010     3.5770   1226.69   0.0     -1.79  21.6  08.10.2025  23:17:12
 14   2  16   4  $12    0.100    14.7192   1116.18   0.0     -3.37   2.6  08.10.2025  23:17:16
 14   2   9  13  $12    0.100   -14.6871   1083.18   0.0      8.67   0.4  08.10.2025  23:17:18
 14   2  11  15  $12    0.100   -16.7847   1504.76   0.0      6.16   0.3  08.10.2025  23:17:20
 14   2  12  16  $12    0.100    -5.1557  11338.01   0.1      2.97  39.6  08.10.2025  23:17:22
 14   2   9   5  $12    0.100     5.2147   1172.83   0.0     -3.65  24.5  08.10.2025  23:17:24
 14   2  10   6  $12    0.100     4.7747   1200.02   0.1     -1.00 115.3  08.10.2025  23:17:26
 14   2  11   7  $12    0.100     4.2872    964.23   0.0     -1.02 128.7  08.10.2025  23:17:28
 14   2  12   8  $12    0.100     4.0939    643.07   0.0     -1.39  20.7  08.10.2025  23:17:30
 14   2   5   1  $12    0.010     2.7849   2496.69   0.0      5.34   3.6  08.10.2025  23:17:35
 14   2   7   3  $12    0.100    14.3378   1057.42   0.0      2.54   2.0  08.10.2025  23:17:39
 14   2   8   4  $12    0.100     5.4592    857.53   0.0    -12.94   0.4  08.10.2025  23:17:41
 15   3  13   1  $12    0.100    15.0305   1139.78   0.0      2.52   1.3  08.10.2025  23:17:42
 15   3  14   2  $12    0.010     3.5721   1225.00   0.0     -0.54  75.8  08.10.2025  23:17:47
 15   3  16   4  $12    0.010     3.1182   1069.36   0.0     -2.80   6.1  08.10.2025  23:17:49
 15   3   9  13  $12    0.100    -7.0509   1107.56   0.0      7.03   0.8  08.10.2025  23:17:53
 15   3  10  14  $12    0.100   -16.6696   1229.39   0.0      4.78  32.3  08.10.2025  23:17:55
 15   3  12  16  $12    0.100   -10.5607    946.77   0.0      2.87  27.8  08.10.2025  23:17:57
 15   3   9   5  $12    0.100     4.4026    691.56   0.0     -0.96 115.8  08.10.2025  23:17:59
 15   3  10   6  $12    0.100     4.4327    996.95   0.1     -0.26 343.0  08.10.2025  23:18:01
 15   3  11   7  $12    0.100     4.3668   1097.49   0.1     -3.20   2.6  08.10.2025  23:18:03
 15   3  12   8  $12    0.100     4.5486   1023.03   0.0     -1.14   5.2  08.10.2025  23:18:05
 15   3   5   1  $12    0.100     3.5929   7901.11   0.0     -3.29   4.9  08.10.2025  23:18:07
 15   3   6   2  $12    0.100    14.6021   1309.08   0.0     -0.93  60.2  08.10.2025  23:18:09
 15   3   8   4  $12    0.100    15.5904   1149.80   0.0      4.98   0.5  08.10.2025  23:18:11
 16   4  13   1  $12    0.100     8.2476   1059.98   0.0      1.99   3.1  08.10.2025  23:18:13
 16   4  14   2  $12    0.100    14.6273   1109.21   0.0      0.12 352.6  08.10.2025  23:18:15
 16   4  15   3  $12    0.010     3.1321   1074.10   0.0      0.60  20.6  08.10.2025  23:18:20
 16   4   9  13  $12    0.100    -2.0800    467.82   0.0     15.23   1.7  08.10.2025  23:18:24
 16   4  10  14  $12    0.100    -4.1908    658.28   0.4     18.36  13.3  08.10.2025  23:18:26
 16   4  11  15  $12    0.100    -9.9379    732.93   0.0      8.58   2.3  08.10.2025  23:18:28
 16   4   9   5  $12    0.100     4.3068    317.63   0.1      0.44 328.3  08.10.2025  23:18:30
 16   4  10   6  $12    0.100     4.6781    734.83   0.1     -1.49  30.7  08.10.2025  23:18:32
 16   4  11   7  $12    0.100     5.0225   1129.61   0.0     -0.76 125.0  08.10.2025  23:18:34
 16   4  12   8  $12    0.100     5.7373   1441.95   0.0      0.62  26.0  08.10.2025  23:18:36
 16   4   5   1  $12    1.000    18.9573    185.41   0.0      6.78   1.6  08.10.2025  23:18:40
 16   4   6   2  $12    0.100     5.8034  12762.27   0.0     -5.94   3.1  08.10.2025  23:18:44
 16   4   7   3  $12    0.100    16.2593   1457.65   0.0     -1.76   3.1  08.10.2025  23:18:46
  1   4   2   3  $12    0.010     3.6283   2279.76   0.0      6.24   1.4  08.10.2025  23:18:51
  2   3   1   4  $12    0.010     3.6013   2262.76   0.2      5.93  63.9  08.10.2025  23:18:53
  1   2   3   4  $12    0.100    -6.8675   1294.50   0.0      8.83   1.2  08.10.2025  23:18:57
  3   4   1   2  $12    0.100    -6.7977   1281.33   0.0      7.21  10.5  08.10.2025  23:18:59
  5   8   6   7  $12    0.100    14.6407    919.90   0.0      2.03   9.8  08.10.2025  23:19:01
  6   7   5   8  $12    0.100    14.7415    926.24   0.0     -0.73  17.1  08.10.2025  23:19:03
  5   6   7   8  $12    0.100    -4.5543    858.46   0.1      3.57  15.6  08.10.2025  23:19:05
  7   8   5   6  $12    0.100    -4.4961    847.49   0.2      7.67  23.9  08.10.2025  23:19:07
  9  12  10  11  $12    0.010     2.4152   1517.50   0.0     -1.40   8.1  08.10.2025  23:19:12
 10  11   9  12  $12    0.010     2.4396   1532.82   0.0    -10.62  22.8  08.10.2025  23:19:14
  9  10  11  12  $12    0.100    -4.4620    841.07   0.0      3.07  11.4  08.10.2025  23:19:18
 11  12   9  10  $12    0.100    -4.3482    819.62   0.1      5.42  45.1  08.10.2025  23:19:20
 13  16  14  15  $12    0.100    14.5328    913.12   0.0      5.84   7.5  08.10.2025  23:19:22
 14  15  13  16  $12    0.100    14.5592    914.78   0.0     -1.17  29.4  08.10.2025  23:19:24
 13  14  15  16  $12    0.100    -6.9301   1306.30   0.1      3.58  24.0  08.10.2025  23:19:26
  1   9  10   2  $12    0.010    -5.3764   1934.71   0.0     11.93   1.4  08.10.2025  23:19:31
  1   9  11   3  $12    0.100   -19.1261   1638.72   0.0      4.87   1.1  08.10.2025  23:19:35
  1   9  12   4  $12    0.100   -13.8928   2323.06   0.0      4.44   8.6  08.10.2025  23:19:37
  2  10   9   1  $12    0.010    -5.3591   1928.52   0.0     13.27   0.5  08.10.2025  23:19:41
  2  10  11   3  $12    0.010    -4.0297   1450.10   0.0      7.10  16.2  08.10.2025  23:19:43
  2  10  12   4  $12    0.010    -2.3523   2015.42   0.1      7.89  11.9  08.10.2025  23:19:45
  3  11   9   1  $12    0.100   -19.2575   1649.98   0.0      5.09   0.9  08.10.2025  23:19:49
  3  11  10   2  $12    0.010    -4.0280   1449.51   0.0      6.27   2.6  08.10.2025  23:19:54
  3  11  12   4  $12    0.010    -4.7834   1721.34   0.0      6.68   4.7  08.10.2025  23:19:56
 12   4   9   1  $12    0.100    14.0883   2355.76   0.0      2.84   3.2  08.10.2025  23:20:00
 12   4  10   2  $12    0.010     2.3976   2054.27   0.0     -1.39  86.7  08.10.2025  23:20:05
 12   4  11   3  $12    0.010     4.8455   1743.67   0.0      3.57  28.6  08.10.2025  23:20:07
 13   5  14   6  $12    0.010     3.7079   1334.32   0.0     -2.55   4.6  08.10.2025  23:20:09
 13   5  15   7  $12    0.010     2.2573   1934.09   0.2     -9.93  18.3  08.10.2025  23:20:11
 13   5  16   8  $12    0.100    13.8114   2309.46   0.0      0.21  33.5  08.10.2025  23:20:14
 14   6  13   5  $12    0.010     3.6974   1330.52   0.0     -3.03   3.6  08.10.2025  23:20:19
 14   6  15   7  $12    0.010     3.9857   1434.29   0.0     -1.82  18.3  08.10.2025  23:20:21
 14   6  16   8  $12    0.100    19.3905   1661.37   0.0      0.96   3.8  08.10.2025  23:20:25
 15   7  13   5  $12    0.100    22.3570   1915.55   0.0      1.35  31.3  08.10.2025  23:20:27
 15   7  14   6  $12    0.010     3.9809   1432.54   0.0     -2.28   1.9  08.10.2025  23:20:32
 15   7  16   8  $12    0.010     3.4365   1236.65   0.0     -7.85  12.9  08.10.2025  23:20:34
 16   8  13   5  $12    0.100    13.7362   2296.88   0.0      2.81   2.5  08.10.2025  23:20:37
 16   8  14   6  $12    0.100    19.2890   1652.68   0.0      2.43   9.0  08.10.2025  23:20:39
 16   8  15   7  $12    0.010     3.4056   1225.54   0.0     -1.81   8.4  08.10.2025  23:20:44
  1   2   5   6  $12    1.000     2.1874    412.31   0.0     12.95   2.6  08.10.2025  23:20:50
  2   3   6   7  $12    1.000     3.2168    606.35   0.0     -7.83   3.9  08.10.2025  23:20:52
  3   4   7   8  $12   10.000    19.1345    360.68   0.0      5.45   2.7  08.10.2025  23:20:55
  1   2   9  10  $12    1.000     0.8780   1390.20   0.2    122.39   1.4  08.10.2025  23:21:01
  2   3  10  11  $12    1.000     0.8321   1317.56   0.2    165.31   6.9  08.10.2025  23:21:06
  3   4  11  12  $12   10.000     4.2327    670.18   0.0      1.24  25.0  08.10.2025  23:21:10
  1   2  13  14  $12    1.000     3.2252  17386.96   0.0    -78.88   0.0  08.10.2025  23:21:15
  2   3  14  15  $12    1.000     3.5823  19311.89   0.2    -61.15   0.5  08.10.2025  23:21:17
  3   4  15  16  $12    1.000     3.9596  21346.12   0.2     -1.31 269.0  08.10.2025  23:21:19
  5   6   9  10  $12    1.000     2.0852    393.05   0.7    -18.21  20.5  08.10.2025  23:21:21
  6   7  10  11  $12   10.000    16.6161    313.21   0.0      4.74   0.7  08.10.2025  23:21:25
  7   8  11  12  $12   10.000    17.8216    335.93   0.0      8.88   3.5  08.10.2025  23:21:27
  5   6  13  14  $12   10.000     4.1751    661.07   0.0      2.59  27.2  08.10.2025  23:21:29
  6   7  14  15  $12   10.000     4.7990    759.86   0.2     -1.54  95.1  08.10.2025  23:21:31
  7   8  15  16  $12   10.000    10.5936   1677.34   0.0      2.49  46.0  08.10.2025  23:21:33
  9  10  13  14  $12   10.000    17.5188    330.22   0.0      6.39   1.5  08.10.2025  23:21:35
 10  11  14  15  $12   10.000    18.9708    357.59   0.0      4.80   8.9  08.10.2025  23:21:37
 11  12  15  16  $12    1.000     4.5858    864.41   0.0     -3.75   2.7  08.10.2025  23:21:42
  1   2   6   7  $12    1.000     2.4044    906.46   0.5     -9.06  31.5  08.10.2025  23:21:44
  2   3   7   8  $12    1.000     3.3849   1276.08   0.1     -3.01  53.2  08.10.2025  23:21:46
  1   2   7   8  $12    1.000     2.4888   1641.92   0.0    -25.76   0.8  08.10.2025  23:21:48
  2   3   7   8  $12    1.000     3.4037   1283.17   0.0     -1.84   4.8  08.10.2025  23:21:50
  1   2  10  11  $12    1.000     1.0601   2397.93   0.6   -144.50   5.6  08.10.2025  23:21:55
  2   3  11  12  $12    1.000     0.5366   1213.73   0.8    178.04   8.6  08.10.2025  23:22:00
  1   2  11  12  $12    1.000     0.6930   2155.40   0.2   -174.03   0.4  08.10.2025  23:22:06
  2   3  11  12  $12    1.000     0.5003   1131.70   0.1    242.28   0.0  08.10.2025  23:22:11
  1   2  14  15  $12    1.000     1.3621   9345.51   0.5    120.24   0.6  08.10.2025  23:22:16
  2   3  15  16  $12    1.000     4.0194  27578.40   0.2    103.68   2.2  08.10.2025  23:22:18
  1   2  15  16  $12    1.000     2.9526  25323.16   0.1   -135.37   0.4  08.10.2025  23:22:20
  2   3  15  16  $12    1.000     3.9518  27114.08   0.0    100.80   0.2  08.10.2025  23:22:22
  5   6  10  11  $12   10.000    15.3683    579.37   0.0      3.60   3.6  08.10.2025  23:22:26
  6   7  11  12  $12   10.000    14.9690    564.32   0.0      7.41   3.1  08.10.2025  23:22:28
  5   6  11  12  $12   10.000    12.1193    799.55   0.0      7.17   0.0  08.10.2025  23:22:30
  6   7  11  12  $12   10.000    14.9601    563.98   0.0      7.80   0.1  08.10.2025  23:22:32
  5   6  14  15  $12   10.000     4.6718   1056.75   0.0     -1.24  30.4  08.10.2025  23:22:34
  6   7  15  16  $12   10.000     9.7270   2200.20   0.1      0.58 233.1  08.10.2025  23:22:36
  5   6  15  16  $12   10.000     9.3401   2904.94   0.0      1.12  23.4  08.10.2025  23:22:38
  6   7  15  16  $12   10.000     9.7297   2200.81   0.0      1.88   8.7  08.10.2025  23:22:40
  9  10  14  15  $12   10.000    18.9751    715.34   0.0      3.68   5.3  08.10.2025  23:22:42
 10  11  15  16  $12    1.000     4.1339   1558.45   0.0     -5.73   3.7  08.10.2025  23:22:47
  9  10  15  16  $12    1.000     3.5800   2361.84   0.0     -0.88  32.1  08.10.2025  23:22:49
 10  11  15  16  $12    1.000     4.1288   1556.51   0.0     -3.39   9.9  08.10.2025  23:22:51
