//C:\Users\user\Desktop\GeoTom\GeoTomE724.ini
//- Cable direction:
//  cable I: normal
//  cable II: normal
//  cable III: normal
//  cable IV: normal
//- Cable arrangement: sequential
//- Optimization: Last measurement
//- Sorting: Multi-level
//- Current levels: 0.001 mA .. 50.0 mA
Type:         Flow
Name:         Hyprop
Comment:      Example of a measurements sequence
Comment:      
Comment:      
Spacing:      1.00000
First El:     0.00000
Nr of points: 289
IP present:   1

  1   5   2   6  $12    0.001    38.8073 166250.03   0.0   -883.12   0.1  15.10.2025  06:10:09
  1   5   3   7  $12    0.001   -12.0440 227023.88   0.8     50.92   4.6  15.10.2025  06:10:11
  1   5   4   8  $12    0.010     5.3561   7067.25   0.5  -1755.00   0.4  15.10.2025  06:10:15
  1   5  14   2  $12    0.001   -36.4601 326866.22   0.0   -972.48   0.1  15.10.2025  06:10:20
  1   5  15   3  $12    0.001    14.1942 3121468.54   0.3    -30.06   0.7  15.10.2025  06:10:22
  1   5  16   4  $12    0.001   -23.5431 230262.01   0.0    825.53   0.1  15.10.2025  06:10:25
  1   5  13   9  $12    0.001  -112.9966 8519744.72   0.0  -1528.00   0.0  15.10.2025  06:10:27
  1   5  14  10  $12    0.010    -6.8787  79012.05   0.6   -966.09   0.0  15.10.2025  06:10:31
  1   5  15  11  $12    0.010    21.4519 353813.75   0.0   -443.96   0.1  15.10.2025  06:10:33
  1   5  16  12  $12    0.001   -24.3846 5530033.65   0.3    706.20   0.8  15.10.2025  06:10:38
  1   5  10   6  $12    0.001     3.6293  32067.91   0.7    -95.49  16.0  15.10.2025  06:10:40
  1   5  11   7  $12    0.010    13.2496  31218.70   0.1   -805.16   0.0  15.10.2025  06:10:44
  1   5  12   8  $12    0.001     0.7178  32555.47   0.1  -1429.07   0.3  15.10.2025  06:10:49
  2   6   1   5  $12    0.001    90.0850 385923.10   0.3   -760.25   0.3  15.10.2025  06:10:52
  2   6   3   7  $12    0.001     3.5171  15067.12   0.8   -366.10   3.4  15.10.2025  06:10:54
  2   6   4   8  $12    0.010    18.4254  34731.08   0.2   -161.12   0.4  15.10.2025  06:10:58
  2   6  13   1  $12    0.001   -93.4976 689552.63   0.0   -685.32   0.2  15.10.2025  06:11:03
  2   6  15   3  $12    0.001    -3.7782  33871.56   0.5    -99.51   5.9  15.10.2025  06:11:05
  2   6  16   4  $12    0.001   -13.7942 3033495.64   0.5    805.70   0.2  15.10.2025  06:11:07
  2   6  13   9  $12    0.001   -76.5056 3470044.26   0.0  -1410.19   0.0  15.10.2025  06:11:10
  2   6  14  10  $12    0.010    -9.6724  72928.12   0.0  -1088.16   0.0  15.10.2025  06:11:13
  2   6  15  11  $12    0.010    20.5422 235956.49   0.1   -642.32   0.2  15.10.2025  06:11:15
  2   6  16  12  $12    0.001   -12.3235 2032554.49   0.0    769.60   0.0  15.10.2025  06:11:20
  2   6   9   5  $12    0.001    72.6031 957975.76   0.0  -1420.51   0.0  15.10.2025  06:11:23
  2   6  11   7  $12    0.001     0.4331   3826.37   0.1   -308.89   1.4  15.10.2025  06:11:27
  2   6  12   8  $12    0.010    21.9135  51632.54   0.2  -1221.81   0.0  15.10.2025  06:11:31
  3   7   1   5  $12    0.001    33.1650 625146.14   0.2   -968.94   0.3  15.10.2025  06:11:36
  3   7   2   6  $12    0.001     8.3838  35916.10   0.4   -362.42   0.9  15.10.2025  06:11:38
  3   7   4   8  $12    0.001     2.2931   9823.81   0.3    -22.92   9.8  15.10.2025  06:11:40
  3   7  13   1  $12    0.001   -34.6282 543939.07   0.0   -941.38   0.3  15.10.2025  06:11:43
  3   7  14   2  $12    0.001    -7.5450  55644.99   0.3   -448.27   0.6  15.10.2025  06:11:45
  3   7  16   4  $12    0.001    -9.8832  88603.16   0.3    481.38   1.1  15.10.2025  06:11:47
  3   7  13   9  $12    0.001   -46.5543 1096910.58   0.0  -1317.80   0.0  15.10.2025  06:11:49
  3   7  14  10  $12    0.010    -0.1180    535.41   0.2  -4831.44   0.3  15.10.2025  06:12:03
  3   7  15  11  $12    0.010     6.4229  48427.63   0.0   -458.76   0.1  15.10.2025  06:12:05
  3   7  16  12  $12    0.001    -9.2749 1065353.07   0.0    452.33   0.0  15.10.2025  06:12:09
  3   7   9   5  $12    0.001    40.7932 768933.99   0.2  -1477.54   0.4  15.10.2025  06:12:12
  3   7  10   6  $12    0.010    13.5980  17942.10   0.0   -143.74   0.3  15.10.2025  06:12:16
  3   7  12   8  $12    0.010     3.3676   2975.56   0.2   -763.72   1.5  15.10.2025  06:12:18
  4   8   1   5  $12    0.001     7.3140  96506.33   0.0   -644.29   0.2  15.10.2025  06:12:23
  4   8   2   6  $12    0.010    10.0402  18925.41   0.3    261.57   3.3  15.10.2025  06:12:27
  4   8   3   7  $12    0.010     8.7872   3764.44   0.3    779.66   1.4  15.10.2025  06:12:29
  4   8  13   1  $12    0.001    -7.1841 161577.03   0.5   -645.94   2.1  15.10.2025  06:12:34
  4   8  14   2  $12    0.010    -7.3118  11485.33   0.1    363.54   0.1  15.10.2025  06:12:38
  4   8  15   3  $12    0.010    -5.5101   4063.73   0.6   1341.73   1.0  15.10.2025  06:12:40
  4   8  13   9  $12    0.001    -7.6054  67199.27   0.2  -1235.24   0.4  15.10.2025  06:12:45
  4   8  14  10  $12    0.100     3.7965    894.53   0.2    428.48   0.7  15.10.2025  06:12:50
  4   8  15  11  $12    0.100    20.6684   9374.50   0.0   -255.41   0.1  15.10.2025  06:12:52
  4   8  16  12  $12    0.010   -16.5924 125103.73   0.1    272.30   1.7  15.10.2025  06:12:57
  4   8   9   5  $12    0.001     8.1143  34761.68   0.3  -1280.03   0.4  15.10.2025  06:13:02
  4   8  10   6  $12    0.010     2.7159   5119.41   0.2   -203.00   0.4  15.10.2025  06:13:06
  4   8  11   7  $12    0.100    17.8569   2356.17   0.0   -145.66   0.3  15.10.2025  06:13:10
  5   9   6  10  $12    0.001     9.0044  38574.81   0.2     15.89   6.6  15.10.2025  06:13:18
  5   9   7  11  $12    0.010    15.9542  30073.00   0.3   -429.56   0.2  15.10.2025  06:13:22
  5   9   8  12  $12    0.001     1.4620  19291.03   0.5   -931.32   0.2  15.10.2025  06:13:27
  5   9   2   6  $12    0.001    25.6970 339064.17   0.1    895.53   0.0  15.10.2025  06:13:30
  5   9   3   7  $12    0.001    27.7104 522329.33   0.1    -42.68   8.7  15.10.2025  06:13:32
  5   9   4   8  $12    0.001     4.5412  19454.31   0.3   -140.17   0.8  15.10.2025  06:13:34
  5   9   1  13  $12    0.001   -81.2303 2041541.12   0.2  -1352.13   0.0  15.10.2025  06:13:36
  5   9   2  14  $12    0.001    33.2270 747307.28   0.1    744.46   0.4  15.10.2025  06:13:39
  5   9   3  15  $12    0.001    32.9453 517503.28   0.1    -85.18   0.7  15.10.2025  06:13:41
  5   9   4  16  $12    0.001   -27.9184 205900.70   0.1   1076.45   0.0  15.10.2025  06:13:44
  5   9  14  10  $12    0.001     4.6044  40683.37   0.0     91.38   0.0  15.10.2025  06:13:46
  5   9  15  11  $12    0.001    -2.5152  59263.24   0.0   -624.24   0.0  15.10.2025  06:13:48
  5   9  16  12  $12    0.001    35.4902 1609719.90   0.0    796.24   0.0  15.10.2025  06:13:51
  6  10   5   9  $12    0.001     2.6274  11255.71   6.1   2141.82   8.2  15.10.2025  06:13:57
  6  10   7  11  $12    0.010     6.6987   2869.73   0.0    224.71   0.1  15.10.2025  06:14:01
  6  10   8  12  $12    0.010     3.3232   6264.04   0.0    272.81   0.7  15.10.2025  06:14:03
  6  10   1   5  $12    0.001     3.3273  29398.98   0.3  -1186.29   1.8  15.10.2025  06:14:08
  6  10   3   7  $12    0.010   -14.3864  18982.40   0.0   -287.92   0.0  15.10.2025  06:14:12
  6  10   4   8  $12    0.010    -2.0969   3952.56   0.2   -188.14   4.3  15.10.2025  06:14:14
  6  10   1  13  $12    0.001     3.7435  84194.64   0.5  -1098.41   0.3  15.10.2025  06:14:19
  6  10   2  14  $12    0.010   -14.8216  37250.66   0.2     17.75   8.3  15.10.2025  06:14:22
  6  10   3  15  $12    0.010   -12.8220  28837.89   0.1   -366.09   0.3  15.10.2025  06:14:24
  6  10   4  16  $12    0.010    17.4027  27336.15   0.1     54.57   3.0  15.10.2025  06:14:26
  6  10  13   9  $12    0.001    -1.6313  21524.08   2.9  -4844.72   2.8  15.10.2025  06:14:36
  6  10  15  11  $12    0.010     4.7150   4166.06   0.0    217.12   0.2  15.10.2025  06:14:39
  6  10  16  12  $12    0.010   -17.0672  40213.55   0.0    -45.14   7.9  15.10.2025  06:14:41
  7  11   5   9  $12    0.010     8.0223  15121.74   0.2    -59.33   5.6  15.10.2025  06:14:43
  7  11   6  10  $12    0.010     7.3673   3156.16   0.2    129.92   0.6  15.10.2025  06:14:45
  7  11   8  12  $12    0.010     8.5119   3646.50   0.0     82.16   0.3  15.10.2025  06:14:47
  7  11   1   5  $12    0.010    -4.8690  11472.30   0.0   -110.81   3.5  15.10.2025  06:14:49
  7  11   2   6  $12    0.100    -8.1769    722.49   0.3   -124.02   8.7  15.10.2025  06:14:54
  7  11   4   8  $12    0.100   -13.5946   1793.76   0.1    -29.48   2.9  15.10.2025  06:14:56
  7  11   1  13  $12    0.100     1.8094    284.22   0.8   6774.95   0.4  15.10.2025  06:14:58
  7  11   2  14  $12    0.100    15.6395   3517.47   0.1     86.93   3.2  15.10.2025  06:15:00
  7  11   3  15  $12    0.100    11.6515   2928.35   0.1     43.18   3.1  15.10.2025  06:15:02
  7  11   4  16  $12    0.100    -0.7961    179.05   1.7    856.69   3.8  15.10.2025  06:15:11
  7  11  13   9  $12    0.100    16.1703   3048.03   0.7    281.23   5.6  15.10.2025  06:15:13
  7  11  14  10  $12    0.010     3.5698   4710.18   0.1    187.87   0.1  15.10.2025  06:15:18
  7  11  16  12  $12    0.010     5.1512   4551.47   0.3    -57.38  10.5  15.10.2025  06:15:20
  8  12   5   9  $12    0.001     4.9850  65775.85   0.9   -773.08   2.1  15.10.2025  06:15:27
  8  12   6  10  $12    0.010     4.7842   9018.03   0.0     -3.24  24.7  15.10.2025  06:15:31
  8  12   7  11  $12    0.010     6.7743   2902.12   0.4     34.58   6.5  15.10.2025  06:15:33
  8  12   1   5  $12    0.001    -4.1108 186454.53   0.2   -499.83   0.6  15.10.2025  06:15:39
  8  12   2   6  $12    0.010     8.5709  20194.77   0.1   -322.34   1.0  15.10.2025  06:15:47
  8  12   3   7  $12    0.010     6.5545   5791.41   0.0   -735.40   0.9  15.10.2025  06:15:49
  8  12   1  13  $12    0.001    -3.8934  28713.98   0.0   -505.31   3.1  15.10.2025  06:15:54
  8  12   2  14  $12    0.010    10.8483  17040.52   0.6   -306.85   1.1  15.10.2025  06:15:59
  8  12   3  15  $12    0.010     9.6342  21668.15   0.1   -532.71   0.3  15.10.2025  06:16:01
  8  12  16   4  $12    0.010     9.3128  23405.73   0.0   -408.70   0.6  15.10.2025  06:16:03
  8  12   9  13  $12    0.001    -4.6640  19980.34   0.1   -847.24   0.5  15.10.2025  06:16:07
  8  12  10  14  $12    0.010    -2.4280   4576.76   0.0    165.76   0.0  15.10.2025  06:16:11
  8  12  11  15  $12    0.010    -3.8028   5017.62   0.1    149.77   0.3  15.10.2025  06:16:13
  9  13  10  14  $12    0.001     4.5675  19567.08   0.1     94.04   0.0  15.10.2025  06:16:18
  9  13  11  15  $12    0.001    -2.9333  55292.25   0.1   -578.99   0.1  15.10.2025  06:16:20
  9  13  12  16  $12    0.001    32.2490 425515.66   0.0    843.99   0.2  15.10.2025  06:16:23
  9  13   6  10  $12    0.001    -9.3084 122821.74   0.1      8.64  14.6  15.10.2025  06:16:25
  9  13   7  11  $12    0.010    -5.4491  10271.25   0.1   -520.08   0.5  15.10.2025  06:16:29
  9  13   8  12  $12    0.001    -0.2779   1190.55   0.9  -2607.39   1.8  15.10.2025  06:16:34
  9  13   5   1  $12    0.001   -69.6895 5254465.16   0.1  -1299.60   0.1  15.10.2025  06:16:36
  9  13   6   2  $12    0.001    23.7610 1077723.10   0.0   1170.18   0.1  15.10.2025  06:16:39
  9  13   7   3  $12    0.001    27.7697 654309.12   0.1    -15.06   5.2  15.10.2025  06:16:41
  9  13   8   4  $12    0.001     3.2304  28542.73   0.5    -45.90  17.7  15.10.2025  06:16:43
  9  13   2  14  $12    0.001   -29.3173 216217.44   0.3    952.44   0.6  15.10.2025  06:16:46
  9  13   3  15  $12    0.001   -31.8309 499998.05   0.0    -73.12   0.9  15.10.2025  06:16:48
  9  13   4  16  $12    0.001    28.2808 636062.73   0.0   1014.08   0.1  15.10.2025  06:16:51
 10  14   9  13  $12    0.001     4.4543  19082.07   0.3     68.26   2.1  15.10.2025  06:16:53
 10  14  11  15  $12    0.010     6.9991   2998.41   0.0     84.16   0.0  15.10.2025  06:16:57
 10  14  12  16  $12    0.010     6.2171  11718.96   0.0   -312.15   0.6  15.10.2025  06:16:59
 10  14   5   9  $12    0.001    -3.9538  34934.98   0.2     82.14   3.3  15.10.2025  06:17:04
 10  14   7  11  $12    0.010    -4.0908   5397.70   0.0    142.86   0.3  15.10.2025  06:17:08
 10  14   8  12  $12    0.010    -2.9403   5542.36   0.0    153.00   0.1  15.10.2025  06:17:10
 10  14   5   1  $12    0.100     1.8559   2131.74   1.5   -102.62  96.9  15.10.2025  06:17:21
 10  14   6   2  $12    0.100    13.9169  10493.06   0.3   -957.51   2.0  15.10.2025  06:17:23
 10  14   7   3  $12    0.100     9.5549   4333.78   0.0   -815.74   0.5  15.10.2025  06:17:25
 10  14   8   4  $12    0.100     5.9495   1401.83   0.2   -109.90   3.2  15.10.2025  06:17:27
 10  14   1  13  $12    0.010     2.9889   2679.58   0.9     14.91  53.9  15.10.2025  06:17:32
 10  14   3  15  $12    0.100    18.1849   1341.15   0.1    337.40   0.8  15.10.2025  06:17:36
 10  14   4  16  $12    0.100    13.4031   2105.35   0.1  -1238.36   0.5  15.10.2025  06:17:38
 11  15   9  13  $12    0.010    -6.7810  12781.83   0.1   -570.44   2.3  15.10.2025  06:17:43
 11  15  10  14  $12    0.010     6.1714   2643.84   0.1     82.26   0.4  15.10.2025  06:17:45
 11  15  12  16  $12    0.010    17.2183   7376.31   0.0    -25.39   6.0  15.10.2025  06:17:47
 11  15   5   9  $12    0.010     9.7487  22969.93   0.2   -503.11   0.5  15.10.2025  06:17:49
 11  15   6  10  $12    0.010    -3.2173   2842.76   0.6    143.73   5.4  15.10.2025  06:17:51
 11  15   8  12  $12    0.010    -5.0945   6722.06   0.4    116.95   2.9  15.10.2025  06:17:53
 11  15   5   1  $12    0.010    10.7435 177195.76   0.5   -242.14   4.5  15.10.2025  06:17:55
 11  15   6   2  $12    0.010     5.1402  59042.95   0.9    -97.22  19.8  15.10.2025  06:17:57
 11  15   7   3  $12    0.010     2.9314  22102.44   0.4    -86.97  14.1  15.10.2025  06:17:59
 11  15   8   4  $12    0.100     7.9076   3586.63   0.0    -34.55   1.5  15.10.2025  06:18:03
 11  15   1  13  $12    0.100    10.0290  22054.84   0.8   1490.65   1.6  15.10.2025  06:18:05
 11  15   2  14  $12    0.010    -0.9312    834.82   0.8     67.51  43.8  15.10.2025  06:18:11
 11  15   4  16  $12    0.010    10.4649   7717.97   0.2     42.45   3.6  15.10.2025  06:18:13
 12  16   9  13  $12    0.001   -50.5458 666935.58   0.0  -1667.95   0.1  15.10.2025  06:18:18
 12  16  10  14  $12    0.010    -9.0087  16980.98   0.2  -1496.23   0.0  15.10.2025  06:18:22
 12  16  11  15  $12    0.001     2.4683  10574.25   0.1   -182.53   0.4  15.10.2025  06:18:27
 12  16   5   9  $12    0.001    51.7478 2347113.17   0.1  -1661.97   0.0  15.10.2025  06:18:30
 12  16   6  10  $12    0.001     2.1940  51693.77   0.9   -225.66   5.5  15.10.2025  06:18:32
 12  16   7  11  $12    0.010     6.6546   5879.82   0.0  -1920.73   0.0  15.10.2025  06:18:36
 12  16   5   1  $12    0.001    40.4220 9167059.62   0.0  -1139.98   0.1  15.10.2025  06:18:42
 12  16   6   2  $12    0.001   -11.5660 1907624.15   0.5    993.20   0.0  15.10.2025  06:18:44
 12  16   7   3  $12    0.001   -13.5914 1561168.15   0.2   -107.32   1.3  15.10.2025  06:18:46
 12  16   8   4  $12    0.010    -2.9232  22040.56   2.6   3061.13   3.7  15.10.2025  06:18:54
 12  16  13   1  $12    0.001    41.2410 403355.06   0.1  -1140.51   0.0  15.10.2025  06:18:59
 12  16  14   2  $12    0.001   -13.9809 3074567.02   0.0    806.47   0.1  15.10.2025  06:19:01
 12  16  15   3  $12    0.001   -15.9883 143335.88   0.2   -129.73   1.1  15.10.2025  06:19:03
 13   1  14   2  $12    0.001    34.6234 118736.44   0.0   -895.56   0.1  15.10.2025  06:19:06
 13   1  15   3  $12    0.001   -14.0644 106652.79   0.3    -29.11  17.6  15.10.2025  06:19:08
 13   1  16   4  $12    0.001    27.8580 358030.50   0.0    399.80   0.1  15.10.2025  06:19:10
 13   1  10  14  $12    0.010    -9.6738   8672.56   0.1   -613.66   0.1  15.10.2025  06:19:14
 13   1  11  15  $12    0.010    11.1323 244811.27   0.1   -114.08   0.9  15.10.2025  06:19:17
 13   1  12  16  $12    0.001   -27.6108 270045.39   0.0    413.90   0.2  15.10.2025  06:19:22
 13   1   9   5  $12    0.001   -89.4132 2247198.96   0.0  -1689.83   0.0  15.10.2025  06:19:24
 13   1  10   6  $12    0.001    -3.2970  74151.71   0.2    -62.01  16.3  15.10.2025  06:19:26
 13   1  11   7  $12    0.010    -8.4904  13336.77   0.0  -1023.88   0.0  15.10.2025  06:19:30
 13   1  12   8  $12    0.001    -0.1253    924.06   2.8  -5293.49   3.7  15.10.2025  06:19:35
 13   1   6   2  $12    0.001    36.0903 266168.62   0.0   -854.01   0.0  15.10.2025  06:19:37
 13   1   7   3  $12    0.001   -13.0509 205003.33   0.0     37.34  17.0  15.10.2025  06:19:39
 13   1   8   4  $12    0.010    13.8411  31129.99   0.2  -1296.30   0.2  15.10.2025  06:19:43
 14   2  13   1  $12    0.001    87.0356 298477.29   0.2   -700.09   0.1  15.10.2025  06:19:49
 14   2  15   3  $12    0.001     1.9032   6526.84   0.3     39.27  15.3  15.10.2025  06:19:53
 14   2  16   4  $12    0.001    16.7233 126815.20   0.2    441.04   0.8  15.10.2025  06:19:55
 14   2   9  13  $12    0.001   -57.4537 423725.29   0.2  -1547.65   0.1  15.10.2025  06:19:57
 14   2  11  15  $12    0.010    10.8053   9686.94   0.0   -383.92   0.0  15.10.2025  06:20:01
 14   2  12  16  $12    0.001   -16.2218 3567365.95   0.0    438.09   0.1  15.10.2025  06:20:06
 14   2   9   5  $12    0.001   -56.1192 1262174.93   0.0  -1617.60   0.0  15.10.2025  06:20:08
 14   2  10   6  $12    0.010    -4.5872  11528.97   2.3   2423.48   3.6  15.10.2025  06:20:17
 14   2  11   7  $12    0.010    -3.4377   7731.69   0.3  -1018.36   0.7  15.10.2025  06:20:19
 14   2  12   8  $12    0.010    -5.4313   8531.53   0.2  -2511.97   0.1  15.10.2025  06:20:21
 14   2   5   1  $12    0.001   107.9908 968140.75   0.2   -686.86   0.2  15.10.2025  06:20:26
 14   2   7   3  $12    0.001     3.5353  26073.42   0.8   -231.28   4.8  15.10.2025  06:20:29
 14   2   8   4  $12    0.010    17.3711  27286.47   0.0   -295.19   0.1  15.10.2025  06:20:33
 15   3  13   1  $12    0.001    31.0690 235600.83   0.7  -1029.90   0.5  15.10.2025  06:20:38
 15   3  14   2  $12    0.001     4.2702  14644.23   0.3   -243.73   1.1  15.10.2025  06:20:41
 15   3  16   4  $12    0.001    14.0190  48076.29   0.2    135.64   1.5  15.10.2025  06:20:43
 15   3   9  13  $12    0.001   -28.4369 446685.85   0.3  -1686.49   0.2  15.10.2025  06:20:45
 15   3  10  14  $12    0.010    -2.7215   2007.13   0.0   -138.14   0.8  15.10.2025  06:20:49
 15   3  12  16  $12    0.001   -11.7799 105607.61   0.1    140.77   0.6  15.10.2025  06:20:54
 15   3   9   5  $12    0.001   -27.5383 432570.88   0.0  -1691.13   0.0  15.10.2025  06:20:56
 15   3  10   6  $12    0.010   -11.3614  25552.97   0.1   -223.78   0.6  15.10.2025  06:21:00
 15   3  11   7  $12    0.010     0.1124    282.53   1.1   2975.11   1.5  15.10.2025  06:21:13
 15   3  12   8  $12    0.010     0.2424    545.10   1.9   7005.08   1.5  15.10.2025  06:21:18
 15   3   5   1  $12    0.001    29.5954 6508378.98   0.1  -1084.69   0.1  15.10.2025  06:21:23
 15   3   6   2  $12    0.001     4.1399  37114.08   0.9   -769.64   0.8  15.10.2025  06:21:25
 15   3   8   4  $12    0.010    13.7515  10141.85   0.1     49.53   4.5  15.10.2025  06:21:29
 16   4  13   1  $12    0.001   -46.1176 592701.83   0.1  -1283.23   0.3  15.10.2025  06:21:34
 16   4  14   2  $12    0.001    17.5616 133172.10   0.0    409.11   0.3  15.10.2025  06:21:36
 16   4  15   3  $12    0.001    16.9635  58174.24   0.1   -142.01   1.2  15.10.2025  06:21:38
 16   4   9  13  $12    0.001    62.4824 1405288.26   0.0  -1533.13   0.0  15.10.2025  06:21:41
 16   4  10  14  $12    0.010    12.7754  20067.58   0.4  -1118.49   0.0  15.10.2025  06:21:44
 16   4  11  15  $12    0.001    -1.8087  13339.07   0.0   -251.41   0.4  15.10.2025  06:21:49
 16   4   9   5  $12    0.001    63.0384 464913.18   0.0  -1551.80   0.0  15.10.2025  06:21:52
 16   4  10   6  $12    0.001     2.3068  36234.44   0.1   -145.86   2.3  15.10.2025  06:21:54
 16   4  11   7  $12    0.010    21.5594  48489.21   0.0  -1049.13   0.0  15.10.2025  06:21:58
 16   4  12   8  $12    0.001     0.4712  11843.58   0.4   -954.90   0.6  15.10.2025  06:22:03
 16   4   5   1  $12    0.001   -47.4423 464006.32   0.2  -1240.99   0.2  15.10.2025  06:22:05
 16   4   6   2  $12    0.001    14.2323 3129842.74   0.5    640.74   1.0  15.10.2025  06:22:07
 16   4   7   3  $12    0.001    15.1076 135440.48   0.4    -88.41   5.4  15.10.2025  06:22:09
  1   4   2   3  $12    0.001    45.3254 284788.16   0.0   -643.68   0.0  15.10.2025  06:22:12
  2   3   1   4  $12    0.001    96.4054 605732.99   0.0   -568.27   0.0  15.10.2025  06:22:14
  1   2   3   4  $12    0.001    -9.7938 184608.57   0.2    491.27   0.2  15.10.2025  06:22:16
  3   4   1   2  $12    0.001    19.4661 366926.90   0.6  -1184.91   0.4  15.10.2025  06:22:18
  5   8   6   7  $12    0.010     2.2518   1414.87   0.3    -37.87   6.0  15.10.2025  06:22:23
  6   7   5   8  $12    0.010     2.2861   1436.41   0.6    -18.25  68.3  15.10.2025  06:22:25
  5   6   7   8  $12    0.100    -5.7045   1075.28   0.3     94.11   5.4  15.10.2025  06:22:29
  7   8   5   6  $12    0.100    -6.3936   1205.16   0.2     37.62   4.5  15.10.2025  06:22:31
  9  12  10  11  $12    0.001     3.4355  21586.00   0.0    182.16   0.1  15.10.2025  06:22:39
 10  11   9  12  $12    0.001     3.4761  21841.27   0.5    139.66   2.5  15.10.2025  06:22:41
  9  10  11  12  $12    0.001     0.2625   4947.31   2.2   2027.60   3.3  15.10.2025  06:22:50
 11  12   9  10  $12    0.010    -5.8623  11050.14   2.7  -2696.01   2.0  15.10.2025  06:22:58
 13  16  14  15  $12    0.001     2.4106  15146.18   0.0   -289.01   0.0  15.10.2025  06:23:03
 14  15  13  16  $12    0.010     6.3549   3992.91   0.0    823.07   0.4  15.10.2025  06:23:11
 13  14  15  16  $12    0.100    -7.8786   1485.08   0.1    201.20   5.2  15.10.2025  06:23:16
  1   9  10   2  $12    0.001   -45.3024 163023.17   0.1    110.67   2.0  15.10.2025  06:23:24
  1   9  11   3  $12    0.001    -5.5040  47157.88   0.8    651.67   1.1  15.10.2025  06:23:27
  1   9  12   4  $12    0.001    -2.3724  39670.42   0.6    -40.69  36.7  15.10.2025  06:23:29
  2  10   9   1  $12    0.001   -81.6397 293784.57   0.1   -148.22   0.2  15.10.2025  06:23:31
  2  10  11   3  $12    0.001    -0.3897   1402.49   0.8    719.99   3.1  15.10.2025  06:23:36
  2  10  12   4  $12    0.010   -12.6973  10879.01   0.6   -302.32   0.6  15.10.2025  06:23:40
  3  11   9   1  $12    0.001   -11.7334 100531.36   0.1    292.03   0.4  15.10.2025  06:23:45
  3  11  10   2  $12    0.001    -5.3015  19077.78   0.6   -495.60   0.6  15.10.2025  06:23:47
  3  11  12   4  $12    0.001    -2.1307   7667.29   0.9    161.06   6.0  15.10.2025  06:23:49
 12   4   9   1  $12    0.001     2.7196  45475.27   0.1     12.33  40.0  15.10.2025  06:23:51
 12   4  10   2  $12    0.010    18.8926  16187.17   0.0    133.46   1.0  15.10.2025  06:23:55
 12   4  11   3  $12    0.010    21.2394   7643.10   0.0    175.90   0.6  15.10.2025  06:23:57
 13   5  14   6  $12    0.010     6.6952   2409.31   0.1     11.78  12.7  15.10.2025  06:23:59
 13   5  15   7  $12    0.010     3.6647   3139.92   0.1      0.65 627.2  15.10.2025  06:24:01
 13   5  16   8  $12    0.010     3.6409   6088.08   0.4   -825.82   1.0  15.10.2025  06:24:03
 14   6  13   5  $12    0.010     6.7037   2412.37   0.0     -4.92  11.8  15.10.2025  06:24:05
 14   6  15   7  $12    0.010     5.0356   1812.07   0.0     68.19   0.4  15.10.2025  06:24:07
 14   6  16   8  $12    0.010    17.3749  14886.79   0.4     34.14   4.7  15.10.2025  06:24:09
 15   7  13   5  $12    0.010     3.6761   3149.65   0.0      6.09   2.0  15.10.2025  06:24:11
 15   7  14   6  $12    0.010     5.5734   2005.61   0.2     17.77  11.7  15.10.2025  06:24:13
 15   7  16   8  $12    0.010    11.0351   3971.05   0.4    256.70   2.7  15.10.2025  06:24:15
 16   8  13   5  $12    0.010   -10.4659  17500.37   0.6  -1275.40   0.0  15.10.2025  06:24:17
 16   8  14   6  $12    0.001     2.2561  19330.23   0.1   -113.90   0.3  15.10.2025  06:24:22
 16   8  15   7  $12    0.001     2.4106   8674.67   0.5   -233.41   3.1  15.10.2025  06:24:24
  1   2   5   6  $12    0.010    13.3203 251082.64   0.3   -107.15   0.8  15.10.2025  06:24:27
  2   3   6   7  $12    0.010    -5.7572 108521.19   0.4   -137.03   6.6  15.10.2025  06:24:29
  3   4   7   8  $12    0.010    -0.2187   4121.85   1.6   -595.64  15.8  15.10.2025  06:24:35
  1   2   9  10  $12    0.001    55.1882 87382908.73   0.0  -1412.71   0.0  15.10.2025  06:24:40
  2   3  10  11  $12    0.010    -0.4790  75835.70   0.3   -450.58   1.1  15.10.2025  06:24:47
  3   4  11  12  $12    0.010    -0.0651  10311.74   5.5 -18715.92   5.3  15.10.2025  06:24:59
  1   2  13  14  $12    0.010     0.0487  26234.33   0.6   -428.61   3.4  15.10.2025  06:25:11
  2   3  14  15  $12    0.010    -5.9357 3199915.64   0.0   -436.70   0.3  15.10.2025  06:25:13
  3   4  15  16  $12    0.001     8.1382 43872844.35   0.1    332.20   0.2  15.10.2025  06:25:18
  5   6   9  10  $12    0.001    -2.2350 421283.53   2.3  -2269.91   1.8  15.10.2025  06:25:25
  6   7  10  11  $12    1.000   -19.4091   3658.52   2.5    108.97   4.9  15.10.2025  06:25:36
  7   8  11  12  $12    1.000     4.6773    881.64   0.5     -7.78  73.3  15.10.2025  06:25:38
  5   6  13  14  $12    1.000     0.3792    600.48  40.9 -22917.93 112.2  15.10.2025  06:25:45
  6   7  14  15  $12    0.100    -5.8850  93180.66   0.1   -480.08   0.4  15.10.2025  06:25:50
  7   8  15  16  $12    0.100     1.1281  17862.63   0.7   3850.88   1.0  15.10.2025  06:25:52
  9  10  13  14  $12    0.010     3.0029  56603.39   0.3   -961.83   0.0  15.10.2025  06:25:57
 10  11  14  15  $12    1.000     4.3504    820.04   0.0     35.02   2.0  15.10.2025  06:26:03
 11  12  15  16  $12    0.010    -8.9225 168185.16   0.1   -235.17   2.2  15.10.2025  06:26:10
  1   2   6   7  $12    0.010   -12.0149 452952.31   0.1   -101.63   0.4  15.10.2025  06:26:12
  2   3   7   8  $12    0.010    -0.4830  18210.51   0.9   -248.80   6.5  15.10.2025  06:26:21
  1   2   7   8  $12    0.010    -0.0967   6379.51   2.0  -1983.69   3.0  15.10.2025  06:26:32
  2   3   7   8  $12    0.010    -0.5404  20373.82   0.2   -260.38   3.5  15.10.2025  06:26:38
  1   2  10  11  $12    0.010     0.4194  94873.73   0.3   -262.05  14.2  15.10.2025  06:26:43
  2   3  11  12  $12    0.010    -0.4885 110503.11   0.6  -2222.23   1.4  15.10.2025  06:26:48
  1   2  11  12  $12    0.010     4.8982 1523432.99   0.1    300.88   0.1  15.10.2025  06:26:50
  2   3  11  12  $12    0.010    -0.6898 156028.38   0.3  -1593.34   0.9  15.10.2025  06:26:56
  1   2  14  15  $12    0.010    -2.5164 1726543.68   0.4  -1095.91   0.2  15.10.2025  06:26:57
  2   3  15  16  $12    0.001     4.4961 30848793.15   0.2   1249.58   0.8  15.10.2025  06:27:02
  1   2  15  16  $12    0.001     0.5874 5037714.61   0.9  34376.78   0.9  15.10.2025  06:27:06
  2   3  15  16  $12    0.001     4.7872 32846246.17   0.7   1266.82   0.8  15.10.2025  06:27:08
  5   6  10  11  $12    1.000     9.3268   3516.14   0.9    553.18   1.0  15.10.2025  06:27:15
  6   7  11  12  $12    0.100     0.9938   3746.53   0.3    744.40   5.0  15.10.2025  06:27:20
  5   6  11  12  $12    0.100    -0.3107   2049.56   1.2    498.81   3.0  15.10.2025  06:27:24
  6   7  11  12  $12    0.100     1.5085   5686.85   0.6    387.15  13.3  15.10.2025  06:27:29
  5   6  14  15  $12    0.100     5.3682 121425.43   0.5   -466.83   0.5  15.10.2025  06:27:31
  6   7  15  16  $12    0.010    12.1485 2747924.98   0.4    144.13   0.8  15.10.2025  06:27:36
  5   6  15  16  $12    0.010   -14.9280 4642865.75   0.2    -80.93   2.5  15.10.2025  06:27:38
  6   7  15  16  $12    0.010    11.8943 2690437.09   0.2    168.40   0.3  15.10.2025  06:27:40
  9  10  14  15  $12    0.001    -2.4108 908834.24   0.3   -512.78   0.2  15.10.2025  06:27:45
 10  11  15  16  $12    0.100    -5.0700  19113.29   0.2    698.26   1.0  15.10.2025  06:27:51
  9  10  15  16  $12    0.001    30.7384 20279202.18   0.1    546.49   0.2  15.10.2025  06:27:59
 10  11  15  16  $12    0.100    -5.8097  21902.23   0.7    424.84   1.9  15.10.2025  06:28:05
