//C:\Users\user\Desktop\GeoTom\GeoTomE724.ini
//- Cable direction:
//  cable I: normal
//  cable II: normal
//  cable III: normal
//  cable IV: normal
//- Cable arrangement: sequential
//- Optimization: Last measurement
//- Sorting: Multi-level
//- Current levels: 0.001 mA .. 50.0 mA
Type:         Flow
Name:         Hyprop
Comment:      Example of a measurements sequence
Comment:      
Comment:      
Spacing:      1.00000
First El:     0.00000
Nr of points: 289
IP present:   1

  1   5   2   6  $12    0.001    -9.4527  40495.38   0.4  -1061.72   0.7  13.10.2025  15:10:09
  1   5   3   7  $12    0.001    -3.4772  65543.55   0.3   -575.40   0.8  13.10.2025  15:10:11
  1   5   4   8  $12    0.001    -2.4947  32917.25   0.2   -405.05   1.5  13.10.2025  15:10:13
  1   5  14   2  $12    0.001    12.4411 111535.10   0.1   -922.91   0.2  13.10.2025  15:10:15
  1   5  15   3  $12    0.001     3.5760 786402.94   0.3   -625.55   0.4  13.10.2025  15:10:17
  1   5  16   4  $12    0.001   -34.3580 336036.42   0.0   -378.03   0.0  13.10.2025  15:10:20
  1   5  13   9  $12    0.001    16.8965 1273967.85   0.2    -34.83   0.8  13.10.2025  15:10:22
  1   5  14  10  $12    0.010    -0.2836   3258.13   1.5  -2127.39   1.2  13.10.2025  15:10:29
  1   5  15  11  $12    0.010     0.6720  11083.26   0.6  -2198.72   0.8  13.10.2025  15:10:34
  1   5  16  12  $12    0.001   -36.2766 8226944.77   0.0   -373.66   0.1  13.10.2025  15:10:39
  1   5  10   6  $12    0.001     2.5381  22426.30   0.1   -422.68   0.2  13.10.2025  15:10:41
  1   5  11   7  $12    0.010     2.2971   5412.50   0.0   -235.10   0.3  13.10.2025  15:10:45
  1   5  12   8  $12    0.010    -0.6909   3133.92   0.6    732.75   0.8  13.10.2025  15:10:50
  2   6   1   5  $12    0.001    -1.9511   8358.65   0.9  -3137.37   0.9  13.10.2025  15:10:55
  2   6   3   7  $12    0.010    15.5251   6650.95   0.8    595.85   1.5  13.10.2025  15:11:00
  2   6   4   8  $12    0.010    -9.5818  18061.23   0.3   -375.59   0.9  13.10.2025  15:11:02
  2   6  13   1  $12    0.001     0.1983   1462.77  15.6 -15342.18  29.5  13.10.2025  15:11:11
  2   6  15   3  $12    0.010     1.3935   1249.29   0.5 -12615.18   0.5  13.10.2025  15:11:16
  2   6  16   4  $12    0.001   -25.8118 5676321.20   0.0   -339.49   0.8  13.10.2025  15:11:21
  2   6  13   9  $12    0.001    12.5836 570749.01   0.1     18.02   3.9  13.10.2025  15:11:23
  2   6  14  10  $12    0.010    -0.4080   3076.10   0.5  -1273.94   0.7  13.10.2025  15:11:30
  2   6  15  11  $12    0.010     0.8835  10148.24   0.2  -1307.67   0.2  13.10.2025  15:11:35
  2   6  16  12  $12    0.001   -26.9930 4452046.50   0.1   -362.47   0.5  13.10.2025  15:11:41
  2   6   9   5  $12    0.001   -12.5704 165862.97   0.1     31.42   4.3  13.10.2025  15:11:43
  2   6  11   7  $12    0.010     2.7345   2416.12   0.0   -169.94   0.1  13.10.2025  15:11:46
  2   6  12   8  $12    0.010    -0.0370     87.23  11.5   7980.78  10.9  13.10.2025  15:11:58
  3   7   1   5  $12    0.001    -2.4446  46079.31   0.2   -574.71   0.5  13.10.2025  15:12:04
  3   7   2   6  $12    0.010    -0.6383    273.45   3.4 -32793.43   3.7  13.10.2025  15:12:12
  3   7   4   8  $12    0.010     7.0727   3029.94   0.6    226.92   3.6  13.10.2025  15:12:14
  3   7  13   1  $12    0.001     2.4340  38232.85   0.7   -608.36   3.5  13.10.2025  15:12:19
  3   7  14   2  $12    0.010     6.1778   4556.18   0.1  -3496.42   0.2  13.10.2025  15:12:23
  3   7  16   4  $12    0.001    -5.2434  47007.64   0.8   -366.36   1.1  13.10.2025  15:12:28
  3   7  13   9  $12    0.001     2.0215  47629.30   0.6   -106.36   1.7  13.10.2025  15:12:30
  3   7  14  10  $12    0.100     5.1082   2316.91   0.0    164.93   0.1  13.10.2025  15:12:36
  3   7  15  11  $12    0.100    10.3811   7827.15   0.1   -176.89   0.1  13.10.2025  15:12:38
  3   7  16  12  $12    0.001    -4.8652 558838.84   0.7   -548.16   0.6  13.10.2025  15:12:45
  3   7   9   5  $12    0.001    -2.0077  37843.70   0.7   -216.51   2.4  13.10.2025  15:12:47
  3   7  10   6  $12    0.010     4.0500   5343.88   0.0   -289.19   0.2  13.10.2025  15:12:51
  3   7  12   8  $12    0.100    14.0886   1244.83   0.0    -35.22   0.3  13.10.2025  15:12:55
  4   8   1   5  $12    0.001    -2.2567  29776.87   0.9   -378.42   4.2  13.10.2025  15:13:04
  4   8   2   6  $12    0.001    -2.1398  40333.64   0.8   -560.30  12.6  13.10.2025  15:13:06
  4   8   3   7  $12    0.010     5.4009   2313.74   0.3    379.81   0.4  13.10.2025  15:13:10
  4   8  13   1  $12    0.001     2.3271  52338.10   0.7   -483.20   2.8  13.10.2025  15:13:15
  4   8  14   2  $12    0.001     2.5429  39944.20   0.8   -608.09   3.6  13.10.2025  15:13:18
  4   8  15   3  $12    0.010    -3.5321   2604.95   0.0    616.35   0.2  13.10.2025  15:13:21
  4   8  13   9  $12    0.010    16.6935  14749.91   0.0   -225.96   0.2  13.10.2025  15:13:23
  4   8  14  10  $12    0.100     4.7289   1114.22   0.0    133.30   0.0  13.10.2025  15:13:27
  4   8  15  11  $12    0.100     7.2748   3299.59   0.0   -180.01   0.1  13.10.2025  15:13:29
  4   8  16  12  $12    0.001    -3.0873 232775.27   0.2   -407.31   1.2  13.10.2025  15:13:37
  4   8   9   5  $12    0.010   -15.2580   6536.50   0.3   -267.69   1.1  13.10.2025  15:13:41
  4   8  10   6  $12    0.010     2.5091   4729.48   0.1   -357.86   0.8  13.10.2025  15:13:43
  4   8  11   7  $12    0.100    15.3306   2022.83   0.0    -35.37   0.3  13.10.2025  15:13:47
  5   9   6  10  $12    0.010    20.7869   8905.08   0.9   -178.15   0.7  13.10.2025  15:13:52
  5   9   7  11  $12    0.010     2.3066   4347.86   0.2   -106.48   2.2  13.10.2025  15:13:54
  5   9   8  12  $12    0.010    -0.1521    200.70   5.5    634.10   6.9  13.10.2025  15:13:58
  5   9   2   6  $12    0.001    14.9972 197883.44   0.2   -474.33   0.3  13.10.2025  15:14:03
  5   9   3   7  $12    0.001     2.2149  41749.47   0.1   -533.31   1.1  13.10.2025  15:14:05
  5   9   4   8  $12    0.010    18.1125   7759.37   0.0   -456.39   0.1  13.10.2025  15:14:09
  5   9   1  13  $12    0.001    15.1963 381923.62   0.3   -334.40   0.4  13.10.2025  15:14:13
  5   9   2  14  $12    0.001    17.1903 386627.22   0.0   -471.09   0.2  13.10.2025  15:14:15
  5   9   3  15  $12    0.001     2.3392  36744.53   0.3   -529.26   0.8  13.10.2025  15:14:17
  5   9   4  16  $12    0.001   -17.0134 125475.06   0.1   -474.06   0.5  13.10.2025  15:14:19
  5   9  14  10  $12    0.010     8.2733   7310.04   0.0    157.15   0.0  13.10.2025  15:14:23
  5   9  15  11  $12    0.100   -11.3648   2677.77   0.6   -731.11   1.6  13.10.2025  15:14:27
  5   9  16  12  $12    0.001    15.8737 719979.37   0.3   -443.93   0.0  13.10.2025  15:14:35
  6  10   5   9  $12    0.010    17.3336   7425.70   0.1   -167.46   2.5  13.10.2025  15:14:39
  6  10   7  11  $12    0.010     4.4191   1893.12   0.1    118.83   2.2  13.10.2025  15:14:41
  6  10   8  12  $12    0.010     2.4856   4685.20   0.1     21.34  15.4  13.10.2025  15:14:43
  6  10   1   5  $12    0.010   -20.6644  18258.47   0.0   -393.54   0.1  13.10.2025  15:14:45
  6  10   3   7  $12    0.010    -4.1544   5481.62   0.3   -264.37   0.8  13.10.2025  15:14:47
  6  10   4   8  $12    0.010    -2.2991   4333.65   0.3   -275.26   2.8  13.10.2025  15:14:49
  6  10   1  13  $12    0.010   -18.1375  40793.06   0.1   -445.64   0.2  13.10.2025  15:14:51
  6  10   2  14  $12    0.010   -19.2826  48462.39   0.1   -542.05   0.0  13.10.2025  15:14:53
  6  10   3  15  $12    0.100   -18.0277   4054.61   0.4   -649.12   0.1  13.10.2025  15:14:57
  6  10   4  16  $12    0.010    17.5194  27519.43   0.0   -420.16   0.8  13.10.2025  15:15:01
  6  10  13   9  $12    0.010    12.0413  15888.09   0.3   -159.96   0.4  13.10.2025  15:15:03
  6  10  15  11  $12    0.100    17.4709   1543.68   0.0    136.50   0.4  13.10.2025  15:15:07
  6  10  16  12  $12    0.010   -17.0174  40096.34   0.0   -460.75   0.2  13.10.2025  15:15:12
  7  11   5   9  $12    0.100    16.2431   3061.76   0.0    -47.15   7.7  13.10.2025  15:15:16
  7  11   6  10  $12    0.010     4.3881   1879.84   0.0     50.67   0.2  13.10.2025  15:15:21
  7  11   8  12  $12    0.010     5.4633   2340.48   0.0     20.68   5.5  13.10.2025  15:15:23
  7  11   1   5  $12    0.100    -6.3724   1501.46   0.9   -207.27   3.1  13.10.2025  15:15:26
  7  11   2   6  $12    0.100   -13.9587   1233.35   0.2    -70.36  14.3  13.10.2025  15:15:28
  7  11   4   8  $12    0.100   -13.8879   1832.47   0.0    -19.79   5.4  13.10.2025  15:15:30
  7  11   1  13  $12    0.100     5.5771    876.04   0.6     65.29   6.7  13.10.2025  15:15:32
  7  11   2  14  $12    0.100     6.6047   1485.45   0.1      0.32 379.5  13.10.2025  15:15:35
  7  11   3  15  $12    0.100     5.5472   1394.17   0.0     59.79   1.3  13.10.2025  15:15:37
  7  11   4  16  $12    0.100     5.9700   1342.72   0.1     24.21  17.8  13.10.2025  15:15:39
  7  11  13   9  $12    0.100     4.3763    824.91   0.2    -55.37   5.7  13.10.2025  15:15:41
  7  11  14  10  $12    0.100    20.4573   2699.28   0.0     81.42   1.1  13.10.2025  15:15:43
  7  11  16  12  $12    0.010     3.6730   3245.40   0.8   -108.89  12.3  13.10.2025  15:15:48
  8  12   5   9  $12    0.100   -13.9982   1847.01   0.2   -689.50   0.0  13.10.2025  15:15:52
  8  12   6  10  $12    0.010     2.5207   4751.45   0.0     -7.34  31.4  13.10.2025  15:15:57
  8  12   7  11  $12    0.010     5.2880   2265.39   0.3     17.67   9.9  13.10.2025  15:15:59
  8  12   1   5  $12    0.010     3.9921  18107.01   0.8   -601.21   2.8  13.10.2025  15:16:01
  8  12   2   6  $12    0.010     4.3537  10258.22   0.1   -670.16   0.8  13.10.2025  15:16:03
  8  12   3   7  $12    0.100    -8.0094    707.69   0.1    261.85   0.2  13.10.2025  15:16:07
  8  12   1  13  $12    0.010     4.5141   3329.17   0.7   -473.38   2.7  13.10.2025  15:16:12
  8  12   2  14  $12    0.010     5.2257   8208.51   0.1   -562.25   0.5  13.10.2025  15:16:14
  8  12   3  15  $12    0.100    11.2102   2521.29   0.0   -203.24   0.3  13.10.2025  15:16:18
  8  12  16   4  $12    0.010     4.1255  10368.47   0.2   -672.15   1.4  13.10.2025  15:16:22
  8  12   9  13  $12    0.010     2.0988    899.13   0.7   -566.85   1.6  13.10.2025  15:16:24
  8  12  10  14  $12    0.100   -11.6549   2196.90   0.0     13.88   1.2  13.10.2025  15:16:28
  8  12  11  15  $12    0.010    -3.3129   4371.22   0.0     35.86   0.5  13.10.2025  15:16:33
  9  13  10  14  $12    0.010     9.8651   4226.21   0.0    129.80   0.2  13.10.2025  15:16:35
  9  13  11  15  $12    0.010     3.1901   6013.27   0.0    241.23   0.1  13.10.2025  15:16:37
  9  13  12  16  $12    0.001    18.2796 241193.59   0.0   -443.37   0.0  13.10.2025  15:16:42
  9  13   6  10  $12    0.010   -17.3376  22876.36   0.0   -207.56   0.0  13.10.2025  15:16:46
  9  13   7  11  $12    0.100    -1.5243    287.32   9.6   5364.32  17.4  13.10.2025  15:17:03
  9  13   8  12  $12    0.100     7.3062    313.00   5.8   -401.37  42.7  13.10.2025  15:17:10
  9  13   5   1  $12    0.001    11.6562 878860.14   0.4   -271.86   0.6  13.10.2025  15:17:17
  9  13   6   2  $12    0.001    12.9307 586494.19   0.9   -380.88   1.3  13.10.2025  15:17:19
  9  13   7   3  $12    0.010    21.3325  50263.48   0.1   -429.82   0.3  13.10.2025  15:17:23
  9  13   8   4  $12    0.010    13.9269  12305.41   0.1   -367.08   0.6  13.10.2025  15:17:25
  9  13   2  14  $12    0.001   -13.3124  98179.82   0.1   -379.30   0.4  13.10.2025  15:17:30
  9  13   3  15  $12    0.010   -19.4238  30510.84   0.1   -526.96   0.4  13.10.2025  15:17:33
  9  13   4  16  $12    0.001    12.8154 288230.88   0.3   -357.54   0.4  13.10.2025  15:17:39
 10  14   9  13  $12    0.010    10.0307   4297.15   0.3     65.17   6.6  13.10.2025  15:17:43
 10  14  11  15  $12    0.010     5.4280   2325.35   0.0     55.43   0.6  13.10.2025  15:17:45
 10  14  12  16  $12    0.010     3.3616   6336.45   0.5   -275.46   2.4  13.10.2025  15:17:47
 10  14   5   9  $12    0.010    -6.9437   6135.23   0.4     87.29   7.3  13.10.2025  15:17:49
 10  14   7  11  $12    0.010    -2.6944   3555.21   0.2    111.60   0.5  13.10.2025  15:17:51
 10  14   8  12  $12    0.100   -11.8701   2237.47   0.0     17.82   0.3  13.10.2025  15:17:54
 10  14   5   1  $12    0.100    10.9069  12528.20   0.0   -202.83   0.9  13.10.2025  15:17:56
 10  14   6   2  $12    0.100    10.3254   7785.14   0.3   -341.11   0.7  13.10.2025  15:17:58
 10  14   7   3  $12    0.100     7.0442   3195.02   0.0     15.49  14.0  13.10.2025  15:18:00
 10  14   8   4  $12    0.100     5.8722   1383.61   0.0     19.69  12.1  13.10.2025  15:18:02
 10  14   1  13  $12    0.100    19.4331   1742.18   0.1    319.65   1.1  13.10.2025  15:18:04
 10  14   3  15  $12    0.100    19.4521   1434.61   0.2      6.56  15.5  13.10.2025  15:18:06
 10  14   4  16  $12    0.100     8.6292   1355.48   0.2   -739.34   0.6  13.10.2025  15:18:08
 11  15   9  13  $12    0.010     3.3894   6388.95   0.3   -244.09   1.5  13.10.2025  15:18:13
 11  15  10  14  $12    0.010     4.7663   2041.90   0.0     36.08   0.6  13.10.2025  15:18:15
 11  15  12  16  $12    0.010     5.4040   2315.08   0.4    714.90   0.3  13.10.2025  15:18:18
 11  15   5   9  $12    0.100   -17.9025   4218.17   0.2   -116.27   3.0  13.10.2025  15:18:22
 11  15   6  10  $12    0.100   -15.5879   1377.30   0.1     91.58   0.3  13.10.2025  15:18:24
 11  15   8  12  $12    0.010    -3.2759   4322.48   0.0     31.17   1.2  13.10.2025  15:18:29
 11  15   5   1  $12    0.100   -17.3609  28633.91   0.0   -368.41   0.4  13.10.2025  15:18:35
 11  15   6   2  $12    0.100   -17.9644  20634.66   0.1   -498.36   0.0  13.10.2025  15:18:37
 11  15   7   3  $12    0.100     4.9723   3749.01   0.1     44.30   6.8  13.10.2025  15:18:39
 11  15   8   4  $12    0.100     5.2023   2359.60   0.0    -17.58   9.4  13.10.2025  15:18:41
 11  15   1  13  $12    0.010     3.2405  71262.75   0.5   -536.02   4.3  13.10.2025  15:18:46
 11  15   2  14  $12    0.010     4.8005   4303.66   0.3   -502.17   0.3  13.10.2025  15:18:48
 11  15   4  16  $12    0.010     1.4917   1100.16   0.9   2300.90   1.1  13.10.2025  15:18:50
 12  16   9  13  $12    0.001    14.6776 193666.10   0.0   -404.50   0.1  13.10.2025  15:18:55
 12  16  10  14  $12    0.010     1.7451   3289.34   0.0     79.42   0.6  13.10.2025  15:19:02
 12  16  11  15  $12    0.010    11.4607   4909.77   0.3   -231.34   1.3  13.10.2025  15:19:04
 12  16   5   9  $12    0.001   -14.5450 659712.99   0.1   -399.21   0.3  13.10.2025  15:19:09
 12  16   6  10  $12    0.010    14.4794  34116.34   0.0   -455.26   0.1  13.10.2025  15:19:12
 12  16   7  11  $12    0.010    -2.7484   2428.38   0.7      1.83  95.8  13.10.2025  15:19:14
 12  16   5   1  $12    0.001   -25.0754 5686701.24   0.6   -278.43   0.8  13.10.2025  15:19:20
 12  16   6   2  $12    0.001   -26.3725 4349713.72   0.8   -353.47   1.5  13.10.2025  15:19:22
 12  16   7   3  $12    0.001    -4.3288 497224.55   0.4   -442.76   0.6  13.10.2025  15:19:24
 12  16   8   4  $12    0.001    -2.6417 199181.03   0.5   -367.96   0.6  13.10.2025  15:19:26
 12  16  13   1  $12    0.001   -26.3410 257626.12   0.6   -279.51   0.1  13.10.2025  15:19:29
 12  16  14   2  $12    0.001   -30.3779 6680457.98   0.0   -393.26   0.0  13.10.2025  15:19:31
 12  16  15   3  $12    0.001    -5.0300  45094.12   0.1   -411.50   0.5  13.10.2025  15:19:33
 13   1  14   2  $12    0.001    -9.8732  33859.05   0.2  -1175.01   0.1  13.10.2025  15:19:35
 13   1  15   3  $12    0.001    -3.2325  24512.89   0.7   -684.69   1.5  13.10.2025  15:19:37
 13   1  16   4  $12    0.001    30.3127 389578.04   0.0   -418.74   0.2  13.10.2025  15:19:40
 13   1  10  14  $12    0.010    -2.6322   2359.78   0.2   -102.23   1.7  13.10.2025  15:19:43
 13   1  11  15  $12    0.010     2.3131  50868.19   1.7  -1797.18   0.5  13.10.2025  15:19:57
 13   1  12  16  $12    0.001   -33.2324 325027.58   0.1   -391.50   0.3  13.10.2025  15:20:02
 13   1   9   5  $12    0.001    19.3019 485108.74   0.2   -365.75   0.7  13.10.2025  15:20:04
 13   1  10   6  $12    0.010   -15.1624  34101.75   0.0   -351.83   0.0  13.10.2025  15:20:07
 13   1  11   7  $12    0.010    -0.1481    232.71   0.6   -958.87   0.3  13.10.2025  15:20:20
 13   1  12   8  $12    0.010     2.4253   1788.66   0.1    -61.43   1.8  13.10.2025  15:20:21
 13   1   6   2  $12    0.001    -8.7209  64317.25   0.4  -1165.59   0.1  13.10.2025  15:20:27
 13   1   7   3  $12    0.001    -3.5714  56098.89   0.5   -554.40   0.4  13.10.2025  15:20:29
 13   1   8   4  $12    0.001    -2.6455  59498.93   0.3   -357.04   1.3  13.10.2025  15:20:31
 14   2  13   1  $12    0.001    -4.6837  16062.04   0.5  -1241.34   0.7  13.10.2025  15:20:34
 14   2  15   3  $12    0.010    -0.5788    198.50   6.9 -35727.03   8.6  13.10.2025  15:20:42
 14   2  16   4  $12    0.001    25.5466 193723.47   0.0   -378.02   0.2  13.10.2025  15:20:47
 14   2   9  13  $12    0.001    15.8596 116965.49   0.1   -354.40   0.1  13.10.2025  15:20:49
 14   2  11  15  $12    0.010     0.9407    843.38   0.8  -3564.82   0.6  13.10.2025  15:20:53
 14   2  12  16  $12    0.001   -27.1100 5961792.97   0.4   -385.93   0.6  13.10.2025  15:20:58
 14   2   9   5  $12    0.001    16.5679 372627.26   0.1   -359.72   0.9  13.10.2025  15:21:00
 14   2  10   6  $12    0.010   -14.8086  37218.17   0.0   -450.72   0.0  13.10.2025  15:21:04
 14   2  11   7  $12    0.010    -0.2469    555.21   0.8   -593.95   2.5  13.10.2025  15:21:10
 14   2  12   8  $12    0.010     2.5092   3941.39   0.2   -193.96   0.4  13.10.2025  15:21:12
 14   2   5   1  $12    0.001    -0.9405   8431.91   0.6  -4268.29   1.2  13.10.2025  15:21:16
 14   2   7   3  $12    0.010    12.8463   9474.22   0.1    936.20   0.2  13.10.2025  15:21:20
 14   2   8   4  $12    0.010   -13.6111  21380.24   0.1   -538.14   0.1  13.10.2025  15:21:22
 15   3  13   1  $12    0.001    -3.0850  23394.38   0.8   -630.56   6.8  13.10.2025  15:21:27
 15   3  14   2  $12    0.001    -0.5225   1791.91   3.3  -5728.16   4.4  13.10.2025  15:21:33
 15   3  16   4  $12    0.001     6.3521  21783.82   0.1   -428.24   0.6  13.10.2025  15:21:35
 15   3   9  13  $12    0.001     3.0740  48286.79   0.2   -573.70   0.5  13.10.2025  15:21:37
 15   3  10  14  $12    0.100   -21.1833   1562.29   0.0    -21.06   0.4  13.10.2025  15:21:43
 15   3  12  16  $12    0.001    -4.7828  42877.62   0.9   -421.56   0.6  13.10.2025  15:21:52
 15   3   9   5  $12    0.001     2.9412  46200.65   0.4   -457.39   0.3  13.10.2025  15:21:54
 15   3  10   6  $12    0.100   -11.4179   2567.99   0.0   -623.69   0.0  13.10.2025  15:22:00
 15   3  11   7  $12    0.100     4.2639   1071.63   0.0     43.98   5.6  13.10.2025  15:22:02
 15   3  12   8  $12    0.100     6.5040   1462.82   0.0    -54.91   0.6  13.10.2025  15:22:04
 15   3   5   1  $12    0.001    -2.5188 553920.92   0.2   -424.71   2.6  13.10.2025  15:22:12
 15   3   6   2  $12    0.010    -4.8955   4388.86   0.4  -4659.45   0.1  13.10.2025  15:22:17
 15   3   8   4  $12    0.010     4.3503   3208.41   0.6    508.41   1.2  13.10.2025  15:22:19
 16   4  13   1  $12    0.001    24.0407 308969.97   0.0   -282.65   0.4  13.10.2025  15:22:24
 16   4  14   2  $12    0.001    24.3524 184667.80   0.9   -370.79   1.1  13.10.2025  15:22:26
 16   4  15   3  $12    0.001     4.9476  16967.33   0.0   -370.36   0.1  13.10.2025  15:22:28
 16   4   9  13  $12    0.001   -17.1664 386088.70   0.0   -404.83   0.2  13.10.2025  15:22:30
 16   4  10  14  $12    0.010     0.0124     19.52  16.7 -28925.81  18.3  13.10.2025  15:22:44
 16   4  11  15  $12    0.010    -5.3909   3975.83   0.1   -179.65   0.3  13.10.2025  15:22:46
 16   4   9   5  $12    0.001   -16.9563 125053.80   0.0   -375.37   1.1  13.10.2025  15:22:51
 16   4  10   6  $12    0.010    13.8898  21817.97   0.5   -264.60   2.0  13.10.2025  15:22:55
 16   4  11   7  $12    0.010     1.9708   4432.53   0.7   -428.08   1.7  13.10.2025  15:23:00
 16   4  12   8  $12    0.010     3.8497   9675.23   0.7  -1297.68   0.1  13.10.2025  15:23:03
 16   4   5   1  $12    0.001    23.9248 233995.30   0.1   -240.87   1.7  13.10.2025  15:23:08
 16   4   6   2  $12    0.001    25.0549 5509851.11   0.6   -372.60   0.5  13.10.2025  15:23:10
 16   4   7   3  $12    0.001     4.8374  43367.37   0.0   -369.13   0.0  13.10.2025  15:23:12
  1   4   2   3  $12    0.001    -3.7584  23614.93   0.6  -2244.34   1.0  13.10.2025  15:23:15
  2   3   1   4  $12    0.001     4.4006  27649.85   1.1    257.33   3.2  13.10.2025  15:23:21
  1   2   3   4  $12    0.001    -2.2881  43129.93   0.1      3.49 137.7  13.10.2025  15:23:23
  3   4   1   2  $12    0.001    -2.3300  43919.42   0.2     42.93   2.6  13.10.2025  15:23:26
  5   8   6   7  $12    0.100    16.2818   1023.01   0.0     -1.32  24.0  13.10.2025  15:23:31
  6   7   5   8  $12    0.100    17.5499   1102.69   0.2    -23.55   5.1  13.10.2025  15:23:33
  5   6   7   8  $12    0.100    -5.3427   1007.07   0.2    -10.15  75.6  13.10.2025  15:23:35
  7   8   5   6  $12    0.100    -5.2352    986.81   0.7     18.06  51.1  13.10.2025  15:23:37
  9  12  10  11  $12    0.010     8.2068   5156.49   0.3    157.21   0.1  13.10.2025  15:23:42
 10  11   9  12  $12    0.010     9.2545   5814.75   0.1     35.69   1.9  13.10.2025  15:23:44
  9  10  11  12  $12    0.010     1.4252   2686.37   0.2   -712.62   1.5  13.10.2025  15:23:48
 11  12   9  10  $12    0.100    15.1025   2846.76   0.0   -691.95   0.1  13.10.2025  15:23:52
 13  16  14  15  $12    0.010     6.8619   4311.49   0.3   -224.03   0.4  13.10.2025  15:23:58
 14  15  13  16  $12    0.100     6.8394    429.73   0.3   1909.14   0.8  13.10.2025  15:24:01
 13  14  15  16  $12    0.100    -8.6735   1634.92   0.5    -32.10  11.7  13.10.2025  15:24:03
  1   9  10   2  $12    0.001    -6.0954  21934.72   0.3    525.69   0.6  13.10.2025  15:24:12
  1   9  11   3  $12    0.010     9.8735   8459.56   0.3   -956.01   0.5  13.10.2025  15:24:15
  1   9  12   4  $12    0.010     9.0149  15074.11   0.3   -474.09   0.0  13.10.2025  15:24:17
  2  10   9   1  $12    0.001   -12.3557  44462.63   0.3    -89.23  10.4  13.10.2025  15:24:22
  2  10  11   3  $12    0.010   -11.4478   4119.55   0.1   1256.27   0.1  13.10.2025  15:24:26
  2  10  12   4  $12    0.010    17.6182  15095.28   0.1   -540.64   0.2  13.10.2025  15:24:28
  3  11   9   1  $12    0.010     5.5627   4766.09   0.1   -970.82   0.8  13.10.2025  15:24:30
  3  11  10   2  $12    0.001     0.1786    642.63  33.1 -16071.01  52.1  13.10.2025  15:24:35
  3  11  12   4  $12    0.010    -9.3438   3362.41   0.0    225.43   0.5  13.10.2025  15:24:39
 12   4   9   1  $12    0.010    -7.8414  13111.86   0.1   -550.51   0.0  13.10.2025  15:24:41
 12   4  10   2  $12    0.010   -20.4782  17545.71   0.1   -776.51   0.3  13.10.2025  15:24:43
 12   4  11   3  $12    0.010     8.3508   3005.07   0.1    314.28   0.3  13.10.2025  15:24:45
 13   5  14   6  $12    0.010     5.2747   1898.12   0.1      3.72  44.0  13.10.2025  15:24:47
 13   5  15   7  $12    0.010     3.1611   2708.46   0.0      2.02  78.7  13.10.2025  15:24:49
 13   5  16   8  $12    0.010     5.9033   9871.19   0.7   -402.89   1.8  13.10.2025  15:24:51
 14   6  13   5  $12    0.010     5.5004   1979.35   0.7    -23.94  13.1  13.10.2025  15:24:53
 14   6  15   7  $12    0.010     5.1097   1838.75   0.0      7.12  13.0  13.10.2025  15:24:55
 14   6  16   8  $12    0.010    22.4962  19274.69   0.3   -411.18   0.7  13.10.2025  15:24:57
 15   7  13   5  $12    0.010     3.0856   2643.71   0.3     17.25  16.8  13.10.2025  15:24:59
 15   7  14   6  $12    0.010     5.1623   1857.68   0.0      1.05  62.4  13.10.2025  15:25:01
 15   7  16   8  $12    0.010     2.9600   1065.15   0.7   1103.14   1.7  13.10.2025  15:25:03
 16   8  13   5  $12    0.010    -2.0810   3479.72   0.2   -894.69   1.0  13.10.2025  15:25:05
 16   8  14   6  $12    0.010    16.5974  14220.65   0.0   -348.88   0.0  13.10.2025  15:25:07
 16   8  15   7  $12    0.010    10.5561   3798.67   0.0   -139.61   0.4  13.10.2025  15:25:09
  1   2   5   6  $12    0.010     2.0315  38293.45   0.2   -368.38   1.3  13.10.2025  15:25:11
  2   3   6   7  $12    0.010   -11.6951 220448.03   0.0   -489.85   0.1  13.10.2025  15:25:13
  3   4   7   8  $12    0.100     0.0921    173.54   0.8    228.91   0.3  13.10.2025  15:25:29
  1   2   9  10  $12    0.001    -3.2308 5115570.49   0.4    -33.01  11.3  13.10.2025  15:25:37
  2   3  10  11  $12    0.010     0.0242   3832.68   2.9    983.56   4.1  13.10.2025  15:25:51
  3   4  11  12  $12    0.100     1.1832  18735.02   0.2   -190.81   4.3  13.10.2025  15:25:57
  1   2  13  14  $12    0.010     0.0500  26940.46   0.8   -129.53   4.7  13.10.2025  15:26:03
  2   3  14  15  $12    0.010    -0.1337  72087.91   5.5  -7319.19   4.8  13.10.2025  15:26:15
  3   4  15  16  $12    0.010    14.6075 7874862.52   0.5   -566.06   1.3  13.10.2025  15:26:17
  5   6   9  10  $12    0.010    12.7133 239639.30   0.6   -537.24   2.0  13.10.2025  15:26:19
  6   7  10  11  $12    1.000     2.6224    494.32   0.1    161.98   1.1  13.10.2025  15:26:24
  7   8  11  12  $12   10.000    16.4466    310.01   0.0     21.30   0.5  13.10.2025  15:26:28
  5   6  13  14  $12    1.000    -0.1507    238.69  15.3  -3678.32  11.4  13.10.2025  15:26:33
  6   7  14  15  $12    1.000   -19.0385  30144.83   0.1   -365.81   0.1  13.10.2025  15:26:35
  7   8  15  16  $12    1.000    -4.4000   6966.82   0.8  -1200.65   1.1  13.10.2025  15:26:38
  9  10  13  14  $12    0.100    -1.1900   2243.04   0.4    106.35   1.4  13.10.2025  15:26:43
 10  11  14  15  $12    1.000     2.7512    518.58   0.0     10.79   3.7  13.10.2025  15:26:47
 11  12  15  16  $12    0.010    -4.0708  76732.28   0.5   -573.68   0.6  13.10.2025  15:26:54
  1   2   6   7  $12    0.010    -2.4979  94168.58   0.9   -183.82   0.9  13.10.2025  15:26:57
  2   3   7   8  $12    0.010    -0.3073  11583.77   0.0   -445.50   0.3  13.10.2025  15:27:09
  1   2   7   8  $12    0.010     0.0551   3638.42   0.9    263.90   1.0  13.10.2025  15:27:21
  2   3   7   8  $12    0.010    -0.3263  12300.38   1.4   -542.06   0.9  13.10.2025  15:27:26
  1   2  10  11  $12    0.010     0.0593  13403.73   0.5    -95.45   6.7  13.10.2025  15:27:38
  2   3  11  12  $12    0.010     1.4136 319745.82   0.9   -257.19   0.9  13.10.2025  15:27:43
  1   2  11  12  $12    0.010     0.5617 174693.45   0.4    -44.42  15.2  13.10.2025  15:27:49
  2   3  11  12  $12    0.010     1.2555 283978.85   0.1   -251.75   0.2  13.10.2025  15:27:54
  1   2  14  15  $12    0.010     0.6738 462314.53   0.4    305.64   1.3  13.10.2025  15:27:59
  2   3  15  16  $12    0.001    23.3377 160125315.26   0.1   -349.87   0.7  13.10.2025  15:28:04
  1   2  15  16  $12    0.001     4.8641 41717196.56   0.4    233.87   2.2  13.10.2025  15:28:06
  2   3  15  16  $12    0.001    23.6448 162232483.67   0.4   -349.50   1.3  13.10.2025  15:28:09
  5   6  10  11  $12    1.000     4.4078   1661.68   0.6    228.53   2.1  13.10.2025  15:28:16
  6   7  11  12  $12    1.000    -0.1585     59.76  34.2  -2012.46 477.5  13.10.2025  15:28:32
  5   6  11  12  $12    1.000     4.6559   3071.68   0.4   -501.85   1.8  13.10.2025  15:28:34
  6   7  11  12  $12    1.000    -2.9720   1120.43   0.5   -650.85   1.7  13.10.2025  15:28:36
  5   6  14  15  $12    1.000    18.3792  41572.83   0.0   -526.35   0.2  13.10.2025  15:28:38
  6   7  15  16  $12    0.010    18.5849 4203813.74   0.0   -443.58   0.0  13.10.2025  15:28:46
  5   6  15  16  $12    0.010   -17.3154 5385405.80   0.0   -522.17   0.3  13.10.2025  15:28:48
  6   7  15  16  $12    0.010    18.2601 4130340.94   0.0   -442.65   0.0  13.10.2025  15:28:50
  9  10  14  15  $12    0.100    -8.8928  33525.16   2.3   -154.61   5.6  13.10.2025  15:28:59
 10  11  15  16  $12    1.000     5.6742   2139.13   0.4    234.85   5.3  13.10.2025  15:29:03
  9  10  15  16  $12    0.001    13.8853 9160604.19   0.0   -383.97   0.3  13.10.2025  15:29:14
 10  11  15  16  $12    1.000     5.3636   2022.02   0.4     56.94  30.6  13.10.2025  15:29:23
