//C:\Users\user\Desktop\GeoTom\GeoTomE724.ini
//- Cable direction:
//  cable I: normal
//  cable II: normal
//  cable III: normal
//  cable IV: normal
//- Cable arrangement: sequential
//- Optimization: Last measurement
//- Sorting: Multi-level
//- Current levels: 0.001 mA .. 50.0 mA
Type:         Flow
Name:         Hyprop
Comment:      Example of a measurements sequence
Comment:      
Comment:      
Spacing:      1.00000
First El:     0.00000
Nr of points: 289
IP present:   1

  1   5   2   6  $12    0.001    -4.4060  18875.13   0.1  -1679.76   0.5  12.10.2025  11:10:08
  1   5   3   7  $12    0.010    -3.9615   7467.17   0.0   -597.01   0.7  12.10.2025  11:10:12
  1   5   4   8  $12    0.010    -4.6091   6081.62   0.2   -538.72   0.1  12.10.2025  11:10:14
  1   5  14   2  $12    0.001     4.9300  44198.01   0.0  -1537.51   0.1  12.10.2025  11:10:19
  1   5  15   3  $12    0.010     5.6807 124925.62   0.1   -569.30   0.1  12.10.2025  11:10:23
  1   5  16   4  $12    0.001   -15.7828 154362.54   0.3   -509.31   0.0  12.10.2025  11:10:28
  1   5  13   9  $12    0.001    20.4369 1540903.86   0.8   -460.22   0.8  12.10.2025  11:10:30
  1   5  14  10  $12    0.100     1.2203   1401.73   3.7   2618.65   4.1  12.10.2025  11:10:40
  1   5  15  11  $12    0.010     0.7046  11620.93   0.4  -1204.34   0.0  12.10.2025  11:10:45
  1   5  16  12  $12    0.001   -17.1496 3889253.99   0.0   -496.19   0.2  12.10.2025  11:10:50
  1   5  10   6  $12    0.010     6.8251   6030.44   0.0   -367.28   0.3  12.10.2025  11:10:54
  1   5  11   7  $12    0.100    15.2690   3597.67   0.0    121.09   2.2  12.10.2025  11:10:57
  1   5  12   8  $12    0.100    16.4138   7444.78   0.2     10.43  16.5  12.10.2025  11:10:59
  2   6   1   5  $12    0.001    -3.3238  14239.06   0.5  -1987.93   1.0  12.10.2025  11:11:07
  2   6   3   7  $12    0.010     3.0881   1322.95   0.9    963.07   1.5  12.10.2025  11:11:12
  2   6   4   8  $12    0.010    -4.3363   8173.76   0.0   -709.97   0.3  12.10.2025  11:11:14
  2   6  13   1  $12    0.001     3.1066  22911.12   0.3  -1941.88   0.3  12.10.2025  11:11:19
  2   6  15   3  $12    0.010     0.9462    848.25   0.6  -4722.64   0.5  12.10.2025  11:11:23
  2   6  16   4  $12    0.001   -17.7488 3903161.28   0.2   -461.94   0.6  12.10.2025  11:11:28
  2   6  13   9  $12    0.001    22.2388 1008677.29   0.6   -421.30   0.2  12.10.2025  11:11:30
  2   6  14  10  $12    0.010     0.4831   3642.59   0.0    480.28   0.0  12.10.2025  11:11:37
  2   6  15  11  $12    0.010     1.2700  14587.87   0.3   -815.26   0.6  12.10.2025  11:11:42
  2   6  16  12  $12    0.001   -19.1816 3163692.12   0.2   -505.81   1.7  12.10.2025  11:11:47
  2   6   9   5  $12    0.001   -22.8757 301837.92   0.1   -438.10   0.9  12.10.2025  11:11:49
  2   6  11   7  $12    0.010     1.9198   1696.30   0.1   -111.19   0.8  12.10.2025  11:11:56
  2   6  12   8  $12    0.010     0.8468   1995.23   0.0   -358.44   0.4  12.10.2025  11:12:01
  3   7   1   5  $12    0.010    -5.4726  10315.63   0.2   -822.20   0.7  12.10.2025  11:12:03
  3   7   2   6  $12    0.010    -0.9929    425.38   0.8  -6380.62   0.9  12.10.2025  11:12:06
  3   7   4   8  $12    0.010     4.3855   1878.72   0.0     25.44  20.1  12.10.2025  11:12:08
  3   7  13   1  $12    0.010     6.6126  10387.00   0.2   -691.52   1.3  12.10.2025  11:12:10
  3   7  14   2  $12    0.010     3.5933   2650.07   0.2  -1788.56   0.7  12.10.2025  11:12:12
  3   7  16   4  $12    0.010   -14.9717  13422.19   0.5   -489.79   0.7  12.10.2025  11:12:14
  3   7  13   9  $12    0.010    15.9138  37495.89   0.1   -566.44   0.1  12.10.2025  11:12:16
  3   7  14  10  $12    0.100     6.8187   3092.72   0.0     22.08   0.2  12.10.2025  11:12:20
  3   7  15  11  $12    0.100     7.6836   5793.31   0.0    -51.25   1.6  12.10.2025  11:12:22
  3   7  16  12  $12    0.010    -8.6064  98856.93   0.3   -754.22   0.1  12.10.2025  11:12:27
  3   7   9   5  $12    0.010   -11.3041  21307.78   0.2   -723.43   0.1  12.10.2025  11:12:29
  3   7  10   6  $12    0.100    18.2249   2404.71   0.0    -67.53   0.1  12.10.2025  11:12:32
  3   7  12   8  $12    0.100    13.9590   1233.38   0.0     -6.19   2.0  12.10.2025  11:12:34
  4   8   1   5  $12    0.010    -5.4809   7231.92   0.4   -708.69   0.5  12.10.2025  11:12:40
  4   8   2   6  $12    0.010    -5.9800  11271.97   0.8   -887.23   1.3  12.10.2025  11:12:42
  4   8   3   7  $12    0.010     4.4075   1888.15   0.1     41.80  15.8  12.10.2025  11:12:44
  4   8  13   1  $12    0.010     6.6302  14911.93   0.3   -634.96   0.0  12.10.2025  11:12:46
  4   8  14   2  $12    0.010     7.6566  12026.94   0.9   -718.60   1.1  12.10.2025  11:12:48
  4   8  15   3  $12    0.010    -2.2808   1682.09   0.5    101.47  12.5  12.10.2025  11:12:50
  4   8  13   9  $12    0.010    14.4367  12755.87   0.1   -559.28   0.3  12.10.2025  11:12:52
  4   8  14  10  $12    0.100     5.9648   1405.41   0.0     23.54   0.4  12.10.2025  11:12:56
  4   8  15  11  $12    0.100     7.0428   3194.37   0.1    -64.84   0.8  12.10.2025  11:12:58
  4   8  16  12  $12    0.010    -9.7593  73583.18   0.1   -588.62   0.4  12.10.2025  11:13:04
  4   8   9   5  $12    0.010   -12.7982   5482.75   0.0   -557.23   0.3  12.10.2025  11:13:06
  4   8  10   6  $12    0.100    10.0063   1886.13   0.0   -137.65   0.2  12.10.2025  11:13:09
  4   8  11   7  $12    0.100    14.2832   1884.63   0.0     -7.12   1.6  12.10.2025  11:13:11
  5   9   6  10  $12    0.010    17.4004   7454.32   0.3     60.98   9.2  12.10.2025  11:13:17
  5   9   7  11  $12    0.010     3.9623   7468.83   0.0   -126.35   0.6  12.10.2025  11:13:19
  5   9   8  12  $12    0.010     4.6695   6161.27   0.1   -276.72   0.5  12.10.2025  11:13:21
  5   9   2   6  $12    0.001    27.8893 367990.01   0.1   -507.99   0.1  12.10.2025  11:13:26
  5   9   3   7  $12    0.010     7.0005  13195.54   0.2   -419.45   0.1  12.10.2025  11:13:30
  5   9   4   8  $12    0.010     9.0021   3856.49   0.1   -417.59   0.5  12.10.2025  11:13:32
  5   9   1  13  $12    0.001    22.0189 553394.13   0.4   -459.86   0.3  12.10.2025  11:13:37
  5   9   2  14  $12    0.001    27.9059 627630.19   0.0   -507.81   0.1  12.10.2025  11:13:39
  5   9   3  15  $12    0.001     1.5820  24850.19   0.4   -498.66   3.1  12.10.2025  11:13:44
  5   9   4  16  $12    0.001   -29.7055 219080.34   0.1   -483.71   0.2  12.10.2025  11:13:46
  5   9  14  10  $12    0.010     9.4532   8352.60   0.0     37.44   0.0  12.10.2025  11:13:50
  5   9  15  11  $12    0.010    -5.2632  12401.11   0.1   -569.06   0.1  12.10.2025  11:13:52
  5   9  16  12  $12    0.001    30.8574 1399589.61   0.1   -484.99   0.1  12.10.2025  11:13:57
  6  10   5   9  $12    0.010    17.9918   7707.66   0.0   -280.28   3.9  12.10.2025  11:14:01
  6  10   7  11  $12    0.010     3.8716   1658.59   0.4     15.59  15.6  12.10.2025  11:14:03
  6  10   8  12  $12    0.010     2.2955   4326.86   0.0      1.07  23.0  12.10.2025  11:14:05
  6  10   1   5  $12    0.010    -6.7976   6006.21   0.1   -430.62   0.8  12.10.2025  11:14:07
  6  10   3   7  $12    0.100   -18.7467   2473.57   0.0    -50.19   0.0  12.10.2025  11:14:11
  6  10   4   8  $12    0.100    -9.4840   1787.68   0.1    -93.97   1.6  12.10.2025  11:14:13
  6  10   1  13  $12    0.010    -3.8613   8684.48   0.1   -568.00   0.5  12.10.2025  11:14:18
  6  10   2  14  $12    0.010    -5.1021  12822.88   0.9   -632.11   2.0  12.10.2025  11:14:20
  6  10   3  15  $12    0.100     3.5539    799.30   0.0    326.82   0.2  12.10.2025  11:14:24
  6  10   4  16  $12    0.010     7.0669  11100.61   0.1   -485.09   0.8  12.10.2025  11:14:29
  6  10  13   9  $12    0.010    13.1239  17316.58   0.0   -281.17   0.1  12.10.2025  11:14:31
  6  10  15  11  $12    0.100    15.4859   1368.29   0.0     13.96   0.5  12.10.2025  11:14:34
  6  10  16  12  $12    0.010    -5.6416  13292.82   0.9   -613.52   1.7  12.10.2025  11:14:39
  7  11   5   9  $12    0.100    13.8990   2619.90   0.2     60.12   1.3  12.10.2025  11:14:43
  7  11   6  10  $12    0.010     3.8594   1653.37   0.0      5.31   6.4  12.10.2025  11:14:48
  7  11   8  12  $12    0.010     5.1224   2194.41   0.0      0.89  36.7  12.10.2025  11:14:50
  7  11   1   5  $12    0.100    -6.7729   1595.82   0.7     47.03  15.7  12.10.2025  11:14:54
  7  11   2   6  $12    0.100   -14.4693   1278.47   0.3     39.98  19.7  12.10.2025  11:14:56
  7  11   4   8  $12    0.100   -14.2682   1882.65   0.0     -2.62  40.0  12.10.2025  11:14:58
  7  11   1  13  $12    0.100     5.0169    788.06   0.3    -84.02   2.5  12.10.2025  11:15:00
  7  11   2  14  $12    0.100     6.0413   1358.74   0.2   -117.92   2.3  12.10.2025  11:15:03
  7  11   3  15  $12    0.100     5.4196   1362.09   0.2     -2.84  63.8  12.10.2025  11:15:05
  7  11   4  16  $12    0.100     5.7655   1296.72   0.4    110.61   3.0  12.10.2025  11:15:07
  7  11  13   9  $12    0.100     3.8740    730.24   0.7    188.18   7.0  12.10.2025  11:15:09
  7  11  14  10  $12    0.100    17.7885   2347.14   0.0     14.85   5.2  12.10.2025  11:15:11
  7  11  16  12  $12    0.010     3.2541   2875.26   0.3    -64.12   5.3  12.10.2025  11:15:16
  8  12   5   9  $12    0.100    -0.1777     23.45  69.5 -65312.34  87.0  12.10.2025  11:15:24
  8  12   6  10  $12    0.100    22.9786   4331.36   0.0     -2.24  19.4  12.10.2025  11:15:26
  8  12   7  11  $12    0.010     5.1529   2207.49   0.0     -0.08  59.3  12.10.2025  11:15:30
  8  12   1   5  $12    1.000   -20.0230    908.18   0.3    737.90   0.8  12.10.2025  11:15:41
  8  12   2   6  $12    0.100    -3.7284    878.49   0.3   1243.61   0.3  12.10.2025  11:15:46
  8  12   3   7  $12    0.100   -13.9898   1236.10   0.0      7.73  22.4  12.10.2025  11:15:48
  8  12   1  13  $12    0.100     7.4499    549.43   0.7   -284.82   2.6  12.10.2025  11:15:50
  8  12   2  14  $12    0.100     9.6602   1517.41   0.4   -306.78   1.7  12.10.2025  11:15:52
  8  12   3  15  $12    0.100     5.6851   1278.63   0.2     -1.35 187.5  12.10.2025  11:15:54
  8  12  16   4  $12    0.100    -1.4888    374.17   0.4   2855.54   0.6  12.10.2025  11:15:56
  8  12   9  13  $12    0.100     6.5971    282.62   0.4   -990.13   1.3  12.10.2025  11:15:58
  8  12  10  14  $12    0.100   -11.4365   2155.72   0.0      0.87  60.3  12.10.2025  11:16:00
  8  12  11  15  $12    0.010    -3.1369   4139.10   0.0     10.45   7.2  12.10.2025  11:16:04
  9  13  10  14  $12    0.010    10.7553   4607.54   0.1     63.91   0.2  12.10.2025  11:16:06
  9  13  11  15  $12    0.010    -4.9130   9260.80   0.2   -697.74   0.0  12.10.2025  11:16:08
  9  13  12  16  $12    0.001    30.4450 401712.37   0.2   -474.45   0.1  12.10.2025  11:16:14
  9  13   6  10  $12    0.010   -15.1118  19939.52   0.0   -126.88   0.1  12.10.2025  11:16:18
  9  13   7  11  $12    0.010    -1.6534   3116.53   0.1   -117.82   0.3  12.10.2025  11:16:23
  9  13   8  12  $12    0.010    -1.5532    665.38   0.2   -282.45   0.1  12.10.2025  11:16:28
  9  13   5   1  $12    0.001    22.0987 1666199.66   0.2   -446.32   0.2  12.10.2025  11:16:33
  9  13   6   2  $12    0.001    27.8476 1263076.88   0.0   -490.69   0.7  12.10.2025  11:16:35
  9  13   7   3  $12    0.010     5.2061  12266.70   0.5    331.06   3.6  12.10.2025  11:16:39
  9  13   8   4  $12    0.010     5.9334   5242.58   0.0     46.52   9.7  12.10.2025  11:16:41
  9  13   2  14  $12    0.001   -26.8434 197971.97   0.0   -494.79   0.0  12.10.2025  11:16:47
  9  13   3  15  $12    0.010   -23.0154  36152.45   0.0   -388.86   0.0  12.10.2025  11:16:50
  9  13   4  16  $12    0.001    29.4154 661581.20   0.0   -473.54   0.1  12.10.2025  11:16:55
 10  14   9  13  $12    0.010     9.6885   4150.56   0.5     34.57   6.7  12.10.2025  11:16:59
 10  14  11  15  $12    0.010     4.7203   2022.17   0.2      4.24  34.1  12.10.2025  11:17:01
 10  14  12  16  $12    0.010     2.8369   5347.49   0.1   -124.69   7.3  12.10.2025  11:17:03
 10  14   5   9  $12    0.010    -6.6665   5890.37   0.2     72.00   6.6  12.10.2025  11:17:05
 10  14   7  11  $12    0.100   -17.7962   2348.16   0.0     17.66   0.1  12.10.2025  11:17:09
 10  14   8  12  $12    0.100   -11.3152   2132.86   0.0      4.30   5.7  12.10.2025  11:17:11
 10  14   5   1  $12    0.100     8.6679   9956.30   0.0     -9.58  12.4  12.10.2025  11:17:13
 10  14   6   2  $12    0.100     8.1172   6120.22   0.0    -70.98   3.6  12.10.2025  11:17:15
 10  14   7   3  $12    0.100     6.8009   3084.67   0.0     12.72   0.8  12.10.2025  11:17:17
 10  14   8   4  $12    0.100     5.9434   1400.38   0.2     13.14  13.3  12.10.2025  11:17:19
 10  14   1  13  $12    0.100    17.9763   1611.58   0.2     20.09  15.6  12.10.2025  11:17:21
 10  14   3  15  $12    0.100    21.4012   1578.36   0.0      5.77   8.2  12.10.2025  11:17:23
 10  14   4  16  $12    0.100     5.8929    925.65   0.2   -517.84   0.0  12.10.2025  11:17:25
 11  15   9  13  $12    0.010     3.7132   6999.29   0.7   -304.60   1.7  12.10.2025  11:17:30
 11  15  10  14  $12    0.010     4.6233   1980.62   0.0      2.82   1.6  12.10.2025  11:17:32
 11  15  12  16  $12    0.010     5.7905   2480.64   0.8    176.84  11.2  12.10.2025  11:17:34
 11  15   5   9  $12    0.010    -2.0252   4771.87   0.3   -530.01   2.8  12.10.2025  11:17:36
 11  15   6  10  $12    0.100   -15.5401   1373.08   0.0     11.17   1.4  12.10.2025  11:17:40
 11  15   8  12  $12    0.010    -3.1000   4090.35   0.0      9.16   2.0  12.10.2025  11:17:45
 11  15   5   1  $12    0.100     4.3001   7092.33   0.5   -293.98   2.5  12.10.2025  11:17:48
 11  15   6   2  $12    0.100     2.9091   3341.58   0.9    -82.37   2.0  12.10.2025  11:17:50
 11  15   7   3  $12    0.100     7.6391   5759.76   0.0    -32.33   1.4  12.10.2025  11:17:52
 11  15   8   4  $12    0.100     6.9986   3174.34   0.2    -26.53   6.0  12.10.2025  11:17:54
 11  15   1  13  $12    0.100    13.7950  30336.78   0.0    -13.91  13.4  12.10.2025  11:17:56
 11  15   2  14  $12    0.010     2.9942   2684.33   0.5   -228.81   2.0  12.10.2025  11:18:01
 11  15   4  16  $12    0.010     2.1139   1559.01   0.2    491.43   2.6  12.10.2025  11:18:03
 12  16   9  13  $12    0.001    26.6877 352135.95   0.0   -427.72   0.2  12.10.2025  11:18:09
 12  16  10  14  $12    0.010     2.2359   4214.57   0.1     10.91   9.4  12.10.2025  11:18:12
 12  16  11  15  $12    0.010     8.9450   3832.05   0.0   -137.14   0.7  12.10.2025  11:18:14
 12  16   5   9  $12    0.001   -25.9928 1178948.91   0.1   -423.34   1.9  12.10.2025  11:18:20
 12  16   6  10  $12    0.010     5.2514  12373.44   0.0   -546.57   0.0  12.10.2025  11:18:23
 12  16   7  11  $12    0.010    -2.7524   2431.91   0.2    -10.17  19.8  12.10.2025  11:18:26
 12  16   5   1  $12    0.001   -13.9876 3172151.51   0.1   -468.66   0.2  12.10.2025  11:18:30
 12  16   6   2  $12    0.001   -17.0921 2819068.62   0.0   -509.38   0.1  12.10.2025  11:18:32
 12  16   7   3  $12    0.010    -8.4717  97310.13   0.1   -468.17   0.5  12.10.2025  11:18:36
 12  16   8   4  $12    0.010    -7.2102  54363.35   0.0   -493.22   0.6  12.10.2025  11:18:38
 12  16  13   1  $12    0.001   -14.0400 137317.22   0.2   -458.43   0.1  12.10.2025  11:18:43
 12  16  14   2  $12    0.001   -17.7538 3904260.48   0.0   -503.32   0.1  12.10.2025  11:18:45
 12  16  15   3  $12    0.010   -18.2287  16342.08   0.0   -339.69   0.1  12.10.2025  11:18:48
 13   1  14   2  $12    0.001    -4.5589  15634.26   0.0  -1681.68   0.1  12.10.2025  11:18:53
 13   1  15   3  $12    0.010    -5.0309   3815.01   0.3   -647.09   0.1  12.10.2025  11:18:57
 13   1  16   4  $12    0.001    13.4718 173139.40   0.0   -510.81   0.2  12.10.2025  11:19:02
 13   1  10  14  $12    0.100   -19.2025   1721.51   0.1    146.28   0.8  12.10.2025  11:19:07
 13   1  11  15  $12    0.100    15.9518  35079.93   0.3   -329.99   0.0  12.10.2025  11:19:09
 13   1  12  16  $12    0.001   -14.2411 139284.05   0.9   -495.01   0.8  12.10.2025  11:19:17
 13   1   9   5  $12    0.001    22.5831 567575.83   0.4   -419.95   1.6  12.10.2025  11:19:19
 13   1  10   6  $12    0.010    -3.8778   8721.63   0.0   -538.44   0.0  12.10.2025  11:19:23
 13   1  11   7  $12    0.100    -3.1694    497.85   0.4   -684.13   0.7  12.10.2025  11:19:26
 13   1  12   8  $12    0.100    -7.7865    574.26   0.3   -374.19   0.3  12.10.2025  11:19:28
 13   1   6   2  $12    0.001    -4.7391  34950.93   0.1  -1398.41   0.1  12.10.2025  11:19:36
 13   1   7   3  $12    0.010    -6.2811   9866.27   0.6   -400.17   0.7  12.10.2025  11:19:40
 13   1   8   4  $12    0.010    -6.0433  13591.93   0.3   -408.95   0.4  12.10.2025  11:19:42
 14   2  13   1  $12    0.001    -3.3546  11504.11   0.3  -1844.16   1.6  12.10.2025  11:19:47
 14   2  15   3  $12    0.010    -0.9237    316.77   0.1  -5610.12   0.0  12.10.2025  11:19:51
 14   2  16   4  $12    0.001    15.5646 118028.91   0.6   -485.17   0.6  12.10.2025  11:19:56
 14   2   9  13  $12    0.001    24.8218 183062.54   0.5   -394.05   1.9  12.10.2025  11:19:58
 14   2  11  15  $12    0.010    -0.8546    766.16   0.0   1203.57   0.0  12.10.2025  11:20:05
 14   2  12  16  $12    0.001   -16.8425 3703862.66   0.8   -512.89   0.4  12.10.2025  11:20:10
 14   2   9   5  $12    0.001    26.6090 598460.61   0.1   -413.92   0.7  12.10.2025  11:20:12
 14   2  10   6  $12    0.010    -5.0838  12776.95   0.1   -525.39   0.1  12.10.2025  11:20:16
 14   2  11   7  $12    0.010     0.2755    619.53   1.9    104.88   6.4  12.10.2025  11:20:22
 14   2  12   8  $12    0.010     0.5337    838.34   0.8    201.67   1.2  12.10.2025  11:20:27
 14   2   5   1  $12    0.001    -3.9224  35164.68   0.3  -1687.33   0.7  12.10.2025  11:20:32
 14   2   7   3  $12    0.010     1.4114   1040.89   0.7   2060.47   1.0  12.10.2025  11:20:42
 14   2   8   4  $12    0.010    -5.7200   8984.90   0.2   -528.50   0.2  12.10.2025  11:20:44
 15   3  13   1  $12    0.010    -6.8791   5216.56   0.5   -945.81   0.4  12.10.2025  11:20:46
 15   3  14   2  $12    0.010    -0.9569    328.15   0.9  -7837.84   1.2  12.10.2025  11:20:48
 15   3  16   4  $12    0.010    17.9678   6161.84   0.1   -437.54   0.5  12.10.2025  11:20:50
 15   3   9  13  $12    0.010    19.7184  30973.53   0.0   -729.72   0.0  12.10.2025  11:20:52
 15   3  10  14  $12    0.010    -2.0903   1541.62   0.7     20.56  25.8  12.10.2025  11:20:54
 15   3  12  16  $12    0.010   -15.1397  13572.76   0.1   -538.43   0.6  12.10.2025  11:20:56
 15   3   9   5  $12    0.010    21.6100  33944.86   0.5   -692.03   0.1  12.10.2025  11:20:58
 15   3  10   6  $12    0.100     3.3676    757.41   0.4    442.66   1.0  12.10.2025  11:21:02
 15   3  11   7  $12    0.100     5.3840   1353.14   0.0      1.78  35.2  12.10.2025  11:21:04
 15   3  12   8  $12    0.100     5.7399   1290.96   0.0     -6.23  14.0  12.10.2025  11:21:06
 15   3   5   1  $12    0.010    -6.1770 135839.50   0.5   -741.94   1.9  12.10.2025  11:21:11
 15   3   6   2  $12    0.010    -3.1266   2803.01   0.9  -2652.36   0.9  12.10.2025  11:21:15
 15   3   8   4  $12    0.010     2.1635   1595.58   0.4    120.97  18.9  12.10.2025  11:21:17
 16   4  13   1  $12    0.001    13.6511 175443.52   0.0   -479.09   0.0  12.10.2025  11:21:22
 16   4  14   2  $12    0.001    16.2126 122942.69   0.1   -512.14   0.1  12.10.2025  11:21:24
 16   4  15   3  $12    0.010    17.3379   5945.81   0.0   -296.20   0.0  12.10.2025  11:21:28
 16   4   9  13  $12    0.001   -25.1692 566079.69   0.1   -423.52   0.0  12.10.2025  11:21:33
 16   4  10  14  $12    0.010    -0.4053    636.61   0.3    463.96   2.0  12.10.2025  11:21:40
 16   4  11  15  $12    0.010    -4.2848   3160.06   0.2   -239.98   0.0  12.10.2025  11:21:42
 16   4   9   5  $12    0.001   -25.7192 189681.03   0.7   -426.64   0.9  12.10.2025  11:21:47
 16   4  10   6  $12    0.010     6.5201  10241.69   0.0   -432.76   0.2  12.10.2025  11:21:51
 16   4  11   7  $12    0.010     0.9714   2184.80   0.4   -109.22   3.0  12.10.2025  11:21:57
 16   4  12   8  $12    0.010     0.7534   1893.61   0.5   -218.58   1.0  12.10.2025  11:22:02
 16   4   5   1  $12    0.001    14.2793 139657.51   0.0   -476.86   0.2  12.10.2025  11:22:07
 16   4   6   2  $12    0.001    17.1548 3772529.27   0.5   -502.19   0.6  12.10.2025  11:22:09
 16   4   7   3  $12    0.010    11.0185   9878.11   0.0   -318.83   0.1  12.10.2025  11:22:13
  1   4   2   3  $12    0.001    -3.4847  21894.92   0.5  -1986.02   0.3  12.10.2025  11:22:18
  2   3   1   4  $12    0.001    -2.7594  17337.87   0.1  -2211.07   0.6  12.10.2025  11:22:20
  1   2   3   4  $12    0.010    -6.3288  11929.47   0.0    -38.53   0.5  12.10.2025  11:22:23
  3   4   1   2  $12    0.010    -4.1913   7900.42   0.8    180.82   6.9  12.10.2025  11:22:26
  5   8   6   7  $12    0.100    16.2033   1018.08   0.0      1.36  23.0  12.10.2025  11:22:29
  6   7   5   8  $12    0.100    16.7794   1054.28   0.1     -4.76  47.7  12.10.2025  11:22:31
  5   6   7   8  $12    0.100    -4.8576    915.63   0.6      3.32 171.4  12.10.2025  11:22:33
  7   8   5   6  $12    0.100    -4.8130    907.22   0.8     -0.35 2706.2  12.10.2025  11:22:36
  9  12  10  11  $12    0.010    10.0766   6331.30   0.0     82.81   0.2  12.10.2025  11:22:41
 10  11   9  12  $12    0.010     9.2906   5837.47   0.0    -45.53   9.6  12.10.2025  11:22:43
  9  10  11  12  $12    0.010    -1.4294   2694.31   0.1   -223.22   4.4  12.10.2025  11:22:48
 11  12   9  10  $12    0.100     4.1195    776.52   0.7   -314.01   2.8  12.10.2025  11:22:56
 13  16  14  15  $12    0.010     5.1125   3212.31   0.1   -280.64   0.0  12.10.2025  11:23:02
 14  15  13  16  $12    0.100    16.4527   1033.75   0.5    100.51   6.8  12.10.2025  11:23:06
 13  14  15  16  $12    0.100    -8.8895   1675.64   0.4   -126.31   4.8  12.10.2025  11:23:08
  1   9  10   2  $12    0.001   -24.5096  88199.08   0.0   -287.39   0.1  12.10.2025  11:23:16
  1   9  11   3  $12    0.010   -12.4759  10689.29   0.0   -222.81   0.3  12.10.2025  11:23:21
  1   9  12   4  $12    0.010    -8.9922  15036.22   0.1   -311.01   0.1  12.10.2025  11:23:23
  2  10   9   1  $12    0.001   -21.4742  77276.01   0.0   -186.79   0.2  12.10.2025  11:23:27
  2  10  11   3  $12    0.010    -2.6968    970.44   0.2   1441.50   0.2  12.10.2025  11:23:31
  2  10  12   4  $12    0.010     4.6782   4008.24   0.1   -788.79   0.6  12.10.2025  11:23:33
  3  11   9   1  $12    0.010   -11.4963   9849.99   0.1   -436.30   0.3  12.10.2025  11:23:35
  3  11  10   2  $12    0.010     1.0103    363.55   0.8  -7919.41   0.6  12.10.2025  11:23:38
  3  11  12   4  $12    0.010    -6.6085   2378.12   0.5     53.00   0.0  12.10.2025  11:23:40
 12   4   9   1  $12    0.010     8.8930  14870.29   0.3   -492.69   0.1  12.10.2025  11:23:42
 12   4  10   2  $12    0.010    -5.2623   4508.72   0.4  -1105.67   0.5  12.10.2025  11:23:45
 12   4  11   3  $12    0.010     6.6728   2401.23   0.0     37.54   3.1  12.10.2025  11:23:47
 13   5  14   6  $12    0.010     4.9259   1772.61   0.3      7.04  35.0  12.10.2025  11:23:49
 13   5  15   7  $12    0.010     3.0846   2642.84   0.0      1.91  17.8  12.10.2025  11:23:51
 13   5  16   8  $12    0.010     5.6379   9427.36   0.7   -439.81   2.1  12.10.2025  11:23:53
 14   6  13   5  $12    0.010     5.0445   1815.29   0.9     11.33  66.2  12.10.2025  11:23:55
 14   6  15   7  $12    0.010     5.0560   1819.41   0.0      5.92   7.6  12.10.2025  11:23:57
 14   6  16   8  $12    0.010     9.6081   8232.24   0.8   -387.84   0.5  12.10.2025  11:23:59
 15   7  13   5  $12    0.010     3.1798   2724.43   0.2     -2.98  96.5  12.10.2025  11:24:01
 15   7  14   6  $12    0.010     5.1109   1839.19   0.0     -4.48  11.8  12.10.2025  11:24:03
 15   7  16   8  $12    0.010     3.9403   1417.92   0.1    363.33   0.9  12.10.2025  11:24:05
 16   8  13   5  $12    0.010     1.7430   2914.53   0.3    329.80   5.5  12.10.2025  11:24:10
 16   8  14   6  $12    0.010     8.4232   7217.00   0.0   -299.32   0.4  12.10.2025  11:24:12
 16   8  15   7  $12    0.010     8.6152   3100.22   0.2   -199.71   0.3  12.10.2025  11:24:14
  1   2   5   6  $12    0.010    -1.0498  19788.96   0.3   -638.76   1.8  12.10.2025  11:24:20
  2   3   6   7  $12    0.010    -4.4853  84545.00   0.1   -525.96   0.0  12.10.2025  11:24:22
  3   4   7   8  $12    0.100     0.2128    401.08   0.2   -106.25   1.4  12.10.2025  11:24:37
  1   2   9  10  $12    0.001     3.3737 5341781.77   0.2   -626.07   0.8  12.10.2025  11:24:45
  2   3  10  11  $12    0.010     0.2925  46309.10   0.4   -573.21   1.0  12.10.2025  11:24:52
  3   4  11  12  $12    0.100     0.0336    532.10   2.9   -803.34   6.1  12.10.2025  11:25:08
  1   2  13  14  $12    0.010     0.0507  27347.20   0.5   -251.46   3.7  12.10.2025  11:25:13
  2   3  14  15  $12    0.010    -0.5121 276076.18   1.0  -1781.97   1.1  12.10.2025  11:25:19
  3   4  15  16  $12    0.100   -15.5573 838689.51   0.9   -306.01   0.8  12.10.2025  11:25:23
  5   6   9  10  $12    0.010     8.9248 168227.82   0.7   -693.90   1.3  12.10.2025  11:25:28
  6   7  10  11  $12    1.000     3.2381    610.37   0.0    -91.86   0.1  12.10.2025  11:25:33
  7   8  11  12  $12   10.000    15.1684    285.92   0.0      9.11   0.6  12.10.2025  11:25:37
  5   6  13  14  $12    1.000     0.3420    541.55   0.0    -41.35   4.3  12.10.2025  11:25:42
  6   7  14  15  $12    1.000    -8.5440  13528.28   0.0   -364.67   0.2  12.10.2025  11:25:44
  7   8  15  16  $12    1.000     4.9488   7835.76   0.4    394.38   2.9  12.10.2025  11:25:46
  9  10  13  14  $12    0.010     0.0449    846.57   0.3   -340.65   1.7  12.10.2025  11:25:55
 10  11  14  15  $12    1.000     2.2652    426.98   0.0    -12.87   5.3  12.10.2025  11:26:00
 11  12  15  16  $12    1.000   -18.4343   3474.78   0.8   -732.30   0.3  12.10.2025  11:26:02
  1   2   6   7  $12    0.010     0.6654  25085.86   0.3   -607.97   0.6  12.10.2025  11:26:11
  2   3   7   8  $12    0.010    -0.1777   6697.52   0.0   -530.07   0.4  12.10.2025  11:26:23
  1   2   7   8  $12    0.010     0.0914   6031.08   0.6   -432.74   1.9  12.10.2025  11:26:35
  2   3   7   8  $12    0.010    -0.1987   7489.57   0.2   -527.28   0.3  12.10.2025  11:26:47
  1   2  10  11  $12    0.010    -0.0009    208.58  30.1  -9279.97  39.6  12.10.2025  11:26:59
  2   3  11  12  $12    0.010     0.1497  33854.19   0.4    528.78   0.7  12.10.2025  11:27:11
  1   2  11  12  $12    0.010    -0.0121   3764.24   4.6   2243.36   4.6  12.10.2025  11:27:22
  2   3  11  12  $12    0.010     0.2078  47013.78   0.7    314.12   0.3  12.10.2025  11:27:28
  1   2  14  15  $12    0.010     0.2142 146972.62   1.3  -1302.02   1.3  12.10.2025  11:27:33
  2   3  15  16  $12    0.001    18.7405 128582784.28   0.1   -482.52   0.1  12.10.2025  11:27:38
  1   2  15  16  $12    0.001    -3.5889 30780346.85   0.4   -645.55   1.2  12.10.2025  11:27:40
  2   3  15  16  $12    0.001    19.0089 130424291.88   0.1   -491.72   0.2  12.10.2025  11:27:42
  5   6  10  11  $12    1.000     3.5258   1329.18   0.0    129.50   0.0  12.10.2025  11:27:49
  6   7  11  12  $12   10.000    -9.0077    339.58   0.9   -102.40   9.3  12.10.2025  11:27:53
  5   6  11  12  $12    1.000     1.2644    834.17   0.1   -139.12   1.4  12.10.2025  11:27:59
  6   7  11  12  $12    1.000    -0.0246      9.29   8.7 -18831.07   9.2  12.10.2025  11:28:14
  5   6  14  15  $12    1.000     4.3444   9826.74   0.2   -488.87   0.4  12.10.2025  11:28:16
  6   7  15  16  $12    0.010     5.4189 1225735.77   0.2   -563.71   1.3  12.10.2025  11:28:24
  5   6  15  16  $12    0.010    -2.2676 705269.15   0.9   -960.32   1.1  12.10.2025  11:28:26
  6   7  15  16  $12    0.010     5.0458 1141338.51   0.2   -563.62   1.7  12.10.2025  11:28:28
  9  10  14  15  $12    0.010    -8.0753 304430.49   0.1   -441.03   0.8  12.10.2025  11:28:30
 10  11  15  16  $12    1.000     4.7815   1802.57   0.4    474.49   3.2  12.10.2025  11:28:40
  9  10  15  16  $12    0.001    34.5293 22780194.02   0.1   -489.15   0.0  12.10.2025  11:28:52
 10  11  15  16  $12    1.000     4.7291   1782.82   0.3    270.25   6.5  12.10.2025  11:29:04
