//C:\Users\user\Desktop\GeoTom\GeoTomE724.ini
//- Cable direction:
//  cable I: normal
//  cable II: normal
//  cable III: normal
//  cable IV: normal
//- Cable arrangement: sequential
//- Optimization: Last measurement
//- Sorting: Multi-level
//- Current levels: 0.001 mA .. 50.0 mA
Type:         Flow
Name:         Hyprop
Comment:      Example of a measurements sequence
Comment:      
Comment:      
Spacing:      1.00000
First El:     0.00000
Nr of points: 289
IP present:   1

  1   5   2   6  $12    0.010     7.4444   3189.17   0.3   2848.36   0.4  11.10.2025  18:10:05
  1   5   3   7  $12    0.010    -3.6280   6838.63   0.2  -1191.09   0.2  11.10.2025  18:10:07
  1   5   4   8  $12    0.100    12.0443   1589.20   0.0     68.07   0.1  11.10.2025  18:10:11
  1   5  14   2  $12    0.010    -4.4466   3986.36   0.9   4741.31   1.0  11.10.2025  18:10:17
  1   5  15   3  $12    0.010     4.9845 109615.16   0.2   -843.63   1.5  11.10.2025  18:10:19
  1   5  16   4  $12    0.010   -21.8143  21335.30   0.0   -709.05   0.4  11.10.2025  18:10:21
  1   5  13   9  $12    0.010    21.2578 160279.96   0.3   -455.26   0.4  11.10.2025  18:10:23
  1   5  14  10  $12    0.100     7.4722   8582.96   0.0     60.13   0.1  11.10.2025  18:10:27
  1   5  15  11  $12    0.100    16.2605  26818.98   0.0   -204.79   0.0  11.10.2025  18:10:29
  1   5  16  12  $12    0.010   -21.3076 483222.77   0.0   -711.39   0.4  11.10.2025  18:10:34
  1   5  10   6  $12    0.100    18.8928   1669.31   0.0    -53.59   0.2  11.10.2025  18:10:37
  1   5  11   7  $12    0.100    10.4744   2467.97   0.0    -48.59   0.0  11.10.2025  18:10:39
  1   5  12   8  $12    0.100     6.3203   2866.70   0.0    -75.53   0.4  11.10.2025  18:10:41
  2   6   1   5  $12    0.010    11.2759   4830.56   0.1   1551.38   0.1  11.10.2025  18:10:47
  2   6   3   7  $12    0.010    -5.3829   2306.03   0.1  -1792.63   0.1  11.10.2025  18:10:49
  2   6   4   8  $12    0.010     0.3690    695.57   1.1   3014.83   1.4  11.10.2025  18:10:55
  2   6  13   1  $12    0.010    -7.2959   5380.76   0.3   2542.20   0.3  11.10.2025  18:10:56
  2   6  15   3  $12    0.010     7.4026   6636.43   0.0  -1351.61   0.1  11.10.2025  18:10:58
  2   6  16   4  $12    0.001    -5.8331 1282769.09   0.1   -751.70   0.1  11.10.2025  18:11:03
  2   6  13   9  $12    0.001     5.1526 233703.38   0.7   -507.44   2.4  11.10.2025  18:11:05
  2   6  14  10  $12    0.010     0.7731   5828.74   0.0     22.73   5.8  11.10.2025  18:11:12
  2   6  15  11  $12    0.010     0.1452   1667.28   0.4   -355.87   5.7  11.10.2025  18:11:24
  2   6  16  12  $12    0.001    -6.3387 1045470.86   0.0   -778.83   0.4  11.10.2025  18:11:29
  2   6   9   5  $12    0.001    -5.1670  68176.69   0.1   -527.76   1.0  11.10.2025  18:11:31
  2   6  11   7  $12    0.010     1.5868   1402.08   0.0    -87.65   0.5  11.10.2025  18:11:38
  2   6  12   8  $12    0.010     0.5539   1305.16   0.2    -13.44  36.6  11.10.2025  18:11:43
  3   7   1   5  $12    0.010    -3.1364   5911.96   0.9  -1168.43   0.8  11.10.2025  18:11:45
  3   7   2   6  $12    0.010    -6.5413   2802.27   0.8  -1565.79   0.6  11.10.2025  18:11:47
  3   7   4   8  $12    0.010     4.1319   1770.10   0.7     51.35  25.5  11.10.2025  18:11:49
  3   7  13   1  $12    0.010     4.9167   7723.16   0.0   -770.35   0.0  11.10.2025  18:11:51
  3   7  14   2  $12    0.010     7.1648   5284.08   0.3  -1248.55   0.4  11.10.2025  18:11:53
  3   7  16   4  $12    0.010   -14.0376  12584.77   0.4   -539.38   0.5  11.10.2025  18:11:55
  3   7  13   9  $12    0.010    10.2338  24112.90   0.0   -381.92   0.0  11.10.2025  18:11:57
  3   7  14  10  $12    0.100     6.4012   2903.39   0.0     46.27   0.2  11.10.2025  18:12:01
  3   7  15  11  $12    0.100    12.0495   9085.08   0.0   -176.30   0.3  11.10.2025  18:12:03
  3   7  16  12  $12    0.010   -12.8796 147940.86   0.1   -696.93   0.0  11.10.2025  18:12:08
  3   7   9   5  $12    0.010    -9.9838  18819.00   0.0   -429.24   0.3  11.10.2025  18:12:10
  3   7  10   6  $12    0.100    17.9601   2369.78   0.0    -49.01   0.2  11.10.2025  18:12:13
  3   7  12   8  $12    0.100    15.2504   1347.48   0.0    -22.16   0.6  11.10.2025  18:12:15
  4   8   1   5  $12    0.100     5.4082    713.59   0.0    693.79   0.6  11.10.2025  18:12:17
  4   8   2   6  $12    0.100     2.6108    492.12   0.9   4165.91   0.9  11.10.2025  18:12:21
  4   8   3   7  $12    0.010     4.1902   1795.09   0.0     42.63   2.6  11.10.2025  18:12:26
  4   8  13   1  $12    0.100     4.2189    948.88   0.0   -917.95   0.3  11.10.2025  18:12:34
  4   8  14   2  $12    0.100    10.4983   1649.07   0.2  -1064.06   1.2  11.10.2025  18:12:36
  4   8  15   3  $12    0.100   -18.9548   1397.93   0.0    119.73   0.7  11.10.2025  18:12:38
  4   8  13   9  $12    0.100    19.4904   1722.12   0.0   -242.23   0.2  11.10.2025  18:12:40
  4   8  14  10  $12    0.100     5.8690   1382.85   0.2      5.82  50.0  11.10.2025  18:12:42
  4   8  15  11  $12    0.100     6.6379   3010.76   0.0      1.67  22.8  11.10.2025  18:12:44
  4   8  16  12  $12    0.100    -7.3830   5566.63   0.2  -1119.94   0.9  11.10.2025  18:12:46
  4   8   9   5  $12    0.100    -9.9050    424.33   0.3   -477.89   0.8  11.10.2025  18:12:48
  4   8  10   6  $12    0.100     7.1711   1351.72   0.0    -18.41   0.6  11.10.2025  18:12:50
  4   8  11   7  $12    0.100    14.1401   1865.75   0.0     -0.46  18.1  11.10.2025  18:12:52
  5   9   6  10  $12    0.010     6.2384   2672.51   0.9    -42.74   1.8  11.10.2025  18:12:58
  5   9   7  11  $12    0.010     2.1079   3973.32   0.0   -110.75   0.6  11.10.2025  18:13:00
  5   9   8  12  $12    0.100     6.4645    852.98   0.5    678.90   5.3  11.10.2025  18:13:04
  5   9   2   6  $12    0.001     7.4249  97969.58   0.5   -780.50   0.7  11.10.2025  18:13:12
  5   9   3   7  $12    0.010    16.7146  31506.36   0.6   -714.70   0.0  11.10.2025  18:13:16
  5   9   4   8  $12    0.010     2.0690    886.35   0.7   -652.91   1.7  11.10.2025  18:13:18
  5   9   1  13  $12    0.001     4.3067 108239.53   0.6   -681.29   0.4  11.10.2025  18:13:23
  5   9   2  14  $12    0.001     9.9455 223684.67   0.9   -748.43   0.8  11.10.2025  18:13:25
  5   9   3  15  $12    0.001     2.4988  39250.90   0.4   -747.55   1.0  11.10.2025  18:13:27
  5   9   4  16  $12    0.001    -7.7354  57049.44   0.3   -759.21   0.6  11.10.2025  18:13:29
  5   9  14  10  $12    0.010     4.5527   4022.66   0.1     78.75   0.0  11.10.2025  18:13:32
  5   9  15  11  $12    0.010    -0.1636    385.58   4.0  -3169.41   2.2  11.10.2025  18:13:37
  5   9  16  12  $12    0.001     7.3860 335005.24   0.0   -723.99   0.9  11.10.2025  18:13:42
  6  10   5   9  $12    0.010     6.9954   2996.81   0.4   -110.36   2.3  11.10.2025  18:13:50
  6  10   7  11  $12    0.010     3.6758   1574.72   0.4      4.97 104.7  11.10.2025  18:13:52
  6  10   8  12  $12    0.010     2.1962   4139.73   0.2     -4.38  23.8  11.10.2025  18:13:54
  6  10   1   5  $12    0.100   -19.3017   1705.44   0.0   -104.04   0.5  11.10.2025  18:13:57
  6  10   3   7  $12    0.100   -17.0260   2246.53   0.0    -68.19   0.9  11.10.2025  18:13:59
  6  10   4   8  $12    0.100    -7.0842   1335.34   0.2    -17.23   3.8  11.10.2025  18:14:01
  6  10   1  13  $12    0.100     1.7788    400.07   0.4   1227.06   0.2  11.10.2025  18:14:04
  6  10   2  14  $12    0.100    -2.4081    605.22   0.8  -2430.32   0.8  11.10.2025  18:14:06
  6  10   3  15  $12    0.100     3.8167    858.42   0.1    296.60   0.9  11.10.2025  18:14:08
  6  10   4  16  $12    0.100    12.8751   2022.42   0.1   -352.22   0.5  11.10.2025  18:14:10
  6  10  13   9  $12    0.010     4.0812   5384.99   0.6   -127.34  16.8  11.10.2025  18:14:15
  6  10  15  11  $12    0.100    15.3234   1353.93   0.0     11.11   1.6  11.10.2025  18:14:18
  6  10  16  12  $12    0.100     1.7010    400.80   0.2   2824.83   0.6  11.10.2025  18:14:21
  7  11   5   9  $12    0.100    15.0662   2839.91   0.2     16.29  29.6  11.10.2025  18:14:23
  7  11   6  10  $12    0.010     3.6666   1570.77   0.0     -0.04 138.2  11.10.2025  18:14:28
  7  11   8  12  $12    0.010     4.8685   2085.65   0.0      0.39 243.6  11.10.2025  18:14:30
  7  11   1   5  $12    0.100    -7.8605   1852.09   0.0      5.95  12.5  11.10.2025  18:14:33
  7  11   2   6  $12    0.100   -14.3597   1268.78   0.0      7.37  14.4  11.10.2025  18:14:35
  7  11   4   8  $12    0.100   -14.1209   1863.21   0.1      4.27  15.3  11.10.2025  18:14:37
  7  11   1  13  $12    0.100     4.0419    634.90   0.3    -10.24  78.8  11.10.2025  18:14:39
  7  11   2  14  $12    0.100     4.8584   1092.70   0.1    -49.72   6.4  11.10.2025  18:14:41
  7  11   3  15  $12    0.100     5.0432   1267.49   0.0     -4.61   6.7  11.10.2025  18:14:43
  7  11   4  16  $12    0.100     5.9848   1346.03   0.2     17.69  31.0  11.10.2025  18:14:45
  7  11  13   9  $12    0.100     3.3689    635.02   0.9     82.71  16.1  11.10.2025  18:14:48
  7  11  14  10  $12    0.100    17.1108   2257.72   0.0      3.10  18.0  11.10.2025  18:14:50
  7  11  16  12  $12    0.010     2.8771   2542.16   0.3    -25.98  45.3  11.10.2025  18:14:55
  8  12   5   9  $12    0.100     7.9996   1055.52   0.0    150.36   1.0  11.10.2025  18:15:03
  8  12   6  10  $12    0.100    21.8872   4125.65   0.0     -0.46  22.4  11.10.2025  18:15:05
  8  12   7  11  $12    0.010     4.9015   2099.79   0.0     -0.69  12.0  11.10.2025  18:15:10
  8  12   1   5  $12    0.100    -4.0853   1852.97   0.8     86.59   6.5  11.10.2025  18:15:14
  8  12   2   6  $12    0.100    -5.4283   1279.02   0.9    235.87   4.9  11.10.2025  18:15:16
  8  12   3   7  $12    0.100   -13.9345   1231.21   0.0     14.90  13.3  11.10.2025  18:15:18
  8  12   1  13  $12    0.100     4.1340    304.88   0.1   -112.86   2.2  11.10.2025  18:15:20
  8  12   2  14  $12    0.100     5.6501    887.51   0.0   -217.03   1.2  11.10.2025  18:15:22
  8  12   3  15  $12    0.100     5.3184   1196.17   0.0    -36.00   2.9  11.10.2025  18:15:24
  8  12  16   4  $12    0.100    -5.8999   1482.80   0.1    155.44   0.7  11.10.2025  18:15:26
  8  12   9  13  $12    1.000    -3.7105     15.90   0.5   2333.56   0.4  11.10.2025  18:15:30
  8  12  10  14  $12    0.100   -10.9065   2055.83   0.0      2.94   3.5  11.10.2025  18:15:34
  8  12  11  15  $12    0.010    -2.9239   3857.96   0.0      8.34   3.5  11.10.2025  18:15:39
  9  13  10  14  $12    0.010     6.1378   2629.45   0.1     59.97   1.9  11.10.2025  18:15:41
  9  13  11  15  $12    0.010     2.0437   3852.20   0.3    157.31   1.1  11.10.2025  18:15:43
  9  13  12  16  $12    0.001     8.1483 107514.93   0.1   -716.68   0.2  11.10.2025  18:15:48
  9  13   6  10  $12    0.010    -5.1715   6823.59   0.0    -82.19   0.6  11.10.2025  18:15:52
  9  13   7  11  $12    0.100    -9.6415   1817.38   1.4    -64.04  26.5  11.10.2025  18:16:01
  9  13   8  12  $12    0.100    -3.3770    144.67   0.3     -6.48  58.0  11.10.2025  18:16:02
  9  13   5   1  $12    0.010    22.5619 170112.84   0.9   -447.83   2.3  11.10.2025  18:16:07
  9  13   6   2  $12    0.001     8.9156 404381.37   0.1   -762.39   0.1  11.10.2025  18:16:12
  9  13   7   3  $12    0.001     2.1421  50472.85   0.8   -730.54   0.3  11.10.2025  18:16:15
  9  13   8   4  $12    0.010     2.4461   2161.31   0.5   -548.08   0.3  11.10.2025  18:16:19
  9  13   2  14  $12    0.001    -9.7462  71879.12   0.2   -752.89   0.4  11.10.2025  18:16:24
  9  13   3  15  $12    0.001    -2.1282  33429.15   0.4   -813.98   0.9  11.10.2025  18:16:26
  9  13   4  16  $12    0.001     8.0488 181025.85   0.1   -735.19   0.2  11.10.2025  18:16:27
 10  14   9  13  $12    0.010     6.7990   2912.71   0.3      7.71  19.8  11.10.2025  18:16:34
 10  14  11  15  $12    0.010     4.5130   1933.36   0.3      2.94 162.2  11.10.2025  18:16:36
 10  14  12  16  $12    0.010     2.3500   4429.61   0.4     13.83  24.7  11.10.2025  18:16:38
 10  14   5   9  $12    0.010    -4.3535   3846.65   0.8     21.69  41.5  11.10.2025  18:16:40
 10  14   7  11  $12    0.100   -17.0966   2255.84   0.0      7.42   1.4  11.10.2025  18:16:44
 10  14   8  12  $12    0.100   -10.8296   2041.34   0.0      4.06   3.8  11.10.2025  18:16:46
 10  14   5   1  $12    0.100     8.0906   9293.18   0.0      4.44  11.7  11.10.2025  18:16:48
 10  14   6   2  $12    0.100     7.0655   5327.29   0.4    -15.44  10.6  11.10.2025  18:16:50
 10  14   7   3  $12    0.100     6.6506   3016.49   0.0      8.16   6.1  11.10.2025  18:16:52
 10  14   8   4  $12    0.100     5.8275   1373.07   0.1     -1.11 257.1  11.10.2025  18:16:54
 10  14   1  13  $12    0.100    16.8794   1513.25   0.0      3.46   4.8  11.10.2025  18:16:56
 10  14   3  15  $12    0.100    20.9194   1542.82   0.1      1.17  29.5  11.10.2025  18:16:58
 10  14   4  16  $12    0.100     6.2436    980.75   0.8    -10.04 140.1  11.10.2025  18:17:00
 11  15   9  13  $12    0.010     3.1291   5898.15   0.1   -258.80   1.9  11.10.2025  18:17:05
 11  15  10  14  $12    0.010     4.4802   1919.33   0.5     12.45  25.9  11.10.2025  18:17:07
 11  15  12  16  $12    0.010     5.2940   2267.96   0.4     85.33   9.6  11.10.2025  18:17:09
 11  15   5   9  $12    0.100    -9.1634   2159.08   0.1     11.33   9.4  11.10.2025  18:17:13
 11  15   6  10  $12    0.100   -15.4297   1363.33   0.0      6.77   3.9  11.10.2025  18:17:15
 11  15   8  12  $12    0.010    -2.8805   3800.73   0.0     10.49   0.9  11.10.2025  18:17:20
 11  15   5   1  $12    0.100     7.5922  12522.09   0.3    -67.65   3.9  11.10.2025  18:17:23
 11  15   6   2  $12    0.100     5.5775   6406.61   0.3    -66.75   0.6  11.10.2025  18:17:25
 11  15   7   3  $12    0.100     7.3014   5505.13   0.0    -40.66   0.9  11.10.2025  18:17:27
 11  15   8   4  $12    0.100     6.8034   3085.80   0.2     -7.89  14.8  11.10.2025  18:17:29
 11  15   1  13  $12    0.100     9.6959  21322.46   0.0     26.22   6.0  11.10.2025  18:17:31
 11  15   2  14  $12    0.010     2.6842   2406.40   0.2   -180.26   3.1  11.10.2025  18:17:36
 11  15   4  16  $12    0.100    18.3817   1355.67   0.0    -43.42   2.6  11.10.2025  18:17:40
 12  16   9  13  $12    0.001     7.5149  99156.86   0.4   -698.94   1.4  11.10.2025  18:17:48
 12  16  10  14  $12    0.010     2.4469   4612.32   0.0    -15.67   4.3  11.10.2025  18:17:52
 12  16  11  15  $12    0.010     5.9856   2564.24   0.0    -42.68   2.2  11.10.2025  18:17:54
 12  16   5   9  $12    0.001    -6.8902 312514.84   0.0   -658.79   0.6  11.10.2025  18:17:59
 12  16   6  10  $12    0.100    -6.1295   1444.23   0.2    -45.93   5.8  11.10.2025  18:18:04
 12  16   7  11  $12    0.010    -2.7395   2420.51   0.0     25.74   0.5  11.10.2025  18:18:09
 12  16   5   1  $12    0.010   -19.4554 441217.72   0.0   -676.91   0.1  11.10.2025  18:18:11
 12  16   6   2  $12    0.001    -5.2237 861567.39   0.0   -743.10   0.4  11.10.2025  18:18:16
 12  16   7   3  $12    0.010   -10.9690 125995.26   0.0   -708.69   0.1  11.10.2025  18:18:20
 12  16   8   4  $12    0.100    10.1808   7676.13   0.0    -70.81   2.0  11.10.2025  18:18:24
 12  16  13   1  $12    0.010   -21.8479  21368.16   0.1   -609.74   0.1  11.10.2025  18:18:28
 12  16  14   2  $12    0.001    -5.5974 1230924.63   0.1   -724.02   0.3  11.10.2025  18:18:33
 12  16  15   3  $12    0.010   -13.9801  12533.22   0.1   -562.06   0.0  11.10.2025  18:18:37
 13   1  14   2  $12    0.010     6.8893   2362.60   0.1   3049.68   0.1  11.10.2025  18:18:39
 13   1  15   3  $12    0.010    -4.0960   3106.08   0.3  -1083.49   0.1  11.10.2025  18:18:41
 13   1  16   4  $12    0.010    22.3690  28748.55   0.1   -660.96   0.5  11.10.2025  18:18:43
 13   1  10  14  $12    0.100   -17.3766   1557.82   0.0     20.18   1.2  11.10.2025  18:18:47
 13   1  11  15  $12    0.100    -1.4450   3177.75   0.5   2709.13   0.4  11.10.2025  18:18:49
 13   1  12  16  $12    0.010   -21.4405  20969.72   0.1   -675.06   0.2  11.10.2025  18:18:54
 13   1   9   5  $12    0.001     3.9087  98235.79   0.4   -688.88   5.6  11.10.2025  18:18:59
 13   1  10   6  $12    0.100     1.6382    368.44   0.1   -242.34   0.1  11.10.2025  18:19:07
 13   1  11   7  $12    0.100     1.0657    167.40   0.0    502.33   0.1  11.10.2025  18:19:12
 13   1  12   8  $12    0.100     1.2713     93.76   0.2    546.14   0.8  11.10.2025  18:19:18
 13   1   6   2  $12    0.001    -0.1498   1104.43   7.5 -16449.35   7.5  11.10.2025  18:19:25
 13   1   7   3  $12    0.010    -6.3341   9949.52   0.1   -761.23   0.2  11.10.2025  18:19:29
 13   1   8   4  $12    0.100     2.9125    655.06   0.2    166.57   1.0  11.10.2025  18:19:33
 14   2  13   1  $12    0.010     4.1008   1406.32   0.5   5395.66   0.6  11.10.2025  18:19:39
 14   2  15   3  $12    0.010    -4.8323   1657.19   0.3  -2041.75   0.4  11.10.2025  18:19:41
 14   2  16   4  $12    0.001     5.7470  43580.71   0.1   -719.79   0.1  11.10.2025  18:19:45
 14   2   9  13  $12    0.001     8.8226  65067.66   0.5   -660.34   1.6  11.10.2025  18:19:47
 14   2  11  15  $12    0.010    -2.4308   2179.20   0.0     51.38   0.6  11.10.2025  18:19:51
 14   2  12  16  $12    0.001    -5.6315 1238427.76   0.0   -713.78   0.1  11.10.2025  18:19:56
 14   2   9   5  $12    0.001     8.4702 190501.74   0.1   -639.81   0.3  11.10.2025  18:19:58
 14   2  10   6  $12    0.010    -0.3563    895.56   0.2  -1744.84   0.2  11.10.2025  18:20:05
 14   2  11   7  $12    0.010     0.3942    886.69   0.0    142.52   0.4  11.10.2025  18:20:10
 14   2  12   8  $12    0.010     0.5885    924.35   0.2   -101.39   1.7  11.10.2025  18:20:15
 14   2   5   1  $12    0.010     2.5025   2243.51   0.7   8912.66   0.7  11.10.2025  18:20:17
 14   2   7   3  $12    0.010    -8.4406   6224.99   0.0  -1219.38   0.1  11.10.2025  18:20:19
 14   2   8   4  $12    0.010    -0.9157   1438.34   0.9  -1244.91   1.8  11.10.2025  18:20:25
 15   3  13   1  $12    0.010    -4.5382   3441.37   0.2  -1062.51   0.8  11.10.2025  18:20:27
 15   3  14   2  $12    0.010    -3.0981   1062.46   0.8  -2068.30   1.8  11.10.2025  18:20:29
 15   3  16   4  $12    0.010    16.6766   5719.02   0.3   -489.84   1.3  11.10.2025  18:20:31
 15   3   9  13  $12    0.010    17.3880  27313.04   0.0   -725.12   0.1  11.10.2025  18:20:33
 15   3  10  14  $12    0.010    -2.0068   1480.03   0.5     12.56  43.5  11.10.2025  18:20:35
 15   3  12  16  $12    0.010   -14.0934  12634.80   0.0   -594.63   0.5  11.10.2025  18:20:37
 15   3   9   5  $12    0.010    18.4460  28974.97   0.5   -666.90   1.0  11.10.2025  18:20:39
 15   3  10   6  $12    0.100     3.4342    772.39   0.0    205.42   0.3  11.10.2025  18:20:42
 15   3  11   7  $12    0.100     3.7878    951.99   0.0     41.04   0.2  11.10.2025  18:20:45
 15   3  12   8  $12    0.100     4.3933    988.10   0.0     29.35   0.9  11.10.2025  18:20:47
 15   3   5   1  $12    0.010    -7.4356 163517.92   0.2   -798.47   0.3  11.10.2025  18:20:51
 15   3   6   2  $12    0.010   -10.3185   9250.59   0.6  -1061.38   0.4  11.10.2025  18:20:53
 15   3   8   4  $12    0.010     1.9681   1451.50   0.2    158.00   7.2  11.10.2025  18:20:58
 16   4  13   1  $12    0.001     2.7251  35023.17   0.1   -664.69   0.5  11.10.2025  18:21:03
 16   4  14   2  $12    0.001     5.7254  43416.70   0.6   -683.30   2.0  11.10.2025  18:21:05
 16   4  15   3  $12    0.001     2.0946   7183.21   0.7   -502.75   1.6  11.10.2025  18:21:07
 16   4   9  13  $12    0.001    -6.1576 138489.34   0.3   -639.81   0.2  11.10.2025  18:21:09
 16   4  10  14  $12    0.100    -4.9642    779.77   0.1    177.17   0.4  11.10.2025  18:21:14
 16   4  11  15  $12    0.010    -2.3156   1707.74   0.0    -95.25   0.2  11.10.2025  18:21:19
 16   4   9   5  $12    0.001    -6.1506  45360.95   0.8   -737.16   0.6  11.10.2025  18:21:24
 16   4  10   6  $12    0.100    11.7883   1851.71   0.1    -35.13   1.4  11.10.2025  18:21:29
 16   4  11   7  $12    0.100    11.3435   2551.27   0.0    -65.78   1.0  11.10.2025  18:21:31
 16   4  12   8  $12    0.100    10.7524   2702.37   0.0    -96.59   2.9  11.10.2025  18:21:33
 16   4   5   1  $12    0.010    19.8087  19373.74   0.2   -678.34   0.4  11.10.2025  18:21:38
 16   4   6   2  $12    0.001     5.2852 1162276.45   0.7   -742.54   2.3  11.10.2025  18:21:43
 16   4   7   3  $12    0.010    16.1381  14467.82   0.1   -590.18   0.1  11.10.2025  18:21:47
  1   4   2   3  $12    0.010    12.0896   7596.14   0.3   1324.83   0.6  11.10.2025  18:21:49
  2   3   1   4  $12    0.010    13.9827   8785.60   0.1   1080.02   0.3  11.10.2025  18:21:51
  1   2   3   4  $12    0.010     3.5210   6636.94   0.3  -1985.14   0.3  11.10.2025  18:21:53
  3   4   1   2  $12    0.010     3.7962   7155.65   0.4  -1864.19   0.2  11.10.2025  18:21:55
  5   8   6   7  $12    0.100    15.8665    996.92   0.0      8.63   0.1  11.10.2025  18:21:59
  6   7   5   8  $12    0.100    15.9738   1003.66   0.4     12.35   8.8  11.10.2025  18:22:01
  5   6   7   8  $12    0.100    -4.3772    825.08   0.8     13.33  26.1  11.10.2025  18:22:03
  7   8   5   6  $12    0.100    -4.3645    822.69   0.8     -3.42 450.6  11.10.2025  18:22:05
  9  12  10  11  $12    0.010     4.5779   2876.35   0.5     64.59   0.9  11.10.2025  18:22:10
 10  11   9  12  $12    0.010     5.5159   3465.76   0.2     -0.26 2805.1  11.10.2025  18:22:12
  9  10  11  12  $12    0.100    -3.4255    645.69   0.9    -15.14 194.2  11.10.2025  18:22:18
 11  12   9  10  $12    0.100    -4.1806    788.03   0.4    112.25   9.6  11.10.2025  18:22:21
 13  16  14  15  $12    0.010     2.6234   1648.34   0.1   -114.47   0.9  11.10.2025  18:22:25
 14  15  13  16  $12    0.100    20.4133   1282.61   0.0    -63.70   2.0  11.10.2025  18:22:29
 13  14  15  16  $12    0.100    -8.0587   1519.04   0.2    -30.33   6.5  11.10.2025  18:22:31
  1   9  10   2  $12    0.001   -10.4209  37500.00   0.8   -436.28   0.6  11.10.2025  18:22:40
  1   9  11   3  $12    0.001    -2.0721  17753.84   0.9   -601.70   2.0  11.10.2025  18:22:42
  1   9  12   4  $12    0.010    -3.1964   5344.83   0.1   -380.10   0.1  11.10.2025  18:22:46
  2  10   9   1  $12    0.001   -10.1187  36412.83   0.4   -407.31   1.4  11.10.2025  18:22:51
  2  10  11   3  $12    0.010     8.3802   3015.66   0.1  -1619.20   0.3  11.10.2025  18:22:55
  2  10  12   4  $12    0.010    -1.2812   1097.69   0.6    893.11   1.6  11.10.2025  18:23:00
  3  11   9   1  $12    0.010   -19.7126  16889.70   0.0   -587.56   0.0  11.10.2025  18:23:02
  3  11  10   2  $12    0.010     8.2798   2979.52   0.8  -1523.43   1.8  11.10.2025  18:23:04
  3  11  12   4  $12    0.010    -6.1419   2210.18   0.3     38.46  18.1  11.10.2025  18:23:06
 12   4   9   1  $12    0.010     3.2573   5446.72   0.7   -453.02   1.5  11.10.2025  18:23:08
 12   4  10   2  $12    0.100    11.6395    997.27   0.0    899.80   0.2  11.10.2025  18:23:12
 12   4  11   3  $12    0.010     6.2194   2238.07   0.0     39.33   2.9  11.10.2025  18:23:17
 13   5  14   6  $12    0.010     4.6390   1669.37   0.1      1.92  84.5  11.10.2025  18:23:19
 13   5  15   7  $12    0.010     2.9329   2512.86   0.1      3.00  70.8  11.10.2025  18:23:21
 13   5  16   8  $12    0.010     3.5140   5875.94   0.3   -345.45   1.5  11.10.2025  18:23:23
 14   6  13   5  $12    0.010     4.6813   1684.60   0.3     -2.78 179.4  11.10.2025  18:23:25
 14   6  15   7  $12    0.010     4.8523   1746.14   0.0      1.05  43.4  11.10.2025  18:23:27
 14   6  16   8  $12    0.010     3.2807   2810.87   0.4   -167.74   5.7  11.10.2025  18:23:29
 15   7  13   5  $12    0.010     2.9967   2567.59   0.5      2.13 356.5  11.10.2025  18:23:31
 15   7  14   6  $12    0.010     4.8579   1748.15   0.0      0.47 119.1  11.10.2025  18:23:33
 15   7  16   8  $12    0.010     4.3981   1582.68   0.4     97.01   2.7  11.10.2025  18:23:35
 16   8  13   5  $12    0.010     3.7973   6349.57   0.4   -207.01   0.3  11.10.2025  18:23:37
 16   8  14   6  $12    0.010     3.4735   2976.10   0.1   -156.49   2.0  11.10.2025  18:23:39
 16   8  15   7  $12    0.010     5.2875   1902.74   0.0    -70.74   1.1  11.10.2025  18:23:41
  1   2   5   6  $12    0.010     0.5838  11004.64   0.4   -368.24   1.4  11.10.2025  18:23:47
  2   3   6   7  $12    0.010    -0.5071   9557.81   1.0   -720.74   2.4  11.10.2025  18:23:52
  3   4   7   8  $12    0.100    -0.6961   1312.05   0.2   -183.37   0.3  11.10.2025  18:23:59
  1   2   9  10  $12    0.001     4.9167 7784893.45   0.2   -685.60   0.0  11.10.2025  18:24:07
  2   3  10  11  $12    0.010     0.0172   2717.72   3.0  -1553.76   3.8  11.10.2025  18:24:21
  3   4  11  12  $12    0.100    -0.2332   3691.82   1.2   -290.28   0.8  11.10.2025  18:24:36
  1   2  13  14  $12    0.010     0.0407  21957.97   0.4    -68.27   8.7  11.10.2025  18:24:42
  2   3  14  15  $12    0.010     0.3019 162755.64   0.6    203.94   4.2  11.10.2025  18:24:47
  3   4  15  16  $12    0.010    17.9703 9687759.58   0.2   -688.74   0.6  11.10.2025  18:24:49
  5   6   9  10  $12    0.100   -14.2504  26861.35   0.0   -544.92   0.4  11.10.2025  18:24:53
  6   7  10  11  $12    1.000     2.0709    390.35   0.1      8.34  12.1  11.10.2025  18:24:57
  7   8  11  12  $12   10.000    15.9906    301.41   0.0      5.23   0.6  11.10.2025  18:25:01
  5   6  13  14  $12    1.000     0.3402    538.60   0.0    -98.90   1.0  11.10.2025  18:25:06
  6   7  14  15  $12   10.000    -1.4710    232.91   1.2  -1317.37   8.2  11.10.2025  18:25:18
  7   8  15  16  $12   10.000    17.0776   2704.01   0.1   -161.51   0.4  11.10.2025  18:25:20
  9  10  13  14  $12    0.100     0.1864    351.39   5.2  -1509.53   1.2  11.10.2025  18:25:29
 10  11  14  15  $12    1.000     2.1877    412.38   0.0     -9.93   2.2  11.10.2025  18:25:32
 11  12  15  16  $12    1.000     0.1449     27.32   5.7  28396.33   6.4  11.10.2025  18:25:36
  1   2   6   7  $12    0.010     0.2908  10962.38   0.1   -635.98   0.3  11.10.2025  18:25:45
  2   3   7   8  $12    0.010     0.0042    158.81   9.9   7800.06   9.5  11.10.2025  18:25:57
  1   2   7   8  $12    0.010     0.0907   5984.77   0.9   -667.65   1.0  11.10.2025  18:26:09
  2   3   7   8  $12    0.010    -0.0034    126.81  13.7 -11994.26  12.6  11.10.2025  18:26:21
  1   2  10  11  $12    0.010     0.0203   4593.53   1.1     97.58  13.4  11.10.2025  18:26:33
  2   3  11  12  $12    0.010     0.1059  23958.42   0.2   -321.05   0.5  11.10.2025  18:26:45
  1   2  11  12  $12    0.010    -0.0357  11110.22   1.6     41.58  20.2  11.10.2025  18:26:57
  2   3  11  12  $12    0.010     0.1083  24486.98   0.2   -291.45   0.5  11.10.2025  18:27:09
  1   2  14  15  $12    0.010    -0.2092 143514.36   0.5    430.22   3.4  11.10.2025  18:27:14
  2   3  15  16  $12    0.001     4.3154 29608922.84   0.0   -738.90   0.3  11.10.2025  18:27:19
  1   2  15  16  $12    0.001    -3.4316 29431102.64   0.7   -773.48   1.0  11.10.2025  18:27:21
  2   3  15  16  $12    0.001     4.2809 29372596.15   0.1   -742.32   0.3  11.10.2025  18:27:23
  5   6  10  11  $12    1.000     2.6889   1013.67   0.0     10.36   2.5  11.10.2025  18:27:30
  6   7  11  12  $12   10.000    13.4211    505.96   0.7     54.96  11.6  11.10.2025  18:27:34
  5   6  11  12  $12    1.000     0.9359    617.43   0.5    199.62   4.0  11.10.2025  18:27:39
  6   7  11  12  $12   10.000    12.6825    478.12   0.0      1.90  26.1  11.10.2025  18:27:43
  5   6  14  15  $12    1.000   -12.7579  28857.64   0.6   -431.13   0.3  11.10.2025  18:27:48
  6   7  15  16  $12    0.100     2.3076  52197.26   0.5   -703.50   1.6  11.10.2025  18:27:53
  5   6  15  16  $12    0.010     4.9016 1524475.90   0.1   -629.47   0.3  11.10.2025  18:27:58
  6   7  15  16  $12    1.000    22.7397  51436.01   0.0   -770.59   0.5  11.10.2025  18:28:03
  9  10  14  15  $12    0.100   -16.4649  62071.26   0.6    -64.28   7.3  11.10.2025  18:28:09
 10  11  15  16  $12    1.000     7.3646   2776.39   0.6    133.92   1.3  11.10.2025  18:28:18
  9  10  15  16  $12    0.001     8.8213 5819733.43   0.2   -732.00   0.6  11.10.2025  18:28:29
 10  11  15  16  $12    1.000     7.3910   2786.36   0.3    140.31   7.6  11.10.2025  18:28:36
