//C:\Users\user\Desktop\GeoTom\GeoTomE724.ini
//- Cable direction:
//  cable I: normal
//  cable II: normal
//  cable III: normal
//  cable IV: normal
//- Cable arrangement: sequential
//- Optimization: Last measurement
//- Sorting: Multi-level
//- Current levels: 0.001 mA .. 50.0 mA
Type:         Flow
Name:         Hyprop
Comment:      Example of a measurements sequence
Comment:      
Comment:      
Spacing:      1.00000
First El:     0.00000
Nr of points: 289
IP present:   1

  1   5   2   6  $12    0.001    -2.4859  10649.75   0.2  -3006.87   0.3  12.10.2025  18:10:09
  1   5   3   7  $12    0.010    -4.9551   9340.08   0.3   -540.21   0.3  12.10.2025  18:10:13
  1   5   4   8  $12    0.010   -11.7800  15543.33   0.3   -373.90   0.5  12.10.2025  18:10:15
  1   5  14   2  $12    0.001     3.7842  33925.76   0.4  -2123.23   1.5  12.10.2025  18:10:20
  1   5  15   3  $12    0.010     8.9867 197628.15   0.1   -513.02   0.3  12.10.2025  18:10:24
  1   5  16   4  $12    0.001   -20.5958 201436.23   0.0   -469.97   0.3  12.10.2025  18:10:29
  1   5  13   9  $12    0.001    12.8078 965688.47   0.1   -442.38   0.8  12.10.2025  18:10:31
  1   5  14  10  $12    0.010     0.5759   6615.20   0.4    508.23   0.4  12.10.2025  18:10:38
  1   5  15  11  $12    0.010     0.7654  12624.56   0.7  -1279.23   0.7  12.10.2025  18:10:43
  1   5  16  12  $12    0.001   -22.0214 4994094.85   0.0   -460.86   0.3  12.10.2025  18:10:48
  1   5  10   6  $12    0.010     9.9176   8762.88   0.1   -366.50   0.3  12.10.2025  18:10:51
  1   5  11   7  $12    0.010     1.0469   2466.58   0.2   -195.72   1.3  12.10.2025  18:10:57
  1   5  12   8  $12    0.010    -0.0731    331.65   2.1   3604.16   1.8  12.10.2025  18:11:08
  2   6   1   5  $12    0.001    -0.6401   2742.39   3.7 -10018.32   5.7  12.10.2025  18:11:18
  2   6   3   7  $12    0.010     6.9979   2997.91   0.1    445.47   0.2  12.10.2025  18:11:21
  2   6   4   8  $12    0.010    -9.4796  17868.71   0.2   -582.42   0.1  12.10.2025  18:11:23
  2   6  13   1  $12    0.001     0.5807   4283.04   0.7  -9897.16   0.8  12.10.2025  18:11:28
  2   6  15   3  $12    0.010    -2.9224   2619.92   0.3   1569.47   0.2  12.10.2025  18:11:32
  2   6  16   4  $12    0.001   -16.7685 3687579.75   0.5   -434.00   0.5  12.10.2025  18:11:37
  2   6  13   9  $12    0.001    10.1024 458210.04   0.4   -402.17   2.1  12.10.2025  18:11:39
  2   6  14  10  $12    0.010     0.4776   3601.19   0.3    509.83   1.3  12.10.2025  18:11:46
  2   6  15  11  $12    0.010     0.5173   5942.13   0.8  -1478.42   0.3  12.10.2025  18:11:52
  2   6  16  12  $12    0.001   -18.7913 3099312.85   0.0   -473.53   0.0  12.10.2025  18:11:56
  2   6   9   5  $12    0.001   -10.6080 139968.85   0.1   -443.51   0.3  12.10.2025  18:11:59
  2   6  11   7  $12    0.010     1.7283   1527.06   0.0   -110.23   0.1  12.10.2025  18:12:06
  2   6  12   8  $12    0.010     0.2284    538.27   0.4   -833.39   1.3  12.10.2025  18:12:11
  3   7   1   5  $12    0.010    -5.8905  11103.37   0.7   -801.58   1.6  12.10.2025  18:12:13
  3   7   2   6  $12    0.010     3.5937   1539.54   0.7   1386.17   1.3  12.10.2025  18:12:15
  3   7   4   8  $12    0.010     5.0643   2169.54   0.2     32.93  33.1  12.10.2025  18:12:17
  3   7  13   1  $12    0.010     6.7565  10613.11   0.3   -722.85   0.7  12.10.2025  18:12:19
  3   7  14   2  $12    0.010    -1.2663    933.93   0.5   3071.07   0.2  12.10.2025  18:12:21
  3   7  16   4  $12    0.010   -16.7246  14993.66   0.6   -456.25   0.7  12.10.2025  18:12:23
  3   7  13   9  $12    0.010     7.8392  18470.64   0.2   -465.93   0.4  12.10.2025  18:12:25
  3   7  14  10  $12    0.100     6.8232   3094.78   0.0     24.92   0.8  12.10.2025  18:12:29
  3   7  15  11  $12    0.100     7.5761   5712.27   0.0    -53.90   1.6  12.10.2025  18:12:31
  3   7  16  12  $12    0.010   -10.2736 118007.31   0.4   -627.93   0.7  12.10.2025  18:12:36
  3   7   9   5  $12    0.010    -5.2492   9894.52   0.2   -572.89   0.2  12.10.2025  18:12:38
  3   7  10   6  $12    0.100    19.0614   2515.09   0.0    -75.95   0.0  12.10.2025  18:12:42
  3   7  12   8  $12    0.100    13.6423   1205.40   0.0     -6.93   2.0  12.10.2025  18:12:44
  4   8   1   5  $12    0.010   -14.3762  18968.91   0.2   -599.29   0.1  12.10.2025  18:12:48
  4   8   2   6  $12    0.010   -11.6923  22039.47   0.3   -748.83   0.3  12.10.2025  18:12:50
  4   8   3   7  $12    0.010     4.7833   2049.16   0.4     70.29   7.8  12.10.2025  18:12:52
  4   8  13   1  $12    0.010    15.7273  35372.29   0.1   -548.93   0.2  12.10.2025  18:12:54
  4   8  14   2  $12    0.010    13.9427  21901.13   0.1   -625.72   1.2  12.10.2025  18:12:57
  4   8  15   3  $12    0.010    -2.6801   1976.61   0.2    170.89   6.1  12.10.2025  18:12:59
  4   8  13   9  $12    0.010    13.8771  12261.44   0.6   -454.69   0.8  12.10.2025  18:13:01
  4   8  14  10  $12    0.100     5.3505   1260.69   0.0     71.23   0.2  12.10.2025  18:13:05
  4   8  15  11  $12    0.100     7.7857   3531.34   0.0   -154.22   0.3  12.10.2025  18:13:07
  4   8  16  12  $12    0.010   -22.5239 169825.88   0.3   -485.67   0.4  12.10.2025  18:13:11
  4   8   9   5  $12    0.010   -12.8093   5487.48   0.4   -501.49   1.6  12.10.2025  18:13:13
  4   8  10   6  $12    0.100    15.5691   2934.71   0.0   -228.13   0.1  12.10.2025  18:13:17
  4   8  11   7  $12    0.100    14.5549   1920.47   0.0    -19.39   0.5  12.10.2025  18:13:19
  5   9   6  10  $12    0.010    12.6155   5404.47   0.6   -132.64   0.7  12.10.2025  18:13:24
  5   9   7  11  $12    0.010     2.0564   3876.28   0.1    -96.65   1.3  12.10.2025  18:13:26
  5   9   8  12  $12    0.010     0.7132    941.05   0.6   -364.45   1.7  12.10.2025  18:13:32
  5   9   2   6  $12    0.001    13.1366 173332.97   0.0   -533.45   0.4  12.10.2025  18:13:37
  5   9   3   7  $12    0.010     7.4189  13984.36   0.1   -405.13   0.5  12.10.2025  18:13:41
  5   9   4   8  $12    0.010    13.7998   5911.81   0.0   -485.64   0.1  12.10.2025  18:13:43
  5   9   1  13  $12    0.001    13.8816 348882.69   0.1   -462.18   0.9  12.10.2025  18:13:48
  5   9   2  14  $12    0.001    13.4263 301970.65   0.2   -532.13   0.7  12.10.2025  18:13:50
  5   9   3  15  $12    0.010     9.7880  15374.98   0.0   -449.85   0.1  12.10.2025  18:13:54
  5   9   4  16  $12    0.001   -16.2076 119532.01   0.9   -503.42   0.4  12.10.2025  18:13:59
  5   9  14  10  $12    0.010     7.6634   6771.21   0.0    114.72   0.1  12.10.2025  18:14:02
  5   9  15  11  $12    0.010     0.9808   2310.96   0.4    707.98   1.2  12.10.2025  18:14:08
  5   9  16  12  $12    0.001    18.9010 857286.30   0.2   -487.03   0.4  12.10.2025  18:14:13
  6  10   5   9  $12    0.010    15.6198   6691.52   0.3   -179.84   1.7  12.10.2025  18:14:17
  6  10   7  11  $12    0.010     3.9035   1672.27   0.4     33.84   7.8  12.10.2025  18:14:19
  6  10   8  12  $12    0.010     2.3021   4339.28   0.1      1.11 108.5  12.10.2025  18:14:21
  6  10   1   5  $12    0.010    -9.7788   8640.27   0.3   -450.30   1.1  12.10.2025  18:14:23
  6  10   3   7  $12    0.010    -2.0065   2647.52   0.0    -57.29   3.4  12.10.2025  18:14:25
  6  10   4   8  $12    0.100   -13.4854   2541.93   0.0   -200.91   0.2  12.10.2025  18:14:28
  6  10   1  13  $12    0.010    -6.2801  14124.49   0.2   -507.06   0.7  12.10.2025  18:14:33
  6  10   2  14  $12    0.010    -6.1873  15550.35   0.7   -586.40   1.0  12.10.2025  18:14:35
  6  10   3  15  $12    0.100     2.4516    551.39   0.0    695.31   0.5  12.10.2025  18:14:39
  6  10   4  16  $12    0.010     9.7808  15363.59   0.3   -448.74   1.9  12.10.2025  18:14:44
  6  10  13   9  $12    0.010    10.2996  13589.99   0.1   -194.83   2.4  12.10.2025  18:14:46
  6  10  15  11  $12    0.100    15.5742   1376.09   0.0     28.09   0.7  12.10.2025  18:14:50
  6  10  16  12  $12    0.010    -8.7127  20528.80   0.0   -542.23   0.6  12.10.2025  18:14:55
  7  11   5   9  $12    0.100    15.9445   3005.47   0.0      1.88 212.9  12.10.2025  18:14:59
  7  11   6  10  $12    0.010     3.9029   1671.99   0.0     10.78   2.4  12.10.2025  18:15:03
  7  11   8  12  $12    0.010     5.1170   2192.12   0.0      4.25   3.2  12.10.2025  18:15:05
  7  11   1   5  $12    0.100    -6.5222   1536.76   0.0    -15.50  12.0  12.10.2025  18:15:14
  7  11   2   6  $12    0.100   -14.6283   1292.51   0.4    -11.80   3.6  12.10.2025  18:15:16
  7  11   4   8  $12    0.100   -14.0617   1855.39   0.0     -6.11  12.0  12.10.2025  18:15:18
  7  11   1  13  $12    0.100     4.8605    763.48   0.8      0.90 942.0  12.10.2025  18:15:20
  7  11   2  14  $12    0.100     5.6629   1273.63   0.2     -1.84 108.4  12.10.2025  18:15:22
  7  11   3  15  $12    0.100     5.3983   1356.74   0.1      6.21  19.9  12.10.2025  18:15:24
  7  11   4  16  $12    0.100     5.8625   1318.54   0.3     35.54  22.9  12.10.2025  18:15:26
  7  11  13   9  $12    0.100     4.8803    919.91   0.4    -11.40  11.1  12.10.2025  18:15:28
  7  11  14  10  $12    0.100    18.0894   2386.84   0.0     26.84   4.2  12.10.2025  18:15:30
  7  11  16  12  $12    0.010     3.3842   2990.21   0.5    -93.74   5.0  12.10.2025  18:15:36
  8  12   5   9  $12    0.100     1.8579    245.14   0.9    921.90   0.6  12.10.2025  18:15:46
  8  12   6  10  $12    0.100    22.9196   4320.25   0.0      2.88  13.9  12.10.2025  18:15:48
  8  12   7  11  $12    0.010     5.1350   2199.83   0.0      2.71   1.8  12.10.2025  18:15:53
  8  12   1   5  $12    0.100     3.2691   1482.76   0.6   -812.38   0.1  12.10.2025  18:15:58
  8  12   2   6  $12    0.100     0.9949    234.41   2.5  -3282.51   1.7  12.10.2025  18:16:04
  8  12   3   7  $12    0.100   -13.4849   1191.49   0.0      4.86  23.4  12.10.2025  18:16:06
  8  12   1  13  $12    0.100    12.5237    923.63   0.1   -283.45   2.4  12.10.2025  18:16:08
  8  12   2  14  $12    0.100    12.9510   2034.34   0.1   -288.91   0.2  12.10.2025  18:16:10
  8  12   3  15  $12    0.100     5.8723   1320.74   0.0     -8.25   2.0  12.10.2025  18:16:12
  8  12  16   4  $12    0.100     4.8389   1216.14   0.8  -1424.65   1.1  12.10.2025  18:16:14
  8  12   9  13  $12    0.100     4.7872    205.09   0.4   -602.28   0.2  12.10.2025  18:16:16
  8  12  10  14  $12    0.100   -11.3349   2136.57   0.0      5.11  14.5  12.10.2025  18:16:18
  8  12  11  15  $12    0.010    -3.1403   4143.50   0.0     14.32   0.4  12.10.2025  18:16:23
  9  13  10  14  $12    0.010     9.0754   3887.90   0.0    100.06   0.4  12.10.2025  18:16:25
  9  13  11  15  $12    0.010     2.3777   4481.83   0.0    365.20   0.2  12.10.2025  18:16:27
  9  13  12  16  $12    0.001    16.9283 223363.73   0.0   -505.44   1.8  12.10.2025  18:16:32
  9  13   6  10  $12    0.010   -11.8744  15667.95   0.0   -164.99   0.0  12.10.2025  18:16:36
  9  13   7  11  $12    0.100    -9.0453   1705.01   0.7    452.39   0.4  12.10.2025  18:16:40
  9  13   8  12  $12    0.010     0.1350     57.85   0.2   -379.18   1.8  12.10.2025  18:16:45
  9  13   5   1  $12    0.001    12.0276 906858.25   0.5   -449.32   1.9  12.10.2025  18:16:50
  9  13   6   2  $12    0.001    12.0423 546200.64   0.4   -518.63   1.1  12.10.2025  18:16:52
  9  13   7   3  $12    0.010     8.6039  20272.42   0.0   -323.50   0.2  12.10.2025  18:16:56
  9  13   8   4  $12    0.010    13.1728  11639.16   0.0   -378.60   0.2  12.10.2025  18:16:58
  9  13   2  14  $12    0.001   -12.9553  95546.14   0.1   -528.99   0.2  12.10.2025  18:17:03
  9  13   3  15  $12    0.010    -7.3963  11618.01   0.2   -530.25   0.1  12.10.2025  18:17:07
  9  13   4  16  $12    0.001    16.4275 369470.12   0.5   -488.70   0.5  12.10.2025  18:17:12
 10  14   9  13  $12    0.010    10.0851   4320.45   0.0     28.66   3.7  12.10.2025  18:17:15
 10  14  11  15  $12    0.010     4.7487   2034.34   0.2     14.19  12.0  12.10.2025  18:17:17
 10  14  12  16  $12    0.010     2.7728   5226.64   0.5   -146.66   2.0  12.10.2025  18:17:20
 10  14   5   9  $12    0.010    -7.2442   6400.74   0.2     42.32  10.8  12.10.2025  18:17:22
 10  14   7  11  $12    0.100   -18.1968   2401.02   0.0     29.43   0.3  12.10.2025  18:17:25
 10  14   8  12  $12    0.100   -11.2625   2122.93   0.0      4.99   1.0  12.10.2025  18:17:27
 10  14   5   1  $12    0.100     7.5555   8678.60   0.1   -294.80   2.4  12.10.2025  18:17:29
 10  14   6   2  $12    0.100     7.1686   5405.01   0.2   -168.30   1.1  12.10.2025  18:17:31
 10  14   7   3  $12    0.100     6.7917   3080.48   0.1      3.99   5.1  12.10.2025  18:17:33
 10  14   8   4  $12    0.100     5.6955   1341.97   0.2     16.02  13.2  12.10.2025  18:17:35
 10  14   1  13  $12    0.100    18.5417   1662.27   0.0     58.94   1.7  12.10.2025  18:17:37
 10  14   3  15  $12    0.100    20.7582   1530.93   0.0     -0.43  23.4  12.10.2025  18:17:39
 10  14   4  16  $12    0.100     7.2291   1135.54   0.0   -379.52   0.4  12.10.2025  18:17:41
 11  15   9  13  $12    0.010     3.1036   5850.18   0.2   -164.65   1.2  12.10.2025  18:17:46
 11  15  10  14  $12    0.010     4.5838   1963.70   0.2      9.01  52.8  12.10.2025  18:17:48
 11  15  12  16  $12    0.010     5.8508   2506.50   0.6    227.17   3.3  12.10.2025  18:17:51
 11  15   5   9  $12    0.100   -11.8188   2784.74   0.4    -71.45  11.8  12.10.2025  18:17:54
 11  15   6  10  $12    0.100   -15.4082   1361.43   0.0     25.32   1.4  12.10.2025  18:17:56
 11  15   8  12  $12    0.010    -3.1029   4094.24   0.0     11.50   0.8  12.10.2025  18:18:01
 11  15   5   1  $12    0.100     0.5653    932.30   3.2   6894.07   2.9  12.10.2025  18:18:10
 11  15   6   2  $12    0.100     1.0723   1231.73   1.2   3731.00   1.1  12.10.2025  18:18:16
 11  15   7   3  $12    0.100     7.4489   5616.36   0.0      9.16   3.2  12.10.2025  18:18:18
 11  15   8   4  $12    0.100     6.5013   2948.78   0.1     10.09  20.8  12.10.2025  18:18:20
 11  15   1  13  $12    0.100    17.6096  38725.52   0.2   -289.50   2.8  12.10.2025  18:18:22
 11  15   2  14  $12    0.010     3.0410   2726.31   0.9   -227.72   1.0  12.10.2025  18:18:27
 11  15   4  16  $12    0.010     2.0886   1540.33   0.4    762.84   9.9  12.10.2025  18:18:29
 12  16   9  13  $12    0.001    14.8979 196573.11   0.0   -475.71   0.9  12.10.2025  18:18:34
 12  16  10  14  $12    0.010     2.0589   3880.96   0.1     38.89   0.8  12.10.2025  18:18:38
 12  16  11  15  $12    0.010     9.2653   3969.23   0.0   -122.81   0.4  12.10.2025  18:18:40
 12  16   5   9  $12    0.001   -14.1688 642652.23   0.1   -485.94   0.1  12.10.2025  18:18:45
 12  16   6  10  $12    0.010     7.8089  18399.38   0.0   -510.91   0.1  12.10.2025  18:18:49
 12  16   7  11  $12    0.010    -2.7867   2462.27   0.3    -26.33  17.8  12.10.2025  18:18:51
 12  16   5   1  $12    0.001   -17.1819 3896585.23   0.6   -424.39   0.8  12.10.2025  18:18:56
 12  16   6   2  $12    0.001   -16.5210 2724870.95   0.3   -503.28   0.1  12.10.2025  18:18:58
 12  16   7   3  $12    0.010    -9.3185 107036.38   0.0   -434.79   0.2  12.10.2025  18:19:01
 12  16   8   4  $12    0.010   -15.3642 115843.03   0.0   -445.66   0.2  12.10.2025  18:19:03
 12  16  13   1  $12    0.001   -17.3804 169987.39   0.0   -416.52   0.1  12.10.2025  18:19:08
 12  16  14   2  $12    0.001   -17.5745 3864832.14   0.7   -492.28   0.2  12.10.2025  18:19:10
 12  16  15   3  $12    0.010   -18.7804  16836.69   0.0   -307.80   0.3  12.10.2025  18:19:14
 13   1  14   2  $12    0.001    -2.9159   9999.59   0.2  -2710.74   0.2  12.10.2025  18:19:19
 13   1  15   3  $12    0.010    -6.2682   4753.24   0.0   -570.63   0.2  12.10.2025  18:19:23
 13   1  16   4  $12    0.001    16.6496 213980.31   0.1   -500.76   0.2  12.10.2025  18:19:28
 13   1  10  14  $12    0.010    -1.9452   1743.86   0.1    -57.95   2.8  12.10.2025  18:19:35
 13   1  11  15  $12    0.010    -0.4754  10455.31   0.8   1846.85   1.0  12.10.2025  18:19:40
 13   1  12  16  $12    0.001   -17.3110 169309.03   0.4   -476.88   0.4  12.10.2025  18:19:45
 13   1   9   5  $12    0.001    12.5771 316096.17   0.2   -456.23   0.3  12.10.2025  18:19:47
 13   1  10   6  $12    0.010    -6.3962  14385.69   0.0   -464.24   0.0  12.10.2025  18:19:51
 13   1  11   7  $12    0.010     0.3791    595.47   1.1     75.64  12.0  12.10.2025  18:19:56
 13   1  12   8  $12    0.010     0.9000    663.75   0.2     95.83   5.5  12.10.2025  18:20:01
 13   1   6   2  $12    0.001    -2.3138  17064.21   0.4  -2907.27   0.5  12.10.2025  18:20:06
 13   1   7   3  $12    0.010    -6.0225   9460.07   0.3   -414.32   0.1  12.10.2025  18:20:10
 13   1   8   4  $12    0.010   -13.2284  29751.99   0.0   -332.70   0.3  12.10.2025  18:20:12
 14   2  13   1  $12    0.001    -0.5031   1725.40   5.3 -11987.71   6.7  12.10.2025  18:20:22
 14   2  15   3  $12    0.010     3.6575   1254.30   0.8   1279.89   1.1  12.10.2025  18:20:26
 14   2  16   4  $12    0.001    14.7889 112146.25   0.0   -472.99   0.1  12.10.2025  18:20:31
 14   2   9  13  $12    0.001    10.7027  78933.56   0.0   -453.63   0.4  12.10.2025  18:20:33
 14   2  11  15  $12    0.010    -1.5763   1413.16   0.4    439.45   0.6  12.10.2025  18:20:40
 14   2  12  16  $12    0.001   -16.5389 3637090.28   0.0   -496.52   0.4  12.10.2025  18:20:45
 14   2   9   5  $12    0.001    11.6665 262390.95   0.4   -479.13   0.4  12.10.2025  18:20:47
 14   2  10   6  $12    0.010    -6.3044  15844.71   0.1   -543.36   0.3  12.10.2025  18:20:51
 14   2  11   7  $12    0.010     0.3917    880.94   1.0     82.42  17.6  12.10.2025  18:20:56
 14   2  12   8  $12    0.010     0.9674   1519.64   0.2     -2.44 109.0  12.10.2025  18:21:01
 14   2   5   1  $12    0.001    -1.7357  15560.74   0.7  -3616.73   0.7  12.10.2025  18:21:07
 14   2   7   3  $12    0.010     4.8585   3583.17   0.1    576.80   0.5  12.10.2025  18:21:10
 14   2   8   4  $12    0.010   -10.0171  15734.76   0.0   -494.89   0.3  12.10.2025  18:21:12
 15   3  13   1  $12    0.010    -6.1255   4645.07   0.3   -963.55   0.4  12.10.2025  18:21:14
 15   3  14   2  $12    0.010     2.9936   1026.63   0.8   2111.57   1.3  12.10.2025  18:21:16
 15   3  16   4  $12    0.010    18.6151   6383.81   0.1   -366.79   0.6  12.10.2025  18:21:18
 15   3   9  13  $12    0.010     6.7949  10673.47   0.1   -694.64   0.3  12.10.2025  18:21:20
 15   3  10  14  $12    0.010    -2.0408   1505.08   0.5     15.52  72.5  12.10.2025  18:21:22
 15   3  12  16  $12    0.010   -15.1211  13556.15   0.1   -483.29   0.2  12.10.2025  18:21:24
 15   3   9   5  $12    0.010     8.2605  12975.60   0.4   -579.48   0.2  12.10.2025  18:21:26
 15   3  10   6  $12    0.100     2.8848    648.81   0.2    526.39   0.8  12.10.2025  18:21:30
 15   3  11   7  $12    0.100     5.4203   1362.26   0.0      5.32  14.5  12.10.2025  18:21:32
 15   3  12   8  $12    0.100     5.9025   1327.54   0.0     -0.82  25.4  12.10.2025  18:21:34
 15   3   5   1  $12    0.010    -5.2773 116054.58   0.3   -940.84   2.3  12.10.2025  18:21:39
 15   3   6   2  $12    0.010     0.7646    685.49   1.7   8494.30   1.8  12.10.2025  18:21:46
 15   3   8   4  $12    0.010     2.6801   1976.60   0.3    152.81   9.2  12.10.2025  18:21:48
 16   4  13   1  $12    0.001    16.0609 206413.85   0.0   -448.37   0.0  12.10.2025  18:21:53
 16   4  14   2  $12    0.001    15.6275 118505.92   0.8   -515.79   0.5  12.10.2025  18:21:55
 16   4  15   3  $12    0.010    18.9907   6512.61   0.0   -255.82   0.1  12.10.2025  18:21:59
 16   4   9  13  $12    0.001   -12.2675 275908.24   0.6   -494.46   0.8  12.10.2025  18:22:03
 16   4  10  14  $12    0.010    -0.2487    390.70   1.2    958.78   2.2  12.10.2025  18:22:10
 16   4  11  15  $12    0.010    -4.8061   3544.54   0.2   -212.48   0.0  12.10.2025  18:22:12
 16   4   9   5  $12    0.001   -12.5061  92233.76   0.0   -492.22   0.1  12.10.2025  18:22:17
 16   4  10   6  $12    0.010     8.8266  13864.84   0.0   -444.14   0.0  12.10.2025  18:22:21
 16   4  11   7  $12    0.010     0.9790   2201.87   0.5   -121.59   3.2  12.10.2025  18:22:26
 16   4  12   8  $12    0.010     0.5688   1429.47   0.9   -275.74   0.8  12.10.2025  18:22:31
 16   4   5   1  $12    0.001    16.3952 160352.39   0.0   -428.43   0.1  12.10.2025  18:22:36
 16   4   6   2  $12    0.001    15.9564 3508990.81   0.1   -496.00   0.4  12.10.2025  18:22:38
 16   4   7   3  $12    0.010    12.4279  11141.67   0.0   -270.32   0.3  12.10.2025  18:22:42
  1   4   2   3  $12    0.001    -1.0320   6484.26   0.4  -6612.34   0.5  12.10.2025  18:22:47
  2   3   1   4  $12    0.001     0.5391   3387.58   2.5   9829.84   3.9  12.10.2025  18:22:54
  1   2   3   4  $12    0.010    -7.3887  13927.29   0.0    -24.50   1.7  12.10.2025  18:22:58
  3   4   1   2  $12    0.010    -5.3781  10137.45   0.3     95.30   4.1  12.10.2025  18:23:00
  5   8   6   7  $12    0.100    16.1632   1015.56   0.0     -2.49   8.7  12.10.2025  18:23:03
  6   7   5   8  $12    0.100    16.9371   1064.19   0.2    -11.54  15.0  12.10.2025  18:23:05
  5   6   7   8  $12    0.100    -4.9061    924.78   0.5      0.91 1137.8  12.10.2025  18:23:07
  7   8   5   6  $12    0.100    -4.9233    928.02   0.2      3.07  82.8  12.10.2025  18:23:09
  9  12  10  11  $12    0.100    19.2425   1209.04   0.7     83.52  29.6  12.10.2025  18:23:12
 10  11   9  12  $12    0.010     6.5470   4113.63   0.1     37.38   6.9  12.10.2025  18:23:17
  9  10  11  12  $12    0.100   -10.7154   2019.81   0.9    -77.56  12.2  12.10.2025  18:23:20
 11  12   9  10  $12    0.100    -0.1808     34.07  43.9   1347.46 230.0  12.10.2025  18:23:27
 13  16  14  15  $12    0.010     5.6517   3551.06   0.3   -260.06   0.0  12.10.2025  18:23:32
 14  15  13  16  $12    0.010     0.4692    294.83   1.1   4866.94   1.0  12.10.2025  18:23:34
 13  14  15  16  $12    0.100    -5.3985   1017.60   0.2    -57.28   3.8  12.10.2025  18:23:38
  1   9  10   2  $12    0.001   -10.1173  36407.74   0.2     83.60   2.6  12.10.2025  18:23:46
  1   9  11   3  $12    0.010    -2.9117   2494.78   0.1    234.59   1.7  12.10.2025  18:23:50
  1   9  12   4  $12    0.010    -0.2601    435.00   0.6   3601.34   1.6  12.10.2025  18:24:03
  2  10   9   1  $12    0.001   -10.7952  38846.91   0.1     58.68   1.5  12.10.2025  18:24:08
  2  10  11   3  $12    0.010    -6.5163   2344.92   0.3    546.08   0.6  12.10.2025  18:24:11
  2  10  12   4  $12    0.010     9.1021   7798.68   0.1   -652.81   0.0  12.10.2025  18:24:13
  3  11   9   1  $12    0.100   -19.3133   1654.76   0.0    350.97   0.1  12.10.2025  18:24:17
  3  11  10   2  $12    0.010    -4.0151   1444.84   0.5   1369.98   0.6  12.10.2025  18:24:22
  3  11  12   4  $12    0.010    -7.1389   2568.97   0.0     62.13   6.3  12.10.2025  18:24:24
 12   4   9   1  $12    0.100   -16.1611   2702.36   0.0   -874.75   0.3  12.10.2025  18:24:28
 12   4  10   2  $12    0.010   -11.0141   9436.83   0.0   -780.79   0.9  12.10.2025  18:24:33
 12   4  11   3  $12    0.010     6.9824   2512.65   0.1     66.77   4.2  12.10.2025  18:24:35
 13   5  14   6  $12    0.010     4.9850   1793.86   0.1      8.39   8.8  12.10.2025  18:24:37
 13   5  15   7  $12    0.010     3.0618   2623.35   0.0     -0.45 153.4  12.10.2025  18:24:39
 13   5  16   8  $12    0.010     5.1839   8668.17   0.8   -467.90   0.8  12.10.2025  18:24:41
 14   6  13   5  $12    0.010     5.0130   1803.97   0.9      2.67 306.6  12.10.2025  18:24:43
 14   6  15   7  $12    0.010     5.0055   1801.25   0.0      8.41   2.3  12.10.2025  18:24:45
 14   6  16   8  $12    0.010    12.7614  10933.93   0.6   -425.75   0.4  12.10.2025  18:24:47
 15   7  13   5  $12    0.010     3.1436   2693.40   0.0     14.14  37.6  12.10.2025  18:24:49
 15   7  14   6  $12    0.010     5.0646   1822.51   0.0     -5.07  22.9  12.10.2025  18:24:51
 15   7  16   8  $12    0.010     3.7620   1353.77   0.9    483.73   1.9  12.10.2025  18:24:54
 16   8  13   5  $12    0.010     0.6133   1025.56   0.9   1654.93   1.9  12.10.2025  18:25:00
 16   8  14   6  $12    0.010    10.4238   8931.09   0.1   -328.55   0.0  12.10.2025  18:25:02
 16   8  15   7  $12    0.010     8.9715   3228.46   0.0   -182.82   0.2  12.10.2025  18:25:04
  1   2   5   6  $12    0.010     0.3133   5906.25   0.9   -394.94   1.6  12.10.2025  18:25:16
  2   3   6   7  $12    0.010    -5.8983 111180.21   0.1   -542.22   0.2  12.10.2025  18:25:18
  3   4   7   8  $12    0.100     0.3094    583.24   0.5   -138.99   2.5  12.10.2025  18:25:25
  1   2   9  10  $12    0.010    -6.0495 957862.25   0.9      0.90 588.9  12.10.2025  18:25:30
  2   3  10  11  $12    0.010     0.3935  62307.17   0.9   -534.29   0.5  12.10.2025  18:25:39
  3   4  11  12  $12    0.100    -0.3050   4829.18   0.1    -77.02   5.4  12.10.2025  18:25:45
  1   2  13  14  $12    0.010     0.0555  29923.18   0.5   -252.20   2.8  12.10.2025  18:25:51
  2   3  14  15  $12    0.010    -0.2110 113738.57   1.7  -3461.77   1.9  12.10.2025  18:25:56
  3   4  15  16  $12    0.010   -10.1604 5477421.27   0.9   -462.47   0.9  12.10.2025  18:25:58
  5   6   9  10  $12    0.010     5.3388 100634.60   0.5   -566.50   0.6  12.10.2025  18:26:00
  6   7  10  11  $12    1.000     5.3506   1008.57   0.0   -143.59   0.6  12.10.2025  18:26:06
  7   8  11  12  $12   10.000    15.1673    285.90   0.0      7.84   0.4  12.10.2025  18:26:09
  5   6  13  14  $12    1.000    -0.4755    752.88   0.2   -607.65   2.0  12.10.2025  18:26:15
  6   7  14  15  $12    1.000   -12.9851  20560.06   0.0   -391.10   0.0  12.10.2025  18:26:17
  7   8  15  16  $12    1.000     2.9874   4730.15   0.1    327.48  10.0  12.10.2025  18:26:19
  9  10  13  14  $12    0.010     0.0853   1607.42   0.5   -522.66   1.6  12.10.2025  18:26:27
 10  11  14  15  $12    1.000     2.3130    435.99   0.0     -5.61  14.2  12.10.2025  18:26:33
 11  12  15  16  $12    0.100    -7.7887  14681.37   1.8   -541.55   4.0  12.10.2025  18:26:42
  1   2   6   7  $12    0.010    -0.3735  14082.41   0.6      3.11 566.8  12.10.2025  18:26:47
  2   3   7   8  $12    0.010    -0.1418   5344.11   0.7   -600.21   1.1  12.10.2025  18:26:59
  1   2   7   8  $12    0.010     0.0507   3345.30   1.4   -206.25   5.8  12.10.2025  18:27:11
  2   3   7   8  $12    0.010    -0.1371   5168.71   0.4   -726.03   1.3  12.10.2025  18:27:23
  1   2  10  11  $12    0.010     0.0350   7916.61   1.6   -420.56   3.6  12.10.2025  18:27:35
  2   3  11  12  $12    0.010     0.4166  94221.91   0.5   -117.68   3.9  12.10.2025  18:27:40
  1   2  11  12  $12    0.010     0.0819  25479.52   0.9     37.87  17.1  12.10.2025  18:27:52
  2   3  11  12  $12    0.010     0.4623 104560.91   0.1   -123.72   1.9  12.10.2025  18:27:57
  1   2  14  15  $12    0.010     0.2116 145182.38   0.5    -40.72  25.1  12.10.2025  18:28:03
  2   3  15  16  $12    0.001    18.6399 127892928.92   0.0   -500.28   0.1  12.10.2025  18:28:08
  1   2  15  16  $12    0.010     0.2217 190132.62  29.2   2353.35 2932.0  12.10.2025  18:28:17
  2   3  15  16  $12    0.001    18.9138 129772110.74   0.3   -508.74   1.0  12.10.2025  18:28:22
  5   6  10  11  $12    1.000     2.6215    988.28   0.2    200.02   0.4  12.10.2025  18:28:29
  6   7  11  12  $12    1.000    -0.5148    194.06   0.7   -761.96   0.4  12.10.2025  18:28:35
  5   6  11  12  $12    1.000     2.5026   1651.05   0.2   -250.97   2.3  12.10.2025  18:28:37
  6   7  11  12  $12    1.000    -1.3329    502.50   0.2   -488.04   0.2  12.10.2025  18:28:42
  5   6  14  15  $12    1.000    11.2874  25531.48   0.4   -409.07   0.3  12.10.2025  18:28:44
  6   7  15  16  $12    0.010    11.4875 2598410.03   0.0   -532.76   0.1  12.10.2025  18:28:52
  5   6  15  16  $12    0.010    -9.3604 2911235.92   0.2   -610.94   0.5  12.10.2025  18:28:54
  6   7  15  16  $12    0.010    11.0720 2504427.51   0.2   -520.78   1.1  12.10.2025  18:28:56
  9  10  14  15  $12    0.010    -0.0804   3030.36   5.0  -8963.40   4.4  12.10.2025  18:29:08
 10  11  15  16  $12    1.000     3.1021   1169.46   0.9    907.25   4.5  12.10.2025  18:29:14
  9  10  15  16  $12    0.001    20.8535 13757750.32   0.0   -485.80   0.1  12.10.2025  18:29:26
 10  11  15  16  $12    1.000     3.7261   1404.70   0.6    328.32   7.1  12.10.2025  18:29:33
