//C:\Users\user\Desktop\GeoTom\GeoTomE724.ini
//- Cable direction:
//  cable I: normal
//  cable II: normal
//  cable III: normal
//  cable IV: normal
//- Cable arrangement: sequential
//- Optimization: Last measurement
//- Sorting: Multi-level
//- Current levels: 0.001 mA .. 50.0 mA
Type:         Flow
Name:         Hyprop
Comment:      Example of a measurements sequence
Comment:      
Comment:      
Spacing:      1.00000
First El:     0.00000
Nr of points: 289
IP present:   1

  1   5   2   6  $12    0.001    34.4466 147568.83   0.1   -818.16   0.1  15.10.2025  03:10:09
  1   5   3   7  $12    0.001   -10.7267 202194.00   0.3    -11.15  27.8  15.10.2025  03:10:11
  1   5   4   8  $12    0.010     1.2193   1608.83   6.8  -5532.79   6.5  15.10.2025  03:10:20
  1   5  14   2  $12    0.001   -31.5884 283190.72   0.0   -924.78   0.0  15.10.2025  03:10:25
  1   5  15   3  $12    0.001    12.9191 2841052.62   0.0    -93.81   1.3  15.10.2025  03:10:27
  1   5  16   4  $12    0.001   -24.3836 238482.28   0.0    648.58   0.1  15.10.2025  03:10:29
  1   5  13   9  $12    0.001   -51.5152 3884156.41   0.0  -2342.82   0.0  15.10.2025  03:10:32
  1   5  14  10  $12    0.010    -7.6142  87460.15   0.4   -986.74   0.0  15.10.2025  03:10:35
  1   5  15  11  $12    0.010    22.8406 376717.73   0.0   -529.89   0.0  15.10.2025  03:10:37
  1   5  16  12  $12    0.001   -24.9692 5662618.64   0.0    568.62   0.7  15.10.2025  03:10:43
  1   5  10   6  $12    0.001     3.8624  34127.52   0.6   -128.08   2.8  15.10.2025  03:10:45
  1   5  11   7  $12    0.010    11.0369  26005.07   0.0   -793.89   0.0  15.10.2025  03:10:49
  1   5  12   8  $12    0.001     0.5812  26360.15   0.7  -1654.57   1.0  15.10.2025  03:10:54
  2   6   1   5  $12    0.001    80.0407 342893.67   0.2   -742.49   0.1  15.10.2025  03:10:56
  2   6   3   7  $12    0.001     3.9545  16941.22   0.0   -181.90   1.6  15.10.2025  03:10:58
  2   6   4   8  $12    0.010    12.8084  24143.18   0.4    159.05   3.4  15.10.2025  03:11:02
  2   6  13   1  $12    0.001   -83.3635 614812.15   0.1   -665.19   0.0  15.10.2025  03:11:08
  2   6  15   3  $12    0.001    -4.0714  36500.45   0.9     54.90  20.6  15.10.2025  03:11:10
  2   6  16   4  $12    0.001   -13.6986 3012486.40   0.2    676.04   0.8  15.10.2025  03:11:12
  2   6  13   9  $12    0.001   -34.9829 1586711.45   0.4  -2055.74   0.5  15.10.2025  03:11:14
  2   6  14  10  $12    0.010   -14.6866 110734.45   0.1  -1137.07   0.0  15.10.2025  03:11:18
  2   6  15  11  $12    0.001     1.0654 122381.22   0.1   -498.93   0.0  15.10.2025  03:11:23
  2   6  16  12  $12    0.001   -12.6669 2089197.87   0.0    656.45   0.1  15.10.2025  03:11:25
  2   6   9   5  $12    0.001    33.5787 443060.55   0.0  -2065.59   0.0  15.10.2025  03:11:27
  2   6  11   7  $12    0.010    14.4040  12726.99   0.2   -920.60   0.0  15.10.2025  03:11:31
  2   6  12   8  $12    0.010    11.9907  28252.51   0.2  -1309.52   0.1  15.10.2025  03:11:33
  3   7   1   5  $12    0.001    26.4410 498400.93   0.1   -966.99   0.2  15.10.2025  03:11:38
  3   7   2   6  $12    0.001     8.1269  34815.42   0.6   -280.04   1.9  15.10.2025  03:11:40
  3   7   4   8  $12    0.001     2.0943   8972.09   0.7    -31.58   2.9  15.10.2025  03:11:42
  3   7  13   1  $12    0.001   -28.0779 441046.31   0.0   -928.88   0.1  15.10.2025  03:11:45
  3   7  14   2  $12    0.001    -7.1288  52575.59   0.2   -357.59   0.4  15.10.2025  03:11:47
  3   7  16   4  $12    0.001    -9.0534  81163.66   0.0    410.83   0.8  15.10.2025  03:11:49
  3   7  13   9  $12    0.001   -20.9588 493830.32   0.0  -1825.64   0.0  15.10.2025  03:11:51
  3   7  14  10  $12    0.100    -2.4652   1118.14   0.5    678.87   1.6  15.10.2025  03:11:57
  3   7  15  11  $12    0.100     5.7499   4335.32   0.5   2632.23   0.5  15.10.2025  03:12:00
  3   7  16  12  $12    0.001    -9.1714 1053464.73   0.4    269.94   1.5  15.10.2025  03:12:08
  3   7   9   5  $12    0.001    16.9301 319125.80   0.7  -2267.17   0.9  15.10.2025  03:12:10
  3   7  10   6  $12    0.010    13.0580  17229.65   0.0   -147.03   0.4  15.10.2025  03:12:14
  3   7  12   8  $12    0.010     2.3147   2045.22   0.5   -822.89   1.0  15.10.2025  03:12:16
  4   8   1   5  $12    0.001     5.9392  78365.79   0.7   -658.22   2.1  15.10.2025  03:12:21
  4   8   2   6  $12    0.010     6.6572  12548.54   0.0    460.03   0.5  15.10.2025  03:12:25
  4   8   3   7  $12    0.010     8.2129   3518.42   0.5    756.01   0.9  15.10.2025  03:12:27
  4   8  13   1  $12    0.001    -5.9779 134448.18   0.1   -691.57   0.2  15.10.2025  03:12:32
  4   8  14   2  $12    0.010    -4.0162   6308.67   0.3    803.98   0.1  15.10.2025  03:12:37
  4   8  15   3  $12    0.010    -5.0918   3755.28   0.6   1303.53   0.9  15.10.2025  03:12:39
  4   8  13   9  $12    0.001    -3.7562  33188.87   0.6  -1619.41   0.2  15.10.2025  03:12:44
  4   8  14  10  $12    0.100     1.0089    237.71   4.4   5511.98   5.0  15.10.2025  03:12:53
  4   8  15  11  $12    0.100    20.6046   9345.58   0.0   -334.12   0.0  15.10.2025  03:12:55
  4   8  16  12  $12    0.010   -15.9707 120416.10   0.3    147.24   3.4  15.10.2025  03:13:00
  4   8   9   5  $12    0.001     4.2869  18365.21   0.6  -1692.28   0.7  15.10.2025  03:13:06
  4   8  10   6  $12    0.010     2.6575   5009.23   0.0   -198.60   1.5  15.10.2025  03:13:10
  4   8  11   7  $12    0.100    17.4677   2304.81   0.0   -136.44   0.1  15.10.2025  03:13:14
  5   9   6  10  $12    0.001     8.4028  35997.71   0.1      7.57   2.7  15.10.2025  03:13:22
  5   9   7  11  $12    0.010    13.7379  25895.26   0.1   -359.55   0.3  15.10.2025  03:13:26
  5   9   8  12  $12    0.010    19.9529  26327.18   0.1  -1195.64   0.0  15.10.2025  03:13:28
  5   9   2   6  $12    0.001    23.3551 308163.92   0.0    675.64   0.2  15.10.2025  03:13:33
  5   9   3   7  $12    0.001    22.5373 424817.52   0.1    -64.60   3.2  15.10.2025  03:13:35
  5   9   4   8  $12    0.001     3.4887  14945.51   0.8   -161.02   5.3  15.10.2025  03:13:37
  5   9   1  13  $12    0.001   -63.5264 1596593.25   0.1  -1374.62   0.0  15.10.2025  03:13:40
  5   9   2  14  $12    0.001    30.2290 679878.74   0.0    575.12   0.0  15.10.2025  03:13:42
  5   9   3  15  $12    0.001    27.4285 430845.71   0.0   -115.19   1.3  15.10.2025  03:13:45
  5   9   4  16  $12    0.001   -26.4392 194991.37   0.1    757.94   0.1  15.10.2025  03:13:47
  5   9  14  10  $12    0.001     4.3123  38102.40   0.0    101.72   0.7  15.10.2025  03:13:49
  5   9  15  11  $12    0.001    -2.1250  50069.17   0.1   -640.56   0.1  15.10.2025  03:13:51
  5   9  16  12  $12    0.001    32.6519 1480983.76   0.3    564.28   0.5  15.10.2025  03:13:54
  6  10   5   9  $12    0.001     3.8913  16670.08   0.9    949.81   2.8  15.10.2025  03:13:56
  6  10   7  11  $12    0.010     6.4265   2753.13   0.0    230.25   0.0  15.10.2025  03:13:59
  6  10   8  12  $12    0.010     3.3763   6364.12   0.0    266.95   0.5  15.10.2025  03:14:01
  6  10   1   5  $12    0.001     2.7969  24712.29   0.8  -1404.59   4.5  15.10.2025  03:14:06
  6  10   3   7  $12    0.010   -15.0786  19895.76   0.2   -300.37   0.4  15.10.2025  03:14:10
  6  10   4   8  $12    0.010    -2.1554   4062.83   0.7   -187.02   7.0  15.10.2025  03:14:12
  6  10   1  13  $12    0.001     3.7736  84871.98   0.7  -1144.75   1.7  15.10.2025  03:14:17
  6  10   2  14  $12    0.010   -16.1625  40620.73   0.0    -35.05   1.8  15.10.2025  03:14:21
  6  10   3  15  $12    0.010   -13.0995  29461.96   0.1   -372.23   0.2  15.10.2025  03:14:23
  6  10   4  16  $12    0.010    19.2612  30255.50   0.2    -57.84   1.8  15.10.2025  03:14:25
  6  10  13   9  $12    0.001     0.3774   4980.00   1.0  16011.24   1.0  15.10.2025  03:14:31
  6  10  15  11  $12    0.010     4.5746   4042.02   0.0    208.20   0.2  15.10.2025  03:14:34
  6  10  16  12  $12    0.010   -18.3208  43167.44   0.0   -133.98   0.9  15.10.2025  03:14:36
  7  11   5   9  $12    0.010     6.1503  11593.08   0.1     54.35  10.0  15.10.2025  03:14:38
  7  11   6  10  $12    0.010     7.0879   3036.44   0.0    132.87   0.9  15.10.2025  03:14:40
  7  11   8  12  $12    0.010     8.2604   3538.74   0.0     79.17   0.2  15.10.2025  03:14:42
  7  11   1   5  $12    0.010    -3.7439   8821.43   0.4     68.61   4.7  15.10.2025  03:14:45
  7  11   2   6  $12    0.100    -8.0242    709.00   0.4   -202.79   1.2  15.10.2025  03:14:49
  7  11   4   8  $12    0.100   -13.5994   1794.40   0.0    -32.31   5.7  15.10.2025  03:14:51
  7  11   1  13  $12    0.100     3.3242    522.17   0.3   3280.90   0.3  15.10.2025  03:14:53
  7  11   2  14  $12    0.100    14.2694   3209.33   0.0    125.14   0.9  15.10.2025  03:14:55
  7  11   3  15  $12    0.100    10.4913   2636.76   0.2    113.89   0.3  15.10.2025  03:14:57
  7  11   4  16  $12    0.100     0.3441     77.39   1.6  -3601.52   1.1  15.10.2025  03:15:02
  7  11  13   9  $12    0.100    13.6789   2578.41   0.9    687.94   2.1  15.10.2025  03:15:04
  7  11  14  10  $12    0.010     3.5119   4633.80   0.2    190.08   0.2  15.10.2025  03:15:08
  7  11  16  12  $12    0.010     5.0149   4431.05   0.5    -48.47  20.9  15.10.2025  03:15:10
  8  12   5   9  $12    0.010    18.8445  24864.69   0.2  -1364.61   0.1  15.10.2025  03:15:12
  8  12   6  10  $12    0.010     4.7535   8960.17   0.2      0.40 1303.8  15.10.2025  03:15:14
  8  12   7  11  $12    0.010     6.7428   2888.62   0.2     40.89   5.8  15.10.2025  03:15:16
  8  12   1   5  $12    0.001    -3.5168 159509.78   0.2   -545.07   1.2  15.10.2025  03:15:21
  8  12   2   6  $12    0.010     8.7505  20617.86   0.6   -389.36   0.7  15.10.2025  03:15:26
  8  12   3   7  $12    0.010     6.2300   5504.63   0.7   -712.88   0.5  15.10.2025  03:15:28
  8  12   1  13  $12    0.010   -22.3261  16465.69   0.2   -735.03   0.1  15.10.2025  03:15:30
  8  12   2  14  $12    0.010    11.0784  17401.88   0.1   -344.45   0.2  15.10.2025  03:15:32
  8  12   3  15  $12    0.010     9.1127  20495.30   0.1   -514.74   0.4  15.10.2025  03:15:34
  8  12  16   4  $12    0.010     9.5824  24083.09   0.1   -465.45   0.2  15.10.2025  03:15:36
  8  12   9  13  $12    0.010   -17.1903   7364.31   0.2  -1549.97   0.2  15.10.2025  03:15:38
  8  12  10  14  $12    0.010    -2.4365   4592.66   0.2    169.15   2.5  15.10.2025  03:15:40
  8  12  11  15  $12    0.010    -3.8997   5145.57   0.0    164.58   0.7  15.10.2025  03:15:42
  9  13  10  14  $12    0.001     4.2474  18195.66   0.0    103.77   0.1  15.10.2025  03:15:47
  9  13  11  15  $12    0.001    -2.3107  43554.80   0.0   -618.84   0.2  15.10.2025  03:15:49
  9  13  12  16  $12    0.001    29.5162 389456.77   0.2    618.72   0.1  15.10.2025  03:15:52
  9  13   6  10  $12    0.001    -8.2575 108955.36   0.0      7.29  42.2  15.10.2025  03:15:54
  9  13   7  11  $12    0.010    -6.9398  13081.23   0.0   -316.35   0.4  15.10.2025  03:15:57
  9  13   8  12  $12    0.010   -15.3965   6595.85   0.3  -1618.55   0.0  15.10.2025  03:15:59
  9  13   5   1  $12    0.001   -54.3660 4099099.55   0.3  -1346.35   0.0  15.10.2025  03:16:05
  9  13   6   2  $12    0.001    21.8802 992415.96   0.1    895.95   0.4  15.10.2025  03:16:07
  9  13   7   3  $12    0.001    22.3332 526213.02   0.2    -48.36   3.4  15.10.2025  03:16:09
  9  13   8   4  $12    0.001     2.7937  24684.60   0.9    -49.41   2.9  15.10.2025  03:16:11
  9  13   2  14  $12    0.001   -27.0320 199363.20   0.5    741.61   0.7  15.10.2025  03:16:14
  9  13   3  15  $12    0.001   -26.0802 409666.60   0.0   -103.54   2.1  15.10.2025  03:16:16
  9  13   4  16  $12    0.001    26.2923 591338.67   0.1    744.30   0.3  15.10.2025  03:16:19
 10  14   9  13  $12    0.001     4.5648  19555.49   0.1     75.53   6.7  15.10.2025  03:16:21
 10  14  11  15  $12    0.010     6.6308   2840.61   0.1     99.90   0.3  15.10.2025  03:16:25
 10  14  12  16  $12    0.010     5.2630   9920.55   0.1   -275.05   0.4  15.10.2025  03:16:27
 10  14   5   9  $12    0.001    -3.2163  28418.01   0.5    115.62   5.5  15.10.2025  03:16:31
 10  14   7  11  $12    0.010    -3.9857   5259.07   0.1    172.43   0.0  15.10.2025  03:16:35
 10  14   8  12  $12    0.010    -2.7262   5138.75   0.1    160.99   0.8  15.10.2025  03:16:37
 10  14   5   1  $12    0.100     2.5302   2906.33   1.4   -488.46  14.2  15.10.2025  03:16:46
 10  14   6   2  $12    0.100    14.5331  10957.72   0.2   -550.35   0.5  15.10.2025  03:16:48
 10  14   7   3  $12    0.100    10.1409   4599.57   0.6   -336.02   1.0  15.10.2025  03:16:50
 10  14   8   4  $12    0.100     6.0701   1430.24   0.2     14.60  22.6  15.10.2025  03:16:52
 10  14   1  13  $12    0.010     2.9556   2649.74   0.1     81.22  15.2  15.10.2025  03:16:57
 10  14   3  15  $12    0.100    17.3555   1279.98   0.0    182.64   0.9  15.10.2025  03:17:00
 10  14   4  16  $12    0.100    14.0857   2212.58   0.0   -781.83   0.0  15.10.2025  03:17:02
 11  15   9  13  $12    0.010    -4.2443   8000.30   0.2   -448.16   2.6  15.10.2025  03:17:07
 11  15  10  14  $12    0.010     6.1316   2626.79   0.3     85.02   1.6  15.10.2025  03:17:09
 11  15  12  16  $12    0.010    16.0461   6874.13   0.1     29.65  18.3  15.10.2025  03:17:11
 11  15   5   9  $12    0.010     6.8679  16182.14   0.8   -432.31   1.2  15.10.2025  03:17:14
 11  15   6  10  $12    0.010    -3.1677   2798.87   0.1    148.39   0.4  15.10.2025  03:17:16
 11  15   8  12  $12    0.010    -4.9712   6559.41   0.0    114.73   0.6  15.10.2025  03:17:18
 11  15   5   1  $12    0.010     9.4216 155393.92   0.5   -213.61   2.0  15.10.2025  03:17:20
 11  15   6   2  $12    0.010     3.5592  40882.69   0.9    -84.18   3.4  15.10.2025  03:17:22
 11  15   7   3  $12    0.010     2.1255  16025.69   0.4    -74.81   5.5  15.10.2025  03:17:24
 11  15   8   4  $12    0.100     7.3849   3349.54   0.1    -11.93  16.7  15.10.2025  03:17:28
 11  15   1  13  $12    0.100    13.6426  30001.58   0.6   1167.49   1.1  15.10.2025  03:17:30
 11  15   2  14  $12    0.010    -0.0452     40.53  90.9  -1148.82 897.5  15.10.2025  03:17:35
 11  15   4  16  $12    0.010     9.1330   6735.67   0.0    134.01   0.7  15.10.2025  03:17:37
 12  16   9  13  $12    0.001   -29.3773 387624.63   0.3  -2119.60   0.3  15.10.2025  03:17:43
 12  16  10  14  $12    0.010   -11.2646  21233.27   0.4  -1476.79   0.0  15.10.2025  03:17:46
 12  16  11  15  $12    0.001     2.3478  10057.96   0.0   -188.39   0.2  15.10.2025  03:17:51
 12  16   5   9  $12    0.001    30.1299 1366592.60   0.0  -2139.23   0.1  15.10.2025  03:17:54
 12  16   6  10  $12    0.001     2.0818  49050.95   0.8   -224.70   2.0  15.10.2025  03:17:56
 12  16   7  11  $12    0.010     6.8538   6055.86   0.1  -1858.15   0.0  15.10.2025  03:18:00
 12  16   5   1  $12    0.001    34.7222 7874434.38   0.1  -1214.01   0.1  15.10.2025  03:18:05
 12  16   6   2  $12    0.001   -12.1490 2003778.25   0.4    755.46   1.0  15.10.2025  03:18:07
 12  16   7   3  $12    0.001   -12.3407 1417502.99   0.2   -139.28   1.8  15.10.2025  03:18:09
 12  16   8   4  $12    0.010    -3.7755  28466.38   0.9   1812.84   2.0  15.10.2025  03:18:14
 12  16  13   1  $12    0.001    35.4562 346777.05   0.2  -1204.39   0.2  15.10.2025  03:18:19
 12  16  14   2  $12    0.001   -14.3919 3164945.71   0.2    593.03   0.6  15.10.2025  03:18:21
 12  16  15   3  $12    0.001   -14.5599 130529.54   0.2   -152.80   1.9  15.10.2025  03:18:23
 13   1  14   2  $12    0.001    30.5098 104629.37   0.0   -851.80   0.1  15.10.2025  03:18:25
 13   1  15   3  $12    0.001   -13.3245 101042.04   0.2    -67.80   7.2  15.10.2025  03:18:27
 13   1  16   4  $12    0.001    27.7779 357000.66   0.0    295.70   0.8  15.10.2025  03:18:30
 13   1  10  14  $12    0.010   -10.4071   9330.01   0.1   -753.00   0.1  15.10.2025  03:18:34
 13   1  11  15  $12    0.010    11.3329 249223.28   0.1   -326.74   0.5  15.10.2025  03:18:36
 13   1  12  16  $12    0.001   -27.8613 272495.54   0.0    307.56   0.9  15.10.2025  03:18:41
 13   1   9   5  $12    0.001   -53.7701 1351391.06   0.0  -2131.46   0.0  15.10.2025  03:18:44
 13   1  10   6  $12    0.001    -3.2776  73715.71   0.1    -94.71   7.9  15.10.2025  03:18:46
 13   1  11   7  $12    0.010    -7.2003  11310.22   0.2  -1016.63   0.0  15.10.2025  03:18:50
 13   1  12   8  $12    0.001    -0.0979    722.20   2.6  -6530.27   3.7  15.10.2025  03:18:54
 13   1   6   2  $12    0.001    32.5645 240165.99   0.1   -810.79   0.1  15.10.2025  03:18:57
 13   1   7   3  $12    0.001   -12.0942 189974.84   0.1      8.48  63.4  15.10.2025  03:18:59
 13   1   8   4  $12    0.010    15.1927  34169.86   0.6  -1350.80   0.1  15.10.2025  03:19:03
 14   2  13   1  $12    0.001    79.2058 271626.27   0.1   -684.59   0.0  15.10.2025  03:19:09
 14   2  15   3  $12    0.001     1.5693   5381.86   0.9    226.37  15.6  15.10.2025  03:19:13
 14   2  16   4  $12    0.001    17.2396 130730.86   0.5    342.71   1.8  15.10.2025  03:19:15
 14   2   9  13  $12    0.001   -35.6649 263031.28   0.0  -1934.08   0.0  15.10.2025  03:19:18
 14   2  11  15  $12    0.010    10.3684   9295.29   0.0   -471.79   0.0  15.10.2025  03:19:21
 14   2  12  16  $12    0.001   -16.4309 3613336.49   0.0    316.00   0.0  15.10.2025  03:19:26
 14   2   9   5  $12    0.001   -34.4936 775792.92   0.0  -2014.10   0.0  15.10.2025  03:19:29
 14   2  10   6  $12    0.001    -1.8614  46781.76   0.6   -112.33   8.4  15.10.2025  03:19:33
 14   2  11   7  $12    0.010    -6.2678  14096.77   0.0  -1045.26   0.0  15.10.2025  03:19:37
 14   2  12   8  $12    0.010   -15.1538  23803.56   0.1  -1653.55   0.0  15.10.2025  03:19:39
 14   2   5   1  $12    0.001    96.7411 867286.92   0.1   -675.09   0.1  15.10.2025  03:19:44
 14   2   7   3  $12    0.001     2.9278  21592.54   0.5     18.37  47.4  15.10.2025  03:19:46
 14   2   8   4  $12    0.010    10.3797  16304.36   0.0    -24.59   5.9  15.10.2025  03:19:50
 15   3  13   1  $12    0.001    24.7262 187502.85   0.1  -1085.82   0.0  15.10.2025  03:19:55
 15   3  14   2  $12    0.001     4.3226  14823.91   0.7   -202.23   2.3  15.10.2025  03:19:58
 15   3  16   4  $12    0.001    13.5364  46421.31   0.1     41.51   4.3  15.10.2025  03:20:00
 15   3   9  13  $12    0.001   -15.3535 241171.60   1.3  -2237.50   1.4  15.10.2025  03:20:02
 15   3  10  14  $12    0.010    -2.5906   1910.62   0.1   -124.61   0.6  15.10.2025  03:20:06
 15   3  12  16  $12    0.001   -11.2396 100763.08   0.0     52.12   1.4  15.10.2025  03:20:11
 15   3   9   5  $12    0.001   -15.0929 237078.65   0.3  -2213.02   0.2  15.10.2025  03:20:13
 15   3  10   6  $12    0.010   -10.7294  24131.52   0.1   -233.61   0.2  15.10.2025  03:20:17
 15   3  11   7  $12    0.100    -4.5865   1152.71   0.9   -385.07   1.0  15.10.2025  03:20:22
 15   3  12   8  $12    0.100    -5.7780   1299.53   6.3  -3710.13   8.4  15.10.2025  03:20:28
 15   3   5   1  $12    0.001    23.4553 5158090.87   0.3  -1105.01   0.5  15.10.2025  03:20:36
 15   3   6   2  $12    0.001     4.0307  36135.01   0.2   -413.40   1.2  15.10.2025  03:20:38
 15   3   8   4  $12    0.010    12.1255   8942.67   0.1     80.42   1.3  15.10.2025  03:20:42
 16   4  13   1  $12    0.001   -38.5039 494850.37   0.3  -1453.47   0.1  15.10.2025  03:20:47
 16   4  14   2  $12    0.001    17.6615 133929.85   0.0    317.57   0.2  15.10.2025  03:20:49
 16   4  15   3  $12    0.001    15.1299  51885.90   0.2   -157.73   0.4  15.10.2025  03:20:51
 16   4   9  13  $12    0.001    38.8726 874282.35   0.0  -1908.75   0.0  15.10.2025  03:20:54
 16   4  10  14  $12    0.010    15.0179  23590.13   0.1  -1132.02   0.0  15.10.2025  03:20:57
 16   4  11  15  $12    0.001    -1.4912  10997.98   0.0   -305.75   0.2  15.10.2025  03:21:02
 16   4   9   5  $12    0.001    39.3321 290077.06   0.1  -1893.79   0.2  15.10.2025  03:21:05
 16   4  10   6  $12    0.001     2.2668  35607.14   0.1   -162.15   3.8  15.10.2025  03:21:07
 16   4  11   7  $12    0.010    18.4783  41559.39   0.0  -1044.03   0.0  15.10.2025  03:21:11
 16   4  12   8  $12    0.010    21.0989  53027.32   0.0  -1184.85   0.0  15.10.2025  03:21:13
 16   4   5   1  $12    0.001   -40.6128 397210.66   0.1  -1356.34   0.0  15.10.2025  03:21:18
 16   4   6   2  $12    0.001    14.4132 3169637.48   0.1    508.72   0.6  15.10.2025  03:21:20
 16   4   7   3  $12    0.001    13.5595 121561.22   0.3   -116.08   0.9  15.10.2025  03:21:22
  1   4   2   3  $12    0.001    40.5345 254685.67   0.1   -629.77   0.2  15.10.2025  03:21:24
  2   3   1   4  $12    0.001    89.6337 563185.08   0.1   -587.39   0.0  15.10.2025  03:21:27
  1   2   3   4  $12    0.001    -9.0115 169863.49   0.1    427.64   0.2  15.10.2025  03:21:29
  3   4   1   2  $12    0.001    14.9091 281030.27   0.6  -1296.28   0.3  15.10.2025  03:21:31
  5   8   6   7  $12    0.010     2.5226   1584.99   0.3    -51.91  15.8  15.10.2025  03:21:35
  6   7   5   8  $12    0.010     2.4573   1543.98   0.5    -41.18  11.3  15.10.2025  03:21:37
  5   6   7   8  $12    0.100    -5.9498   1121.52   0.0     12.93   4.4  15.10.2025  03:21:41
  7   8   5   6  $12    0.100    -6.0959   1149.06   0.4     38.03  21.7  15.10.2025  03:21:43
  9  12  10  11  $12    0.001     3.2904  20674.32   0.0    174.99   0.2  15.10.2025  03:21:51
 10  11   9  12  $12    0.001     3.4704  21805.12   0.1    131.79   4.0  15.10.2025  03:21:54
  9  10  11  12  $12    0.001     0.3093   5829.42   1.4   1221.73   0.6  15.10.2025  03:21:58
 11  12   9  10  $12    0.010     0.1875    353.52  51.7   8593.04 102.6  15.10.2025  03:22:08
 13  16  14  15  $12    0.010    17.7843  11174.20   0.1    -38.46   1.1  15.10.2025  03:22:10
 14  15  13  16  $12    0.010     4.6950   2949.98   0.6    795.98   1.2  15.10.2025  03:22:12
 13  14  15  16  $12    0.100    -8.2136   1548.23   0.1    173.98   0.9  15.10.2025  03:22:20
  1   9  10   2  $12    0.001   -47.9310 172482.03   0.0    -93.76   2.3  15.10.2025  03:22:29
  1   9  11   3  $12    0.001    -5.8451  50081.00   0.3     -9.82  47.6  15.10.2025  03:22:31
  1   9  12   4  $12    0.010   -16.9787  28390.71   0.0     81.51   1.0  15.10.2025  03:22:34
  2  10   9   1  $12    0.001   -78.5150 282540.38   0.1   -269.38   0.0  15.10.2025  03:22:40
  2  10  11   3  $12    0.001    -1.6294   5863.43   0.3    375.76   4.0  15.10.2025  03:22:44
  2  10  12   4  $12    0.010   -13.4865  11555.19   0.4   -156.47   1.1  15.10.2025  03:22:48
  3  11   9   1  $12    0.001   -16.5531 141826.29   0.1   -260.35   0.2  15.10.2025  03:22:53
  3  11  10   2  $12    0.001    -4.5163  16252.14   0.8   -344.49   1.1  15.10.2025  03:22:55
  3  11  12   4  $12    0.001    -2.1407   7703.45   0.1    108.79   4.1  15.10.2025  03:22:57
 12   4   9   1  $12    0.001     2.6735  44705.00   0.2   -159.11   1.0  15.10.2025  03:22:59
 12   4  10   2  $12    0.010    16.7158  14322.04   0.1    160.52   1.2  15.10.2025  03:23:03
 12   4  11   3  $12    0.010    19.5094   7020.56   0.1    174.29   1.5  15.10.2025  03:23:05
 13   5  14   6  $12    0.010     6.7361   2424.01   0.0     15.83   5.7  15.10.2025  03:23:07
 13   5  15   7  $12    0.010     3.5664   3055.72   0.1      4.09  25.4  15.10.2025  03:23:09
 13   5  16   8  $12    0.010     3.4363   5745.99   0.4   -795.56   1.3  15.10.2025  03:23:11
 14   6  13   5  $12    0.010     6.9733   2509.37   0.1    -15.36   3.6  15.10.2025  03:23:13
 14   6  15   7  $12    0.010     4.9280   1773.37   0.2     80.86   1.8  15.10.2025  03:23:15
 14   6  16   8  $12    0.010    19.0197  16296.06   0.1    -54.40   1.4  15.10.2025  03:23:17
 15   7  13   5  $12    0.010     3.5955   3080.60   0.0      7.02   6.4  15.10.2025  03:23:19
 15   7  14   6  $12    0.010     5.5185   1985.87   0.1     23.57   7.0  15.10.2025  03:23:21
 15   7  16   8  $12    0.010     9.8939   3560.39   0.2    244.34   0.7  15.10.2025  03:23:23
 16   8  13   5  $12    0.010   -16.1665  27032.65   0.4  -1019.98   0.0  15.10.2025  03:23:25
 16   8  14   6  $12    0.001     2.1871  18739.29   0.0   -129.30   2.2  15.10.2025  03:23:30
 16   8  15   7  $12    0.001     2.3176   8339.86   0.1   -242.10   1.8  15.10.2025  03:23:32
  1   2   5   6  $12    0.010    13.3479 251601.13   0.3   -145.46   0.8  15.10.2025  03:23:36
  2   3   6   7  $12    0.010    -6.2836 118442.64   0.4   -172.38   1.3  15.10.2025  03:23:38
  3   4   7   8  $12    0.010    -0.2571   4846.36   1.7   -407.97   6.5  15.10.2025  03:23:43
  1   2   9  10  $12    0.001    34.1760 54112943.65   0.3  -1673.30   0.3  15.10.2025  03:23:48
  2   3  10  11  $12    0.010    -0.1488  23553.58   0.2   -394.39   1.4  15.10.2025  03:24:02
  3   4  11  12  $12    0.010     0.7289 115403.59   0.2    969.20   0.2  15.10.2025  03:24:07
  1   2  13  14  $12    0.010    -0.0059   3169.13   9.8  -1826.71  11.3  15.10.2025  03:24:19
  2   3  14  15  $12    0.010    -5.8279 3141831.80   0.0   -464.97   0.0  15.10.2025  03:24:21
  3   4  15  16  $12    0.001     7.4070 39930690.46   0.0    179.91   0.4  15.10.2025  03:24:26
  5   6   9  10  $12    0.001    -0.1978  37291.83   7.4 -16467.45   6.6  15.10.2025  03:24:30
  6   7  10  11  $12    0.100     0.2707    510.33   0.4     -7.76  24.1  15.10.2025  03:24:39
  7   8  11  12  $12    1.000     4.3239    815.03   0.3    -18.59   2.6  15.10.2025  03:24:43
  5   6  13  14  $12    0.100     0.1229   1945.38   2.4   -280.71   2.2  15.10.2025  03:24:48
  6   7  14  15  $12    0.100    -6.5808 104198.38   0.0   -436.42   0.1  15.10.2025  03:24:50
  7   8  15  16  $12    0.100    -0.4240   6713.50   0.7 -10073.94   2.4  15.10.2025  03:24:53
  9  10  13  14  $12    0.010     4.5197  85194.64   0.1  -1199.07   0.0  15.10.2025  03:24:58
 10  11  14  15  $12    1.000     4.2185    795.17   0.1     57.40   0.6  15.10.2025  03:25:04
 11  12  15  16  $12    0.010    -8.3665 157703.94   0.3   -287.15   1.4  15.10.2025  03:25:11
  1   2   6   7  $12    0.010   -12.7562 480896.29   0.3    -78.94   8.7  15.10.2025  03:25:13
  2   3   7   8  $12    0.010    -0.3302  12447.82   1.1   -272.97   4.5  15.10.2025  03:25:23
  1   2   7   8  $12    0.010    -0.0728   4806.06   1.1  -1905.56   1.2  15.10.2025  03:25:35
  2   3   7   8  $12    0.010    -0.4280  16133.46   0.1   -259.14   1.1  15.10.2025  03:25:40
  1   2  10  11  $12    0.010     0.1209  27343.13   0.0    429.16   0.4  15.10.2025  03:25:52
  2   3  11  12  $12    0.010     0.2949  66705.76   1.5   2400.88   1.5  15.10.2025  03:25:58
  1   2  11  12  $12    0.010     4.3086 1340037.79   0.0    224.84   0.0  15.10.2025  03:26:00
  2   3  11  12  $12    0.010     0.1453  32875.27   2.9   4827.84   2.8  15.10.2025  03:26:12
  1   2  14  15  $12    0.010    -2.4895 1708130.76   0.7  -1123.39   1.2  15.10.2025  03:26:14
  2   3  15  16  $12    0.001     5.6411 38704660.38   0.1    874.45   0.0  15.10.2025  03:26:19
  1   2  15  16  $12    0.001     1.5474 13270998.15   0.4  11223.46   0.3  15.10.2025  03:26:21
  2   3  15  16  $12    0.001     5.6404 38699987.05   0.0    948.56   0.1  15.10.2025  03:26:23
  5   6  10  11  $12    0.100     0.9832   3706.51   0.1    140.49   0.5  15.10.2025  03:26:32
  6   7  11  12  $12    0.100     2.9424  11092.42   0.6   -150.52   6.2  15.10.2025  03:26:34
  5   6  11  12  $12    0.100     8.1563  53809.80   0.7  -1425.04   0.1  15.10.2025  03:26:46
  6   7  11  12  $12    0.100    -5.0952  19208.37   0.6  -1808.97   0.1  15.10.2025  03:26:48
  5   6  14  15  $12    0.100     8.9304 202000.19   0.1   -716.75   0.4  15.10.2025  03:26:50
  6   7  15  16  $12    0.010    14.5996 3302341.47   0.1     15.55   0.6  15.10.2025  03:26:55
  5   6  15  16  $12    0.010   -16.9272 5264646.94   0.4    -98.69   1.6  15.10.2025  03:26:57
  6   7  15  16  $12    0.010    14.4060 3258565.45   0.1     32.06   9.6  15.10.2025  03:26:59
  9  10  14  15  $12    0.001    -2.0942 789504.34   0.1   -525.88   0.2  15.10.2025  03:27:04
 10  11  15  16  $12    0.100    -2.9987  11304.66   0.8   1144.63   1.9  15.10.2025  03:27:15
  9  10  15  16  $12    0.001    28.3340 18692904.01   0.4    414.29   0.3  15.10.2025  03:27:24
 10  11  15  16  $12    0.100    -3.1923  12034.87   0.3    873.27   0.3  15.10.2025  03:27:30
