//C:\Users\user\Desktop\GeoTom\GeoTomE724.ini
//- Cable direction:
//  cable I: normal
//  cable II: normal
//  cable III: normal
//  cable IV: normal
//- Cable arrangement: sequential
//- Optimization: Last measurement
//- Sorting: Multi-level
//- Current levels: 0.001 mA .. 50.0 mA
Type:         Flow
Name:         Hyprop
Comment:      Example of a measurements sequence
Comment:      
Comment:      
Spacing:      1.00000
First El:     0.00000
Nr of points: 289
IP present:   1

  1   5   2   6  $12    0.001    20.0104  85724.43   0.1   -561.22   0.5  14.10.2025  14:10:09
  1   5   3   7  $12    0.001    -3.9679  74792.24   0.5   -383.03   3.2  14.10.2025  14:10:11
  1   5   4   8  $12    0.010     4.6602   6148.97   0.1  -2268.23   0.1  14.10.2025  14:10:14
  1   5  14   2  $12    0.001   -17.2427 154581.09   0.0   -654.64   0.0  14.10.2025  14:10:19
  1   5  15   3  $12    0.001     5.5325 1216653.46   0.4   -410.14   1.3  14.10.2025  14:10:21
  1   5  16   4  $12    0.001   -25.2987 247431.95   0.0    305.08   0.4  14.10.2025  14:10:24
  1   5  13   9  $12    0.001   -21.5052 1621451.05   0.0  -3826.58   0.1  14.10.2025  14:10:26
  1   5  14  10  $12    0.010    -4.9547  56912.39   0.8  -1096.75   0.0  14.10.2025  14:10:30
  1   5  15  11  $12    0.010    17.9958 296810.53   0.3   -737.70   0.1  14.10.2025  14:10:32
  1   5  16  12  $12    0.001   -26.0570 5909292.98   0.1    255.79   1.4  14.10.2025  14:10:37
  1   5  10   6  $12    0.001     3.1766  28067.94   0.3   -172.31   4.2  14.10.2025  14:10:39
  1   5  11   7  $12    0.010     5.9883  14109.61   0.0   -638.97   0.1  14.10.2025  14:10:43
  1   5  12   8  $12    0.010    11.3173  51331.58   0.0  -1577.76   0.0  14.10.2025  14:10:45
  2   6   1   5  $12    0.001    45.6712 195655.14   0.1   -603.70   0.2  14.10.2025  14:10:50
  2   6   3   7  $12    0.001     7.0250  30094.86   0.1     81.19   0.8  14.10.2025  14:10:53
  2   6   4   8  $12    0.010    12.0293  22674.75   0.2   -265.57   0.6  14.10.2025  14:10:56
  2   6  13   1  $12    0.001   -50.9980 376114.36   0.1   -578.84   0.1  14.10.2025  14:11:02
  2   6  15   3  $12    0.001    -6.1324  54977.45   0.0    168.20   0.4  14.10.2025  14:11:04
  2   6  16   4  $12    0.001   -14.0896 3098456.77   0.1    304.80   1.9  14.10.2025  14:11:06
  2   6  13   9  $12    0.001   -16.3713 742546.76   0.7  -2931.05   0.7  14.10.2025  14:11:08
  2   6  14  10  $12    0.010    -9.5934  72332.56   0.3  -1197.09   0.0  14.10.2025  14:11:12
  2   6  15  11  $12    0.010    18.9642 217831.49   0.3   -916.19   0.0  14.10.2025  14:11:14
  2   6  16  12  $12    0.001   -12.8766 2123777.75   0.0    275.47   0.1  14.10.2025  14:11:19
  2   6   9   5  $12    0.001    15.6551 206564.21   0.1  -2896.50   0.0  14.10.2025  14:11:21
  2   6  11   7  $12    0.010    12.5519  11090.51   0.0   -929.52   0.0  14.10.2025  14:11:25
  2   6  12   8  $12    0.010    19.3118  45502.25   0.0  -1107.42   0.0  14.10.2025  14:11:27
  3   7   1   5  $12    0.001     9.8130 184970.23   0.2   -935.69   0.3  14.10.2025  14:11:32
  3   7   2   6  $12    0.001     7.9346  33991.71   0.1     -1.36 467.4  14.10.2025  14:11:34
  3   7   4   8  $12    0.010    16.9930   7279.78   0.0     15.82   3.2  14.10.2025  14:11:37
  3   7  13   1  $12    0.001   -10.0787 158315.46   0.8   -916.40   0.8  14.10.2025  14:11:42
  3   7  14   2  $12    0.001    -7.3231  54008.55   0.2    -14.96   8.7  14.10.2025  14:11:44
  3   7  16   4  $12    0.001    -6.6131  59286.40   0.2    166.74   2.5  14.10.2025  14:11:46
  3   7  13   9  $12    0.001    -6.8117 160495.84   0.9  -2544.97   1.0  14.10.2025  14:11:49
  3   7  14  10  $12    0.100    -1.4529    658.99   0.3  -3844.03   0.2  14.10.2025  14:11:54
  3   7  15  11  $12    0.010     3.0112  22704.24   0.1   -449.96   0.1  14.10.2025  14:11:59
  3   7  16  12  $12    0.001    -6.4365 739330.55   0.0      1.50 193.2  14.10.2025  14:12:04
  3   7   9   5  $12    0.001     4.4193  83301.02   0.7  -3693.21   0.6  14.10.2025  14:12:06
  3   7  10   6  $12    0.010     7.6690  10119.06   0.1   -170.82   0.0  14.10.2025  14:12:10
  3   7  12   8  $12    0.010     2.9670   2621.53   0.5   -476.56   0.2  14.10.2025  14:12:12
  4   8   1   5  $12    0.010    17.1081  22573.57   0.0   -825.41   0.3  14.10.2025  14:12:14
  4   8   2   6  $12    0.010     0.2323    437.88   1.7  27127.20   1.8  14.10.2025  14:12:17
  4   8   3   7  $12    0.010    11.0344   4727.11   0.1    296.07   1.0  14.10.2025  14:12:19
  4   8  13   1  $12    0.010   -17.1251  38515.89   0.1   -799.48   0.6  14.10.2025  14:12:21
  4   8  14   2  $12    0.010     2.3149   3636.23   0.7  -2993.70   0.3  14.10.2025  14:12:23
  4   8  15   3  $12    0.010    -8.1371   6001.18   0.1    448.45   0.0  14.10.2025  14:12:25
  4   8  13   9  $12    0.001    -1.6512  14589.96   0.6  -2237.10   0.9  14.10.2025  14:12:30
  4   8  14  10  $12    0.100     4.9936   1176.58   0.0    193.68   0.0  14.10.2025  14:12:35
  4   8  15  11  $12    0.100    13.0004   5896.58   0.0   -240.22   0.1  14.10.2025  14:12:37
  4   8  16  12  $12    0.010   -16.3672 123406.09   0.2    -10.12  67.6  14.10.2025  14:12:42
  4   8   9   5  $12    0.001     1.9520   8362.16   0.5  -2341.42   0.4  14.10.2025  14:12:47
  4   8  10   6  $12    0.010     2.2321   4207.32   0.0   -234.37   0.7  14.10.2025  14:12:51
  4   8  11   7  $12    0.100    15.5108   2046.60   0.0    -48.28   0.4  14.10.2025  14:12:54
  5   9   6  10  $12    0.001     6.7283  28823.77   0.2      5.11  27.9  14.10.2025  14:13:03
  5   9   7  11  $12    0.010     9.9520  18759.11   0.0   -327.38   0.2  14.10.2025  14:13:07
  5   9   8  12  $12    0.010    13.1061  17293.09   0.6   -947.07   0.4  14.10.2025  14:13:09
  5   9   2   6  $12    0.001    20.8852 275573.12   0.1    132.86   2.1  14.10.2025  14:13:13
  5   9   3   7  $12    0.001    10.5223 198341.56   0.5   -197.51   1.5  14.10.2025  14:13:15
  5   9   4   8  $12    0.001     2.0934   8968.05   0.4   -189.23   3.4  14.10.2025  14:13:17
  5   9   1  13  $12    0.001   -17.3279 435498.50   0.0  -2465.09   0.1  14.10.2025  14:13:20
  5   9   2  14  $12    0.001    26.3574 592802.23   0.0     93.87   0.4  14.10.2025  14:13:22
  5   9   3  15  $12    0.001    13.0772 205415.82   0.1   -250.84   0.0  14.10.2025  14:13:24
  5   9   4  16  $12    0.001   -24.2693 178987.70   0.0    357.29   0.1  14.10.2025  14:13:27
  5   9  14  10  $12    0.001     4.1764  36901.82   0.1    121.12   1.1  14.10.2025  14:13:29
  5   9  15  11  $12    0.010   -18.4835  43550.60   0.0   -843.44   0.0  14.10.2025  14:13:32
  5   9  16  12  $12    0.001    24.6373 1117467.71   0.3    256.36   0.7  14.10.2025  14:13:38
  6  10   5   9  $12    0.001     5.4648  23411.27   0.4    166.73  10.5  14.10.2025  14:13:40
  6  10   7  11  $12    0.010     5.9983   2569.68   0.0    214.97   0.0  14.10.2025  14:13:44
  6  10   8  12  $12    0.010     2.8763   5421.77   0.1    265.91   0.4  14.10.2025  14:13:46
  6  10   1   5  $12    0.010     1.7379   1535.55   0.5  -8457.45   0.6  14.10.2025  14:13:48
  6  10   3   7  $12    0.010    -8.5074  11225.25   0.0   -276.08   0.1  14.10.2025  14:13:50
  6  10   4   8  $12    0.100   -14.8327   2795.90   0.0   -216.95   0.8  14.10.2025  14:13:53
  6  10   1  13  $12    0.010     5.8126  13073.01   0.2  -2431.64   0.3  14.10.2025  14:13:58
  6  10   2  14  $12    0.010   -12.2522  30793.02   0.1   -198.66   0.6  14.10.2025  14:14:00
  6  10   3  15  $12    0.010    -5.0324  11318.30   0.2   -365.49   1.7  14.10.2025  14:14:02
  6  10   4  16  $12    0.010    15.6724  24618.15   0.0   -127.97   0.2  14.10.2025  14:14:04
  6  10  13   9  $12    0.001     2.8733  37912.73   0.6    746.61   1.4  14.10.2025  14:14:09
  6  10  15  11  $12    0.010     3.6362   3212.86   0.0    213.92   0.0  14.10.2025  14:14:13
  6  10  16  12  $12    0.010   -15.3773  36231.93   0.0   -219.95   0.1  14.10.2025  14:14:15
  7  11   5   9  $12    0.010     3.6389   6859.19   0.1    268.34   2.0  14.10.2025  14:14:17
  7  11   6  10  $12    0.010     6.0653   2598.37   0.2    106.63   1.8  14.10.2025  14:14:19
  7  11   8  12  $12    0.010     6.9685   2985.29   0.0     67.11   0.1  14.10.2025  14:14:21
  7  11   1   5  $12    0.100    -8.6578   2039.94   0.6   -695.37   1.7  14.10.2025  14:14:25
  7  11   2   6  $12    0.100   -12.7608   1127.51   0.2   -106.14   3.6  14.10.2025  14:14:27
  7  11   4   8  $12    0.100   -13.9953   1846.64   0.0    -28.90   1.9  14.10.2025  14:14:29
  7  11   1  13  $12    0.100     3.9798    625.15   0.6    746.40   2.8  14.10.2025  14:14:31
  7  11   2  14  $12    0.100     8.7592   1970.03   0.8     15.32  11.6  14.10.2025  14:14:34
  7  11   3  15  $12    0.100     6.6006   1658.91   0.3    152.99   0.7  14.10.2025  14:14:36
  7  11   4  16  $12    0.100     4.5970   1033.91   0.5    135.97   9.4  14.10.2025  14:14:38
  7  11  13   9  $12    0.100    10.3248   1946.19   0.0    187.77   1.8  14.10.2025  14:14:40
  7  11  14  10  $12    0.010     3.4250   4519.21   0.2    173.80   0.1  14.10.2025  14:14:44
  7  11  16  12  $12    0.010     4.4403   3923.29   0.2    -73.86   1.3  14.10.2025  14:14:46
  8  12   5   9  $12    0.010    -3.3848   4466.13   0.1    224.95   7.2  14.10.2025  14:14:48
  8  12   6  10  $12    0.010     3.5914   6769.65   0.2     42.57  10.4  14.10.2025  14:14:50
  8  12   7  11  $12    0.010     6.1344   2627.96   0.2     39.98   1.5  14.10.2025  14:14:52
  8  12   1   5  $12    0.010    -4.9581  22488.50   0.3   -700.63   0.5  14.10.2025  14:14:54
  8  12   2   6  $12    0.010     6.7044  15796.88   0.2   -675.26   0.4  14.10.2025  14:14:56
  8  12   3   7  $12    0.100    15.3390   1355.31   0.6   -598.88   0.4  14.10.2025  14:15:00
  8  12   1  13  $12    0.010    -3.3664   2482.76   0.9  -1387.07   1.7  14.10.2025  14:15:06
  8  12   2  14  $12    0.010     7.8612  12348.41   0.1   -475.31   0.5  14.10.2025  14:15:08
  8  12   3  15  $12    0.010     3.5336   7947.38   0.2   -392.78   0.8  14.10.2025  14:15:10
  8  12  16   4  $12    0.010     6.9897  17567.01   0.3   -601.27   0.5  14.10.2025  14:15:12
  8  12   9  13  $12    0.010     4.2197   1807.70   0.0    318.17   0.7  14.10.2025  14:15:14
  8  12  10  14  $12    0.100   -17.8578   3366.11   0.0    101.16   0.1  14.10.2025  14:15:17
  8  12  11  15  $12    0.010    -3.6751   4849.15   0.0    117.64   0.1  14.10.2025  14:15:22
  9  13  10  14  $12    0.001     3.8092  16318.41   0.1    135.46   0.0  14.10.2025  14:15:27
  9  13  11  15  $12    0.010   -14.2905  26936.91   0.0   -639.39   0.1  14.10.2025  14:15:31
  9  13  12  16  $12    0.001    23.4816 309832.50   0.2    284.94   1.2  14.10.2025  14:15:36
  9  13   6  10  $12    0.001    -5.8149  76726.26   0.0     23.84   2.0  14.10.2025  14:15:38
  9  13   7  11  $12    0.010    -6.2832  11843.53   0.1   -384.71   0.2  14.10.2025  14:15:42
  9  13   8  12  $12    0.010   -20.1982   8652.91   0.1  -1329.58   0.0  14.10.2025  14:15:44
  9  13   5   1  $12    0.001   -16.0240 1208179.38   0.1  -2210.76   0.0  14.10.2025  14:15:50
  9  13   6   2  $12    0.001    20.3750 924142.96   0.1    196.53   1.2  14.10.2025  14:15:52
  9  13   7   3  $12    0.001    10.0000 235620.45   0.3   -209.27   0.7  14.10.2025  14:15:54
  9  13   8   4  $12    0.010     8.6730   7663.19   0.5    553.84   1.7  14.10.2025  14:15:57
  9  13   2  14  $12    0.001   -21.3126 157181.86   0.2    154.78   2.3  14.10.2025  14:16:02
  9  13   3  15  $12    0.001   -10.9736 172372.82   0.2   -254.04   1.2  14.10.2025  14:16:04
  9  13   4  16  $12    0.001    21.5326 484289.66   0.8    328.72   0.5  14.10.2025  14:16:06
 10  14   9  13  $12    0.001     4.0759  17461.02   0.2    129.83   9.5  14.10.2025  14:16:08
 10  14  11  15  $12    0.010     7.0866   3035.91   0.0    107.84   0.1  14.10.2025  14:16:12
 10  14  12  16  $12    0.010     5.4599  10291.71   0.9   -317.60   3.3  14.10.2025  14:16:14
 10  14   5   9  $12    0.001    -3.3272  29398.05   0.4    149.78   1.2  14.10.2025  14:16:19
 10  14   7  11  $12    0.010    -4.2600   5620.88   0.0    182.57   0.2  14.10.2025  14:16:23
 10  14   8  12  $12    0.010    -2.3057   4346.22   0.0    139.07   0.4  14.10.2025  14:16:25
 10  14   5   1  $12    0.100     9.1140  10468.77   0.4   -145.55  14.3  14.10.2025  14:16:29
 10  14   6   2  $12    0.100    14.1325  10655.62   0.2   -385.97   1.0  14.10.2025  14:16:31
 10  14   7   3  $12    0.100     8.5511   3878.50   0.0    -39.51   4.8  14.10.2025  14:16:33
 10  14   8   4  $12    0.100     6.0224   1418.99   0.0     29.24   7.5  14.10.2025  14:16:35
 10  14   1  13  $12    0.100    21.5115   1928.51   0.0    309.75   0.2  14.10.2025  14:16:37
 10  14   3  15  $12    0.100    18.2914   1349.01   0.0     39.45   2.0  14.10.2025  14:16:39
 10  14   4  16  $12    0.100    13.9634   2193.36   0.5   -758.31   0.7  14.10.2025  14:16:41
 11  15   9  13  $12    0.010     1.5464   2914.89   1.0   -569.90   3.2  14.10.2025  14:16:50
 11  15  10  14  $12    0.010     5.9372   2543.50   0.0     87.19   0.1  14.10.2025  14:16:52
 11  15  12  16  $12    0.010    11.9322   5111.73   0.3    208.54   0.3  14.10.2025  14:16:54
 11  15   5   9  $12    0.010     0.8834   2081.44   2.5    764.35   5.2  14.10.2025  14:17:03
 11  15   6  10  $12    0.010    -2.8061   2479.39   0.3    181.79   5.6  14.10.2025  14:17:05
 11  15   8  12  $12    0.010    -4.0921   5399.34   0.2     81.73   0.9  14.10.2025  14:17:07
 11  15   5   1  $12    0.010     4.6342  76433.14   0.6    111.00   8.0  14.10.2025  14:17:09
 11  15   6   2  $12    0.100    -7.4508   8558.37   0.8   -127.24   6.9  14.10.2025  14:17:13
 11  15   7   3  $12    0.100     3.4232   2581.05   0.8     31.79  28.0  14.10.2025  14:17:15
 11  15   8   4  $12    0.100     6.6992   3038.52   0.1    -38.46   5.5  14.10.2025  14:17:17
 11  15   1  13  $12    0.010    -1.9355  42563.30   1.1    528.92   4.7  14.10.2025  14:17:26
 11  15   2  14  $12    0.010     2.0985   1881.34   0.3   -615.43   1.6  14.10.2025  14:17:29
 11  15   4  16  $12    0.010     6.3966   4717.56   0.7    457.65   1.2  14.10.2025  14:17:31
 12  16   9  13  $12    0.001     3.8485  50779.88   1.7   5943.44   2.3  14.10.2025  14:17:36
 12  16  10  14  $12    0.010    -6.3245  11921.37   1.8  -1667.83   0.5  14.10.2025  14:17:44
 12  16  11  15  $12    0.001     1.9318   8275.83   0.1   -189.74   0.1  14.10.2025  14:17:49
 12  16   5   9  $12    0.001    -3.6334 164798.26   0.6   6930.05   0.7  14.10.2025  14:17:52
 12  16   6  10  $12    0.001     1.6645  39218.39   0.8   -261.44   2.0  14.10.2025  14:17:56
 12  16   7  11  $12    0.010     2.0987   1854.38   0.2  -3126.15   0.1  14.10.2025  14:18:00
 12  16   5   1  $12    0.001     9.4305 2138693.43   0.0  -2497.20   0.0  14.10.2025  14:18:05
 12  16   6   2  $12    0.001   -12.7197 2097910.24   0.2    362.01   1.4  14.10.2025  14:18:07
 12  16   7   3  $12    0.001    -7.3185 840637.25   0.4   -222.23   0.9  14.10.2025  14:18:09
 12  16   8   4  $12    0.010     1.0005   7543.62   0.5 -10585.00   0.1  14.10.2025  14:18:21
 12  16  13   1  $12    0.001     8.8276  86338.07   0.5  -2721.25   0.3  14.10.2025  14:18:26
 12  16  14   2  $12    0.001   -17.3098 3806616.00   0.1    155.08   0.6  14.10.2025  14:18:28
 12  16  15   3  $12    0.001    -9.4167  84421.02   0.0   -224.14   0.5  14.10.2025  14:18:30
 13   1  14   2  $12    0.001    17.3829  59612.31   0.1   -509.83   0.8  14.10.2025  14:18:32
 13   1  15   3  $12    0.001    -5.4254  41141.78   0.4   -372.37   0.4  14.10.2025  14:18:34
 13   1  16   4  $12    0.001    27.5225 353718.14   0.0    105.26   3.7  14.10.2025  14:18:37
 13   1  10  14  $12    0.010    -9.9203   8893.61   0.0   -790.71   0.0  14.10.2025  14:18:43
 13   1  11  15  $12    0.010    12.2791 270030.43   0.0   -768.93   0.0  14.10.2025  14:18:45
 13   1  12  16  $12    0.001   -27.4203 268182.79   0.1    152.71   3.3  14.10.2025  14:18:51
 13   1   9   5  $12    0.001     2.5394  63821.70   6.6  17825.32   7.2  14.10.2025  14:18:53
 13   1  10   6  $12    0.001    -2.5580  57531.73   0.3   -167.31   0.7  14.10.2025  14:18:55
 13   1  11   7  $12    0.010    -6.4921  10197.82   0.0  -1069.92   0.0  14.10.2025  14:18:59
 13   1  12   8  $12    0.001    -0.0063     46.21  53.1 488762.93 107.2  14.10.2025  14:19:04
 13   1   6   2  $12    0.001    18.5955 137143.38   0.3   -566.95   0.8  14.10.2025  14:19:06
 13   1   7   3  $12    0.001    -4.8673  76454.67   0.1   -265.10   1.5  14.10.2025  14:19:08
 13   1   8   4  $12    0.010     4.2907   9650.10   0.5  -2513.95   0.3  14.10.2025  14:19:12
 14   2  13   1  $12    0.001    48.4457 166138.43   0.2   -624.47   0.1  14.10.2025  14:19:17
 14   2  15   3  $12    0.001     5.4304  18622.74   0.0    220.44   0.4  14.10.2025  14:19:19
 14   2  16   4  $12    0.001    16.4499 124742.51   0.1    168.93   1.7  14.10.2025  14:19:21
 14   2   9  13  $12    0.001    -0.2451   1807.54   5.1 -108683.14   4.8  14.10.2025  14:19:24
 14   2  11  15  $12    0.010     8.4631   7587.23   0.0   -883.29   0.0  14.10.2025  14:19:27
 14   2  12  16  $12    0.001   -15.9863 3515574.49   0.1    168.97   1.0  14.10.2025  14:19:32
 14   2   9   5  $12    0.001     0.4370   9829.41  39.5 120962.55  64.0  14.10.2025  14:19:35
 14   2  10   6  $12    0.010     3.5258   8861.36   2.4  -5106.12   2.1  14.10.2025  14:19:43
 14   2  11   7  $12    0.010    -3.1580   7102.69   0.3  -1058.17   0.5  14.10.2025  14:19:45
 14   2  12   8  $12    0.010   -11.5482  18139.87   0.4  -1583.42   0.0  14.10.2025  14:19:47
 14   2   5   1  $12    0.001    56.7247 508538.75   0.1   -640.71   0.0  14.10.2025  14:19:52
 14   2   7   3  $12    0.001     5.6573  41722.83   0.1    134.22   0.7  14.10.2025  14:19:54
 14   2   8   4  $12    0.010     6.7182  10552.93   0.3      1.69 235.5  14.10.2025  14:19:58
 15   3  13   1  $12    0.001     7.6427  57955.74   0.1  -1076.01   1.8  14.10.2025  14:20:03
 15   3  14   2  $12    0.001     5.3704  18417.04   0.2    313.97   0.4  14.10.2025  14:20:05
 15   3  16   4  $12    0.001    10.0811  34571.83   0.2   -108.17   2.4  14.10.2025  14:20:07
 15   3   9  13  $12    0.001     3.3118  52022.40   0.6   1980.41   0.6  14.10.2025  14:20:09
 15   3  10  14  $12    0.010    -2.2038   1625.31   0.1    -84.78   1.6  14.10.2025  14:20:13
 15   3  12  16  $12    0.001    -8.3489  74848.37   0.0   -121.50   0.9  14.10.2025  14:20:18
 15   3   9   5  $12    0.001     3.1094  48841.66   0.2   2144.74   0.6  14.10.2025  14:20:20
 15   3  10   6  $12    0.010    -5.3297  11987.01   0.2   -333.31   0.6  14.10.2025  14:20:24
 15   3  11   7  $12    0.100    -2.3242    584.14   0.4  -1557.42   0.2  14.10.2025  14:20:28
 15   3  12   8  $12    0.100   -14.3989   3238.46   0.2  -1551.49   0.0  14.10.2025  14:20:30
 15   3   5   1  $12    0.001     6.4743 1423764.00   0.1  -1178.26   0.2  14.10.2025  14:20:38
 15   3   6   2  $12    0.001     4.0769  36549.11   0.4    382.73   2.0  14.10.2025  14:20:40
 15   3   8   4  $12    0.010    11.5876   8545.98   0.0     58.67   2.2  14.10.2025  14:20:44
 16   4  13   1  $12    0.001   -12.4316 159770.96   0.7  -2569.42   1.0  14.10.2025  14:20:49
 16   4  14   2  $12    0.001    18.1104 137333.85   0.1     22.81  13.0  14.10.2025  14:20:51
 16   4  15   3  $12    0.001    10.3764  35584.68   0.3   -211.36   2.8  14.10.2025  14:20:53
 16   4   9  13  $12    0.001    -0.0725   1629.47   9.3 459030.37   8.8  14.10.2025  14:20:58
 16   4  10  14  $12    0.010     7.7770  12216.12   0.9  -1152.16   0.0  14.10.2025  14:21:02
 16   4  11  15  $12    0.010   -19.1494  14122.80   0.5   -576.70   0.4  14.10.2025  14:21:04
 16   4   9   5  $12    0.001    -0.5935   4377.40   1.5  53699.58   1.6  14.10.2025  14:21:09
 16   4  10   6  $12    0.010     6.9585  10930.34   0.9   1375.52   1.6  14.10.2025  14:21:13
 16   4  11   7  $12    0.010     6.4773  14568.13   0.1   -831.77   0.3  14.10.2025  14:21:15
 16   4  12   8  $12    0.010    11.7571  29548.90   0.2  -1133.64   0.1  14.10.2025  14:21:17
 16   4   5   1  $12    0.001   -13.4109 131164.73   0.9  -2404.37   1.0  14.10.2025  14:21:22
 16   4   6   2  $12    0.001    15.9605 3509898.74   0.1    102.76   2.0  14.10.2025  14:21:24
 16   4   7   3  $12    0.001     9.0675  81290.01   0.2   -168.59   1.5  14.10.2025  14:21:26
  1   4   2   3  $12    0.001    21.5065 135129.28   0.0   -477.67   0.3  14.10.2025  14:21:28
  2   3   1   4  $12    0.001    56.0186 351975.14   0.1   -573.54   0.3  14.10.2025  14:21:31
  1   2   3   4  $12    0.001    -7.6264 143754.86   0.0    138.64   1.8  14.10.2025  14:21:33
  3   4   1   2  $12    0.001     1.0189  19206.34   3.4  -7224.96   4.9  14.10.2025  14:21:39
  5   8   6   7  $12    0.010     2.1115   1326.68   0.3    -26.35  20.5  14.10.2025  14:21:43
  6   7   5   8  $12    0.010     2.1793   1369.29   0.1    -46.95   5.9  14.10.2025  14:21:45
  5   6   7   8  $12    0.100    -5.8968   1111.53   0.0     -7.14   4.2  14.10.2025  14:21:49
  7   8   5   6  $12    0.100    -5.6395   1063.01   0.0     26.65   2.1  14.10.2025  14:21:51
  9  12  10  11  $12    0.001     3.2699  20545.60   0.1    175.08   0.0  14.10.2025  14:21:59
 10  11   9  12  $12    0.001     2.8428  17861.82   0.3    120.88   3.3  14.10.2025  14:22:01
  9  10  11  12  $12    0.010    -4.9987   9422.37   0.6  -2440.18   0.3  14.10.2025  14:22:06
 11  12   9  10  $12    0.010     8.6515  16307.65   0.6   -435.03   0.2  14.10.2025  14:22:08
 13  16  14  15  $12    0.010    21.2752  13367.62   0.0   -382.10   0.0  14.10.2025  14:22:10
 14  15  13  16  $12    0.010     3.4299   2155.05   0.9    860.39   0.4  14.10.2025  14:22:12
 13  14  15  16  $12    0.100    -8.3018   1564.85   0.1     25.44  36.9  14.10.2025  14:22:16
  1   9  10   2  $12    0.001   -39.3268 141519.38   0.0   -223.24   0.2  14.10.2025  14:22:25
  1   9  11   3  $12    0.001    -4.2099  36069.99   0.5   -302.03   0.2  14.10.2025  14:22:27
  1   9  12   4  $12    0.010    -9.4681  15831.95   0.0    116.05   2.2  14.10.2025  14:22:30
  2  10   9   1  $12    0.001   -62.3281 224290.98   0.1   -339.56   0.0  14.10.2025  14:22:36
  2  10  11   3  $12    0.001    -5.1005  18354.53   0.6    214.56   1.7  14.10.2025  14:22:38
  2  10  12   4  $12    0.010    -5.6494   4840.43   3.0   -286.61  11.0  14.10.2025  14:22:46
  3  11   9   1  $12    0.001   -11.5467  98931.62   0.1   -419.58   0.1  14.10.2025  14:22:51
  3  11  10   2  $12    0.001    -6.0265  21686.56   0.3     74.03   3.0  14.10.2025  14:22:53
  3  11  12   4  $12    0.010   -17.9621   6463.75   0.0     87.65   1.3  14.10.2025  14:22:57
 12   4   9   1  $12    0.010    19.8840  33248.76   0.0   -316.75   0.1  14.10.2025  14:22:59
 12   4  10   2  $12    0.010     6.6648   5710.36   0.0    774.77   0.3  14.10.2025  14:23:01
 12   4  11   3  $12    0.010    16.7684   6034.21   0.0    173.27   0.6  14.10.2025  14:23:03
 13   5  14   6  $12    0.010     6.0779   2187.15   0.1      6.58  13.5  14.10.2025  14:23:05
 13   5  15   7  $12    0.010     3.3176   2842.52   0.3      2.26 103.5  14.10.2025  14:23:07
 13   5  16   8  $12    0.010     3.4268   5730.14   0.6   -529.61   1.2  14.10.2025  14:23:09
 14   6  13   5  $12    0.010     6.2389   2245.11   0.4     -9.22  30.2  14.10.2025  14:23:11
 14   6  15   7  $12    0.010     4.8292   1737.81   0.1     56.01   1.4  14.10.2025  14:23:13
 14   6  16   8  $12    0.010    18.3363  15710.51   0.1   -136.40   0.4  14.10.2025  14:23:15
 15   7  13   5  $12    0.010     3.3697   2887.12   0.3      6.49  99.5  14.10.2025  14:23:17
 15   7  14   6  $12    0.010     5.2492   1888.95   0.1     13.53   6.4  14.10.2025  14:23:19
 15   7  16   8  $12    0.010     7.8562   2827.11   0.8    288.62   2.0  14.10.2025  14:23:21
 16   8  13   5  $12    0.010   -14.1436  23650.07   0.1  -1105.59   0.1  14.10.2025  14:23:23
 16   8  14   6  $12    0.001     2.0251  17350.63   0.1   -154.81   0.1  14.10.2025  14:23:28
 16   8  15   7  $12    0.001     1.9489   7013.12   0.7   -252.16   1.7  14.10.2025  14:23:32
  1   2   5   6  $12    0.010    10.1331 191003.88   0.2   -153.56   0.4  14.10.2025  14:23:35
  2   3   6   7  $12    0.010    -6.4681 121920.57   0.6     37.16  15.1  14.10.2025  14:23:37
  3   4   7   8  $12    0.100    -4.6403   8746.79   0.7  -1032.55   0.1  14.10.2025  14:23:41
  1   2   9  10  $12    0.001     8.4521 13382685.20   0.2  -3260.43   0.4  14.10.2025  14:23:50
  2   3  10  11  $12    0.010    -0.4363  69087.85   0.5   -314.63   3.3  14.10.2025  14:23:57
  3   4  11  12  $12    0.010     0.2274  36012.29   0.1   1315.96   2.5  14.10.2025  14:24:01
  1   2  13  14  $12    0.010     0.0029   1564.80  14.2   5096.51  14.1  14.10.2025  14:24:14
  2   3  14  15  $12    0.010    -4.7189 2543967.08   0.0   -564.53   0.1  14.10.2025  14:24:15
  3   4  15  16  $12    0.001     4.9737 26813018.61   0.3    -50.74   1.5  14.10.2025  14:24:20
  5   6   9  10  $12    0.010    13.5675 255741.35   0.7    602.24   0.9  14.10.2025  14:24:24
  6   7  10  11  $12    1.000    -0.4188     78.94  39.9  -1097.70 120.6  14.10.2025  14:24:38
  7   8  11  12  $12    1.000     2.8042    528.58   0.4    -35.55  10.7  14.10.2025  14:24:40
  5   6  13  14  $12    0.100    -0.1972   3121.61   5.3  -1961.79   1.5  14.10.2025  14:24:47
  6   7  14  15  $12    0.100    -6.7525 106917.27   0.0   -858.18   0.1  14.10.2025  14:24:49
  7   8  15  16  $12    1.000    -7.1233  11278.79   0.1   -482.98   2.8  14.10.2025  14:24:58
  9  10  13  14  $12    0.010     2.0627  38880.55   4.4  -1240.83   0.1  14.10.2025  14:25:11
 10  11  14  15  $12    1.000     3.6032    679.19   0.0     95.36   1.3  14.10.2025  14:25:16
 11  12  15  16  $12    0.010    -5.4998 103669.70   0.9   -507.57   1.7  14.10.2025  14:25:25
  1   2   6   7  $12    0.010    -9.9379 374650.53   0.5   -101.46   3.8  14.10.2025  14:25:27
  2   3   7   8  $12    0.010     1.0688  40293.26   6.9  -1562.68   2.0  14.10.2025  14:25:37
  1   2   7   8  $12    0.010    -0.1033   6815.73   0.5  -1531.06   1.1  14.10.2025  14:25:49
  2   3   7   8  $12    0.010    -0.5045  19018.83   0.2   -376.55   0.3  14.10.2025  14:25:54
  1   2  10  11  $12    0.010     0.0328   7421.23   0.7    133.98   3.8  14.10.2025  14:26:06
  2   3  11  12  $12    0.010    -0.1961  44351.99   1.7  -3639.01   2.1  14.10.2025  14:26:18
  1   2  11  12  $12    0.010     2.4805 771477.45   0.2    360.59   0.4  14.10.2025  14:26:20
  2   3  11  12  $12    0.010    -0.6835 154605.70   8.4  -1883.95   2.0  14.10.2025  14:26:29
  1   2  14  15  $12    0.010    -1.4152 971010.07   0.9  -1653.82   1.3  14.10.2025  14:26:35
  2   3  15  16  $12    0.001     9.1157 62545256.42   0.2    311.19   3.2  14.10.2025  14:26:40
  1   2  15  16  $12    0.001     3.5300 30275267.75   0.2   3480.05   0.1  14.10.2025  14:26:42
  2   3  15  16  $12    0.001     9.0888 62360552.05   0.0    326.29   0.5  14.10.2025  14:26:44
  5   6  10  11  $12    1.000    13.3121   5018.54   0.7    202.04  29.6  14.10.2025  14:26:51
  6   7  11  12  $12    0.100     0.0584    220.00   4.8  10328.85   4.4  14.10.2025  14:26:56
  5   6  11  12  $12    0.100     0.0404    266.50  47.2 -21570.26  76.8  14.10.2025  14:27:00
  6   7  11  12  $12    0.100     0.1275    480.72   4.8   4772.53   4.3  14.10.2025  14:27:04
  5   6  14  15  $12    0.100     3.1489  71227.13   0.9   -585.47   0.2  14.10.2025  14:27:10
  6   7  15  16  $12    0.010    12.0220 2719311.40   0.1   -137.65   0.6  14.10.2025  14:27:15
  5   6  15  16  $12    0.010   -14.9998 4665216.56   0.1   -249.93   0.7  14.10.2025  14:27:17
  6   7  15  16  $12    0.010    11.7512 2658066.68   0.3   -135.90   5.3  14.10.2025  14:27:19
  9  10  14  15  $12    0.010   -18.4211 694459.56   0.2   -595.59   0.0  14.10.2025  14:27:21
 10  11  15  16  $12    0.100     1.5189   5726.08   1.1  -1512.02   2.3  14.10.2025  14:27:34
  9  10  15  16  $12    0.001    22.8618 15082742.99   0.3    137.49   1.1  14.10.2025  14:27:42
 10  11  15  16  $12    1.000    14.3317   5402.93   0.6    124.01   8.2  14.10.2025  14:27:50
