//C:\Users\user\Desktop\GeoTom\GeoTomE724.ini
//- Cable direction:
//  cable I: normal
//  cable II: normal
//  cable III: normal
//  cable IV: normal
//- Cable arrangement: sequential
//- Optimization: Last measurement
//- Sorting: Multi-level
//- Current levels: 0.001 mA .. 50.0 mA
Type:         Flow
Name:         Hyprop
Comment:      Example of a measurements sequence
Comment:      
Comment:      
Spacing:      1.00000
First El:     0.00000
Nr of points: 289
IP present:   1

  1   5   2   6  $12    0.001    -8.0052  34294.37   0.6    -31.29  47.4  14.10.2025  02:10:09
  1   5   3   7  $12    0.001    -9.3266 175802.13   0.2   -427.33   0.6  14.10.2025  02:10:11
  1   5   4   8  $12    0.001    -2.6426  34868.85   0.4   -268.59   2.2  14.10.2025  02:10:13
  1   5  14   2  $12    0.001    12.4390 111515.94   0.1   -135.36   1.8  14.10.2025  02:10:15
  1   5  15   3  $12    0.001    10.0568 2211614.11   0.4   -469.57   0.3  14.10.2025  02:10:17
  1   5  16   4  $12    0.001   -41.4971 405859.74   0.0   -210.79   0.7  14.10.2025  02:10:19
  1   5  13   9  $12    0.001    44.3327 3342605.59   0.3    460.79   1.1  14.10.2025  02:10:22
  1   5  14  10  $12    0.010    -1.2087  13883.26   0.2   -957.97   0.3  14.10.2025  02:10:29
  1   5  15  11  $12    0.010     7.6994 126989.44   0.1   -677.70   0.2  14.10.2025  02:10:31
  1   5  16  12  $12    0.001   -42.7112 9686206.66   0.1   -220.25   0.1  14.10.2025  02:10:36
  1   5  10   6  $12    0.001     3.7156  32829.91   0.4   -324.76   1.0  14.10.2025  02:10:38
  1   5  11   7  $12    0.010     3.6088   8502.93   0.1   -276.57   0.5  14.10.2025  02:10:42
  1   5  12   8  $12    0.010    -2.0019   9079.95   0.4    663.82   1.0  14.10.2025  02:10:55
  2   6   1   5  $12    0.001     9.6397  41296.42   0.6  -1015.54   1.7  14.10.2025  02:11:00
  2   6   3   7  $12    0.001    -0.4625   1981.53   0.9  -5065.24   0.9  14.10.2025  02:11:04
  2   6   4   8  $12    0.010    -8.6177  16244.05   0.3   -663.75   0.4  14.10.2025  02:11:08
  2   6  13   1  $12    0.001   -14.3504 105835.05   0.2   -875.36   0.1  14.10.2025  02:11:13
  2   6  15   3  $12    0.001     0.6999   6274.33   0.5  -3695.52   1.6  14.10.2025  02:11:15
  2   6  16   4  $12    0.001   -26.4581 5818433.74   0.1   -188.23   0.3  14.10.2025  02:11:17
  2   6  13   9  $12    0.001    26.1196 1184701.74   0.7    539.97   0.3  14.10.2025  02:11:20
  2   6  14  10  $12    0.010    -0.9200   6936.36   0.0   -931.62   0.0  14.10.2025  02:11:27
  2   6  15  11  $12    0.010     4.3879  50401.43   0.3   -671.91   0.0  14.10.2025  02:11:29
  2   6  16  12  $12    0.001   -27.0385 4459555.98   0.1   -203.98   1.1  14.10.2025  02:11:34
  2   6   9   5  $12    0.001   -26.8678 354512.29   0.0    538.58   0.1  14.10.2025  02:11:37
  2   6  11   7  $12    0.010     4.5110   3985.80   0.2   -416.45   0.4  14.10.2025  02:11:41
  2   6  12   8  $12    0.010     3.2178   7581.79   0.9  -1706.75   0.2  14.10.2025  02:11:43
  3   7   1   5  $12    0.001    -2.1086  39747.08   0.9    969.72   3.0  14.10.2025  02:11:49
  3   7   2   6  $12    0.010    -1.2566    538.34   0.5 -17271.05   0.3  14.10.2025  02:11:53
  3   7   4   8  $12    0.010     9.6013   4113.18   0.3    189.28   1.3  14.10.2025  02:11:55
  3   7  13   1  $12    0.001     2.2817  35841.54   0.5    861.04   0.6  14.10.2025  02:12:00
  3   7  14   2  $12    0.010     9.7076   7159.46   0.2  -2370.05   0.2  14.10.2025  02:12:04
  3   7  16   4  $12    0.001    -9.1946  82429.81   0.3   -231.11   1.4  14.10.2025  02:12:09
  3   7  13   9  $12    0.001     7.4255 174959.76   0.4    502.63   1.3  14.10.2025  02:12:11
  3   7  14  10  $12    0.100     2.3407   1061.66   0.1   1320.46   0.1  14.10.2025  02:12:16
  3   7  15  11  $12    0.010     1.3722  10346.43   0.0   -589.05   0.1  14.10.2025  02:12:21
  3   7  16  12  $12    0.001    -8.1998 941865.71   0.2   -340.96   0.1  14.10.2025  02:12:26
  3   7   9   5  $12    0.001    -7.6349 143915.05   0.2    346.64   0.8  14.10.2025  02:12:28
  3   7  10   6  $12    0.010     7.3186   9656.69   0.0   -288.67   1.0  14.10.2025  02:12:32
  3   7  12   8  $12    0.100    16.6751   1473.37   0.0   -160.15   0.1  14.10.2025  02:12:36
  4   8   1   5  $12    0.010   -14.3516  18936.50   0.2    112.55  14.1  14.10.2025  02:12:41
  4   8   2   6  $12    0.010   -19.0789  35962.79   0.7   -591.01   0.3  14.10.2025  02:12:43
  4   8   3   7  $12    0.010     6.4155   2748.40   0.4    583.83   1.6  14.10.2025  02:12:45
  4   8  13   1  $12    0.010    15.1027  33967.36   0.8     37.74  23.6  14.10.2025  02:12:47
  4   8  14   2  $12    0.010    22.9291  36017.02   0.0   -557.42   0.1  14.10.2025  02:12:49
  4   8  15   3  $12    0.010    -3.9306   2898.86   0.3   1070.18   0.8  14.10.2025  02:12:51
  4   8  13   9  $12    0.001     2.8294  25000.14   0.5    295.61   0.5  14.10.2025  02:12:56
  4   8  14  10  $12    0.100     4.8698   1147.43   0.0    186.09   0.1  14.10.2025  02:13:01
  4   8  15  11  $12    0.100    10.9864   4983.09   0.1   -293.46   0.5  14.10.2025  02:13:03
  4   8  16  12  $12    0.001    -2.7113 204429.53   0.7   -261.53   3.5  14.10.2025  02:13:11
  4   8   9   5  $12    0.001    -2.4588  10533.26   0.2    532.59   0.8  14.10.2025  02:13:13
  4   8  10   6  $12    0.010     2.8685   5406.96   0.1   -308.09   0.3  14.10.2025  02:13:17
  4   8  11   7  $12    0.100    15.9978   2110.87   0.0    -45.14   0.6  14.10.2025  02:13:21
  5   9   6  10  $12    0.001     5.3809  23051.56   0.1   -113.72   0.9  14.10.2025  02:13:29
  5   9   7  11  $12    0.010     7.1144  13410.34   0.1   -245.24   0.1  14.10.2025  02:13:33
  5   9   8  12  $12    0.010     7.3773   9734.14   0.2  -1301.65   0.1  14.10.2025  02:13:35
  5   9   2   6  $12    0.001    34.1874 451092.60   0.2   -202.60   0.5  14.10.2025  02:13:40
  5   9   3   7  $12    0.001    10.1673 191649.97   0.3   -374.65   0.5  14.10.2025  02:13:42
  5   9   4   8  $12    0.001     3.5671  15281.52   0.1   -358.09   0.3  14.10.2025  02:13:44
  5   9   1  13  $12    0.001    26.0392 654436.55   0.0    333.30   0.0  14.10.2025  02:13:47
  5   9   2  14  $12    0.001    39.0545 878371.60   0.0   -225.80   0.1  14.10.2025  02:13:49
  5   9   3  15  $12    0.001    11.4042 179136.57   0.0   -411.90   0.3  14.10.2025  02:13:51
  5   9   4  16  $12    0.001   -34.7231 256085.74   0.0   -232.32   0.1  14.10.2025  02:13:54
  5   9  14  10  $12    0.001     2.2545  19920.14   0.0    143.56   1.1  14.10.2025  02:13:56
  5   9  15  11  $12    0.010    -5.2448  12357.66   0.5   -848.18   0.2  14.10.2025  02:13:59
  5   9  16  12  $12    0.001    34.6188 1570196.78   0.2   -242.23   0.3  14.10.2025  02:14:05
  6  10   5   9  $12    0.001     4.4018  18857.35   0.1     20.09  21.4  14.10.2025  02:14:07
  6  10   7  11  $12    0.010     5.3678   2299.55   0.0    195.85   0.0  14.10.2025  02:14:11
  6  10   8  12  $12    0.010     2.9347   5531.77   0.0     86.21   1.0  14.10.2025  02:14:13
  6  10   1   5  $12    0.010   -20.9255  18489.21   0.0    -47.45   3.9  14.10.2025  02:14:15
  6  10   3   7  $12    0.010    -8.1180  10711.51   0.1   -329.28   0.3  14.10.2025  02:14:17
  6  10   4   8  $12    0.010    -2.5910   4883.95   0.3   -251.81   3.3  14.10.2025  02:14:19
  6  10   1  13  $12    0.010   -18.0529  40602.63   0.0    -46.93   1.5  14.10.2025  02:14:21
  6  10   2  14  $12    0.001    -1.9937  50107.73   0.5   -209.46   7.2  14.10.2025  02:14:26
  6  10   3  15  $12    0.010    -5.7452  12921.47   0.0   -494.27   0.2  14.10.2025  02:14:30
  6  10   4  16  $12    0.001     2.1064  33086.79   0.1   -222.44   0.5  14.10.2025  02:14:35
  6  10  13   9  $12    0.001     3.8440  50720.15   0.7    131.88   1.1  14.10.2025  02:14:37
  6  10  15  11  $12    0.010     2.9912   2642.96   0.1    283.86   0.3  14.10.2025  02:14:41
  6  10  16  12  $12    0.001    -2.0539  48392.71   0.3   -247.21   4.7  14.10.2025  02:14:46
  7  11   5   9  $12    0.010     2.2215   4187.51   0.3    392.15   1.4  14.10.2025  02:14:50
  7  11   6  10  $12    0.010     6.1052   2615.44   0.1    118.31   2.6  14.10.2025  02:14:52
  7  11   8  12  $12    0.010     6.2903   2694.75   0.0     43.84   0.7  14.10.2025  02:14:54
  7  11   1   5  $12    0.100    -6.4903   1529.24   0.6   -322.46   3.7  14.10.2025  02:14:58
  7  11   2   6  $12    0.100   -13.5936   1201.10   0.1      4.46  15.5  14.10.2025  02:15:00
  7  11   4   8  $12    0.100   -14.1636   1868.85   0.0    -20.72   1.5  14.10.2025  02:15:02
  7  11   1  13  $12    0.100     5.3645    842.65   0.6   -424.61   0.4  14.10.2025  02:15:04
  7  11   2  14  $12    0.100     7.6660   1724.15   0.3   -302.71   5.5  14.10.2025  02:15:07
  7  11   3  15  $12    0.100     5.9205   1487.98   0.0     70.18   3.6  14.10.2025  02:15:09
  7  11   4  16  $12    0.100     5.6394   1268.36   0.6    381.01   2.0  14.10.2025  02:15:11
  7  11  13   9  $12    0.100     7.0764   1333.87   0.7    588.57   2.9  14.10.2025  02:15:13
  7  11  14  10  $12    0.010     3.1898   4208.84   0.2    178.06   0.1  14.10.2025  02:15:18
  7  11  16  12  $12    0.010     4.3129   3810.79   0.3   -100.54   3.9  14.10.2025  02:15:20
  8  12   5   9  $12    0.010    -8.4729  11179.75   0.7   -476.79   1.2  14.10.2025  02:15:22
  8  12   6  10  $12    0.010     3.1960   6024.41   0.3     12.72  29.7  14.10.2025  02:15:24
  8  12   7  11  $12    0.010     5.7165   2448.93   0.0     30.74   6.1  14.10.2025  02:15:26
  8  12   1   5  $12    0.010     6.1941  28094.56   0.3   -369.88   0.6  14.10.2025  02:15:28
  8  12   2   6  $12    0.010     8.2867  19525.10   0.1   -576.08   0.2  14.10.2025  02:15:30
  8  12   3   7  $12    0.100     6.9520    614.26   0.5  -1020.05   0.7  14.10.2025  02:15:34
  8  12   1  13  $12    0.010     5.8996   4351.04   0.1   -258.00   2.9  14.10.2025  02:15:39
  8  12   2  14  $12    0.010     8.9405  14043.71   0.4   -486.25   0.9  14.10.2025  02:15:41
  8  12   3  15  $12    0.010     2.4940   5609.32   0.1   -299.22   1.7  14.10.2025  02:15:43
  8  12  16   4  $12    0.010     7.2391  18193.80   0.2   -640.30   0.5  14.10.2025  02:15:45
  8  12   9  13  $12    0.010     8.8831   3805.51   0.2   -447.80   0.5  14.10.2025  02:15:47
  8  12  10  14  $12    0.100   -13.9956   2638.11   0.0     57.83   0.6  14.10.2025  02:15:51
  8  12  11  15  $12    0.010    -3.5562   4692.34   0.0     72.98   0.4  14.10.2025  02:15:55
  9  13  10  14  $12    0.001     2.5706  11012.56   0.0    136.91   0.0  14.10.2025  02:16:00
  9  13  11  15  $12    0.010    -5.6402  10631.47   0.5   -887.72   0.3  14.10.2025  02:16:04
  9  13  12  16  $12    0.001    35.0284 462189.27   0.1   -234.20   1.6  14.10.2025  02:16:10
  9  13   6  10  $12    0.001    -4.7856  63143.87   0.0   -109.45   0.2  14.10.2025  02:16:12
  9  13   7  11  $12    0.010    -3.8756   7305.27   0.1   -262.83   0.5  14.10.2025  02:16:15
  9  13   8  12  $12    0.010    -7.2898   3122.93   0.1  -1699.23   0.0  14.10.2025  02:16:17
  9  13   5   1  $12    0.001    21.4575 1617856.97   0.6    368.57   1.4  14.10.2025  02:16:22
  9  13   6   2  $12    0.001    32.3255 1466177.26   0.0   -190.79   0.4  14.10.2025  02:16:25
  9  13   7   3  $12    0.001     9.9805 235160.97   0.1   -375.62   0.4  14.10.2025  02:16:27
  9  13   8   4  $12    0.001     2.9690  26233.59   0.3   -293.48   2.3  14.10.2025  02:16:29
  9  13   2  14  $12    0.001   -36.0747 266053.85   0.0   -200.57   0.2  14.10.2025  02:16:31
  9  13   3  15  $12    0.001   -10.6449 167209.14   0.1   -407.19   0.3  14.10.2025  02:16:33
  9  13   4  16  $12    0.001    32.6716 734815.89   0.0   -229.39   0.0  14.10.2025  02:16:36
 10  14   9  13  $12    0.001     2.6647  11415.55   0.2    142.94   4.3  14.10.2025  02:16:38
 10  14  11  15  $12    0.010     6.5536   2807.54   0.0     97.19   0.4  14.10.2025  02:16:41
 10  14  12  16  $12    0.010     4.6622   8788.11   0.8   -315.80   2.1  14.10.2025  02:16:44
 10  14   5   9  $12    0.010   -21.9304  19377.13   0.1    151.79   0.3  14.10.2025  02:16:46
 10  14   7  11  $12    0.010    -3.7402   4935.04   0.0    176.62   0.4  14.10.2025  02:16:48
 10  14   8  12  $12    0.100   -13.8297   2606.84   0.0     50.20   0.4  14.10.2025  02:16:51
 10  14   5   1  $12    0.100    13.5914  15611.73   0.2   -498.88   2.2  14.10.2025  02:16:53
 10  14   6   2  $12    0.100    13.2864  10017.74   0.2   -712.15   0.7  14.10.2025  02:16:55
 10  14   7   3  $12    0.100     7.6207   3456.48   0.1   -155.00   2.6  14.10.2025  02:16:57
 10  14   8   4  $12    0.100     6.0890   1434.68   0.3    -31.20   8.4  14.10.2025  02:16:59
 10  14   1  13  $12    0.100    17.0741   1530.70   0.4    583.88   1.7  14.10.2025  02:17:01
 10  14   3  15  $12    0.100    19.0997   1408.62   0.1     24.35   8.6  14.10.2025  02:17:03
 10  14   4  16  $12    0.100    12.3203   1935.27   0.6   -767.94   1.7  14.10.2025  02:17:05
 11  15   9  13  $12    0.010     4.7073   8873.12   0.3   -520.78   0.8  14.10.2025  02:17:11
 11  15  10  14  $12    0.010     5.3361   2285.97   0.1     70.06   2.3  14.10.2025  02:17:13
 11  15  12  16  $12    0.010     8.0248   3437.83   0.2    469.48   0.0  14.10.2025  02:17:15
 11  15   5   9  $12    0.010    -2.4737   5828.48   0.7   -931.45   0.5  14.10.2025  02:17:17
 11  15   6  10  $12    0.010    -2.3008   2032.89   0.1    194.80   0.3  14.10.2025  02:17:19
 11  15   8  12  $12    0.010    -3.7203   4908.82   0.1     59.81   1.3  14.10.2025  02:17:21
 11  15   5   1  $12    0.100   -16.7098  27560.03   0.1    225.22   0.9  14.10.2025  02:17:24
 11  15   6   2  $12    0.100   -19.0594  21892.48   0.1   -198.22   0.9  14.10.2025  02:17:26
 11  15   7   3  $12    0.100     2.0774   1566.33   0.3    -70.21  17.0  14.10.2025  02:17:28
 11  15   8   4  $12    0.100     5.6340   2555.40   0.2    -81.95   3.2  14.10.2025  02:17:30
 11  15   1  13  $12    0.010     2.8677  63064.60   0.5   -551.42   1.9  14.10.2025  02:17:36
 11  15   2  14  $12    0.010     4.5951   4119.52   0.3   -576.89   2.1  14.10.2025  02:17:38
 11  15   4  16  $12    0.010     2.7939   2060.53   0.1   1246.47   0.4  14.10.2025  02:17:40
 12  16   9  13  $12    0.001    26.2333 346139.84   0.6      5.71  12.5  14.10.2025  02:17:45
 12  16  10  14  $12    0.010     1.8259   3441.83   0.0    197.35   0.3  14.10.2025  02:17:52
 12  16  11  15  $12    0.010    14.9357   6398.45   0.1   -169.55   0.4  14.10.2025  02:17:54
 12  16   5   9  $12    0.001   -27.0110 1225128.85   0.3     29.22  12.6  14.10.2025  02:17:59
 12  16   6  10  $12    0.001     2.2958  54093.40   0.0   -372.84   1.1  14.10.2025  02:18:01
 12  16   7  11  $12    0.010    -1.1083    979.22   5.0   2189.54   7.6  14.10.2025  02:18:10
 12  16   5   1  $12    0.001   -19.7269 4473745.34   0.1    351.78   1.8  14.10.2025  02:18:15
 12  16   6   2  $12    0.001   -28.3700 4679174.82   0.2   -153.58   1.1  14.10.2025  02:18:17
 12  16   7   3  $12    0.001    -8.9871 1032303.55   0.0   -356.33   0.2  14.10.2025  02:18:19
 12  16   8   4  $12    0.001    -2.5453 191914.65   0.6   -284.59   1.0  14.10.2025  02:18:21
 12  16  13   1  $12    0.001   -20.6143 201616.91   0.6    342.32   2.0  14.10.2025  02:18:23
 12  16  14   2  $12    0.001   -32.1484 7069812.25   0.4   -186.53   0.8  14.10.2025  02:18:26
 12  16  15   3  $12    0.001   -10.3311  92618.92   0.5   -358.62   0.7  14.10.2025  02:18:28
 13   1  14   2  $12    0.001   -10.5858  36302.53   0.2   -327.52   1.0  14.10.2025  02:18:30
 13   1  15   3  $12    0.001    -9.7059  73601.05   0.0   -476.86   0.5  14.10.2025  02:18:32
 13   1  16   4  $12    0.001    40.8220 524642.85   0.1   -249.70   0.7  14.10.2025  02:18:34
 13   1  10  14  $12    0.010    -3.4958   3133.95   0.1   -189.63   1.1  14.10.2025  02:18:38
 13   1  11  15  $12    0.010     4.8244 106093.57   0.2   -708.36   0.0  14.10.2025  02:18:40
 13   1  12  16  $12    0.001   -43.4444 424904.99   0.0   -234.36   0.1  14.10.2025  02:18:45
 13   1   9   5  $12    0.001    41.8291 1051279.01   0.1     82.75   3.8  14.10.2025  02:18:48
 13   1  10   6  $12    0.001    -3.3524  75399.16   0.1   -335.94   1.2  14.10.2025  02:18:50
 13   1  11   7  $12    0.010    -0.8278   1300.29   0.1   -374.32   0.3  14.10.2025  02:18:57
 13   1  12   8  $12    0.010     0.6688    493.24  16.6  24583.20  82.7  14.10.2025  02:19:03
 13   1   6   2  $12    0.001    -7.7463  57129.27   0.6   -274.29   2.0  14.10.2025  02:19:08
 13   1   7   3  $12    0.001    -9.5512 150030.48   0.1   -415.96   0.3  14.10.2025  02:19:10
 13   1   8   4  $12    0.001    -2.9828  67085.63   0.3   -255.48   1.9  14.10.2025  02:19:12
 14   2  13   1  $12    0.001     9.7780  33532.25   1.8  -1391.38   1.2  14.10.2025  02:19:19
 14   2  15   3  $12    0.001    -2.1639   7420.71   0.5  -1529.76   0.3  14.10.2025  02:19:21
 14   2  16   4  $12    0.001    32.4614 246160.09   0.0   -224.85   0.8  14.10.2025  02:19:23
 14   2   9  13  $12    0.001    31.4158 231693.89   0.0     91.51   1.4  14.10.2025  02:19:26
 14   2  11  15  $12    0.010     5.5242   4952.45   0.1  -1039.64   0.2  14.10.2025  02:19:30
 14   2  12  16  $12    0.001   -29.6363 6517359.24   0.1   -230.97   0.1  14.10.2025  02:19:35
 14   2   9   5  $12    0.001    28.1497 633114.17   0.1     80.76   1.7  14.10.2025  02:19:37
 14   2  10   6  $12    0.001    -2.1506  54050.50   0.5   -355.04   0.5  14.10.2025  02:19:40
 14   2  11   7  $12    0.010    -2.6246   5903.06   0.1   -967.88   0.0  14.10.2025  02:19:43
 14   2  12   8  $12    0.010    -6.3679  10002.71   0.1  -1934.74   0.0  14.10.2025  02:19:45
 14   2   5   1  $12    0.001    16.8394 150965.52   0.2   -896.87   0.1  14.10.2025  02:19:50
 14   2   7   3  $12    0.001    -1.0662   7863.04   0.5  -2355.12   0.5  14.10.2025  02:19:54
 14   2   8   4  $12    0.010    -9.1996  14450.65   0.2   -362.86   0.7  14.10.2025  02:19:58
 15   3  13   1  $12    0.001    -3.6623  27771.87   0.4    183.00   4.5  14.10.2025  02:20:03
 15   3  14   2  $12    0.001    -1.3683   4692.51   0.7  -2496.78   0.5  14.10.2025  02:20:05
 15   3  16   4  $12    0.001    11.3403  38890.00   0.3   -317.15   0.1  14.10.2025  02:20:07
 15   3   9  13  $12    0.001     9.6390 151409.00   0.1   -175.38   1.4  14.10.2025  02:20:09
 15   3  10  14  $12    0.010    -2.0212   1490.63   0.1    -42.90   2.7  14.10.2025  02:20:13
 15   3  12  16  $12    0.001   -10.1514  91007.62   0.1   -342.72   0.4  14.10.2025  02:20:18
 15   3   9   5  $12    0.001     9.6224 151148.93   0.2   -153.78   2.4  14.10.2025  02:20:20
 15   3  10   6  $12    0.010    -5.8988  13266.88   0.0   -447.36   0.7  14.10.2025  02:20:24
 15   3  11   7  $12    0.100    -1.0140    254.84   0.8  -3179.81   0.5  14.10.2025  02:20:28
 15   3  12   8  $12    0.100    -5.1432   1156.76   0.1  -2539.80   0.0  14.10.2025  02:20:30
 15   3   5   1  $12    0.001    -3.0060 661052.63   0.3    251.41   2.5  14.10.2025  02:20:38
 15   3   6   2  $12    0.001    -1.0192   9137.60   1.0  -2807.57   1.5  14.10.2025  02:20:44
 15   3   8   4  $12    0.010     6.4180   4733.34   0.1    345.70   0.6  14.10.2025  02:20:48
 16   4  13   1  $12    0.001    18.7743 241287.13   0.5    447.41   0.4  14.10.2025  02:20:53
 16   4  14   2  $12    0.001    28.5039 216149.37   0.0   -233.35   0.1  14.10.2025  02:20:56
 16   4  15   3  $12    0.001     9.9041  33964.88   0.0   -325.25   0.5  14.10.2025  02:20:58
 16   4   9  13  $12    0.001   -27.3847 615906.88   0.5     94.94   0.0  14.10.2025  02:21:00
 16   4  10  14  $12    0.010     3.6759   5774.08   0.2  -1187.14   0.0  14.10.2025  02:21:04
 16   4  11  15  $12    0.010   -14.7876  10905.98   0.0   -613.30   0.2  14.10.2025  02:21:06
 16   4   9   5  $12    0.001   -26.6847 196801.54   0.0    112.15   0.3  14.10.2025  02:21:11
 16   4  10   6  $12    0.001     2.3640  37133.98   0.4   -345.98   2.6  14.10.2025  02:21:13
 16   4  11   7  $12    0.010     3.8012   8549.35   0.3   -649.52   0.4  14.10.2025  02:21:17
 16   4  12   8  $12    0.010     6.3591  15982.10   0.8  -1360.36   0.2  14.10.2025  02:21:19
 16   4   5   1  $12    0.001    18.3373 179347.01   0.8    463.52   2.2  14.10.2025  02:21:24
 16   4   6   2  $12    0.001    26.3890 5803236.20   0.0   -200.35   0.1  14.10.2025  02:21:27
 16   4   7   3  $12    0.001     9.2685  83092.20   0.3   -312.10   0.3  14.10.2025  02:21:29
  1   4   2   3  $12    0.001     0.3926   2466.80   9.2  -3007.38  11.2  14.10.2025  02:21:37
  2   3   1   4  $12    0.001    16.1630 101554.85   0.8   -847.53   0.0  14.10.2025  02:21:39
  1   2   3   4  $12    0.001    -5.6040 105633.65   0.1    -32.83   0.1  14.10.2025  02:21:41
  3   4   1   2  $12    0.001    -3.8046  71714.67   0.4    410.03   2.5  14.10.2025  02:21:43
  5   8   6   7  $12    0.100    16.8081   1056.08   0.0     -5.87   4.5  14.10.2025  02:21:49
  6   7   5   8  $12    0.100    20.1970   1269.02   0.1    -51.38   1.8  14.10.2025  02:21:51
  5   6   7   8  $12    0.100    -5.4857   1034.02   0.2    -10.35  26.3  14.10.2025  02:21:53
  7   8   5   6  $12    0.100    -5.4082   1019.41   0.3      7.94  56.7  14.10.2025  02:21:55
  9  12  10  11  $12    0.010    20.1152  12638.74   0.0    191.69   0.0  14.10.2025  02:22:00
 10  11   9  12  $12    0.010    18.1935  11431.34   0.4     95.39   2.5  14.10.2025  02:22:02
  9  10  11  12  $12    0.010     3.6725   6922.41   0.7   -269.36   1.2  14.10.2025  02:22:04
 11  12   9  10  $12    0.010     8.3550  15748.73   0.4   -563.29   0.1  14.10.2025  02:22:06
 13  16  14  15  $12    0.010    13.1744   8277.69   0.1   -278.16   0.1  14.10.2025  02:22:08
 14  15  13  16  $12    0.010     0.8372    526.01   0.4   4619.37   0.4  14.10.2025  02:22:11
 13  14  15  16  $12    0.100    -8.1219   1530.94   0.7    -21.38  10.6  14.10.2025  02:22:15
  1   9  10   2  $12    0.001   -26.9445  96961.05   0.0   -279.92   1.5  14.10.2025  02:22:24
  1   9  11   3  $12    0.010   -16.5648  14192.72   0.3    274.38   1.0  14.10.2025  02:22:28
  1   9  12   4  $12    0.010    -3.0362   5076.97   0.2    304.23   2.8  14.10.2025  02:22:30
  2  10   9   1  $12    0.001   -38.6053 138923.31   0.1   -356.72   0.0  14.10.2025  02:22:35
  2  10  11   3  $12    0.001     1.0657   3835.06   0.7  -2640.14   1.0  14.10.2025  02:22:37
  2  10  12   4  $12    0.010    11.8086  10117.61   0.0   -350.42   1.0  14.10.2025  02:22:41
  3  11   9   1  $12    0.001    -3.8429  32925.82   0.0   -520.95   0.1  14.10.2025  02:22:46
  3  11  10   2  $12    0.010     5.3730   1933.51   0.7  -4430.29   0.7  14.10.2025  02:22:50
  3  11  12   4  $12    0.010   -12.7666   4594.14   0.0    178.74   0.8  14.10.2025  02:22:52
 12   4   9   1  $12    0.010     8.7311  14599.56   0.1   -462.12   0.2  14.10.2025  02:22:54
 12   4  10   2  $12    0.010   -14.2195  12183.26   0.1   -880.69   0.3  14.10.2025  02:22:56
 12   4  11   3  $12    0.010    10.7301   3861.28   0.1    396.67   0.4  14.10.2025  02:22:58
 13   5  14   6  $12    0.010     5.6932   2048.72   0.0      0.02 2293.5  14.10.2025  02:23:00
 13   5  15   7  $12    0.010     3.3012   2828.44   0.2      6.86  12.1  14.10.2025  02:23:02
 13   5  16   8  $12    0.010     5.1981   8692.01   0.1   -440.55   0.3  14.10.2025  02:23:05
 14   6  13   5  $12    0.010     5.8839   2117.34   0.3    -11.68  37.9  14.10.2025  02:23:07
 14   6  15   7  $12    0.010     5.1365   1848.38   0.1     32.20   4.7  14.10.2025  02:23:09
 14   6  16   8  $12    0.001     2.3704  20309.93   0.3   -258.19   7.4  14.10.2025  02:23:14
 15   7  13   5  $12    0.010     3.3091   2835.22   0.0      6.99   9.8  14.10.2025  02:23:18
 15   7  14   6  $12    0.010     5.3600   1928.84   0.0      8.99  11.7  14.10.2025  02:23:20
 15   7  16   8  $12    0.010     4.3623   1569.78   0.7    665.29   6.0  14.10.2025  02:23:22
 16   8  13   5  $12    0.010    -5.3954   9021.81   0.2   -966.82   0.2  14.10.2025  02:23:24
 16   8  14   6  $12    0.010    10.4958   8992.80   0.0    429.75   0.4  14.10.2025  02:23:26
 16   8  15   7  $12    0.010    21.6977   7808.02   0.0   -489.60   0.1  14.10.2025  02:23:28
  1   2   5   6  $12    0.010     6.3752 120170.15   0.1   -300.60   0.3  14.10.2025  02:23:30
  2   3   6   7  $12    0.010     1.2812  24150.21   0.8  -9758.06   0.6  14.10.2025  02:23:32
  3   4   7   8  $12    0.100    -1.2566   2368.55   4.0   -864.16   1.5  14.10.2025  02:23:44
  1   2   9  10  $12    0.001    -5.2209 8266567.19   0.8   1798.87   0.7  14.10.2025  02:23:52
  2   3  10  11  $12    0.010    -0.1642  26000.86   1.6   -572.56   1.7  14.10.2025  02:24:06
  3   4  11  12  $12    0.100     3.3966  53779.85   0.1     -6.33  36.0  14.10.2025  02:24:10
  1   2  13  14  $12    0.010     0.0298  16043.39   4.1    191.84   8.7  14.10.2025  02:24:15
  2   3  14  15  $12    0.010    -2.6956 1453180.60   0.1   -850.18   0.2  14.10.2025  02:24:17
  3   4  15  16  $12    0.001     5.0345 27141117.16   0.9   -371.64   5.8  14.10.2025  02:24:22
  5   6   9  10  $12    0.001     2.7100 510817.06   0.5   -260.13   3.9  14.10.2025  02:24:24
  6   7  10  11  $12    1.000     3.9771    749.66   0.1   -388.26   0.4  14.10.2025  02:24:31
  7   8  11  12  $12   10.000    17.9158    337.70   0.0     46.19   1.4  14.10.2025  02:24:35
  5   6  13  14  $12    1.000     3.1553   4995.93   3.1  -1151.49   0.3  14.10.2025  02:24:45
  6   7  14  15  $12    0.100    -2.5670  40645.52   0.8  -1493.69   0.6  14.10.2025  02:24:50
  7   8  15  16  $12    1.000    -5.3233   8428.70   0.7   -894.02   0.8  14.10.2025  02:24:54
  9  10  13  14  $12    0.010    -0.0773   1457.90  10.5   -532.55  15.4  14.10.2025  02:25:03
 10  11  14  15  $12    1.000     3.2246    607.82   0.0     42.54   1.7  14.10.2025  02:25:08
 11  12  15  16  $12    0.010    -5.3361 100583.64   0.7   -495.70   0.3  14.10.2025  02:25:16
  1   2   6   7  $12    0.010    -6.9139 260648.15   0.7   -208.03   3.6  14.10.2025  02:25:18
  2   3   7   8  $12    0.010    -0.5220  19680.13   0.3   -450.46   5.1  14.10.2025  02:25:24
  1   2   7   8  $12    0.010     0.0281   1852.74   2.6   2573.27   3.2  14.10.2025  02:25:35
  2   3   7   8  $12    0.010    -0.5296  19967.32   0.2   -445.64   0.2  14.10.2025  02:25:41
  1   2  10  11  $12    0.010     0.0342   7731.73   1.4     17.44  54.6  14.10.2025  02:25:53
  2   3  11  12  $12    0.010     1.5296 345991.52   0.4     39.14   3.9  14.10.2025  02:25:58
  1   2  11  12  $12    0.010     1.6260 505705.63   0.1     32.01   3.1  14.10.2025  02:26:03
  2   3  11  12  $12    0.010    -2.9868 675607.04   0.9  -1884.32   0.2  14.10.2025  02:26:05
  1   2  14  15  $12    0.010     0.7235 496422.65   0.3   1274.32   1.3  14.10.2025  02:26:11
  2   3  15  16  $12    0.001    20.1481 138240831.24   0.2   -198.98   2.1  14.10.2025  02:26:16
  1   2  15  16  $12    0.001     9.1011 78056289.34   0.3    406.76   0.7  14.10.2025  02:26:18
  2   3  15  16  $12    0.001    20.5647 141099183.48   0.2   -188.86   0.5  14.10.2025  02:26:20
  5   6  10  11  $12    1.000     5.3373   2012.10   0.7    518.38   2.2  14.10.2025  02:26:27
  6   7  11  12  $12    0.100     2.0122   7585.92   0.1    -31.00  12.2  14.10.2025  02:26:39
  5   6  11  12  $12    1.000     5.7979   3825.06   0.9  -1477.85   0.2  14.10.2025  02:26:43
  6   7  11  12  $12    1.000    -2.8886   1088.99   0.9  -2469.83   0.5  14.10.2025  02:26:45
  5   6  14  15  $12    1.000    22.6550  51244.45   0.1   -235.51   0.9  14.10.2025  02:26:47
  6   7  15  16  $12    0.010    20.1910 4567093.82   0.0   -304.00   0.2  14.10.2025  02:26:55
  5   6  15  16  $12    0.010   -20.0298 6229622.76   0.0   -398.82   0.0  14.10.2025  02:26:57
  6   7  15  16  $12    0.010    19.8618 4492639.73   0.2   -302.77   0.5  14.10.2025  02:26:59
  9  10  14  15  $12    0.010   -12.8243 483464.85   0.1   -794.30   0.1  14.10.2025  02:27:01
 10  11  15  16  $12    1.000    15.8451   5973.45   0.1    -45.71  22.0  14.10.2025  02:27:11
  9  10  15  16  $12    0.001    28.3612 18710878.36   0.0   -276.75   0.1  14.10.2025  02:27:23
 10  11  15  16  $12    1.000    16.2787   6136.93   0.3    -52.19   6.1  14.10.2025  02:27:34
