//C:\Users\user\Desktop\GeoTom\GeoTomE724.ini
//- Cable direction:
//  cable I: normal
//  cable II: normal
//  cable III: normal
//  cable IV: normal
//- Cable arrangement: sequential
//- Optimization: Last measurement
//- Sorting: Multi-level
//- Current levels: 0.001 mA .. 50.0 mA
Type:         Flow
Name:         Hyprop
Comment:      Example of a measurements sequence
Comment:      
Comment:      
Spacing:      1.00000
First El:     0.00000
Nr of points: 289
IP present:   1

  1   5   2   6  $12    0.001   -10.0019  42847.94   0.7   -349.52   1.2  14.10.2025  01:10:09
  1   5   3   7  $12    0.001    -9.0397 170393.83   0.2   -463.62   0.4  14.10.2025  01:10:11
  1   5   4   8  $12    0.001    -2.8550  37670.77   0.3   -299.18   1.8  14.10.2025  01:10:13
  1   5  14   2  $12    0.001    14.2194 127477.62   0.0   -353.87   0.3  14.10.2025  01:10:15
  1   5  15   3  $12    0.001     9.6882 2130535.98   0.4   -493.08   0.4  14.10.2025  01:10:17
  1   5  16   4  $12    0.001   -43.0488 421035.60   0.0   -232.31   0.2  14.10.2025  01:10:19
  1   5  13   9  $12    0.001    48.3023 3641910.43   0.1    119.75   1.1  14.10.2025  01:10:22
  1   5  14  10  $12    0.010    -1.6456  18902.19   0.3  -1152.94   0.0  14.10.2025  01:10:29
  1   5  15  11  $12    0.010    10.6562 175756.60   0.0   -928.97   0.0  14.10.2025  01:10:31
  1   5  16  12  $12    0.001   -43.9311 9962868.99   0.2   -234.76   0.8  14.10.2025  01:10:36
  1   5  10   6  $12    0.001     3.5345  31229.90   0.3   -351.42   0.7  14.10.2025  01:10:38
  1   5  11   7  $12    0.010     3.0516   7190.13   0.0   -238.80   0.0  14.10.2025  01:10:42
  1   5  12   8  $12    0.010    -2.5301  11475.81   0.0    335.95   0.3  14.10.2025  01:10:44
  2   6   1   5  $12    0.001     5.2352  22427.57   0.8  -1008.57   0.5  14.10.2025  01:10:49
  2   6   3   7  $12    0.001    -0.9468   4055.99   0.7  -2773.10   1.2  14.10.2025  01:10:51
  2   6   4   8  $12    0.010    -9.8483  18563.67   0.2   -634.46   0.3  14.10.2025  01:10:55
  2   6  13   1  $12    0.001    -8.6265  63620.86   0.1   -874.57   0.3  14.10.2025  01:11:00
  2   6  15   3  $12    0.001     1.1218  10056.55   0.8  -2565.94   0.5  14.10.2025  01:11:02
  2   6  16   4  $12    0.001   -29.0898 6397191.52   0.3   -202.74   0.6  14.10.2025  01:11:04
  2   6  13   9  $12    0.001    31.1083 1410969.79   0.1    174.47   1.0  14.10.2025  01:11:07
  2   6  14  10  $12    0.010    -0.8596   6481.11   0.0   -956.81   0.1  14.10.2025  01:11:14
  2   6  15  11  $12    0.010     3.6307  41703.57   0.3   -731.86   0.3  14.10.2025  01:11:16
  2   6  16  12  $12    0.001   -29.5739 4877725.66   0.0   -214.24   0.7  14.10.2025  01:11:21
  2   6   9   5  $12    0.001   -31.1304 410755.82   0.1    184.91   2.1  14.10.2025  01:11:24
  2   6  11   7  $12    0.010     3.2864   2903.77   0.0   -180.56   0.0  14.10.2025  01:11:27
  2   6  12   8  $12    0.010    -1.0206   2404.71   0.3    366.04   1.7  14.10.2025  01:11:33
  3   7   1   5  $12    0.001    -3.3215  62608.00   0.2    231.10   1.6  14.10.2025  01:11:37
  3   7   2   6  $12    0.001    -0.4242   1817.43   4.2  -5716.76   6.3  14.10.2025  01:11:46
  3   7   4   8  $12    0.010     9.0035   3857.09   0.1    218.97   0.4  14.10.2025  01:11:50
  3   7  13   1  $12    0.001     3.0820  48411.40   0.9    296.05   1.1  14.10.2025  01:11:56
  3   7  14   2  $12    0.010    14.9519  11027.14   0.1  -1726.36   0.1  14.10.2025  01:12:00
  3   7  16   4  $12    0.001    -9.6971  86934.45   0.1   -241.36   0.3  14.10.2025  01:12:04
  3   7  13   9  $12    0.001     9.1195 214873.91   0.4     96.69  24.9  14.10.2025  01:12:06
  3   7  14  10  $12    0.100     3.2869   1490.81   0.2    574.51   0.6  14.10.2025  01:12:12
  3   7  15  11  $12    0.100    22.5314  16988.30   0.0   -293.69   0.0  14.10.2025  01:12:14
  3   7  16  12  $12    0.001    -9.0078 1034680.73   0.4   -391.48   0.3  14.10.2025  01:12:21
  3   7   9   5  $12    0.001    -9.0903 171348.05   0.6    -30.10  46.0  14.10.2025  01:12:23
  3   7  10   6  $12    0.010     6.9049   9110.84   0.0   -302.95   0.7  14.10.2025  01:12:28
  3   7  12   8  $12    0.100    16.3527   1444.88   0.0   -125.47   0.2  14.10.2025  01:12:31
  4   8   1   5  $12    0.010   -18.4055  24285.48   0.1   -104.19   8.9  14.10.2025  01:12:36
  4   8   2   6  $12    0.010   -21.1967  39954.80   0.1   -602.60   0.1  14.10.2025  01:12:38
  4   8   3   7  $12    0.010     5.8982   2526.80   0.5    653.18   0.9  14.10.2025  01:12:40
  4   8  13   1  $12    0.010    19.6688  44236.90   0.1   -211.23   1.4  14.10.2025  01:12:42
  4   8  14   2  $12    0.001     2.2700  35656.69   0.1   -496.05   0.5  14.10.2025  01:12:47
  4   8  15   3  $12    0.010    -3.5579   2623.96   0.3   1163.08   0.5  14.10.2025  01:12:51
  4   8  13   9  $12    0.001     3.4462  30449.76   0.7    -27.23  49.1  14.10.2025  01:12:57
  4   8  14  10  $12    0.100     4.8601   1145.13   0.0    177.79   0.0  14.10.2025  01:13:02
  4   8  15  11  $12    0.100    10.6136   4813.96   0.4   -294.28   1.1  14.10.2025  01:13:04
  4   8  16  12  $12    0.001    -3.0220 227851.49   0.3   -264.91   5.2  14.10.2025  01:13:12
  4   8   9   5  $12    0.001    -3.1037  13296.17   0.9    159.09   3.9  14.10.2025  01:13:14
  4   8  10   6  $12    0.010     2.8598   5390.53   0.1   -316.77   0.3  14.10.2025  01:13:18
  4   8  11   7  $12    0.100    15.8899   2096.62   0.0    -44.54   0.2  14.10.2025  01:13:22
  5   9   6  10  $12    0.001     4.8944  20967.63   0.1   -122.30   0.6  14.10.2025  01:13:30
  5   9   7  11  $12    0.010     6.2377  11757.85   0.1   -203.74   0.1  14.10.2025  01:13:34
  5   9   8  12  $12    0.010     3.8391   5065.54   0.2  -1432.84   0.4  14.10.2025  01:13:36
  5   9   2   6  $12    0.001    32.9199 434368.44   0.1   -254.89   0.1  14.10.2025  01:13:41
  5   9   3   7  $12    0.001     9.1784 173009.19   0.3   -408.13   0.6  14.10.2025  01:13:43
  5   9   4   8  $12    0.001     3.2674  13997.45   0.4   -371.86   0.1  14.10.2025  01:13:45
  5   9   1  13  $12    0.001    27.7397 697174.41   0.5    109.80   1.8  14.10.2025  01:13:48
  5   9   2  14  $12    0.001    37.7335 848663.02   0.0   -265.45   1.2  14.10.2025  01:13:50
  5   9   3  15  $12    0.001    10.0151 157317.33   0.1   -443.01   1.0  14.10.2025  01:13:52
  5   9   4  16  $12    0.001   -35.2253 259789.54   0.2   -245.32   0.1  14.10.2025  01:13:55
  5   9  14  10  $12    0.001     2.0382  18008.94   0.3    155.81   3.9  14.10.2025  01:13:57
  5   9  15  11  $12    0.010    -8.1680  19245.49   0.2  -1120.87   0.1  14.10.2025  01:14:00
  5   9  16  12  $12    0.001    34.9841 1586766.10   0.0   -262.65   0.2  14.10.2025  01:14:06
  6  10   5   9  $12    0.001     4.1327  17704.51   0.3      2.13 384.9  14.10.2025  01:14:08
  6  10   7  11  $12    0.010     5.3134   2276.25   0.0    195.45   0.0  14.10.2025  01:14:12
  6  10   8  12  $12    0.010     2.9143   5493.30   0.1     75.02   3.0  14.10.2025  01:14:14
  6  10   1   5  $12    0.010   -22.3578  19754.77   0.0   -176.08   0.2  14.10.2025  01:14:16
  6  10   3   7  $12    0.010    -7.7718  10254.61   0.0   -333.85   0.5  14.10.2025  01:14:18
  6  10   4   8  $12    0.010    -2.6118   4923.09   0.6   -275.01   1.5  14.10.2025  01:14:20
  6  10   1  13  $12    0.010   -19.5964  44074.07   0.1   -196.83   0.5  14.10.2025  01:14:22
  6  10   2  14  $12    0.001    -2.0689  51997.08   0.9   -247.03   3.2  14.10.2025  01:14:27
  6  10   3  15  $12    0.010    -5.4618  12284.04   0.5   -514.67   0.5  14.10.2025  01:14:31
  6  10   4  16  $12    0.001     2.2033  34609.34   0.0   -246.00   3.7  14.10.2025  01:14:36
  6  10  13   9  $12    0.001     3.5057  46257.25   0.3     64.30  18.9  14.10.2025  01:14:38
  6  10  15  11  $12    0.010     2.8869   2550.78   0.0    299.28   0.1  14.10.2025  01:14:42
  6  10  16  12  $12    0.001    -2.1591  50872.33   0.9   -292.99   8.0  14.10.2025  01:14:47
  7  11   5   9  $12    0.010     2.2857   4308.51   0.2    303.43   0.7  14.10.2025  01:14:51
  7  11   6  10  $12    0.010     5.8119   2489.82   0.1    116.75   2.0  14.10.2025  01:14:53
  7  11   8  12  $12    0.010     6.1383   2629.65   0.0     42.77   0.7  14.10.2025  01:14:55
  7  11   1   5  $12    0.100    -6.3765   1502.43   0.5   -232.27   4.9  14.10.2025  01:15:03
  7  11   2   6  $12    0.100   -13.4833   1191.35   0.3     25.19  18.0  14.10.2025  01:15:05
  7  11   4   8  $12    0.100   -14.0538   1854.36   0.0    -19.24   4.3  14.10.2025  01:15:07
  7  11   1  13  $12    0.100     6.4449   1012.36   0.1   -202.55   3.5  14.10.2025  01:15:10
  7  11   2  14  $12    0.100     8.2868   1863.79   0.3   -237.77   0.2  14.10.2025  01:15:12
  7  11   3  15  $12    0.100     6.0782   1527.63   0.0     75.97   1.4  14.10.2025  01:15:14
  7  11   4  16  $12    0.100     4.7458   1067.38   0.9    529.81   1.5  14.10.2025  01:15:16
  7  11  13   9  $12    0.100     6.0520   1140.78   0.0    638.68   0.5  14.10.2025  01:15:18
  7  11  14  10  $12    0.010     3.1676   4179.57   0.2    179.71   0.2  14.10.2025  01:15:23
  7  11  16  12  $12    0.010     4.3607   3853.01   0.3   -122.33   5.3  14.10.2025  01:15:25
  8  12   5   9  $12    0.010    -8.8931  11734.21   0.3   -513.26   0.7  14.10.2025  01:15:27
  8  12   6  10  $12    0.010     3.1352   5909.79   0.5      9.77  32.6  14.10.2025  01:15:29
  8  12   7  11  $12    0.010     5.6923   2438.58   0.1     31.92   6.0  14.10.2025  01:15:31
  8  12   1   5  $12    0.010     6.8574  31102.72   0.1   -432.28   0.4  14.10.2025  01:15:33
  8  12   2   6  $12    0.010     8.6113  20289.80   0.2   -587.29   1.2  14.10.2025  01:15:35
  8  12   3   7  $12    0.100     6.9828    616.98   0.5  -1063.64   0.4  14.10.2025  01:15:39
  8  12   1  13  $12    0.010     6.6709   4919.82   0.0   -341.64   2.0  14.10.2025  01:15:44
  8  12   2  14  $12    0.010     9.3107  14625.17   0.2   -484.79   1.0  14.10.2025  01:15:46
  8  12   3  15  $12    0.010     2.5080   5640.78   0.3   -282.08   3.7  14.10.2025  01:15:48
  8  12  16   4  $12    0.010     8.1400  20457.99   0.6   -617.38   0.8  14.10.2025  01:15:50
  8  12   9  13  $12    0.010     8.9889   3850.81   0.1   -486.09   0.8  14.10.2025  01:15:52
  8  12  10  14  $12    0.100   -13.8070   2602.55   0.0     56.95   0.2  14.10.2025  01:15:56
  8  12  11  15  $12    0.010    -3.5601   4697.47   0.0     71.94   0.2  14.10.2025  01:16:01
  9  13  10  14  $12    0.001     2.3721  10162.19   0.0    149.46   0.0  14.10.2025  01:16:06
  9  13  11  15  $12    0.010    -5.2893   9970.05   0.5  -1123.87   0.3  14.10.2025  01:16:09
  9  13  12  16  $12    0.001    34.6235 456846.74   0.1   -248.02   0.9  14.10.2025  01:16:15
  9  13   6  10  $12    0.001    -4.3282  57108.92   0.1   -121.22   1.3  14.10.2025  01:16:17
  9  13   7  11  $12    0.010    -2.9166   5497.70   0.1   -103.42   0.2  14.10.2025  01:16:21
  9  13   8  12  $12    0.010    -1.7915    767.50   5.8  -3682.07   4.7  14.10.2025  01:16:34
  9  13   5   1  $12    0.001    22.3784 1687289.29   0.0     94.55   2.9  14.10.2025  01:16:39
  9  13   6   2  $12    0.001    28.6241 1298296.79   0.2   -230.67   1.4  14.10.2025  01:16:41
  9  13   7   3  $12    0.001     8.5228 200813.18   0.0   -397.11   1.0  14.10.2025  01:16:43
  9  13   8   4  $12    0.001     2.6775  23657.62   0.8   -334.31   1.9  14.10.2025  01:16:45
  9  13   2  14  $12    0.001   -31.8150 234637.95   0.0   -265.09   0.1  14.10.2025  01:16:48
  9  13   3  15  $12    0.001    -8.8271 138656.27   0.0   -441.50   0.0  14.10.2025  01:16:50
  9  13   4  16  $12    0.001    30.2258 679805.91   0.0   -262.23   0.1  14.10.2025  01:16:52
 10  14   9  13  $12    0.001     2.3484  10060.52   0.7    151.86   4.3  14.10.2025  01:16:54
 10  14  11  15  $12    0.010     6.6025   2828.49   0.0     98.79   0.4  14.10.2025  01:16:58
 10  14  12  16  $12    0.010     4.8439   9130.49   0.2   -329.37   1.1  14.10.2025  01:17:00
 10  14   5   9  $12    0.010   -19.0412  16824.33   0.1    155.03   0.1  14.10.2025  01:17:02
 10  14   7  11  $12    0.010    -3.7636   4965.91   0.1    175.56   0.2  14.10.2025  01:17:04
 10  14   8  12  $12    0.100   -13.6089   2565.21   0.0     49.92   0.2  14.10.2025  01:17:07
 10  14   5   1  $12    0.100    14.3281  16457.91   0.1   -327.97   3.1  14.10.2025  01:17:09
 10  14   6   2  $12    0.100    14.4951  10929.04   0.1   -434.64   1.1  14.10.2025  01:17:11
 10  14   7   3  $12    0.100     8.1184   3682.24   0.0    -30.51   4.5  14.10.2025  01:17:13
 10  14   8   4  $12    0.100     6.2128   1463.86   0.2      2.07  56.5  14.10.2025  01:17:15
 10  14   1  13  $12    0.100    16.4763   1477.11   0.2    478.36   0.7  14.10.2025  01:17:17
 10  14   3  15  $12    0.100    18.9476   1397.40   0.1     23.80   1.9  14.10.2025  01:17:19
 10  14   4  16  $12    0.100    13.1604   2067.23   0.2   -746.32   0.5  14.10.2025  01:17:21
 11  15   9  13  $12    0.010     4.4631   8412.68   0.4   -457.46   1.0  14.10.2025  01:17:26
 11  15  10  14  $12    0.010     5.3195   2278.88   0.1     66.63   3.1  14.10.2025  01:17:28
 11  15  12  16  $12    0.010     7.3145   3133.51   0.1    448.95   5.3  14.10.2025  01:17:30
 11  15   5   9  $12    0.010    -2.6843   6324.67   0.7   -690.97   0.5  14.10.2025  01:17:33
 11  15   6  10  $12    0.010    -2.2741   2009.30   0.2    192.60   1.0  14.10.2025  01:17:35
 11  15   8  12  $12    0.010    -3.6512   4817.58   0.0     56.43   1.6  14.10.2025  01:17:37
 11  15   5   1  $12    0.100   -17.3010  28535.10   0.4     42.59  18.9  14.10.2025  01:17:45
 11  15   6   2  $12    0.100   -18.8433  21644.25   0.4   -257.68   0.6  14.10.2025  01:17:47
 11  15   7   3  $12    0.100     2.4084   1815.89   0.7     -9.56  41.7  14.10.2025  01:17:49
 11  15   8   4  $12    0.100     5.5528   2518.57   0.2    -76.85   5.2  14.10.2025  01:17:51
 11  15   1  13  $12    0.010     2.9213  64243.54   0.5   -560.65   2.1  14.10.2025  01:17:56
 11  15   2  14  $12    0.010     4.5694   4096.45   0.3   -568.23   0.2  14.10.2025  01:17:58
 11  15   4  16  $12    0.010     2.5251   1862.31   0.1   1467.84   0.5  14.10.2025  01:18:00
 12  16   9  13  $12    0.001    25.2621 333326.07   0.1   -113.14   4.8  14.10.2025  01:18:05
 12  16  10  14  $12    0.010    -0.2282    430.08   1.0 -12199.50   1.0  14.10.2025  01:18:09
 12  16  11  15  $12    0.010    19.1313   8195.83   0.0   -356.47   0.1  14.10.2025  01:18:11
 12  16   5   9  $12    0.001   -25.2580 1145622.53   0.0    -84.69   0.2  14.10.2025  01:18:16
 12  16   6  10  $12    0.001     2.2115  52106.10   0.6   -403.35   1.6  14.10.2025  01:18:18
 12  16   7  11  $12    0.010    -1.0084    891.00   0.0   2353.24   0.0  14.10.2025  01:18:23
 12  16   5   1  $12    0.001   -22.5693 5118355.26   0.1     65.97  14.3  14.10.2025  01:18:27
 12  16   6   2  $12    0.001   -29.0101 4784746.44   0.5   -239.08   0.3  14.10.2025  01:18:30
 12  16   7   3  $12    0.001    -8.5050 976926.51   0.3   -387.20   0.0  14.10.2025  01:18:32
 12  16   8   4  $12    0.001    -2.5085 189132.77   0.2   -317.11   1.7  14.10.2025  01:18:34
 12  16  13   1  $12    0.001   -23.1682 226595.33   0.0     67.74   1.6  14.10.2025  01:18:36
 12  16  14   2  $12    0.001   -32.9635 7249046.43   0.4   -242.80   0.8  14.10.2025  01:18:39
 12  16  15   3  $12    0.001    -9.6911  86880.91   0.0   -381.64   0.4  14.10.2025  01:18:41
 13   1  14   2  $12    0.001   -11.9883  41112.40   0.2   -520.68   0.1  14.10.2025  01:18:43
 13   1  15   3  $12    0.001    -8.9777  68079.62   0.3   -512.87   0.3  14.10.2025  01:18:45
 13   1  16   4  $12    0.001    38.4901 494673.14   0.0   -300.56   0.9  14.10.2025  01:18:47
 13   1  10  14  $12    0.010    -4.2538   3813.56   0.2   -416.63   0.1  14.10.2025  01:18:51
 13   1  11  15  $12    0.010     6.6106 145374.20   0.1   -966.76   0.0  14.10.2025  01:18:53
 13   1  12  16  $12    0.001   -40.9663 400667.96   0.3   -284.72   0.3  14.10.2025  01:18:58
 13   1   9   5  $12    0.001    37.5721 944289.39   0.0    -43.84   1.2  14.10.2025  01:19:01
 13   1  10   6  $12    0.001    -3.1542  70940.61   0.6   -361.39   1.1  14.10.2025  01:19:03
 13   1  11   7  $12    0.010    -2.9035   4560.79   0.1  -1123.78   0.0  14.10.2025  01:19:07
 13   1  12   8  $12    0.010    -7.4372   5484.99   0.0  -1977.99   0.0  14.10.2025  01:19:09
 13   1   6   2  $12    0.001   -10.3034  75988.66   0.4   -441.71   3.9  14.10.2025  01:19:13
 13   1   7   3  $12    0.001    -9.2003 144518.67   0.1   -447.40   0.9  14.10.2025  01:19:15
 13   1   8   4  $12    0.001    -3.0487  68568.98   0.9   -300.02   0.7  14.10.2025  01:19:17
 14   2  13   1  $12    0.001     4.3716  14991.82   3.1  -2028.57   2.3  14.10.2025  01:19:24
 14   2  15   3  $12    0.001    -2.3973   8221.21   0.9  -1465.44   1.0  14.10.2025  01:19:26
 14   2  16   4  $12    0.001    32.5250 246642.18   0.0   -266.91   0.1  14.10.2025  01:19:29
 14   2   9  13  $12    0.001    30.7201 226563.46   0.0    -29.66   1.1  14.10.2025  01:19:31
 14   2  11  15  $12    0.010     3.0305   2716.86   0.8  -1055.73   0.2  14.10.2025  01:19:35
 14   2  12  16  $12    0.001   -30.2242 6646643.17   0.2   -272.66   1.1  14.10.2025  01:19:40
 14   2   9   5  $12    0.001    27.7718 624614.70   0.1    -35.84   8.5  14.10.2025  01:19:43
 14   2  10   6  $12    0.001    -2.1314  53566.97   0.7   -354.60   0.6  14.10.2025  01:19:45
 14   2  11   7  $12    0.010    -0.5989   1347.04   0.3   -322.45   0.7  14.10.2025  01:19:52
 14   2  12   8  $12    0.010     4.6233   7262.21   0.0   -173.93   0.1  14.10.2025  01:19:54
 14   2   5   1  $12    0.001     9.9109  88851.73   0.1  -1056.73   0.2  14.10.2025  01:19:59
 14   2   7   3  $12    0.001    -1.5266  11259.03   0.3  -1815.58   0.6  14.10.2025  01:20:01
 14   2   8   4  $12    0.010   -12.6590  19884.78   0.2   -546.51   0.1  14.10.2025  01:20:04
 15   3  13   1  $12    0.001    -4.5795  34727.28   0.3   -117.11  26.3  14.10.2025  01:20:09
 15   3  14   2  $12    0.001    -1.8851   6464.58   0.9  -2002.40   0.2  14.10.2025  01:20:13
 15   3  16   4  $12    0.001    10.8739  37290.54   0.1   -342.84   0.7  14.10.2025  01:20:15
 15   3   9  13  $12    0.001     9.1795 144190.62   0.1   -260.44   0.7  14.10.2025  01:20:17
 15   3  10  14  $12    0.010    -1.9925   1469.46   0.0    -37.34   1.6  14.10.2025  01:20:23
 15   3  12  16  $12    0.001    -8.4619  75861.63   0.5   -339.31   1.0  14.10.2025  01:20:28
 15   3   9   5  $12    0.001     8.2119 128991.77   0.2   -199.95   1.9  14.10.2025  01:20:30
 15   3  10   6  $12    0.010    -5.0019  11249.67   0.0   -470.77   0.4  14.10.2025  01:20:34
 15   3  11   7  $12    0.100     1.3168    330.95   0.7    939.82   1.8  14.10.2025  01:20:42
 15   3  12   8  $12    0.100     2.7272    613.38   0.5   1553.78   1.4  14.10.2025  01:20:44
 15   3   5   1  $12    0.001    -4.1866 920692.04   0.2   -130.70   8.2  14.10.2025  01:20:52
 15   3   6   2  $12    0.001    -1.7711  15878.04   1.6  -1879.68   1.7  14.10.2025  01:20:58
 15   3   8   4  $12    0.010     5.7936   4272.86   0.1    419.99   0.4  14.10.2025  01:21:02
 16   4  13   1  $12    0.001    20.9532 269290.48   0.0    201.35   0.6  14.10.2025  01:21:07
 16   4  14   2  $12    0.001    29.4140 223051.21   0.2   -271.51   0.4  14.10.2025  01:21:09
 16   4  15   3  $12    0.001     9.3415  32035.64   0.2   -351.95   0.3  14.10.2025  01:21:11
 16   4   9  13  $12    0.001   -27.9511 628647.37   0.0    -42.66   4.6  14.10.2025  01:21:14
 16   4  10  14  $12    0.010     2.4523   3852.07   0.3  -1201.24   0.1  14.10.2025  01:21:18
 16   4  11  15  $12    0.010   -12.4883   9210.22   0.1   -557.15   0.2  14.10.2025  01:21:20
 16   4   9   5  $12    0.001   -26.5033 195464.18   0.0    -35.09   3.0  14.10.2025  01:21:25
 16   4  10   6  $12    0.001     2.2623  35535.54   0.3   -387.33   3.7  14.10.2025  01:21:27
 16   4  11   7  $12    0.010     3.9682   8924.97   0.4   -710.08   0.3  14.10.2025  01:21:31
 16   4  12   8  $12    0.010     1.2308   3093.44  29.2   -658.80  74.8  14.10.2025  01:21:37
 16   4   5   1  $12    0.001    20.2480 198033.76   0.0    204.26   0.4  14.10.2025  01:21:42
 16   4   6   2  $12    0.001    26.6988 5871372.80   0.0   -241.30   0.1  14.10.2025  01:21:44
 16   4   7   3  $12    0.001     8.4383  75649.60   0.1   -343.69   0.8  14.10.2025  01:21:46
  1   4   2   3  $12    0.001    -2.0257  12728.03   2.0   -737.43   1.5  14.10.2025  01:21:53
  2   3   1   4  $12    0.001    16.8615 105943.62   0.6   -814.15   1.2  14.10.2025  01:21:55
  1   2   3   4  $12    0.001    -4.6875  88357.93   0.2     -9.75  22.7  14.10.2025  01:21:57
  3   4   1   2  $12    0.001    -3.5468  66856.47   0.7    293.37   1.9  14.10.2025  01:21:59
  5   8   6   7  $12    0.100    16.7349   1051.49   0.0     -4.25   8.5  14.10.2025  01:22:04
  6   7   5   8  $12    0.100    18.2153   1144.50   0.2    -27.58   5.8  14.10.2025  01:22:06
  5   6   7   8  $12    0.100    -5.5917   1054.02   0.5    -10.31  65.1  14.10.2025  01:22:08
  7   8   5   6  $12    0.100    -5.3272   1004.15   0.3     16.06  67.7  14.10.2025  01:22:10
  9  12  10  11  $12    0.010    18.7371  11772.88   0.0    132.47   0.2  14.10.2025  01:22:16
 10  11   9  12  $12    0.010    19.9043  12506.23   0.1     74.84   0.9  14.10.2025  01:22:18
  9  10  11  12  $12    0.010    -6.3532  11975.52   0.8  -2027.57   0.7  14.10.2025  01:22:20
 11  12   9  10  $12    0.010     8.1124  15291.51   0.3   -568.53   0.7  14.10.2025  01:22:22
 13  16  14  15  $12    0.010    15.2140   9559.22   0.0   -487.59   0.1  14.10.2025  01:22:24
 14  15  13  16  $12    0.010     0.9107    572.23   0.6   4004.67   0.8  14.10.2025  01:22:26
 13  14  15  16  $12    0.100    -8.2830   1561.30   0.5    -49.33   7.3  14.10.2025  01:22:30
  1   9  10   2  $12    0.001   -23.3699  84097.61   0.0   -283.60   0.8  14.10.2025  01:22:39
  1   9  11   3  $12    0.010   -10.6134   9093.55   0.0    464.45   1.1  14.10.2025  01:22:42
  1   9  12   4  $12    0.010    -1.7972   3005.09   0.7    593.17   1.8  14.10.2025  01:22:48
  2  10   9   1  $12    0.001   -33.3653 120066.73   0.1   -347.82   0.0  14.10.2025  01:22:53
  2  10  11   3  $12    0.001     1.3219   4756.95   0.7  -2173.10   0.4  14.10.2025  01:22:55
  2  10  12   4  $12    0.010    15.8752  13601.83   0.0   -554.07   0.0  14.10.2025  01:22:59
  3  11   9   1  $12    0.001    -2.6178  22428.97   0.0   -635.94   0.2  14.10.2025  01:23:04
  3  11  10   2  $12    0.001     0.8354   3006.10   2.3  -2914.06   1.6  14.10.2025  01:23:11
  3  11  12   4  $12    0.010   -12.0775   4346.14   0.0    199.24   0.3  14.10.2025  01:23:15
 12   4   9   1  $12    0.010     6.2565  10461.77   0.1   -569.29   0.7  14.10.2025  01:23:17
 12   4  10   2  $12    0.010   -16.3498  14008.49   0.0   -833.87   0.7  14.10.2025  01:23:19
 12   4  11   3  $12    0.010    10.0564   3618.86   0.1    422.51   0.8  14.10.2025  01:23:21
 13   5  14   6  $12    0.010     5.6723   2041.21   0.2      1.11   4.8  14.10.2025  01:23:23
 13   5  15   7  $12    0.010     3.2950   2823.14   0.0      5.14   8.4  14.10.2025  01:23:25
 13   5  16   8  $12    0.010     5.1833   8667.25   0.2   -448.39   1.3  14.10.2025  01:23:27
 14   6  13   5  $12    0.010     5.8163   2093.01   0.1     -6.37  14.8  14.10.2025  01:23:29
 14   6  15   7  $12    0.010     5.1798   1863.98   0.0     27.60   4.1  14.10.2025  01:23:31
 14   6  16   8  $12    0.001     2.2590  19354.74   0.6   -254.97   7.8  14.10.2025  01:23:36
 15   7  13   5  $12    0.010     3.2927   2821.16   0.0      7.24  12.1  14.10.2025  01:23:39
 15   7  14   6  $12    0.010     5.3460   1923.78   0.0      5.94  33.3  14.10.2025  01:23:41
 15   7  16   8  $12    0.010     4.3684   1572.00   0.3    626.88   0.9  14.10.2025  01:23:43
 16   8  13   5  $12    0.010    -3.7238   6226.67   0.5   -921.46   0.4  14.10.2025  01:23:45
 16   8  14   6  $12    0.010    15.2245  13044.33   0.0   -109.82   0.7  14.10.2025  01:23:47
 16   8  15   7  $12    0.010    17.3334   6237.50   0.0   -344.68   0.0  14.10.2025  01:23:49
  1   2   5   6  $12    0.010     5.1391  96869.08   0.2   -319.30   0.3  14.10.2025  01:23:51
  2   3   6   7  $12    0.010    -8.2532 155568.75   0.0    105.47   1.4  14.10.2025  01:23:53
  3   4   7   8  $12    0.100    -0.3475    654.94   1.1   -300.44   2.4  14.10.2025  01:24:00
  1   2   9  10  $12    0.001    -5.5576 8799708.38   0.1   1050.07   0.4  14.10.2025  01:24:08
  2   3  10  11  $12    0.010    -0.0751  11896.25   0.1    514.22   2.2  14.10.2025  01:24:22
  3   4  11  12  $12    0.100     3.9819  63047.48   0.0    -85.15   2.7  14.10.2025  01:24:26
  1   2  13  14  $12    0.010     0.0313  16879.45   2.9    233.79   7.9  14.10.2025  01:24:31
  2   3  14  15  $12    0.010    -2.0404 1099954.94   0.4   -991.94   0.3  14.10.2025  01:24:33
  3   4  15  16  $12    0.001     4.6584 25113492.93   0.8   -433.92   5.4  14.10.2025  01:24:38
  5   6   9  10  $12    0.001     2.5643 483367.67   0.4   -381.09   1.4  14.10.2025  01:24:40
  6   7  10  11  $12    1.000     4.0903    770.99   0.0   -391.46   0.2  14.10.2025  01:24:48
  7   8  11  12  $12   10.000    17.6694    333.06   0.0     43.89   2.5  14.10.2025  01:24:51
  5   6  13  14  $12    1.000     3.4458   5455.91   2.9   -979.76   0.2  14.10.2025  01:25:01
  6   7  14  15  $12    0.100    -0.5905   9349.09   0.9  -2654.18   1.5  14.10.2025  01:25:06
  7   8  15  16  $12    1.000    -4.6761   7403.93   0.9   -917.64   1.5  14.10.2025  01:25:10
  9  10  13  14  $12    0.010    -0.1038   1957.43   1.0   -596.95   1.2  14.10.2025  01:25:19
 10  11  14  15  $12    1.000     3.2005    603.27   0.0     39.50   4.7  14.10.2025  01:25:24
 11  12  15  16  $12    0.010    -5.5181 104014.57   0.3   -534.55   1.3  14.10.2025  01:25:32
  1   2   6   7  $12    0.010    -6.3395 238994.79   0.5   -232.38   3.9  14.10.2025  01:25:34
  2   3   7   8  $12    0.010    -0.4984  18787.73   0.8   -447.48   7.5  14.10.2025  01:25:39
  1   2   7   8  $12    0.010     0.0384   2535.07   2.6   1608.89   2.5  14.10.2025  01:25:51
  2   3   7   8  $12    0.010     0.0345   1299.68   6.7 -13420.01   5.9  14.10.2025  01:26:03
  1   2  10  11  $12    0.010     0.0372   8416.73   1.7    120.98   6.4  14.10.2025  01:26:15
  2   3  11  12  $12    0.010    -5.4190 1225740.51   0.2  -1708.21   0.2  14.10.2025  01:26:17
  1   2  11  12  $12    0.010     1.6280 506334.63   0.1    -27.46  11.8  14.10.2025  01:26:22
  2   3  11  12  $12    0.010    -1.5768 356659.99   0.2  -2817.82   0.1  14.10.2025  01:26:25
  1   2  14  15  $12    0.010     0.8297 569283.46   0.0    870.35   0.4  14.10.2025  01:26:30
  2   3  15  16  $12    0.001    20.7537 142395996.52   0.1   -238.95   0.4  14.10.2025  01:26:35
  1   2  15  16  $12    0.001     8.5219 73088090.51   0.2    295.78   0.7  14.10.2025  01:26:37
  2   3  15  16  $12    0.001    21.1063 144815559.05   0.1   -238.85   0.5  14.10.2025  01:26:39
  5   6  10  11  $12    1.000     4.5183   1703.37   0.7    852.92   1.9  14.10.2025  01:26:46
  6   7  11  12  $12    1.000    -1.2686    478.24   6.0  -4389.05   5.2  14.10.2025  01:26:53
  5   6  11  12  $12    1.000    12.2773   8099.77   0.8  -1345.79   0.2  14.10.2025  01:26:55
  6   7  11  12  $12    0.100     2.8728  10830.16   0.2   -145.59   2.3  14.10.2025  01:27:05
  5   6  14  15  $12    0.100     0.5886  13313.18   0.8  -2387.47   0.7  14.10.2025  01:27:10
  6   7  15  16  $12    0.010    20.4880 4634283.10   0.5   -345.31   0.7  14.10.2025  01:27:14
  5   6  15  16  $12    0.010   -19.9220 6196109.59   0.0   -421.80   0.1  14.10.2025  01:27:16
  6   7  15  16  $12    0.010    20.4145 4617641.63   0.0   -351.57   0.2  14.10.2025  01:27:18
  9  10  14  15  $12    0.010    -6.0738 228976.96   0.6   -545.19   0.1  14.10.2025  01:27:20
 10  11  15  16  $12    1.000    14.2815   5384.00   0.6      0.68 703.0  14.10.2025  01:27:30
  9  10  15  16  $12    0.001    26.8469 17711836.61   0.2   -325.58   0.2  14.10.2025  01:27:42
 10  11  15  16  $12    1.000    15.3926   5802.88   0.3     -4.57  49.5  14.10.2025  01:27:50
