//C:\Users\user\Desktop\GeoTom\GeoTomE724.ini
//- Cable direction:
//  cable I: normal
//  cable II: normal
//  cable III: normal
//  cable IV: normal
//- Cable arrangement: sequential
//- Optimization: Last measurement
//- Sorting: Multi-level
//- Current levels: 0.001 mA .. 50.0 mA
Type:         Flow
Name:         Hyprop
Comment:      Example of a measurements sequence
Comment:      
Comment:      
Spacing:      1.00000
First El:     0.00000
Nr of points: 289
IP present:   1

  1   5   2   6  $12    0.001    -7.5424  32311.44   0.3  -1355.91   0.0  13.10.2025  11:10:09
  1   5   3   7  $12    0.001    -2.0059  37810.52   0.2   -598.40   1.6  13.10.2025  11:10:11
  1   5   4   8  $12    0.001    -2.3205  30618.19   0.3   -425.00   1.4  13.10.2025  11:10:13
  1   5  14   2  $12    0.001    10.0637  90221.41   0.4  -1149.48   0.5  13.10.2025  11:10:15
  1   5  15   3  $12    0.001     2.2025 484357.90   0.6   -661.64   1.1  13.10.2025  11:10:17
  1   5  16   4  $12    0.001   -31.6165 309223.17   0.1   -405.01   0.1  13.10.2025  11:10:19
  1   5  13   9  $12    0.001     9.4903 715550.38   0.1     73.61   1.8  13.10.2025  11:10:21
  1   5  14  10  $12    0.010    -0.1449   1664.15   0.8  -3710.40   0.8  13.10.2025  11:10:35
  1   5  15  11  $12    0.010     0.9907  16340.24   0.3  -1584.83   0.5  13.10.2025  11:10:40
  1   5  16  12  $12    0.001   -32.8265 7444524.13   0.0   -400.98   0.0  13.10.2025  11:10:45
  1   5  10   6  $12    0.001     2.1944  19389.42   0.6   -438.46   1.8  13.10.2025  11:10:47
  1   5  11   7  $12    0.010     1.8098   4264.27   0.0   -239.68   0.4  13.10.2025  11:10:54
  1   5  12   8  $12    0.010    -0.3289   1491.77   0.8   1636.19   1.2  13.10.2025  11:11:00
  2   6   1   5  $12    0.001    -2.6077  11171.57   0.4  -2705.49   0.4  13.10.2025  11:11:04
  2   6   3   7  $12    0.010    11.6009   4969.80   0.2    686.52   0.6  13.10.2025  11:11:08
  2   6   4   8  $12    0.010   -12.8783  24275.10   0.0   -630.39   0.1  13.10.2025  11:11:10
  2   6  13   1  $12    0.001     1.3891  10244.48   0.8  -4505.74   0.9  13.10.2025  11:11:16
  2   6  15   3  $12    0.010     0.4406    395.04  32.9  -8687.95 154.6  13.10.2025  11:11:24
  2   6  16   4  $12    0.001   -23.1204 5084435.23   0.1   -359.46   1.3  13.10.2025  11:11:30
  2   6  13   9  $12    0.001     6.5985 299288.66   0.6    175.36   1.5  13.10.2025  11:11:32
  2   6  14  10  $12    0.010    -0.0092     69.13   7.3 -46412.07   7.2  13.10.2025  11:11:45
  2   6  15  11  $12    0.010     1.0016  11505.23   0.0  -1302.15   0.2  13.10.2025  11:11:51
  2   6  16  12  $12    0.001   -25.2147 4158744.94   0.0   -379.94   0.1  13.10.2025  11:11:56
  2   6   9   5  $12    0.001    -7.1365  94163.58   0.1    121.65   0.8  13.10.2025  11:11:58
  2   6  11   7  $12    0.010     2.3897   2111.46   0.0   -163.26   0.3  13.10.2025  11:12:02
  2   6  12   8  $12    0.010     0.3301    777.76   0.9  -1181.95   0.9  13.10.2025  11:12:07
  3   7   1   5  $12    0.010   -14.0821  26544.12   0.3   -614.01   2.3  13.10.2025  11:12:09
  3   7   2   6  $12    0.010     3.0928   1324.97   0.7   3454.68   0.7  13.10.2025  11:12:11
  3   7   4   8  $12    0.010     6.1664   2641.70   0.9    113.95   5.0  13.10.2025  11:12:13
  3   7  13   1  $12    0.010    14.6818  23062.17   0.2   -620.75   0.0  13.10.2025  11:12:15
  3   7  14   2  $12    0.010     1.6606   1224.70   0.7  -6132.75   0.5  13.10.2025  11:12:17
  3   7  16   4  $12    0.001    -3.7217  33364.92   0.9   -329.40   5.4  13.10.2025  11:12:23
  3   7  13   9  $12    0.010     7.2642  17115.82   0.1     29.20   7.3  13.10.2025  11:12:26
  3   7  14  10  $12    0.100     6.8266   3096.30   0.0     60.90   0.9  13.10.2025  11:12:30
  3   7  15  11  $12    0.100     6.9560   5244.72   0.0   -133.00   0.5  13.10.2025  11:12:32
  3   7  16  12  $12    0.001    -2.4607 282646.74   0.9   -383.06   1.3  13.10.2025  11:12:41
  3   7   9   5  $12    0.010    -5.7075  10758.32   0.3    166.56   1.9  13.10.2025  11:12:46
  3   7  10   6  $12    0.010     2.8668   3782.59   0.1   -153.13   1.9  13.10.2025  11:12:48
  3   7  12   8  $12    0.100    12.3397   1090.30   0.0    -14.77   3.1  13.10.2025  11:12:51
  4   8   1   5  $12    0.001    -2.2848  30146.57   0.8   -453.05   4.7  13.10.2025  11:13:00
  4   8   2   6  $12    0.010   -22.2565  41952.46   0.0   -695.42   0.1  13.10.2025  11:13:03
  4   8   3   7  $12    0.010     5.6114   2403.93   0.4    225.72   1.9  13.10.2025  11:13:05
  4   8  13   1  $12    0.001     2.4778  55727.62   0.1   -496.79   1.4  13.10.2025  11:13:10
  4   8  14   2  $12    0.001     2.4375  38287.99   0.4   -676.26   1.8  13.10.2025  11:13:12
  4   8  15   3  $12    0.010    -3.5503   2618.35   0.1    393.18   0.4  13.10.2025  11:13:16
  4   8  13   9  $12    0.010    10.1886   9002.35   0.0    -86.10   8.4  13.10.2025  11:13:18
  4   8  14  10  $12    0.100     4.4282   1043.36   0.0    152.13   0.2  13.10.2025  11:13:22
  4   8  15  11  $12    0.100     9.0425   4101.40   0.0   -225.63   0.3  13.10.2025  11:13:24
  4   8  16  12  $12    0.001    -3.4628 261090.20   0.5   -471.61   0.9  13.10.2025  11:13:32
  4   8   9   5  $12    0.010    -9.2205   3950.03   0.4   -133.06   3.2  13.10.2025  11:13:36
  4   8  10   6  $12    0.010     2.4647   4645.78   0.2   -364.53   0.8  13.10.2025  11:13:38
  4   8  11   7  $12    0.100    15.5350   2049.79   0.0    -37.43   0.1  13.10.2025  11:13:41
  5   9   6  10  $12    0.010    17.4117   7459.16   0.8   -141.02   0.1  13.10.2025  11:13:46
  5   9   7  11  $12    0.010     2.1380   4030.05   0.5    -91.18   2.2  13.10.2025  11:13:48
  5   9   8  12  $12    0.010     0.0956    126.19  14.7  -3115.03  14.5  13.10.2025  11:13:53
  5   9   2   6  $12    0.001    13.5245 178451.92   0.5   -482.83   0.7  13.10.2025  11:13:57
  5   9   3   7  $12    0.010    14.7507  27804.46   0.0   -449.35   0.2  13.10.2025  11:14:01
  5   9   4   8  $12    0.010    18.5884   7963.26   0.0   -482.88   0.1  13.10.2025  11:14:03
  5   9   1  13  $12    0.001    14.7504 370719.22   0.1   -361.61   0.1  13.10.2025  11:14:08
  5   9   2  14  $12    0.001    15.7027 353169.48   0.1   -486.03   0.4  13.10.2025  11:14:10
  5   9   3  15  $12    0.010    17.6508  27725.76   0.1   -469.70   0.1  13.10.2025  11:14:14
  5   9   4  16  $12    0.001   -16.3609 120663.11   0.2   -428.06   1.5  13.10.2025  11:14:19
  5   9  14  10  $12    0.010     8.2515   7290.83   0.0    167.75   0.0  13.10.2025  11:14:22
  5   9  15  11  $12    0.100   -14.8354   3495.52   0.8   -620.15   0.7  13.10.2025  11:14:26
  5   9  16  12  $12    0.001    16.5477 750550.06   0.0   -455.61   0.3  13.10.2025  11:14:34
  6  10   5   9  $12    0.010    17.2874   7405.88   0.2   -169.86   2.2  13.10.2025  11:14:38
  6  10   7  11  $12    0.010     4.3210   1851.12   0.2    106.11   1.2  13.10.2025  11:14:40
  6  10   8  12  $12    0.010     2.4325   4585.10   0.1     13.03   3.6  13.10.2025  11:14:42
  6  10   1   5  $12    0.010   -18.8275  16635.48   0.0   -427.09   0.3  13.10.2025  11:14:44
  6  10   3   7  $12    0.010    -3.1045   4096.30   0.4   -192.73   1.5  13.10.2025  11:14:46
  6  10   4   8  $12    0.010    -2.2280   4199.70   0.0   -303.37   0.5  13.10.2025  11:14:48
  6  10   1  13  $12    0.010   -16.2673  36586.59   0.1   -485.91   0.1  13.10.2025  11:14:50
  6  10   2  14  $12    0.010   -16.1701  40639.95   0.0   -575.44   0.0  13.10.2025  11:14:52
  6  10   3  15  $12    0.100    -6.9376   1560.34   0.9   -932.91   0.5  13.10.2025  11:14:56
  6  10   4  16  $12    0.010    16.3321  25654.38   0.6   -428.60   0.1  13.10.2025  11:15:01
  6  10  13   9  $12    0.010    11.4126  15058.55   0.4   -162.84   3.7  13.10.2025  11:15:03
  6  10  15  11  $12    0.100    17.2050   1520.18   0.0    100.96   0.2  13.10.2025  11:15:06
  6  10  16  12  $12    0.010   -15.5790  36707.22   0.0   -473.87   0.0  13.10.2025  11:15:11
  7  11   5   9  $12    0.100    15.8139   2980.86   0.2    -46.19   1.6  13.10.2025  11:15:15
  7  11   6  10  $12    0.010     4.2865   1836.35   0.0     40.98   0.3  13.10.2025  11:15:20
  7  11   8  12  $12    0.010     5.3780   2303.93   0.0     15.23   2.9  13.10.2025  11:15:22
  7  11   1   5  $12    0.100    -6.3752   1502.11   0.5   -203.20   2.0  13.10.2025  11:15:26
  7  11   2   6  $12    0.100   -14.1141   1247.08   0.0    -63.03   0.2  13.10.2025  11:15:27
  7  11   4   8  $12    0.100   -13.9095   1835.32   0.1    -20.03   1.3  13.10.2025  11:15:30
  7  11   1  13  $12    0.100     5.9043    927.44   0.3    113.18  10.4  13.10.2025  11:15:32
  7  11   2  14  $12    0.100     6.6221   1489.38   0.6     73.53  11.7  13.10.2025  11:15:34
  7  11   3  15  $12    0.100     5.6319   1415.45   0.2     34.64   4.1  13.10.2025  11:15:36
  7  11   4  16  $12    0.100     5.6077   1261.23   0.3    -25.66  10.0  13.10.2025  11:15:38
  7  11  13   9  $12    0.100     4.1371    779.82   0.7   -129.30   3.9  13.10.2025  11:15:40
  7  11  14  10  $12    0.100    19.9957   2638.38   0.0     69.05   0.9  13.10.2025  11:15:42
  7  11  16  12  $12    0.010     3.6262   3204.05   0.3   -114.87   9.5  13.10.2025  11:15:47
  8  12   5   9  $12    0.100    -5.2403    691.44   0.8  -1129.21   1.3  13.10.2025  11:15:55
  8  12   6  10  $12    0.010     2.4429   4604.81   0.1    -11.39  19.3  13.10.2025  11:16:00
  8  12   7  11  $12    0.010     5.2381   2243.98   0.1      9.69  12.2  13.10.2025  11:16:02
  8  12   1   5  $12    0.010     2.8881  13099.66   0.6   -638.20   0.7  13.10.2025  11:16:04
  8  12   2   6  $12    0.010     2.7626   6509.21   0.2   -730.64   1.3  13.10.2025  11:16:06
  8  12   3   7  $12    0.100   -11.2329    992.51   0.1     78.89   0.6  13.10.2025  11:16:10
  8  12   1  13  $12    0.010     3.5334   2605.94   0.1   -534.24   2.0  13.10.2025  11:16:15
  8  12   2  14  $12    0.010     3.8612   6065.14   0.2   -540.13   0.4  13.10.2025  11:16:17
  8  12   3  15  $12    0.100     8.0424   1808.82   0.0   -119.97   0.3  13.10.2025  11:16:20
  8  12  16   4  $12    0.010     2.8877   7257.53   0.3   -785.17   1.5  13.10.2025  11:16:25
  8  12   9  13  $12    0.100    12.7728    547.18   0.4   -537.02   0.1  13.10.2025  11:16:29
  8  12  10  14  $12    0.100   -11.5096   2169.51   0.1      7.30  23.0  13.10.2025  11:16:31
  8  12  11  15  $12    0.010    -3.2571   4297.67   0.0     30.47   0.5  13.10.2025  11:16:36
  9  13  10  14  $12    0.010     9.2245   3951.77   0.2    131.12   0.0  13.10.2025  11:16:38
  9  13  11  15  $12    0.010     2.8491   5370.42   0.1    316.03   0.3  13.10.2025  11:16:40
  9  13  12  16  $12    0.001    17.6790 233269.11   0.0   -457.81   0.0  13.10.2025  11:16:45
  9  13   6  10  $12    0.010   -15.6287  20621.55   0.0   -200.23   0.2  13.10.2025  11:16:49
  9  13   7  11  $12    0.100    -3.8905    733.35   0.6   1845.10   2.0  13.10.2025  11:16:52
  9  13   8  12  $12    0.100     3.7073    158.82   0.2  -3570.17   0.2  13.10.2025  11:16:54
  9  13   5   1  $12    0.001    12.1048 912683.51   0.3   -294.42   0.4  13.10.2025  11:17:02
  9  13   6   2  $12    0.001    13.0432 591596.83   0.1   -422.81   0.2  13.10.2025  11:17:04
  9  13   7   3  $12    0.010    15.2987  36046.78   0.0   -393.90   0.3  13.10.2025  11:17:08
  9  13   8   4  $12    0.010    16.3491  14445.62   0.1   -392.44   0.5  13.10.2025  11:17:10
  9  13   2  14  $12    0.001   -13.7324 101277.20   0.0   -445.07   0.1  13.10.2025  11:17:15
  9  13   3  15  $12    0.010   -13.1329  20629.03   0.1   -538.12   0.4  13.10.2025  11:17:18
  9  13   4  16  $12    0.001    14.5554 327365.14   0.1   -416.89   0.4  13.10.2025  11:17:23
 10  14   9  13  $12    0.010    10.2782   4403.19   0.1     75.83  11.7  13.10.2025  11:17:28
 10  14  11  15  $12    0.010     5.2369   2243.46   0.1     47.25   3.1  13.10.2025  11:17:30
 10  14  12  16  $12    0.010     3.1264   5893.17   0.9   -236.03   2.0  13.10.2025  11:17:36
 10  14   5   9  $12    0.010    -7.6134   6726.96   0.4     92.96   1.7  13.10.2025  11:17:38
 10  14   7  11  $12    0.010    -2.3225   3064.50   0.3    103.72   5.8  13.10.2025  11:17:40
 10  14   8  12  $12    0.100   -11.6974   2204.91   0.0     12.83   0.2  13.10.2025  11:17:44
 10  14   5   1  $12    0.100    10.1825  11696.11   0.2   -166.28   0.7  13.10.2025  11:17:46
 10  14   6   2  $12    0.100     9.5365   7190.35   0.0   -187.34   0.6  13.10.2025  11:17:48
 10  14   7   3  $12    0.100     7.1113   3225.45   0.0     22.67   5.0  13.10.2025  11:17:50
 10  14   8   4  $12    0.100     5.8145   1370.01   0.4     32.01   6.8  13.10.2025  11:17:52
 10  14   1  13  $12    0.100    18.3623   1646.19   0.5     99.67   5.6  13.10.2025  11:17:54
 10  14   3  15  $12    0.100    19.6055   1445.92   0.0     -3.34  32.3  13.10.2025  11:17:56
 10  14   4  16  $12    0.100     8.7782   1378.88   0.1   -428.77   0.1  13.10.2025  11:17:58
 11  15   9  13  $12    0.010     3.2420   6111.00   0.3   -217.13   1.4  13.10.2025  11:18:03
 11  15  10  14  $12    0.010     4.7824   2048.79   0.0     33.24   4.3  13.10.2025  11:18:05
 11  15  12  16  $12    0.010     5.3761   2303.13   0.2    611.11   0.4  13.10.2025  11:18:07
 11  15   5   9  $12    0.100   -16.3798   3859.39   0.1    -90.09   3.7  13.10.2025  11:18:10
 11  15   6  10  $12    0.100   -15.8344   1399.08   0.0     84.22   0.9  13.10.2025  11:18:12
 11  15   8  12  $12    0.010    -3.2159   4243.26   0.0     25.62   0.7  13.10.2025  11:18:17
 11  15   5   1  $12    0.100   -14.2874  23564.76   0.2   -403.63   0.4  13.10.2025  11:18:21
 11  15   6   2  $12    0.100   -13.7362  15778.00   0.0   -556.76   0.3  13.10.2025  11:18:23
 11  15   7   3  $12    0.100     6.2014   4675.77   0.0     17.43   1.2  13.10.2025  11:18:25
 11  15   8   4  $12    0.100     5.3016   2404.64   0.1    -14.86  13.9  13.10.2025  11:18:27
 11  15   1  13  $12    0.010     3.0007  65988.89   0.4   -557.42   2.2  13.10.2025  11:18:33
 11  15   2  14  $12    0.010     4.2890   3845.06   0.2   -483.88   0.8  13.10.2025  11:18:35
 11  15   4  16  $12    0.010     1.4799   1091.41   0.7   2138.78   0.4  13.10.2025  11:18:37
 12  16   9  13  $12    0.001    13.0247 171856.86   0.0   -386.94   0.4  13.10.2025  11:18:42
 12  16  10  14  $12    0.010     1.6523   3114.56   0.1     93.03   1.4  13.10.2025  11:18:49
 12  16  11  15  $12    0.010    10.0279   4295.92   0.1   -104.04   0.4  13.10.2025  11:18:51
 12  16   5   9  $12    0.001   -12.7163 576768.00   0.4   -391.16   0.1  13.10.2025  11:18:56
 12  16   6  10  $12    0.010    13.5503  31927.08   0.0   -456.73   0.3  13.10.2025  11:18:59
 12  16   7  11  $12    0.010    -2.6064   2302.98   0.4     17.64  18.9  13.10.2025  11:19:02
 12  16   5   1  $12    0.001   -23.8088 5399447.22   0.0   -303.66   0.2  13.10.2025  11:19:07
 12  16   6   2  $12    0.001   -24.9049 4107652.87   0.1   -423.77   0.1  13.10.2025  11:19:09
 12  16   7   3  $12    0.001    -2.5594 293987.66   0.0   -418.79   0.1  13.10.2025  11:19:11
 12  16   8   4  $12    0.001    -2.5393 191455.61   0.1   -402.63   1.1  13.10.2025  11:19:13
 12  16  13   1  $12    0.001   -24.6701 241283.86   0.5   -315.79   0.6  13.10.2025  11:19:16
 12  16  14   2  $12    0.001   -27.1069 5961120.08   0.0   -428.91   0.1  13.10.2025  11:19:18
 12  16  15   3  $12    0.001    -3.2709  29323.52   0.4   -380.71   0.9  13.10.2025  11:19:20
 13   1  14   2  $12    0.001    -8.1249  27863.15   0.6  -1418.78   0.3  13.10.2025  11:19:22
 13   1  15   3  $12    0.010   -18.0070  13654.99   0.0   -511.93   0.1  13.10.2025  11:19:26
 13   1  16   4  $12    0.001    26.7183 343382.26   0.3   -434.04   1.0  13.10.2025  11:19:31
 13   1  10  14  $12    0.010    -2.5111   2251.20   0.1    -95.34   1.4  13.10.2025  11:19:35
 13   1  11  15  $12    0.010    -0.3477   7646.47   1.5   2904.22   0.9  13.10.2025  11:19:40
 13   1  12  16  $12    0.001   -29.0838 284451.98   0.0   -424.72   0.7  13.10.2025  11:19:46
 13   1   9   5  $12    0.001    14.0869 354042.45   0.0   -344.57   0.3  13.10.2025  11:19:48
 13   1  10   6  $12    0.010   -13.3932  30122.59   0.0   -373.77   0.2  13.10.2025  11:19:51
 13   1  11   7  $12    0.010     0.0068     10.68  11.2  21539.09  12.7  13.10.2025  11:20:03
 13   1  12   8  $12    0.010     1.7311   1276.70   0.1     10.79  19.0  13.10.2025  11:20:09
 13   1   6   2  $12    0.001    -6.8840  50770.06   0.6  -1415.13   0.9  13.10.2025  11:20:13
 13   1   7   3  $12    0.010   -12.6874  19929.35   0.3   -542.37   0.3  13.10.2025  11:20:17
 13   1   8   4  $12    0.010   -19.1026  42963.53   0.1   -328.91   0.4  13.10.2025  11:20:19
 14   2  13   1  $12    0.001    -1.5670   5373.69   7.6  -4719.10  10.9  13.10.2025  11:20:29
 14   2  15   3  $12    0.010     3.0608   1049.68   3.0   2830.13   4.4  13.10.2025  11:20:37
 14   2  16   4  $12    0.001    22.7322 172381.91   0.0   -396.66   0.3  13.10.2025  11:20:42
 14   2   9  13  $12    0.001    11.0867  81765.47   0.2   -316.94   0.9  13.10.2025  11:20:44
 14   2  11  15  $12    0.010    -1.4019   1256.79   0.6    694.70   2.3  13.10.2025  11:20:59
 14   2  12  16  $12    0.001   -25.0660 5512291.47   0.0   -415.76   1.3  13.10.2025  11:21:04
 14   2   9   5  $12    0.001    11.9051 267758.04   0.3   -327.45   1.2  13.10.2025  11:21:06
 14   2  10   6  $12    0.010   -13.1795  33123.62   0.1   -454.43   0.2  13.10.2025  11:21:10
 14   2  11   7  $12    0.010     0.0119     26.68  29.3  16150.86  42.4  13.10.2025  11:21:22
 14   2  12   8  $12    0.010     1.7759   2789.53   0.1    -94.30   5.0  13.10.2025  11:21:27
 14   2   5   1  $12    0.001    -1.6403  14704.92   0.5  -3215.47   0.8  13.10.2025  11:21:32
 14   2   7   3  $12    0.010     8.8430   6521.76   0.0    831.65   0.3  13.10.2025  11:21:36
 14   2   8   4  $12    0.010   -13.6076  21374.74   0.0   -565.56   0.2  13.10.2025  11:21:38
 15   3  13   1  $12    0.010   -16.2378  12313.37   0.5   -717.70   0.1  13.10.2025  11:21:40
 15   3  14   2  $12    0.010     0.6168    211.54   2.7  23523.44   3.3  13.10.2025  11:21:46
 15   3  16   4  $12    0.001     4.3599  14951.88   0.9   -405.67   2.0  13.10.2025  11:21:52
 15   3   9  13  $12    0.010    11.7431  18446.06   0.1   -471.62   0.2  13.10.2025  11:21:55
 15   3  10  14  $12    0.100   -20.2662   1494.64   0.0      0.03 1042.9  13.10.2025  11:21:59
 15   3  12  16  $12    0.001    -3.2593  29219.90   0.9   -419.12   2.7  13.10.2025  11:22:07
 15   3   9   5  $12    0.010    12.1255  19046.68   0.2   -457.00   0.8  13.10.2025  11:22:11
 15   3  10   6  $12    0.100    -5.2136   1172.58   0.1   -936.57   0.3  13.10.2025  11:22:14
 15   3  11   7  $12    0.100     5.3064   1333.65   0.1     26.54   4.7  13.10.2025  11:22:17
 15   3  12   8  $12    0.100     7.3700   1657.59   0.0    -26.33   2.3  13.10.2025  11:22:19
 15   3   5   1  $12    0.010   -12.1520 267235.65   0.5   -989.31   0.4  13.10.2025  11:22:24
 15   3   6   2  $12    0.010    -0.1375    123.27  25.4 -128383.89  26.2  13.10.2025  11:22:28
 15   3   8   4  $12    0.010     3.9174   2889.15   0.8    388.00   2.0  13.10.2025  11:22:30
 16   4  13   1  $12    0.001    22.0617 283536.72   0.5   -323.26   1.0  13.10.2025  11:22:35
 16   4  14   2  $12    0.001    23.8471 180836.13   0.0   -441.92   0.0  13.10.2025  11:22:37
 16   4  15   3  $12    0.001     3.2410  11114.67   0.7   -305.95   1.9  13.10.2025  11:22:39
 16   4   9  13  $12    0.001   -11.4210 256868.55   0.1   -336.86   0.4  13.10.2025  11:22:41
 16   4  10  14  $12    0.010     0.2009    315.57   0.8  -1791.56   0.9  13.10.2025  11:22:48
 16   4  11  15  $12    0.010    -6.6603   4912.02   0.4   -401.21   0.8  13.10.2025  11:22:50
 16   4   9   5  $12    0.001   -10.4760  77261.10   0.4   -298.19   2.9  13.10.2025  11:22:55
 16   4  10   6  $12    0.010    11.9134  18713.52   0.0   -211.54   0.6  13.10.2025  11:22:59
 16   4  11   7  $12    0.010     1.7881   4021.51   0.4   -393.97   1.2  13.10.2025  11:23:04
 16   4  12   8  $12    0.010     2.0905   5254.07   0.5  -1128.93   0.5  13.10.2025  11:23:06
 16   4   5   1  $12    0.001    21.7095 212328.13   0.0   -283.53   0.1  13.10.2025  11:23:11
 16   4   6   2  $12    0.001    22.7788 5009323.21   0.0   -408.62   0.1  13.10.2025  11:23:13
 16   4   7   3  $12    0.001     3.1214  27983.52   0.1   -320.10   2.5  13.10.2025  11:23:15
  1   4   2   3  $12    0.001    -4.0911  25705.29   0.7  -2263.58   0.4  13.10.2025  11:23:17
  2   3   1   4  $12    0.001     1.5634   9822.88   0.9   2415.08   1.8  13.10.2025  11:23:20
  1   2   3   4  $12    0.010   -15.9899  30140.33   0.0    -45.27   0.2  13.10.2025  11:23:24
  3   4   1   2  $12    0.010   -13.0469  24592.78   0.1      8.23  26.3  13.10.2025  11:23:26
  5   8   6   7  $12    0.100    16.2755   1022.62   0.0     -1.73  17.6  13.10.2025  11:23:30
  6   7   5   8  $12    0.100    17.8288   1120.22   0.2    -28.00   2.7  13.10.2025  11:23:32
  5   6   7   8  $12    0.100    -5.2721    993.77   0.3     -9.69  78.8  13.10.2025  11:23:34
  7   8   5   6  $12    0.100    -5.1901    978.32   0.1      8.65  32.6  13.10.2025  11:23:36
  9  12  10  11  $12    0.010     8.5684   5383.71   0.4    159.75   0.2  13.10.2025  11:23:40
 10  11   9  12  $12    0.010     8.2238   5167.16   0.2     36.86  18.3  13.10.2025  11:23:42
  9  10  11  12  $12    0.010     1.5192   2863.61   0.1   -547.53   1.2  13.10.2025  11:23:47
 11  12   9  10  $12    0.100    10.5088   1980.86   0.0   -761.46   0.3  13.10.2025  11:23:51
 13  16  14  15  $12    0.010     6.5177   4095.18   0.3   -215.40   0.2  13.10.2025  11:23:56
 14  15  13  16  $12    0.100     6.6319    416.69   0.3   2155.09   0.3  13.10.2025  11:24:00
 13  14  15  16  $12    0.100    -9.0653   1708.76   0.3    -78.89  12.3  13.10.2025  11:24:02
  1   9  10   2  $12    0.001    -7.0278  25289.75   0.1    421.19   3.7  13.10.2025  11:24:10
  1   9  11   3  $12    0.010     1.9137   1639.65   0.8  -2144.46   0.7  13.10.2025  11:24:15
  1   9  12   4  $12    0.010     7.3575  12302.71   0.1   -542.34   0.1  13.10.2025  11:24:16
  2  10   9   1  $12    0.001   -11.0103  39621.18   0.1     14.10  14.3  13.10.2025  11:24:21
  2  10  11   3  $12    0.010   -10.3618   3728.75   0.1    822.55   0.2  13.10.2025  11:24:26
  2  10  12   4  $12    0.010    17.0006  14566.10   0.0   -592.77   0.1  13.10.2025  11:24:28
  3  11   9   1  $12    0.010     1.9493   1670.11   0.6  -1993.10   0.8  13.10.2025  11:24:30
  3  11  10   2  $12    0.010    -0.9681    348.39   0.9  14272.83   0.8  13.10.2025  11:24:32
  3  11  12   4  $12    0.010    -8.4397   3037.08   0.0    144.79   1.7  13.10.2025  11:24:34
 12   4   9   1  $12    0.010    -8.5443  14287.30   0.0   -620.97   0.2  13.10.2025  11:24:36
 12   4  10   2  $12    0.010   -21.1759  18143.44   0.0   -773.91   0.0  13.10.2025  11:24:38
 12   4  11   3  $12    0.010     8.0579   2899.66   0.0    214.43   0.0  13.10.2025  11:24:40
 13   5  14   6  $12    0.010     5.2408   1885.91   0.0      3.10  35.3  13.10.2025  11:24:42
 13   5  15   7  $12    0.010     3.1391   2689.56   0.0      2.60  16.2  13.10.2025  11:24:44
 13   5  16   8  $12    0.010     5.7304   9582.02   0.0   -441.79   1.1  13.10.2025  11:24:46
 14   6  13   5  $12    0.010     5.3804   1936.17   0.6    -12.62  64.8  13.10.2025  11:24:48
 14   6  15   7  $12    0.010     5.0854   1830.02   0.0      8.74   2.9  13.10.2025  11:24:50
 14   6  16   8  $12    0.010    20.2809  17376.60   0.1   -422.05   0.1  13.10.2025  11:24:52
 15   7  13   5  $12    0.010     3.0814   2640.12   0.1     -3.28 155.5  13.10.2025  11:24:54
 15   7  14   6  $12    0.010     5.1522   1854.04   0.0     -1.19  19.6  13.10.2025  11:24:56
 15   7  16   8  $12    0.010     3.2725   1177.61   0.8    918.14   3.2  13.10.2025  11:24:58
 16   8  13   5  $12    0.010    -2.1039   3518.08   0.9   -918.36   2.2  13.10.2025  11:25:01
 16   8  14   6  $12    0.010    15.5278  13304.19   0.0   -360.33   0.0  13.10.2025  11:25:03
 16   8  15   7  $12    0.010    10.5785   3806.74   0.0   -140.52   0.0  13.10.2025  11:25:05
  1   2   5   6  $12    0.010     1.0218  19259.61   0.6   -334.50   3.4  13.10.2025  11:25:10
  2   3   6   7  $12    0.010   -10.6533 200809.78   0.1   -508.31   0.1  13.10.2025  11:25:12
  3   4   7   8  $12    0.100     0.2338    440.61   0.4    -82.05   7.9  13.10.2025  11:25:19
  1   2   9  10  $12    0.010   -16.1925 2563856.15   0.2   -147.41   0.5  13.10.2025  11:25:24
  2   3  10  11  $12    0.010     0.1891  29948.02   0.3   -134.01   1.0  13.10.2025  11:25:36
  3   4  11  12  $12    0.100    -0.1093   1730.02   0.6  -1599.83   4.5  13.10.2025  11:25:51
  1   2  13  14  $12    0.010     0.0565  30454.19   0.2   -180.64   1.0  13.10.2025  11:25:57
  2   3  14  15  $12    0.010    -0.2085 112422.34   0.5  -3762.47   0.5  13.10.2025  11:26:02
  3   4  15  16  $12    0.010    -5.9049 3183318.64   0.6   -145.76   0.5  13.10.2025  11:26:04
  5   6   9  10  $12    0.010     9.6633 182148.26   0.3   -552.40   1.6  13.10.2025  11:26:06
  6   7  10  11  $12    1.000     3.3375    629.11   0.1     66.84   0.2  13.10.2025  11:26:12
  7   8  11  12  $12   10.000    16.4630    310.32   0.0     13.80   1.7  13.10.2025  11:26:15
  5   6  13  14  $12    1.000    -0.3748    593.37   0.7  -1589.61   0.3  13.10.2025  11:26:21
  6   7  14  15  $12    1.000   -18.0989  28657.11   0.0   -383.11   0.0  13.10.2025  11:26:23
  7   8  15  16  $12    1.000    -1.0704   1694.88   0.7  -3567.80   1.1  13.10.2025  11:26:25
  9  10  13  14  $12    0.100     0.3650    687.96   2.6   -629.19   2.8  13.10.2025  11:26:35
 10  11  14  15  $12    1.000     2.6545    500.37   0.0      6.39  14.5  13.10.2025  11:26:39
 11  12  15  16  $12    0.010    -2.8151  53063.62   0.7   -540.79   5.3  13.10.2025  11:26:47
  1   2   6   7  $12    0.010    -1.8206  68634.35   0.1   -143.59  10.6  13.10.2025  11:26:52
  2   3   7   8  $12    0.010    -0.2466   9297.67   1.3   -637.94  11.1  13.10.2025  11:26:58
  1   2   7   8  $12    0.010     0.0612   4040.08   1.0     66.87   4.5  13.10.2025  11:27:10
  2   3   7   8  $12    0.010    -0.3929  14810.47   0.1   -613.90   1.2  13.10.2025  11:27:15
  1   2  10  11  $12    0.010     0.0604  13664.45   1.0   -145.11   4.0  13.10.2025  11:27:27
  2   3  11  12  $12    0.010     0.9698 219361.28   0.8   -292.92   3.0  13.10.2025  11:27:32
  1   2  11  12  $12    0.010     0.3205  99666.06   0.0      0.42 915.6  13.10.2025  11:27:37
  2   3  11  12  $12    0.010     1.0304 233075.50   0.2   -278.76   0.5  13.10.2025  11:27:42
  1   2  14  15  $12    0.010     0.5112 350729.80   0.9    267.57   3.1  13.10.2025  11:27:48
  2   3  15  16  $12    0.001    23.0350 158048847.02   0.0   -417.27   0.2  13.10.2025  11:27:53
  1   2  15  16  $12    0.001     3.2195 27612009.05   0.9    333.53   2.2  13.10.2025  11:27:55
  2   3  15  16  $12    0.001    23.4513 160904682.86   0.0   -423.40   0.1  13.10.2025  11:27:57
  5   6  10  11  $12    1.000     4.2067   1585.90   0.1    203.51   0.3  13.10.2025  11:28:05
  6   7  11  12  $12    1.000    -1.8293    689.63   1.6   -695.87   0.2  13.10.2025  11:28:14
  5   6  11  12  $12    1.000     4.7733   3149.10   0.9   -625.01   1.2  13.10.2025  11:28:18
  6   7  11  12  $12    1.000    -2.0313    765.79   0.9   -665.93   1.1  13.10.2025  11:28:20
  5   6  14  15  $12    1.000    16.9974  38447.31   0.0   -456.21   0.2  13.10.2025  11:28:22
  6   7  15  16  $12    0.010    17.7163 4007330.05   0.0   -487.80   1.3  13.10.2025  11:28:30
  5   6  15  16  $12    0.010   -16.1520 5023565.94   0.5   -532.74   0.3  13.10.2025  11:28:32
  6   7  15  16  $12    0.010    17.2507 3902027.25   0.0   -465.59   0.0  13.10.2025  11:28:34
  9  10  14  15  $12    0.100   -20.1358  75910.32   0.5   -349.89   0.3  13.10.2025  11:28:38
 10  11  15  16  $12    0.100    -2.3662   8920.23   0.9   -488.40   5.3  13.10.2025  11:28:42
  9  10  15  16  $12    0.001    13.6734 9020819.09   0.0   -426.25   0.3  13.10.2025  11:28:49
 10  11  15  16  $12    0.100    -2.1709   8184.13   0.6   -547.25   2.3  13.10.2025  11:29:00
