//C:\Users\user\Desktop\GeoTom\GeoTomE724.ini
//- Cable direction:
//  cable I: normal
//  cable II: normal
//  cable III: normal
//  cable IV: normal
//- Cable arrangement: sequential
//- Optimization: Last measurement
//- Sorting: Multi-level
//- Current levels: 0.001 mA .. 50.0 mA
Type:         Flow
Name:         Hyprop
Comment:      Example of a measurements sequence
Comment:      
Comment:      
Spacing:      1.00000
First El:     0.00000
Nr of points: 289
IP present:   1

  1   5   2   6  $12    0.010    13.2876   5692.41   0.1     -5.43  15.0  10.10.2025  06:10:05
  1   5   3   7  $12    0.100    18.1751   3425.93   0.0    -18.74   0.2  10.10.2025  06:10:09
  1   5   4   8  $12    0.100     9.7681   1288.87   0.0     -3.46   4.0  10.10.2025  06:10:11
  1   5  14   2  $12    0.010   -11.1524   9998.14   0.0     -2.37  12.1  10.10.2025  06:10:16
  1   5  15   3  $12    0.100    -4.4353   9753.66   0.1    -11.42   5.9  10.10.2025  06:10:20
  1   5  16   4  $12    0.100    -1.6748    163.81   0.7   -123.56  14.1  10.10.2025  06:10:25
  1   5  13   9  $12    0.100    10.7763   8125.15   0.1   -131.18   1.8  10.10.2025  06:10:27
  1   5  14  10  $12    0.100     6.8228   7837.03   0.0     -6.90   0.4  10.10.2025  06:10:29
  1   5  15  11  $12    0.100     6.6155  10911.21   0.0    -10.01   0.6  10.10.2025  06:10:31
  1   5  16  12  $12    0.100     2.2971   5209.41   0.1    696.32   0.2  10.10.2025  06:10:33
  1   5  10   6  $12    0.100    13.6179   1203.24   0.0     -4.97   1.7  10.10.2025  06:10:35
  1   5  11   7  $12    0.100     6.7311   1585.97   0.0     -6.93   3.6  10.10.2025  06:10:37
  1   5  12   8  $12    0.100     3.7302   1691.89   0.0     -6.96   2.7  10.10.2025  06:10:39
  2   6   1   5  $12    0.010    13.0509   5591.00   0.0     11.65   2.8  10.10.2025  06:10:44
  2   6   3   7  $12    0.010     4.1401   1773.62   0.9     94.80   8.7  10.10.2025  06:10:46
  2   6   4   8  $12    0.100    17.1149   3226.07   0.0      8.06   1.4  10.10.2025  06:10:49
  2   6  13   1  $12    0.010   -10.2325   7546.52   0.0     72.83   0.6  10.10.2025  06:10:54
  2   6  15   3  $12    0.010    -2.1526   1929.82   0.3    191.13   1.7  10.10.2025  06:10:56
  2   6  16   4  $12    0.010    -3.2201  70813.62   0.6   -533.77   0.6  10.10.2025  06:10:58
  2   6  13   9  $12    0.010     3.1521  14296.85   0.5   -474.49   1.5  10.10.2025  06:11:00
  2   6  14  10  $12    0.100     6.7889   5118.68   0.0    -18.12   0.2  10.10.2025  06:11:04
  2   6  15  11  $12    0.100     7.7537   8906.20   0.0    -65.29   0.3  10.10.2025  06:11:06
  2   6  16  12  $12    0.100   -16.4214  27084.40   0.0   -853.57   0.1  10.10.2025  06:11:08
  2   6   9   5  $12    0.100     2.9102    383.99   0.2   1926.11   0.9  10.10.2025  06:11:10
  2   6  11   7  $12    0.100    13.7264   1212.83   0.2    -12.10  26.2  10.10.2025  06:11:12
  2   6  12   8  $12    0.100     6.0581   1427.40   0.1     -6.85  10.2  10.10.2025  06:11:14
  3   7   1   5  $12    0.100    17.4541   3290.02   0.2      9.52  17.4  10.10.2025  06:11:16
  3   7   2   6  $12    0.010     4.1554   1780.19   0.2     77.32   1.5  10.10.2025  06:11:21
  3   7   4   8  $12    0.010     3.7555   1608.84   0.3     -9.36  56.7  10.10.2025  06:11:23
  3   7  13   1  $12    0.100    -1.4080    221.17   0.2   1461.90   0.6  10.10.2025  06:11:27
  3   7  14   2  $12    0.100   -19.0347   1403.82   0.0    209.56   1.1  10.10.2025  06:11:29
  3   7  16   4  $12    0.010    -2.5158   2255.45   0.7   -137.27   9.2  10.10.2025  06:11:34
  3   7  13   9  $12    0.100    13.8408   3261.16   0.1   -296.09   0.2  10.10.2025  06:11:38
  3   7  14  10  $12    0.100     6.3100   2861.99   0.0     -2.08   7.0  10.10.2025  06:11:40
  3   7  15  11  $12    0.100     6.6731   5031.43   0.0     -5.44   0.6  10.10.2025  06:11:42
  3   7  16  12  $12    0.100    -2.4129   2771.55   0.7  -2174.44   0.6  10.10.2025  06:11:44
  3   7   9   5  $12    0.100     2.4294    457.93   0.4    917.11   0.2  10.10.2025  06:11:46
  3   7  10   6  $12    0.100    14.2973   1886.48   0.1     -3.26 103.9  10.10.2025  06:11:48
  3   7  12   8  $12    0.100    13.9481   1232.42   0.0      1.04  73.7  10.10.2025  06:11:50
  4   8   1   5  $12    0.100    10.5359   1390.18   0.2     11.29  45.9  10.10.2025  06:11:52
  4   8   2   6  $12    0.100    16.1336   3041.11   0.3     22.17   6.7  10.10.2025  06:11:54
  4   8   3   7  $12    0.010     3.8056   1630.30   0.0      8.46   3.9  10.10.2025  06:11:58
  4   8  13   1  $12    1.000   -14.0368    315.70   0.1    220.77   0.3  10.10.2025  06:12:04
  4   8  14   2  $12    0.100    -4.6266    726.75   0.1     36.87   5.3  10.10.2025  06:12:09
  4   8  15   3  $12    0.100   -17.9599   1324.56   0.0      7.96   2.4  10.10.2025  06:12:11
  4   8  13   9  $12    0.100     6.5839    581.74   0.0    -38.78   2.0  10.10.2025  06:12:13
  4   8  14  10  $12    0.100     5.5114   1298.60   0.0     -0.49  27.7  10.10.2025  06:12:15
  4   8  15  11  $12    0.100     6.1736   2800.15   0.0     -1.30   1.5  10.10.2025  06:12:17
  4   8  16  12  $12    0.100     5.1151   3856.72   0.0     53.83   2.7  10.10.2025  06:12:19
  4   8   9   5  $12    0.100     2.4104    103.26   0.4    124.86   3.8  10.10.2025  06:12:21
  4   8  10   6  $12    0.100     6.2981   1187.17   0.4      8.20  31.7  10.10.2025  06:12:23
  4   8  11   7  $12    0.100    13.9346   1838.63   0.0      2.12  19.3  10.10.2025  06:12:25
  5   9   6  10  $12    0.010     3.3165   1420.78   0.0     -2.43   5.2  10.10.2025  06:12:30
  5   9   7  11  $12    0.100    16.3520   3082.28   0.0    -11.98   0.9  10.10.2025  06:12:33
  5   9   8  12  $12    0.100    10.9428   1443.86   0.0    -11.28   4.5  10.10.2025  06:12:35
  5   9   2   6  $12    0.100    -6.7025    884.38   0.4    476.96   1.1  10.10.2025  06:12:37
  5   9   3   7  $12    0.100    -4.4400    836.93   0.1    224.42   0.4  10.10.2025  06:12:39
  5   9   4   8  $12    0.100    -2.2758     97.49   0.5     83.50   1.9  10.10.2025  06:12:41
  5   9   1  13  $12    0.100     8.9640   2252.90   0.0   -191.52   1.7  10.10.2025  06:12:43
  5   9   2  14  $12    0.100    11.2604   2532.56   0.2   -295.96   1.2  10.10.2025  06:12:45
  5   9   3  15  $12    0.100     6.1963    973.32   0.0   -170.81   1.1  10.10.2025  06:12:47
  5   9   4  16  $12    0.100    -1.9536    144.08   0.7  -2020.34   0.5  10.10.2025  06:12:49
  5   9  14  10  $12    0.100    14.6599   1295.31   0.0     -5.55   3.2  10.10.2025  06:12:51
  5   9  15  11  $12    0.100     5.6073   1321.18   0.0      1.45   6.5  10.10.2025  06:12:53
  5   9  16  12  $12    0.100    10.5344   4778.04   0.1   -405.77   0.4  10.10.2025  06:12:56
  6  10   5   9  $12    0.010     3.2143   1377.01   0.0     -4.60  28.9  10.10.2025  06:13:00
  6  10   7  11  $12    0.010     3.6513   1564.20   0.3      4.24  17.9  10.10.2025  06:13:02
  6  10   8  12  $12    0.010     2.1255   4006.42   0.0     -5.01   0.5  10.10.2025  06:13:04
  6  10   1   5  $12    0.100   -13.5195   1194.55   0.0      2.00  29.2  10.10.2025  06:13:09
  6  10   3   7  $12    0.100   -14.1786   1870.83   0.5      3.20 111.1  10.10.2025  06:13:11
  6  10   4   8  $12    0.100    -6.2712   1182.09   0.0      2.23  25.0  10.10.2025  06:13:13
  6  10   1  13  $12    0.100     5.2364   1177.73   0.0     14.66   3.0  10.10.2025  06:13:15
  6  10   2  14  $12    0.100     5.3011   1332.32   0.0     22.30   6.8  10.10.2025  06:13:17
  6  10   3  15  $12    0.100     4.8273   1085.71   0.1      7.43  15.9  10.10.2025  06:13:19
  6  10   4  16  $12    0.100     5.3628    842.38   0.0    -30.71   0.8  10.10.2025  06:13:21
  6  10  13   9  $12    0.100    14.4551   1907.30   0.0     -7.02  13.4  10.10.2025  06:13:23
  6  10  15  11  $12    0.100    17.3304   1531.27   0.0     -0.35  63.7  10.10.2025  06:13:25
  6  10  16  12  $12    0.100     9.3825   2210.70   0.0     18.88   2.8  10.10.2025  06:13:27
  7  11   5   9  $12    0.100    16.8025   3167.21   0.2     -4.42  19.6  10.10.2025  06:13:29
  7  11   6  10  $12    0.010     3.6524   1564.67   0.0     -2.73  21.2  10.10.2025  06:13:34
  7  11   8  12  $12    0.010     4.3956   1883.07   0.0     -1.15  17.3  10.10.2025  06:13:36
  7  11   1   5  $12    0.100    -6.7130   1581.72   0.0      1.38  76.8  10.10.2025  06:13:40
  7  11   2   6  $12    0.100   -13.5002   1192.85   0.1      8.99  20.3  10.10.2025  06:13:42
  7  11   4   8  $12    0.100   -13.9093   1835.29   0.0      3.16   4.2  10.10.2025  06:13:44
  7  11   1  13  $12    0.100     4.4021    691.48   0.1      4.43  10.8  10.10.2025  06:13:46
  7  11   2  14  $12    0.100     4.7025   1057.65   0.1      6.54  15.9  10.10.2025  06:13:48
  7  11   3  15  $12    0.100     4.6694   1173.55   0.1     -0.05 2355.0  10.10.2025  06:13:50
  7  11   4  16  $12    0.100     5.4698   1230.21   0.1     -8.24  49.6  10.10.2025  06:13:52
  7  11  13   9  $12    0.100     5.6960   1073.66   0.1     -6.62  28.2  10.10.2025  06:13:54
  7  11  14  10  $12    0.100    18.1483   2394.62   0.0      1.52  15.1  10.10.2025  06:13:56
  7  11  16  12  $12    0.010     2.4662   2179.08   0.1     -3.83   3.1  10.10.2025  06:14:01
  8  12   5   9  $12    0.100    11.3192   1493.54   0.0      0.92  74.8  10.10.2025  06:14:05
  8  12   6  10  $12    0.100    21.1107   3979.27   0.2      2.78  56.3  10.10.2025  06:14:07
  8  12   7  11  $12    0.010     4.4137   1890.83   0.0     -1.41   5.8  10.10.2025  06:14:12
  8  12   1   5  $12    0.100    -3.6712   1665.12   0.0      4.23  15.9  10.10.2025  06:14:16
  8  12   2   6  $12    0.100    -5.9923   1411.91   0.2     12.42  69.5  10.10.2025  06:14:18
  8  12   3   7  $12    0.100   -13.9702   1234.37   0.0      4.17   5.3  10.10.2025  06:14:20
  8  12   1  13  $12    0.100     3.9638    292.34   0.0     -5.27   8.6  10.10.2025  06:14:22
  8  12   2  14  $12    0.100     4.4433    697.96   0.0     -4.10  10.4  10.10.2025  06:14:24
  8  12   3  15  $12    0.100     4.8655   1094.30   0.0     -1.16  13.2  10.10.2025  06:14:26
  8  12  16   4  $12    0.100    -6.1387   1542.82   0.1      7.87   8.4  10.10.2025  06:14:28
  8  12   9  13  $12    0.100    -3.6366    155.79   0.2      6.36  19.6  10.10.2025  06:14:30
  8  12  10  14  $12    0.100   -10.7113   2019.03   0.0      1.38  25.7  10.10.2025  06:14:32
  8  12  11  15  $12    0.010    -2.4860   3280.15   0.0      7.96   2.1  10.10.2025  06:14:37
  9  13  10  14  $12    0.010     3.8668   1656.54   0.0      4.57   1.0  10.10.2025  06:14:39
  9  13  11  15  $12    0.010     2.1488   4050.47   0.0      6.04   3.5  10.10.2025  06:14:41
  9  13  12  16  $12    0.010     3.7381   4932.27   0.4   -422.76   1.5  10.10.2025  06:14:43
  9  13   6  10  $12    0.100   -13.7060   1808.46   0.1     -2.30   5.3  10.10.2025  06:14:47
  9  13   7  11  $12    0.100    -5.2647    992.37   0.0     -2.10  34.6  10.10.2025  06:14:49
  9  13   8  12  $12    0.100    -3.2979    141.28   0.0     13.20   6.3  10.10.2025  06:14:51
  9  13   5   1  $12    0.100     7.7385   5834.66   0.4     31.96  15.9  10.10.2025  06:14:53
  9  13   6   2  $12    0.100    20.7761   9423.38   0.2   -425.94   0.1  10.10.2025  06:14:55
  9  13   7   3  $12    0.100    11.2440   2649.30   0.0   -249.68   0.0  10.10.2025  06:14:57
  9  13   8   4  $12    0.100     6.4052    565.94   0.0    -77.68   0.2  10.10.2025  06:14:59
  9  13   2  14  $12    0.100     3.6340    268.01   0.5   2452.76   0.5  10.10.2025  06:15:01
  9  13   3  15  $12    0.100     4.4692    702.02   0.4    674.28   0.4  10.10.2025  06:15:03
  9  13   4  16  $12    0.100    21.6171   4861.88   0.1   -538.21   0.0  10.10.2025  06:15:05
 10  14   9  13  $12    0.010     3.8020   1628.77   0.0     -6.59  29.6  10.10.2025  06:15:10
 10  14  11  15  $12    0.010     4.4565   1909.15   0.5      0.13 1282.0  10.10.2025  06:15:12
 10  14  12  16  $12    0.010     2.1540   4060.23   0.4     12.48  16.6  10.10.2025  06:15:14
 10  14   5   9  $12    0.100   -14.2745   1261.25   0.0      1.49   7.3  10.10.2025  06:15:18
 10  14   7  11  $12    0.100   -18.0670   2383.88   0.0      2.26   9.8  10.10.2025  06:15:20
 10  14   8  12  $12    0.100   -10.6508   2007.63   0.0      3.86   1.7  10.10.2025  06:15:22
 10  14   5   1  $12    0.100     6.8876   7911.39   0.7     -7.25  57.9  10.10.2025  06:15:24
 10  14   6   2  $12    0.100     6.2919   4743.99   0.5     12.94  52.0  10.10.2025  06:15:26
 10  14   7   3  $12    0.100     6.2847   2850.55   0.0     -0.77  40.3  10.10.2025  06:15:28
 10  14   8   4  $12    0.100     5.5074   1297.65   0.1     -1.99  19.6  10.10.2025  06:15:30
 10  14   1  13  $12    0.100    16.5673   1485.27   0.0      1.17  51.0  10.10.2025  06:15:32
 10  14   3  15  $12    0.100    19.7234   1454.62   0.0     -0.10 290.6  10.10.2025  06:15:34
 10  14   4  16  $12    0.100     5.2638    826.84   0.0      4.76  41.9  10.10.2025  06:15:36
 11  15   9  13  $12    0.100    21.7871   4106.78   0.1     -1.78  36.9  10.10.2025  06:15:38
 11  15  10  14  $12    0.010     4.4363   1900.52   0.0     -1.31  11.7  10.10.2025  06:15:43
 11  15  12  16  $12    0.010     4.4273   1896.65   0.1     24.39   7.7  10.10.2025  06:15:45
 11  15   5   9  $12    0.100    -5.8131   1369.68   0.1      6.56   6.9  10.10.2025  06:15:49
 11  15   6  10  $12    0.100   -17.2350   1522.84   0.0      3.66   9.7  10.10.2025  06:15:50
 11  15   8  12  $12    0.010    -2.4741   3264.54   0.0      8.39   2.4  10.10.2025  06:15:55
 11  15   5   1  $12    0.100     6.7931  11204.07   0.0     -0.09 633.1  10.10.2025  06:16:00
 11  15   6   2  $12    0.100     6.1297   7040.88   0.3     12.99  55.8  10.10.2025  06:16:02
 11  15   7   3  $12    0.100     6.6704   5029.37   0.0      3.56  16.4  10.10.2025  06:16:04
 11  15   8   4  $12    0.100     6.1756   2801.05   0.0      0.08 773.4  10.10.2025  06:16:06
 11  15   1  13  $12    0.100     9.1412  20102.48   0.1     -2.65  46.8  10.10.2025  06:16:08
 11  15   2  14  $12    0.100    20.5057   1838.34   0.0     -1.68  24.9  10.10.2025  06:16:10
 11  15   4  16  $12    0.100    12.7451    939.96   0.0     -9.97   2.9  10.10.2025  06:16:12
 12  16   9  13  $12    0.010     3.9960   5272.66   0.0   -406.29   0.0  10.10.2025  06:16:17
 12  16  10  14  $12    0.010     2.2013   4149.31   0.3     -2.04  74.6  10.10.2025  06:16:19
 12  16  11  15  $12    0.010     4.4990   1927.37   0.0     -4.01  15.4  10.10.2025  06:16:21
 12  16   5   9  $12    0.100    -8.8654   4021.04   0.0   -311.79   0.2  10.10.2025  06:16:25
 12  16   6  10  $12    0.100    -9.2746   2185.29   0.0      3.06  48.2  10.10.2025  06:16:27
 12  16   7  11  $12    0.010    -2.3954   2116.52   0.0     14.78   1.6  10.10.2025  06:16:32
 12  16   5   1  $12    0.100     6.0476  13714.94   0.3   -112.37   0.2  10.10.2025  06:16:37
 12  16   6   2  $12    0.100   -12.6072  20793.50   0.0   -871.61   0.2  10.10.2025  06:16:38
 12  16   7   3  $12    0.100     1.5672   1800.10   0.2   1777.80   0.1  10.10.2025  06:16:40
 12  16   8   4  $12    0.100     7.6121   5739.37   0.0    -25.68   0.5  10.10.2025  06:16:42
 12  16  13   1  $12    0.100   -14.5725   1425.26   0.0   -382.91   0.0  10.10.2025  06:16:44
 12  16  14   2  $12    0.010    -3.6785  80894.69   0.0   -525.50   0.2  10.10.2025  06:16:49
 12  16  15   3  $12    0.010    -2.4453   2192.26   0.3   -238.17   1.3  10.10.2025  06:16:51
 13   1  14   2  $12    0.010    12.5691   4310.41   0.0     57.94   0.5  10.10.2025  06:16:53
 13   1  15   3  $12    0.100    14.7245   1116.58   0.0    156.94   0.2  10.10.2025  06:16:57
 13   1  16   4  $12    0.010     2.5348   3257.78   0.1   -377.61   0.3  10.10.2025  06:17:02
 13   1  10  14  $12    0.100   -16.3194   1463.04   0.0      9.09   1.8  10.10.2025  06:17:06
 13   1  11  15  $12    0.100    -8.9485  19678.80   0.0     13.64   2.0  10.10.2025  06:17:08
 13   1  12  16  $12    0.100   -20.7858   2032.94   0.0   -521.72   0.1  10.10.2025  06:17:10
 13   1   9   5  $12    0.100     8.9971   2261.22   0.0   -233.68   0.1  10.10.2025  06:17:12
 13   1  10   6  $12    0.100     5.1670   1162.10   0.2     15.62  10.7  10.10.2025  06:17:14
 13   1  11   7  $12    0.100     4.3470    682.83   0.0      4.38   6.2  10.10.2025  06:17:16
 13   1  12   8  $12    0.100     3.9342    290.15   0.0     -5.33   5.7  10.10.2025  06:17:18
 13   1   6   2  $12    0.010    10.3946   7666.10   0.0     61.77   1.0  10.10.2025  06:17:22
 13   1   7   3  $12    0.100     1.4158    222.39   0.1   1507.06   0.2  10.10.2025  06:17:26
 13   1   8   4  $12    0.100     1.2032    270.61   0.1    277.56   0.3  10.10.2025  06:17:30
 14   2  13   1  $12    0.010    12.5382   4299.81   0.0     61.35   0.1  10.10.2025  06:17:35
 14   2  15   3  $12    0.010     4.5653   1565.62   0.2     89.15   1.6  10.10.2025  06:17:37
 14   2  16   4  $12    0.010     4.7398   3594.26   0.0   -433.80   0.2  10.10.2025  06:17:39
 14   2   9  13  $12    0.100    -1.0806     79.70   0.6   9417.76   0.5  10.10.2025  06:17:44
 14   2  11  15  $12    0.100   -18.6913   1675.68   0.0     21.73   0.6  10.10.2025  06:17:46
 14   2  12  16  $12    0.010    -3.9162  86121.31   0.0   -537.97   0.9  10.10.2025  06:17:51
 14   2   9   5  $12    0.100    12.3960   2787.98   0.0   -322.49   0.2  10.10.2025  06:17:54
 14   2  10   6  $12    0.100     5.2034   1307.76   0.1      4.34  59.5  10.10.2025  06:17:56
 14   2  11   7  $12    0.100     4.5946   1033.38   0.0     -2.27  14.3  10.10.2025  06:17:58
 14   2  12   8  $12    0.100     4.3436    682.29   0.0    -10.46   0.4  10.10.2025  06:18:00
 14   2   5   1  $12    0.010    11.9192  10685.60   0.0    -16.15   1.7  10.10.2025  06:18:05
 14   2   7   3  $12    0.010     2.0546   1515.25   0.1    185.42   0.2  10.10.2025  06:18:07
 14   2   8   4  $12    0.100     5.4972    863.51   0.0     35.46   0.0  10.10.2025  06:18:11
 15   3  13   1  $12    0.100    14.8656   1127.28   0.0    149.84   0.5  10.10.2025  06:18:13
 15   3  14   2  $12    0.010     4.5859   1572.68   0.0     79.07   4.5  10.10.2025  06:18:18
 15   3  16   4  $12    0.010     4.6257   1586.31   0.5    -85.28   3.9  10.10.2025  06:18:20
 15   3   9  13  $12    0.100    -2.7880    437.94   0.0   1476.13   0.0  10.10.2025  06:18:24
 15   3  10  14  $12    0.100   -19.3724   1428.73   0.0      8.38   0.8  10.10.2025  06:18:26
 15   3  12  16  $12    0.010    -2.2805   2044.49   0.1   -202.93   2.1  10.10.2025  06:18:31
 15   3   9   5  $12    0.100     6.2164    976.47   0.0   -202.79   0.3  10.10.2025  06:18:34
 15   3  10   6  $12    0.100     4.7767   1074.32   0.1     10.35  21.8  10.10.2025  06:18:36
 15   3  11   7  $12    0.100     4.6099   1158.60   0.0      2.00  18.8  10.10.2025  06:18:39
 15   3  12   8  $12    0.100     4.8175   1083.51   0.0     -2.34   4.6  10.10.2025  06:18:41
 15   3   5   1  $12    0.100     5.8558  12877.49   0.1   -118.56   1.4  10.10.2025  06:18:43
 15   3   6   2  $12    0.100    19.7332   1769.09   0.2    222.17   1.0  10.10.2025  06:18:45
 15   3   8   4  $12    0.100    17.4523   1287.12   0.0     14.03   3.7  10.10.2025  06:18:47
 16   4  13   1  $12    0.100    19.6350   2523.48   0.0   -306.70   0.1  10.10.2025  06:18:49
 16   4  14   2  $12    0.010     4.7564   3606.84   0.3   -445.58   0.2  10.10.2025  06:18:53
 16   4  15   3  $12    0.010     4.7425   1626.38   0.3   -138.89   1.4  10.10.2025  06:18:55
 16   4   9  13  $12    0.010    -3.5972   8090.39   0.0   -571.94   0.0  10.10.2025  06:18:57
 16   4  10  14  $12    0.100    -6.3779   1001.84   0.0    -29.90   0.1  10.10.2025  06:19:01
 16   4  11  15  $12    0.100   -16.0427   1183.16   0.0    -41.93   0.9  10.10.2025  06:19:03
 16   4   9   5  $12    0.100    -4.5493    335.51   0.4  -1100.89   0.8  10.10.2025  06:19:05
 16   4  10   6  $12    0.100     5.4024    848.61   0.1     -2.91  82.3  10.10.2025  06:19:07
 16   4  11   7  $12    0.100     5.5853   1256.19   0.0     -4.70  11.5  10.10.2025  06:19:09
 16   4  12   8  $12    0.100     6.3587   1598.11   0.0     -2.75  10.5  10.10.2025  06:19:11
 16   4   5   1  $12    0.100    -2.1904    214.23   0.9   -769.02   0.1  10.10.2025  06:19:27
 16   4   6   2  $12    0.100    20.1980  44417.81   0.1   -490.84   0.1  10.10.2025  06:19:29
 16   4   7   3  $12    0.100    22.8007   2044.09   0.0   -137.99   0.1  10.10.2025  06:19:31
  1   4   2   3  $12    0.010    11.7756   7398.85   0.0     41.64   0.3  10.10.2025  06:19:36
  2   3   1   4  $12    0.010    11.7057   7354.93   0.0     46.11   1.1  10.10.2025  06:19:38
  1   2   3   4  $12    0.100   -15.4834   2918.55   0.0    123.63   0.3  10.10.2025  06:19:41
  3   4   1   2  $12    0.100   -14.2622   2688.36   0.4    136.44   2.7  10.10.2025  06:19:43
  5   8   6   7  $12    0.100    15.5069    974.33   0.3     -0.60 319.0  10.10.2025  06:19:45
  6   7   5   8  $12    0.100    15.4846    972.93   0.2      5.40  76.6  10.10.2025  06:19:47
  5   6   7   8  $12    0.100    -4.4031    829.97   0.9    -33.68  16.1  10.10.2025  06:19:49
  7   8   5   6  $12    0.100    -4.4197    833.10   0.9      8.90 195.9  10.10.2025  06:19:51
  9  12  10  11  $12    0.010     2.4621   1546.97   0.0     -0.45 156.1  10.10.2025  06:19:56
 10  11   9  12  $12    0.010     2.4276   1525.30   0.8      8.97 130.2  10.10.2025  06:19:58
  9  10  11  12  $12    0.100    -5.3131   1001.49   0.0     -6.72   6.8  10.10.2025  06:20:03
 11  12   9  10  $12    0.100    -5.2816    995.56   0.6     -2.58 155.8  10.10.2025  06:20:05
 13  16  14  15  $12    0.100    16.9666   1066.04   0.0    -14.96   6.9  10.10.2025  06:20:07
 14  15  13  16  $12    0.100    15.1549    952.21   0.2     -1.72 130.5  10.10.2025  06:20:09
 13  14  15  16  $12    0.100    -8.2550   1556.03   0.3     -4.85  12.4  10.10.2025  06:20:11
  1   9  10   2  $12    0.010   -14.3627   5168.48   0.0    -18.00   6.2  10.10.2025  06:20:15
  1   9  11   3  $12    0.010    -2.2245   1905.99   0.4    -34.43  10.3  10.10.2025  06:20:17
  1   9  12   4  $12    0.100   -15.0271   2512.73   0.0    -10.30   0.6  10.10.2025  06:20:21
  2  10   9   1  $12    0.010   -14.4707   5207.34   0.0    -19.26   1.6  10.10.2025  06:20:26
  2  10  11   3  $12    0.010    -4.8433   1742.88   0.6     92.87   9.0  10.10.2025  06:20:28
  2  10  12   4  $12    0.010    -2.4057   2061.23   0.1     42.49   3.5  10.10.2025  06:20:30
  3  11   9   1  $12    0.010    -2.2158   1898.46   0.3    -40.96  11.5  10.10.2025  06:20:32
  3  11  10   2  $12    0.010    -5.0114   1803.38   0.2     82.30   5.2  10.10.2025  06:20:34
  3  11  12   4  $12    0.010    -5.3726   1933.36   0.1      3.33   9.8  10.10.2025  06:20:36
 12   4   9   1  $12    0.100    15.2555   2550.92   0.0     -6.15   4.2  10.10.2025  06:20:40
 12   4  10   2  $12    0.010     2.4592   2107.05   0.0     36.15   4.1  10.10.2025  06:20:45
 12   4  11   3  $12    0.010     5.3951   1941.44   0.1      5.97  56.5  10.10.2025  06:20:47
 13   5  14   6  $12    0.010     4.2058   1513.50   0.0      6.16   7.2  10.10.2025  06:20:49
 13   5  15   7  $12    0.010     2.6837   2299.42   0.0     -0.67  46.5  10.10.2025  06:20:51
 13   5  16   8  $12    0.010     3.1994   5349.80   0.5   -312.36   0.4  10.10.2025  06:20:53
 14   6  13   5  $12    0.010     4.2907   1544.02   0.1     -1.44 561.1  10.10.2025  06:20:55
 14   6  15   7  $12    0.010     4.5274   1629.21   0.6      2.52 195.6  10.10.2025  06:20:57
 14   6  16   8  $12    0.010     2.2233   1904.96   0.6     -5.70  46.6  10.10.2025  06:20:59
 15   7  13   5  $12    0.010     2.7494   2355.64   0.3      2.86  74.7  10.10.2025  06:21:01
 15   7  14   6  $12    0.010     4.5486   1636.84   0.4      1.58 379.2  10.10.2025  06:21:03
 15   7  16   8  $12    0.010     3.8028   1368.46   0.2     14.53  19.2  10.10.2025  06:21:05
 16   8  13   5  $12    0.010     3.4569   5780.44   0.6   -287.19   3.4  10.10.2025  06:21:07
 16   8  14   6  $12    0.010     2.2698   1944.79   0.9    -30.55   9.1  10.10.2025  06:21:09
 16   8  15   7  $12    0.010     3.8735   1393.90   0.0     -6.68   3.9  10.10.2025  06:21:11
  1   2   5   6  $12    0.100     7.4564  14054.99   0.0   -668.34   0.2  10.10.2025  06:21:15
  2   3   6   7  $12    0.100     0.3880    731.32   0.3    212.27   8.9  10.10.2025  06:21:21
  3   4   7   8  $12    1.000     1.5778    297.41   0.5   -139.47   0.7  10.10.2025  06:21:28
  1   2   9  10  $12    0.100    10.3404 163725.60   0.0   -668.26   0.1  10.10.2025  06:21:33
  2   3  10  11  $12    0.100     0.0842   1332.81   0.4     20.99  14.7  10.10.2025  06:21:47
  3   4  11  12  $12    0.100     0.0469    742.64   0.9     16.13  17.3  10.10.2025  06:22:04
  1   2  13  14  $12    0.100     0.2573  13873.01   0.4   -150.00   1.2  10.10.2025  06:22:10
  2   3  14  15  $12    0.100     0.5151  27768.05   0.5    -11.05  38.6  10.10.2025  06:22:15
  3   4  15  16  $12    0.100    11.6136 626086.96   0.0   -665.04   0.2  10.10.2025  06:22:17
  5   6   9  10  $12    0.100   -12.2334  23059.41   0.4   -679.84   0.1  10.10.2025  06:22:19
  6   7  10  11  $12   10.000    16.1954    305.28   0.0      4.41   1.8  10.10.2025  06:22:24
  7   8  11  12  $12   10.000    17.0957    322.25   0.0      2.62   4.7  10.10.2025  06:22:26
  5   6  13  14  $12    1.000    -0.6644   1052.01   3.9   -247.78   7.8  10.10.2025  06:22:36
  6   7  14  15  $12   10.000     4.0004    633.41   0.0      3.49   2.2  10.10.2025  06:22:40
  7   8  15  16  $12   10.000    13.4587   2131.01   0.0    -46.92   1.6  10.10.2025  06:22:42
  9  10  13  14  $12    1.000     0.2931     55.24  13.6    840.38 118.6  10.10.2025  06:22:52
 10  11  14  15  $12   10.000    17.3527    327.09   0.0     -0.32   5.8  10.10.2025  06:22:55
 11  12  15  16  $12    1.000     5.5057   1037.80   0.1    116.83   1.3  10.10.2025  06:23:00
  1   2   6   7  $12    0.100     0.2682   1011.22   0.1   -234.87   0.8  10.10.2025  06:23:06
  2   3   7   8  $12    0.100     0.3960   1492.74   0.9    115.29  12.7  10.10.2025  06:23:11
  1   2   7   8  $12    0.100     0.2485   1639.33   0.1   -300.09   1.0  10.10.2025  06:23:16
  2   3   7   8  $12    0.100     0.3785   1426.77   0.1    141.71   2.2  10.10.2025  06:23:21
  1   2  10  11  $12    0.100     0.1202   2719.85   0.4   -228.63   1.8  10.10.2025  06:23:35
  2   3  11  12  $12    0.100     0.0570   1288.23   2.1    185.18   2.4  10.10.2025  06:23:49
  1   2  11  12  $12    0.100     0.1004   3122.20   0.1   -373.18   1.6  10.10.2025  06:24:02
  2   3  11  12  $12    0.100     0.0304    686.90   1.9    467.93   5.3  10.10.2025  06:24:16
  1   2  14  15  $12    0.100     0.0377   2584.71   3.8  -1617.82   2.5  10.10.2025  06:24:29
  2   3  15  16  $12    0.100    21.7425 1491803.05   0.0   -621.13   0.0  10.10.2025  06:24:31
  1   2  15  16  $12    0.100   -17.7258 1520265.61   0.1   -700.28   0.0  10.10.2025  06:24:33
  2   3  15  16  $12    0.100    21.7335 1491184.73   0.0   -621.96   0.1  10.10.2025  06:24:35
  5   6  10  11  $12    1.000     3.0182   1137.83   0.6   -251.27   1.4  10.10.2025  06:24:39
  6   7  11  12  $12   10.000    14.4551    544.94   0.0      4.75   1.0  10.10.2025  06:24:43
  5   6  11  12  $12    1.000     0.0115      7.56  33.9 -31880.60  38.3  10.10.2025  06:24:48
  6   7  11  12  $12   10.000    14.4284    543.94   0.0      4.59   1.8  10.10.2025  06:24:52
  5   6  14  15  $12    1.000   -11.9379  27002.93   0.7   -296.38   0.3  10.10.2025  06:24:57
  6   7  15  16  $12   10.000    16.8211   3804.84   0.1   -193.23   0.2  10.10.2025  06:25:01
  5   6  15  16  $12    0.100    15.2258 473550.52   0.4   -629.86   0.3  10.10.2025  06:25:09
  6   7  15  16  $12   10.000    16.7316   3784.59   0.0   -191.90   0.5  10.10.2025  06:25:15
  9  10  14  15  $12    1.000    -1.3753    518.47   0.7  -1476.65   1.6  10.10.2025  06:25:20
 10  11  15  16  $12    1.000     5.6597   2133.66   0.0     55.44   1.8  10.10.2025  06:25:22
  9  10  15  16  $12    0.100     9.3257  61524.87   0.8   -606.87   0.4  10.10.2025  06:25:27
 10  11  15  16  $12    1.000     5.7143   2154.23   0.0     72.11   4.5  10.10.2025  06:25:31
