//C:\Users\user\Desktop\GeoTom\GeoTomE724.ini
//- Cable direction:
//  cable I: normal
//  cable II: normal
//  cable III: normal
//  cable IV: normal
//- Cable arrangement: sequential
//- Optimization: Last measurement
//- Sorting: Multi-level
//- Current levels: 0.001 mA .. 50.0 mA
Type:         Flow
Name:         Hyprop
Comment:      Example of a measurements sequence
Comment:      
Comment:      
Spacing:      1.00000
First El:     0.00000
Nr of points: 289
IP present:   1

  1   5   2   6  $12    0.010    17.4472   7474.36   0.0     76.47   1.0  10.10.2025  18:10:05
  1   5   3   7  $12    0.100    12.9306   2437.37   0.2    511.69   0.5  10.10.2025  18:10:09
  1   5   4   8  $12    0.100     9.2924   1226.10   0.0     66.76   1.2  10.10.2025  18:10:11
  1   5  14   2  $12    0.010   -15.5238  13917.12   0.0     68.78   2.6  10.10.2025  18:10:16
  1   5  15   3  $12    0.100     0.4306    946.87   1.3 -13853.24   1.4  10.10.2025  18:10:25
  1   5  16   4  $12    0.100   -19.8522   1941.63   0.0   -693.24   0.2  10.10.2025  18:10:27
  1   5  13   9  $12    0.010     3.9031  29428.62   0.3   -400.14   0.2  10.10.2025  18:10:31
  1   5  14  10  $12    0.100     7.2425   8319.05   0.0    -10.03   0.3  10.10.2025  18:10:35
  1   5  15  11  $12    0.100     6.6954  11043.01   0.0     -3.83  13.6  10.10.2025  18:10:37
  1   5  16  12  $12    0.100   -15.3415  34792.08   0.2   -948.13   0.1  10.10.2025  18:10:39
  1   5  10   6  $12    0.100    13.8661   1225.17   0.0    -13.52   0.1  10.10.2025  18:10:41
  1   5  11   7  $12    0.100     7.0315   1656.76   0.0    -12.88   0.2  10.10.2025  18:10:43
  1   5  12   8  $12    0.100     3.9828   1806.47   0.0     -8.16   5.1  10.10.2025  18:10:45
  2   6   1   5  $12    0.010    17.8553   7649.19   0.0     68.48   0.7  10.10.2025  18:10:50
  2   6   3   7  $12    0.010     2.3504   1006.90   0.6   1469.76   0.1  10.10.2025  18:10:52
  2   6   4   8  $12    0.100    22.5200   4244.93   0.0    -44.16   0.1  10.10.2025  18:10:56
  2   6  13   1  $12    0.010   -12.7971   9437.95   0.1    265.87   0.7  10.10.2025  18:11:01
  2   6  15   3  $12    0.010    -0.5242    469.95   0.9   6624.19   1.1  10.10.2025  18:11:07
  2   6  16   4  $12    0.010   -13.1397 288957.64   0.1   -640.79   0.2  10.10.2025  18:11:09
  2   6  13   9  $12    0.010    16.3615  74210.38   0.3   -595.49   0.4  10.10.2025  18:11:11
  2   6  14  10  $12    0.100     8.5024   6410.67   0.0    -67.76   1.3  10.10.2025  18:11:15
  2   6  15  11  $12    0.100    16.3078  18731.91   0.0   -196.62   0.6  10.10.2025  18:11:17
  2   6  16  12  $12    0.010   -12.3326 203405.98   0.0   -697.17   0.3  10.10.2025  18:11:22
  2   6   9   5  $12    0.010   -10.6825  14095.29   0.3   -689.03   0.5  10.10.2025  18:11:24
  2   6  11   7  $12    0.100    14.5644   1286.87   0.0    -55.46   0.2  10.10.2025  18:11:28
  2   6  12   8  $12    0.100     6.9550   1638.74   0.0    -98.36   0.1  10.10.2025  18:11:30
  3   7   1   5  $12    0.100    11.6999   2205.37   0.0    430.15   0.4  10.10.2025  18:11:32
  3   7   2   6  $12    0.010     2.2547    965.92   0.2   1447.43   0.0  10.10.2025  18:11:37
  3   7   4   8  $12    0.010     3.9803   1705.14   0.9     31.38  51.5  10.10.2025  18:11:39
  3   7  13   1  $12    0.100    12.0779   1897.19   0.1   -950.54   0.2  10.10.2025  18:11:42
  3   7  14   2  $12    0.010    -0.1188     87.59  24.2  31759.08  28.3  10.10.2025  18:11:47
  3   7  16   4  $12    0.010    -8.2433   7390.16   0.3   -481.06   1.0  10.10.2025  18:11:49
  3   7  13   9  $12    0.010     8.0747  19025.52   0.2   -582.78   0.2  10.10.2025  18:11:51
  3   7  14  10  $12    0.100     6.8458   3105.03   0.0     -8.46   1.3  10.10.2025  18:11:55
  3   7  15  11  $12    0.100     8.5982   6482.90   0.0    -85.68   0.4  10.10.2025  18:11:57
  3   7  16  12  $12    0.010    -5.5207  63413.37   0.0   -727.09   0.3  10.10.2025  18:12:02
  3   7   9   5  $12    0.010    -4.9460   9323.06   0.4   -724.70   0.1  10.10.2025  18:12:04
  3   7  10   6  $12    0.100    14.6164   1928.59   0.0    -11.77   1.2  10.10.2025  18:12:08
  3   7  12   8  $12    0.100    14.1110   1246.81   0.0     -0.61  28.7  10.10.2025  18:12:10
  4   8   1   5  $12    0.100    10.1885   1344.35   0.2     31.66   5.2  10.10.2025  18:12:12
  4   8   2   6  $12    0.100    14.8142   2792.42   0.1     55.61   5.1  10.10.2025  18:12:14
  4   8   3   7  $12    0.010     3.9474   1691.08   0.0     28.20   2.4  10.10.2025  18:12:18
  4   8  13   1  $12    1.000    -8.3523    187.85   0.2   1033.42   0.2  10.10.2025  18:12:24
  4   8  14   2  $12    0.100    -3.4855    547.49   0.1    498.67   1.3  10.10.2025  18:12:29
  4   8  15   3  $12    0.100   -18.5306   1366.65   0.0     41.97   1.2  10.10.2025  18:12:31
  4   8  13   9  $12    0.100     9.5521    844.00   0.1   -239.74   0.8  10.10.2025  18:12:33
  4   8  14  10  $12    0.100     5.6066   1321.02   0.0     -0.29 250.4  10.10.2025  18:12:35
  4   8  15  11  $12    0.100     6.3251   2868.87   0.0      3.47   8.5  10.10.2025  18:12:37
  4   8  16  12  $12    0.100     3.1685   2389.00   0.1    502.48   0.6  10.10.2025  18:12:39
  4   8   9   5  $12    1.000     2.6892     11.52   3.4   6757.87   3.9  10.10.2025  18:12:48
  4   8  10   6  $12    0.100     6.4555   1216.83   0.0     -3.13   7.6  10.10.2025  18:12:52
  4   8  11   7  $12    0.100    13.8874   1832.39   0.0     -0.04  75.2  10.10.2025  18:12:54
  5   9   6  10  $12    0.010     4.3156   1848.79   0.0    -18.83   0.7  10.10.2025  18:12:59
  5   9   7  11  $12    0.100    17.9065   3375.30   0.0      3.00  14.9  10.10.2025  18:13:03
  5   9   8  12  $12    0.100    13.3434   1760.61   0.0    -19.96   2.8  10.10.2025  18:13:05
  5   9   2   6  $12    0.010    15.3648  20273.42   0.1   -744.65   0.2  10.10.2025  18:13:10
  5   9   3   7  $12    0.010     7.8729  14840.03   0.1   -755.11   0.0  10.10.2025  18:13:12
  5   9   4   8  $12    0.100    -7.2699    311.44   0.7   -166.69   6.3  10.10.2025  18:13:16
  5   9   1  13  $12    0.010    10.4484  26259.71   0.3   -609.96   0.1  10.10.2025  18:13:21
  5   9   2  14  $12    0.010    19.3476  43514.62   0.1   -677.79   0.2  10.10.2025  18:13:23
  5   9   3  15  $12    0.010     9.5186  14951.86   0.1   -694.24   0.3  10.10.2025  18:13:25
  5   9   4  16  $12    0.010   -21.9099  16158.69   0.1   -728.67   0.4  10.10.2025  18:13:27
  5   9  14  10  $12    0.010     2.4624   2175.73   0.0      3.04   6.5  10.10.2025  18:13:29
  5   9  15  11  $12    0.100   -12.1818   2870.28   0.1   -545.93   0.0  10.10.2025  18:13:32
  5   9  16  12  $12    0.001     2.2826 103530.46   0.1   -633.78   0.6  10.10.2025  18:13:40
  6  10   5   9  $12    0.010     4.2224   1808.85   0.2    -19.94  16.3  10.10.2025  18:13:45
  6  10   7  11  $12    0.010     3.5705   1529.59   0.1     -2.12 155.1  10.10.2025  18:13:47
  6  10   8  12  $12    0.010     2.1189   3993.98   0.0     -4.31  10.5  10.10.2025  18:13:49
  6  10   1   5  $12    0.100   -13.7256   1212.76   0.0     -2.33  29.7  10.10.2025  18:13:53
  6  10   3   7  $12    0.100   -14.3076   1887.85   0.0     -6.14  18.3  10.10.2025  18:13:55
  6  10   4   8  $12    0.100    -6.4322   1212.44   0.0      1.20 106.6  10.10.2025  18:13:57
  6  10   1  13  $12    0.100     5.0004   1124.63   0.2     40.03   4.2  10.10.2025  18:13:59
  6  10   2  14  $12    0.100     5.1109   1284.51   0.0     61.91   3.2  10.10.2025  18:14:01
  6  10   3  15  $12    0.100     4.7457   1067.36   0.3     32.72   4.1  10.10.2025  18:14:03
  6  10   4  16  $12    0.100     6.2060    974.83   0.1    -62.64   5.3  10.10.2025  18:14:05
  6  10  13   9  $12    0.100    22.3556   2949.75   0.1    -21.42  13.8  10.10.2025  18:14:07
  6  10  15  11  $12    0.100    16.3679   1446.22   0.0     -0.06 2551.0  10.10.2025  18:14:09
  6  10  16  12  $12    0.100     8.2307   1939.32   0.2     50.10   2.7  10.10.2025  18:14:11
  7  11   5   9  $12    0.100    17.4453   3288.36   0.2    -18.07  14.4  10.10.2025  18:14:13
  7  11   6  10  $12    0.010     3.5796   1533.48   0.0     -2.64  13.3  10.10.2025  18:14:18
  7  11   8  12  $12    0.010     4.5170   1935.09   0.0     -0.72   9.9  10.10.2025  18:14:20
  7  11   1   5  $12    0.100    -6.9478   1637.04   0.0      3.17  21.7  10.10.2025  18:14:24
  7  11   2   6  $12    0.100   -13.4228   1186.00   0.3      1.68 108.7  10.10.2025  18:14:26
  7  11   4   8  $12    0.100   -13.9832   1845.04   0.0      2.12   2.5  10.10.2025  18:14:28
  7  11   1  13  $12    0.100     4.2521    667.92   0.2     10.65  27.6  10.10.2025  18:14:30
  7  11   2  14  $12    0.100     4.6392   1043.39   0.6     16.07   3.7  10.10.2025  18:14:32
  7  11   3  15  $12    0.100     4.6241   1162.17   0.0      6.10  42.6  10.10.2025  18:14:34
  7  11   4  16  $12    0.100     5.8150   1307.85   0.4    -16.19  15.3  10.10.2025  18:14:36
  7  11  13   9  $12    0.100     6.2685   1181.59   0.4    -36.62  12.0  10.10.2025  18:14:38
  7  11  14  10  $12    0.100    17.5316   2313.24   0.0      0.24 303.9  10.10.2025  18:14:40
  7  11  16  12  $12    0.010     2.5803   2279.87   0.3      0.08 1583.0  10.10.2025  18:14:45
  8  12   5   9  $12    0.100    11.4434   1509.92   0.3     -1.90 227.8  10.10.2025  18:14:49
  8  12   6  10  $12    0.100    21.0301   3964.09   0.0      0.01 278.5  10.10.2025  18:14:51
  8  12   7  11  $12    0.010     4.5435   1946.43   0.0     -0.83  18.8  10.10.2025  18:14:56
  8  12   1   5  $12    0.100    -3.9578   1795.13   0.0      7.40  10.5  10.10.2025  18:15:00
  8  12   2   6  $12    0.100    -5.9390   1399.35   0.6     19.46  32.8  10.10.2025  18:15:02
  8  12   3   7  $12    0.100   -13.9717   1234.50   0.0      6.16   4.3  10.10.2025  18:15:04
  8  12   1  13  $12    0.100     3.9010    287.70   0.1     -5.97  57.3  10.10.2025  18:15:06
  8  12   2  14  $12    0.100     4.5473    714.29   0.0    -17.66  13.5  10.10.2025  18:15:08
  8  12   3  15  $12    0.100     4.8710   1095.52   0.0     -3.33  48.8  10.10.2025  18:15:10
  8  12  16   4  $12    0.100    -6.2909   1581.07   0.1      7.93  33.1  10.10.2025  18:15:12
  8  12   9  13  $12    0.100    -3.4600    148.23   0.0     21.78  17.4  10.10.2025  18:15:15
  8  12  10  14  $12    0.100   -10.5689   1992.19   0.1      3.20  43.3  10.10.2025  18:15:17
  8  12  11  15  $12    0.010    -2.6157   3451.39   0.0      7.75   2.0  10.10.2025  18:15:22
  9  13  10  14  $12    0.010     4.7712   2043.98   0.0      5.75   2.3  10.10.2025  18:15:24
  9  13  11  15  $12    0.010     2.5635   4832.08   0.0    -16.24   4.6  10.10.2025  18:15:26
  9  13  12  16  $12    0.001     2.7807  36691.03   0.0   -695.96   0.1  10.10.2025  18:15:31
  9  13   6  10  $12    0.010    -2.4826   3275.77   0.0    -28.21   0.8  10.10.2025  18:15:34
  9  13   7  11  $12    0.100    -6.3118   1189.74   0.1     52.96   0.7  10.10.2025  18:15:38
  9  13   8  12  $12    0.100    -2.9945    128.28   0.2    113.84   0.7  10.10.2025  18:15:40
  9  13   5   1  $12    0.100    16.4509  12403.65   0.9    -27.04  20.4  10.10.2025  18:15:42
  9  13   6   2  $12    0.010    22.5957 102486.83   0.1   -682.39   0.0  10.10.2025  18:15:47
  9  13   7   3  $12    0.010    11.5153  27132.22   0.1   -666.07   0.0  10.10.2025  18:15:49
  9  13   8   4  $12    0.100    -2.5246    223.07   0.7   -476.75   0.7  10.10.2025  18:15:53
  9  13   2  14  $12    0.010   -21.8525  16116.43   0.1   -753.50   0.2  10.10.2025  18:15:58
  9  13   3  15  $12    0.010   -10.4127  16356.19   0.1   -790.30   0.3  10.10.2025  18:16:00
  9  13   4  16  $12    0.001     3.1537  70930.71   0.2   -751.01   0.3  10.10.2025  18:16:04
 10  14   9  13  $12    0.010     4.9825   2134.49   0.1    -31.54   3.3  10.10.2025  18:16:13
 10  14  11  15  $12    0.010     4.4278   1896.88   0.4      1.55 295.0  10.10.2025  18:16:15
 10  14  12  16  $12    0.010     2.2165   4178.09   0.5     32.59  26.0  10.10.2025  18:16:17
 10  14   5   9  $12    0.010    -2.5245   2230.62   0.7    -31.49  39.6  10.10.2025  18:16:19
 10  14   7  11  $12    0.100   -17.4052   2296.56   0.0      2.09   1.9  10.10.2025  18:16:22
 10  14   8  12  $12    0.100   -10.5276   1984.41   0.0      3.56   1.5  10.10.2025  18:16:24
 10  14   5   1  $12    0.100     7.2565   8335.15   0.4      1.97  81.4  10.10.2025  18:16:26
 10  14   6   2  $12    0.100     6.3583   4794.08   0.2      4.53 148.0  10.10.2025  18:16:28
 10  14   7   3  $12    0.100     6.3920   2899.19   0.0      4.81  18.2  10.10.2025  18:16:30
 10  14   8   4  $12    0.100     5.5987   1319.17   0.1     -1.50 115.9  10.10.2025  18:16:32
 10  14   1  13  $12    0.100    16.4753   1477.01   0.0     -1.13  76.9  10.10.2025  18:16:35
 10  14   3  15  $12    0.100    19.9546   1471.67   0.0     -0.21 227.0  10.10.2025  18:16:37
 10  14   4  16  $12    0.100     5.9702    937.79   0.3     -0.12 1749.5  10.10.2025  18:16:39
 11  15   9  13  $12    0.010     2.8788   5426.32   0.5   -186.57   0.8  10.10.2025  18:16:44
 11  15  10  14  $12    0.010     4.3643   1869.65   0.2     13.50   5.9  10.10.2025  18:16:46
 11  15  12  16  $12    0.010     4.7747   2045.46   0.1     52.36   6.8  10.10.2025  18:16:48
 11  15   5   9  $12    0.100    -8.8141   2076.78   0.2    -58.56   1.1  10.10.2025  18:16:51
 11  15   6  10  $12    0.100   -16.3696   1446.37   0.0      2.29   6.4  10.10.2025  18:16:53
 11  15   8  12  $12    0.010    -2.5816   3406.35   0.0      9.39   1.8  10.10.2025  18:16:58
 11  15   5   1  $12    0.100     7.0630  11649.22   0.0      1.84  28.2  10.10.2025  18:17:02
 11  15   6   2  $12    0.100     5.7317   6583.70   0.4    -13.32  21.4  10.10.2025  18:17:04
 11  15   7   3  $12    0.100     6.6220   4992.89   0.1    -13.29   5.5  10.10.2025  18:17:06
 11  15   8   4  $12    0.100     6.3486   2879.50   0.1     -1.17 154.0  10.10.2025  18:17:08
 11  15   1  13  $12    0.100     9.2699  20385.51   0.1     14.28  17.7  10.10.2025  18:17:10
 11  15   2  14  $12    0.100    21.1691   1897.82   0.1      6.65   4.2  10.10.2025  18:17:12
 11  15   4  16  $12    0.100    15.6967   1157.65   0.1    -39.01   3.7  10.10.2025  18:17:14
 12  16   9  13  $12    0.001     3.0184  39826.31   0.2   -657.36   0.5  10.10.2025  18:17:22
 12  16  10  14  $12    0.010     2.3418   4414.22   0.0    -18.06   4.4  10.10.2025  18:17:26
 12  16  11  15  $12    0.010     5.0884   2179.86   0.0    -17.40   2.7  10.10.2025  18:17:28
 12  16   5   9  $12    0.010   -21.6052  97994.02   0.0   -665.14   0.0  10.10.2025  18:17:30
 12  16   6  10  $12    0.100    -9.0830   2140.14   0.2    -18.06  10.5  10.10.2025  18:17:34
 12  16   7  11  $12    0.010    -2.4786   2190.06   0.0     18.18   0.5  10.10.2025  18:17:39
 12  16   5   1  $12    0.100   -10.1205  22951.71   0.3   -457.73   0.5  10.10.2025  18:17:43
 12  16   6   2  $12    0.010   -12.9197 213088.80   0.0   -686.58   0.0  10.10.2025  18:17:48
 12  16   7   3  $12    0.010    -5.8909  67664.98   0.0   -718.67   0.3  10.10.2025  18:17:50
 12  16   8   4  $12    0.100    10.0796   7599.82   0.0    -71.80   0.6  10.10.2025  18:17:53
 12  16  13   1  $12    0.010    -7.7857   7614.72   0.1   -566.58   0.2  10.10.2025  18:17:58
 12  16  14   2  $12    0.010   -14.4399 317550.68   0.0   -623.24   0.0  10.10.2025  18:18:00
 12  16  15   3  $12    0.010    -8.4762   7598.96   0.0   -512.13   0.1  10.10.2025  18:18:02
 13   1  14   2  $12    0.010    14.6024   5007.69   0.0    278.34   0.5  10.10.2025  18:18:04
 13   1  15   3  $12    0.100    -3.2704    248.00   0.3  -4130.91   0.5  10.10.2025  18:18:08
 13   1  16   4  $12    0.010     7.6951   9889.72   0.4   -574.04   1.5  10.10.2025  18:18:13
 13   1  10  14  $12    0.100   -15.6950   1407.06   0.0      7.93   2.9  10.10.2025  18:18:17
 13   1  11  15  $12    0.100    -6.8737  15116.10   0.0    114.52   0.7  10.10.2025  18:18:19
 13   1  12  16  $12    0.010    -7.1442   6987.31   0.5   -627.25   0.2  10.10.2025  18:18:24
 13   1   9   5  $12    0.010     9.9543  25017.76   0.0   -630.28   0.1  10.10.2025  18:18:26
 13   1  10   6  $12    0.100     4.9729   1118.45   0.0     13.76   2.6  10.10.2025  18:18:30
 13   1  11   7  $12    0.100     4.1628    653.89   0.0     -4.20  13.3  10.10.2025  18:18:32
 13   1  12   8  $12    0.100     3.8374    283.01   0.0    -14.85   0.4  10.10.2025  18:18:34
 13   1   6   2  $12    0.010    12.4766   9201.61   0.2    298.13   0.7  10.10.2025  18:18:39
 13   1   7   3  $12    0.100    -9.5705   1503.33   0.0  -1158.61   0.1  10.10.2025  18:18:42
 13   1   8   4  $12    0.100     2.2792    512.62   0.0    106.00   2.1  10.10.2025  18:18:44
 14   2  13   1  $12    0.010    14.9914   5141.10   0.0    230.14   0.1  10.10.2025  18:18:49
 14   2  15   3  $12    0.010     2.8422    974.69   0.3   1213.78   1.0  10.10.2025  18:18:51
 14   2  16   4  $12    0.010    14.6779  11130.45   0.1   -606.41   0.1  10.10.2025  18:18:53
 14   2   9  13  $12    0.010    20.7333  15290.97   0.0   -719.50   0.1  10.10.2025  18:18:55
 14   2  11  15  $12    0.010    -2.1375   1916.31   0.0     19.82   0.7  10.10.2025  18:18:57
 14   2  12  16  $12    0.010   -14.0931 309923.80   0.1   -651.02   0.1  10.10.2025  18:18:59
 14   2   9   5  $12    0.010    18.2841  41122.68   0.1   -657.20   0.4  10.10.2025  18:19:01
 14   2  10   6  $12    0.100     4.1658   1046.97   0.1    110.29   0.9  10.10.2025  18:19:05
 14   2  11   7  $12    0.100     3.7379    840.69   0.0     25.28   3.8  10.10.2025  18:19:07
 14   2  12   8  $12    0.100     3.5340    555.12   0.0     46.60   1.6  10.10.2025  18:19:09
 14   2   5   1  $12    0.010    17.7212  15887.10   0.0     18.07   0.7  10.10.2025  18:19:14
 14   2   7   3  $12    0.010     0.1611    118.82  12.6  21750.63  14.3  10.10.2025  18:19:18
 14   2   8   4  $12    0.100     8.2325   1293.15   0.0    -18.32   4.9  10.10.2025  18:19:22
 15   3  13   1  $12    0.100     2.3118    175.31   0.6   5175.56   0.6  10.10.2025  18:19:24
 15   3  14   2  $12    0.010     2.5434    872.23   0.2   1376.83   0.3  10.10.2025  18:19:29
 15   3  16   4  $12    0.010    10.5110   3604.63   0.3   -405.12   1.0  10.10.2025  18:19:31
 15   3   9  13  $12    0.010     9.6817  15208.04   0.0   -773.57   0.1  10.10.2025  18:19:33
 15   3  10  14  $12    0.100   -18.6995   1379.10   0.0      8.68   0.9  10.10.2025  18:19:37
 15   3  12  16  $12    0.010    -8.1671   7321.79   0.1   -534.47   0.6  10.10.2025  18:19:41
 15   3   9   5  $12    0.010     8.8451  13893.77   0.0   -674.36   0.0  10.10.2025  18:19:43
 15   3  10   6  $12    0.100     4.6746   1051.36   0.0     13.82   2.6  10.10.2025  18:19:47
 15   3  11   7  $12    0.100     4.5419   1141.51   0.0     -5.10   7.0  10.10.2025  18:19:50
 15   3  12   8  $12    0.100     4.8036   1080.37   0.0    -13.44   1.5  10.10.2025  18:19:52
 15   3   5   1  $12    0.100     2.6605   5850.72   0.2    900.80   0.1  10.10.2025  18:19:54
 15   3   6   2  $12    0.010     0.1463    131.13  20.8  25463.53  17.5  10.10.2025  18:19:58
 15   3   8   4  $12    0.100    20.4995   1511.85   0.0     30.59   2.0  10.10.2025  18:20:02
 16   4  13   1  $12    0.010     7.9710  10244.27   0.0   -555.93   0.0  10.10.2025  18:20:07
 16   4  14   2  $12    0.010    14.8049  11226.77   0.0   -609.97   0.1  10.10.2025  18:20:09
 16   4  15   3  $12    0.010    10.6238   3643.30   0.0   -409.72   0.2  10.10.2025  18:20:11
 16   4   9  13  $12    0.001    -2.8418  63914.82   0.6   -698.06   0.8  10.10.2025  18:20:16
 16   4  10  14  $12    0.100    -6.5017   1021.28   0.3     33.40  22.8  10.10.2025  18:20:22
 16   4  11  15  $12    0.010    -1.7935   1322.75   0.0    -39.06   0.2  10.10.2025  18:20:26
 16   4   9   5  $12    0.010   -19.4025  14309.51   0.0   -700.55   0.0  10.10.2025  18:20:28
 16   4  10   6  $12    0.100     7.2668   1141.47   0.0    -36.68   3.5  10.10.2025  18:20:32
 16   4  11   7  $12    0.100     6.8285   1535.79   0.1    -44.37   5.2  10.10.2025  18:20:34
 16   4  12   8  $12    0.100     7.4887   1882.11   0.0    -52.07   2.1  10.10.2025  18:20:36
 16   4   5   1  $12    0.100    22.2566   2176.79   0.2   -246.77   1.3  10.10.2025  18:20:38
 16   4   6   2  $12    0.010    13.7155 301619.42   0.0   -642.72   0.1  10.10.2025  18:20:43
 16   4   7   3  $12    0.010     8.3469   7483.00   0.1   -502.22   0.1  10.10.2025  18:20:45
  1   4   2   3  $12    0.010    16.3657  10282.87   0.0    130.74   0.2  10.10.2025  18:20:47
  2   3   1   4  $12    0.010    16.5440  10394.90   0.0    107.59   0.3  10.10.2025  18:20:49
  1   2   3   4  $12    0.100   -19.5386   3682.94   0.1    604.37   0.1  10.10.2025  18:20:53
  3   4   1   2  $12    0.100   -13.4288   2531.27   0.7   1122.97   0.8  10.10.2025  18:20:55
  5   8   6   7  $12    0.100    15.2199    956.30   0.2     -3.64  52.2  10.10.2025  18:20:57
  6   7   5   8  $12    0.100    15.0735    947.10   0.4     13.26   9.3  10.10.2025  18:20:59
  5   6   7   8  $12    0.100    -4.5085    849.84   0.0    -14.76  25.6  10.10.2025  18:21:01
  7   8   5   6  $12    0.100    -4.3406    818.18   0.9      2.84 623.7  10.10.2025  18:21:03
  9  12  10  11  $12    0.010     3.4077   2141.11   0.0      4.95  26.9  10.10.2025  18:21:08
 10  11   9  12  $12    0.010     3.5150   2208.52   0.1      1.12 735.6  10.10.2025  18:21:10
  9  10  11  12  $12    0.100    -4.6786    881.89   0.1     30.03   4.0  10.10.2025  18:21:14
 11  12   9  10  $12    0.100    -4.2331    797.92   0.2     53.55   4.8  10.10.2025  18:21:17
 13  16  14  15  $12    0.010     2.1008   1319.96   0.0    -51.95   2.0  10.10.2025  18:21:22
 14  15  13  16  $12    0.100    18.1338   1139.38   0.2    -31.29   1.5  10.10.2025  18:21:25
 13  14  15  16  $12    0.100    -7.4337   1401.22   0.4     -7.71  39.5  10.10.2025  18:21:27
  1   9  10   2  $12    0.001    -4.0396  14536.82   0.4   -361.35   1.0  10.10.2025  18:21:35
  1   9  11   3  $12    0.010   -11.0892   9501.25   0.1   -556.38   0.0  10.10.2025  18:21:39
  1   9  12   4  $12    0.010    -2.2226   3716.46   0.3   -182.92   0.9  10.10.2025  18:21:41
  2  10   9   1  $12    0.001    -3.9325  14151.18   0.2   -290.08   0.8  10.10.2025  18:21:46
  2  10  11   3  $12    0.010    -2.9560   1063.74   0.1   1171.35   0.3  10.10.2025  18:21:50
  2  10  12   4  $12    0.010    -2.1966   1882.05   0.4    104.72   3.7  10.10.2025  18:21:52
  3  11   9   1  $12    0.010   -10.8666   9310.50   0.5   -525.95   0.8  10.10.2025  18:21:54
  3  11  10   2  $12    0.010    -2.8910   1040.35   0.3   1171.38   0.4  10.10.2025  18:21:56
  3  11  12   4  $12    0.010    -5.6291   2025.65   0.1     25.60   4.1  10.10.2025  18:21:58
 12   4   9   1  $12    0.010     2.3188   3877.28   0.5   -286.29   0.8  10.10.2025  18:22:00
 12   4  10   2  $12    0.010     2.2568   1933.60   0.2     85.21   2.9  10.10.2025  18:22:03
 12   4  11   3  $12    0.010     5.7114   2055.26   0.3     19.00  15.4  10.10.2025  18:22:05
 13   5  14   6  $12    0.010     4.2379   1525.05   0.0      1.54  46.1  10.10.2025  18:22:07
 13   5  15   7  $12    0.010     2.7564   2361.64   0.0     -6.25  21.9  10.10.2025  18:22:09
 13   5  16   8  $12    0.010     7.6434  12780.78   0.5   -605.47   0.1  10.10.2025  18:22:11
 14   6  13   5  $12    0.010     4.2145   1516.61   0.8      3.02 448.1  10.10.2025  18:22:13
 14   6  15   7  $12    0.010     4.5989   1654.94   0.0      2.65  73.6  10.10.2025  18:22:15
 14   6  16   8  $12    0.010     2.5642   2197.03   0.3    -46.21   9.7  10.10.2025  18:22:17
 15   7  13   5  $12    0.010     2.8956   2480.94   0.3    -36.58  43.1  10.10.2025  18:22:19
 15   7  14   6  $12    0.010     4.5444   1635.32   0.2      2.05 105.4  10.10.2025  18:22:21
 15   7  16   8  $12    0.010     4.2180   1517.85   0.5     66.09   5.3  10.10.2025  18:22:23
 16   8  13   5  $12    0.010     7.9600  13310.28   0.5   -496.86   0.5  10.10.2025  18:22:25
 16   8  14   6  $12    0.010     2.5170   2156.60   0.2    -23.56  22.9  10.10.2025  18:22:27
 16   8  15   7  $12    0.010     4.5331   1631.25   0.3    -25.47   8.1  10.10.2025  18:22:29
  1   2   5   6  $12    0.010     2.3597  44479.99   0.4   -696.66   0.4  10.10.2025  18:22:31
  2   3   6   7  $12    0.100     0.5588   1053.32   0.7    -33.04  19.0  10.10.2025  18:22:38
  3   4   7   8  $12    0.100    -0.1419    267.46   0.3   -481.97   0.8  10.10.2025  18:22:52
  1   2   9  10  $12    0.010    11.5383 1826934.00   0.1   -698.02   0.2  10.10.2025  18:22:56
  2   3  10  11  $12    0.100     0.2750   4354.33   0.2   -244.09   1.1  10.10.2025  18:23:12
  3   4  11  12  $12    0.100    -0.1949   3085.39   0.7   -182.11   1.3  10.10.2025  18:23:25
  1   2  13  14  $12    0.100     0.3161  17038.75   0.6   -150.96   5.6  10.10.2025  18:23:31
  2   3  14  15  $12    0.100    -1.1419  61558.02   0.8   -606.94   1.3  10.10.2025  18:23:36
  3   4  15  16  $12    0.010     7.4029 3990877.20   0.0   -679.70   0.2  10.10.2025  18:23:41
  5   6   9  10  $12    0.010   -10.4661 197280.88   0.2   -740.88   0.5  10.10.2025  18:23:43
  6   7  10  11  $12   10.000    18.1222    341.60   0.0      5.57   0.6  10.10.2025  18:23:50
  7   8  11  12  $12   10.000    16.5175    311.35   0.0      1.83  10.7  10.10.2025  18:23:52
  5   6  13  14  $12    1.000     0.7631   1208.34   0.8    -53.23  77.4  10.10.2025  18:23:57
  6   7  14  15  $12   10.000     4.2106    666.69   0.0     -2.46  17.5  10.10.2025  18:24:01
  7   8  15  16  $12   10.000    13.3713   2117.17   0.1   -169.95   1.2  10.10.2025  18:24:03
  9  10  13  14  $12    0.100     0.7083   1335.04   2.2   -637.16   3.0  10.10.2025  18:24:16
 10  11  14  15  $12    1.000     2.0177    380.32   0.0      8.82   5.2  10.10.2025  18:24:20
 11  12  15  16  $12    1.000     4.5575    859.06   0.2    236.61   1.5  10.10.2025  18:24:22
  1   2   6   7  $12    0.100     0.3818   1439.33   0.2   -331.81   0.5  10.10.2025  18:24:27
  2   3   7   8  $12    0.100     0.0626    236.16   0.8   1670.71   0.7  10.10.2025  18:24:41
  1   2   7   8  $12    0.100     0.6508   4293.31   0.2   -246.37   0.2  10.10.2025  18:24:46
  2   3   7   8  $12    0.100    -0.0803    302.68   0.2  -1662.84   0.1  10.10.2025  18:25:00
  1   2  10  11  $12    0.100    -0.2128   4814.44   0.7   -372.30   1.4  10.10.2025  18:25:05
  2   3  11  12  $12    0.100    -0.2889   6535.23   0.9   -138.83   3.9  10.10.2025  18:25:10
  1   2  11  12  $12    0.100     0.5348  16632.41   0.0   -166.46   1.4  10.10.2025  18:25:15
  2   3  11  12  $12    0.100    -0.3541   8010.24   0.1   -150.95   0.7  10.10.2025  18:25:20
  1   2  14  15  $12    0.100     4.6317 317790.01   0.2   -377.98   0.0  10.10.2025  18:25:22
  2   3  15  16  $12    0.010     9.1915 6306507.45   0.0   -690.14   0.0  10.10.2025  18:25:27
  1   2  15  16  $12    0.010    -9.4089 8069600.16   0.0   -705.76   0.0  10.10.2025  18:25:29
  2   3  15  16  $12    0.010     9.0267 6193427.25   0.3   -700.06   0.2  10.10.2025  18:25:31
  5   6  10  11  $12    1.000     4.1215   1553.77   0.9   -248.44   1.1  10.10.2025  18:25:37
  6   7  11  12  $12   10.000    14.1945    535.12   0.0      2.08   3.9  10.10.2025  18:25:41
  5   6  11  12  $12    1.000     0.0762     50.25  34.0  -2068.95  37.0  10.10.2025  18:25:46
  6   7  11  12  $12   10.000    14.1849    534.76   0.0      2.26   1.2  10.10.2025  18:25:50
  5   6  14  15  $12    1.000   -17.8952  40477.97   0.9   -408.75   1.7  10.10.2025  18:25:55
  6   7  15  16  $12    1.000     4.0640   9192.63   0.4   -495.59   0.1  10.10.2025  18:25:57
  5   6  15  16  $12    0.010     7.0871 2204219.90   0.4   -692.03   0.2  10.10.2025  18:26:05
  6   7  15  16  $12    1.000     4.3454   9829.09   0.0   -498.83   0.3  10.10.2025  18:26:10
  9  10  14  15  $12    0.100   -14.3443  54076.90   0.0   -240.45   0.1  10.10.2025  18:26:16
 10  11  15  16  $12    1.000     6.9262   2611.13   0.4    120.22   2.2  10.10.2025  18:26:20
  9  10  15  16  $12    0.001     3.5199 2322216.24   0.1   -779.92   1.0  10.10.2025  18:26:31
 10  11  15  16  $12    1.000     6.8520   2583.15   0.3    156.00   4.1  10.10.2025  18:26:38
