//C:\Users\user\Desktop\GeoTom\GeoTomE724.ini
//- Cable direction:
//  cable I: normal
//  cable II: normal
//  cable III: normal
//  cable IV: normal
//- Cable arrangement: sequential
//- Optimization: Last measurement
//- Sorting: Multi-level
//- Current levels: 0.001 mA .. 50.0 mA
Type:         Flow
Name:         Hyprop
Comment:      Example of a measurements sequence
Comment:      
Comment:      
Spacing:      1.00000
First El:     0.00000
Nr of points: 289
IP present:   1

  1   5   2   6  $12    0.010    13.9702   5984.81   0.0    534.49   0.1  11.10.2025  01:10:05
  1   5   3   7  $12    0.100     3.9371    742.13   0.2   2949.32   0.0  11.10.2025  01:10:09
  1   5   4   8  $12    0.100    10.9240   1441.38   0.0     64.22   2.5  11.10.2025  01:10:11
  1   5  14   2  $12    0.010   -11.9321  10697.17   0.0    591.13   0.1  11.10.2025  01:10:16
  1   5  15   3  $12    0.100    18.2989  40241.47   0.0   -770.44   0.1  11.10.2025  01:10:20
  1   5  16   4  $12    0.010    -8.4173   8232.47   0.1   -680.81   0.3  11.10.2025  01:10:25
  1   5  13   9  $12    0.001     3.3038 249100.72   0.4   -746.44   0.8  11.10.2025  01:10:30
  1   5  14  10  $12    0.100     7.6675   8807.18   0.0      5.31   0.0  11.10.2025  01:10:35
  1   5  15  11  $12    0.100     9.7582  16094.61   0.0   -104.74   0.3  11.10.2025  01:10:37
  1   5  16  12  $12    0.010    -7.8049 177001.39   0.2   -729.64   0.5  11.10.2025  01:10:42
  1   5  10   6  $12    0.100    15.1546   1339.02   0.0    -12.95   0.1  11.10.2025  01:10:46
  1   5  11   7  $12    0.100     7.8058   1839.19   0.0    -10.35   1.0  11.10.2025  01:10:48
  1   5  12   8  $12    0.100     4.6292   2099.64   0.0    -16.58   0.6  11.10.2025  01:10:50
  2   6   1   5  $12    0.010    16.4263   7037.02   0.0    324.02   0.5  11.10.2025  01:10:54
  2   6   3   7  $12    0.010     0.6206    265.87   0.7   6981.61   0.7  11.10.2025  01:10:57
  2   6   4   8  $12    0.010     1.1948   2252.11   0.2    329.10   3.3  11.10.2025  01:11:01
  2   6  13   1  $12    0.010   -12.9290   9535.24   0.1    466.89   0.3  11.10.2025  01:11:03
  2   6  15   3  $12    0.010     1.2161   1090.22   0.3  -3557.73   0.5  11.10.2025  01:11:05
  2   6  16   4  $12    0.010   -21.1821 465818.29   0.0   -659.28   0.1  11.10.2025  01:11:07
  2   6  13   9  $12    0.001     8.3868 380399.06   0.2   -720.69   0.6  11.10.2025  01:11:12
  2   6  14  10  $12    0.100     7.8337   5906.43   0.0    -55.50   0.5  11.10.2025  01:11:17
  2   6  15  11  $12    0.010     0.4276   4911.57   0.2    -58.72   5.4  11.10.2025  01:11:22
  2   6  16  12  $12    0.010   -20.8865 344488.86   0.0   -689.25   0.0  11.10.2025  01:11:24
  2   6   9   5  $12    0.001    -8.5114 112305.64   0.2   -756.98   0.4  11.10.2025  01:11:29
  2   6  11   7  $12    0.100    15.5754   1376.20   0.0    -13.46   5.6  11.10.2025  01:11:34
  2   6  12   8  $12    0.100     8.7632   2064.78   0.0    -64.33   0.0  11.10.2025  01:11:36
  3   7   1   5  $12    0.100    -9.1401   1722.87   0.5  -1771.38   0.4  11.10.2025  01:11:39
  3   7   2   6  $12    0.010     0.4567    195.66   0.7   9606.95   0.7  11.10.2025  01:11:44
  3   7   4   8  $12    0.010     4.1656   1784.54   0.9     15.41  64.5  11.10.2025  01:11:46
  3   7  13   1  $12    0.010     2.0184   3170.50   0.4   -883.59   0.8  11.10.2025  01:11:48
  3   7  14   2  $12    0.010     1.6624   1226.05   0.5  -2689.60   0.3  11.10.2025  01:11:50
  3   7  16   4  $12    0.010    -8.5654   7678.91   0.2   -476.90   1.3  11.10.2025  01:11:52
  3   7  13   9  $12    0.001     2.5218  59418.30   0.5   -649.39   1.7  11.10.2025  01:11:57
  3   7  14  10  $12    0.100     6.7529   3062.89   0.0      4.96   2.0  11.10.2025  01:12:03
  3   7  15  11  $12    0.100     8.7311   6583.08   0.1    -89.39   0.7  11.10.2025  01:12:05
  3   7  16  12  $12    0.010    -5.8286  66950.38   0.0   -713.86   0.3  11.10.2025  01:12:10
  3   7   9   5  $12    0.010   -21.8452  41177.25   0.8   -636.63   0.7  11.10.2025  01:12:12
  3   7  10   6  $12    0.100    15.1258   1995.80   0.0    -15.77   0.6  11.10.2025  01:12:15
  3   7  12   8  $12    0.100    14.5102   1282.08   0.0     -5.43   1.0  11.10.2025  01:12:17
  4   8   1   5  $12    0.100     9.2389   1219.05   0.0    109.58   0.5  11.10.2025  01:12:19
  4   8   2   6  $12    0.100    12.8247   2417.39   0.2    208.43   0.5  11.10.2025  01:12:21
  4   8   3   7  $12    0.010     4.0567   1737.90   0.2     19.83   8.1  11.10.2025  01:12:26
  4   8  13   1  $12    1.000    -5.3877    121.17   0.9   1999.59   0.9  11.10.2025  01:12:31
  4   8  14   2  $12    0.100    -1.6676    261.95   0.8   2003.72   0.1  11.10.2025  01:12:36
  4   8  15   3  $12    0.100   -19.1642   1413.37   0.0     47.58   0.8  11.10.2025  01:12:38
  4   8  13   9  $12    0.010     2.8589   2526.00   0.5   -614.40   1.7  11.10.2025  01:12:44
  4   8  14  10  $12    0.100     5.7152   1346.60   0.0      1.18   7.7  11.10.2025  01:12:47
  4   8  15  11  $12    0.100     6.4873   2942.41   0.0      4.53  16.4  11.10.2025  01:12:49
  4   8  16  12  $12    0.100     1.5401   1161.25   0.1   1811.68   0.2  11.10.2025  01:12:51
  4   8   9   5  $12    0.100   -17.7415    760.05   0.0   -797.38   0.2  11.10.2025  01:12:53
  4   8  10   6  $12    0.100     6.6560   1254.62   0.0     -2.72  27.8  11.10.2025  01:12:55
  4   8  11   7  $12    0.100    14.0594   1855.09   0.0      0.16  24.1  11.10.2025  01:12:57
  5   9   6  10  $12    0.010     6.4047   2743.76   0.0    -19.66   0.3  11.10.2025  01:13:02
  5   9   7  11  $12    0.010     2.1123   3981.63   0.0    -84.85   0.3  11.10.2025  01:13:04
  5   9   8  12  $12    0.010     1.5658   2066.05   0.4   -121.91   2.0  11.10.2025  01:13:10
  5   9   2   6  $12    0.001     6.3058  83202.41   0.0   -741.81   0.0  11.10.2025  01:13:15
  5   9   3   7  $12    0.001     2.0013  37722.82   0.0   -742.41   0.1  11.10.2025  01:13:17
  5   9   4   8  $12    0.010     0.8796    376.80   0.2   -954.84   0.3  11.10.2025  01:13:24
  5   9   1  13  $12    0.001     3.2230  81003.33   0.4   -657.78   1.5  11.10.2025  01:13:29
  5   9   2  14  $12    0.001     6.8904 154970.51   0.1   -732.94   0.8  11.10.2025  01:13:30
  5   9   3  15  $12    0.001     2.0996  32981.11   0.4   -740.40   0.4  11.10.2025  01:13:32
  5   9   4  16  $12    0.001    -6.5797  48525.56   0.1   -738.59   0.3  11.10.2025  01:13:34
  5   9  14  10  $12    0.010     4.0434   3572.64   0.0     33.68   1.0  11.10.2025  01:13:38
  5   9  15  11  $12    0.010    -0.7902   1861.97   0.6   -794.24   0.8  11.10.2025  01:13:43
  5   9  16  12  $12    0.001     6.8443 310437.38   0.0   -721.28   0.4  11.10.2025  01:13:48
  6  10   5   9  $12    0.010     6.0116   2575.35   0.1    -63.40   3.7  11.10.2025  01:13:53
  6  10   7  11  $12    0.010     3.6076   1545.48   0.2     -1.14 341.8  11.10.2025  01:13:55
  6  10   8  12  $12    0.010     2.1524   4057.17   0.1     -8.72   4.9  11.10.2025  01:13:57
  6  10   1   5  $12    0.100   -14.6678   1296.01   0.0     -7.59   3.5  11.10.2025  01:14:01
  6  10   3   7  $12    0.100   -14.6310   1930.52   0.0     -8.91  15.9  11.10.2025  01:14:03
  6  10   4   8  $12    0.100    -6.6276   1249.27   0.0     -0.57 101.8  11.10.2025  01:14:05
  6  10   1  13  $12    0.100     4.9434   1111.81   0.2     55.81   2.4  11.10.2025  01:14:07
  6  10   2  14  $12    0.100     5.1124   1284.88   0.1    105.98   1.1  11.10.2025  01:14:09
  6  10   3  15  $12    0.100     5.0642   1138.99   0.1     32.15   3.0  11.10.2025  01:14:11
  6  10   4  16  $12    0.100     6.4600   1014.74   0.1    -80.03   2.0  11.10.2025  01:14:13
  6  10  13   9  $12    0.010     3.5524   4687.23   0.1    -90.59   7.2  11.10.2025  01:14:18
  6  10  15  11  $12    0.100    16.1165   1424.01   0.0     -0.95  13.8  11.10.2025  01:14:21
  6  10  16  12  $12    0.100     8.1953   1930.98   0.1     62.15   2.0  11.10.2025  01:14:23
  7  11   5   9  $12    0.100    18.0780   3407.62   0.5    -55.44   5.7  11.10.2025  01:14:25
  7  11   6  10  $12    0.010     3.6067   1545.09   0.0     -3.16   3.1  11.10.2025  01:14:30
  7  11   8  12  $12    0.010     4.6689   2000.17   0.0     -0.03 757.8  11.10.2025  01:14:32
  7  11   1   5  $12    0.100    -7.4206   1748.43   0.0      0.35 272.4  11.10.2025  01:14:36
  7  11   2   6  $12    0.100   -13.7606   1215.85   0.2     -4.58  11.8  11.10.2025  01:14:38
  7  11   4   8  $12    0.100   -14.1556   1867.79   0.0      1.67  12.4  11.10.2025  01:14:40
  7  11   1  13  $12    0.100     4.0950    643.25   0.4     13.18  14.0  11.10.2025  01:14:42
  7  11   2  14  $12    0.100     4.6536   1046.64   0.2     12.23   4.5  11.10.2025  01:14:44
  7  11   3  15  $12    0.100     4.7764   1200.43   0.1      7.87  29.4  11.10.2025  01:14:46
  7  11   4  16  $12    0.100     6.0545   1361.71   0.0    -15.49  20.4  11.10.2025  01:14:48
  7  11  13   9  $12    0.100     6.5119   1227.47   0.2   -112.56   4.1  11.10.2025  01:14:50
  7  11  14  10  $12    0.100    17.4744   2305.69   0.0      0.56  41.7  11.10.2025  01:14:52
  7  11  16  12  $12    0.010     2.7256   2408.30   0.9    -11.69  67.0  11.10.2025  01:14:57
  8  12   5   9  $12    0.100    10.2009   1345.98   0.2     53.38   8.3  11.10.2025  01:15:02
  8  12   6  10  $12    0.100    21.3907   4032.05   0.0      0.33  32.6  11.10.2025  01:15:04
  8  12   7  11  $12    0.010     4.6876   2008.18   0.0     -0.68  10.3  11.10.2025  01:15:08
  8  12   1   5  $12    0.100    -4.1869   1899.06   0.0      7.75  26.2  11.10.2025  01:15:12
  8  12   2   6  $12    0.100    -5.9391   1399.36   0.2     20.28  13.2  11.10.2025  01:15:14
  8  12   3   7  $12    0.100   -14.0822   1244.26   0.0      3.85  11.3  11.10.2025  01:15:16
  8  12   1  13  $12    0.100     3.8442    283.51   0.0     -6.55  35.9  11.10.2025  01:15:18
  8  12   2  14  $12    0.100     4.6869    736.21   0.0    -16.49   4.3  11.10.2025  01:15:20
  8  12   3  15  $12    0.100     5.0083   1126.41   0.0     -3.13  29.1  11.10.2025  01:15:22
  8  12  16   4  $12    0.100    -6.3739   1601.92   0.0     10.17  21.0  11.10.2025  01:15:24
  8  12   9  13  $12    0.100    -1.7973     77.00   0.1    253.87   2.1  11.10.2025  01:15:29
  8  12  10  14  $12    0.100   -10.6759   2012.36   0.2      2.51  69.9  11.10.2025  01:15:31
  8  12  11  15  $12    0.010    -2.7316   3604.28   0.0      8.80   3.5  11.10.2025  01:15:36
  9  13  10  14  $12    0.010     5.9047   2529.58   0.0     29.49   2.5  11.10.2025  01:15:38
  9  13  11  15  $12    0.010     0.3280    618.32   1.3   2321.54   1.5  11.10.2025  01:15:50
  9  13  12  16  $12    0.001     7.2685  95905.85   0.2   -693.30   1.0  11.10.2025  01:15:55
  9  13   6  10  $12    0.010    -4.2186   5566.28   0.0     -4.00   7.4  11.10.2025  01:15:58
  9  13   7  11  $12    0.010    -0.8816   1661.82   0.1    -83.73   1.3  11.10.2025  01:16:04
  9  13   8  12  $12    0.010    -0.3266    139.90   0.3     -8.39   6.3  11.10.2025  01:16:09
  9  13   5   1  $12    0.001     2.7917 210491.04   0.0   -705.77   0.3  11.10.2025  01:16:13
  9  13   6   2  $12    0.001     7.5090 340586.01   0.4   -689.52   1.8  11.10.2025  01:16:16
  9  13   7   3  $12    0.001     2.3283  54860.02   0.0   -684.92   0.1  11.10.2025  01:16:18
  9  13   8   4  $12    0.010     1.3706   1211.06   0.2   -526.19   0.5  11.10.2025  01:16:25
  9  13   2  14  $12    0.001    -7.2174  53228.62   0.1   -731.53   0.2  11.10.2025  01:16:29
  9  13   3  15  $12    0.001    -2.0821  32705.74   0.0   -762.59   0.1  11.10.2025  01:16:32
  9  13   4  16  $12    0.001     7.2045 162037.07   0.2   -701.76   0.5  11.10.2025  01:16:34
 10  14   9  13  $12    0.010     6.8045   2915.06   0.1    -57.30   3.0  11.10.2025  01:16:42
 10  14  11  15  $12    0.010     4.4607   1910.97   0.3     -2.70 310.6  11.10.2025  01:16:44
 10  14  12  16  $12    0.010     2.2308   4204.89   0.3      9.32  45.9  11.10.2025  01:16:46
 10  14   5   9  $12    0.010    -4.2463   3751.96   0.1    -73.67  10.8  11.10.2025  01:16:48
 10  14   7  11  $12    0.100   -17.3673   2291.56   0.0      0.93   9.4  11.10.2025  01:16:52
 10  14   8  12  $12    0.100   -10.6590   2009.18   0.0      3.87   0.6  11.10.2025  01:16:54
 10  14   5   1  $12    0.100     7.4906   8604.05   0.1      3.92  27.0  11.10.2025  01:16:56
 10  14   6   2  $12    0.100     6.5151   4912.23   0.1      4.42  22.1  11.10.2025  01:16:58
 10  14   7   3  $12    0.100     6.5319   2962.66   0.0      1.96  32.2  11.10.2025  01:17:00
 10  14   8   4  $12    0.100     5.7175   1347.15   0.0     -6.03   2.7  11.10.2025  01:17:02
 10  14   1  13  $12    0.100    16.5785   1486.27   0.0      3.14  68.8  11.10.2025  01:17:04
 10  14   3  15  $12    0.100    20.4421   1507.62   0.0      1.27  29.0  11.10.2025  01:17:06
 10  14   4  16  $12    0.100     6.1843    971.43   0.7     -7.76  16.3  11.10.2025  01:17:08
 11  15   9  13  $12    0.010     4.1293   7783.50   0.1   -394.22   0.7  11.10.2025  01:17:13
 11  15  10  14  $12    0.010     4.4201   1893.56   0.4      6.81  17.2  11.10.2025  01:17:15
 11  15  12  16  $12    0.010     4.9796   2133.24   0.7     66.57   2.5  11.10.2025  01:17:17
 11  15   5   9  $12    0.010    -2.1050   4959.71   0.9   -705.44   1.5  11.10.2025  01:17:19
 11  15   6  10  $12    0.100   -16.1173   1424.08   0.0      4.00   1.6  11.10.2025  01:17:23
 11  15   8  12  $12    0.010    -2.6906   3550.20   0.0     10.06   1.9  11.10.2025  01:17:28
 11  15   5   1  $12    0.100     7.1077  11723.04   0.2    -22.14   5.3  11.10.2025  01:17:32
 11  15   6   2  $12    0.100     5.7896   6650.14   0.1    -46.18  19.5  11.10.2025  01:17:34
 11  15   7   3  $12    0.100     6.9395   5232.25   0.1    -23.07  14.3  11.10.2025  01:17:36
 11  15   8   4  $12    0.100     6.5370   2964.96   0.1      0.12 693.0  11.10.2025  01:17:38
 11  15   1  13  $12    0.100     9.3250  20506.79   0.0     22.90   2.4  11.10.2025  01:17:40
 11  15   2  14  $12    0.100    22.0194   1974.05   0.0     11.73   1.9  11.10.2025  01:17:42
 11  15   4  16  $12    0.100    17.0278   1255.81   0.0    -47.64   1.7  11.10.2025  01:17:44
 12  16   9  13  $12    0.001     8.1882 108040.47   0.1   -620.46   0.1  11.10.2025  01:17:51
 12  16  10  14  $12    0.010     2.3824   4490.64   0.1    -18.85   4.8  11.10.2025  01:17:55
 12  16  11  15  $12    0.010     5.4055   2315.71   0.0    -25.27   3.8  11.10.2025  01:17:57
 12  16   5   9  $12    0.001    -7.9152 359009.89   0.9   -641.40   0.7  11.10.2025  01:18:02
 12  16   6  10  $12    0.100    -8.0242   1890.65   0.0    -40.31   0.3  11.10.2025  01:18:08
 12  16   7  11  $12    0.010    -2.5683   2269.28   0.0     22.52   1.3  11.10.2025  01:18:13
 12  16   5   1  $12    0.010    -7.2669 164802.54   0.1   -739.50   0.2  11.10.2025  01:18:15
 12  16   6   2  $12    0.010   -21.4459 353715.75   0.0   -691.82   0.0  11.10.2025  01:18:17
 12  16   7   3  $12    0.010    -5.9318  68135.85   0.1   -732.06   0.1  11.10.2025  01:18:19
 12  16   8   4  $12    0.100     9.5599   7208.02   0.0    -74.93   0.7  11.10.2025  01:18:22
 12  16  13   1  $12    0.010   -10.2558  10030.61   0.0   -587.89   0.2  11.10.2025  01:18:27
 12  16  14   2  $12    0.010   -22.8097 501611.66   0.0   -646.28   0.0  11.10.2025  01:18:29
 12  16  15   3  $12    0.010    -8.7501   7844.45   0.0   -507.59   0.4  11.10.2025  01:18:31
 13   1  14   2  $12    0.010    13.7722   4723.02   0.0    541.52   0.1  11.10.2025  01:18:33
 13   1  15   3  $12    0.100    -5.7738    437.84   0.1  -2320.71   0.1  11.10.2025  01:18:37
 13   1  16   4  $12    0.010    10.2421  13163.11   0.0   -616.71   0.0  11.10.2025  01:18:42
 13   1  10  14  $12    0.100   -15.9153   1426.81   0.0      4.43   4.5  11.10.2025  01:18:46
 13   1  11  15  $12    0.100    -5.2663  11581.17   0.0    260.72   0.4  11.10.2025  01:18:48
 13   1  12  16  $12    0.010    -9.8836   9666.62   0.1   -651.60   0.1  11.10.2025  01:18:53
 13   1   9   5  $12    0.001     4.0109 100804.87   0.3   -623.26   0.8  11.10.2025  01:18:57
 13   1  10   6  $12    0.100     4.5687   1027.54   0.0     23.99   0.2  11.10.2025  01:19:03
 13   1  11   7  $12    0.100     3.8938    611.64   0.0     -1.59   7.0  11.10.2025  01:19:05
 13   1  12   8  $12    0.100     3.5309    260.41   0.0     -0.02 1610.8  11.10.2025  01:19:07
 13   1   6   2  $12    0.010    11.9128   8785.82   0.0    580.20   0.0  11.10.2025  01:19:12
 13   1   7   3  $12    0.010    -2.0814   3269.49   0.4   -928.86   0.4  11.10.2025  01:19:14
 13   1   8   4  $12    0.100     2.8212    634.51   0.0    100.82   0.4  11.10.2025  01:19:17
 14   2  13   1  $12    0.010    14.9457   5125.42   0.0    405.68   0.2  11.10.2025  01:19:22
 14   2  15   3  $12    0.010     1.3158    451.22   0.9   3271.23   0.6  11.10.2025  01:19:24
 14   2  16   4  $12    0.010    22.5621  17109.16   0.0   -642.16   0.0  11.10.2025  01:19:26
 14   2   9  13  $12    0.001     8.8331  65144.71   0.1   -663.89   0.7  11.10.2025  01:19:31
 14   2  11  15  $12    0.010    -2.2613   2027.28   0.0     21.18   1.3  11.10.2025  01:19:35
 14   2  12  16  $12    0.010   -22.3330 491127.32   0.0   -683.00   0.1  11.10.2025  01:19:37
 14   2   9   5  $12    0.001     8.4384 189787.40   0.2   -623.51   0.7  11.10.2025  01:19:42
 14   2  10   6  $12    0.100     2.7986    703.35   0.1    140.38   0.4  11.10.2025  01:19:47
 14   2  11   7  $12    0.100     2.9054    653.46   0.3     79.59   2.7  11.10.2025  01:19:49
 14   2  12   8  $12    0.100     2.1482    337.44   0.2    271.00   2.4  11.10.2025  01:19:51
 14   2   5   1  $12    0.010    14.3665  12879.58   0.0    386.01   0.0  11.10.2025  01:19:56
 14   2   7   3  $12    0.010    -1.6123   1189.07   0.2  -2689.54   0.0  11.10.2025  01:19:58
 14   2   8   4  $12    0.100    11.6896   1836.20   0.1   -125.89   1.7  11.10.2025  01:20:02
 15   3  13   1  $12    0.100    -2.1415    162.39   0.3  -6710.31   0.4  11.10.2025  01:20:04
 15   3  14   2  $12    0.010     0.7227    247.85   0.6   6406.82   0.6  11.10.2025  01:20:09
 15   3  16   4  $12    0.010    10.9467   3754.04   0.9   -395.07   1.8  11.10.2025  01:20:11
 15   3   9  13  $12    0.001     2.6127  41040.27   0.2   -670.98   1.9  11.10.2025  01:20:16
 15   3  10  14  $12    0.100   -19.5521   1441.98   0.0      6.71   1.3  11.10.2025  01:20:22
 15   3  12  16  $12    0.010    -8.5563   7670.77   0.5   -520.94   1.1  11.10.2025  01:20:27
 15   3   9   5  $12    0.001     2.7684  43485.62   0.9   -681.98   3.1  11.10.2025  01:20:33
 15   3  10   6  $12    0.100     4.7194   1061.44   0.0     30.92   0.1  11.10.2025  01:20:39
 15   3  11   7  $12    0.100     4.5799   1151.05   0.0      5.98   2.8  11.10.2025  01:20:41
 15   3  12   8  $12    0.100     4.7969   1078.87   0.0     -1.40  28.2  11.10.2025  01:20:43
 15   3   5   1  $12    0.010    -1.5851  34858.25   0.3  -1032.44   1.2  11.10.2025  01:20:48
 15   3   6   2  $12    0.010    -1.9326   1732.62   0.6  -2461.98   0.3  11.10.2025  01:20:50
 15   3   8   4  $12    0.100    20.3946   1504.12   0.0     41.82   1.3  11.10.2025  01:20:54
 16   4  13   1  $12    0.010    10.9186  14032.59   0.1   -568.92   0.2  11.10.2025  01:20:59
 16   4  14   2  $12    0.001     2.5227  19129.80   0.1   -695.97   0.3  11.10.2025  01:21:04
 16   4  15   3  $12    0.010    11.3059   3877.22   0.0   -406.26   0.1  11.10.2025  01:21:08
 16   4   9  13  $12    0.001    -8.4272 189535.70   0.2   -649.22   0.6  11.10.2025  01:21:13
 16   4  10  14  $12    0.100    -6.7142   1054.67   0.0     31.64   0.1  11.10.2025  01:21:18
 16   4  11  15  $12    0.010    -1.9735   1455.47   0.0    -60.76   0.5  11.10.2025  01:21:23
 16   4   9   5  $12    0.001    -8.2185  60611.74   0.4   -672.85   3.1  11.10.2025  01:21:28
 16   4  10   6  $12    0.100     8.2740   1299.68   0.0    -48.05   0.6  11.10.2025  01:21:33
 16   4  11   7  $12    0.100     7.3253   1647.54   0.0    -34.79   0.8  11.10.2025  01:21:35
 16   4  12   8  $12    0.100     8.4065   2112.77   0.0    -59.49   0.2  11.10.2025  01:21:37
 16   4   5   1  $12    0.010     7.8195   7647.83   0.0   -684.41   0.5  11.10.2025  01:21:42
 16   4   6   2  $12    0.010    21.8392 480269.66   0.2   -656.73   0.1  11.10.2025  01:21:44
 16   4   7   3  $12    0.010     8.5925   7703.17   0.0   -499.47   0.0  11.10.2025  01:21:46
  1   4   2   3  $12    0.010    16.1927  10174.20   0.0    313.13   0.0  11.10.2025  01:21:48
  2   3   1   4  $12    0.010    16.9909  10675.73   0.0    263.77   0.7  11.10.2025  01:21:50
  1   2   3   4  $12    0.010    -0.3826    721.19   0.7   6556.16   1.1  11.10.2025  01:21:52
  3   4   1   2  $12    0.010    -0.2948    555.62   1.7   8089.37   1.6  11.10.2025  01:21:54
  5   8   6   7  $12    0.100    15.4240    969.12   0.0      3.87   0.1  11.10.2025  01:21:58
  6   7   5   8  $12    0.100    15.6381    982.57   0.0      3.78  14.1  11.10.2025  01:22:00
  5   6   7   8  $12    0.100    -4.2390    799.04   0.4      3.95  84.2  11.10.2025  01:22:02
  7   8   5   6  $12    0.100    -4.1872    789.27   0.4      6.48  19.0  11.10.2025  01:22:04
  9  12  10  11  $12    0.010     5.1626   3243.78   0.0     19.62   0.9  11.10.2025  01:22:09
 10  11   9  12  $12    0.010     4.4661   2806.13   0.9     -4.80 184.7  11.10.2025  01:22:11
  9  10  11  12  $12    0.010    -0.7748   1460.54   0.3    -88.38  20.9  11.10.2025  01:22:17
 11  12   9  10  $12    0.100    -3.4980    659.36   0.3    180.30   4.9  11.10.2025  01:22:21
 13  16  14  15  $12    0.010     2.2607   1420.44   0.0    -75.37   1.0  11.10.2025  01:22:26
 14  15  13  16  $12    0.100    19.0648   1197.88   0.0    -40.62   2.3  11.10.2025  01:22:30
 13  14  15  16  $12    0.100    -7.5587   1424.78   0.0     -9.81  16.8  11.10.2025  01:22:32
  1   9  10   2  $12    0.001    -9.1301  32855.12   0.1   -504.77   0.5  11.10.2025  01:22:40
  1   9  11   3  $12    0.001    -2.2061  18901.79   0.3   -625.37   0.6  11.10.2025  01:22:42
  1   9  12   4  $12    0.010    -2.7272   4560.30   0.0   -325.44   0.0  11.10.2025  01:22:46
  2  10   9   1  $12    0.001    -9.2745  33374.63   0.2   -460.12   0.4  11.10.2025  01:22:51
  2  10  11   3  $12    0.010    -1.0965    394.59   0.9   4283.58   0.9  11.10.2025  01:22:55
  2  10  12   4  $12    0.010    -2.0244   1734.51   0.3    210.80   2.9  11.10.2025  01:22:57
  3  11   9   1  $12    0.010   -22.9515  19664.77   0.0   -576.15   0.0  11.10.2025  01:22:59
  3  11  10   2  $12    0.010    -1.2328    443.63   0.4   3485.01   0.2  11.10.2025  01:23:01
  3  11  12   4  $12    0.010    -5.8476   2104.31   0.1     25.00   3.1  11.10.2025  01:23:03
 12   4   9   1  $12    0.010     4.4217   7393.64   0.7   -513.33   6.2  11.10.2025  01:23:05
 12   4  10   2  $12    0.010     2.2312   1911.66   0.4    154.08   4.9  11.10.2025  01:23:07
 12   4  11   3  $12    0.010     5.9130   2127.83   0.2     19.93   7.6  11.10.2025  01:23:09
 13   5  14   6  $12    0.010     4.3526   1566.29   0.0      3.71  17.4  11.10.2025  01:23:11
 13   5  15   7  $12    0.010     2.7957   2395.36   0.1      2.78  40.2  11.10.2025  01:23:13
 13   5  16   8  $12    0.010     3.1721   5304.18   0.2   -275.65   1.8  11.10.2025  01:23:15
 14   6  13   5  $12    0.010     4.3969   1582.24   0.4      5.84  32.6  11.10.2025  01:23:17
 14   6  15   7  $12    0.010     4.6863   1686.38   0.0      0.24 235.7  11.10.2025  01:23:19
 14   6  16   8  $12    0.010     2.5898   2218.93   0.6    -38.91  31.7  11.10.2025  01:23:21
 15   7  13   5  $12    0.010     2.7973   2396.73   0.1     -2.31  73.6  11.10.2025  01:23:23
 15   7  14   6  $12    0.010     4.6900   1687.72   0.1     -2.89  49.9  11.10.2025  01:23:25
 15   7  16   8  $12    0.010     4.2737   1537.92   0.2     64.53   0.3  11.10.2025  01:23:27
 16   8  13   5  $12    0.010     3.7795   6319.91   0.5   -184.68   3.1  11.10.2025  01:23:29
 16   8  14   6  $12    0.010     2.6894   2304.24   0.4    -46.72   5.0  11.10.2025  01:23:31
 16   8  15   7  $12    0.010     4.7741   1717.99   0.0    -40.28   4.9  11.10.2025  01:23:33
  1   2   5   6  $12    0.100    -8.7452  16484.39   0.2   -248.38   2.9  11.10.2025  01:23:37
  2   3   6   7  $12    0.100     1.5636   2947.34   0.7   -334.05   1.5  11.10.2025  01:23:42
  3   4   7   8  $12    0.100    -0.1869    352.32   0.2   -325.40   0.1  11.10.2025  01:23:56
  1   2   9  10  $12    0.001     5.0810 8045134.32   0.3   -738.38   0.9  11.10.2025  01:24:04
  2   3  10  11  $12    0.100     1.5088  23890.39   0.7    228.28   3.3  11.10.2025  01:24:12
  3   4  11  12  $12    0.100    -0.3185   5043.71   1.2   -213.41   3.9  11.10.2025  01:24:17
  1   2  13  14  $12    0.100    -0.3148  16972.66   1.3   -996.68   8.2  11.10.2025  01:24:23
  2   3  14  15  $12    0.100    -6.7399 363348.25   0.8   -433.32   0.1  11.10.2025  01:24:25
  3   4  15  16  $12    0.010     9.3585 5045136.73   0.5   -683.16   0.1  11.10.2025  01:24:30
  5   6   9  10  $12    0.010    -7.3782 139076.20   0.2   -688.87   0.3  11.10.2025  01:24:32
  6   7  10  11  $12   10.000    19.4953    367.48   0.0      4.43   0.2  11.10.2025  01:24:39
  7   8  11  12  $12   10.000    16.6404    313.66   0.0      1.53  16.3  11.10.2025  01:24:41
  5   6  13  14  $12   10.000     3.6013    570.21   0.9    -20.27  43.3  11.10.2025  01:24:44
  6   7  14  15  $12   10.000     4.3183    683.75   0.1     -0.51 148.5  11.10.2025  01:24:46
  7   8  15  16  $12   10.000    15.2112   2408.48   0.2   -201.90   0.2  11.10.2025  01:24:48
  9  10  13  14  $12    0.010     0.0092    174.02  14.0  -3085.24  16.1  11.10.2025  01:25:00
 10  11  14  15  $12    1.000     2.1169    399.03   0.1      0.78  48.2  11.10.2025  01:25:06
 11  12  15  16  $12    1.000     4.2394    799.10   0.2    294.71   1.2  11.10.2025  01:25:08
  1   2   6   7  $12    0.100    -0.6489   2446.45   0.6   -246.87   0.3  11.10.2025  01:25:13
  2   3   7   8  $12    0.100     0.1272    479.50   2.9  -1546.74   2.8  11.10.2025  01:25:27
  1   2   7   8  $12    0.100     0.3537   2333.69   1.2   1185.58   1.7  11.10.2025  01:25:32
  2   3   7   8  $12    0.100    -0.2491    939.13   2.2    577.52   2.5  11.10.2025  01:25:38
  1   2  10  11  $12    0.100    -1.8743  42395.83   0.1   -366.14   0.3  11.10.2025  01:25:43
  2   3  11  12  $12    0.100    -0.5430  12282.36   1.0     99.19   7.0  11.10.2025  01:25:48
  1   2  11  12  $12    0.100     0.8164  25392.18   0.4    -41.62   3.8  11.10.2025  01:25:54
  2   3  11  12  $12    0.100    -0.7678  17367.48   0.6     44.63   4.3  11.10.2025  01:25:59
  1   2  14  15  $12    0.100    11.0427 757668.25   0.3   -380.58   0.0  11.10.2025  01:26:01
  2   3  15  16  $12    0.010    19.2983 13241052.89   0.3   -698.36   0.1  11.10.2025  01:26:06
  1   2  15  16  $12    0.010   -17.5016 15010303.62   0.1   -715.93   0.0  11.10.2025  01:26:08
  2   3  15  16  $12    0.010    17.8523 12248869.05   0.0   -708.02   0.0  11.10.2025  01:26:10
  5   6  10  11  $12    1.000     2.3023    867.94   0.1    -45.88   0.4  11.10.2025  01:26:15
  6   7  11  12  $12   10.000    14.3643    541.52   0.0      1.58   7.9  11.10.2025  01:26:19
  5   6  11  12  $12   10.000     9.3956    619.86   0.8      8.56 196.3  11.10.2025  01:26:21
  6   7  11  12  $12   10.000    14.3376    540.52   0.0      1.08   3.4  11.10.2025  01:26:23
  5   6  14  15  $12    1.000    -5.7365  12975.76   4.0   -497.95   2.6  11.10.2025  01:26:33
  6   7  15  16  $12    1.000     5.6013  12669.85   0.4   -552.47   0.7  11.10.2025  01:26:35
  5   6  15  16  $12    0.010     7.3741 2293476.45   0.4   -633.58   0.3  11.10.2025  01:26:43
  6   7  15  16  $12    1.000     6.0548  13695.67   0.3   -582.67   0.1  11.10.2025  01:26:49
  9  10  14  15  $12    0.010    -1.6074  60596.46   0.5   -462.60   0.0  11.10.2025  01:26:58
 10  11  15  16  $12    1.000     7.3188   2759.11   0.3     54.31   9.4  11.10.2025  01:27:04
  9  10  15  16  $12    0.001     7.5637 4990051.49   0.1   -724.21   0.2  11.10.2025  01:27:15
 10  11  15  16  $12    1.000     7.1312   2688.40   0.0     84.62   1.3  11.10.2025  01:27:25
