//C:\Users\user\Desktop\GeoTom\GeoTomE724.ini
//- Cable direction:
//  cable I: normal
//  cable II: normal
//  cable III: normal
//  cable IV: normal
//- Cable arrangement: sequential
//- Optimization: Last measurement
//- Sorting: Multi-level
//- Current levels: 0.001 mA .. 50.0 mA
Type:         Flow
Name:         Hyprop
Comment:      Example of a measurements sequence
Comment:      
Comment:      
Spacing:      1.00000
First El:     0.00000
Nr of points: 289
IP present:   1

  1   5   2   6  $12    0.010    16.9029   7241.18   0.0    -44.34   1.2  10.10.2025  12:10:05
  1   5   3   7  $12    0.010     2.4668   4649.82   0.1   -142.36   0.5  10.10.2025  12:10:07
  1   5   4   8  $12    0.100     9.7651   1288.47   0.0     -1.10  57.2  10.10.2025  12:10:11
  1   5  14   2  $12    0.010   -14.3866  12897.67   0.1    -40.75   1.0  10.10.2025  12:10:16
  1   5  15   3  $12    0.100   -10.1514  22324.07   0.0   -273.19   1.9  10.10.2025  12:10:20
  1   5  16   4  $12    0.100    13.1274   1283.91   0.7   -652.31   0.1  10.10.2025  12:10:22
  1   5  13   9  $12    0.100    -5.5978   4220.62   0.3  -1405.71   0.1  10.10.2025  12:10:24
  1   5  14  10  $12    0.100     7.0890   8142.80   0.0     -7.85   6.2  10.10.2025  12:10:26
  1   5  15  11  $12    0.100     7.0660  11654.20   0.0     -3.24   5.1  10.10.2025  12:10:28
  1   5  16  12  $12    0.100    16.2883  36939.15   0.1   -422.98   0.4  10.10.2025  12:10:30
  1   5  10   6  $12    0.100    13.5465   1196.93   0.0     -9.04   1.0  10.10.2025  12:10:32
  1   5  11   7  $12    0.100     6.6978   1578.12   0.0     -8.51   2.9  10.10.2025  12:10:34
  1   5  12   8  $12    0.100     3.7456   1698.89   0.0    -13.56   0.5  10.10.2025  12:10:36
  2   6   1   5  $12    0.010    16.2916   6979.31   0.0    -24.65   0.2  10.10.2025  12:10:41
  2   6   3   7  $12    0.010     4.1921   1795.89   0.4    253.18   2.5  10.10.2025  12:10:43
  2   6   4   8  $12    0.100    19.1545   3610.54   0.0    -15.57   0.3  10.10.2025  12:10:46
  2   6  13   1  $12    0.010   -11.5141   8491.72   0.0    139.91   0.2  10.10.2025  12:10:51
  2   6  15   3  $12    0.010    -2.2078   1979.32   0.0    502.90   1.2  10.10.2025  12:10:53
  2   6  16   4  $12    0.010    -6.6262 145718.48   0.1   -608.65   0.2  10.10.2025  12:10:55
  2   6  13   9  $12    0.010     7.7098  34969.20   0.5   -554.35   0.5  10.10.2025  12:10:57
  2   6  14  10  $12    0.100     7.1885   5420.04   0.0    -23.64   0.2  10.10.2025  12:11:01
  2   6  15  11  $12    0.100    10.0493  11543.07   0.1   -118.68   0.1  10.10.2025  12:11:03
  2   6  16  12  $12    0.010    -5.8192  95978.85   0.1   -738.68   0.2  10.10.2025  12:11:08
  2   6   9   5  $12    0.010    -2.3697   3126.80   0.2   -875.17   0.5  10.10.2025  12:11:10
  2   6  11   7  $12    0.100    13.7785   1217.43   0.0    -11.98   2.3  10.10.2025  12:11:14
  2   6  12   8  $12    0.100     6.2114   1463.53   0.0    -10.14   0.3  10.10.2025  12:11:16
  3   7   1   5  $12    0.010     2.3782   4482.86   0.0   -117.54   0.7  10.10.2025  12:11:21
  3   7   2   6  $12    0.010     4.1921   1795.88   0.2    256.17   4.0  10.10.2025  12:11:23
  3   7   4   8  $12    0.010     3.9611   1696.91   0.4     20.03  34.9  10.10.2025  12:11:25
  3   7  13   1  $12    0.100     4.5230    710.47   0.2  -1425.06   0.2  10.10.2025  12:11:29
  3   7  14   2  $12    0.100   -18.5943   1371.35   0.1    602.02   0.2  10.10.2025  12:11:31
  3   7  16   4  $12    0.010    -4.3668   3914.86   0.1   -349.69   0.3  10.10.2025  12:11:36
  3   7  13   9  $12    0.010     3.4649   8163.96   0.1   -481.53   0.3  10.10.2025  12:11:38
  3   7  14  10  $12    0.100     6.4118   2908.20   0.0     -4.49   1.2  10.10.2025  12:11:42
  3   7  15  11  $12    0.100     6.5093   4907.91   0.0     -4.64   8.2  10.10.2025  12:11:44
  3   7  16  12  $12    0.100   -19.4512  22342.47   0.0   -856.35   0.0  10.10.2025  12:11:46
  3   7   9   5  $12    0.100    -6.9284   1305.96   0.2  -1116.53   0.4  10.10.2025  12:11:48
  3   7  10   6  $12    0.100    14.5363   1918.01   0.0    -11.36   1.1  10.10.2025  12:11:50
  3   7  12   8  $12    0.100    13.9562   1233.13   0.0     -1.16  35.8  10.10.2025  12:11:52
  4   8   1   5  $12    0.100    10.8755   1434.99   0.2      8.81   6.9  10.10.2025  12:11:54
  4   8   2   6  $12    0.100    15.8768   2992.71   0.3     27.98   3.8  10.10.2025  12:11:56
  4   8   3   7  $12    0.010     3.8802   1662.27   0.2     20.79  10.2  10.10.2025  12:12:01
  4   8  13   1  $12    1.000   -11.6131    261.19   0.1    462.23   0.4  10.10.2025  12:12:06
  4   8  14   2  $12    0.100    -4.3999    691.14   0.1    107.31   0.6  10.10.2025  12:12:11
  4   8  15   3  $12    0.100   -18.3724   1354.98   0.0     12.66   0.6  10.10.2025  12:12:13
  4   8  13   9  $12    0.100     7.9223    700.00   0.4   -100.68   0.9  10.10.2025  12:12:15
  4   8  14  10  $12    0.100     5.5498   1307.64   0.0     -0.74   7.6  10.10.2025  12:12:17
  4   8  15  11  $12    0.100     6.2279   2824.76   0.0     -0.41 139.8  10.10.2025  12:12:19
  4   8  16  12  $12    0.100     4.3096   3249.34   0.7    145.60   1.7  10.10.2025  12:12:21
  4   8   9   5  $12    1.000    20.7022     88.69   0.1    316.86   0.3  10.10.2025  12:12:25
  4   8  10   6  $12    0.100     6.3987   1206.14   0.0     -2.68   0.9  10.10.2025  12:12:30
  4   8  11   7  $12    0.100    13.8914   1832.93   0.0      0.90   6.6  10.10.2025  12:12:32
  5   9   6  10  $12    0.010     3.8924   1667.50   0.0    -12.55   0.6  10.10.2025  12:12:36
  5   9   7  11  $12    0.100    18.2080   3432.13   0.0    -16.70   4.6  10.10.2025  12:12:40
  5   9   8  12  $12    0.100    11.9781   1580.48   0.0    -11.72   5.4  10.10.2025  12:12:42
  5   9   2   6  $12    0.100    13.7782   1817.99   0.4  -1205.55   0.9  10.10.2025  12:12:44
  5   9   3   7  $12    0.100     4.7609    897.41   0.5  -1364.59   2.4  10.10.2025  12:12:47
  5   9   4   8  $12    0.100    -0.9898     42.40   0.8    694.57   0.9  10.10.2025  12:12:52
  5   9   1  13  $12    0.100    22.3699   5622.18   0.0   -440.71   0.1  10.10.2025  12:12:54
  5   9   2  14  $12    0.010     3.1685   7126.23   0.8   -550.69   1.5  10.10.2025  12:12:59
  5   9   3  15  $12    0.100    17.0498   2678.17   0.4   -468.06   0.3  10.10.2025  12:13:02
  5   9   4  16  $12    0.010    -3.2512   2397.80   0.3   -758.13   1.3  10.10.2025  12:13:07
  5   9  14  10  $12    0.100    19.0008   1678.86   0.0    -10.15   0.3  10.10.2025  12:13:11
  5   9  15  11  $12    0.100     5.7967   1365.81   0.0     55.89   1.4  10.10.2025  12:13:13
  5   9  16  12  $12    0.010     4.6580  21127.29   0.7   -620.47   0.3  10.10.2025  12:13:18
  6  10   5   9  $12    0.010     3.6903   1580.93   0.1     -6.08  87.4  10.10.2025  12:13:20
  6  10   7  11  $12    0.010     3.6236   1552.37   0.5      1.27 237.6  10.10.2025  12:13:22
  6  10   8  12  $12    0.010     2.1284   4011.89   0.0     -5.25   9.0  10.10.2025  12:13:24
  6  10   1   5  $12    0.100   -13.3763   1181.89   0.1      2.33  55.1  10.10.2025  12:13:28
  6  10   3   7  $12    0.100   -14.3416   1892.33   0.3    -11.46  25.9  10.10.2025  12:13:30
  6  10   4   8  $12    0.100    -6.3801   1202.62   0.0      1.35  17.7  10.10.2025  12:13:32
  6  10   1  13  $12    0.100     5.0997   1146.97   0.1     32.58   5.2  10.10.2025  12:13:34
  6  10   2  14  $12    0.100     5.1132   1285.09   0.3     45.62   4.0  10.10.2025  12:13:36
  6  10   3  15  $12    0.100     4.7638   1071.43   0.1     21.91   3.3  10.10.2025  12:13:38
  6  10   4  16  $12    0.100     5.8944    925.88   0.2    -59.83  11.5  10.10.2025  12:13:40
  6  10  13   9  $12    0.100    18.6508   2460.91   0.1    -16.06   2.3  10.10.2025  12:13:42
  6  10  15  11  $12    0.100    16.9183   1494.86   0.1     -0.15 516.8  10.10.2025  12:13:44
  6  10  16  12  $12    0.100     8.7701   2066.42   0.2     45.64   3.2  10.10.2025  12:13:46
  7  11   5   9  $12    0.100    17.6429   3325.60   0.2     -7.13  16.6  10.10.2025  12:13:48
  7  11   6  10  $12    0.010     3.6346   1557.06   0.0     -2.54  10.3  10.10.2025  12:13:53
  7  11   8  12  $12    0.010     4.4390   1901.67   0.0     -1.43  53.7  10.10.2025  12:13:55
  7  11   1   5  $12    0.100    -6.7023   1579.19   0.0      0.24 236.9  10.10.2025  12:14:01
  7  11   2   6  $12    0.100   -13.6047   1202.07   0.2      4.46  53.7  10.10.2025  12:14:03
  7  11   4   8  $12    0.100   -13.9015   1834.27   0.0      2.00   6.3  10.10.2025  12:14:05
  7  11   1  13  $12    0.100     4.3594    684.78   0.0     -0.19 2754.8  10.10.2025  12:14:07
  7  11   2  14  $12    0.100     4.7332   1064.54   0.0      7.99   4.1  10.10.2025  12:14:10
  7  11   3  15  $12    0.100     4.6663   1172.76   0.1      4.92  28.1  10.10.2025  12:14:12
  7  11   4  16  $12    0.100     5.6587   1272.68   0.1    -14.21  21.2  10.10.2025  12:14:14
  7  11  13   9  $12    0.100     6.6173   1247.34   0.3    -12.41   4.3  10.10.2025  12:14:16
  7  11  14  10  $12    0.100    17.8985   2361.65   0.0      0.68 131.8  10.10.2025  12:14:18
  7  11  16  12  $12    0.010     2.4943   2203.88   0.0     -2.28 112.8  10.10.2025  12:14:22
  8  12   5   9  $12    0.100    11.8213   1559.78   0.0      0.39  38.3  10.10.2025  12:14:27
  8  12   6  10  $12    0.100    21.1293   3982.78   0.1      0.32 609.9  10.10.2025  12:14:29
  8  12   7  11  $12    0.010     4.4640   1912.38   0.0     -1.13  16.2  10.10.2025  12:14:34
  8  12   1   5  $12    0.100    -3.7445   1698.39   0.0      6.04  18.7  10.10.2025  12:14:38
  8  12   2   6  $12    0.100    -5.9605   1404.40   0.5     -0.32 1500.5  10.10.2025  12:14:40
  8  12   3   7  $12    0.100   -13.9599   1233.46   0.0      4.46   4.9  10.10.2025  12:14:42
  8  12   1  13  $12    0.100     3.9604    292.08   0.0     -5.79  20.5  10.10.2025  12:14:44
  8  12   2  14  $12    0.100     4.4894    705.20   0.1     -6.33  10.5  10.10.2025  12:14:46
  8  12   3  15  $12    0.100     4.8467   1090.06   0.0     -1.03 141.6  10.10.2025  12:14:48
  8  12  16   4  $12    0.100    -6.2491   1570.57   0.2     14.65  18.6  10.10.2025  12:14:50
  8  12   9  13  $12    0.100    -4.0765    174.64   0.1     12.73  26.4  10.10.2025  12:14:52
  8  12  10  14  $12    0.100   -10.6723   2011.68   0.0      1.44  35.1  10.10.2025  12:14:54
  8  12  11  15  $12    0.010    -2.5394   3350.64   0.0      7.64   1.3  10.10.2025  12:14:59
  9  13  10  14  $12    0.010     4.3708   1872.46   0.0      4.31  12.5  10.10.2025  12:15:01
  9  13  11  15  $12    0.010     2.3456   4421.37   0.0     -3.76  10.8  10.10.2025  12:15:03
  9  13  12  16  $12    0.010     9.7220  12827.85   0.1   -608.73   0.6  10.10.2025  12:15:05
  9  13   6  10  $12    0.100   -19.2178   2535.73   0.1      9.48   7.9  10.10.2025  12:15:09
  9  13   7  11  $12    0.100    -6.8879   1298.34   0.2      4.33   2.8  10.10.2025  12:15:11
  9  13   8  12  $12    0.100    -4.1823    179.17   0.1     20.73   3.6  10.10.2025  12:15:13
  9  13   5   1  $12    0.100    -8.3060   6262.56   0.0   -907.69   0.4  10.10.2025  12:15:15
  9  13   6   2  $12    0.010     5.5500  25173.04   0.3   -619.45   0.7  10.10.2025  12:15:20
  9  13   7   3  $12    0.010     2.7449   6467.51   0.1   -522.34   1.4  10.10.2025  12:15:22
  9  13   8   4  $12    0.100     2.5474    225.08   0.2    238.46   1.0  10.10.2025  12:15:25
  9  13   2  14  $12    0.100   -12.4351    917.10   0.3  -1333.83   0.4  10.10.2025  12:15:27
  9  13   3  15  $12    0.100   -13.5800   2133.14   0.1   -740.87   0.2  10.10.2025  12:15:29
  9  13   4  16  $12    0.010     7.5674  17019.88   0.0   -668.72   0.7  10.10.2025  12:15:34
 10  14   9  13  $12    0.010     4.1970   1797.98   0.2    -25.74  40.6  10.10.2025  12:15:36
 10  14  11  15  $12    0.010     4.4821   1920.14   0.3     -6.84  49.3  10.10.2025  12:15:38
 10  14  12  16  $12    0.010     2.1604   4072.33   0.5     31.02   8.2  10.10.2025  12:15:40
 10  14   5   9  $12    0.100   -18.7121   1653.35   0.0      1.94   9.1  10.10.2025  12:15:44
 10  14   7  11  $12    0.100   -17.8093   2349.88   0.0      2.42  15.9  10.10.2025  12:15:46
 10  14   8  12  $12    0.100   -10.6211   2002.04   0.0      3.75   0.3  10.10.2025  12:15:48
 10  14   5   1  $12    0.100     7.1666   8231.86   0.6     -1.83 275.9  10.10.2025  12:15:50
 10  14   6   2  $12    0.100     6.3865   4815.32   0.4      7.87  53.3  10.10.2025  12:15:52
 10  14   7   3  $12    0.100     6.3482   2879.33   0.0      0.73 125.5  10.10.2025  12:15:54
 10  14   8   4  $12    0.100     5.5401   1305.35   0.0     -0.65  23.2  10.10.2025  12:15:56
 10  14   1  13  $12    0.100    16.5767   1486.11   0.1      0.18 384.6  10.10.2025  12:15:58
 10  14   3  15  $12    0.100    19.7826   1458.98   0.0     -0.23  53.8  10.10.2025  12:16:00
 10  14   4  16  $12    0.100     5.7075    896.53   0.4     -0.78  44.0  10.10.2025  12:16:02
 11  15   9  13  $12    0.010     2.4311   4582.59   0.3    -74.01   7.3  10.10.2025  12:16:07
 11  15  10  14  $12    0.010     4.4011   1885.45   0.0     -0.26 227.2  10.10.2025  12:16:09
 11  15  12  16  $12    0.010     4.5902   1966.42   0.1     46.90   6.1  10.10.2025  12:16:11
 11  15   5   9  $12    0.100    -6.7884   1599.47   0.1      7.30  10.2  10.10.2025  12:16:15
 11  15   6  10  $12    0.100   -16.8785   1491.33   0.1      2.09  66.4  10.10.2025  12:16:17
 11  15   8  12  $12    0.010    -2.5133   3316.18   0.0      8.51   1.6  10.10.2025  12:16:22
 11  15   5   1  $12    0.100     7.2873  12019.15   0.0     -5.21  12.9  10.10.2025  12:16:26
 11  15   6   2  $12    0.100     6.0143   6908.24   0.4     -3.88  61.7  10.10.2025  12:16:28
 11  15   7   3  $12    0.100     6.6606   5021.94   0.0     -4.48  17.6  10.10.2025  12:16:30
 11  15   8   4  $12    0.100     6.2591   2838.93   0.0     -0.87  69.0  10.10.2025  12:16:32
 11  15   1  13  $12    0.100     9.2527  20347.83   0.1      2.54  49.5  10.10.2025  12:16:34
 11  15   2  14  $12    0.100    20.5488   1842.20   0.0      4.68   4.3  10.10.2025  12:16:36
 11  15   4  16  $12    0.100    14.2622   1051.85   0.0    -37.62   0.5  10.10.2025  12:16:38
 12  16   9  13  $12    0.010     9.6921  12788.47   0.1   -534.68   0.0  10.10.2025  12:16:43
 12  16  10  14  $12    0.010     2.2706   4279.97   0.2    -19.52   3.4  10.10.2025  12:16:45
 12  16  11  15  $12    0.010     4.7738   2045.09   0.0     -8.84   5.5  10.10.2025  12:16:47
 12  16   5   9  $12    0.010    -2.3750  10772.06   0.1   -503.60   1.2  10.10.2025  12:16:49
 12  16   6  10  $12    0.100    -9.3530   2203.75   0.0    -15.61   4.7  10.10.2025  12:16:53
 12  16   7  11  $12    0.010    -2.4180   2136.52   0.0     17.94   0.5  10.10.2025  12:16:58
 12  16   5   1  $12    0.010     3.0542  69264.92   0.2   -566.84   1.8  10.10.2025  12:17:00
 12  16   6   2  $12    0.010    -5.8750  96897.79   0.5   -722.37   0.7  10.10.2025  12:17:02
 12  16   7   3  $12    0.010    -2.1138  24279.81   0.1   -824.14   0.2  10.10.2025  12:17:04
 12  16   8   4  $12    0.100     8.9817   6772.07   0.2    -59.08   4.8  10.10.2025  12:17:08
 12  16  13   1  $12    0.010    -4.3628   4266.96   0.1   -547.66   1.2  10.10.2025  12:17:13
 12  16  14   2  $12    0.010    -7.2435 159293.72   0.1   -589.34   0.5  10.10.2025  12:17:15
 12  16  15   3  $12    0.010    -4.4659   4003.72   0.0   -407.71   0.5  10.10.2025  12:17:17
 13   1  14   2  $12    0.010    13.7056   4700.17   0.0    129.94   0.5  10.10.2025  12:17:19
 13   1  15   3  $12    0.100     8.4480    640.62   0.3    744.32   0.0  10.10.2025  12:17:22
 13   1  16   4  $12    0.010     4.5500   5847.63   0.1   -513.85   1.7  10.10.2025  12:17:27
 13   1  10  14  $12    0.100   -16.0829   1441.84   0.0      8.65   1.5  10.10.2025  12:17:31
 13   1  11  15  $12    0.100    -8.5176  18731.25   0.0     30.84   0.3  10.10.2025  12:17:33
 13   1  12  16  $12    0.010    -4.0216   3933.29   0.9   -568.87   2.1  10.10.2025  12:17:38
 13   1   9   5  $12    0.100    14.0569   3532.90   0.0   -302.07   0.1  10.10.2025  12:17:41
 13   1  10   6  $12    0.100     5.1021   1147.51   0.2     16.12  25.3  10.10.2025  12:17:43
 13   1  11   7  $12    0.100     4.2977    675.08   0.1      5.00  10.9  10.10.2025  12:17:45
 13   1  12   8  $12    0.100     3.9079    288.21   0.0     -7.66   5.6  10.10.2025  12:17:47
 13   1   6   2  $12    0.010    11.5012   8482.24   0.1    132.05   1.5  10.10.2025  12:17:52
 13   1   7   3  $12    0.100    -2.6628    418.27   0.4  -2074.43   0.2  10.10.2025  12:17:56
 13   1   8   4  $12    0.100     1.3196    296.80   0.1    289.68   1.3  10.10.2025  12:18:01
 14   2  13   1  $12    0.010    13.4707   4619.60   0.0    133.09   1.1  10.10.2025  12:18:06
 14   2  15   3  $12    0.010     4.5398   1556.86   0.2    256.99   0.6  10.10.2025  12:18:08
 14   2  16   4  $12    0.010     8.0258   6086.09   0.0   -533.05   0.2  10.10.2025  12:18:10
 14   2   9  13  $12    0.010     4.3685   3221.82   0.0   -882.84   0.4  10.10.2025  12:18:12
 14   2  11  15  $12    0.010    -2.0450   1833.32   0.3     20.09  29.4  10.10.2025  12:18:14
 14   2  12  16  $12    0.010    -7.2191 158755.87   0.4   -600.17   0.1  10.10.2025  12:18:16
 14   2   9   5  $12    0.010     2.2636   5091.15   0.7   -404.48   1.3  10.10.2025  12:18:18
 14   2  10   6  $12    0.100     5.4774   1376.62   0.0    -22.17   1.4  10.10.2025  12:18:22
 14   2  11   7  $12    0.100     4.5426   1021.67   0.0    -10.00   3.6  10.10.2025  12:18:24
 14   2  12   8  $12    0.100     4.2509    667.73   0.0    -14.09   0.5  10.10.2025  12:18:26
 14   2   5   1  $12    0.010    15.9669  14314.34   0.0    -77.68   0.3  10.10.2025  12:18:31
 14   2   7   3  $12    0.010     1.9662   1450.10   0.8    567.86   1.1  10.10.2025  12:18:35
 14   2   8   4  $12    0.100     7.2426   1137.66   0.0    -30.39   0.7  10.10.2025  12:18:39
 15   3  13   1  $12    0.100     8.2396    624.82   0.0    919.54   0.0  10.10.2025  12:18:41
 15   3  14   2  $12    0.010     4.4437   1523.89   0.0    260.00   0.9  10.10.2025  12:18:46
 15   3  16   4  $12    0.010     6.5509   2246.54   0.6   -244.85   0.7  10.10.2025  12:18:48
 15   3   9  13  $12    0.100    15.0513   2364.25   0.1  -1076.36   0.3  10.10.2025  12:18:51
 15   3  10  14  $12    0.100   -19.0684   1406.31   0.0      7.51   0.5  10.10.2025  12:18:53
 15   3  12  16  $12    0.010    -4.1491   3719.72   0.0   -406.27   0.1  10.10.2025  12:18:58
 15   3   9   5  $12    0.100    10.5632   1659.26   0.0   -336.48   0.0  10.10.2025  12:19:02
 15   3  10   6  $12    0.100     4.6696   1050.23   0.3     17.53   5.6  10.10.2025  12:19:04
 15   3  11   7  $12    0.100     4.5811   1151.36   0.0      3.39  17.4  10.10.2025  12:19:06
 15   3  12   8  $12    0.100     4.8090   1081.59   0.0     -5.69   3.1  10.10.2025  12:19:08
 15   3   5   1  $12    0.100    13.8016  30351.25   0.0   -415.94   0.4  10.10.2025  12:19:10
 15   3   6   2  $12    0.100    19.7902   1774.19   0.1    610.58   0.3  10.10.2025  12:19:12
 15   3   8   4  $12    0.100    18.5838   1370.57   0.0     31.89   2.4  10.10.2025  12:19:14
 16   4  13   1  $12    0.010     4.9891   6411.98   0.0   -504.76   0.2  10.10.2025  12:19:19
 16   4  14   2  $12    0.010     8.1855   6207.16   0.1   -530.88   1.1  10.10.2025  12:19:21
 16   4  15   3  $12    0.010     6.6767   2289.70   0.1   -270.02   0.9  10.10.2025  12:19:23
 16   4   9  13  $12    0.010    -9.4049  21152.49   0.0   -611.20   0.6  10.10.2025  12:19:25
 16   4  10  14  $12    0.100    -7.2065   1131.99   0.1    -35.21   1.7  10.10.2025  12:19:29
 16   4  11  15  $12    0.100   -19.7906   1459.57   0.1    -79.53   0.3  10.10.2025  12:19:31
 16   4   9   5  $12    0.100     2.9667    218.80   0.6    705.67   9.8  10.10.2025  12:19:33
 16   4  10   6  $12    0.100     5.2657    827.13   0.4     26.18  14.9  10.10.2025  12:19:35
 16   4  11   7  $12    0.100     5.6823   1278.00   0.1     -3.51  32.5  10.10.2025  12:19:37
 16   4  12   8  $12    0.100     6.4437   1619.49   0.0     -5.56   4.7  10.10.2025  12:19:39
 16   4   5   1  $12    0.100   -15.6393   1529.59   0.1   -596.09   0.3  10.10.2025  12:19:41
 16   4   6   2  $12    0.010     6.7216 147815.25   0.1   -617.84   0.5  10.10.2025  12:19:46
 16   4   7   3  $12    0.010     4.4997   4034.02   0.0   -377.53   0.1  10.10.2025  12:19:48
  1   4   2   3  $12    0.010    13.6637   8585.13   0.0     79.74   0.5  10.10.2025  12:19:50
  2   3   1   4  $12    0.010    13.7312   8627.59   0.0     74.38   0.6  10.10.2025  12:19:52
  1   2   3   4  $12    0.010    -2.0387   3842.86   0.1    256.68   0.5  10.10.2025  12:19:54
  3   4   1   2  $12    0.010    -2.0827   3925.77   0.2    237.22   0.5  10.10.2025  12:19:56
  5   8   6   7  $12    0.100    15.7891    992.06   0.0    -18.64   1.0  10.10.2025  12:20:00
  6   7   5   8  $12    0.100    14.8948    935.87   0.2     19.53  27.0  10.10.2025  12:20:02
  5   6   7   8  $12    0.100    -4.5386    855.51   0.0    -27.50  11.7  10.10.2025  12:20:04
  7   8   5   6  $12    0.100    -4.3538    820.68   0.9     -1.78 869.0  10.10.2025  12:20:06
  9  12  10  11  $12    0.010     2.9014   1822.97   0.0     -1.75  46.3  10.10.2025  12:20:11
 10  11   9  12  $12    0.010     2.8509   1791.27   0.0     -1.85 516.6  10.10.2025  12:20:13
  9  10  11  12  $12    0.100    -4.4129    831.81   0.7    -95.68   6.9  10.10.2025  12:20:18
 11  12   9  10  $12    0.100    -4.5856    864.36   0.9      7.44  88.4  10.10.2025  12:20:20
 13  16  14  15  $12    0.100    21.2781   1336.94   0.0    -63.28   2.2  10.10.2025  12:20:22
 14  15  13  16  $12    0.100    17.1249   1075.99   0.2    -24.12   3.7  10.10.2025  12:20:24
 13  14  15  16  $12    0.100    -7.6986   1451.15   0.2    -12.72  28.1  10.10.2025  12:20:26
  1   9  10   2  $12    0.010   -19.9102   7164.80   0.1   -104.41   0.5  10.10.2025  12:20:30
  1   9  11   3  $12    0.010    -3.6233   3104.42   0.0   -250.20   1.4  10.10.2025  12:20:32
  1   9  12   4  $12    0.100   -15.3241   2562.40   0.0     -7.75   8.2  10.10.2025  12:20:36
  2  10   9   1  $12    0.010   -20.1171   7239.25   0.0    -99.14   0.3  10.10.2025  12:20:41
  2  10  11   3  $12    0.010    -4.7905   1723.88   0.1    246.94   0.7  10.10.2025  12:20:43
  2  10  12   4  $12    0.010    -2.3646   2025.98   0.0     54.55   0.6  10.10.2025  12:20:45
  3  11   9   1  $12    0.010    -3.6379   3116.91   0.1   -210.62   1.8  10.10.2025  12:20:47
  3  11  10   2  $12    0.010    -4.8978   1762.49   0.1    222.35   0.2  10.10.2025  12:20:49
  3  11  12   4  $12    0.010    -5.4873   1974.62   0.2     19.00  13.3  10.10.2025  12:20:51
 12   4   9   1  $12    0.100    16.8652   2820.09   0.0    -18.89   2.0  10.10.2025  12:20:55
 12   4  10   2  $12    0.010     2.3938   2050.97   0.8     41.34  26.7  10.10.2025  12:21:00
 12   4  11   3  $12    0.010     5.4932   1976.76   0.0     16.30   4.5  10.10.2025  12:21:02
 13   5  14   6  $12    0.010     4.2055   1513.36   0.0      3.92   6.8  10.10.2025  12:21:04
 13   5  15   7  $12    0.010     2.7559   2361.27   0.0     -7.17   8.1  10.10.2025  12:21:06
 13   5  16   8  $12    0.010     8.2718  13831.62   0.0   -569.09   0.2  10.10.2025  12:21:08
 14   6  13   5  $12    0.010     4.2724   1537.46   0.8     -4.49  53.3  10.10.2025  12:21:10
 14   6  15   7  $12    0.010     4.5778   1647.36   0.5      3.00 206.5  10.10.2025  12:21:12
 14   6  16   8  $12    0.010     2.4376   2088.57   0.3    -30.31  21.7  10.10.2025  12:21:14
 15   7  13   5  $12    0.010     2.8276   2422.69   0.5    -11.88  25.5  10.10.2025  12:21:16
 15   7  14   6  $12    0.010     4.5402   1633.83   0.6      3.38 177.7  10.10.2025  12:21:18
 15   7  16   8  $12    0.010     4.0674   1463.67   0.3     30.38  13.8  10.10.2025  12:21:20
 16   8  13   5  $12    0.010     8.6764  14508.22   0.3   -508.29   0.8  10.10.2025  12:21:22
 16   8  14   6  $12    0.010     2.4918   2134.99   0.8    -45.23  11.1  10.10.2025  12:21:24
 16   8  15   7  $12    0.010     4.2790   1539.83   0.0    -18.85   5.2  10.10.2025  12:21:26
  1   2   5   6  $12    0.100    21.0062  39595.72   0.0   -684.61   0.1  10.10.2025  12:21:30
  2   3   6   7  $12    0.100     0.3712    699.68   1.5     86.20  83.4  10.10.2025  12:21:35
  3   4   7   8  $12    0.100     0.0709    133.70   1.7    734.27   1.4  10.10.2025  12:21:49
  1   2   9  10  $12    0.010     2.7334 432797.89   0.8   -646.42   2.2  10.10.2025  12:21:54
  2   3  10  11  $12    0.100     0.0732   1159.43   0.5     77.37   3.7  10.10.2025  12:22:09
  3   4  11  12  $12    0.100    -0.0056     89.43  16.4  -1771.15  16.8  10.10.2025  12:22:23
  1   2  13  14  $12    0.100     0.2771  14938.99   0.1   -132.83   0.6  10.10.2025  12:22:28
  2   3  14  15  $12    0.100     0.6479  34925.44   0.2    -30.46   5.7  10.10.2025  12:22:33
  3   4  15  16  $12    0.010     3.4903 1881623.76   0.3   -682.30   0.7  10.10.2025  12:22:38
  5   6   9  10  $12    0.010    -6.6483 125317.33   0.5   -687.33   0.3  10.10.2025  12:22:40
  6   7  10  11  $12   10.000    16.8919    318.40   0.0      5.07   0.6  10.10.2025  12:22:47
  7   8  11  12  $12   10.000    16.6622    314.08   0.0      2.23   8.6  10.10.2025  12:22:49
  5   6  13  14  $12    1.000    -0.1938    306.80  34.1   1549.74 222.4  10.10.2025  12:22:56
  6   7  14  15  $12   10.000     4.0621    643.18   0.0     -1.09  16.1  10.10.2025  12:23:00
  7   8  15  16  $12   10.000    12.9339   2047.90   0.1   -125.53   1.5  10.10.2025  12:23:02
  9  10  13  14  $12    0.100    -0.0694    130.80  11.0   -547.07   4.8  10.10.2025  12:23:11
 10  11  14  15  $12   10.000    18.1987    343.04   0.0     -5.55   0.4  10.10.2025  12:23:16
 11  12  15  16  $12    1.000     4.9658    936.02   0.2    224.65   1.0  10.10.2025  12:23:21
  1   2   6   7  $12    0.100     0.2974   1121.20   0.0   -304.66   0.3  10.10.2025  12:23:26
  2   3   7   8  $12    0.100     0.3308   1247.02   0.3    203.70   0.2  10.10.2025  12:23:32
  1   2   7   8  $12    0.100     0.2859   1885.99   0.4   -349.59   1.4  10.10.2025  12:23:37
  2   3   7   8  $12    0.100     0.2937   1107.06   0.3    257.03   2.9  10.10.2025  12:23:42
  1   2  10  11  $12    0.100     0.1068   2415.51   0.6   -189.04   2.6  10.10.2025  12:23:55
  2   3  11  12  $12    0.100     0.0100    226.83   6.3   1991.35   5.3  10.10.2025  12:24:09
  1   2  11  12  $12    0.100     0.1440   4477.98   0.5   -326.46   1.6  10.10.2025  12:24:23
  2   3  11  12  $12    0.100    -0.0312    704.91   0.8   -742.46   1.4  10.10.2025  12:24:36
  1   2  14  15  $12    0.100     0.4769  32718.34   0.8   -500.10   0.7  10.10.2025  12:24:41
  2   3  15  16  $12    0.010     4.6191 3169279.65   0.2   -663.86   0.8  10.10.2025  12:24:46
  1   2  15  16  $12    0.010    -3.9268 3367808.09   0.5   -717.54   0.2  10.10.2025  12:24:48
  2   3  15  16  $12    0.010     4.6093 3162557.24   0.8   -671.85   1.3  10.10.2025  12:24:50
  5   6  10  11  $12    1.000     3.5738   1347.29   0.7   -237.26   6.2  10.10.2025  12:24:56
  6   7  11  12  $12   10.000    14.2327    536.56   0.0      3.57   0.6  10.10.2025  12:24:59
  5   6  11  12  $12    1.000     0.7306    481.98  12.7   -173.48  54.1  10.10.2025  12:25:09
  6   7  11  12  $12   10.000    14.2096    535.69   0.0      3.42   0.5  10.10.2025  12:25:13
  5   6  14  15  $12    1.000    -8.3455  18877.05   2.9   -306.62   3.9  10.10.2025  12:25:23
  6   7  15  16  $12    1.000     2.7705   6266.73   0.6   -375.07   1.7  10.10.2025  12:25:25
  5   6  15  16  $12    0.010     4.5740 1422587.14   0.6   -642.44   0.1  10.10.2025  12:25:33
  6   7  15  16  $12    1.000     2.9571   6688.83   0.4   -371.53   1.5  10.10.2025  12:25:39
  9  10  14  15  $12    0.100    -2.6899  10140.67   4.7   -370.45   0.2  10.10.2025  12:25:49
 10  11  15  16  $12    1.000     5.9820   2255.16   0.3    114.93   5.5  10.10.2025  12:25:53
  9  10  15  16  $12    0.010     8.5375 563250.99   0.1   -684.83   0.0  10.10.2025  12:26:01
 10  11  15  16  $12    1.000     6.0560   2283.07   0.0    120.24   1.9  10.10.2025  12:26:07
