//C:\Users\user\Desktop\GeoTom\GeoTomE724.ini
//- Cable direction:
//  cable I: normal
//  cable II: normal
//  cable III: normal
//  cable IV: normal
//- Cable arrangement: sequential
//- Optimization: Last measurement
//- Sorting: Multi-level
//- Current levels: 0.001 mA .. 50.0 mA
Type:         Flow
Name:         Hyprop
Comment:      Example of a measurements sequence
Comment:      
Comment:      
Spacing:      1.00000
First El:     0.00000
Nr of points: 289
IP present:   1

  1   5   2   6  $12    0.010     4.5431   1946.24   0.0      0.87  21.3  08.10.2025  21:10:05
  1   5   3   7  $12    0.100    13.9595   2631.31   0.0      1.53   1.7  08.10.2025  21:10:09
  1   5   4   8  $12    0.100     8.6957   1147.37   0.0      0.00 288.9  08.10.2025  21:10:11
  1   5  14   2  $12    0.010    -2.8553   2559.77   0.0     11.20   1.5  08.10.2025  21:10:16
  1   5  15   3  $12    0.100    -3.5627   7834.76   0.0      8.63   2.5  08.10.2025  21:10:20
  1   5  16   4  $12    1.000   -18.3227    179.20   0.0     -6.48   0.8  08.10.2025  21:10:23
  1   5  13   9  $12    0.100     5.6785   4281.47   0.0     -0.04 119.9  08.10.2025  21:10:28
  1   5  14  10  $12    0.100     5.3065   6095.28   0.3      3.97  56.3  08.10.2025  21:10:30
  1   5  15  11  $12    0.100     5.0679   8358.73   0.1      2.00  77.6  08.10.2025  21:10:32
  1   5  16  12  $12    0.100     4.1303   9366.88   0.1     -1.66  14.3  08.10.2025  21:10:34
  1   5  10   6  $12    0.100    11.1065    981.34   0.0      1.40   6.4  08.10.2025  21:10:36
  1   5  11   7  $12    0.100     5.2892   1246.24   0.1     -0.91 107.2  08.10.2025  21:10:38
  1   5  12   8  $12    0.100     2.7410   1243.23   0.0     -1.28 124.2  08.10.2025  21:10:40
  2   6   1   5  $12    0.010     4.5002   1927.90   0.0      4.27   5.5  08.10.2025  21:10:45
  2   6   3   7  $12    0.010     3.2832   1406.51   0.3     -5.35  50.8  08.10.2025  21:10:47
  2   6   4   8  $12    0.100    15.6279   2945.79   0.0     -2.38   0.1  08.10.2025  21:10:51
  2   6  13   1  $12    0.010    -2.8151   2076.15   0.0     16.48   0.9  08.10.2025  21:10:56
  2   6  15   3  $12    0.100   -14.1733   1270.64   0.0      6.06   1.5  08.10.2025  21:10:59
  2   6  16   4  $12    0.100    -5.6185  12355.77   0.0     -6.64   4.9  08.10.2025  21:11:01
  2   6  13   9  $12    0.100     5.4111   2454.30   0.1      2.46 117.6  08.10.2025  21:11:03
  2   6  14  10  $12    0.100     5.3333   4021.18   0.2      0.08 2883.0  08.10.2025  21:11:05
  2   6  15  11  $12    0.100     5.3697   6167.90   0.0      1.69  62.6  08.10.2025  21:11:07
  2   6  16  12  $12    0.100     4.6449   7660.94   0.1     -0.12 917.1  08.10.2025  21:11:10
  2   6   9   5  $12    0.100    11.1501   1471.23   0.0     -0.10 140.3  08.10.2025  21:11:12
  2   6  11   7  $12    0.100    12.7081   1122.85   0.0     -1.51  42.0  08.10.2025  21:11:14
  2   6  12   8  $12    0.100     5.3370   1257.51   0.0     -1.40  57.0  08.10.2025  21:11:16
  3   7   1   5  $12    0.100    14.0482   2648.03   0.0      0.26  21.2  08.10.2025  21:11:18
  3   7   2   6  $12    0.010     3.2549   1394.38   0.0     -2.95   5.5  08.10.2025  21:11:23
  3   7   4   8  $12    0.010     3.4390   1473.26   0.0     -0.31 165.0  08.10.2025  21:11:25
  3   7  13   1  $12    0.100    -3.3041    519.01   0.0      5.82   1.6  08.10.2025  21:11:28
  3   7  14   2  $12    0.100   -14.0397   1035.44   0.0      1.76  14.3  08.10.2025  21:11:30
  3   7  16   4  $12    0.100   -15.4168   1382.12   0.0      7.81   2.0  08.10.2025  21:11:32
  3   7  13   9  $12    0.100     5.0296   1185.06   0.0      1.57 152.0  08.10.2025  21:11:34
  3   7  14  10  $12    0.100     5.3174   2411.80   0.0     -3.00  86.1  08.10.2025  21:11:36
  3   7  15  11  $12    0.100     5.6469   4257.67   0.1     -1.00 163.0  08.10.2025  21:11:38
  3   7  16  12  $12    0.100     5.3713   6169.73   0.0     -1.00 105.3  08.10.2025  21:11:40
  3   7   9   5  $12    0.100     5.7039   1075.16   0.0     -0.61  81.3  08.10.2025  21:11:42
  3   7  10   6  $12    0.100    13.0120   1716.90   0.0     -2.03  17.1  08.10.2025  21:11:44
  3   7  12   8  $12    0.100    13.2494   1170.68   0.0      0.57  81.7  08.10.2025  21:11:46
  4   8   1   5  $12    0.100     8.8250   1164.43   0.0      0.54  65.5  08.10.2025  21:11:48
  4   8   2   6  $12    0.100    15.7020   2959.76   0.0      1.82  12.8  08.10.2025  21:11:50
  4   8   3   7  $12    0.010     3.4820   1491.70   0.0      0.40  19.3  08.10.2025  21:11:55
  4   8  13   1  $12    1.000   -15.5748    350.29   0.0     10.06   1.0  08.10.2025  21:12:01
  4   8  14   2  $12    0.100    -5.4384    854.27   0.0      0.06 116.4  08.10.2025  21:12:06
  4   8  15   3  $12    0.100   -16.2771   1200.45   0.0      3.51   5.1  08.10.2025  21:12:08
  4   8  13   9  $12    0.100     4.3311    382.68   0.1      0.10 1510.0  08.10.2025  21:12:10
  4   8  14  10  $12    0.100     4.7955   1129.92   0.2     -2.90  92.0  08.10.2025  21:12:12
  4   8  15  11  $12    0.100     5.3559   2429.27   0.1     -0.84 219.3  08.10.2025  21:12:14
  4   8  16  12  $12    0.100     5.5124   4156.26   0.0     -2.58   2.3  08.10.2025  21:12:16
  4   8   9   5  $12    0.100     2.9758    127.48   0.0     -3.33  16.4  08.10.2025  21:12:18
  4   8  10   6  $12    0.100     5.5268   1041.79   0.0     -1.47  30.8  08.10.2025  21:12:20
  4   8  11   7  $12    0.100    13.1916   1740.59   0.0      2.40   2.3  08.10.2025  21:12:22
  5   9   6  10  $12    0.010     3.3339   1428.23   0.0     -3.34   1.1  08.10.2025  21:12:27
  5   9   7  11  $12    0.100    16.3986   3091.05   0.0      1.49   3.3  08.10.2025  21:12:30
  5   9   8  12  $12    0.100    11.0216   1454.27   0.0      0.94  28.1  08.10.2025  21:12:32
  5   9   2   6  $12    0.100   -11.0808   1462.08   0.0      3.26   5.2  08.10.2025  21:12:34
  5   9   3   7  $12    0.100    -5.6591   1066.71   0.0      4.81  11.1  08.10.2025  21:12:36
  5   9   4   8  $12    0.100    -2.9390    125.91   0.0      6.60   5.4  08.10.2025  21:12:38
  5   9   1  13  $12    0.100     5.6837   1428.46   0.0     -0.91 125.0  08.10.2025  21:12:40
  5   9   2  14  $12    0.100     5.1404   1156.13   0.1     -0.14 426.2  08.10.2025  21:12:42
  5   9   3  15  $12    0.100     4.3752    687.26   0.0     -2.54  28.5  08.10.2025  21:12:44
  5   9   4  16  $12    0.100     4.2752    315.30   0.0     -0.43 181.4  08.10.2025  21:12:46
  5   9  14  10  $12    0.100    16.3919   1448.34   0.0      5.02   2.1  08.10.2025  21:12:48
  5   9  15  11  $12    0.100     6.3290   1491.24   0.0      1.96  90.9  08.10.2025  21:12:50
  5   9  16  12  $12    0.100     3.7902   1719.11   0.1      0.68 179.9  08.10.2025  21:12:52
  6  10   5   9  $12    0.010     3.3211   1422.77   0.0     -3.84   3.9  08.10.2025  21:12:57
  6  10   7  11  $12    0.010     3.3468   1433.77   0.0     -2.27  23.9  08.10.2025  21:12:59
  6  10   8  12  $12    0.100    18.7339   3531.25   0.0      0.92   2.1  08.10.2025  21:13:03
  6  10   1   5  $12    0.100   -11.1058    981.28   0.1      1.05 142.0  08.10.2025  21:13:05
  6  10   3   7  $12    0.100   -12.9720   1711.62   0.0      5.81  13.8  08.10.2025  21:13:07
  6  10   4   8  $12    0.100    -5.4633   1029.81   0.0      6.76   2.7  08.10.2025  21:13:09
  6  10   1  13  $12    0.100     4.9589   1115.31   0.0     -0.65 231.6  08.10.2025  21:13:11
  6  10   2  14  $12    0.100     4.7433   1192.12   0.1      2.33  37.0  08.10.2025  21:13:13
  6  10   3  15  $12    0.100     4.4273    995.74   0.0     -2.96  11.0  08.10.2025  21:13:15
  6  10   4  16  $12    0.100     4.6570    731.52   0.0     -0.97  92.4  08.10.2025  21:13:17
  6  10  13   9  $12    0.100    16.9709   2239.26   0.1      1.66  37.6  08.10.2025  21:13:19
  6  10  15  11  $12    0.100    15.9631   1410.46   0.0     -0.96  57.5  08.10.2025  21:13:21
  6  10  16  12  $12    0.100     8.6256   2032.36   0.0     -1.31  67.3  08.10.2025  21:13:23
  7  11   5   9  $12    0.100    16.4774   3105.92   0.0      0.87   5.9  08.10.2025  21:13:25
  7  11   6  10  $12    0.010     3.3335   1428.08   0.0     -2.62   0.8  08.10.2025  21:13:30
  7  11   8  12  $12    0.010     4.0217   1722.88   0.0     -2.53  12.8  08.10.2025  21:13:32
  7  11   1   5  $12    0.100    -5.2519   1237.44   0.0      4.63   6.6  08.10.2025  21:13:36
  7  11   2   6  $12    0.100   -12.5979   1113.12   0.0      2.98  11.6  08.10.2025  21:13:38
  7  11   4   8  $12    0.100   -13.2198   1744.31   0.0      1.67  13.7  08.10.2025  21:13:40
  7  11   1  13  $12    0.100     4.1758    655.93   0.0     -0.60 278.8  08.10.2025  21:13:42
  7  11   2  14  $12    0.100     4.2601    958.14   0.0     -2.40  60.3  08.10.2025  21:13:44
  7  11   3  15  $12    0.100     4.3707   1098.48   0.0     -4.39   4.5  08.10.2025  21:13:46
  7  11   4  16  $12    0.100     5.0223   1129.56   0.1     -0.99  64.1  08.10.2025  21:13:48
  7  11  13   9  $12    0.100     7.0719   1333.03   0.2     -1.59  95.7  08.10.2025  21:13:50
  7  11  14  10  $12    0.100    16.2970   2150.34   0.0      0.32 181.6  08.10.2025  21:13:52
  7  11  16  12  $12    0.100    21.7570   1922.39   0.0      0.13 137.6  08.10.2025  21:13:54
  8  12   5   9  $12    0.100    11.1290   1468.44   0.0      1.02  11.1  08.10.2025  21:13:56
  8  12   6  10  $12    0.100    18.8551   3554.10   0.0      0.75   3.6  08.10.2025  21:13:58
  8  12   7  11  $12    0.010     4.0271   1725.22   0.0     -1.71   7.7  08.10.2025  21:14:03
  8  12   1   5  $12    0.100    -2.7039   1226.42   0.0      9.17   1.9  08.10.2025  21:14:06
  8  12   2   6  $12    0.100    -5.3175   1252.91   0.1      4.64  20.9  08.10.2025  21:14:08
  8  12   3   7  $12    0.100   -13.1138   1158.70   0.0      4.49   3.7  08.10.2025  21:14:10
  8  12   1  13  $12    0.100     3.7397    275.81   0.3     -0.83 224.3  08.10.2025  21:14:12
  8  12   2  14  $12    0.100     4.0590    637.59   0.0     -3.36  51.7  08.10.2025  21:14:14
  8  12   3  15  $12    0.100     4.5600   1025.59   0.0     -4.20   7.2  08.10.2025  21:14:16
  8  12  16   4  $12    0.100    -5.6808   1427.73   0.0      2.96  10.9  08.10.2025  21:14:18
  8  12   9  13  $12    0.100    -4.6462    199.04   0.2      2.35 118.3  08.10.2025  21:14:20
  8  12  10  14  $12    0.100    -9.4176   1775.18   0.1      1.08  82.3  08.10.2025  21:14:22
  8  12  11  15  $12    0.100   -22.4709   2964.97   0.0      1.93   2.8  08.10.2025  21:14:24
  9  13  10  14  $12    0.010     3.7523   1607.47   0.0     -3.78   2.8  08.10.2025  21:14:29
  9  13  11  15  $12    0.100    18.9892   3579.37   0.0      1.87   3.6  08.10.2025  21:14:33
  9  13  12  16  $12    0.100    11.0144   1453.32   0.0      1.15  30.6  08.10.2025  21:14:35
  9  13   6  10  $12    0.100   -16.5250   2180.42   0.0      4.51   3.4  08.10.2025  21:14:37
  9  13   7  11  $12    0.100    -6.8816   1297.16   0.0      5.98  11.9  08.10.2025  21:14:39
  9  13   8  12  $12    0.100    -4.5344    194.25   0.0      5.58  10.3  08.10.2025  21:14:41
  9  13   5   1  $12    0.100     5.7016   4298.94   0.0     -0.35 301.8  08.10.2025  21:14:43
  9  13   6   2  $12    0.100     5.4354   2465.32   0.1     -0.92  49.3  08.10.2025  21:14:45
  9  13   7   3  $12    0.100     5.0239   1183.74   0.0     -1.02   7.5  08.10.2025  21:14:47
  9  13   8   4  $12    0.100     4.3180    381.53   0.0     -1.78   1.9  08.10.2025  21:14:49
  9  13   2  14  $12    0.100    14.9016   1099.00   0.0      1.60   0.4  08.10.2025  21:14:51
  9  13   3  15  $12    0.100     7.0909   1113.83   0.0     -0.72  60.8  08.10.2025  21:14:53
  9  13   4  16  $12    0.100     2.1772    489.67   0.0     -7.79  26.1  08.10.2025  21:14:55
 10  14   9  13  $12    0.010     3.7699   1615.01   0.0     -7.92   1.1  08.10.2025  21:15:00
 10  14  11  15  $12    0.010     3.8565   1652.11   0.1     -4.11  34.7  08.10.2025  21:15:02
 10  14  12  16  $12    0.100    18.4719   3481.87   0.0     -1.21   2.6  08.10.2025  21:15:06
 10  14   5   9  $12    0.100   -16.7509   1480.06   0.0      1.50  25.0  08.10.2025  21:15:08
 10  14   7  11  $12    0.100   -16.3471   2156.95   0.0      1.02   3.1  08.10.2025  21:15:10
 10  14   8  12  $12    0.100    -9.3388   1760.32   0.0      2.35  10.0  08.10.2025  21:15:12
 10  14   5   1  $12    0.100     5.3471   6141.91   0.0     -3.60  33.2  08.10.2025  21:15:14
 10  14   6   2  $12    0.100     5.3677   4047.12   0.1     -2.06  32.8  08.10.2025  21:15:16
 10  14   7   3  $12    0.100     5.2860   2397.55   0.0     -0.78   2.9  08.10.2025  21:15:18
 10  14   8   4  $12    0.100     4.7811   1126.52   0.0     -2.92   0.8  08.10.2025  21:15:20
 10  14   1  13  $12    0.100    15.1493   1358.14   0.0     -0.96   2.1  08.10.2025  21:15:22
 10  14   3  15  $12    0.100    16.6491   1227.88   0.0     -1.51  21.9  08.10.2025  21:15:24
 10  14   4  16  $12    0.100     4.3526    683.71   0.0     -8.20  14.2  08.10.2025  21:15:26
 11  15   9  13  $12    0.100    19.1632   3612.18   0.0      1.64   1.8  08.10.2025  21:15:28
 11  15  10  14  $12    0.010     3.8527   1650.51   0.0     -3.62   3.0  08.10.2025  21:15:33
 11  15  12  16  $12    0.010     3.8220   1637.33   0.0     -6.18   4.4  08.10.2025  21:15:35
 11  15   5   9  $12    0.100    -6.3741   1501.86   0.0      4.27   1.2  08.10.2025  21:15:38
 11  15   6  10  $12    0.100   -15.8144   1397.32   0.0      3.39   0.7  08.10.2025  21:15:40
 11  15   8  12  $12    0.100   -22.2397   2934.46   0.0      1.50   6.4  08.10.2025  21:15:42
 11  15   5   1  $12    0.100     5.1243   8451.68   0.0     -1.74  35.8  08.10.2025  21:15:44
 11  15   6   2  $12    0.100     5.3850   6185.44   0.0     -0.74 117.1  08.10.2025  21:15:46
 11  15   7   3  $12    0.100     5.6438   4255.35   0.0      0.08 125.9  08.10.2025  21:15:48
 11  15   8   4  $12    0.100     5.3584   2430.38   0.0     -1.20   2.9  08.10.2025  21:15:50
 11  15   1  13  $12    0.100     7.6483  16819.40   0.0     -0.62  37.4  08.10.2025  21:15:52
 11  15   2  14  $12    0.100    17.1053   1533.49   0.0      0.00 275.8  08.10.2025  21:15:54
 11  15   4  16  $12    0.100    10.1425    748.02   0.0     -8.58   0.5  08.10.2025  21:15:56
 12  16   9  13  $12    0.100    11.0252   1454.74   0.0      3.42  19.6  08.10.2025  21:15:58
 12  16  10  14  $12    0.100    18.4372   3475.33   0.0      1.88  30.6  08.10.2025  21:16:00
 12  16  11  15  $12    0.010     3.7964   1626.37   0.0     -1.74   7.7  08.10.2025  21:16:05
 12  16   5   9  $12    0.100    -3.8307   1737.48   0.0      9.71   0.1  08.10.2025  21:16:09
 12  16   6  10  $12    0.100    -8.6565   2039.65   0.0      3.44   5.0  08.10.2025  21:16:11
 12  16   7  11  $12    0.100   -21.9738   1941.55   0.0      3.05   3.0  08.10.2025  21:16:13
 12  16   5   1  $12    0.100     4.1352   9378.07   0.1      1.38  23.7  08.10.2025  21:16:15
 12  16   6   2  $12    0.100     4.6518   7672.35   0.0      0.16 180.7  08.10.2025  21:16:17
 12  16   7   3  $12    0.100     5.3498   6145.06   0.0      0.92   2.8  08.10.2025  21:16:19
 12  16   8   4  $12    0.100     5.5183   4160.69   0.0     -0.93   6.7  08.10.2025  21:16:21
 12  16  13   1  $12    0.100    -3.0025    293.66   0.0     12.36   0.4  08.10.2025  21:16:23
 12  16  14   2  $12    0.100    -5.0572  11121.46   0.0      7.98   8.6  08.10.2025  21:16:25
 12  16  15   3  $12    0.100   -10.3620    928.96   0.0      7.66   1.1  08.10.2025  21:16:27
 13   1  14   2  $12    0.010     4.8870   1675.94   0.0      0.91  25.3  08.10.2025  21:16:32
 13   1  15   3  $12    0.100    15.0233   1139.24   0.0      1.95   1.2  08.10.2025  21:16:36
 13   1  16   4  $12    0.100     8.2565   1061.12   0.0     -0.63  50.5  08.10.2025  21:16:37
 13   1  10  14  $12    0.100   -15.0668   1350.74   0.0      4.86  13.6  08.10.2025  21:16:39
 13   1  11  15  $12    0.100    -7.5615  16628.57   0.0      5.69   0.1  08.10.2025  21:16:41
 13   1  12  16  $12    0.100    -3.0531    298.60   0.0      5.60   3.3  08.10.2025  21:16:43
 13   1   9   5  $12    0.100     5.6776   1426.93   0.0     -0.17 116.1  08.10.2025  21:16:45
 13   1  10   6  $12    0.100     4.9803   1120.11   0.0     -1.01  53.8  08.10.2025  21:16:47
 13   1  11   7  $12    0.100     4.2039    660.34   0.0     -1.32  27.7  08.10.2025  21:16:49
 13   1  12   8  $12    0.100     3.7410    275.90   0.0     -2.23  29.6  08.10.2025  21:16:51
 13   1   6   2  $12    0.010     2.8693   2116.15   0.0      1.95  10.3  08.10.2025  21:16:56
 13   1   7   3  $12    0.100     3.2422    509.28   0.0     -2.61   7.1  08.10.2025  21:17:00
 13   1   8   4  $12    1.000    14.0110    315.12   0.0     -1.83   1.4  08.10.2025  21:17:04
 14   2  13   1  $12    0.010     4.8285   1655.88   0.0      4.88   1.1  08.10.2025  21:17:12
 14   2  15   3  $12    0.010     3.5557   1219.39   0.0     -0.33 489.3  08.10.2025  21:17:14
 14   2  16   4  $12    0.100    14.5539   1103.65   0.0     -2.78   1.0  08.10.2025  21:17:17
 14   2   9  13  $12    0.100   -14.6412   1079.80   0.0      7.30   4.7  08.10.2025  21:17:19
 14   2  11  15  $12    0.100   -16.7657   1503.05   0.0      3.95   0.9  08.10.2025  21:17:21
 14   2  12  16  $12    0.100    -5.0946  11203.55   0.0      5.37  11.7  08.10.2025  21:17:23
 14   2   9   5  $12    0.100     5.1454   1157.25   0.0     -2.15   5.3  08.10.2025  21:17:25
 14   2  10   6  $12    0.100     4.7759   1200.31   0.0     -4.58   3.1  08.10.2025  21:17:27
 14   2  11   7  $12    0.100     4.2730    961.03   0.0     -3.99  10.5  08.10.2025  21:17:29
 14   2  12   8  $12    0.100     4.0573    637.31   0.0     -2.41   5.5  08.10.2025  21:17:31
 14   2   5   1  $12    0.010     2.8626   2566.30   0.0      3.59   2.3  08.10.2025  21:17:36
 14   2   7   3  $12    0.100    14.0474   1036.01   0.0      4.81   1.6  08.10.2025  21:17:40
 14   2   8   4  $12    0.100     5.3888    846.47   0.0    -10.92   1.1  08.10.2025  21:17:42
 15   3  13   1  $12    0.100    15.1073   1145.61   0.0      2.05   5.8  08.10.2025  21:17:44
 15   3  14   2  $12    0.010     3.5544   1218.93   0.0     -1.80  14.6  08.10.2025  21:17:49
 15   3  16   4  $12    0.010     3.0974   1062.23   0.0     -2.44  61.7  08.10.2025  21:17:51
 15   3   9  13  $12    0.100    -7.0645   1109.68   0.0      6.54   0.2  08.10.2025  21:17:54
 15   3  10  14  $12    0.100   -16.6737   1229.70   0.1      4.07  22.6  08.10.2025  21:17:56
 15   3  12  16  $12    0.100   -10.4927    940.68   0.0     -1.42   9.9  08.10.2025  21:17:58
 15   3   9   5  $12    0.100     4.3536    683.85   0.0     -1.71  53.0  08.10.2025  21:18:00
 15   3  10   6  $12    0.100     4.4130    992.53   0.0     -2.05  22.2  08.10.2025  21:18:02
 15   3  11   7  $12    0.100     4.3358   1089.71   0.0     -1.42  50.8  08.10.2025  21:18:05
 15   3  12   8  $12    0.100     4.5257   1017.88   0.0     -1.16  18.9  08.10.2025  21:18:07
 15   3   5   1  $12    0.100     3.6888   8112.12   0.0     -2.68   7.3  08.10.2025  21:18:09
 15   3   6   2  $12    0.100    14.3359   1285.22   0.0      0.69  63.2  08.10.2025  21:18:11
 15   3   8   4  $12    0.100    15.4904   1142.43   0.0      5.46   1.4  08.10.2025  21:18:13
 16   4  13   1  $12    0.100     8.2716   1063.07   0.0      2.01   4.6  08.10.2025  21:18:15
 16   4  14   2  $12    0.100    14.5480   1103.19   0.0     -0.17 139.6  08.10.2025  21:18:17
 16   4  15   3  $12    0.010     3.1149   1068.21   0.0      0.15  66.2  08.10.2025  21:18:21
 16   4   9  13  $12    0.100    -2.0551    462.22   0.0     15.18   3.3  08.10.2025  21:18:25
 16   4  10  14  $12    0.100    -4.1413    650.52   0.1     15.33   5.3  08.10.2025  21:18:27
 16   4  11  15  $12    0.100    -9.8227    724.43   0.0      9.49   3.3  08.10.2025  21:18:29
 16   4   9   5  $12    0.100     4.2606    314.22   0.0      0.64 175.7  08.10.2025  21:18:31
 16   4  10   6  $12    0.100     4.6553    731.25   0.0     -1.28  42.9  08.10.2025  21:18:33
 16   4  11   7  $12    0.100     5.0050   1125.68   0.0      0.23 191.8  08.10.2025  21:18:35
 16   4  12   8  $12    0.100     5.7156   1436.48   0.0      0.49  25.2  08.10.2025  21:18:37
 16   4   5   1  $12    1.000    19.8969    194.60   0.0      5.95   0.7  08.10.2025  21:18:41
 16   4   6   2  $12    0.100     5.7801  12711.09   0.0     -8.03   1.0  08.10.2025  21:18:46
 16   4   7   3  $12    0.100    16.3090   1462.10   0.0     -3.07   1.0  08.10.2025  21:18:48
  1   4   2   3  $12    0.010     3.7104   2331.31   0.0      3.99   1.3  08.10.2025  21:18:53
  2   3   1   4  $12    0.010     3.6708   2306.44   0.1      7.35  27.2  08.10.2025  21:18:55
  1   2   3   4  $12    0.100    -6.5776   1239.84   0.0     13.11   0.8  08.10.2025  21:18:58
  3   4   1   2  $12    0.100    -6.5606   1236.63   0.0      8.57   9.7  08.10.2025  21:19:00
  5   8   6   7  $12    0.100    14.6345    919.51   0.0      1.54  10.1  08.10.2025  21:19:02
  6   7   5   8  $12    0.100    14.7732    928.23   0.0     -0.53  40.4  08.10.2025  21:19:04
  5   6   7   8  $12    0.100    -4.4418    837.26   0.1     14.34   9.5  08.10.2025  21:19:06
  7   8   5   6  $12    0.100    -4.4271    834.49   0.1      4.20  36.1  08.10.2025  21:19:08
  9  12  10  11  $12    0.010     2.4485   1538.45   0.0     -3.57   7.6  08.10.2025  21:19:13
 10  11   9  12  $12    0.010     2.4820   1559.46   0.1    -10.75  21.1  08.10.2025  21:19:15
  9  10  11  12  $12    0.100    -4.3375    817.61   0.0      3.27   8.0  08.10.2025  21:19:19
 11  12   9  10  $12    0.100    -4.2222    795.87   0.1      7.62  15.5  08.10.2025  21:19:21
 13  16  14  15  $12    0.100    14.3811    903.59   0.0      6.09   5.9  08.10.2025  21:19:23
 14  15  13  16  $12    0.100    14.4338    906.90   0.0     -2.22   8.8  08.10.2025  21:19:25
 13  14  15  16  $12    0.100    -6.9319   1306.63   0.0      1.66  83.6  08.10.2025  21:19:27
  1   9  10   2  $12    0.010    -5.5112   1983.25   0.0      8.71   2.3  08.10.2025  21:19:32
  1   9  11   3  $12    0.100   -19.2372   1648.24   0.0      4.06   0.5  08.10.2025  21:19:36
  1   9  12   4  $12    0.100   -13.9652   2335.17   0.0      3.76  14.7  08.10.2025  21:19:38
  2  10   9   1  $12    0.010    -5.4732   1969.57   0.0     11.83   2.1  08.10.2025  21:19:42
  2  10  11   3  $12    0.010    -3.9713   1429.08   0.0      6.69   1.6  08.10.2025  21:19:44
  2  10  12   4  $12    0.010    -2.3236   1990.82   0.1      9.41  19.6  08.10.2025  21:19:46
  3  11   9   1  $12    0.100   -19.4082   1662.89   0.0      3.54   1.4  08.10.2025  21:19:50
  3  11  10   2  $12    0.010    -3.9706   1428.84   0.0      6.44   1.0  08.10.2025  21:19:55
  3  11  12   4  $12    0.010    -4.7455   1707.69   0.0      7.09   7.1  08.10.2025  21:19:57
 12   4   9   1  $12    0.100    14.1586   2367.52   0.0      1.41   4.4  08.10.2025  21:20:01
 12   4  10   2  $12    0.010     2.3761   2035.88   0.0     -3.29   8.0  08.10.2025  21:20:06
 12   4  11   3  $12    0.010     4.8384   1741.11   0.0      1.46  12.2  08.10.2025  21:20:08
 13   5  14   6  $12    0.010     3.6807   1324.53   0.0     -2.25   7.2  08.10.2025  21:20:10
 13   5  15   7  $12    0.010     2.2464   1924.74   0.1     -4.56  59.2  08.10.2025  21:20:12
 13   5  16   8  $12    0.100    13.6960   2290.17   0.0     -0.04 239.1  08.10.2025  21:20:15
 14   6  13   5  $12    0.010     3.6748   1322.39   0.0     -3.06   2.3  08.10.2025  21:20:20
 14   6  15   7  $12    0.010     3.9529   1422.48   0.0     -2.15   5.4  08.10.2025  21:20:22
 14   6  16   8  $12    0.100    19.1958   1644.69   0.0      0.66   6.1  08.10.2025  21:20:26
 15   7  13   5  $12    0.100    22.2017   1902.23   0.0      1.59   9.6  08.10.2025  21:20:28
 15   7  14   6  $12    0.010     3.9529   1422.46   0.0     -2.49   2.8  08.10.2025  21:20:33
 15   7  16   8  $12    0.010     3.4077   1226.26   0.1     -5.42  17.9  08.10.2025  21:20:35
 16   8  13   5  $12    0.100    13.6045   2274.87   0.0      2.57   1.5  08.10.2025  21:20:39
 16   8  14   6  $12    0.100    19.1055   1636.95   0.0      2.23   3.6  08.10.2025  21:20:41
 16   8  15   7  $12    0.010     3.3799   1216.28   0.0     -1.35  16.3  08.10.2025  21:20:45
  1   2   5   6  $12    1.000     2.6197    493.80   0.0    -22.35   1.1  08.10.2025  21:20:51
  2   3   6   7  $12    1.000     3.3779    636.72   0.0     -3.51   7.3  08.10.2025  21:20:53
  3   4   7   8  $12   10.000    18.9108    356.46   0.0      5.64   2.1  08.10.2025  21:20:56
  1   2   9  10  $12    1.000     0.7194   1139.12   0.2     23.75  10.4  08.10.2025  21:21:02
  2   3  10  11  $12   10.000     8.8485   1401.04   0.3   -132.82   8.9  08.10.2025  21:21:05
  3   4  11  12  $12   10.000     4.2314    669.99   0.0      3.31  10.8  08.10.2025  21:21:07
  1   2  13  14  $12   10.000     8.0983   4365.75   2.6    -25.81  10.3  08.10.2025  21:21:14
  2   3  14  15  $12   10.000    19.2040  10352.84   0.7    -95.35  14.2  08.10.2025  21:21:17
  3   4  15  16  $12    1.000     3.8967  21007.18   0.0      0.45  24.1  08.10.2025  21:21:22
  5   6   9  10  $12   10.000    19.5913    369.29   0.0     -3.34   3.1  08.10.2025  21:21:25
  6   7  10  11  $12   10.000    16.8927    318.42   0.0      4.98   3.1  08.10.2025  21:21:27
  7   8  11  12  $12   10.000    18.0168    339.61   0.0      8.87   1.1  08.10.2025  21:21:29
  5   6  13  14  $12   10.000     4.0494    641.16   0.1      4.49  23.4  08.10.2025  21:21:31
  6   7  14  15  $12   10.000     4.7559    753.03   0.0      1.90 106.6  08.10.2025  21:21:33
  7   8  15  16  $12   10.000    10.6228   1681.97   0.0      1.12  82.6  08.10.2025  21:21:35
  9  10  13  14  $12   10.000    16.7179    315.13   0.0      4.70   1.5  08.10.2025  21:21:37
 10  11  14  15  $12   10.000    18.9484    357.17   0.0      4.68  10.0  08.10.2025  21:21:39
 11  12  15  16  $12    1.000     4.6273    872.23   0.0     -6.10   3.2  08.10.2025  21:21:44
  1   2   6   7  $12    1.000     2.1402    806.85   0.1    -21.93  14.5  08.10.2025  21:21:46
  2   3   7   8  $12    1.000     3.7841   1426.59   0.2    -33.80   6.2  08.10.2025  21:21:48
  1   2   7   8  $12   10.000   -18.5705   1225.16   0.9    195.88   6.8  08.10.2025  21:21:54
  2   3   7   8  $12    1.000     3.9439   1486.83   0.0    -38.17   1.6  08.10.2025  21:21:58
  1   2  10  11  $12   10.000   -19.9181   4505.38   0.9    200.14   7.7  08.10.2025  21:22:02
  2   3  11  12  $12   10.000     6.7049   1516.62   0.2   -173.99   6.2  08.10.2025  21:22:04
  1   2  11  12  $12    1.000     0.4564   1419.62   0.5     -9.71 169.3  08.10.2025  21:22:09
  2   3  11  12  $12   10.000     4.4956   1016.88   0.1   -166.97   1.6  08.10.2025  21:22:13
  1   2  14  15  $12    1.000     1.7300  11869.83   0.1    -17.87  13.5  08.10.2025  21:22:19
  2   3  15  16  $12    1.000     4.6424  31852.77   0.1    -70.66   5.3  08.10.2025  21:22:21
  1   2  15  16  $12    1.000     2.1821  18714.89   0.2     63.98   4.1  08.10.2025  21:22:23
  2   3  15  16  $12    1.000     4.7104  32319.17   0.0    -36.99   4.4  08.10.2025  21:22:25
  5   6  10  11  $12   10.000    15.4280    581.62   0.0      4.01   0.1  08.10.2025  21:22:29
  6   7  11  12  $12   10.000    15.0884    568.82   0.0      7.60   5.2  08.10.2025  21:22:31
  5   6  11  12  $12   10.000    12.1483    801.47   0.0      6.77   0.3  08.10.2025  21:22:33
  6   7  11  12  $12   10.000    15.0796    568.49   0.0      7.34   0.5  08.10.2025  21:22:35
  5   6  14  15  $12   10.000     4.5562   1030.58   0.0      0.15 389.2  08.10.2025  21:22:37
  6   7  15  16  $12   10.000     9.7701   2209.96   0.1      2.83  34.9  08.10.2025  21:22:39
  5   6  15  16  $12   10.000     9.1631   2849.87   0.0      2.46  12.6  08.10.2025  21:22:41
  6   7  15  16  $12   10.000     9.7615   2208.01   0.0      1.97   8.9  08.10.2025  21:22:43
  9  10  14  15  $12   10.000    18.1686    684.94   0.0      3.16  10.2  08.10.2025  21:22:45
 10  11  15  16  $12    1.000     4.1685   1571.49   0.0     -6.34   3.7  08.10.2025  21:22:49
  9  10  15  16  $12    1.000     3.4812   2296.70   0.0     -4.17   0.9  08.10.2025  21:22:51
 10  11  15  16  $12    1.000     4.1702   1572.14   0.0     -2.82   3.6  08.10.2025  21:22:53
