//C:\Users\user\Desktop\GeoTom\GeoTomE724.ini
//- Cable direction:
//  cable I: normal
//  cable II: normal
//  cable III: normal
//  cable IV: normal
//- Cable arrangement: sequential
//- Optimization: Last measurement
//- Sorting: Multi-level
//- Current levels: 0.001 mA .. 50.0 mA
Type:         Flow
Name:         Hyprop
Comment:      Example of a measurements sequence
Comment:      
Comment:      
Spacing:      1.00000
First El:     0.00000
Nr of points: 289
IP present:   1

  1   5   2   6  $12    0.010    13.8022   5912.85   0.1    611.98   0.6  11.10.2025  02:10:05
  1   5   3   7  $12    0.100     3.2228    607.48   0.2   3751.30   0.3  11.10.2025  02:10:09
  1   5   4   8  $12    0.100    11.1894   1476.40   0.0     60.93   2.1  11.10.2025  02:10:11
  1   5  14   2  $12    0.010   -11.5685  10371.23   0.0    687.52   0.1  11.10.2025  02:10:16
  1   5  15   3  $12    0.010     2.2499  49477.15   0.4   -969.45   0.2  11.10.2025  02:10:18
  1   5  16   4  $12    0.010    -9.1553   8954.30   0.0   -719.50   0.3  11.10.2025  02:10:20
  1   5  13   9  $12    0.001     3.8974 293857.23   0.6   -764.37   1.3  11.10.2025  02:10:25
  1   5  14  10  $12    0.100     7.6646   8803.95   0.0      7.67   0.6  11.10.2025  02:10:30
  1   5  15  11  $12    0.100    10.4307  17203.71   0.0   -116.55   0.3  11.10.2025  02:10:32
  1   5  16  12  $12    0.010    -8.7192 197737.28   0.5   -738.61   0.6  11.10.2025  02:10:37
  1   5  10   6  $12    0.100    15.4275   1363.13   0.0    -16.79   0.2  11.10.2025  02:10:41
  1   5  11   7  $12    0.100     8.0023   1885.50   0.0    -13.61   0.9  11.10.2025  02:10:43
  1   5  12   8  $12    0.100     4.7705   2163.72   0.0    -18.34   1.3  11.10.2025  02:10:45
  2   6   1   5  $12    0.010    16.2269   6951.58   0.1    361.80   0.1  11.10.2025  02:10:50
  2   6   3   7  $12    0.010     0.2478    106.15   1.1  19144.71   1.1  11.10.2025  02:10:52
  2   6   4   8  $12    0.010     1.1362   2141.75   0.7    378.14   3.7  11.10.2025  02:10:56
  2   6  13   1  $12    0.010   -12.8430   9471.84   0.0    510.00   0.1  11.10.2025  02:10:58
  2   6  15   3  $12    0.010     1.6143   1447.21   0.1  -2947.46   0.1  11.10.2025  02:11:00
  2   6  16   4  $12    0.010   -22.2672 489681.07   0.1   -659.01   0.0  11.10.2025  02:11:02
  2   6  13   9  $12    0.001     9.7494 442200.13   0.7   -728.82   0.7  11.10.2025  02:11:07
  2   6  14  10  $12    0.100     7.7466   5840.80   0.0    -20.37   1.1  11.10.2025  02:11:12
  2   6  15  11  $12    0.010     0.4038   4637.86   0.1    -49.41   0.8  11.10.2025  02:11:17
  2   6  16  12  $12    0.010   -22.1918 366017.81   0.0   -691.56   0.0  11.10.2025  02:11:19
  2   6   9   5  $12    0.001    -9.5195 125607.07   0.1   -754.93   0.3  11.10.2025  02:11:24
  2   6  11   7  $12    0.100    16.1499   1426.96   0.0    -45.56   0.2  11.10.2025  02:11:30
  2   6  12   8  $12    0.100     8.8902   2094.70   0.0    -86.72   0.0  11.10.2025  02:11:32
  3   7   1   5  $12    0.100   -11.4615   2160.44   0.4  -1475.89   0.2  11.10.2025  02:11:34
  3   7   2   6  $12    0.010     0.1881     80.60   2.2  24247.64   2.2  11.10.2025  02:11:39
  3   7   4   8  $12    0.010     4.1882   1794.20   0.5     24.62  45.1  11.10.2025  02:11:41
  3   7  13   1  $12    0.010     2.1706   3409.56   0.9   -873.95   0.7  11.10.2025  02:11:43
  3   7  14   2  $12    0.010     2.0454   1508.51   0.5  -2330.72   1.0  11.10.2025  02:11:45
  3   7  16   4  $12    0.010    -8.9305   8006.22   0.7   -491.57   1.6  11.10.2025  02:11:47
  3   7  13   9  $12    0.001     2.6353  62092.97   0.4   -603.45   2.3  11.10.2025  02:11:53
  3   7  14  10  $12    0.100     6.7581   3065.27   0.0      6.90   0.8  11.10.2025  02:11:58
  3   7  15  11  $12    0.100     8.3943   6329.17   0.1    -85.48   0.8  11.10.2025  02:12:00
  3   7  16  12  $12    0.010    -6.0856  69901.71   0.5   -710.21   0.4  11.10.2025  02:12:05
  3   7   9   5  $12    0.001    -2.4718  46593.26   0.5   -724.98   3.0  11.10.2025  02:12:10
  3   7  10   6  $12    0.100    15.1599   2000.30   0.0    -13.17   1.3  11.10.2025  02:12:15
  3   7  12   8  $12    0.100    14.5012   1281.28   0.0     -4.82   0.7  11.10.2025  02:12:17
  4   8   1   5  $12    0.100     8.8913   1173.17   0.2    130.66   1.8  11.10.2025  02:12:19
  4   8   2   6  $12    0.100    12.3042   2319.29   0.2    235.55   0.5  11.10.2025  02:12:21
  4   8   3   7  $12    0.010     4.1105   1760.94   0.1     28.67   3.9  11.10.2025  02:12:26
  4   8  13   1  $12    1.000    -5.3020    119.25   0.6   2065.47   0.6  11.10.2025  02:12:31
  4   8  14   2  $12    0.100    -1.5203    238.81   0.7   2399.78   0.1  11.10.2025  02:12:36
  4   8  15   3  $12    0.100   -19.2147   1417.10   0.0     53.21   2.8  11.10.2025  02:12:38
  4   8  13   9  $12    0.010     3.1749   2805.22   0.6   -571.89   1.1  11.10.2025  02:12:44
  4   8  14  10  $12    0.100     5.7350   1351.28   0.0     -0.12 358.8  11.10.2025  02:12:48
  4   8  15  11  $12    0.100     6.5149   2954.96   0.0      3.84  14.8  11.10.2025  02:12:50
  4   8  16  12  $12    0.100     1.3997   1055.32   0.5   2175.00   0.8  11.10.2025  02:12:52
  4   8   9   5  $12    0.100   -20.3953    873.73   0.0   -799.94   0.2  11.10.2025  02:12:54
  4   8  10   6  $12    0.100     6.6750   1258.21   0.1     -1.55  52.0  11.10.2025  02:12:56
  4   8  11   7  $12    0.100    14.0771   1857.44   0.0     -0.24  39.5  11.10.2025  02:12:58
  5   9   6  10  $12    0.010     6.9095   2960.01   0.0    -17.32   1.0  11.10.2025  02:13:03
  5   9   7  11  $12    0.010     2.2977   4330.99   0.0    -87.36   0.7  11.10.2025  02:13:05
  5   9   8  12  $12    0.010     1.8531   2445.06   0.2   -130.56   2.8  11.10.2025  02:13:10
  5   9   2   6  $12    0.001     7.4781  98670.86   0.1   -731.57   0.2  11.10.2025  02:13:15
  5   9   3   7  $12    0.001     2.2978  43312.84   0.6   -728.37   0.7  11.10.2025  02:13:17
  5   9   4   8  $12    0.010     0.7410    317.46   0.1  -1087.93   0.1  11.10.2025  02:13:24
  5   9   1  13  $12    0.001     3.6790  92463.98   0.3   -655.03   1.0  11.10.2025  02:13:29
  5   9   2  14  $12    0.001     8.0054 180049.67   0.5   -716.71   0.3  11.10.2025  02:13:31
  5   9   3  15  $12    0.001     2.3878  37508.11   0.4   -727.00   0.5  11.10.2025  02:13:33
  5   9   4  16  $12    0.001    -7.3847  54462.97   0.2   -728.76   0.3  11.10.2025  02:13:35
  5   9  14  10  $12    0.010     4.3287   3824.70   0.0     36.75   0.1  11.10.2025  02:13:39
  5   9  15  11  $12    0.010    -1.5875   3740.42   0.3   -572.13   0.6  11.10.2025  02:13:44
  5   9  16  12  $12    0.001     7.7890 353283.20   0.1   -709.83   0.3  11.10.2025  02:13:49
  6  10   5   9  $12    0.010     6.6804   2861.87   0.8   -118.66  13.2  11.10.2025  02:13:57
  6  10   7  11  $12    0.010     3.6055   1544.57   0.4      0.46 647.0  11.10.2025  02:13:59
  6  10   8  12  $12    0.010     2.1591   4069.83   0.2     -7.46  20.2  11.10.2025  02:14:01
  6  10   1   5  $12    0.100   -14.9704   1322.75   0.1    -11.19   0.5  11.10.2025  02:14:05
  6  10   3   7  $12    0.100   -14.7662   1948.35   0.1     -9.37  25.0  11.10.2025  02:14:07
  6  10   4   8  $12    0.100    -6.6561   1254.65   0.0      1.93  29.6  11.10.2025  02:14:09
  6  10   1  13  $12    0.100     4.7709   1073.01   0.1     62.97   1.7  11.10.2025  02:14:11
  6  10   2  14  $12    0.100     4.8051   1207.66   0.0    133.42   0.9  11.10.2025  02:14:13
  6  10   3  15  $12    0.100     4.9967   1123.81   0.1     39.54   2.0  11.10.2025  02:14:15
  6  10   4  16  $12    0.100     6.7127   1054.42   0.2    -80.79   4.1  11.10.2025  02:14:17
  6  10  13   9  $12    0.010     3.9750   5244.83   0.2   -173.21  34.9  11.10.2025  02:14:22
  6  10  15  11  $12    0.100    16.0753   1420.37   0.0     -1.14   4.8  11.10.2025  02:14:26
  6  10  16  12  $12    0.100     8.0226   1890.27   0.0     69.83   2.4  11.10.2025  02:14:27
  7  11   5   9  $12    0.100    17.9386   3381.34   0.0    -37.34  23.0  11.10.2025  02:14:30
  7  11   6  10  $12    0.010     3.6101   1546.57   0.0     -2.88   1.2  11.10.2025  02:14:34
  7  11   8  12  $12    0.010     4.6916   2009.88   0.0     -1.61  29.2  11.10.2025  02:14:36
  7  11   1   5  $12    0.100    -7.4700   1760.08   0.0      1.22  52.3  11.10.2025  02:14:40
  7  11   2   6  $12    0.100   -13.7222   1212.45   0.1     -2.48  47.9  11.10.2025  02:14:42
  7  11   4   8  $12    0.100   -14.1819   1871.26   0.0      1.67  18.1  11.10.2025  02:14:44
  7  11   1  13  $12    0.100     4.1084    645.35   0.2      7.27  15.1  11.10.2025  02:14:46
  7  11   2  14  $12    0.100     4.6864   1054.01   0.1      9.13  30.4  11.10.2025  02:14:49
  7  11   3  15  $12    0.100     4.7862   1202.89   0.2      5.70  31.3  11.10.2025  02:14:51
  7  11   4  16  $12    0.100     6.1468   1382.47   0.7      1.42 855.3  11.10.2025  02:14:53
  7  11  13   9  $12    0.100     6.6113   1246.20   0.6   -102.53   3.3  11.10.2025  02:14:55
  7  11  14  10  $12    0.100    17.4571   2303.41   0.0      0.52 265.6  11.10.2025  02:14:57
  7  11  16  12  $12    0.010     2.6817   2369.47   0.2     -4.14 107.1  11.10.2025  02:15:02
  8  12   5   9  $12    0.100    10.0653   1328.09   0.1     65.00   2.9  11.10.2025  02:15:10
  8  12   6  10  $12    0.100    21.4448   4042.24   0.0     -0.75  25.0  11.10.2025  02:15:12
  8  12   7  11  $12    0.010     4.7081   2016.96   0.0     -0.60  18.3  11.10.2025  02:15:17
  8  12   1   5  $12    0.100    -4.2290   1918.14   0.2      7.83  50.7  11.10.2025  02:15:21
  8  12   2   6  $12    0.100    -5.9615   1404.65   0.1     28.72  26.3  11.10.2025  02:15:23
  8  12   3   7  $12    0.100   -14.0921   1245.14   0.0      5.21   3.5  11.10.2025  02:15:25
  8  12   1  13  $12    0.100     3.8619    284.82   0.0    -15.73   3.7  11.10.2025  02:15:27
  8  12   2  14  $12    0.100     4.7374    744.15   0.0    -25.62  13.7  11.10.2025  02:15:29
  8  12   3  15  $12    0.100     5.0271   1130.63   0.0     -1.94  57.9  11.10.2025  02:15:31
  8  12  16   4  $12    0.100    -6.3913   1606.31   0.0     14.08   3.2  11.10.2025  02:15:33
  8  12   9  13  $12    1.000   -21.5849     92.47   0.1    402.25   0.5  11.10.2025  02:15:37
  8  12  10  14  $12    0.100   -10.7017   2017.22   0.0      4.19   0.5  11.10.2025  02:15:42
  8  12  11  15  $12    0.010    -2.7463   3623.66   0.0      8.57   4.8  11.10.2025  02:15:46
  9  13  10  14  $12    0.010     6.0870   2607.65   0.0     33.46   1.8  11.10.2025  02:15:48
  9  13  11  15  $12    0.010    -0.7553   1423.75   0.8  -1472.16   1.1  11.10.2025  02:15:54
  9  13  12  16  $12    0.001     7.8883 104083.35   0.0   -702.05   0.1  11.10.2025  02:15:59
  9  13   6  10  $12    0.010    -4.5090   5949.54   0.0      8.17   5.5  11.10.2025  02:16:03
  9  13   7  11  $12    0.010    -0.9725   1833.03   0.0    -82.76   0.6  11.10.2025  02:16:08
  9  13   8  12  $12    0.010    -0.3521    150.85   0.3    -10.76  44.0  11.10.2025  02:16:13
  9  13   5   1  $12    0.001     3.3435 252095.92   0.2   -683.25   0.3  11.10.2025  02:16:18
  9  13   6   2  $12    0.001     8.2829 375686.15   0.1   -700.19   0.3  11.10.2025  02:16:20
  9  13   7   3  $12    0.001     2.5144  59243.00   0.2   -674.14   0.1  11.10.2025  02:16:22
  9  13   8   4  $12    0.010     1.1067    977.85   0.2   -610.34   0.2  11.10.2025  02:16:29
  9  13   2  14  $12    0.001    -7.9121  58352.48   0.7   -718.10   0.7  11.10.2025  02:16:34
  9  13   3  15  $12    0.001    -2.2076  34676.33   0.4   -754.85   0.4  11.10.2025  02:16:36
  9  13   4  16  $12    0.001     7.7852 175097.14   0.2   -696.54   0.4  11.10.2025  02:16:38
 10  14   9  13  $12    0.010     6.8212   2922.19   0.3    -50.31  17.7  11.10.2025  02:16:46
 10  14  11  15  $12    0.010     4.4740   1916.68   0.3     -1.72 382.8  11.10.2025  02:16:48
 10  14  12  16  $12    0.010     2.2952   4326.29   0.3     18.83  26.3  11.10.2025  02:16:50
 10  14   5   9  $12    0.010    -4.3844   3873.93   0.8    -59.85   7.9  11.10.2025  02:16:52
 10  14   7  11  $12    0.100   -17.3604   2290.64   0.0      1.12  12.7  11.10.2025  02:16:56
 10  14   8  12  $12    0.100   -10.6827   2013.65   0.0      3.32   0.7  11.10.2025  02:16:58
 10  14   5   1  $12    0.100     7.5151   8632.20   0.1      3.78  33.3  11.10.2025  02:17:00
 10  14   6   2  $12    0.100     6.5667   4951.21   0.1      5.06  22.2  11.10.2025  02:17:02
 10  14   7   3  $12    0.100     6.5619   2976.25   0.2      0.35 139.9  11.10.2025  02:17:04
 10  14   8   4  $12    0.100     5.7146   1346.47   0.1     -3.49  72.4  11.10.2025  02:17:06
 10  14   1  13  $12    0.100    16.6033   1488.49   0.0      3.21  23.8  11.10.2025  02:17:08
 10  14   3  15  $12    0.100    20.4708   1509.74   0.0      1.24  20.2  11.10.2025  02:17:10
 10  14   4  16  $12    0.100     6.4154   1007.73   0.1    -22.37  25.3  11.10.2025  02:17:12
 11  15   9  13  $12    0.010     4.0548   7643.05   0.7   -400.12   0.8  11.10.2025  02:17:17
 11  15  10  14  $12    0.010     4.4412   1902.62   0.0      0.56  47.8  11.10.2025  02:17:19
 11  15  12  16  $12    0.010     5.0283   2154.11   0.1     66.05   0.8  11.10.2025  02:17:21
 11  15   5   9  $12    0.010    -2.6258   6187.00   0.4   -654.37   0.5  11.10.2025  02:17:23
 11  15   6  10  $12    0.100   -16.0722   1420.10   0.0      4.10   0.9  11.10.2025  02:17:27
 11  15   8  12  $12    0.010    -2.7103   3576.11   0.0      9.54   1.5  11.10.2025  02:17:32
 11  15   5   1  $12    0.100     6.9961  11538.91   0.0    -27.90   1.1  11.10.2025  02:17:35
 11  15   6   2  $12    0.100     5.7712   6629.01   0.1    -59.68   1.6  11.10.2025  02:17:37
 11  15   7   3  $12    0.100     7.0010   5278.64   0.1    -24.69   5.1  11.10.2025  02:17:39
 11  15   8   4  $12    0.100     6.5548   2973.02   0.1     -1.26 123.2  11.10.2025  02:17:41
 11  15   1  13  $12    0.100     9.3244  20505.41   0.0     24.48   3.8  11.10.2025  02:17:43
 11  15   2  14  $12    0.100    21.9317   1966.19   0.0     11.41   4.0  11.10.2025  02:17:45
 11  15   4  16  $12    0.100    17.2479   1272.05   0.1    -46.46   0.5  11.10.2025  02:17:47
 12  16   9  13  $12    0.001     8.8879 117273.34   0.2   -638.97   0.2  11.10.2025  02:17:55
 12  16  10  14  $12    0.010     2.3884   4501.96   0.0    -16.62   2.2  11.10.2025  02:17:59
 12  16  11  15  $12    0.010     5.4472   2333.55   0.0    -26.28   0.3  11.10.2025  02:18:01
 12  16   5   9  $12    0.001    -8.6127 390645.69   0.2   -651.99   0.6  11.10.2025  02:18:06
 12  16   6  10  $12    0.100    -8.0530   1897.45   0.0    -37.44   0.7  11.10.2025  02:18:11
 12  16   7  11  $12    0.010    -2.5816   2280.99   0.0     23.27   0.5  11.10.2025  02:18:16
 12  16   5   1  $12    0.010    -8.3649 189701.43   0.3   -715.62   0.5  11.10.2025  02:18:18
 12  16   6   2  $12    0.010   -22.3976 369410.99   0.1   -689.12   0.1  11.10.2025  02:18:20
 12  16   7   3  $12    0.010    -6.0994  70060.59   0.3   -725.13   0.6  11.10.2025  02:18:22
 12  16   8   4  $12    0.100     9.8058   7393.38   0.0    -76.78   0.8  11.10.2025  02:18:26
 12  16  13   1  $12    0.010   -11.0514  10808.70   0.0   -577.29   0.4  11.10.2025  02:18:31
 12  16  14   2  $12    0.001    -2.6584 584615.57   0.2   -687.76   2.2  11.10.2025  02:18:36
 12  16  15   3  $12    0.010    -9.0127   8079.94   0.0   -511.94   0.0  11.10.2025  02:18:40
 13   1  14   2  $12    0.010    13.5739   4654.98   0.0    601.46   0.1  11.10.2025  02:18:42
 13   1  15   3  $12    0.100    -6.8708    521.03   0.1  -2005.47   0.1  11.10.2025  02:18:46
 13   1  16   4  $12    0.010    11.0444  14194.26   0.0   -620.70   0.3  11.10.2025  02:18:51
 13   1  10  14  $12    0.100   -15.9021   1425.63   0.0      4.28   1.9  11.10.2025  02:18:55
 13   1  11  15  $12    0.100    -4.8183  10595.92   0.0    315.02   0.1  11.10.2025  02:18:57
 13   1  12  16  $12    0.010   -10.5946  10361.97   0.0   -655.21   0.2  11.10.2025  02:19:01
 13   1   9   5  $12    0.001     4.3465 109240.30   0.1   -617.70   0.7  11.10.2025  02:19:06
 13   1  10   6  $12    0.100     4.6103   1036.91   0.0     17.80   0.9  11.10.2025  02:19:12
 13   1  11   7  $12    0.100     3.8395    603.10   0.0      1.40  19.1  11.10.2025  02:19:14
 13   1  12   8  $12    0.100     3.5091    258.80   0.0      1.96   3.7  11.10.2025  02:19:16
 13   1   6   2  $12    0.010    11.7886   8694.18   0.0    629.07   0.0  11.10.2025  02:19:21
 13   1   7   3  $12    0.010    -2.2350   3510.76   0.2   -912.20   0.3  11.10.2025  02:19:23
 13   1   8   4  $12    0.100     2.9695    667.86   0.0     90.33   0.3  11.10.2025  02:19:26
 14   2  13   1  $12    0.010    14.8353   5087.57   0.0    443.56   0.0  11.10.2025  02:19:31
 14   2  15   3  $12    0.010     1.0932    374.89   0.6   4079.24   0.6  11.10.2025  02:19:33
 14   2  16   4  $12    0.001     2.7386  20767.36   0.2   -717.88   0.4  11.10.2025  02:19:38
 14   2   9  13  $12    0.001     9.2378  68129.33   0.1   -676.18   0.2  11.10.2025  02:19:40
 14   2  11  15  $12    0.010    -2.2665   2031.91   0.0     24.51   3.7  11.10.2025  02:19:44
 14   2  12  16  $12    0.001    -2.4564 540200.50   0.2   -675.88   1.0  11.10.2025  02:19:49
 14   2   9   5  $12    0.001     9.0387 203288.19   0.3   -644.36   0.2  11.10.2025  02:19:51
 14   2  10   6  $12    0.100     2.4565    617.39   0.4    373.04   1.5  11.10.2025  02:19:56
 14   2  11   7  $12    0.100     1.9326    434.66   0.1    623.56   0.3  11.10.2025  02:20:02
 14   2  12   8  $12    0.100     1.1131    174.84   0.7   1305.93   1.1  11.10.2025  02:20:07
 14   2   5   1  $12    0.010    12.6948  11380.89   0.1    564.20   0.3  11.10.2025  02:20:12
 14   2   7   3  $12    0.010    -2.6096   1924.60   0.3  -1993.65   0.4  11.10.2025  02:20:13
 14   2   8   4  $12    0.100    13.4323   2109.94   0.2   -163.43   0.4  11.10.2025  02:20:17
 15   3  13   1  $12    0.100    -1.9138    145.13   0.2  -7388.87   0.4  11.10.2025  02:20:20
 15   3  14   2  $12    0.010     0.0273      9.37  11.6 193572.73  10.9  11.10.2025  02:20:25
 15   3  16   4  $12    0.010    11.1301   3816.93   0.7   -404.37   1.0  11.10.2025  02:20:27
 15   3   9  13  $12    0.001     2.7157  42658.29   0.9   -670.68   2.5  11.10.2025  02:20:31
 15   3  10  14  $12    0.100   -19.5917   1444.91   0.0      7.44   0.8  11.10.2025  02:20:37
 15   3  12  16  $12    0.010    -8.4302   7557.72   0.1   -525.03   0.2  11.10.2025  02:20:42
 15   3   9   5  $12    0.001     2.7264  42826.51   0.7   -611.06   3.7  11.10.2025  02:20:47
 15   3  10   6  $12    0.100     4.7898   1077.28   0.0     31.63   0.2  11.10.2025  02:20:52
 15   3  11   7  $12    0.100     4.6034   1156.97   0.0      8.54   1.0  11.10.2025  02:20:54
 15   3  12   8  $12    0.100     4.8384   1088.21   0.0     -0.88  42.6  11.10.2025  02:20:56
 15   3   5   1  $12    0.010    -1.7710  38947.18   0.2   -966.90   0.2  11.10.2025  02:21:01
 15   3   6   2  $12    0.010    -2.1551   1932.09   0.3  -2319.06   0.0  11.10.2025  02:21:04
 15   3   8   4  $12    0.100    20.3364   1499.83   0.0     43.31   1.0  11.10.2025  02:21:08
 16   4  13   1  $12    0.010    11.4600  14728.40   0.0   -573.57   0.3  11.10.2025  02:21:13
 16   4  14   2  $12    0.001     2.6988  20465.56   0.3   -702.48   0.3  11.10.2025  02:21:18
 16   4  15   3  $12    0.010    11.3323   3886.28   0.6   -402.67   1.2  11.10.2025  02:21:21
 16   4   9  13  $12    0.001    -8.3582 187984.47   0.3   -657.47   0.5  11.10.2025  02:21:26
 16   4  10  14  $12    0.100    -6.3394    995.79   0.1     72.50   2.3  11.10.2025  02:21:31
 16   4  11  15  $12    0.010    -1.9847   1463.72   0.0    -63.10   0.2  11.10.2025  02:21:36
 16   4   9   5  $12    0.001    -8.5746  63238.01   0.0   -716.85   0.6  11.10.2025  02:21:41
 16   4  10   6  $12    0.100     8.3604   1313.25   0.0    -37.44   1.3  11.10.2025  02:21:47
 16   4  11   7  $12    0.100     7.7714   1747.85   0.0    -44.48   0.1  11.10.2025  02:21:49
 16   4  12   8  $12    0.100     8.7610   2201.88   0.0    -68.18   0.1  11.10.2025  02:21:51
 16   4   5   1  $12    0.010     9.0128   8814.90   0.0   -667.46   0.1  11.10.2025  02:21:55
 16   4   6   2  $12    0.001     2.7154 597146.92   0.4   -766.66   1.0  11.10.2025  02:22:00
 16   4   7   3  $12    0.010     8.8216   7908.57   0.1   -509.18   0.1  11.10.2025  02:22:04
  1   4   2   3  $12    0.010    15.7677   9907.16   0.1    370.02   0.1  11.10.2025  02:22:06
  2   3   1   4  $12    0.010    16.6771  10478.54   0.1    313.70   0.4  11.10.2025  02:22:08
  1   2   3   4  $12    0.100   -12.5893   2373.02   0.8    928.63   0.0  11.10.2025  02:22:12
  3   4   1   2  $12    0.010     0.2379    448.37   1.2 -14864.41   1.2  11.10.2025  02:22:21
  5   8   6   7  $12    0.100    15.4428    970.30   0.0      3.56   9.0  11.10.2025  02:22:25
  6   7   5   8  $12    0.100    15.6721    984.71   0.0      1.33  53.4  11.10.2025  02:22:27
  5   6   7   8  $12    0.100    -4.2791    806.60   0.3      2.01 316.6  11.10.2025  02:22:29
  7   8   5   6  $12    0.100    -4.2904    808.72   0.1      8.00  51.4  11.10.2025  02:22:31
  9  12  10  11  $12    0.010     5.4449   3421.13   0.0     22.63   1.3  11.10.2025  02:22:37
 10  11   9  12  $12    0.010     5.2344   3288.88   0.6     -9.41 129.7  11.10.2025  02:22:39
  9  10  11  12  $12    0.010    -0.6364   1199.54   0.9    -42.36  16.3  11.10.2025  02:22:46
 11  12   9  10  $12    0.100    -3.4441    649.20   0.6    264.65   8.1  11.10.2025  02:22:50
 13  16  14  15  $12    0.010     2.3029   1446.93   0.1    -79.48   0.0  11.10.2025  02:22:55
 14  15  13  16  $12    0.100    19.2182   1207.51   0.1    -43.68   0.9  11.10.2025  02:22:59
 13  14  15  16  $12    0.100    -7.4826   1410.43   0.0     -5.83  42.4  11.10.2025  02:23:01
  1   9  10   2  $12    0.001   -10.2224  36785.69   0.0   -513.41   0.0  11.10.2025  02:23:09
  1   9  11   3  $12    0.001    -3.0339  25994.66   0.2   -638.82   0.1  11.10.2025  02:23:11
  1   9  12   4  $12    0.010    -2.6663   4458.39   0.0   -330.78   0.2  11.10.2025  02:23:15
  2  10   9   1  $12    0.001   -10.4490  37601.36   0.0   -478.11   0.4  11.10.2025  02:23:20
  2  10  11   3  $12    0.010     0.1200     43.19   6.5 -51367.23   6.8  11.10.2025  02:23:26
  2  10  12   4  $12    0.010    -2.0107   1722.73   0.7    216.13   4.3  11.10.2025  02:23:28
  3  11   9   1  $12    0.001    -3.0201  25875.78   0.2   -603.00   0.0  11.10.2025  02:23:33
  3  11  10   2  $12    0.010     0.0438     15.77  81.2 203742.97 165.8  11.10.2025  02:23:38
  3  11  12   4  $12    0.010    -5.8904   2119.70   0.6     18.06  29.3  11.10.2025  02:23:40
 12   4   9   1  $12    0.010     4.6343   7749.19   0.1   -564.00   0.3  11.10.2025  02:23:42
 12   4  10   2  $12    0.010     2.1437   1836.69   0.9    124.34  15.3  11.10.2025  02:23:45
 12   4  11   3  $12    0.010     5.9102   2126.83   0.2     19.62  26.0  11.10.2025  02:23:47
 13   5  14   6  $12    0.010     4.3935   1581.03   0.3      4.70  85.8  11.10.2025  02:23:49
 13   5  15   7  $12    0.010     2.8088   2406.59   0.0     -1.90  23.9  11.10.2025  02:23:51
 13   5  16   8  $12    0.010     3.0488   5098.00   0.4   -241.51   5.7  11.10.2025  02:23:53
 14   6  13   5  $12    0.010     4.4233   1591.75   0.3     -0.67 318.1  11.10.2025  02:23:55
 14   6  15   7  $12    0.010     4.6973   1690.36   0.0     -0.60  12.1  11.10.2025  02:23:57
 14   6  16   8  $12    0.010     2.6503   2270.77   0.1    -36.78   3.7  11.10.2025  02:23:59
 15   7  13   5  $12    0.010     2.8353   2429.25   0.4     -7.11  39.6  11.10.2025  02:24:01
 15   7  14   6  $12    0.010     4.6851   1685.96   0.0      1.28   9.2  11.10.2025  02:24:03
 15   7  16   8  $12    0.010     4.2761   1538.76   0.4     49.35  35.6  11.10.2025  02:24:05
 16   8  13   5  $12    0.010     3.4120   5705.31   0.3   -155.55   0.5  11.10.2025  02:24:07
 16   8  14   6  $12    0.010     2.7229   2333.01   0.0    -47.68   0.2  11.10.2025  02:24:09
 16   8  15   7  $12    0.010     4.8470   1744.23   0.0    -42.45   0.4  11.10.2025  02:24:11
  1   2   5   6  $12    0.100   -12.3685  23314.17   0.4   -243.72   0.3  11.10.2025  02:24:15
  2   3   6   7  $12    0.100     1.9963   3762.92   0.6   -388.53   1.2  11.10.2025  02:24:20
  3   4   7   8  $12    0.100    -0.2441    460.16   0.2   -249.04   0.8  11.10.2025  02:24:34
  1   2   9  10  $12    0.001     5.9824 9472269.66   0.1   -685.50   0.8  11.10.2025  02:24:42
  2   3  10  11  $12    0.100     1.6467  26073.20   0.3   -316.23   2.1  11.10.2025  02:24:51
  3   4  11  12  $12    0.100    -0.3626   5740.56   0.4   -181.98   4.3  11.10.2025  02:24:56
  1   2  13  14  $12    0.100    -0.2358  12712.69   0.0   -183.31  29.4  11.10.2025  02:25:10
  2   3  14  15  $12    0.100   -10.5431 568374.83   0.4   -503.86   0.2  11.10.2025  02:25:12
  3   4  15  16  $12    0.010     9.9072 5340933.85   0.3   -694.63   1.1  11.10.2025  02:25:17
  5   6   9  10  $12    0.010    -6.7241 126746.79   0.2   -677.00   0.2  11.10.2025  02:25:19
  6   7  10  11  $12    1.000     2.0025    377.47   0.0      2.44  12.6  11.10.2025  02:25:24
  7   8  11  12  $12   10.000    16.5988    312.88   0.0      2.11   1.1  11.10.2025  02:25:28
  5   6  13  14  $12   10.000     4.3265    685.04   0.5    -38.66  15.5  11.10.2025  02:25:31
  6   7  14  15  $12   10.000     4.3277    685.24   0.0      3.37   1.0  11.10.2025  02:25:33
  7   8  15  16  $12   10.000    16.0575   2542.49   0.5   -233.76   0.4  11.10.2025  02:25:35
  9  10  13  14  $12    0.010     0.0305    575.38   0.7  -1097.49   1.1  11.10.2025  02:25:47
 10  11  14  15  $12    1.000     2.1370    402.82   0.0     -1.64   6.6  11.10.2025  02:25:52
 11  12  15  16  $12    1.000     4.1408    780.52   0.3    336.29   0.5  11.10.2025  02:25:55
  1   2   6   7  $12    0.100     0.0078     29.55   1.9  28713.96   1.5  11.10.2025  02:26:00
  2   3   7   8  $12    0.100    -0.2853   1075.58   0.8    613.41   3.8  11.10.2025  02:26:05
  1   2   7   8  $12    0.100     0.9864   6507.75   0.5    181.19   0.4  11.10.2025  02:26:10
  2   3   7   8  $12    0.100    -0.3321   1252.12   0.4   -253.02  22.3  11.10.2025  02:26:16
  1   2  10  11  $12    0.100    -2.0321  45965.89   0.7   -109.32  10.5  11.10.2025  02:26:17
  2   3  11  12  $12    0.100    -0.6766  15304.66   0.8    236.22   7.8  11.10.2025  02:26:23
  1   2  11  12  $12    0.100     0.3929  12220.92   0.2   1212.07   0.7  11.10.2025  02:26:28
  2   3  11  12  $12    0.100    -0.7419  16781.32   0.9   -157.84   2.8  11.10.2025  02:26:33
  1   2  14  15  $12    0.100    12.9779 890444.74   0.3   -436.95   0.1  11.10.2025  02:26:35
  2   3  15  16  $12    0.010    22.6204 15520379.58   0.2   -699.31   0.1  11.10.2025  02:26:40
  1   2  15  16  $12    0.010   -19.9790 17135095.88   0.3   -716.41   0.1  11.10.2025  02:26:42
  2   3  15  16  $12    0.010    20.8749 14322741.78   0.0   -711.56   0.1  11.10.2025  02:26:44
  5   6  10  11  $12    1.000     2.4220    913.09   0.3    -53.09   1.3  11.10.2025  02:26:50
  6   7  11  12  $12   10.000    14.3330    540.34   0.0      2.21   4.7  11.10.2025  02:26:53
  5   6  11  12  $12    1.000     0.9276    612.00   0.4     31.33   4.9  11.10.2025  02:26:59
  6   7  11  12  $12   10.000    14.2935    538.85   0.0      1.63   0.9  11.10.2025  02:27:02
  5   6  14  15  $12    1.000    -3.2595   7372.72   6.7   -557.94   2.7  11.10.2025  02:27:12
  6   7  15  16  $12    1.000     6.0729  13736.53   0.1   -613.62   2.9  11.10.2025  02:27:14
  5   6  15  16  $12    0.010     3.4663 1078069.31   0.1   -622.80   0.4  11.10.2025  02:27:22
  6   7  15  16  $12    1.000     6.5132  14732.41   0.4   -620.00   0.5  11.10.2025  02:27:29
  9  10  14  15  $12    0.010    -2.3932  90220.55   0.3   -424.26   0.1  11.10.2025  02:27:37
 10  11  15  16  $12    1.000     7.3851   2784.10   0.5     60.57   9.4  11.10.2025  02:27:43
  9  10  15  16  $12    0.001     8.9008 5872177.03   0.1   -710.21   0.8  11.10.2025  02:27:55
 10  11  15  16  $12    1.000     7.2458   2731.62   0.0     86.01   3.4  11.10.2025  02:28:02
