//C:\Users\user\Desktop\GeoTom\GeoTomE724.ini
//- Cable direction:
//  cable I: normal
//  cable II: normal
//  cable III: normal
//  cable IV: normal
//- Cable arrangement: sequential
//- Optimization: Last measurement
//- Sorting: Multi-level
//- Current levels: 0.001 mA .. 50.0 mA
Type:         Flow
Name:         Hyprop
Comment:      Example of a measurements sequence
Comment:      
Comment:      
Spacing:      1.00000
First El:     0.00000
Nr of points: 289
IP present:   1

  1   5   2   6  $12    0.010    12.6109   5402.48   0.0    790.23   0.5  11.10.2025  05:10:05
  1   5   3   7  $12    0.100     2.9703    559.89   0.2   4079.31   0.2  11.10.2025  05:10:09
  1   5   4   8  $12    0.100    11.1937   1476.97   0.1     63.27   1.0  11.10.2025  05:10:11
  1   5  14   2  $12    0.010   -10.5612   9468.18   0.4    875.29   0.5  11.10.2025  05:10:16
  1   5  15   3  $12    0.010     2.5320  55681.06   0.3   -931.00   0.6  11.10.2025  05:10:18
  1   5  16   4  $12    0.010   -10.9556  10715.06   0.4   -743.07   1.3  11.10.2025  05:10:20
  1   5  13   9  $12    0.001     5.1219 386179.79   0.7   -756.40   0.9  11.10.2025  05:10:25
  1   5  14  10  $12    0.100     7.6722   8812.65   0.0     13.89   0.2  11.10.2025  05:10:31
  1   5  15  11  $12    0.100    11.4416  18871.11   0.0   -140.22   0.4  11.10.2025  05:10:33
  1   5  16  12  $12    0.010   -10.3289 234242.36   0.5   -746.40   0.4  11.10.2025  05:10:38
  1   5  10   6  $12    0.100    15.7401   1390.76   0.0    -16.92   0.0  11.10.2025  05:10:41
  1   5  11   7  $12    0.100     8.3706   1972.27   0.0    -19.66   0.4  11.10.2025  05:10:43
  1   5  12   8  $12    0.100     5.0231   2278.30   0.0    -23.95   0.6  11.10.2025  05:10:45
  2   6   1   5  $12    0.010    15.0090   6429.85   0.2    500.81   0.1  11.10.2025  05:10:50
  2   6   3   7  $12    0.010    -0.4545    194.70   0.1 -11419.24   0.1  11.10.2025  05:10:53
  2   6   4   8  $12    0.010     1.0205   1923.57   0.6    520.80   1.5  11.10.2025  05:10:57
  2   6  13   1  $12    0.010   -11.3018   8335.20   0.0    740.08   0.3  11.10.2025  05:10:59
  2   6  15   3  $12    0.010     2.3798   2133.46   0.1  -2233.59   0.1  11.10.2025  05:11:01
  2   6  16   4  $12    0.001    -3.1316 688680.12   0.1   -763.49   0.3  11.10.2025  05:11:06
  2   6  13   9  $12    0.001    12.0943 548558.52   0.1   -644.23   0.1  11.10.2025  05:11:08
  2   6  14  10  $12    0.100     7.2776   5487.22   0.0      9.94   2.4  11.10.2025  05:11:13
  2   6  15  11  $12    0.010     0.3459   3973.45   0.0    -78.56   4.8  11.10.2025  05:11:18
  2   6  16  12  $12    0.001    -3.3643 554893.95   0.1   -832.49   0.7  11.10.2025  05:11:23
  2   6   9   5  $12    0.001   -12.5751 165924.64   0.1   -686.65   0.5  11.10.2025  05:11:25
  2   6  11   7  $12    0.100    17.8352   1575.87   0.0    -45.76   1.8  11.10.2025  05:11:31
  2   6  12   8  $12    0.100    10.3601   2441.05   0.1    -77.21   1.1  11.10.2025  05:11:33
  3   7   1   5  $12    0.100    -9.1373   1722.33   0.8  -1789.09   0.4  11.10.2025  05:11:35
  3   7   2   6  $12    0.010    -0.6734    288.47   0.9  -7667.43   1.4  11.10.2025  05:11:41
  3   7   4   8  $12    0.010     4.1428   1774.76   0.7      5.91  63.1  11.10.2025  05:11:43
  3   7  13   1  $12    0.010     2.4138   3791.65   0.6   -860.94   0.7  11.10.2025  05:11:45
  3   7  14   2  $12    0.010     2.9259   2157.89   0.3  -1796.23   1.5  11.10.2025  05:11:47
  3   7  16   4  $12    0.010    -9.1749   8225.35   0.1   -473.92   0.2  11.10.2025  05:11:49
  3   7  13   9  $12    0.001     3.2504  76586.02   0.9   -592.81   2.3  11.10.2025  05:11:54
  3   7  14  10  $12    0.100     6.7005   3039.11   0.0      8.51   0.8  11.10.2025  05:11:59
  3   7  15  11  $12    0.100     8.4812   6394.65   0.0    -83.61   0.5  11.10.2025  05:12:01
  3   7  16  12  $12    0.010    -6.6007  75818.56   0.0   -714.29   0.4  11.10.2025  05:12:06
  3   7   9   5  $12    0.001    -3.4608  65233.64   0.4   -758.28   0.7  11.10.2025  05:12:11
  3   7  10   6  $12    0.100    15.1899   2004.27   0.0    -14.56   0.1  11.10.2025  05:12:16
  3   7  12   8  $12    0.100    14.5138   1282.40   0.0     -6.99   0.7  11.10.2025  05:12:18
  4   8   1   5  $12    0.100     8.3862   1106.53   0.0    187.26   0.0  11.10.2025  05:12:20
  4   8   2   6  $12    0.100    10.8629   2047.62   0.2    384.78   1.7  11.10.2025  05:12:22
  4   8   3   7  $12    0.010     4.1027   1757.59   0.0     28.11   2.3  11.10.2025  05:12:27
  4   8  13   1  $12    1.000    -3.9695     89.28   3.6   3292.88   4.0  11.10.2025  05:12:37
  4   8  14   2  $12    0.100    -0.6705    105.32   0.6   6370.18   0.9  11.10.2025  05:12:42
  4   8  15   3  $12    0.100   -19.0750   1406.79   0.0     64.58   0.0  11.10.2025  05:12:44
  4   8  13   9  $12    0.010     3.4828   3077.31   0.4   -544.75   1.1  11.10.2025  05:12:49
  4   8  14  10  $12    0.100     5.7594   1357.04   0.0      1.21   3.7  11.10.2025  05:12:53
  4   8  15  11  $12    0.100     6.5572   2974.12   0.0      2.71  29.6  11.10.2025  05:12:55
  4   8  16  12  $12    0.100     0.6497    489.87   0.8   5745.66   0.9  11.10.2025  05:12:57
  4   8   9   5  $12    0.010    -2.9365   1258.00   0.7   -789.90   0.7  11.10.2025  05:13:02
  4   8  10   6  $12    0.100     6.7385   1270.18   0.0     -2.58   8.6  11.10.2025  05:13:06
  4   8  11   7  $12    0.100    14.0977   1860.14   0.0     -0.23  22.8  11.10.2025  05:13:08
  5   9   6  10  $12    0.010     7.9024   3385.38   0.0     -2.26   4.3  11.10.2025  05:13:13
  5   9   7  11  $12    0.010     2.6284   4954.34   0.0    -98.65   0.1  11.10.2025  05:13:15
  5   9   8  12  $12    0.010     2.2778   3005.46   0.2   -144.53   2.3  11.10.2025  05:13:17
  5   9   2   6  $12    0.001     9.3785 123746.04   0.3   -726.50   0.2  11.10.2025  05:13:22
  5   9   3   7  $12    0.001     2.9106  54863.23   0.4   -717.61   0.7  11.10.2025  05:13:24
  5   9   4   8  $12    0.010     0.5570    238.62   0.5  -1411.03   0.5  11.10.2025  05:13:31
  5   9   1  13  $12    0.001     4.7281 118830.83   0.1   -659.19   0.3  11.10.2025  05:13:36
  5   9   2  14  $12    0.001    10.0778 226659.87   0.0   -712.21   0.1  11.10.2025  05:13:38
  5   9   3  15  $12    0.001     3.0659  48159.56   0.0   -729.92   0.2  11.10.2025  05:13:40
  5   9   4  16  $12    0.001    -9.2281  68057.69   0.4   -723.87   0.0  11.10.2025  05:13:42
  5   9  14  10  $12    0.010     5.2718   4658.03   0.0     41.10   0.6  11.10.2025  05:13:45
  5   9  15  11  $12    0.010    -2.7674   6520.56   0.2   -488.93   0.2  11.10.2025  05:13:47
  5   9  16  12  $12    0.001     9.3535 424245.35   0.1   -708.00   0.2  11.10.2025  05:13:52
  6  10   5   9  $12    0.010     7.6355   3271.02   0.7    -99.53   2.8  11.10.2025  05:14:01
  6  10   7  11  $12    0.010     3.6131   1547.83   0.4     -5.57  52.2  11.10.2025  05:14:03
  6  10   8  12  $12    0.010     2.1755   4100.64   0.0     -6.37  36.3  11.10.2025  05:14:05
  6  10   1   5  $12    0.100   -15.3288   1354.41   0.0    -15.39   2.8  11.10.2025  05:14:08
  6  10   3   7  $12    0.100   -14.9040   1966.54   0.1    -11.00   0.7  11.10.2025  05:14:10
  6  10   4   8  $12    0.100    -6.7160   1265.94   0.1      2.14  48.1  11.10.2025  05:14:12
  6  10   1  13  $12    0.100     4.6294   1041.20   0.1     81.60   3.5  11.10.2025  05:14:14
  6  10   2  14  $12    0.100     4.5904   1153.71   0.1    188.25   0.8  11.10.2025  05:14:16
  6  10   3  15  $12    0.100     5.0343   1132.27   0.0     44.44   1.2  11.10.2025  05:14:18
  6  10   4  16  $12    0.100     7.0235   1103.25   0.9   -110.70   1.8  11.10.2025  05:14:20
  6  10  13   9  $12    0.010     4.5502   6003.80   0.2   -114.45   7.7  11.10.2025  05:14:26
  6  10  15  11  $12    0.100    15.9543   1409.68   0.0     -0.21  76.8  11.10.2025  05:14:30
  6  10  16  12  $12    0.100     7.7810   1833.37   0.5    102.60   3.5  11.10.2025  05:14:32
  7  11   5   9  $12    0.100    18.2352   3437.26   0.0    -54.01   1.6  11.10.2025  05:14:34
  7  11   6  10  $12    0.010     3.6123   1547.50   0.0     -2.56   7.8  11.10.2025  05:14:39
  7  11   8  12  $12    0.010     4.7314   2026.93   0.0     -0.65 146.3  11.10.2025  05:14:41
  7  11   1   5  $12    0.100    -7.6344   1798.81   0.0      1.44  52.5  11.10.2025  05:14:44
  7  11   2   6  $12    0.100   -13.8539   1224.09   0.1      0.72 241.0  11.10.2025  05:14:46
  7  11   4   8  $12    0.100   -14.2231   1876.70   0.0      1.21  40.5  11.10.2025  05:14:48
  7  11   1  13  $12    0.100     4.0724    639.68   0.2     -2.76  19.2  11.10.2025  05:14:50
  7  11   2  14  $12    0.100     4.6662   1049.47   0.1     -4.58  58.4  11.10.2025  05:14:52
  7  11   3  15  $12    0.100     4.8587   1221.13   0.3     -0.23 361.9  11.10.2025  05:14:54
  7  11   4  16  $12    0.100     5.9629   1341.11   0.3    -17.50  50.0  11.10.2025  05:14:56
  7  11  13   9  $12    0.100     6.4647   1218.58   0.3    -36.95  94.8  11.10.2025  05:14:58
  7  11  14  10  $12    0.100    17.3640   2291.12   0.0     -0.13 923.1  11.10.2025  05:15:00
  7  11  16  12  $12    0.010     2.7303   2412.38   0.6    -44.70  43.6  11.10.2025  05:15:05
  8  12   5   9  $12    0.100     9.5182   1255.90   0.6     79.36   6.4  11.10.2025  05:15:09
  8  12   6  10  $12    0.100    21.5296   4058.23   0.0      0.56   8.8  11.10.2025  05:15:11
  8  12   7  11  $12    0.010     4.7436   2032.16   0.0     -0.78  12.2  11.10.2025  05:15:16
  8  12   1   5  $12    0.100    -4.2759   1939.39   0.2     24.61  22.6  11.10.2025  05:15:20
  8  12   2   6  $12    0.100    -5.9037   1391.02   0.0     35.57   4.2  11.10.2025  05:15:22
  8  12   3   7  $12    0.100   -14.0569   1242.03   0.0      5.75  11.3  11.10.2025  05:15:24
  8  12   1  13  $12    0.100     3.8699    285.41   0.0    -11.09   6.0  11.10.2025  05:15:26
  8  12   2  14  $12    0.100     4.8177    756.76   0.0    -34.67   6.5  11.10.2025  05:15:28
  8  12   3  15  $12    0.100     5.0878   1144.29   0.1     -4.53  57.4  11.10.2025  05:15:30
  8  12  16   4  $12    0.100    -6.3033   1584.19   0.0     21.28  24.1  11.10.2025  05:15:32
  8  12   9  13  $12    1.000   -18.2627     78.24   0.2    604.00   0.8  11.10.2025  05:15:36
  8  12  10  14  $12    0.100   -10.7552   2027.30   0.0      3.96   1.1  11.10.2025  05:15:41
  8  12  11  15  $12    0.010    -2.7769   3664.01   0.0      8.96   1.4  11.10.2025  05:15:46
  9  13  10  14  $12    0.010     6.7220   2879.70   0.1     43.19   0.6  11.10.2025  05:15:48
  9  13  11  15  $12    0.010    -2.6962   5082.26   0.0   -658.41   0.1  11.10.2025  05:15:50
  9  13  12  16  $12    0.001     9.8305 129710.75   0.0   -700.45   0.1  11.10.2025  05:15:55
  9  13   6  10  $12    0.010    -5.4062   7133.33   0.0     31.46   0.5  11.10.2025  05:15:59
  9  13   7  11  $12    0.010    -1.1436   2155.58   0.2    -77.64   2.0  11.10.2025  05:16:04
  9  13   8  12  $12    0.010    -0.4813    206.18   0.0    -51.33   4.0  11.10.2025  05:16:09
  9  13   5   1  $12    0.001     4.4353 334413.68   0.1   -673.42   0.3  11.10.2025  05:16:14
  9  13   6   2  $12    0.001    10.7543 487782.16   0.1   -700.49   0.1  11.10.2025  05:16:16
  9  13   7   3  $12    0.001     3.4544  81392.67   0.2   -680.80   0.3  11.10.2025  05:16:18
  9  13   8   4  $12    0.010     0.7920    699.78   0.4   -823.55   0.8  11.10.2025  05:16:25
  9  13   2  14  $12    0.001   -10.4309  76928.56   0.4   -717.93   0.4  11.10.2025  05:16:30
  9  13   3  15  $12    0.001    -3.1208  49021.57   0.4   -757.60   0.9  11.10.2025  05:16:32
  9  13   4  16  $12    0.001     9.9786 224427.06   0.1   -696.70   0.2  11.10.2025  05:16:34
 10  14   9  13  $12    0.010     7.9255   3395.27   0.3    -56.12   6.0  11.10.2025  05:16:42
 10  14  11  15  $12    0.010     4.4779   1918.31   0.3     -0.77 696.0  11.10.2025  05:16:44
 10  14  12  16  $12    0.010     2.2491   4239.44   0.4    -32.97  56.5  11.10.2025  05:16:46
 10  14   5   9  $12    0.010    -5.4287   4796.66   0.3    -81.83  10.5  11.10.2025  05:16:49
 10  14   7  11  $12    0.100   -17.3058   2283.45   0.0      1.93   1.1  11.10.2025  05:16:52
 10  14   8  12  $12    0.100   -10.7261   2021.83   0.0      3.52   3.2  11.10.2025  05:16:54
 10  14   5   1  $12    0.100     7.6367   8771.82   0.1      0.71 141.4  11.10.2025  05:16:56
 10  14   6   2  $12    0.100     6.6213   4992.35   0.1      4.87  72.6  11.10.2025  05:16:58
 10  14   7   3  $12    0.100     6.5694   2979.65   0.0      2.22  93.5  11.10.2025  05:17:00
 10  14   8   4  $12    0.100     5.7662   1358.62   0.0     -0.60 105.3  11.10.2025  05:17:02
 10  14   1  13  $12    0.100    16.5381   1482.64   0.2      2.84  24.5  11.10.2025  05:17:05
 10  14   3  15  $12    0.100    20.6026   1519.46   0.0      1.84  20.3  11.10.2025  05:17:07
 10  14   4  16  $12    0.100     6.2279    978.28   0.2     -7.88  81.9  11.10.2025  05:17:09
 11  15   9  13  $12    0.010     4.5305   8539.79   0.1   -427.52   4.6  11.10.2025  05:17:13
 11  15  10  14  $12    0.010     4.4495   1906.16   0.2     -1.39 170.2  11.10.2025  05:17:15
 11  15  12  16  $12    0.010     5.1357   2200.13   0.4     65.95   6.0  11.10.2025  05:17:18
 11  15   5   9  $12    0.010    -2.7960   6587.99   0.4   -688.00   2.9  11.10.2025  05:17:20
 11  15   6  10  $12    0.100   -15.9589   1410.08   0.0      4.03   3.4  11.10.2025  05:17:23
 11  15   8  12  $12    0.010    -2.7459   3623.09   0.0      9.51   1.7  11.10.2025  05:17:28
 11  15   5   1  $12    0.100     7.1891  11857.19   0.4    -33.15   3.0  11.10.2025  05:17:32
 11  15   6   2  $12    0.100     6.0260   6921.72   0.1    -50.44  11.7  11.10.2025  05:17:34
 11  15   7   3  $12    0.100     7.0657   5327.40   0.0    -28.60   4.3  11.10.2025  05:17:36
 11  15   8   4  $12    0.100     6.6187   3002.03   0.1     -3.81  49.7  11.10.2025  05:17:38
 11  15   1  13  $12    0.100     9.2549  20352.49   0.0     25.92   4.2  11.10.2025  05:17:40
 11  15   2  14  $12    0.100    21.9837   1970.85   0.0     11.04   8.0  11.10.2025  05:17:42
 11  15   4  16  $12    0.100    17.6603   1302.46   0.0    -35.10   1.6  11.10.2025  05:17:44
 12  16   9  13  $12    0.001    11.0013 145159.29   0.4   -624.16   0.2  11.10.2025  05:17:52
 12  16  10  14  $12    0.010     2.4063   4535.82   0.0    -16.73   1.7  11.10.2025  05:17:56
 12  16  11  15  $12    0.010     5.5392   2373.01   0.0    -29.00   4.8  11.10.2025  05:17:58
 12  16   5   9  $12    0.001   -10.5473 478389.61   0.1   -650.77   2.6  11.10.2025  05:18:03
 12  16   6  10  $12    0.100    -8.0683   1901.04   0.0    -49.86   0.2  11.10.2025  05:18:08
 12  16   7  11  $12    0.010    -2.6116   2307.55   0.0     23.14   0.8  11.10.2025  05:18:13
 12  16   5   1  $12    0.010   -10.1647 230519.22   0.0   -680.13   0.3  11.10.2025  05:18:15
 12  16   6   2  $12    0.001    -2.8542 470755.01   0.3   -734.85   0.2  11.10.2025  05:18:20
 12  16   7   3  $12    0.010    -7.7617  89153.91   0.0   -713.81   0.0  11.10.2025  05:18:24
 12  16   8   4  $12    0.100     9.5140   7173.40   0.0    -50.00   0.3  11.10.2025  05:18:28
 12  16  13   1  $12    0.010   -12.7992  12518.22   0.0   -585.95   0.1  11.10.2025  05:18:33
 12  16  14   2  $12    0.001    -3.2330 710984.43   0.0   -764.29   0.4  11.10.2025  05:18:38
 12  16  15   3  $12    0.010   -10.6733   9568.66   0.0   -537.11   0.5  11.10.2025  05:18:42
 13   1  14   2  $12    0.010    12.1009   4149.83   0.1    815.85   0.5  11.10.2025  05:18:44
 13   1  15   3  $12    0.010    -1.9032   1443.22   0.5  -1487.76   0.9  11.10.2025  05:18:46
 13   1  16   4  $12    0.010    13.4595  17298.12   0.0   -640.85   0.1  11.10.2025  05:18:48
 13   1  10  14  $12    0.100   -15.9288   1428.02   0.0      2.01  12.4  11.10.2025  05:18:52
 13   1  11  15  $12    0.100    -3.8877   8549.45   0.0    466.32   0.1  11.10.2025  05:18:54
 13   1  12  16  $12    0.010   -12.5225  12247.51   0.3   -664.11   0.2  11.10.2025  05:18:59
 13   1   9   5  $12    0.001     5.5372 139164.88   0.9   -547.53   2.6  11.10.2025  05:19:04
 13   1  10   6  $12    0.100     4.5213   1016.89   0.0     14.37   1.4  11.10.2025  05:19:10
 13   1  11   7  $12    0.100     3.6491    573.20   0.0      4.22  12.2  11.10.2025  05:19:12
 13   1  12   8  $12    0.100     3.3684    248.42   0.0      7.76   1.3  11.10.2025  05:19:14
 13   1   6   2  $12    0.010    10.5012   7744.70   0.4    868.01   0.6  11.10.2025  05:19:19
 13   1   7   3  $12    0.010    -3.1024   4873.17   0.1   -858.78   0.6  11.10.2025  05:19:20
 13   1   8   4  $12    0.100     2.8999    652.22   0.0    118.08   0.6  11.10.2025  05:19:24
 14   2  13   1  $12    0.010    13.8489   4749.32   0.0    587.96   0.1  11.10.2025  05:19:29
 14   2  15   3  $12    0.010    -0.1802     61.80   4.5 -32516.82   4.6  11.10.2025  05:19:33
 14   2  16   4  $12    0.001     3.3687  25545.34   0.4   -744.08   0.1  11.10.2025  05:19:38
 14   2   9  13  $12    0.001    12.9260  95330.44   0.7   -632.58   3.6  11.10.2025  05:19:40
 14   2  11  15  $12    0.010    -2.2720   2036.83   0.0     35.38   1.5  11.10.2025  05:19:44
 14   2  12  16  $12    0.001    -3.0819 677754.94   0.1   -755.90   0.7  11.10.2025  05:19:49
 14   2   9   5  $12    0.001    12.2788 276162.06   0.0   -624.85   0.2  11.10.2025  05:19:51
 14   2  10   6  $12    0.100     2.9423    739.49   0.3    100.16   0.2  11.10.2025  05:19:56
 14   2  11   7  $12    0.100     2.2398    503.75   0.2    177.45   0.5  11.10.2025  05:19:58
 14   2  12   8  $12    0.100     0.0357      5.61  36.3  78420.76  43.9  11.10.2025  05:20:15
 14   2   5   1  $12    0.010    10.6718   9567.30   0.2    890.34   0.4  11.10.2025  05:20:20
 14   2   7   3  $12    0.010    -4.8861   3603.57   0.2  -1483.01   0.4  11.10.2025  05:20:22
 14   2   8   4  $12    0.100    14.6384   2299.40   0.2   -194.32   0.2  11.10.2025  05:20:25
 15   3  13   1  $12    0.100    -4.7758    362.15   0.2  -3345.10   0.1  11.10.2025  05:20:27
 15   3  14   2  $12    0.010    -0.9862    338.20   0.3  -5393.95   0.3  11.10.2025  05:20:33
 15   3  16   4  $12    0.010    12.2327   4195.05   0.6   -419.46   1.5  11.10.2025  05:20:35
 15   3   9  13  $12    0.001     3.3607  52789.60   0.6   -639.21   1.1  11.10.2025  05:20:40
 15   3  10  14  $12    0.100   -19.7184   1454.25   0.0      3.70   1.6  11.10.2025  05:20:45
 15   3  12  16  $12    0.010    -9.4175   8442.83   0.2   -567.67   0.6  11.10.2025  05:20:50
 15   3   9   5  $12    0.001     3.7392  58734.46   0.1   -590.33   0.8  11.10.2025  05:20:55
 15   3  10   6  $12    0.100     4.8047   1080.63   0.0     30.14   0.2  11.10.2025  05:21:00
 15   3  11   7  $12    0.100     4.5866   1152.74   0.0      6.81   2.6  11.10.2025  05:21:03
 15   3  12   8  $12    0.100     4.8325   1086.88   0.0     -2.02  14.6  11.10.2025  05:21:05
 15   3   5   1  $12    0.010    -2.2861  50274.93   0.1   -932.31   0.2  11.10.2025  05:21:09
 15   3   6   2  $12    0.010    -3.5861   3214.98   0.7  -1858.92   0.5  11.10.2025  05:21:11
 15   3   8   4  $12    0.100    20.4824   1510.60   0.0     47.72   0.6  11.10.2025  05:21:15
 16   4  13   1  $12    0.010    13.3404  17145.03   0.0   -583.43   0.0  11.10.2025  05:21:20
 16   4  14   2  $12    0.001     3.3235  25202.62   0.0   -704.99   0.4  11.10.2025  05:21:25
 16   4  15   3  $12    0.010    12.4713   4276.87   0.0   -429.70   0.1  11.10.2025  05:21:29
 16   4   9  13  $12    0.001   -11.2125 252178.80   0.1   -617.58   0.3  11.10.2025  05:21:34
 16   4  10  14  $12    0.100    -6.4887   1019.24   0.0     50.86   0.1  11.10.2025  05:21:39
 16   4  11  15  $12    0.010    -2.0588   1518.39   0.0    -70.16   0.3  11.10.2025  05:21:44
 16   4   9   5  $12    0.001   -10.8610  80100.98   0.3   -649.14   0.6  11.10.2025  05:21:49
 16   4  10   6  $12    0.100     8.4951   1334.41   0.0    -34.67   0.2  11.10.2025  05:21:54
 16   4  11   7  $12    0.100     8.0779   1816.79   0.0    -38.59   0.1  11.10.2025  05:21:56
 16   4  12   8  $12    0.100     8.9637   2252.82   0.0    -61.03   0.3  11.10.2025  05:21:58
 16   4   5   1  $12    0.010    10.6175  10384.38   0.0   -642.48   0.1  11.10.2025  05:22:03
 16   4   6   2  $12    0.001     3.2210 708341.28   0.7   -785.02   0.3  11.10.2025  05:22:08
 16   4   7   3  $12    0.010    10.0580   9017.00   0.0   -520.50   0.2  11.10.2025  05:22:12
  1   4   2   3  $12    0.010    14.7673   9278.55   0.3    504.88   1.5  11.10.2025  05:22:14
  2   3   1   4  $12    0.010    15.8893   9983.52   0.0    405.46   0.3  11.10.2025  05:22:16
  1   2   3   4  $12    0.010     0.3893    733.77   0.7  -8656.51   0.8  11.10.2025  05:22:18
  3   4   1   2  $12    0.010     0.6088   1147.55   0.3  -5710.30   1.2  11.10.2025  05:22:20
  5   8   6   7  $12    0.100    15.5113    974.60   0.0      3.21   1.3  11.10.2025  05:22:24
  6   7   5   8  $12    0.100    15.7260    988.09   0.1      2.38  98.5  11.10.2025  05:22:26
  5   6   7   8  $12    0.100    -4.2173    794.95   0.8      7.65  67.0  11.10.2025  05:22:27
  7   8   5   6  $12    0.100    -4.1931    790.39   0.9     -7.61  95.0  11.10.2025  05:22:30
  9  12  10  11  $12    0.010     6.3331   3979.20   0.0     28.54   0.3  11.10.2025  05:22:35
 10  11   9  12  $12    0.010     6.1880   3888.05   0.8    -23.08  35.6  11.10.2025  05:22:37
  9  10  11  12  $12    0.010    -0.6857   1292.55   0.6    -94.28  16.2  11.10.2025  05:22:43
 11  12   9  10  $12    0.100    -3.0238    569.98   0.5    219.81   2.9  11.10.2025  05:22:47
 13  16  14  15  $12    0.010     2.3563   1480.53   0.0    -86.30   0.4  11.10.2025  05:22:52
 14  15  13  16  $12    0.100    19.4545   1222.36   0.0    -46.72   4.2  11.10.2025  05:22:55
 13  14  15  16  $12    0.100    -7.5484   1422.83   0.1     -8.74  32.7  11.10.2025  05:22:57
  1   9  10   2  $12    0.001   -12.6930  45676.51   0.3   -536.03   0.1  11.10.2025  05:23:06
  1   9  11   3  $12    0.001    -3.1845  27285.00   0.1   -632.85   1.0  11.10.2025  05:23:08
  1   9  12   4  $12    0.010    -2.4524   4100.70   0.0   -364.58   0.1  11.10.2025  05:23:12
  2  10   9   1  $12    0.001   -12.6731  45604.90   0.1   -445.58   2.5  11.10.2025  05:23:16
  2  10  11   3  $12    0.010     0.6014    216.41   0.9 -10615.40   0.7  11.10.2025  05:23:20
  2  10  12   4  $12    0.010    -1.8415   1577.83   0.1    316.18   1.5  11.10.2025  05:23:25
  3  11   9   1  $12    0.001    -3.0039  25737.07   0.5   -507.16   2.5  11.10.2025  05:23:29
  3  11  10   2  $12    0.010     0.5556    199.93   0.5 -10972.70   0.4  11.10.2025  05:23:33
  3  11  12   4  $12    0.010    -5.8545   2106.79   0.6     31.03  27.4  11.10.2025  05:23:35
 12   4   9   1  $12    0.010     5.6844   9505.03   0.2   -606.71   0.4  11.10.2025  05:23:38
 12   4  10   2  $12    0.010     2.1069   1805.23   0.9    266.31   6.6  11.10.2025  05:23:40
 12   4  11   3  $12    0.010     6.0027   2160.12   0.6     25.40  37.1  11.10.2025  05:23:41
 13   5  14   6  $12    0.010     4.4035   1584.64   0.1      3.97  58.2  11.10.2025  05:23:43
 13   5  15   7  $12    0.010     2.8398   2433.11   0.1     -0.09 2223.7  11.10.2025  05:23:45
 13   5  16   8  $12    0.010     3.1099   5200.24   0.1   -262.41   2.3  11.10.2025  05:23:47
 14   6  13   5  $12    0.010     4.4459   1599.89   0.3      3.88  46.0  11.10.2025  05:23:49
 14   6  15   7  $12    0.010     4.7248   1700.26   0.0      0.28  50.4  11.10.2025  05:23:51
 14   6  16   8  $12    0.010     2.7362   2344.33   0.3    -57.17   2.5  11.10.2025  05:23:54
 15   7  13   5  $12    0.010     2.8724   2461.08   0.0      3.56  21.6  11.10.2025  05:23:56
 15   7  14   6  $12    0.010     4.7191   1698.18   0.0      1.07  48.7  11.10.2025  05:23:58
 15   7  16   8  $12    0.010     4.2958   1545.86   0.5     67.09   3.5  11.10.2025  05:24:00
 16   8  13   5  $12    0.010     3.7640   6293.94   0.1   -210.20   1.2  11.10.2025  05:24:02
 16   8  14   6  $12    0.010     2.7701   2373.41   0.1    -49.50   0.3  11.10.2025  05:24:04
 16   8  15   7  $12    0.010     4.8927   1760.65   0.0    -46.38   1.0  11.10.2025  05:24:06
  1   2   5   6  $12    0.100   -12.5569  23669.29   0.4   -231.91   1.5  11.10.2025  05:24:09
  2   3   6   7  $12    0.100     3.1696   5974.53   0.5   -294.61   1.4  11.10.2025  05:24:11
  3   4   7   8  $12    0.100    -0.2418    455.74   0.2   -299.61   0.7  11.10.2025  05:24:25
  1   2   9  10  $12    0.001     7.2942 11549302.01   0.7   -680.36   0.8  11.10.2025  05:24:33
  2   3  10  11  $12    0.100     2.2371  35421.96   0.6   -314.96   0.8  11.10.2025  05:24:38
  3   4  11  12  $12    0.100    -0.2360   3737.28   0.8   -157.74   9.2  11.10.2025  05:24:43
  1   2  13  14  $12    0.100    -0.1785   9620.38   0.7   -455.79   1.6  11.10.2025  05:24:57
  2   3  14  15  $12    0.010     0.2518 135741.74   0.3     82.61   3.5  11.10.2025  05:25:02
  3   4  15  16  $12    0.010     9.9878 5384386.57   0.1   -702.75   0.1  11.10.2025  05:25:04
  5   6   9  10  $12    0.010    -7.9150 149193.98   0.4   -647.80   0.3  11.10.2025  05:25:07
  6   7  10  11  $12    1.000     2.0333    383.26   0.0      3.58  13.9  11.10.2025  05:25:12
  7   8  11  12  $12   10.000    16.4696    310.44   0.0      2.70   1.9  11.10.2025  05:25:16
  5   6  13  14  $12    1.000     0.3944    624.54   0.1    -77.81   2.0  11.10.2025  05:25:21
  6   7  14  15  $12   10.000     4.3862    694.49   0.0     10.54   2.9  11.10.2025  05:25:25
  7   8  15  16  $12   10.000    16.9004   2675.94   0.1   -221.34   0.5  11.10.2025  05:25:27
  9  10  13  14  $12    0.010     0.0246    463.38   0.4  -1152.81   2.6  11.10.2025  05:25:39
 10  11  14  15  $12    1.000     2.1567    406.52   0.0     -6.47  14.4  11.10.2025  05:25:44
 11  12  15  16  $12    1.000     3.9366    742.02   0.8    378.65   0.8  11.10.2025  05:25:46
  1   2   6   7  $12    0.100    -1.8092   6820.61   0.3  -1047.75   0.0  11.10.2025  05:25:52
  2   3   7   8  $12    0.010     0.0278   1048.04   3.0    474.46   3.0  11.10.2025  05:25:57
  1   2   7   8  $12    0.010     0.0690   4549.58   0.6   -623.39   1.2  11.10.2025  05:26:09
  2   3   7   8  $12    0.100    -0.4941   1862.81   0.7    110.04   2.1  11.10.2025  05:26:16
  1   2  10  11  $12    0.010     0.0474  10713.50   0.8   -265.53   0.9  11.10.2025  05:26:21
  2   3  11  12  $12    0.010     0.0143   3230.64   4.4   -218.37  12.9  11.10.2025  05:26:33
  1   2  11  12  $12    0.010     0.0401  12469.26   1.1   -649.42   2.6  11.10.2025  05:26:45
  2   3  11  12  $12    0.010     0.0140   3161.90   1.3   -214.78  20.1  11.10.2025  05:26:57
  1   2  14  15  $12    0.010    -0.1377  94465.97   0.9    344.04   4.6  11.10.2025  05:27:09
  2   3  15  16  $12    0.001     2.4777 16999991.71   0.2   -772.50   1.1  11.10.2025  05:27:14
  1   2  15  16  $12    0.001    -2.2377 19191837.27   0.8   -744.04   2.6  11.10.2025  05:27:16
  2   3  15  16  $12    0.001     2.4251 16639354.45   0.6   -786.14   0.9  11.10.2025  05:27:18
  5   6  10  11  $12    1.000     2.3500    885.94   0.0    -46.95   0.6  11.10.2025  05:27:25
  6   7  11  12  $12   10.000    14.1653    534.02   0.0      3.12   2.8  11.10.2025  05:27:28
  5   6  11  12  $12    1.000     0.6701    442.06   9.0    150.87  46.2  11.10.2025  05:27:38
  6   7  11  12  $12   10.000    14.1418    533.13   0.0      2.74   4.4  11.10.2025  05:27:42
  5   6  14  15  $12    1.000   -13.9844  31631.87   1.2   -427.71   0.5  11.10.2025  05:27:52
  6   7  15  16  $12    1.000     7.6444  17291.33   0.0   -656.77   0.9  11.10.2025  05:27:54
  5   6  15  16  $12    0.010     7.0461 2191450.81   0.1   -685.39   0.3  11.10.2025  05:28:02
  6   7  15  16  $12    1.000     8.1599  18457.25   0.1   -668.25   0.3  11.10.2025  05:28:07
  9  10  14  15  $12    0.010    -3.5767 134839.59   0.1   -410.01   0.0  11.10.2025  05:28:16
 10  11  15  16  $12    1.000     7.4409   2805.17   0.2     52.18   5.6  11.10.2025  05:28:21
  9  10  15  16  $12    0.001    10.3033 6797454.84   0.0   -708.02   0.2  11.10.2025  05:28:33
 10  11  15  16  $12    1.000     7.3037   2753.44   0.2     55.44  17.3  11.10.2025  05:28:40
