//C:\Users\user\Desktop\GeoTom\GeoTomE724.ini
//- Cable direction:
//  cable I: normal
//  cable II: normal
//  cable III: normal
//  cable IV: normal
//- Cable arrangement: sequential
//- Optimization: Last measurement
//- Sorting: Multi-level
//- Current levels: 0.001 mA .. 50.0 mA
Type:         Flow
Name:         Hyprop
Comment:      Example of a measurements sequence
Comment:      
Comment:      
Spacing:      1.00000
First El:     0.00000
Nr of points: 289
IP present:   1

  1   5   2   6  $12    0.001    -2.0275   8685.91   0.6  -2556.71   0.6  12.10.2025  05:10:08
  1   5   3   7  $12    0.010    -6.8502  12912.41   0.2   -615.95   0.1  12.10.2025  05:10:13
  1   5   4   8  $12    0.010    -2.0299   2678.43   0.8   -774.21   1.0  12.10.2025  05:10:15
  1   5  14   2  $12    0.001     2.4200  21695.57   0.4  -2198.11   0.2  12.10.2025  05:10:20
  1   5  15   3  $12    0.010     8.2133 180619.58   0.1   -574.07   0.3  12.10.2025  05:10:23
  1   5  16   4  $12    0.001   -10.0065  97868.36   0.2   -530.59   0.9  12.10.2025  05:10:28
  1   5  13   9  $12    0.001    13.5729 1023375.46   0.8   -487.19   0.7  12.10.2025  05:10:30
  1   5  14  10  $12    0.100     3.8641   4438.47   0.6    635.33   1.1  12.10.2025  05:10:35
  1   5  15  11  $12    0.010     0.6541  10788.93   0.1   -898.34   0.4  12.10.2025  05:10:40
  1   5  16  12  $12    0.001   -11.2645 2554616.10   0.3   -567.47   2.7  12.10.2025  05:10:45
  1   5  10   6  $12    0.010     4.7526   4199.25   0.0   -333.49   0.1  12.10.2025  05:10:49
  1   5  11   7  $12    0.100    16.2478   3828.29   0.1     21.17   2.8  12.10.2025  05:10:53
  1   5  12   8  $12    0.100    14.8650   6742.27   0.1    -88.12   0.5  12.10.2025  05:10:55
  2   6   1   5  $12    0.001    -1.5385   6591.03   0.3  -3190.88   0.4  12.10.2025  05:11:03
  2   6   3   7  $12    0.010    -1.6296    698.10   0.7  -3329.14   0.8  12.10.2025  05:11:07
  2   6   4   8  $12    0.010    -2.3278   4387.77   0.6  -1003.17   1.0  12.10.2025  05:11:09
  2   6  13   1  $12    0.001     1.4530  10715.90   0.4  -3050.03   1.0  12.10.2025  05:11:14
  2   6  15   3  $12    0.010     5.4239   4862.51   0.3  -1242.88   0.4  12.10.2025  05:11:18
  2   6  16   4  $12    0.001   -13.6799 3008361.51   0.0   -490.60   0.3  12.10.2025  05:11:23
  2   6  13   9  $12    0.001    18.3078 830380.99   0.1   -434.55   0.3  12.10.2025  05:11:25
  2   6  14  10  $12    0.010     0.6504   4903.95   0.1    236.13   0.4  12.10.2025  05:11:32
  2   6  15  11  $12    0.010     0.5532   6354.85   0.3  -1277.91   1.1  12.10.2025  05:11:37
  2   6  16  12  $12    0.001   -15.3899 2538311.08   0.0   -534.56   0.1  12.10.2025  05:11:42
  2   6   9   5  $12    0.001   -19.7516 260615.84   0.1   -460.50   0.6  12.10.2025  05:11:44
  2   6  11   7  $12    0.010     1.8031   1593.13   0.0   -130.21   0.2  12.10.2025  05:11:51
  2   6  12   8  $12    0.010     0.6849   1613.69   0.1   -302.48   0.5  12.10.2025  05:11:56
  3   7   1   5  $12    0.010    -7.2341  13635.95   0.2   -684.25   0.5  12.10.2025  05:11:58
  3   7   2   6  $12    0.010    -5.6464   2418.92   0.6  -1482.16   0.2  12.10.2025  05:12:00
  3   7   4   8  $12    0.010     4.1895   1794.76   0.8     47.30  30.3  12.10.2025  05:12:02
  3   7  13   1  $12    0.010     8.7645  13767.28   0.1   -577.45   1.0  12.10.2025  05:12:04
  3   7  14   2  $12    0.010     7.3106   5391.60   0.8  -1042.83   0.2  12.10.2025  05:12:06
  3   7  16   4  $12    0.010   -20.3926  18282.03   0.6   -442.99   2.2  12.10.2025  05:12:08
  3   7  13   9  $12    0.001     2.3016  54229.19   0.2   -437.94   0.9  12.10.2025  05:12:14
  3   7  14  10  $12    0.100     6.6146   3000.18   0.0     36.66   0.1  12.10.2025  05:12:19
  3   7  15  11  $12    0.100     7.6819   5791.98   0.0   -105.62   0.2  12.10.2025  05:12:21
  3   7  16  12  $12    0.010   -14.1531 162568.56   0.3   -650.82   0.2  12.10.2025  05:12:26
  3   7   9   5  $12    0.010   -20.0266  37749.30   0.3   -591.46   0.7  12.10.2025  05:12:28
  3   7  10   6  $12    0.100    19.7920   2611.49   0.0    -90.74   0.1  12.10.2025  05:12:32
  3   7  12   8  $12    0.100    14.1382   1249.22   0.0    -15.72   0.6  12.10.2025  05:12:34
  4   8   1   5  $12    0.010    -1.9671   2595.54   0.3  -1004.31   0.2  12.10.2025  05:12:39
  4   8   2   6  $12    0.010    -2.8844   5436.98   0.4  -1165.89   1.7  12.10.2025  05:12:41
  4   8   3   7  $12    0.010     4.2431   1817.72   0.6     48.85  11.2  12.10.2025  05:12:43
  4   8  13   1  $12    0.010     3.0405   6838.35   0.4   -698.86   1.0  12.10.2025  05:12:45
  4   8  14   2  $12    0.010     4.5322   7119.22   0.6   -791.62   0.0  12.10.2025  05:12:48
  4   8  15   3  $12    0.010    -2.1684   1599.18   0.1    109.48   9.2  12.10.2025  05:12:50
  4   8  13   9  $12    0.010    10.0922   8917.23   0.6   -580.05   0.2  12.10.2025  05:12:52
  4   8  14  10  $12    0.100     5.9574   1403.69   0.0     15.68   1.0  12.10.2025  05:12:56
  4   8  15  11  $12    0.100     6.9299   3143.16   0.1    -40.17   2.1  12.10.2025  05:12:58
  4   8  16  12  $12    0.010    -5.4004  40717.94   0.1   -695.02   0.2  12.10.2025  05:13:02
  4   8   9   5  $12    0.010    -8.8419   3787.86   0.3   -617.34   1.1  12.10.2025  05:13:05
  4   8  10   6  $12    0.100     8.6197   1624.78   0.0    -82.08   0.6  12.10.2025  05:13:08
  4   8  11   7  $12    0.100    14.2709   1883.00   0.0     -5.64   0.4  12.10.2025  05:13:10
  5   9   6  10  $12    0.010    12.9436   5545.04   0.6   -144.55   0.5  12.10.2025  05:13:15
  5   9   7  11  $12    0.010     3.1703   5975.94   0.1   -148.54   0.0  12.10.2025  05:13:17
  5   9   8  12  $12    0.010     2.5221   3327.83   0.2   -252.69   0.4  12.10.2025  05:13:19
  5   9   2   6  $12    0.001    18.6258 245761.42   0.0   -563.94   0.1  12.10.2025  05:13:24
  5   9   3   7  $12    0.010    14.3785  27102.80   0.0   -519.35   0.0  12.10.2025  05:13:28
  5   9   4   8  $12    0.010     5.7764   2474.62   0.0   -506.83   0.3  12.10.2025  05:13:30
  5   9   1  13  $12    0.001    12.6779 318629.96   0.0   -538.15   0.1  12.10.2025  05:13:35
  5   9   2  14  $12    0.001    19.0080 427507.62   0.0   -574.75   0.1  12.10.2025  05:13:37
  5   9   3  15  $12    0.001     2.1278  33424.05   0.0   -562.61   1.9  12.10.2025  05:13:39
  5   9   4  16  $12    0.001   -20.9469 154485.34   0.0   -565.76   0.2  12.10.2025  05:13:41
  5   9  14  10  $12    0.010     6.5372   5776.06   0.0     35.59   0.1  12.10.2025  05:13:45
  5   9  15  11  $12    0.010    -2.4203   5702.71   0.1   -747.32   0.1  12.10.2025  05:13:47
  5   9  16  12  $12    0.001    20.9025 948069.18   0.0   -561.07   0.9  12.10.2025  05:13:52
  6  10   5   9  $12    0.010    12.9824   5561.65   0.0   -232.81   0.7  12.10.2025  05:14:00
  6  10   7  11  $12    0.010     3.7812   1619.85   0.0     12.36   0.6  12.10.2025  05:14:02
  6  10   8  12  $12    0.010     2.2595   4259.09   0.0     -2.81  17.0  12.10.2025  05:14:04
  6  10   1   5  $12    0.010    -4.2567   3761.09   0.0   -341.96   0.9  12.10.2025  05:14:06
  6  10   3   7  $12    0.100   -18.7346   2471.97   0.0    -71.95   0.5  12.10.2025  05:14:10
  6  10   4   8  $12    0.100    -8.0395   1515.41   0.1    -55.98   3.0  12.10.2025  05:14:12
  6  10   1  13  $12    0.100   -16.0517   3610.18   0.2   -667.69   0.5  12.10.2025  05:14:14
  6  10   2  14  $12    0.010    -2.9290   7361.37   0.2   -667.01   0.8  12.10.2025  05:14:19
  6  10   3  15  $12    0.100     2.8343    637.45   0.1    499.28   0.6  12.10.2025  05:14:23
  6  10   4  16  $12    0.010     4.6800   7351.36   0.8   -465.44   1.0  12.10.2025  05:14:28
  6  10  13   9  $12    0.010     8.9798  11848.54   0.0   -246.91   0.6  12.10.2025  05:14:30
  6  10  15  11  $12    0.100    15.4034   1361.00   0.0     13.65   0.2  12.10.2025  05:14:34
  6  10  16  12  $12    0.010    -3.2406   7635.47   0.7   -661.51   0.5  12.10.2025  05:14:39
  7  11   5   9  $12    0.100    15.0938   2845.12   0.7     19.04  13.3  12.10.2025  05:14:43
  7  11   6  10  $12    0.010     3.7838   1620.98   0.0      4.64   6.8  12.10.2025  05:14:48
  7  11   8  12  $12    0.010     5.0503   2163.53   0.0     -0.94  42.3  12.10.2025  05:14:50
  7  11   1   5  $12    0.100    -7.5582   1780.86   0.0     20.70   8.0  12.10.2025  05:14:54
  7  11   2   6  $12    0.100   -14.2092   1255.49   0.2     36.09   3.1  12.10.2025  05:14:56
  7  11   4   8  $12    0.100   -14.2084   1874.75   0.1      0.94 137.5  12.10.2025  05:14:58
  7  11   1  13  $12    0.100     4.8799    766.53   0.2    -63.96   9.9  12.10.2025  05:15:00
  7  11   2  14  $12    0.100     5.9061   1328.33   0.2   -114.61   1.0  12.10.2025  05:15:02
  7  11   3  15  $12    0.100     5.3257   1338.50   0.1     -1.50  95.6  12.10.2025  05:15:04
  7  11   4  16  $12    0.100     5.8554   1316.94   0.3     94.49   2.6  12.10.2025  05:15:06
  7  11  13   9  $12    0.100     3.4926    658.34   0.1    224.48   3.4  12.10.2025  05:15:08
  7  11  14  10  $12    0.100    17.5803   2319.66   0.0     11.48   3.1  12.10.2025  05:15:10
  7  11  16  12  $12    0.010     3.0432   2688.91   0.3    -25.34  45.4  12.10.2025  05:15:15
  8  12   5   9  $12    0.100     4.1789    551.39   0.6    378.68   1.0  12.10.2025  05:15:19
  8  12   6  10  $12    0.100    22.6696   4273.11   0.0      0.50  15.7  12.10.2025  05:15:21
  8  12   7  11  $12    0.010     5.0857   2178.71   0.0     -1.42   3.6  12.10.2025  05:15:26
  8  12   1   5  $12    0.100    -2.6502   1202.06   0.1    264.82   0.3  12.10.2025  05:15:30
  8  12   2   6  $12    0.100    -3.3351    785.81   0.4    515.57   2.2  12.10.2025  05:15:32
  8  12   3   7  $12    0.100   -13.8356   1222.48   0.1      3.37  22.3  12.10.2025  05:15:34
  8  12   1  13  $12    0.100     5.9229    436.82   0.0   -144.62   0.9  12.10.2025  05:15:36
  8  12   2  14  $12    0.100     8.1248   1276.24   0.1   -244.90   0.1  12.10.2025  05:15:38
  8  12   3  15  $12    0.100     5.6327   1266.84   0.1     -3.90  22.6  12.10.2025  05:15:40
  8  12  16   4  $12    0.100    -3.1133    782.46   0.3    817.54   1.0  12.10.2025  05:15:42
  8  12   9  13  $12    0.100     4.0276    172.54   0.5   -860.98   0.8  12.10.2025  05:15:44
  8  12  10  14  $12    0.100   -11.2897   2128.07   0.0      3.26   9.4  12.10.2025  05:15:46
  8  12  11  15  $12    0.010    -3.0898   4076.93   0.0      7.34   2.4  12.10.2025  05:15:51
  9  13  10  14  $12    0.010     8.3090   3559.58   0.0     50.98   1.0  12.10.2025  05:15:53
  9  13  11  15  $12    0.010    -1.9284   3634.93   0.6  -1156.83   0.7  12.10.2025  05:15:58
  9  13  12  16  $12    0.001    16.9610 223795.67   0.3   -534.12   0.2  12.10.2025  05:16:03
  9  13   6  10  $12    0.010    -8.9355  11790.13   0.2   -166.20   0.2  12.10.2025  05:16:07
  9  13   7  11  $12    0.010    -1.0258   1933.62   0.1   -171.17   0.3  12.10.2025  05:16:12
  9  13   8  12  $12    0.010    -0.7175    307.40   0.9   -319.72   0.1  12.10.2025  05:16:24
  9  13   5   1  $12    0.001    14.6628 1105545.47   0.3   -491.83   0.3  12.10.2025  05:16:29
  9  13   6   2  $12    0.001    21.9130 993903.59   0.3   -537.83   0.1  12.10.2025  05:16:31
  9  13   7   3  $12    0.001     2.4263  57167.31   0.6   -492.82   0.5  12.10.2025  05:16:33
  9  13   8   4  $12    0.010     6.5063   5748.77   0.0   -386.53   0.1  12.10.2025  05:16:37
  9  13   2  14  $12    0.001   -21.8022 160793.16   0.0   -554.82   0.2  12.10.2025  05:16:42
  9  13   3  15  $12    0.001    -2.2347  35102.97   0.7   -588.70   0.2  12.10.2025  05:16:44
  9  13   4  16  $12    0.001    23.8838 537168.88   0.0   -555.45   0.1  12.10.2025  05:16:46
 10  14   9  13  $12    0.010     8.6596   3709.77   0.2     20.75   5.2  12.10.2025  05:16:52
 10  14  11  15  $12    0.010     4.6171   1977.94   0.1      3.21  79.0  12.10.2025  05:16:54
 10  14  12  16  $12    0.010     2.4109   4544.43   0.8     28.01 233.6  12.10.2025  05:16:56
 10  14   5   9  $12    0.010    -4.9622   4384.47   0.4     70.18   9.6  12.10.2025  05:16:58
 10  14   7  11  $12    0.100   -17.4681   2304.87   0.0     14.76   0.2  12.10.2025  05:17:02
 10  14   8  12  $12    0.100   -11.1707   2105.62   0.0      5.06   0.4  12.10.2025  05:17:04
 10  14   5   1  $12    0.100     7.9516   9133.60   0.5    -15.25   9.1  12.10.2025  05:17:06
 10  14   6   2  $12    0.100     7.1825   5415.48   0.6    -85.74   5.9  12.10.2025  05:17:08
 10  14   7   3  $12    0.100     6.7003   3039.02   0.1      4.87  15.8  12.10.2025  05:17:10
 10  14   8   4  $12    0.100     5.8837   1386.31   0.1      8.59   5.8  12.10.2025  05:17:12
 10  14   1  13  $12    0.100    18.0837   1621.21   0.0      8.45   7.1  12.10.2025  05:17:14
 10  14   3  15  $12    0.100    21.3681   1575.92   0.0      0.01 585.9  12.10.2025  05:17:16
 10  14   4  16  $12    0.100     6.5715   1032.25   0.8   -169.14   2.1  12.10.2025  05:17:18
 11  15   9  13  $12    0.010     3.4625   6526.70   0.2   -306.65   3.4  12.10.2025  05:17:23
 11  15  10  14  $12    0.010     4.6156   1977.33   0.3     -1.12 125.6  12.10.2025  05:17:25
 11  15  12  16  $12    0.010     5.6234   2409.05   0.5    136.12   8.4  12.10.2025  05:17:27
 11  15   5   9  $12    0.100   -13.0575   3076.60   0.2     -7.77  77.3  12.10.2025  05:17:30
 11  15   6  10  $12    0.100   -15.5520   1374.13   0.0      9.47   6.2  12.10.2025  05:17:32
 11  15   8  12  $12    0.010    -3.0350   4004.55   0.0      9.78   0.5  12.10.2025  05:17:37
 11  15   5   1  $12    0.100     6.2995  10390.04   0.6   -161.20   5.9  12.10.2025  05:17:42
 11  15   6   2  $12    0.100     4.5520   5228.58   0.6     41.28  63.3  12.10.2025  05:17:44
 11  15   7   3  $12    0.100     7.5711   5708.50   0.0    -41.78   4.0  12.10.2025  05:17:46
 11  15   8   4  $12    0.100     6.9899   3170.41   0.1    -16.33  12.2  12.10.2025  05:17:48
 11  15   1  13  $12    0.100    11.5287  25352.84   0.0      3.22  37.2  12.10.2025  05:17:50
 11  15   2  14  $12    0.010     2.8703   2573.27   0.4   -201.34   1.4  12.10.2025  05:17:54
 11  15   4  16  $12    0.010     2.0713   1527.60   0.2    394.38   1.9  12.10.2025  05:17:56
 12  16   9  13  $12    0.001    23.1328 305229.68   0.0   -410.50   0.2  12.10.2025  05:18:02
 12  16  10  14  $12    0.010     2.4113   4545.24   0.1     -3.05  17.0  12.10.2025  05:18:06
 12  16  11  15  $12    0.010     8.0122   3432.41   0.0   -125.79   0.4  12.10.2025  05:18:08
 12  16   5   9  $12    0.001   -22.5228 1021559.37   0.3   -407.70   0.9  12.10.2025  05:18:13
 12  16   6  10  $12    0.010     3.7151   8753.41   0.0   -581.94   0.2  12.10.2025  05:18:16
 12  16   7  11  $12    0.010    -2.6491   2340.64   0.1     21.30   1.8  12.10.2025  05:18:19
 12  16   5   1  $12    0.001    -8.7549 1985466.89   0.0   -498.13   0.2  12.10.2025  05:18:23
 12  16   6   2  $12    0.001   -13.5152 2229107.41   0.1   -527.83   0.1  12.10.2025  05:18:25
 12  16   7   3  $12    0.010   -14.0215 161057.63   0.0   -501.14   0.0  12.10.2025  05:18:29
 12  16   8   4  $12    0.010    -4.8226  36361.67   0.3   -536.99   0.2  12.10.2025  05:18:31
 12  16  13   1  $12    0.001    -9.1014  89015.13   0.0   -487.14   0.2  12.10.2025  05:18:36
 12  16  14   2  $12    0.001   -14.1744 3117120.13   0.0   -524.77   0.0  12.10.2025  05:18:38
 12  16  15   3  $12    0.010   -20.6290  18494.00   0.0   -406.81   0.0  12.10.2025  05:18:42
 13   1  14   2  $12    0.001    -1.8214   6246.33   0.4  -2735.84   0.6  12.10.2025  05:18:47
 13   1  15   3  $12    0.010    -6.3944   4848.95   0.0   -671.74   0.0  12.10.2025  05:18:50
 13   1  16   4  $12    0.001     8.9679 115254.70   0.0   -535.65   0.3  12.10.2025  05:18:55
 13   1  10  14  $12    0.100   -20.6014   1846.92   0.0    -58.97   0.3  12.10.2025  05:19:01
 13   1  11  15  $12    0.100    15.9748  35130.44   0.4   -486.22   0.4  12.10.2025  05:19:03
 13   1  12  16  $12    0.001   -10.3756 101477.85   0.2   -523.91   0.8  12.10.2025  05:19:10
 13   1   9   5  $12    0.001    17.8321 448169.03   0.9   -387.83   0.7  12.10.2025  05:19:13
 13   1  10   6  $12    0.010    -2.2557   5073.31   0.0   -584.55   0.1  12.10.2025  05:19:16
 13   1  11   7  $12    0.100    -5.3380    838.50   1.8   -610.67   1.5  12.10.2025  05:19:25
 13   1  12   8  $12    0.100    -8.6377    637.03   0.1   -412.37   0.6  12.10.2025  05:19:27
 13   1   6   2  $12    0.001    -3.5067  25862.44   0.2  -1497.83   0.2  12.10.2025  05:19:35
 13   1   7   3  $12    0.010    -9.1923  14439.24   0.0   -463.05   0.5  12.10.2025  05:19:39
 13   1   8   4  $12    0.010    -3.4449   7747.90   0.3   -485.32   1.1  12.10.2025  05:19:41
 14   2  13   1  $12    0.001    -2.4017   8236.34   0.4  -2033.47   0.3  12.10.2025  05:19:46
 14   2  15   3  $12    0.010    -4.4340   1520.58   0.1  -1648.83   0.4  12.10.2025  05:19:50
 14   2  16   4  $12    0.001    12.6557  95970.37   0.1   -496.24   0.1  12.10.2025  05:19:54
 14   2   9  13  $12    0.001    21.2229 156520.41   0.0   -384.40   0.6  12.10.2025  05:19:56
 14   2  11  15  $12    0.010    -1.5211   1363.69   0.2    529.98   0.3  12.10.2025  05:20:03
 14   2  12  16  $12    0.001   -13.7839 3031241.93   0.0   -542.47   0.3  12.10.2025  05:20:08
 14   2   9   5  $12    0.001    23.0131 517586.66   0.1   -419.51   0.6  12.10.2025  05:20:11
 14   2  10   6  $12    0.010    -3.5045   8807.80   0.1   -573.89   0.1  12.10.2025  05:20:15
 14   2  11   7  $12    0.010     0.2482    558.18   0.2    368.12   2.5  12.10.2025  05:20:20
 14   2  12   8  $12    0.010     0.4726    742.31   0.3    231.19   0.6  12.10.2025  05:20:25
 14   2   5   1  $12    0.001    -2.6654  23895.42   0.7  -2039.46   1.2  12.10.2025  05:20:30
 14   2   7   3  $12    0.010    -2.8959   2135.78   0.2  -1740.27   0.5  12.10.2025  05:20:34
 14   2   8   4  $12    0.010    -3.8195   5999.61   0.4   -610.28   0.1  12.10.2025  05:20:36
 15   3  13   1  $12    0.010    -8.9787   6808.71   0.5   -810.02   1.0  12.10.2025  05:20:38
 15   3  14   2  $12    0.010    -6.4907   2225.90   0.6  -1622.93   0.7  12.10.2025  05:20:40
 15   3  16   4  $12    0.010    22.7053   7786.49   0.4   -451.35   0.5  12.10.2025  05:20:42
 15   3   9  13  $12    0.001     2.9291  46009.88   0.1   -622.07   1.4  12.10.2025  05:20:47
 15   3  10  14  $12    0.010    -2.0751   1530.41   0.2     10.48  19.8  12.10.2025  05:20:50
 15   3  12  16  $12    0.010   -20.1138  18032.13   0.1   -529.70   0.0  12.10.2025  05:20:52
 15   3   9   5  $12    0.001     3.0155  47367.34   0.3   -585.99   1.0  12.10.2025  05:20:57
 15   3  10   6  $12    0.100     1.8700    420.58   0.1   1032.48   0.2  12.10.2025  05:21:02
 15   3  11   7  $12    0.100     5.0591   1271.50   0.1     18.98   4.5  12.10.2025  05:21:05
 15   3  12   8  $12    0.100     5.4705   1230.38   0.0     13.78   0.5  12.10.2025  05:21:07
 15   3   5   1  $12    0.010    -8.0728 177529.84   0.0   -708.48   1.6  12.10.2025  05:21:11
 15   3   6   2  $12    0.010    -6.5466   5869.03   0.8  -1479.50   1.1  12.10.2025  05:21:13
 15   3   8   4  $12    0.100    19.5254   1440.01   0.0    119.32   0.1  12.10.2025  05:21:17
 16   4  13   1  $12    0.001    10.4849 134751.16   0.0   -509.60   1.0  12.10.2025  05:21:25
 16   4  14   2  $12    0.001    14.1030 106945.45   0.6   -535.23   0.5  12.10.2025  05:21:27
 16   4  15   3  $12    0.001     2.0729   7108.64   0.7   -398.80   4.9  12.10.2025  05:21:29
 16   4   9  13  $12    0.001   -22.3186 501966.66   0.3   -465.31   1.6  12.10.2025  05:21:31
 16   4  10  14  $12    0.010    -0.6278    986.09   0.3    193.31   1.2  12.10.2025  05:21:38
 16   4  11  15  $12    0.010    -3.8812   2862.42   0.0   -224.39   0.6  12.10.2025  05:21:40
 16   4   9   5  $12    0.001   -21.8956 161481.74   0.0   -459.24   0.2  12.10.2025  05:21:45
 16   4  10   6  $12    0.010     5.1213   8044.47   0.0   -419.24   0.0  12.10.2025  05:21:49
 16   4  11   7  $12    0.010     1.0026   2254.94   0.1   -170.50   0.5  12.10.2025  05:21:54
 16   4  12   8  $12    0.010     0.7086   1780.90   0.2   -235.17   0.7  12.10.2025  05:21:59
 16   4   5   1  $12    0.001    10.1970  99730.86   0.4   -523.03   0.4  12.10.2025  05:22:04
 16   4   6   2  $12    0.001    14.0281 3084946.05   0.1   -526.33   1.4  12.10.2025  05:22:06
 16   4   7   3  $12    0.010    15.5321  13924.60   0.1   -393.82   0.0  12.10.2025  05:22:10
  1   4   2   3  $12    0.001    -1.0378   6520.87   0.8  -4438.37   1.0  12.10.2025  05:22:15
  2   3   1   4  $12    0.001    -0.6552   4116.75   1.4  -6275.23   1.2  12.10.2025  05:22:22
  1   2   3   4  $12    0.010    -4.0726   7676.59   0.0    215.26   0.4  12.10.2025  05:22:26
  3   4   1   2  $12    0.010    -2.1693   4089.08   0.7    966.09   1.3  12.10.2025  05:22:28
  5   8   6   7  $12    0.100    16.4030   1030.63   0.0      3.27   2.4  12.10.2025  05:22:32
  6   7   5   8  $12    0.100    17.8834   1123.65   0.3      3.90  47.9  12.10.2025  05:22:33
  5   6   7   8  $12    0.100    -4.4616    840.99   0.6     10.36  54.9  12.10.2025  05:22:35
  7   8   5   6  $12    0.100    -4.7085    887.54   0.7      4.53 204.3  12.10.2025  05:22:37
  9  12  10  11  $12    0.010     5.4852   3446.43   0.5     44.56   0.3  12.10.2025  05:22:43
 10  11   9  12  $12    0.010     6.0801   3820.25   0.9    -39.05  26.7  12.10.2025  05:22:45
  9  10  11  12  $12    0.010    -0.5777   1088.89   0.9   -226.06   3.4  12.10.2025  05:22:51
 11  12   9  10  $12    0.100    -1.7163    323.51   0.0    364.06   0.4  12.10.2025  05:22:57
 13  16  14  15  $12    0.010     4.3936   2760.61   0.2   -278.81   0.1  12.10.2025  05:23:03
 14  15  13  16  $12    0.100    15.5645    977.95   0.3   -101.95   4.1  12.10.2025  05:23:07
 13  14  15  16  $12    0.100    -8.8173   1662.02   0.0   -109.33   1.1  12.10.2025  05:23:09
  1   9  10   2  $12    0.001   -17.6326  63451.76   0.0   -290.60   0.2  12.10.2025  05:23:17
  1   9  11   3  $12    0.010   -13.8162  11837.66   0.1   -326.13   0.1  12.10.2025  05:23:21
  1   9  12   4  $12    0.010    -5.4594   9128.89   0.3   -321.03   0.4  12.10.2025  05:23:23
  2  10   9   1  $12    0.001   -16.0603  57793.99   0.1   -216.67   0.4  12.10.2025  05:23:28
  2  10  11   3  $12    0.010     1.4469    520.67   3.4  -4344.68   2.8  12.10.2025  05:23:37
  2  10  12   4  $12    0.010     1.6985   1455.31   0.3  -1459.10   0.6  12.10.2025  05:23:42
  3  11   9   1  $12    0.010   -14.1230  12100.55   0.0   -399.29   0.1  12.10.2025  05:23:44
  3  11  10   2  $12    0.010     4.9400   1777.67   0.9  -1816.34   0.9  12.10.2025  05:23:46
  3  11  12   4  $12    0.010    -6.4636   2325.95   0.2     47.71  16.1  12.10.2025  05:23:48
 12   4   9   1  $12    0.010     6.4410  10770.26   0.7   -517.53   0.7  12.10.2025  05:23:50
 12   4  10   2  $12    0.010    -1.9930   1707.61   0.3  -1833.03   0.5  12.10.2025  05:23:53
 12   4  11   3  $12    0.010     6.4682   2327.61   0.4     47.39   8.7  12.10.2025  05:23:55
 13   5  14   6  $12    0.010     4.8704   1752.62   0.3      6.73  67.2  12.10.2025  05:23:57
 13   5  15   7  $12    0.010     3.0360   2601.23   0.2      5.62  25.6  12.10.2025  05:23:59
 13   5  16   8  $12    0.010     5.7769   9659.82   0.5   -412.99   2.1  12.10.2025  05:24:01
 14   6  13   5  $12    0.010     4.9228   1771.48   0.8     -6.55 165.3  12.10.2025  05:24:02
 14   6  15   7  $12    0.010     4.9881   1794.99   0.0      3.88   3.4  12.10.2025  05:24:04
 14   6  16   8  $12    0.010     7.5836   6497.58   0.2   -373.76   1.0  12.10.2025  05:24:07
 15   7  13   5  $12    0.010     2.9919   2563.49   0.1      3.30 319.9  12.10.2025  05:24:09
 15   7  14   6  $12    0.010     5.0318   1810.71   0.0     -1.45   4.0  12.10.2025  05:24:11
 15   7  16   8  $12    0.010     4.0330   1451.31   0.6    252.61   6.4  12.10.2025  05:24:13
 16   8  13   5  $12    0.010     3.1534   5272.88   0.8      2.78 272.1  12.10.2025  05:24:15
 16   8  14   6  $12    0.010     7.2908   6246.79   0.0   -282.06   0.1  12.10.2025  05:24:17
 16   8  15   7  $12    0.010     8.1893   2946.96   0.0   -184.35   0.2  12.10.2025  05:24:19
  1   2   5   6  $12    0.010    -0.7761  14628.55   0.6   -735.43   0.9  12.10.2025  05:24:24
  2   3   6   7  $12    0.010    -3.0493  57477.81   0.2   -527.01   0.6  12.10.2025  05:24:26
  3   4   7   8  $12    1.000     1.8413    347.07   0.2     30.58  33.7  12.10.2025  05:24:35
  1   2   9  10  $12    0.001     4.4958 7118520.88   0.1   -497.82   1.0  12.10.2025  05:24:46
  2   3  10  11  $12    0.010     0.2527  40014.21   0.6   -662.94   2.2  12.10.2025  05:24:53
  3   4  11  12  $12    1.000     0.5591    885.30   0.9    -85.73   3.2  12.10.2025  05:25:02
  1   2  13  14  $12    0.010     0.0378  20404.48   1.0   -139.79   8.9  12.10.2025  05:25:10
  2   3  14  15  $12    0.010    -0.0602  32470.91   7.7 -11241.75   7.8  12.10.2025  05:25:22
  3   4  15  16  $12    0.010     8.2716 4459185.92   0.3   -502.56   0.8  12.10.2025  05:25:24
  5   6   9  10  $12    0.010     3.7317  70340.33   0.5   -710.25   0.2  12.10.2025  05:25:27
  6   7  10  11  $12    1.000     3.0982    583.99   0.2    -61.38   1.5  12.10.2025  05:25:33
  7   8  11  12  $12   10.000    15.3304    288.97   0.0      9.92   0.4  12.10.2025  05:25:36
  5   6  13  14  $12    1.000     0.2846    450.63   0.1     27.43   7.2  12.10.2025  05:25:42
  6   7  14  15  $12    1.000    -4.9051   7766.58   0.2   -462.22   0.1  12.10.2025  05:25:44
  7   8  15  16  $12    1.000     4.5691   7234.60   0.7    367.77   2.2  12.10.2025  05:25:46
  9  10  13  14  $12    0.010     0.0754   1420.57   2.0   -514.10   1.6  12.10.2025  05:25:54
 10  11  14  15  $12    1.000     2.2276    419.89   0.0     -6.32   7.9  12.10.2025  05:26:00
 11  12  15  16  $12    1.000   -11.6443   2194.90   0.5   -765.56   0.7  12.10.2025  05:26:02
  1   2   6   7  $12    0.010     0.8444  31833.95   0.2   -550.15   0.0  12.10.2025  05:26:10
  2   3   7   8  $12    0.010    -0.0989   3728.79   0.5   -624.68   1.0  12.10.2025  05:26:22
  1   2   7   8  $12    0.010     0.0969   6394.03   0.3   -457.25   0.7  12.10.2025  05:26:34
  2   3   7   8  $12    0.010    -0.0988   3725.23   0.4   -735.24   1.0  12.10.2025  05:26:46
  1   2  10  11  $12    0.010    -0.0062   1396.07   3.5  -2555.06   4.6  12.10.2025  05:26:58
  2   3  11  12  $12    0.010     0.0889  20099.66   0.7    591.99   1.6  12.10.2025  05:27:10
  1   2  11  12  $12    0.010     0.0131   4086.89   2.8  -3444.90   4.4  12.10.2025  05:27:22
  2   3  11  12  $12    0.010     0.1029  23266.31   0.4    548.36   0.5  12.10.2025  05:27:34
  1   2  14  15  $12    0.010     0.1621 111203.68   0.0  -1958.82   0.2  12.10.2025  05:27:46
  2   3  15  16  $12    0.001    15.5534 106715411.84   0.0   -548.29   0.1  12.10.2025  05:27:51
  1   2  15  16  $12    0.001    -4.9865 42766538.82   0.6   -578.49   2.1  12.10.2025  05:27:53
  2   3  15  16  $12    0.001    15.6317 107252916.65   0.0   -544.25   0.2  12.10.2025  05:27:55
  5   6  10  11  $12    1.000     3.2985   1243.50   0.1    126.91   0.2  12.10.2025  05:28:02
  6   7  11  12  $12    1.000     0.8279    312.12   0.6    285.65   3.7  12.10.2025  05:28:07
  5   6  11  12  $12    1.000     1.0368    683.99   0.1   -104.91   1.6  12.10.2025  05:28:13
  6   7  11  12  $12    1.000    -0.1320     49.77   0.8  -3874.01   0.8  12.10.2025  05:28:28
  5   6  14  15  $12    1.000     1.3809   3123.53   0.7   -930.12   0.5  12.10.2025  05:28:33
  6   7  15  16  $12    0.010     5.3369 1207179.13   0.5   -602.51   1.0  12.10.2025  05:28:41
  5   6  15  16  $12    0.100   -13.1785 409873.23   0.8   -829.10   0.7  12.10.2025  05:28:45
  6   7  15  16  $12    0.010     4.5483 1028806.47   0.9   -580.58   1.1  12.10.2025  05:28:50
  9  10  14  15  $12    0.010    -0.3319  12512.12   1.5  -2782.40   1.7  12.10.2025  05:28:55
 10  11  15  16  $12    1.000     6.0382   2276.37   0.3    289.77   1.2  12.10.2025  05:29:06
  9  10  15  16  $12    0.001    19.3252 12749486.35   0.2   -521.46   0.2  12.10.2025  05:29:17
 10  11  15  16  $12    1.000     5.5250   2082.87   0.2    196.55   5.0  12.10.2025  05:29:25
