//C:\Users\user\Desktop\GeoTom\GeoTomE724.ini
//- Cable direction:
//  cable I: normal
//  cable II: normal
//  cable III: normal
//  cable IV: normal
//- Cable arrangement: sequential
//- Optimization: Last measurement
//- Sorting: Multi-level
//- Current levels: 0.001 mA .. 50.0 mA
Type:         Flow
Name:         Hyprop
Comment:      Example of a measurements sequence
Comment:      
Comment:      
Spacing:      1.00000
First El:     0.00000
Nr of points: 289
IP present:   1

  1   5   2   6  $12    0.010    18.7720   8041.91   0.0      2.20   3.9  04.07.2025  05:17:05
  1   5   3   7  $12    0.010     9.4076  17732.88   0.0      3.75  11.4  04.07.2025  05:17:08
  1   5   4   8  $12    0.010     6.0224   7946.31   0.0      2.86  12.2  04.07.2025  05:17:10
  1   5  14   2  $12    0.010    -7.7058   6908.25   0.0      4.05   2.4  04.07.2025  05:17:12
  1   5  15   3  $12    0.010    -2.9713  65342.74   0.1     13.40   5.6  04.07.2025  05:17:14
  1   5  16   4  $12    0.100   -17.3653   1698.40   0.0      9.95   1.8  04.07.2025  05:17:17
  1   5  13   9  $12    0.010     3.5778  26976.29   0.0     -0.49  13.1  04.07.2025  05:17:22
  1   5  14  10  $12    0.010     3.1294  35945.84   0.0     -1.94  30.8  04.07.2025  05:17:24
  1   5  15  11  $12    0.010     3.1434  51845.62   0.0      0.22  60.8  04.07.2025  05:17:26
  1   5  16  12  $12    0.010     2.5904  58745.24   0.0      0.61  28.1  04.07.2025  05:17:28
  1   5  10   6  $12    0.010     7.9290   7005.87   0.0     -0.45  18.3  04.07.2025  05:17:30
  1   5  11   7  $12    0.010     3.2602   7681.71   0.0     -2.27   6.5  04.07.2025  05:17:32
  1   5  12   8  $12    0.100    16.8156   7627.00   0.0      3.47   0.6  04.07.2025  05:17:36
  2   6   1   5  $12    0.010    18.9031   8098.05   0.0      3.41   1.0  04.07.2025  05:17:41
  2   6   3   7  $12    0.010    18.5733   7956.78   0.0      5.08   2.1  04.07.2025  05:17:43
  2   6   4   8  $12    0.010     9.6117  18117.69   0.0      3.48   5.2  04.07.2025  05:17:45
  2   6  13   1  $12    0.010    -7.7197   5693.33   0.0      0.86  45.7  04.07.2025  05:17:47
  2   6  15   3  $12    0.010    -7.7162   6917.63   0.0      8.46   0.8  04.07.2025  05:17:49
  2   6  16   4  $12    0.010    -3.3715  74142.10   0.0     14.71  16.9  04.07.2025  05:17:51
  2   6  13   9  $12    0.010     3.1356  14222.04   0.0      3.39   7.7  04.07.2025  05:17:53
  2   6  14  10  $12    0.010     3.0203  22772.43   0.0     -1.76  33.9  04.07.2025  05:17:55
  2   6  15  11  $12    0.010     3.0163  34646.87   0.0     -1.39  14.9  04.07.2025  05:17:57
  2   6  16  12  $12    0.010     2.7634  45577.06   0.0     -3.32   4.7  04.07.2025  05:18:00
  2   6   9   5  $12    0.010     8.0406  10609.34   0.0      3.02  14.4  04.07.2025  05:18:02
  2   6  11   7  $12    0.010     7.8638   6948.22   0.0      4.22   8.9  04.07.2025  05:18:04
  2   6  12   8  $12    0.010     3.4840   8208.97   0.0      0.52  16.8  04.07.2025  05:18:06
  3   7   1   5  $12    0.010     9.4169  17750.40   0.0      3.63   3.3  04.07.2025  05:18:08
  3   7   2   6  $12    0.010    18.6626   7995.03   0.0      6.86   1.8  04.07.2025  05:18:10
  3   7   4   8  $12    0.010    22.1721   9498.49   0.0      7.30   2.7  04.07.2025  05:18:12
  3   7  13   1  $12    0.010    -3.4316   5390.33   0.0     13.84   2.9  04.07.2025  05:18:14
  3   7  14   2  $12    0.010    -7.8588   5795.94   0.0     11.03   2.3  04.07.2025  05:18:16
  3   7  16   4  $12    0.010    -9.5403   8552.89   0.0      8.34   4.5  04.07.2025  05:18:18
  3   7  13   9  $12    0.010     2.7317   6436.37   0.0      3.26  21.7  04.07.2025  05:18:20
  3   7  14  10  $12    0.010     2.9452  13358.50   0.0     -1.68  62.1  04.07.2025  05:18:22
  3   7  15  11  $12    0.010     2.8904  21793.44   0.0      0.01 -1170.7  04.07.2025  05:18:24
  3   7  16  12  $12    0.010     3.0573  35117.86   0.0      1.49  19.3  04.07.2025  05:18:26
  3   7   9   5  $12    0.010     3.2507   6127.51   0.1      0.18 875.0  04.07.2025  05:18:28
  3   7  10   6  $12    0.010     7.8597  10370.62   0.0      7.02   2.5  04.07.2025  05:18:30
  3   7  12   8  $12    0.010     9.5796   8464.31   0.0      7.66   0.7  04.07.2025  05:18:32
  4   8   1   5  $12    0.010     5.9964   7912.04   0.0      5.65   7.2  04.07.2025  05:18:34
  4   8   2   6  $12    0.010     9.5876  18072.24   0.0      8.25   5.9  04.07.2025  05:18:36
  4   8   3   7  $12    0.010    22.1189   9475.73   0.0      7.09   2.9  04.07.2025  05:18:38
  4   8  13   1  $12    0.100   -19.6327   4415.57   0.0     10.24   0.5  04.07.2025  05:18:42
  4   8  14   2  $12    0.010    -3.2955   5176.61   0.0     12.11   2.5  04.07.2025  05:18:47
  4   8  15   3  $12    0.010    -9.8662   7276.42   0.0      5.75   5.4  04.07.2025  05:18:49
  4   8  13   9  $12    0.010     2.3977   2118.53   0.0      0.93  17.3  04.07.2025  05:18:51
  4   8  14  10  $12    0.010     2.8955   6822.28   0.0     -4.43  26.5  04.07.2025  05:18:53
  4   8  15  11  $12    0.010     2.7956  12679.84   0.0      2.14   5.5  04.07.2025  05:18:55
  4   8  16  12  $12    0.010     3.3468  25234.32   0.0      1.00  69.8  04.07.2025  05:18:57
  4   8   9   5  $12    0.100    16.3593    700.83   0.0      3.83   2.6  04.07.2025  05:19:01
  4   8  10   6  $12    0.010     3.4182   6443.23   0.0      2.09   1.7  04.07.2025  05:19:06
  4   8  11   7  $12    0.010     9.4643  12487.79   0.0      5.95   2.2  04.07.2025  05:19:08
  5   9   6  10  $12    0.010    17.9014   7668.94   0.0      0.90   6.0  04.07.2025  05:19:10
  5   9   7  11  $12    0.010     8.5212  16062.05   0.0      2.13   5.4  04.07.2025  05:19:12
  5   9   8  12  $12    0.010     5.2635   6945.05   0.0      0.12 514.3  04.07.2025  05:19:14
  5   9   2   6  $12    0.010    -7.9661  10511.02   0.0      5.82   4.6  04.07.2025  05:19:16
  5   9   3   7  $12    0.010    -3.2123   6055.12   0.0      3.72  16.6  04.07.2025  05:19:18
  5   9   4   8  $12    0.100   -16.3857    701.96   0.0      7.55   0.5  04.07.2025  05:19:22
  5   9   1  13  $12    0.010     3.5000   8796.55   0.0      0.67   5.1  04.07.2025  05:19:27
  5   9   2  14  $12    0.010     2.7836   6260.49   0.1     -3.66  66.3  04.07.2025  05:19:29
  5   9   3  15  $12    0.010     3.3015   5185.98   0.0     -4.06  32.4  04.07.2025  05:19:31
  5   9   4  16  $12    0.010     2.4759   1826.01   0.0      0.72  48.2  04.07.2025  05:19:33
  5   9  14  10  $12    0.010     7.1651   6330.93   0.0      1.63  26.4  04.07.2025  05:19:35
  5   9  15  11  $12    0.100    19.6580   4631.81   0.0     -0.67   7.6  04.07.2025  05:19:38
  5   9  16  12  $12    0.100    11.3773   5160.39   0.0      1.38   9.0  04.07.2025  05:19:41
  6  10   5   9  $12    0.010    17.9489   7689.29   0.0      3.55   0.8  04.07.2025  05:19:46
  6  10   7  11  $12    0.010    17.7374   7598.70   0.0      0.87  32.4  04.07.2025  05:19:48
  6  10   8  12  $12    0.010     8.9886  16943.07   0.0      4.09   7.1  04.07.2025  05:19:50
  6  10   1   5  $12    0.010    -7.9544   7028.26   0.0      6.77  10.3  04.07.2025  05:19:52
  6  10   3   7  $12    0.010    -7.7788  10263.92   0.0      7.55   0.8  04.07.2025  05:19:54
  6  10   4   8  $12    0.010    -3.3723   6356.66   0.0      7.90   5.4  04.07.2025  05:19:56
  6  10   1  13  $12    0.010     3.2084   7215.91   0.1     -3.43  24.9  04.07.2025  05:19:58
  6  10   2  14  $12    0.010     2.8852   7251.36   0.1     -4.65  20.2  04.07.2025  05:20:00
  6  10   3  15  $12    0.010     3.2556   7322.15   0.1      1.38 220.1  04.07.2025  05:20:02
  6  10   4  16  $12    0.010     2.8442   4467.61   0.0      2.07  19.4  04.07.2025  05:20:04
  6  10  13   9  $12    0.010     6.7929   8963.00   0.1     -1.72  55.1  04.07.2025  05:20:06
  6  10  15  11  $12    0.010     6.6779   5900.40   0.0      1.82  13.1  04.07.2025  05:20:08
  6  10  16  12  $12    0.010     2.7749   6538.14   0.1      3.28  13.9  04.07.2025  05:20:10
  7  11   5   9  $12    0.010     8.5348  16087.65   0.0      4.66   3.8  04.07.2025  05:20:12
  7  11   6  10  $12    0.010    17.7862   7619.57   0.0      5.50   5.2  04.07.2025  05:20:14
  7  11   8  12  $12    0.010    21.4210   9176.74   0.0      5.12   0.9  04.07.2025  05:20:16
  7  11   1   5  $12    0.010    -3.2347   7621.47   0.0      4.26  11.1  04.07.2025  05:20:18
  7  11   2   6  $12    0.010    -7.8197   6909.25   0.0      7.07  14.5  04.07.2025  05:20:20
  7  11   4   8  $12    0.010    -9.4749  12501.86   0.0      9.64   1.4  04.07.2025  05:20:22
  7  11   1  13  $12    0.010     2.7079   4253.53   0.0     -1.28  72.7  04.07.2025  05:20:24
  7  11   2  14  $12    0.010     2.8734   6462.44   0.1      5.29  15.9  04.07.2025  05:20:27
  7  11   3  15  $12    0.010     2.9865   7505.88   0.1      4.35  39.9  04.07.2025  05:20:29
  7  11   4  16  $12    0.010     3.2186   7238.96   0.1      4.45   9.5  04.07.2025  05:20:31
  7  11  13   9  $12    0.010     2.6013   4903.38   0.2     -1.20 362.4  04.07.2025  05:20:33
  7  11  14  10  $12    0.010     7.1025   9371.49   0.0      3.89   0.5  04.07.2025  05:20:35
  7  11  16  12  $12    0.010     8.7223   7706.82   0.0      2.86  10.7  04.07.2025  05:20:37
  8  12   5   9  $12    0.010     5.2502   6927.48   0.0     -1.27  38.1  04.07.2025  05:20:39
  8  12   6  10  $12    0.010     8.9834  16933.27   0.0      5.01   9.7  04.07.2025  05:20:41
  8  12   7  11  $12    0.010    21.3737   9156.49   0.0      5.09   1.8  04.07.2025  05:20:43
  8  12   1   5  $12    0.100   -16.7186   7583.02   0.0      2.57   2.6  04.07.2025  05:20:47
  8  12   2   6  $12    0.010    -3.4292   8079.86   0.0     10.02   0.6  04.07.2025  05:20:51
  8  12   3   7  $12    0.010    -9.5051   8398.45   0.0      7.20   7.1  04.07.2025  05:20:53
  8  12   1  13  $12    0.010     2.3315   1719.49   0.0     -2.85  28.1  04.07.2025  05:20:55
  8  12   2  14  $12    0.010     2.7939   4388.67   0.0     -3.09  48.3  04.07.2025  05:20:57
  8  12   3  15  $12    0.010     2.8423   6392.68   0.2      3.27  70.5  04.07.2025  05:20:59
  8  12  16   4  $12    0.010    -3.4028   8552.26   0.0      7.48  27.5  04.07.2025  05:21:01
  8  12   9  13  $12    0.100   -12.4344    532.69   0.0      4.60   3.7  04.07.2025  05:21:05
  8  12  10  14  $12    0.010    -2.7111   5110.30   0.0     13.43   2.7  04.07.2025  05:21:10
  8  12  11  15  $12    0.010    -9.0008  11876.23   0.0      7.72   1.2  04.07.2025  05:21:12
  9  13  10  14  $12    0.010    11.7353   5027.37   0.0     -0.36  30.0  04.07.2025  05:21:14
  9  13  11  15  $12    0.010    16.6952  31469.64   0.0      3.22   1.4  04.07.2025  05:21:16
  9  13  12  16  $12    0.010     4.6483   6133.33   0.0     -1.85   6.7  04.07.2025  05:21:18
  9  13   6  10  $12    0.010    -6.7297   8879.64   0.0      5.24   1.6  04.07.2025  05:21:21
  9  13   7  11  $12    0.010    -2.5721   4848.21   0.0      8.52   1.9  04.07.2025  05:21:23
  9  13   8  12  $12    0.100   -12.4275    532.39   0.0      5.03   0.4  04.07.2025  05:21:26
  9  13   5   1  $12    0.010     3.5844  27026.07   0.0     -1.76  23.7  04.07.2025  05:21:31
  9  13   6   2  $12    0.010     3.1240  14169.24   0.3      2.97  36.2  04.07.2025  05:21:33
  9  13   7   3  $12    0.010     2.7056   6374.92   0.0     -3.41  17.2  04.07.2025  05:21:35
  9  13   8   4  $12    0.010     2.3926   2114.02   0.1      0.46 253.1  04.07.2025  05:21:37
  9  13   2  14  $12    0.100    18.2452   1345.60   0.0      0.80   4.8  04.07.2025  05:21:41
  9  13   3  15  $12    0.010    11.3386  17810.65   0.0      3.38   3.2  04.07.2025  05:21:46
  9  13   4  16  $12    0.100     9.9511   2238.10   0.0     -0.63  45.5  04.07.2025  05:21:50
 10  14   9  13  $12    0.010    11.7367   5027.98   0.0      2.54   3.2  04.07.2025  05:21:55
 10  14  11  15  $12    0.010    12.8265   5494.85   0.0      0.63  18.1  04.07.2025  05:21:57
 10  14  12  16  $12    0.010    13.7424  25903.84   0.0      3.62   9.5  04.07.2025  05:21:59
 10  14   5   9  $12    0.010    -7.1818   6345.69   0.0     -1.28  34.0  04.07.2025  05:22:01
 10  14   7  11  $12    0.010    -7.0405   9289.75   0.0      1.62  25.5  04.07.2025  05:22:03
 10  14   8  12  $12    0.010    -2.7076   5103.73   0.0     11.26   1.8  04.07.2025  05:22:05
 10  14   5   1  $12    0.010     3.1568  36260.23   0.0     -6.44  16.5  04.07.2025  05:22:07
 10  14   6   2  $12    0.010     3.0000  22619.31   0.0     -6.35  24.7  04.07.2025  05:22:09
 10  14   7   3  $12    0.010     2.9728  13483.59   0.0     -7.89  22.6  04.07.2025  05:22:11
 10  14   8   4  $12    0.010     2.8940   6818.75   0.0     -5.24  22.8  04.07.2025  05:22:13
 10  14   1  13  $12    0.100    14.0368   1258.40   0.0      3.09   2.1  04.07.2025  05:22:17
 10  14   3  15  $12    0.010     2.8346   2090.56   0.0     -0.52  34.2  04.07.2025  05:22:22
 10  14   4  16  $12    0.010     8.1508  12803.26   0.0      1.49  30.4  04.07.2025  05:22:24
 11  15   9  13  $12    0.010    16.7400  31554.22   0.0      5.33   1.0  04.07.2025  05:22:26
 11  15  10  14  $12    0.010    12.8279   5495.44   0.0      3.60   7.8  04.07.2025  05:22:28
 11  15  12  16  $12    0.010    13.0353   5584.32   0.0      3.60   1.8  04.07.2025  05:22:30
 11  15   5   9  $12    0.100   -19.7977   4664.72   0.0      2.03   2.3  04.07.2025  05:22:33
 11  15   6  10  $12    0.010    -6.6809   5903.04   0.0      7.57   0.2  04.07.2025  05:22:38
 11  15   8  12  $12    0.010    -8.9763  11843.92   0.0      7.08   3.5  04.07.2025  05:22:40
 11  15   5   1  $12    0.010     3.1604  52125.25   0.0      0.23 716.4  04.07.2025  05:22:42
 11  15   6   2  $12    0.010     3.0378  34893.74   0.0     -3.18  73.8  04.07.2025  05:22:44
 11  15   7   3  $12    0.010     2.9057  21908.71   0.0     -7.38  10.7  04.07.2025  05:22:47
 11  15   8   4  $12    0.010     2.7923  12665.16   0.0     -1.83  13.6  04.07.2025  05:22:49
 11  15   1  13  $12    0.010    11.6461 256111.83   0.0      7.83   1.5  04.07.2025  05:22:51
 11  15   2  14  $12    0.010     3.1401   2815.12   0.2      5.01  17.5  04.07.2025  05:22:53
 11  15   4  16  $12    0.100    12.1960    899.47   0.0     -2.64   0.9  04.07.2025  05:22:56
 12  16   9  13  $12    0.010     4.6479   6132.74   0.0      1.20   4.9  04.07.2025  05:23:01
 12  16  10  14  $12    0.010    13.7949  26002.81   0.0      3.91   2.7  04.07.2025  05:23:03
 12  16  11  15  $12    0.010    13.0554   5592.91   0.0      3.50   6.2  04.07.2025  05:23:05
 12  16   5   9  $12    0.100   -11.3225   5135.54   0.0      4.83   2.1  04.07.2025  05:23:09
 12  16   6  10  $12    0.010    -2.7295   6431.19   0.0     11.69   3.5  04.07.2025  05:23:14
 12  16   7  11  $12    0.010    -8.6659   7656.93   0.0      6.87   1.3  04.07.2025  05:23:16
 12  16   5   1  $12    0.010     2.6014  58995.95   0.1      1.98  46.6  04.07.2025  05:23:18
 12  16   6   2  $12    0.010     2.7892  46002.74   0.1     -7.21  24.1  04.07.2025  05:23:20
 12  16   7   3  $12    0.010     3.0420  34942.13   0.0     -1.31  76.2  04.07.2025  05:23:22
 12  16   8   4  $12    0.010     3.3486  25247.75   0.0     -0.10 1067.2  04.07.2025  05:23:24
 12  16  13   1  $12    0.100    -9.1159    891.57   0.0      7.19   1.2  04.07.2025  05:23:28
 12  16  14   2  $12    0.010    -8.2410 181229.33   0.0      8.65   0.9  04.07.2025  05:23:33
 12  16  15   3  $12    0.100   -13.0453   1169.51   0.0      4.90   2.7  04.07.2025  05:23:37
 13   1  14   2  $12    0.010    12.3297   4228.31   0.0      1.39   2.6  04.07.2025  05:23:42
 13   1  15   3  $12    0.010    17.6365  13373.99   0.0      4.95   9.4  04.07.2025  05:23:44
 13   1  16   4  $12    0.010     5.2154   6702.81   0.0      4.74   7.1  04.07.2025  05:23:46
 13   1  10  14  $12    0.100   -14.0052   1255.57   0.0      4.67   0.7  04.07.2025  05:23:49
 13   1  11  15  $12    0.010   -11.4850 252567.43   0.0      7.15   1.3  04.07.2025  05:23:54
 13   1  12  16  $12    0.100    -9.0421    884.35   0.0      4.53   1.0  04.07.2025  05:23:58
 13   1   9   5  $12    0.010     3.4947   8783.07   0.0     -0.18  70.4  04.07.2025  05:24:03
 13   1  10   6  $12    0.010     3.2016   7200.78   0.0      2.34  14.4  04.07.2025  05:24:05
 13   1  11   7  $12    0.010     2.6856   4218.51   0.0     -2.91  10.0  04.07.2025  05:24:07
 13   1  12   8  $12    0.010     2.3285   1717.27   0.0     -2.00   9.5  04.07.2025  05:24:09
 13   1   6   2  $12    0.010     7.7244   5696.79   0.0     -0.30  58.8  04.07.2025  05:24:11
 13   1   7   3  $12    0.010     3.4614   5437.11   0.0     -2.63  47.2  04.07.2025  05:24:13
 13   1   8   4  $12    0.100    19.7386   4439.40   0.0      5.34   1.9  04.07.2025  05:24:17
 14   2  13   1  $12    0.010    12.3657   4240.66   0.0      1.79   3.9  04.07.2025  05:24:22
 14   2  15   3  $12    0.010    13.8460   4748.32   0.0      2.86   1.8  04.07.2025  05:24:24
 14   2  16   4  $12    0.010    14.3468  10879.39   0.0      3.64   5.7  04.07.2025  05:24:26
 14   2   9  13  $12    0.100   -18.1759   1340.49   0.0      3.92   0.5  04.07.2025  05:24:30
 14   2  11  15  $12    0.010    -3.1120   2789.89   0.0      9.30   1.3  04.07.2025  05:24:35
 14   2  12  16  $12    0.010    -8.2020 180370.71   0.0      5.31   7.3  04.07.2025  05:24:37
 14   2   9   5  $12    0.010     2.7622   6212.56   0.0     -7.95   7.7  04.07.2025  05:24:39
 14   2  10   6  $12    0.010     2.8754   7226.74   0.0      2.66  39.2  04.07.2025  05:24:41
 14   2  11   7  $12    0.010     2.8630   6439.18   0.0     -3.66   6.7  04.07.2025  05:24:43
 14   2  12   8  $12    0.010     2.8113   4415.91   0.0     -2.19  18.4  04.07.2025  05:24:45
 14   2   5   1  $12    0.010     7.7817   6976.28   0.0      1.16  32.9  04.07.2025  05:24:47
 14   2   7   3  $12    0.010     7.8731   5806.49   0.0      2.48   3.2  04.07.2025  05:24:49
 14   2   8   4  $12    0.010     3.3432   5251.54   0.0     -1.64  21.7  04.07.2025  05:24:51
 15   3  13   1  $12    0.010    17.7617  13468.97   0.0      5.25   2.4  04.07.2025  05:24:53
 15   3  14   2  $12    0.010    13.8652   4754.89   0.0      3.10   5.7  04.07.2025  05:24:55
 15   3  16   4  $12    0.010    14.0205   4808.16   0.0      4.07   1.3  04.07.2025  05:24:57
 15   3   9  13  $12    0.010   -11.3926  17895.47   0.0      9.31   3.1  04.07.2025  05:24:59
 15   3  10  14  $12    0.010    -2.7636   2038.18   0.0      8.92   6.8  04.07.2025  05:25:01
 15   3  12  16  $12    0.100   -12.8555   1152.50   0.0      5.72   0.3  04.07.2025  05:25:05
 15   3   9   5  $12    0.010     3.3228   5219.46   0.0     -0.39   8.3  04.07.2025  05:25:10
 15   3  10   6  $12    0.010     3.2828   7383.28   0.1     -5.61   5.7  04.07.2025  05:25:12
 15   3  11   7  $12    0.010     2.9974   7533.24   0.0     -0.64  16.9  04.07.2025  05:25:14
 15   3  12   8  $12    0.010     2.8252   6354.03   0.0      0.29  14.3  04.07.2025  05:25:16
 15   3   5   1  $12    0.010     3.0319  66675.37   0.1      3.68  35.6  04.07.2025  05:25:18
 15   3   6   2  $12    0.010     7.8153   7006.42   0.0      1.76  29.7  04.07.2025  05:25:20
 15   3   8   4  $12    0.010     9.8898   7293.83   0.0      4.02   2.2  04.07.2025  05:25:22
 16   4  13   1  $12    0.010     5.2230   6712.58   0.0      3.44  22.9  04.07.2025  05:25:24
 16   4  14   2  $12    0.010    14.3429  10876.46   0.0      4.82  12.9  04.07.2025  05:25:26
 16   4  15   3  $12    0.010    13.9899   4797.67   0.0      7.45   3.1  04.07.2025  05:25:28
 16   4   9  13  $12    0.100    -9.8952   2225.52   0.0      7.24   0.9  04.07.2025  05:25:32
 16   4  10  14  $12    0.010    -8.1095  12738.35   0.0      8.83   0.3  04.07.2025  05:25:37
 16   4  11  15  $12    0.100   -12.2051    900.13   0.0      2.73   2.3  04.07.2025  05:25:40
 16   4   9   5  $12    0.010     2.4741   1824.65   0.0     -1.86   6.0  04.07.2025  05:25:45
 16   4  10   6  $12    0.010     2.8610   4493.98   0.0     -2.30  30.1  04.07.2025  05:25:47
 16   4  11   7  $12    0.010     3.2120   7224.18   0.0     -1.10  32.5  04.07.2025  05:25:49
 16   4  12   8  $12    0.010     3.4725   8727.37   0.0      0.55  15.6  04.07.2025  05:25:51
 16   4   5   1  $12    0.100    17.3894   1700.76   0.0     11.19   0.6  04.07.2025  05:25:55
 16   4   6   2  $12    0.010     3.4200  75210.19   0.0      2.65   6.4  04.07.2025  05:26:00
 16   4   7   3  $12    0.010     9.6139   8618.93   0.0      4.14   8.8  04.07.2025  05:26:02
  1   4   2   3  $12    0.010    11.2870   7091.81   0.0      3.93   1.2  04.07.2025  05:26:04
  2   3   1   4  $12    0.010    11.2971   7098.19   0.0      3.69   2.1  04.07.2025  05:26:06
  1   2   3   4  $12    0.010    -2.7711   5223.36   0.0     18.33   0.5  04.07.2025  05:26:08
  3   4   1   2  $12    0.010    -2.7654   5212.64   0.0     17.10   2.1  04.07.2025  05:26:10
  5   8   6   7  $12    0.010    11.7293   7369.74   0.0      1.29  10.3  04.07.2025  05:26:13
  6   7   5   8  $12    0.010    11.7392   7375.93   0.0      4.78   5.3  04.07.2025  05:26:15
  5   6   7   8  $12    0.010    -2.6406   4977.35   0.0      9.16   4.5  04.07.2025  05:26:17
  7   8   5   6  $12    0.010    -2.6252   4948.34   0.0     14.54   5.9  04.07.2025  05:26:19
  9  12  10  11  $12    0.010    11.2597   7074.70   0.0     -1.13  16.5  04.07.2025  05:26:21
 10  11   9  12  $12    0.010    11.2238   7052.11   0.0      2.52   2.0  04.07.2025  05:26:23
  9  10  11  12  $12    0.010    -2.5880   4878.34   0.0     12.06   3.8  04.07.2025  05:26:25
 11  12   9  10  $12    0.010    -2.6093   4918.35   0.0     10.95   1.9  04.07.2025  05:26:27
 13  16  14  15  $12    0.010   -17.2809  10857.91   0.0      5.89   4.1  04.07.2025  05:26:29
 14  15  13  16  $12    0.010   -17.2645  10847.60   0.0      6.30   3.4  04.07.2025  05:26:31
 13  14  15  16  $12    0.010    16.4194  30949.83   0.0      5.08   1.1  04.07.2025  05:26:33
  1   9  10   2  $12    0.010   -20.7940   7482.83   0.0      2.45  14.8  04.07.2025  05:26:35
  1   9  11   3  $12    0.010   -11.3886   9757.69   0.0      3.75  21.7  04.07.2025  05:26:37
  1   9  12   4  $12    0.010    -7.8902  13193.42   0.0      5.97   1.5  04.07.2025  05:26:39
  2  10   9   1  $12    0.010   -20.7915   7481.93   0.0      4.10   0.6  04.07.2025  05:26:41
  2  10  11   3  $12    0.010   -20.6807   7442.05   0.0      5.38   2.1  04.07.2025  05:26:43
  2  10  12   4  $12    0.010   -11.7003  10024.84   0.0      6.75   1.5  04.07.2025  05:26:45
  3  11   9   1  $12    0.010   -11.4069   9773.42   0.0      5.72   1.2  04.07.2025  05:26:47
  3  11  10   2  $12    0.010   -20.7159   7454.71   0.0      5.78   0.5  04.07.2025  05:26:49
  3  11  12   4  $12    0.001    -2.4409   8783.80   0.0     13.93   3.4  04.07.2025  05:26:54
 12   4   9   1  $12    0.010     7.9288  13258.04   0.0      2.80   1.1  04.07.2025  05:26:58
 12   4  10   2  $12    0.010    11.7261  10046.93   0.0      3.78   6.8  04.07.2025  05:27:00
 12   4  11   3  $12    0.001     2.4859   8945.72   0.0      1.40   9.7  04.07.2025  05:27:05
 13   5  14   6  $12    0.010    15.7214   5657.44   0.0      0.26  10.6  04.07.2025  05:27:09
 13   5  15   7  $12    0.010    20.6654  17706.11   0.0      3.64   2.9  04.07.2025  05:27:11
 13   5  16   8  $12    0.010     7.5149  12566.01   0.0      0.82  33.4  04.07.2025  05:27:13
 14   6  13   5  $12    0.010    15.7601   5671.35   0.0      0.17 131.0  04.07.2025  05:27:15
 14   6  15   7  $12    0.010    16.8565   6065.89   0.0      1.99   4.3  04.07.2025  05:27:17
 14   6  16   8  $12    0.010    17.2499  14779.71   0.0      2.36   2.9  04.07.2025  05:27:19
 15   7  13   5  $12    0.010    20.7014  17736.95   0.0      5.72   0.3  04.07.2025  05:27:21
 15   7  14   6  $12    0.010    16.8675   6069.84   0.0      3.87   1.1  04.07.2025  05:27:23
 15   7  16   8  $12    0.010    16.7335   6021.63   0.0      4.80   1.0  04.07.2025  05:27:25
 16   8  13   5  $12    0.010     7.5103  12558.27   0.0      0.29  38.4  04.07.2025  05:27:27
 16   8  14   6  $12    0.010    17.2915  14815.36   0.0      3.14   1.6  04.07.2025  05:27:29
 16   8  15   7  $12    0.010    16.7568   6030.02   0.0      2.72   3.5  04.07.2025  05:27:31
  1   2   5   6  $12    1.000    12.1077   2282.24   0.0     25.18   0.1  04.07.2025  05:27:36
  2   3   6   7  $12    1.000    19.9334   3757.35   0.0     15.40   0.9  04.07.2025  05:27:38
  3   4   7   8  $12    1.000    15.1585   2857.30   0.0    -30.18   0.5  04.07.2025  05:27:40
  1   2   9  10  $12    1.000     2.9823   4722.11   0.0    -19.47   1.1  04.07.2025  05:27:42
  2   3  10  11  $12    1.000     6.4939  10282.28   0.0    -10.93  10.8  04.07.2025  05:27:44
  3   4  11  12  $12    1.000     3.6608   5796.43   0.0     21.68   2.2  04.07.2025  05:27:47
  1   2  13  14  $12    0.100     2.9103 156894.72   0.0     -1.73   4.6  04.07.2025  05:27:52
  2   3  14  15  $12    0.100    -3.0223 162933.02   0.2      2.37  77.6  04.07.2025  05:27:54
  3   4  15  16  $12    0.100     4.0436 217987.82   0.1     -7.83  11.5  04.07.2025  05:27:56
  5   6   9  10  $12    1.000    14.5090   2734.88   0.0      1.09   5.4  04.07.2025  05:27:59
  6   7  10  11  $12    1.000    20.9103   3941.49   0.0      2.16   4.7  04.07.2025  05:28:01
  7   8  11  12  $12    1.000    15.5882   2938.30   0.0      2.18  10.4  04.07.2025  05:28:04
  5   6  13  14  $12    1.000     9.2070  14578.08   0.0      0.60  56.2  04.07.2025  05:28:06
  6   7  14  15  $12    1.000    -8.9119  14110.83   0.1      7.36   6.0  04.07.2025  05:28:08
  7   8  15  16  $12    1.000    12.4547  19720.38   0.0     -3.13  10.7  04.07.2025  05:28:10
  9  10  13  14  $12    0.100     3.9859   7513.24   0.0      1.70   4.9  04.07.2025  05:28:15
 10  11  14  15  $12    0.100    -4.7777   9005.68   0.2     14.29   8.4  04.07.2025  05:28:17
 11  12  15  16  $12    0.100     4.6126   8694.59   0.0     -5.07  21.6  04.07.2025  05:28:19
  1   2   6   7  $12    1.000    11.0273   4157.21   0.0    -10.15   1.0  04.07.2025  05:28:23
  2   3   7   8  $12    1.000    15.2919   5764.92   0.0     -0.51 282.7  04.07.2025  05:28:25
  1   2   7   8  $12    1.000     8.6263   5691.06   0.0     -9.51   4.7  04.07.2025  05:28:27
  2   3   7   8  $12    1.000    15.3551   5788.74   0.0     -2.71   1.6  04.07.2025  05:28:29
  1   2  10  11  $12    1.000     4.3517   9843.22   0.0     20.56   2.2  04.07.2025  05:28:31
  2   3  11  12  $12    1.000     4.6645  10550.76   0.0     -5.05  18.2  04.07.2025  05:28:33
  1   2  11  12  $12    1.000     3.1392   9763.57   0.0    -11.21   1.7  04.07.2025  05:28:35
  2   3  11  12  $12    1.000     4.6790  10583.61   0.0     -6.60   3.4  04.07.2025  05:28:37
  1   2  14  15  $12    1.000   -22.6997 155748.06   0.0      1.17  11.1  04.07.2025  05:28:39
  2   3  15  16  $12    0.100     4.5675 313384.14   0.0      1.61   9.1  04.07.2025  05:28:44
  1   2  15  16  $12    0.100     3.2455 278352.50   0.0     -0.36   7.5  04.07.2025  05:28:46
  2   3  15  16  $12    0.100     4.5701 313562.45   0.0      2.77   7.7  04.07.2025  05:28:48
  5   6  10  11  $12    1.000    18.7339   7062.50   0.0     -1.23   5.3  04.07.2025  05:28:52
  6   7  11  12  $12    1.000    15.2923   5765.05   0.0      1.79  12.5  04.07.2025  05:28:54
  5   6  11  12  $12    1.000    12.4503   8213.90   0.0     -3.33   2.2  04.07.2025  05:28:56
  6   7  11  12  $12    1.000    15.2922   5765.03   0.0      0.20   8.6  04.07.2025  05:28:58
  5   6  14  15  $12    1.000    -7.8634  17786.68   0.0     -0.63  75.7  04.07.2025  05:29:00
  6   7  15  16  $12    1.000    13.6797  30942.82   0.0      6.34   5.8  04.07.2025  05:29:02
  5   6  15  16  $12    1.000    11.5423  35898.49   0.0     -3.84   3.2  04.07.2025  05:29:04
  6   7  15  16  $12    1.000    13.6497  30874.88   0.0      5.60   1.6  04.07.2025  05:29:06
  9  10  14  15  $12    0.100    -3.3497  12628.02   0.0     10.20   1.0  04.07.2025  05:29:11
 10  11  15  16  $12    0.100     6.8196  25709.12   0.1     -1.38  62.6  04.07.2025  05:29:13
  9  10  15  16  $12    0.100     4.7005  31011.07   0.0      1.16  13.5  04.07.2025  05:29:15
 10  11  15  16  $12    0.100     6.8255  25731.60   0.0      2.20  17.3  04.07.2025  05:29:17
