//C:\Users\user\Desktop\GeoTom\GeoTomE724.ini
//- Cable direction:
//  cable I: normal
//  cable II: normal
//  cable III: normal
//  cable IV: normal
//- Cable arrangement: sequential
//- Optimization: Last measurement
//- Sorting: Multi-level
//- Current levels: 0.001 mA .. 50.0 mA
Type:         Flow
Name:         Hyprop
Comment:      Example of a measurements sequence
Comment:      
Comment:      
Spacing:      1.00000
First El:     0.00000
Nr of points: 289
IP present:   1

  1   5   2   6  $12    0.010    17.9363   7683.88   0.0      2.71   1.1  03.07.2025  22:17:06
  1   5   3   7  $12    0.010     8.9932  16951.72   0.0      2.93   8.9  03.07.2025  22:17:08
  1   5   4   8  $12    0.010     5.7837   7631.46   0.0      3.44   7.1  03.07.2025  22:17:10
  1   5  14   2  $12    0.010    -7.4953   6719.60   0.0      4.97   2.6  03.07.2025  22:17:12
  1   5  15   3  $12    0.010    -2.9684  65277.98   0.1      5.07  21.2  03.07.2025  22:17:14
  1   5  16   4  $12    0.100   -17.0945   1671.91   0.0      8.19   1.1  03.07.2025  22:17:18
  1   5  13   9  $12    0.010     3.3524  25276.75   0.0     -0.46  41.7  03.07.2025  22:17:23
  1   5  14  10  $12    0.010     2.9690  34103.31   0.0     -0.85  11.0  03.07.2025  22:17:25
  1   5  15  11  $12    0.010     2.9454  48578.78   0.0     -0.44  10.0  03.07.2025  22:17:27
  1   5  16  12  $12    0.010     2.4727  56077.71   0.0     -3.11  15.1  03.07.2025  22:17:29
  1   5  10   6  $12    0.010     7.4727   6602.70   0.0      1.05  13.4  03.07.2025  22:17:31
  1   5  11   7  $12    0.010     3.0844   7267.54   0.0     -1.28   9.9  03.07.2025  22:17:33
  1   5  12   8  $12    0.100    16.0111   7262.09   0.0      4.66   0.5  03.07.2025  22:17:36
  2   6   1   5  $12    0.010    18.0347   7726.04   0.0      3.50   1.7  03.07.2025  22:17:41
  2   6   3   7  $12    0.010    17.7316   7596.22   0.0      4.48   4.8  03.07.2025  22:17:43
  2   6   4   8  $12    0.010     9.2461  17428.54   0.0      4.48   4.9  03.07.2025  22:17:45
  2   6  13   1  $12    0.010    -7.4413   5487.98   0.0      7.43   4.7  03.07.2025  22:17:47
  2   6  15   3  $12    0.010    -7.2880   6533.71   0.0      6.30   0.8  03.07.2025  22:17:50
  2   6  16   4  $12    0.010    -3.2175  70756.70   0.1      9.23   2.1  03.07.2025  22:17:52
  2   6  13   9  $12    0.010     2.9800  13516.15   0.0     -1.24  11.6  03.07.2025  22:17:54
  2   6  14  10  $12    0.010     2.8823  21732.05   0.0      0.85   0.9  03.07.2025  22:17:56
  2   6  15  11  $12    0.010     2.8824  33108.38   0.0      3.62   7.6  03.07.2025  22:17:58
  2   6  16  12  $12    0.010     2.6533  43762.52   0.0     -0.92  56.0  03.07.2025  22:18:00
  2   6   9   5  $12    0.010     7.5989  10026.46   0.0      0.92  20.5  03.07.2025  22:18:02
  2   6  11   7  $12    0.010     7.5742   6692.40   0.0      2.44   2.9  03.07.2025  22:18:04
  2   6  12   8  $12    0.010     3.3754   7953.06   0.0      1.57   9.2  03.07.2025  22:18:06
  3   7   1   5  $12    0.010     9.0081  16979.95   0.0      2.82   8.0  03.07.2025  22:18:08
  3   7   2   6  $12    0.010    17.7537   7605.68   0.0      5.23   6.2  03.07.2025  22:18:10
  3   7   4   8  $12    0.010    21.2875   9119.55   0.0      7.06   0.6  03.07.2025  22:18:12
  3   7  13   1  $12    0.010    -3.3050   5191.49   0.0     11.16   6.9  03.07.2025  22:18:14
  3   7  14   2  $12    0.010    -7.3886   5449.13   0.0     10.43   1.7  03.07.2025  22:18:16
  3   7  16   4  $12    0.010    -9.1226   8178.47   0.0      9.69   0.5  03.07.2025  22:18:18
  3   7  13   9  $12    0.010     2.6039   6135.28   0.0     -1.80  35.4  03.07.2025  22:18:20
  3   7  14  10  $12    0.010     2.8305  12838.40   0.0     -0.16 132.9  03.07.2025  22:18:22
  3   7  15  11  $12    0.010     2.7610  20817.37   0.0     -1.08  20.7  03.07.2025  22:18:24
  3   7  16  12  $12    0.010     2.9364  33728.74   0.0     -0.84  48.8  03.07.2025  22:18:26
  3   7   9   5  $12    0.010     3.1277   5895.51   0.0      3.14  29.0  03.07.2025  22:18:28
  3   7  10   6  $12    0.010     7.5617   9977.38   0.0      3.86   7.6  03.07.2025  22:18:30
  3   7  12   8  $12    0.010     9.2069   8135.00   0.0      7.33   0.4  03.07.2025  22:18:32
  4   8   1   5  $12    0.010     5.7698   7613.09   0.0      3.69   6.6  03.07.2025  22:18:34
  4   8   2   6  $12    0.010     9.2231  17385.16   0.0      6.66   1.9  03.07.2025  22:18:36
  4   8   3   7  $12    0.010    21.2109   9086.71   0.0      6.74   2.0  03.07.2025  22:18:38
  4   8  13   1  $12    0.100   -18.5834   4179.57   0.0      9.84   0.4  03.07.2025  22:18:42
  4   8  14   2  $12    0.010    -3.0977   4865.78   0.0     12.87   1.7  03.07.2025  22:18:47
  4   8  15   3  $12    0.010    -9.3778   6916.17   0.0     11.24   0.3  03.07.2025  22:18:49
  4   8  13   9  $12    0.010     2.3082   2039.49   0.0     -3.49  11.5  03.07.2025  22:18:51
  4   8  14  10  $12    0.010     2.8048   6608.58   0.0     -1.76  16.2  03.07.2025  22:18:53
  4   8  15  11  $12    0.010     2.6955  12225.80   0.0     -0.70  28.5  03.07.2025  22:18:55
  4   8  16  12  $12    0.010     3.2360  24398.97   0.0     -1.85  11.5  03.07.2025  22:18:57
  4   8   9   5  $12    0.100    16.0688    688.39   0.0      3.69   1.1  03.07.2025  22:19:01
  4   8  10   6  $12    0.010     3.3404   6296.49   0.0      1.30   8.4  03.07.2025  22:19:06
  4   8  11   7  $12    0.010     9.1296  12046.23   0.0      4.84   0.6  03.07.2025  22:19:08
  5   9   6  10  $12    0.010    17.0749   7314.86   0.0      1.23   5.5  03.07.2025  22:19:10
  5   9   7  11  $12    0.010     8.2013  15459.02   0.0      1.74   2.8  03.07.2025  22:19:12
  5   9   8  12  $12    0.010     5.0981   6726.73   0.0     -0.45  82.2  03.07.2025  22:19:14
  5   9   2   6  $12    0.010    -7.5281   9933.04   0.0      2.21   4.5  03.07.2025  22:19:16
  5   9   3   7  $12    0.010    -3.0718   5790.13   0.1      7.05   7.9  03.07.2025  22:19:18
  5   9   4   8  $12    0.100   -16.0382    687.08   0.0      6.77   0.9  03.07.2025  22:19:22
  5   9   1  13  $12    0.010     3.3595   8443.33   0.0     -0.06 214.7  03.07.2025  22:19:27
  5   9   2  14  $12    0.010     2.6371   5931.13   0.0     -3.80  54.6  03.07.2025  22:19:29
  5   9   3  15  $12    0.010     3.1348   4924.15   0.0      1.61  58.0  03.07.2025  22:19:31
  5   9   4  16  $12    0.010     2.3687   1746.95   0.0     -2.83  37.0  03.07.2025  22:19:33
  5   9  14  10  $12    0.010     6.8731   6072.85   0.0      0.95  48.2  03.07.2025  22:19:35
  5   9  15  11  $12    0.100    19.5324   4602.21   0.0      1.39   1.4  03.07.2025  22:19:39
  5   9  16  12  $12    0.100    11.2971   5123.98   0.0      2.04   5.4  03.07.2025  22:19:41
  6  10   5   9  $12    0.010    17.1204   7334.35   0.0      3.72   2.4  03.07.2025  22:19:46
  6  10   7  11  $12    0.010    17.0782   7316.30   0.0      4.00   8.4  03.07.2025  22:19:48
  6  10   8  12  $12    0.010     8.7558  16504.30   0.0      4.23   2.8  03.07.2025  22:19:50
  6  10   1   5  $12    0.010    -7.4976   6624.67   0.0      5.46   4.3  03.07.2025  22:19:52
  6  10   3   7  $12    0.010    -7.4902   9883.06   0.0      7.66   1.4  03.07.2025  22:19:54
  6  10   4   8  $12    0.010    -3.2941   6209.29   0.0     11.65   2.9  03.07.2025  22:19:56
  6  10   1  13  $12    0.010     3.0778   6922.32   0.0      1.92  15.5  03.07.2025  22:19:58
  6  10   2  14  $12    0.010     2.7743   6972.68   0.0      5.82  13.2  03.07.2025  22:20:00
  6  10   3  15  $12    0.010     3.1078   6989.77   0.1      1.51 150.3  03.07.2025  22:20:02
  6  10   4  16  $12    0.010     2.7113   4258.97   0.0      1.20  24.1  03.07.2025  22:20:04
  6  10  13   9  $12    0.010     6.5133   8594.13   0.0      3.86  32.6  03.07.2025  22:20:06
  6  10  15  11  $12    0.010     6.5005   5743.64   0.0      3.30   6.4  03.07.2025  22:20:08
  6  10  16  12  $12    0.010     2.7530   6486.71   0.0      2.12  12.7  03.07.2025  22:20:10
  7  11   5   9  $12    0.010     8.2075  15470.78   0.0      3.99  13.9  03.07.2025  22:20:12
  7  11   6  10  $12    0.010    17.1603   7351.48   0.0      5.77   1.9  03.07.2025  22:20:14
  7  11   8  12  $12    0.010    20.7229   8877.68   0.0      4.45   0.4  03.07.2025  22:20:16
  7  11   1   5  $12    0.010    -3.0560   7200.58   0.0     10.54   8.5  03.07.2025  22:20:18
  7  11   2   6  $12    0.010    -7.5387   6660.99   0.0      4.99  10.2  03.07.2025  22:20:20
  7  11   4   8  $12    0.010    -9.1294  12045.89   0.0      8.52   3.2  03.07.2025  22:20:22
  7  11   1  13  $12    0.010     2.6084   4097.21   0.0     -1.18  21.3  03.07.2025  22:20:24
  7  11   2  14  $12    0.010     2.7556   6197.50   0.1     -3.59  10.5  03.07.2025  22:20:26
  7  11   3  15  $12    0.010     2.8670   7205.62   0.0     -0.54 136.3  03.07.2025  22:20:28
  7  11   4  16  $12    0.010     3.0714   6907.90   0.0      1.94   9.9  03.07.2025  22:20:30
  7  11  13   9  $12    0.010     2.5422   4791.90   0.1      2.77  73.4  03.07.2025  22:20:32
  7  11  14  10  $12    0.010     6.8791   9076.74   0.0      4.29   0.8  03.07.2025  22:20:34
  7  11  16  12  $12    0.010     8.5212   7529.09   0.0      3.05   2.3  03.07.2025  22:20:36
  8  12   5   9  $12    0.010     5.1022   6732.17   0.0     -0.52  80.4  03.07.2025  22:20:38
  8  12   6  10  $12    0.010     8.7536  16500.19   0.0      5.71   4.9  03.07.2025  22:20:40
  8  12   7  11  $12    0.010    20.6681   8854.21   0.0      4.78   0.2  03.07.2025  22:20:42
  8  12   1   5  $12    0.100   -15.9778   7247.02   0.0      2.77   2.2  03.07.2025  22:20:46
  8  12   2   6  $12    0.010    -3.3287   7843.01   0.0      9.63   3.6  03.07.2025  22:20:51
  8  12   3   7  $12    0.010    -9.1443   8079.61   0.0      8.66   5.6  03.07.2025  22:20:53
  8  12   1  13  $12    0.010     2.2618   1668.10   0.0     -4.77  14.9  03.07.2025  22:20:55
  8  12   2  14  $12    0.010     2.7108   4258.11   0.0     -0.09 1362.1  03.07.2025  22:20:57
  8  12   3  15  $12    0.010     2.7267   6132.54   0.0     -5.69   9.3  03.07.2025  22:20:59
  8  12  16   4  $12    0.010    -3.2496   8167.25   0.0     13.47   8.0  03.07.2025  22:21:01
  8  12   9  13  $12    0.100   -12.2990    526.89   0.0      5.83   1.7  03.07.2025  22:21:05
  8  12  10  14  $12    0.010    -2.6852   5061.54   0.0     13.74   0.9  03.07.2025  22:21:10
  8  12  11  15  $12    0.010    -8.7628  11562.25   0.0      7.08   1.4  03.07.2025  22:21:12
  9  13  10  14  $12    0.010    11.2889   4836.16   0.0      0.41  28.9  03.07.2025  22:21:14
  9  13  11  15  $12    0.010    15.2860  28813.41   0.0      2.59   2.8  03.07.2025  22:21:16
  9  13  12  16  $12    0.010     4.5297   5976.77   0.0     -0.97  22.5  03.07.2025  22:21:18
  9  13   6  10  $12    0.010    -6.4689   8535.57   0.0      4.56   3.0  03.07.2025  22:21:20
  9  13   7  11  $12    0.010    -2.5055   4722.75   0.0      8.18   2.3  03.07.2025  22:21:22
  9  13   8  12  $12    0.100   -12.2815    526.14   0.0      5.84   0.5  03.07.2025  22:21:26
  9  13   5   1  $12    0.010     3.3583  25321.31   0.0     -0.55  51.4  03.07.2025  22:21:31
  9  13   6   2  $12    0.010     2.9965  13590.96   0.0     -2.48  51.9  03.07.2025  22:21:33
  9  13   7   3  $12    0.010     2.5990   6123.84   0.0     -7.01   9.5  03.07.2025  22:21:35
  9  13   8   4  $12    0.010     2.3003   2032.50   0.0     -2.61  51.3  03.07.2025  22:21:37
  9  13   2  14  $12    0.100    18.0327   1329.93   0.0      1.35   1.6  03.07.2025  22:21:41
  9  13   3  15  $12    0.010    10.1470  15938.88   0.0      3.39   4.7  03.07.2025  22:21:46
  9  13   4  16  $12    0.100     9.8811   2222.36   0.0      0.55  59.7  03.07.2025  22:21:50
 10  14   9  13  $12    0.010    11.3014   4841.52   0.0      3.56   6.6  03.07.2025  22:21:55
 10  14  11  15  $12    0.010    12.6715   5428.45   0.0      1.75  16.8  03.07.2025  22:21:57
 10  14  12  16  $12    0.010    13.4818  25412.50   0.0      4.07   2.7  03.07.2025  22:21:59
 10  14   5   9  $12    0.010    -6.8391   6042.85   0.0      8.04  15.4  03.07.2025  22:22:01
 10  14   7  11  $12    0.010    -6.8069   8981.55   0.0      9.32   7.8  03.07.2025  22:22:03
 10  14   8  12  $12    0.010    -2.6865   5063.97   0.0     11.37   3.0  03.07.2025  22:22:05
 10  14   5   1  $12    0.010     2.9927  34375.93   0.0     -2.30  31.2  03.07.2025  22:22:07
 10  14   6   2  $12    0.010     2.8715  21650.36   0.1      2.43  41.9  03.07.2025  22:22:09
 10  14   7   3  $12    0.010     2.8448  12902.99   0.0     -0.45 158.5  03.07.2025  22:22:11
 10  14   8   4  $12    0.010     2.8081   6616.48   0.0     -4.05   5.1  03.07.2025  22:22:13
 10  14   1  13  $12    0.100    14.2010   1273.13   0.0      2.87   2.4  03.07.2025  22:22:17
 10  14   3  15  $12    0.010     3.0086   2218.85   0.0     -5.90   2.1  03.07.2025  22:22:22
 10  14   4  16  $12    0.010     7.9990  12564.77   0.0      2.42  12.4  03.07.2025  22:22:24
 11  15   9  13  $12    0.010    15.3200  28877.48   0.0      4.45   2.4  03.07.2025  22:22:26
 11  15  10  14  $12    0.010    12.6535   5420.76   0.0      1.40  12.7  03.07.2025  22:22:28
 11  15  12  16  $12    0.010    12.8292   5496.02   0.0      1.97   2.8  03.07.2025  22:22:30
 11  15   5   9  $12    0.100   -19.6203   4622.93   0.0      4.09   1.7  03.07.2025  22:22:34
 11  15   6  10  $12    0.010    -6.4781   5723.88   0.0      8.68   0.1  03.07.2025  22:22:38
 11  15   8  12  $12    0.010    -8.7625  11561.82   0.0      7.92   1.4  03.07.2025  22:22:40
 11  15   5   1  $12    0.010     2.9442  48560.46   0.0     -0.12 296.1  03.07.2025  22:22:42
 11  15   6   2  $12    0.010     2.8731  33001.98   0.1      7.64  30.6  03.07.2025  22:22:45
 11  15   7   3  $12    0.010     2.7542  20766.25   0.1      1.19  95.0  03.07.2025  22:22:47
 11  15   8   4  $12    0.010     2.6973  12234.17   0.0     -0.64  53.7  03.07.2025  22:22:49
 11  15   1  13  $12    0.010    10.4523 229857.08   0.0      5.75   0.2  03.07.2025  22:22:51
 11  15   2  14  $12    0.010     3.2802   2940.73   0.0     -5.83  33.4  03.07.2025  22:22:53
 11  15   4  16  $12    0.100    13.2530    977.42   0.0      0.62  15.2  03.07.2025  22:22:56
 12  16   9  13  $12    0.010     4.5336   5982.00   0.0      1.28   5.0  03.07.2025  22:23:01
 12  16  10  14  $12    0.010    13.5298  25503.03   0.0      5.39   2.2  03.07.2025  22:23:03
 12  16  11  15  $12    0.010    12.8264   5494.83   0.0      3.46   1.6  03.07.2025  22:23:05
 12  16   5   9  $12    0.100   -11.2490   5102.19   0.0      5.48   1.0  03.07.2025  22:23:09
 12  16   6  10  $12    0.010    -2.7123   6390.74   0.0     13.38   0.3  03.07.2025  22:23:14
 12  16   7  11  $12    0.010    -8.4683   7482.39   0.0      6.61   0.9  03.07.2025  22:23:16
 12  16   5   1  $12    0.010     2.4706  56029.23   0.0     -1.32 108.6  03.07.2025  22:23:18
 12  16   6   2  $12    0.010     2.6619  43903.03   0.3     -7.94   9.0  03.07.2025  22:23:20
 12  16   7   3  $12    0.010     2.9277  33628.60   0.0     -0.47 113.6  03.07.2025  22:23:22
 12  16   8   4  $12    0.010     3.2384  24416.75   0.0      0.26 161.3  03.07.2025  22:23:24
 12  16  13   1  $12    0.100    -9.2406    903.77   0.0      6.80   0.1  03.07.2025  22:23:28
 12  16  14   2  $12    0.010    -8.1135 178425.33   0.0      8.25   1.0  03.07.2025  22:23:33
 12  16  15   3  $12    0.100   -13.9800   1253.31   0.0      3.09   2.4  03.07.2025  22:23:37
 13   1  14   2  $12    0.010    11.9711   4105.35   0.0      2.12   3.9  03.07.2025  22:23:42
 13   1  15   3  $12    0.010    16.2745  12341.22   0.0      3.89   5.0  03.07.2025  22:23:44
 13   1  16   4  $12    0.010     5.0465   6485.81   0.0      1.18 159.2  03.07.2025  22:23:46
 13   1  10  14  $12    0.100   -14.1226   1266.10   0.0      5.99   0.4  03.07.2025  22:23:50
 13   1  11  15  $12    0.010   -10.3160 226861.35   0.0      8.33   0.4  03.07.2025  22:23:55
 13   1  12  16  $12    0.100    -9.1502    894.93   0.0      6.59   1.8  03.07.2025  22:23:58
 13   1   9   5  $12    0.010     3.3595   8443.31   0.0     -0.42  35.6  03.07.2025  22:24:03
 13   1  10   6  $12    0.010     3.0916   6953.27   0.0     -5.95   9.6  03.07.2025  22:24:05
 13   1  11   7  $12    0.010     2.6043   4090.78   0.0     -0.50  99.3  03.07.2025  22:24:07
 13   1  12   8  $12    0.010     2.2648   1670.33   0.0     -2.93   5.9  03.07.2025  22:24:09
 13   1   6   2  $12    0.010     7.4915   5525.01   0.0      0.04 137.2  03.07.2025  22:24:11
 13   1   7   3  $12    0.010     3.3603   5278.42   0.1     -5.61  10.5  03.07.2025  22:24:13
 13   1   8   4  $12    0.100    18.7675   4220.98   0.0      4.67   2.7  03.07.2025  22:24:17
 14   2  13   1  $12    0.010    11.9978   4114.51   0.0      2.61   1.9  03.07.2025  22:24:22
 14   2  15   3  $12    0.010    13.4170   4601.20   0.0      1.64   6.8  03.07.2025  22:24:24
 14   2  16   4  $12    0.010    13.9303  10563.60   0.0      4.51   2.1  03.07.2025  22:24:26
 14   2   9  13  $12    0.100   -17.9798   1326.02   0.0      3.97   0.5  03.07.2025  22:24:30
 14   2  11  15  $12    0.010    -3.2628   2925.16   0.0      2.97  10.9  03.07.2025  22:24:35
 14   2  12  16  $12    0.010    -8.0718 177507.95   0.0      7.35   2.0  03.07.2025  22:24:37
 14   2   9   5  $12    0.010     2.6312   5917.86   0.0     -0.52  87.4  03.07.2025  22:24:39
 14   2  10   6  $12    0.010     2.7722   6967.41   0.1      5.33  19.2  03.07.2025  22:24:41
 14   2  11   7  $12    0.010     2.7475   6179.30   0.0      0.02 796.4  03.07.2025  22:24:43
 14   2  12   8  $12    0.010     2.7022   4244.60   0.0     -1.46   5.2  03.07.2025  22:24:45
 14   2   5   1  $12    0.010     7.5962   6810.00   0.0      2.39  20.0  03.07.2025  22:24:47
 14   2   7   3  $12    0.010     7.4268   5477.36   0.0      1.87  25.5  03.07.2025  22:24:49
 14   2   8   4  $12    0.010     3.1577   4960.05   0.0      0.46  79.7  03.07.2025  22:24:51
 15   3  13   1  $12    0.010    16.3520  12399.95   0.0      5.69   1.0  03.07.2025  22:24:53
 15   3  14   2  $12    0.010    13.4285   4605.15   0.0      1.75   3.2  03.07.2025  22:24:55
 15   3  16   4  $12    0.010    13.5269   4638.88   0.0      5.46   5.7  03.07.2025  22:24:57
 15   3   9  13  $12    0.010   -10.1775  15986.71   0.0      8.63   0.8  03.07.2025  22:24:59
 15   3  10  14  $12    0.010    -2.9434   2170.80   0.0      1.91   7.6  03.07.2025  22:25:01
 15   3  12  16  $12    0.100   -13.8195   1238.92   0.0      4.76   0.5  03.07.2025  22:25:05
 15   3   9   5  $12    0.010     3.1456   4941.13   0.0      0.79  29.0  03.07.2025  22:25:10
 15   3  10   6  $12    0.010     3.1204   7018.15   0.0      5.93   7.8  03.07.2025  22:25:12
 15   3  11   7  $12    0.010     2.8785   7234.46   0.0     -1.68  28.7  03.07.2025  22:25:14
 15   3  12   8  $12    0.010     2.7207   6119.06   0.0      0.29  31.5  03.07.2025  22:25:16
 15   3   5   1  $12    0.010     3.0479  67026.10   0.1     -5.84  30.8  03.07.2025  22:25:18
 15   3   6   2  $12    0.010     7.3612   6599.34   0.0      2.72  42.0  03.07.2025  22:25:20
 15   3   8   4  $12    0.010     9.4368   6959.68   0.0      6.49   2.2  03.07.2025  22:25:22
 16   4  13   1  $12    0.010     5.0514   6492.07   0.0      5.22   2.9  03.07.2025  22:25:24
 16   4  14   2  $12    0.010    13.9601  10586.13   0.0      5.90   6.8  03.07.2025  22:25:26
 16   4  15   3  $12    0.010    13.5318   4640.54   0.0      4.02   6.6  03.07.2025  22:25:28
 16   4   9  13  $12    0.100    -9.8082   2205.95   0.0      6.96   3.0  03.07.2025  22:25:32
 16   4  10  14  $12    0.010    -7.9700  12519.28   0.0      8.80   0.2  03.07.2025  22:25:37
 16   4  11  15  $12    0.100   -13.2468    976.96   0.0      2.55   2.0  03.07.2025  22:25:41
 16   4   9   5  $12    0.010     2.3586   1739.51   0.0     -2.07   0.1  03.07.2025  22:25:46
 16   4  10   6  $12    0.010     2.7264   4282.62   0.1     -0.85 123.4  03.07.2025  22:25:48
 16   4  11   7  $12    0.010     3.0558   6872.81   0.0      1.95  29.7  03.07.2025  22:25:50
 16   4  12   8  $12    0.010     3.3044   8304.86   0.0     -0.23  92.6  03.07.2025  22:25:52
 16   4   5   1  $12    0.100    17.0951   1671.98   0.0      9.67   0.1  03.07.2025  22:25:55
 16   4   6   2  $12    0.010     3.2753  72028.04   0.0      1.78   8.2  03.07.2025  22:26:00
 16   4   7   3  $12    0.010     9.1607   8212.63   0.0      4.75   3.9  03.07.2025  22:26:02
  1   4   2   3  $12    0.010    10.8177   6796.96   0.0      5.24   1.1  03.07.2025  22:26:04
  2   3   1   4  $12    0.010    10.8357   6808.30   0.0      5.00   1.5  03.07.2025  22:26:06
  1   2   3   4  $12    0.010    -2.5238   4757.26   0.0     15.17   6.2  03.07.2025  22:26:08
  3   4   1   2  $12    0.010    -2.5305   4769.84   0.0     16.84   4.3  03.07.2025  22:26:11
  5   8   6   7  $12    0.010    11.0985   6973.41   0.0      2.24   1.2  03.07.2025  22:26:13
  6   7   5   8  $12    0.010    11.1400   6999.47   0.0      1.83  35.1  03.07.2025  22:26:15
  5   6   7   8  $12    0.010    -2.5456   4798.38   0.0     12.46   4.3  03.07.2025  22:26:17
  7   8   5   6  $12    0.010    -2.5606   4826.59   0.0     18.46   2.4  03.07.2025  22:26:19
  9  12  10  11  $12    0.010    10.8061   6789.69   0.0      0.79 121.2  03.07.2025  22:26:21
 10  11   9  12  $12    0.010    10.8041   6788.42   0.0      1.61   5.4  03.07.2025  22:26:23
  9  10  11  12  $12    0.010    -2.4736   4662.68   0.0      8.95   2.5  03.07.2025  22:26:25
 11  12   9  10  $12    0.010    -2.4812   4676.94   0.0     12.56   1.2  03.07.2025  22:26:27
 13  16  14  15  $12    0.010   -15.7979   9926.12   0.0      6.97   1.8  03.07.2025  22:26:29
 14  15  13  16  $12    0.010   -15.8104   9933.95   0.0      5.43   0.5  03.07.2025  22:26:31
 13  14  15  16  $12    0.010    14.8457  27983.57   0.0      4.00   1.3  03.07.2025  22:26:33
  1   9  10   2  $12    0.010   -19.9990   7196.74   0.0      2.84   6.6  03.07.2025  22:26:35
  1   9  11   3  $12    0.010   -10.9905   9416.64   0.0      3.29  10.2  03.07.2025  22:26:37
  1   9  12   4  $12    0.010    -7.6166  12735.99   0.0      6.40   6.0  03.07.2025  22:26:39
  2  10   9   1  $12    0.010   -20.0206   7204.50   0.0      4.89   1.1  03.07.2025  22:26:41
  2  10  11   3  $12    0.010   -19.7575   7109.84   0.0      6.35   2.4  03.07.2025  22:26:43
  2  10  12   4  $12    0.010   -11.2851   9669.04   0.0      6.67   2.1  03.07.2025  22:26:45
  3  11   9   1  $12    0.010   -10.9966   9421.88   0.0      6.49   1.8  03.07.2025  22:26:47
  3  11  10   2  $12    0.010   -19.8022   7125.91   0.0      7.54   0.7  03.07.2025  22:26:49
  3  11  12   4  $12    0.001    -2.3484   8450.87   0.0     15.14   1.0  03.07.2025  22:26:54
 12   4   9   1  $12    0.010     7.6501  12792.08   0.0      3.46   1.9  03.07.2025  22:26:58
 12   4  10   2  $12    0.010    11.3212   9699.97   0.0      3.32   6.5  03.07.2025  22:27:00
 12   4  11   3  $12    0.001     2.3934   8612.68   0.0      1.37  11.8  03.07.2025  22:27:05
 13   5  14   6  $12    0.010    14.9726   5387.96   0.0      1.53   0.8  03.07.2025  22:27:09
 13   5  15   7  $12    0.010    19.0117  16289.16   0.0      4.21   0.6  03.07.2025  22:27:11
 13   5  16   8  $12    0.010     7.2406  12107.24   0.0      1.99   3.6  03.07.2025  22:27:13
 14   6  13   5  $12    0.010    15.0270   5407.55   0.0      0.41   3.9  03.07.2025  22:27:15
 14   6  15   7  $12    0.010    16.4449   5917.79   0.0      1.82   4.8  03.07.2025  22:27:17
 14   6  16   8  $12    0.010    16.7914  14386.87   0.0      3.48   2.0  03.07.2025  22:27:19
 15   7  13   5  $12    0.010    19.0620  16332.24   0.0      5.61   1.0  03.07.2025  22:27:21
 15   7  14   6  $12    0.010    16.4479   5918.85   0.0      3.82   1.7  03.07.2025  22:27:23
 15   7  16   8  $12    0.010    16.2030   5830.75   0.0      5.44   0.4  03.07.2025  22:27:25
 16   8  13   5  $12    0.010     7.2519  12126.18   0.0      2.45   4.8  03.07.2025  22:27:27
 16   8  14   6  $12    0.010    16.8387  14427.34   0.0      3.77   4.2  03.07.2025  22:27:29
 16   8  15   7  $12    0.010    16.2214   5837.36   0.0      3.79   0.9  03.07.2025  22:27:31
  1   2   5   6  $12    1.000    12.6984   2393.59   0.0     47.56   0.1  03.07.2025  22:27:37
  2   3   6   7  $12    1.000    19.4411   3664.57   0.0     31.89   0.6  03.07.2025  22:27:39
  3   4   7   8  $12    1.000    13.9084   2621.67   0.0    -25.44   0.6  03.07.2025  22:27:41
  1   2   9  10  $12    1.000     3.0694   4859.96   0.0     16.99   2.0  03.07.2025  22:27:43
  2   3  10  11  $12    1.000     6.3054   9983.81   0.0     16.40   3.8  03.07.2025  22:27:45
  3   4  11  12  $12    1.000     3.6317   5750.32   0.0      5.00   6.4  03.07.2025  22:27:47
  1   2  13  14  $12    0.100     2.6373 142176.04   0.0     -4.35   4.3  03.07.2025  22:27:52
  2   3  14  15  $12    0.100    -2.9077 156754.62   0.1     40.47   7.9  03.07.2025  22:27:54
  3   4  15  16  $12    0.100     3.8044 205096.06   0.1     -3.84   8.4  03.07.2025  22:27:56
  5   6   9  10  $12    1.000    14.5207   2737.09   0.0     16.81   0.1  03.07.2025  22:28:00
  6   7  10  11  $12    1.000    19.9824   3766.60   0.0     18.34   0.6  03.07.2025  22:28:02
  7   8  11  12  $12    1.000    14.1878   2674.33   0.0      2.77   4.8  03.07.2025  22:28:04
  5   6  13  14  $12    1.000     8.8210  13966.83   0.0     -0.92  21.2  03.07.2025  22:28:06
  6   7  14  15  $12    1.000    -8.5918  13603.90   0.0     30.48   2.5  03.07.2025  22:28:08
  7   8  15  16  $12    1.000    10.9781  17382.38   0.0      1.08  58.9  03.07.2025  22:28:10
  9  10  13  14  $12    0.100     3.7787   7122.62   0.0      1.80   1.3  03.07.2025  22:28:15
 10  11  14  15  $12    0.100    -4.4275   8345.59   0.0     22.51   6.8  03.07.2025  22:28:17
 11  12  15  16  $12    0.100     4.2250   7963.94   0.0      2.51  32.2  03.07.2025  22:28:19
  1   2   6   7  $12    1.000    10.0974   3806.63   0.0    -27.58   0.8  03.07.2025  22:28:23
  2   3   7   8  $12    1.000    14.3032   5392.19   0.0     -3.57   9.0  03.07.2025  22:28:25
  1   2   7   8  $12    1.000     8.2035   5412.12   0.0     -1.86   3.6  03.07.2025  22:28:27
  2   3   7   8  $12    1.000    14.2661   5378.19   0.0     -1.33   3.2  03.07.2025  22:28:29
  1   2  10  11  $12    1.000     3.7398   8459.33   0.0    -18.18   3.4  03.07.2025  22:28:31
  2   3  11  12  $12    1.000     4.3336   9802.38   0.1     -5.49   6.6  03.07.2025  22:28:33
  1   2  11  12  $12    1.000     2.8872   8979.76   0.0     -8.46   1.3  03.07.2025  22:28:35
  2   3  11  12  $12    1.000     4.3200   9771.54   0.0     -3.69   8.1  03.07.2025  22:28:37
  1   2  14  15  $12    1.000   -18.1849 124770.64   0.0    -38.53   0.2  03.07.2025  22:28:39
  2   3  15  16  $12    0.100     4.3184 296293.42   0.0     19.59   0.6  03.07.2025  22:28:44
  1   2  15  16  $12    0.100     2.6730 229253.78   0.0    -30.63   1.0  03.07.2025  22:28:46
  2   3  15  16  $12    0.100     4.3224 296571.66   0.0     22.66   1.1  03.07.2025  22:28:48
  5   6  10  11  $12    1.000    17.0434   6425.21   0.0    -16.76   0.4  03.07.2025  22:28:52
  6   7  11  12  $12    1.000    14.1285   5326.34   0.0      1.55  13.6  03.07.2025  22:28:54
  5   6  11  12  $12    1.000    11.8015   7785.88   0.0     -1.09   2.4  03.07.2025  22:28:56
  6   7  11  12  $12    1.000    14.1137   5320.73   0.0      2.72   1.7  03.07.2025  22:28:58
  5   6  14  15  $12    1.000    -6.7346  15233.22   0.0    -24.23   2.1  03.07.2025  22:29:00
  6   7  15  16  $12    1.000    12.9108  29203.53   0.0     20.66   2.2  03.07.2025  22:29:02
  5   6  15  16  $12    1.000    10.1992  31721.19   0.0    -21.31   0.3  03.07.2025  22:29:04
  6   7  15  16  $12    1.000    12.9364  29261.53   0.0     20.24   0.2  03.07.2025  22:29:06
  9  10  14  15  $12    0.100    -2.9475  11111.94   0.0     -6.11   2.0  03.07.2025  22:29:11
 10  11  15  16  $12    0.100     6.3470  23927.80   0.0     14.85   2.4  03.07.2025  22:29:13
  9  10  15  16  $12    0.100     4.1943  27670.95   0.0    -10.20   2.6  03.07.2025  22:29:15
 10  11  15  16  $12    0.100     6.3439  23915.75   0.0     11.26   2.8  03.07.2025  22:29:17
