//C:\Users\user\Desktop\GeoTom\GeoTomE724.ini
//- Cable direction:
//  cable I: normal
//  cable II: normal
//  cable III: normal
//  cable IV: normal
//- Cable arrangement: sequential
//- Optimization: Last measurement
//- Sorting: Multi-level
//- Current levels: 0.001 mA .. 50.0 mA
Type:         Flow
Name:         Hyprop
Comment:      Example of a measurements sequence
Comment:      
Comment:      
Spacing:      1.00000
First El:     0.00000
Nr of points: 289
IP present:   1

  1   5   2   6  $12    0.010    18.0867   7748.31   0.0      1.53   3.3  04.07.2025  10:17:05
  1   5   3   7  $12    0.010     8.9957  16956.50   0.0      3.05   8.3  04.07.2025  10:17:08
  1   5   4   8  $12    0.010     5.7352   7567.43   0.0      2.41   4.6  04.07.2025  10:17:10
  1   5  14   2  $12    0.010    -7.3592   6597.57   0.0      5.08   3.0  04.07.2025  10:17:12
  1   5  15   3  $12    0.010    -2.8028  61637.26   0.2     16.73  14.7  04.07.2025  10:17:14
  1   5  16   4  $12    0.100   -16.2316   1587.52   0.0     11.22   1.4  04.07.2025  10:17:17
  1   5  13   9  $12    0.010     3.4542  26044.39   0.0     -0.36  23.6  04.07.2025  10:17:22
  1   5  14  10  $12    0.010     3.0020  34482.58   0.0      2.80   7.9  04.07.2025  10:17:24
  1   5  15  11  $12    0.010     3.0615  50493.74   0.0      1.35  17.6  04.07.2025  10:17:26
  1   5  16  12  $12    0.010     2.4973  56634.74   0.0     -0.02 -2538.2  04.07.2025  10:17:29
  1   5  10   6  $12    0.010     7.7152   6816.96   0.0     -2.29  16.3  04.07.2025  10:17:31
  1   5  11   7  $12    0.010     3.1380   7393.80   0.0     -2.86  23.3  04.07.2025  10:17:33
  1   5  12   8  $12    0.100    16.1728   7335.44   0.0      2.91   1.6  04.07.2025  10:17:36
  2   6   1   5  $12    0.010    18.1908   7792.91   0.0      2.25   2.3  04.07.2025  10:17:41
  2   6   3   7  $12    0.010    17.7827   7618.11   0.0      4.74   3.2  04.07.2025  10:17:43
  2   6   4   8  $12    0.010     9.0292  17019.69   0.0      3.26  16.8  04.07.2025  10:17:45
  2   6  13   1  $12    0.010    -7.3396   5412.99   0.0      4.32  13.9  04.07.2025  10:17:47
  2   6  15   3  $12    0.010    -7.6420   6851.07   0.0      9.39   1.2  04.07.2025  10:17:49
  2   6  16   4  $12    0.010    -3.1721  69758.89   0.0     12.52  20.0  04.07.2025  10:17:51
  2   6  13   9  $12    0.010     2.9997  13605.88   0.0      2.41  40.4  04.07.2025  10:17:54
  2   6  14  10  $12    0.010     2.8621  21579.41   0.0      2.25   6.9  04.07.2025  10:17:56
  2   6  15  11  $12    0.010     2.8900  33195.53   0.0      0.39 214.5  04.07.2025  10:17:58
  2   6  16  12  $12    0.010     2.6193  43201.86   0.0      0.39 217.9  04.07.2025  10:18:00
  2   6   9   5  $12    0.010     7.7929  10282.43   0.0     -1.73  22.4  04.07.2025  10:18:02
  2   6  11   7  $12    0.010     7.2574   6412.41   0.0      4.18   5.2  04.07.2025  10:18:04
  2   6  12   8  $12    0.010     3.2210   7589.32   0.0      0.95  16.3  04.07.2025  10:18:06
  3   7   1   5  $12    0.010     9.0139  16990.71   0.0      1.27  16.7  04.07.2025  10:18:08
  3   7   2   6  $12    0.010    17.8588   7650.70   0.0      5.49   8.6  04.07.2025  10:18:10
  3   7   4   8  $12    0.010    20.7589   8893.07   0.0      6.22   4.0  04.07.2025  10:18:12
  3   7  13   1  $12    0.010    -3.2547   5112.53   0.2     15.06   8.1  04.07.2025  10:18:14
  3   7  14   2  $12    0.010    -7.8101   5760.05   0.0     11.20   2.5  04.07.2025  10:18:16
  3   7  16   4  $12    0.010    -8.9713   8042.84   0.0      7.17   9.1  04.07.2025  10:18:18
  3   7  13   9  $12    0.010     2.6114   6153.03   0.3      4.07  21.6  04.07.2025  10:18:20
  3   7  14  10  $12    0.010     2.8011  12705.03   0.1      1.19  34.6  04.07.2025  10:18:22
  3   7  15  11  $12    0.010     2.7712  20894.72   0.0     -0.66  23.1  04.07.2025  10:18:24
  3   7  16  12  $12    0.010     2.9065  33385.46   0.0     -2.30  32.4  04.07.2025  10:18:26
  3   7   9   5  $12    0.010     3.1453   5928.81   0.0     -5.50   9.1  04.07.2025  10:18:28
  3   7  10   6  $12    0.010     7.2603   9579.77   0.0      4.03  10.1  04.07.2025  10:18:30
  3   7  12   8  $12    0.010     8.8822   7848.11   0.0      6.89   0.4  04.07.2025  10:18:32
  4   8   1   5  $12    0.010     5.7108   7535.27   0.0      4.42  22.5  04.07.2025  10:18:34
  4   8   2   6  $12    0.010     9.0141  16991.27   0.0      3.56   6.3  04.07.2025  10:18:36
  4   8   3   7  $12    0.010    20.6663   8853.41   0.0      6.79   2.2  04.07.2025  10:18:38
  4   8  13   1  $12    0.100   -18.6120   4186.02   0.0     12.04   0.9  04.07.2025  10:18:42
  4   8  14   2  $12    0.010    -3.1156   4894.04   0.0     15.32   1.4  04.07.2025  10:18:47
  4   8  15   3  $12    0.010    -9.2705   6837.05   0.0      5.11  12.2  04.07.2025  10:18:49
  4   8  13   9  $12    0.010     2.2973   2029.83   0.0     -3.42   5.3  04.07.2025  10:18:51
  4   8  14  10  $12    0.010     2.7387   6452.94   0.1     -7.39  11.0  04.07.2025  10:18:53
  4   8  15  11  $12    0.010     2.6558  12045.77   0.0      3.69  12.7  04.07.2025  10:18:55
  4   8  16  12  $12    0.010     3.1671  23879.65   0.0     -2.25  19.3  04.07.2025  10:18:57
  4   8   9   5  $12    0.100    15.5629    666.71   0.0      3.77   4.0  04.07.2025  10:19:01
  4   8  10   6  $12    0.010     3.1570   5950.87   0.0      2.87   4.7  04.07.2025  10:19:06
  4   8  11   7  $12    0.010     8.7397  11531.70   0.0      7.17   2.1  04.07.2025  10:19:08
  5   9   6  10  $12    0.010    17.1967   7367.04   0.0     -0.13  24.1  04.07.2025  10:19:10
  5   9   7  11  $12    0.010     8.1244  15314.20   0.0      0.05  84.7  04.07.2025  10:19:12
  5   9   8  12  $12    0.010     4.9675   6554.43   0.0      1.30  53.2  04.07.2025  10:19:14
  5   9   2   6  $12    0.010    -7.7157  10180.63   0.0      3.74  15.8  04.07.2025  10:19:16
  5   9   3   7  $12    0.010    -3.0759   5797.93   0.1      4.50  39.2  04.07.2025  10:19:18
  5   9   4   8  $12    0.100   -15.6515    670.51   0.0      7.34   0.4  04.07.2025  10:19:22
  5   9   1  13  $12    0.010     3.2983   8289.50   0.0     -1.10  12.7  04.07.2025  10:19:27
  5   9   2  14  $12    0.010     2.6248   5903.42   0.2     -9.94  11.4  04.07.2025  10:19:29
  5   9   3  15  $12    0.010     3.1392   4930.99   0.2     -8.15  31.5  04.07.2025  10:19:31
  5   9   4  16  $12    0.010     2.3504   1733.42   0.2      2.16  48.2  04.07.2025  10:19:33
  5   9  14  10  $12    0.010     6.8405   6044.11   0.0      1.27  34.6  04.07.2025  10:19:35
  5   9  15  11  $12    0.100    18.7253   4412.05   0.0     -1.40   2.7  04.07.2025  10:19:39
  5   9  16  12  $12    0.100    10.6578   4834.05   0.0      0.31  25.0  04.07.2025  10:19:41
  6  10   5   9  $12    0.010    17.2346   7383.28   0.0      3.05   1.8  04.07.2025  10:19:46
  6  10   7  11  $12    0.010    16.5398   7085.64   0.0      1.34  48.5  04.07.2025  10:19:48
  6  10   8  12  $12    0.010     8.3340  15709.18   0.0      3.44   8.0  04.07.2025  10:19:50
  6  10   1   5  $12    0.010    -7.7226   6823.44   0.0      6.41   3.5  04.07.2025  10:19:52
  6  10   3   7  $12    0.010    -7.1604   9447.90   0.0      7.37   2.2  04.07.2025  10:19:54
  6  10   4   8  $12    0.010    -3.1153   5872.18   0.0      9.97   7.4  04.07.2025  10:19:56
  6  10   1  13  $12    0.010     3.0315   6818.04   0.1     -3.34  13.8  04.07.2025  10:19:58
  6  10   2  14  $12    0.010     2.7236   6845.05   0.3      5.19  20.5  04.07.2025  10:20:00
  6  10   3  15  $12    0.010     3.0706   6906.18   0.0      3.01  15.9  04.07.2025  10:20:02
  6  10   4  16  $12    0.010     2.6969   4236.32   0.1      0.53  80.6  04.07.2025  10:20:04
  6  10  13   9  $12    0.010     6.4425   8500.72   0.0     -0.16 762.6  04.07.2025  10:20:06
  6  10  15  11  $12    0.010     6.2661   5536.56   0.0      0.78  57.7  04.07.2025  10:20:08
  6  10  16  12  $12    0.010     2.5364   5976.25   0.0     -0.05 1449.4  04.07.2025  10:20:10
  7  11   5   9  $12    0.010     8.1412  15345.78   0.1      3.45  26.4  04.07.2025  10:20:12
  7  11   6  10  $12    0.010    16.5504   7090.18   0.0      5.45   1.6  04.07.2025  10:20:14
  7  11   8  12  $12    0.010    19.7860   8476.29   0.0      4.37   2.0  04.07.2025  10:20:16
  7  11   1   5  $12    0.010    -3.1162   7342.27   0.0      9.02   3.8  04.07.2025  10:20:18
  7  11   2   6  $12    0.010    -7.2317   6389.70   0.0     11.47   6.3  04.07.2025  10:20:20
  7  11   4   8  $12    0.010    -8.7527  11548.92   0.0     10.07   4.5  04.07.2025  10:20:23
  7  11   1  13  $12    0.010     2.5192   3957.15   0.1      1.23 109.6  04.07.2025  10:20:25
  7  11   2  14  $12    0.010     2.7264   6131.84   0.0     -2.11  88.5  04.07.2025  10:20:27
  7  11   3  15  $12    0.010     2.8393   7135.85   0.1     -4.29  67.8  04.07.2025  10:20:29
  7  11   4  16  $12    0.010     3.0052   6758.88   0.0     -2.72  16.0  04.07.2025  10:20:31
  7  11  13   9  $12    0.010     2.4898   4693.14   0.3    -14.43  14.5  04.07.2025  10:20:33
  7  11  14  10  $12    0.010     6.6546   8780.59   0.0      0.81  29.5  04.07.2025  10:20:35
  7  11  16  12  $12    0.010     7.9919   7061.42   0.0      3.83   4.1  04.07.2025  10:20:37
  8  12   5   9  $12    0.010     4.9983   6595.15   0.0     -0.45 137.0  04.07.2025  10:20:39
  8  12   6  10  $12    0.010     8.3542  15747.22   0.0      2.22  31.8  04.07.2025  10:20:41
  8  12   7  11  $12    0.010    19.7380   8455.74   0.0      5.29   0.9  04.07.2025  10:20:43
  8  12   1   5  $12    0.100   -15.9936   7254.19   0.0      3.06   1.1  04.07.2025  10:20:47
  8  12   2   6  $12    0.010    -3.1548   7433.26   0.0     11.10   0.3  04.07.2025  10:20:52
  8  12   3   7  $12    0.010    -8.7526   7733.58   0.0      7.07   3.2  04.07.2025  10:20:54
  8  12   1  13  $12    0.010     2.1968   1620.14   0.1      0.76 142.8  04.07.2025  10:20:56
  8  12   2  14  $12    0.010     2.6689   4192.27   0.0      4.42  29.7  04.07.2025  10:20:58
  8  12   3  15  $12    0.010     2.6542   5969.64   0.2      4.56  58.2  04.07.2025  10:21:00
  8  12  16   4  $12    0.010    -3.1799   7991.93   0.2     21.34   5.6  04.07.2025  10:21:02
  8  12   9  13  $12    0.100   -11.7131    501.79   0.0      4.85   4.6  04.07.2025  10:21:06
  8  12  10  14  $12    0.010    -2.4817   4677.95   0.0     12.74   2.1  04.07.2025  10:21:11
  8  12  11  15  $12    0.010    -8.2668  10907.84   0.0      8.28   0.3  04.07.2025  10:21:13
  9  13  10  14  $12    0.010    11.1572   4779.73   0.0      0.05 232.0  04.07.2025  10:21:15
  9  13  11  15  $12    0.010    16.5977  31285.95   0.0      7.13   1.0  04.07.2025  10:21:17
  9  13  12  16  $12    0.010     4.4014   5807.50   0.0     -2.11  22.7  04.07.2025  10:21:19
  9  13   6  10  $12    0.010    -6.3905   8432.11   0.0      6.21   5.8  04.07.2025  10:21:21
  9  13   7  11  $12    0.010    -2.4415   4602.14   0.0     10.10   4.2  04.07.2025  10:21:23
  9  13   8  12  $12    0.100   -11.6878    500.70   0.0      4.64   1.1  04.07.2025  10:21:27
  9  13   5   1  $12    0.010     3.4473  25991.69   0.0     -1.05   6.5  04.07.2025  10:21:32
  9  13   6   2  $12    0.010     2.9794  13513.44   0.1      0.23 430.4  04.07.2025  10:21:34
  9  13   7   3  $12    0.010     2.6106   6151.05   0.1    -10.11   5.8  04.07.2025  10:21:36
  9  13   8   4  $12    0.010     2.2906   2023.88   0.1     -6.04   9.2  04.07.2025  10:21:38
  9  13   2  14  $12    0.100    17.0708   1258.98   0.0      0.00 511.5  04.07.2025  10:21:42
  9  13   3  15  $12    0.010    11.4244  17945.34   0.0      7.65   0.4  04.07.2025  10:21:47
  9  13   4  16  $12    0.100     9.3850   2110.77   0.0     -5.71   1.9  04.07.2025  10:21:50
 10  14   9  13  $12    0.010    11.1585   4780.27   0.0      1.78   3.6  04.07.2025  10:21:55
 10  14  11  15  $12    0.010    11.6838   5005.33   0.0     -1.47  17.8  04.07.2025  10:21:57
 10  14  12  16  $12    0.010    12.7066  23951.47   0.0      2.00  16.7  04.07.2025  10:21:59
 10  14   5   9  $12    0.010    -6.8694   6069.62   0.1     -1.92  54.4  04.07.2025  10:22:01
 10  14   7  11  $12    0.010    -6.5724   8672.14   0.1     -1.40  62.2  04.07.2025  10:22:03
 10  14   8  12  $12    0.010    -2.4856   4685.34   0.0     10.77   6.5  04.07.2025  10:22:05
 10  14   5   1  $12    0.010     3.0064  34533.37   0.1     -6.07  12.8  04.07.2025  10:22:08
 10  14   6   2  $12    0.010     2.8933  21814.93   0.0     -4.66  41.5  04.07.2025  10:22:10
 10  14   7   3  $12    0.010     2.8005  12702.13   0.0     -8.99   8.7  04.07.2025  10:22:12
 10  14   8   4  $12    0.010     2.7380   6451.26   0.0     -3.92  34.1  04.07.2025  10:22:14
 10  14   1  13  $12    0.100    12.9706   1162.82   0.0      2.00   0.7  04.07.2025  10:22:18
 10  14   3  15  $12    0.100    22.6201   1668.25   0.0      5.07   0.9  04.07.2025  10:22:20
 10  14   4  16  $12    0.010     7.5015  11783.34   0.0      0.64  40.6  04.07.2025  10:22:25
 11  15   9  13  $12    0.010    16.6677  31417.91   0.0     10.11   2.4  04.07.2025  10:22:27
 11  15  10  14  $12    0.010    11.6777   5002.73   0.0      2.28   3.9  04.07.2025  10:22:29
 11  15  12  16  $12    0.010    12.0879   5178.47   0.0      0.89  15.7  04.07.2025  10:22:31
 11  15   5   9  $12    0.100   -18.7385   4415.16   0.0      2.27   4.1  04.07.2025  10:22:34
 11  15   6  10  $12    0.010    -6.2415   5514.78   0.0      5.49   1.7  04.07.2025  10:22:39
 11  15   8  12  $12    0.010    -8.2535  10890.27   0.0      6.99   3.5  04.07.2025  10:22:41
 11  15   5   1  $12    0.010     3.0561  50405.42   0.0     -2.18  29.4  04.07.2025  10:22:44
 11  15   6   2  $12    0.010     2.8852  33140.88   0.2    -10.34  10.3  04.07.2025  10:22:46
 11  15   7   3  $12    0.010     2.7496  20731.25   0.0      1.77  71.3  04.07.2025  10:22:48
 11  15   8   4  $12    0.010     2.6549  12041.54   0.0      0.68  70.0  04.07.2025  10:22:50
 11  15   1  13  $12    0.010    11.7773 258995.33   0.0     13.60   1.2  04.07.2025  10:22:52
 11  15   2  14  $12    0.010     2.5950   2326.41   0.0     -1.37 191.6  04.07.2025  10:22:54
 11  15   4  16  $12    0.100    11.3207    834.91   0.0     -9.83   2.3  04.07.2025  10:22:57
 12  16   9  13  $12    0.010     4.4039   5810.75   0.0      1.04   9.3  04.07.2025  10:23:02
 12  16  10  14  $12    0.010    12.7404  24015.03   0.0      5.10   0.8  04.07.2025  10:23:04
 12  16  11  15  $12    0.010    12.0832   5176.44   0.0      3.66   1.9  04.07.2025  10:23:06
 12  16   5   9  $12    0.100   -10.5915   4803.94   0.0      4.18   4.2  04.07.2025  10:23:10
 12  16   6  10  $12    0.010    -2.4971   5883.59   0.0     11.57   1.1  04.07.2025  10:23:15
 12  16   7  11  $12    0.010    -7.9468   7021.57   0.0      8.13   2.8  04.07.2025  10:23:17
 12  16   5   1  $12    0.010     2.4868  56396.62   0.0     -3.20  17.6  04.07.2025  10:23:19
 12  16   6   2  $12    0.010     2.6368  43490.48   0.2     -9.20   7.6  04.07.2025  10:23:21
 12  16   7   3  $12    0.010     2.8948  33251.01   0.0     -7.05   9.2  04.07.2025  10:23:23
 12  16   8   4  $12    0.010     3.1599  23824.82   0.0      2.49  55.9  04.07.2025  10:23:25
 12  16  13   1  $12    0.100    -8.4503    826.48   0.0      6.71   0.6  04.07.2025  10:23:29
 12  16  14   2  $12    0.010    -7.5720 166517.10   0.0      8.20   0.7  04.07.2025  10:23:34
 12  16  15   3  $12    0.100   -12.2189   1095.43   0.0      8.01   2.0  04.07.2025  10:23:38
 13   1  14   2  $12    0.010    11.6965   4011.15   0.0      0.45   1.9  04.07.2025  10:23:43
 13   1  15   3  $12    0.010    17.3634  13166.95   0.0      6.50   7.8  04.07.2025  10:23:45
 13   1  16   4  $12    0.010     4.9192   6322.10   0.0     -1.68  31.6  04.07.2025  10:23:47
 13   1  10  14  $12    0.100   -12.9706   1162.82   0.0      4.98   1.0  04.07.2025  10:23:51
 13   1  11  15  $12    0.010   -11.5145 253217.50   0.0     10.87   0.5  04.07.2025  10:23:56
 13   1  12  16  $12    0.100    -8.3843    820.02   0.0      5.00   1.7  04.07.2025  10:23:59
 13   1   9   5  $12    0.010     3.2886   8265.25   0.0     -1.91  13.1  04.07.2025  10:24:04
 13   1  10   6  $12    0.010     3.0241   6801.58   0.1      0.98  75.4  04.07.2025  10:24:06
 13   1  11   7  $12    0.010     2.5286   3971.94   0.0      0.07 610.0  04.07.2025  10:24:08
 13   1  12   8  $12    0.010     2.1921   1616.68   0.0     -2.50  15.3  04.07.2025  10:24:10
 13   1   6   2  $12    0.010     7.3716   5436.59   0.0      0.09 226.6  04.07.2025  10:24:12
 13   1   7   3  $12    0.010     3.3188   5213.20   0.1     -5.44  22.0  04.07.2025  10:24:14
 13   1   8   4  $12    0.100    18.6954   4204.77   0.0      4.60   3.6  04.07.2025  10:24:18
 14   2  13   1  $12    0.010    11.7242   4020.68   0.0      0.11  48.3  04.07.2025  10:24:23
 14   2  15   3  $12    0.010    13.0390   4471.57   0.0      3.95   2.2  04.07.2025  10:24:25
 14   2  16   4  $12    0.010    13.3407  10116.49   0.0      3.16  11.9  04.07.2025  10:24:27
 14   2   9  13  $12    0.100   -16.9505   1250.11   0.0      3.81   0.8  04.07.2025  10:24:31
 14   2  11  15  $12    0.010    -2.5200   2259.22   0.0     13.10   0.9  04.07.2025  10:24:36
 14   2  12  16  $12    0.010    -7.5333 165667.00   0.0      3.27   6.2  04.07.2025  10:24:38
 14   2   9   5  $12    0.010     2.6171   5886.12   0.1     -9.69   8.2  04.07.2025  10:24:40
 14   2  10   6  $12    0.010     2.7271   6853.98   0.0     -2.52  76.2  04.07.2025  10:24:42
 14   2  11   7  $12    0.010     2.7032   6079.70   0.1     -6.75  14.6  04.07.2025  10:24:44
 14   2  12   8  $12    0.010     2.6461   4156.53   0.0     -3.19  14.0  04.07.2025  10:24:46
 14   2   5   1  $12    0.010     7.4475   6676.71   0.0     -0.34 101.4  04.07.2025  10:24:48
 14   2   7   3  $12    0.010     7.8170   5765.08   0.0      2.01   5.1  04.07.2025  10:24:50
 14   2   8   4  $12    0.010     3.1602   4964.08   0.1      1.98  20.3  04.07.2025  10:24:52
 15   3  13   1  $12    0.010    17.5027  13272.58   0.0      9.82   0.5  04.07.2025  10:24:54
 15   3  14   2  $12    0.010    13.0037   4459.47   0.0      7.01   2.5  04.07.2025  10:24:56
 15   3  16   4  $12    0.010    13.1030   4493.51   0.0      4.31   6.6  04.07.2025  10:24:58
 15   3   9  13  $12    0.010   -11.5096  18079.18   0.0     17.14   1.9  04.07.2025  10:25:00
 15   3  10  14  $12    0.010    -2.2291   1643.98   0.1     22.19   9.1  04.07.2025  10:25:02
 15   3  12  16  $12    0.100   -11.8960   1066.48   0.0      8.10   0.4  04.07.2025  10:25:06
 15   3   9   5  $12    0.010     3.1431   4937.13   0.0     -0.71  15.2  04.07.2025  10:25:11
 15   3  10   6  $12    0.010     3.0983   6968.33   0.1      1.63  64.0  04.07.2025  10:25:13
 15   3  11   7  $12    0.010     2.8119   7066.96   0.1     -4.99  11.5  04.07.2025  10:25:15
 15   3  12   8  $12    0.010     2.6390   5935.42   0.0     -2.09   8.4  04.07.2025  10:25:17
 15   3   5   1  $12    0.010     2.8555  62794.99   0.2      5.72  24.4  04.07.2025  10:25:20
 15   3   6   2  $12    0.010     7.7445   6942.93   0.0      6.33   7.4  04.07.2025  10:25:22
 15   3   8   4  $12    0.010     9.2588   6828.43   0.0      2.66  14.7  04.07.2025  10:25:24
 16   4  13   1  $12    0.010     4.8961   6292.44   0.0      2.45  14.6  04.07.2025  10:25:26
 16   4  14   2  $12    0.010    13.3284  10107.15   0.0      6.97   1.5  04.07.2025  10:25:28
 16   4  15   3  $12    0.010    13.0654   4480.62   0.0      6.03   2.6  04.07.2025  10:25:30
 16   4   9  13  $12    0.100    -9.2681   2084.48   0.0      7.84   4.9  04.07.2025  10:25:34
 16   4  10  14  $12    0.010    -7.4507  11703.57   0.0      9.51   1.3  04.07.2025  10:25:38
 16   4  11  15  $12    0.100   -11.3152    834.50   0.0     -3.18   3.2  04.07.2025  10:25:42
 16   4   9   5  $12    0.010     2.3397   1725.57   0.0     -2.68  10.7  04.07.2025  10:25:47
 16   4  10   6  $12    0.010     2.6630   4183.05   0.1      2.59  46.0  04.07.2025  10:25:49
 16   4  11   7  $12    0.010     3.0081   6765.50   0.0     -0.10 835.1  04.07.2025  10:25:51
 16   4  12   8  $12    0.010     3.2279   8112.71   0.0      1.08   9.2  04.07.2025  10:25:53
 16   4   5   1  $12    0.100    16.2157   1585.97   0.0     12.51   0.8  04.07.2025  10:25:57
 16   4   6   2  $12    0.010     3.2327  71090.15   0.0      3.55   4.9  04.07.2025  10:26:02
 16   4   7   3  $12    0.010     8.9819   8052.32   0.0      7.29   2.5  04.07.2025  10:26:04
  1   4   2   3  $12    0.010    10.5921   6655.19   0.0      2.94   0.6  04.07.2025  10:26:06
  2   3   1   4  $12    0.010    10.6276   6677.53   0.0      1.33  20.5  04.07.2025  10:26:08
  1   2   3   4  $12    0.010    -2.9640   5586.96   0.0     15.19   1.6  04.07.2025  10:26:10
  3   4   1   2  $12    0.010    -2.9610   5581.43   0.0     18.10   1.7  04.07.2025  10:26:12
  5   8   6   7  $12    0.010    11.0441   6939.18   0.0     -0.01 1012.4  04.07.2025  10:26:14
  6   7   5   8  $12    0.010    11.0839   6964.20   0.0      2.65  18.0  04.07.2025  10:26:16
  5   6   7   8  $12    0.010    -2.3447   4419.63   0.0     16.61   2.8  04.07.2025  10:26:18
  7   8   5   6  $12    0.010    -2.3508   4431.13   0.1     23.06   4.6  04.07.2025  10:26:20
  9  12  10  11  $12    0.010    10.4550   6569.09   0.0      5.42   7.2  04.07.2025  10:26:23
 10  11   9  12  $12    0.010    10.4239   6549.52   0.0      4.56   2.8  04.07.2025  10:26:25
  9  10  11  12  $12    0.010    -2.4419   4602.83   0.0     11.37   1.7  04.07.2025  10:26:27
 11  12   9  10  $12    0.010    -2.4637   4644.04   0.0      9.65   2.0  04.07.2025  10:26:29
 13  16  14  15  $12    0.010   -16.8789  10605.34   0.0      7.44   0.4  04.07.2025  10:26:31
 14  15  13  16  $12    0.010   -16.9110  10625.48   0.0     10.97   1.8  04.07.2025  10:26:33
 13  14  15  16  $12    0.010    16.4439  30995.93   0.0      7.41   3.4  04.07.2025  10:26:35
  1   9  10   2  $12    0.010   -19.7472   7106.15   0.0      3.91   3.1  04.07.2025  10:26:37
  1   9  11   3  $12    0.010   -10.7960   9249.96   0.0      2.54  15.7  04.07.2025  10:26:39
  1   9  12   4  $12    0.010    -7.4454  12449.79   0.0      6.06   5.2  04.07.2025  10:26:41
  2  10   9   1  $12    0.010   -19.7538   7108.50   0.0      3.92   1.0  04.07.2025  10:26:43
  2  10  11   3  $12    0.010   -19.8173   7131.37   0.0      4.50   5.7  04.07.2025  10:26:45
  2  10  12   4  $12    0.010   -10.9435   9376.37   0.0      6.05   4.4  04.07.2025  10:26:47
  3  11   9   1  $12    0.010   -10.8059   9258.46   0.0      5.58   1.6  04.07.2025  10:26:49
  3  11  10   2  $12    0.010   -19.8657   7148.79   0.0      5.64   2.3  04.07.2025  10:26:51
  3  11  12   4  $12    0.010   -22.7126   8173.25   0.0      4.42   7.0  04.07.2025  10:26:53
 12   4   9   1  $12    0.010     7.4840  12514.34   0.0      2.69   1.3  04.07.2025  10:26:55
 12   4  10   2  $12    0.010    10.9767   9404.84   0.0      4.51   1.0  04.07.2025  10:26:57
 12   4  11   3  $12    0.010    22.7369   8181.99   0.0      6.06   0.7  04.07.2025  10:26:59
 13   5  14   6  $12    0.010    15.0178   5404.25   0.0     -0.78  13.2  04.07.2025  10:27:01
 13   5  15   7  $12    0.010    20.3262  17415.42   0.0      5.84   1.5  04.07.2025  10:27:04
 13   5  16   8  $12    0.010     7.1003  11872.74   0.0     -0.24 109.9  04.07.2025  10:27:06
 14   6  13   5  $12    0.010    15.0827   5427.58   0.0     -1.18  17.9  04.07.2025  10:27:08
 14   6  15   7  $12    0.010    15.3201   5513.00   0.0      1.08  17.7  04.07.2025  10:27:10
 14   6  16   8  $12    0.010    15.9535  13668.97   0.0      2.77   5.3  04.07.2025  10:27:12
 15   7  13   5  $12    0.010    20.4054  17483.32   0.0      9.25   0.1  04.07.2025  10:27:14
 15   7  14   6  $12    0.010    15.3011   5506.17   0.0      4.13   1.4  04.07.2025  10:27:16
 15   7  16   8  $12    0.010    15.5193   5584.69   0.0      4.95   6.8  04.07.2025  10:27:18
 16   8  13   5  $12    0.010     7.1124  11892.93   0.0      1.05  12.5  04.07.2025  10:27:20
 16   8  14   6  $12    0.010    15.9986  13707.60   0.0      2.71   1.4  04.07.2025  10:27:22
 16   8  15   7  $12    0.010    15.5154   5583.30   0.0      3.73   6.9  04.07.2025  10:27:24
  1   2   5   6  $12    1.000     9.6856   1825.70   0.0     -3.50   1.0  04.07.2025  10:27:29
  2   3   6   7  $12    1.000    17.4427   3287.87   0.0     -9.01   6.1  04.07.2025  10:27:31
  3   4   7   8  $12    1.000    13.8322   2607.31   0.0    -31.60   0.4  04.07.2025  10:27:33
  1   2   9  10  $12    1.000     2.6044   4123.72   0.0    -15.14   3.4  04.07.2025  10:27:35
  2   3  10  11  $12    1.000     5.9398   9404.92   0.0    -14.06   5.5  04.07.2025  10:27:37
  3   4  11  12  $12    1.000     3.3857   5360.78   0.2     23.69   3.0  04.07.2025  10:27:39
  1   2  13  14  $12    0.100     2.7533 148430.70   0.0     -1.95  17.7  04.07.2025  10:27:45
  2   3  14  15  $12    0.100    -2.8435 153293.43   0.3     15.14  15.2  04.07.2025  10:27:47
  3   4  15  16  $12    0.100     3.9640 213696.22   0.1    -25.88  10.0  04.07.2025  10:27:49
  5   6   9  10  $12    1.000    12.8003   2412.81   0.0     -0.54   4.9  04.07.2025  10:27:52
  6   7  10  11  $12    1.000    19.4415   3664.64   0.0      5.19   2.8  04.07.2025  10:27:54
  7   8  11  12  $12    1.000    14.6190   2755.61   0.0      3.58   3.4  04.07.2025  10:27:57
  5   6  13  14  $12    1.000     8.0620  12765.08   0.0     -5.03   7.8  04.07.2025  10:27:59
  6   7  14  15  $12    1.000    -8.0472  12741.60   0.1     11.15   7.5  04.07.2025  10:28:01
  7   8  15  16  $12    1.000    11.6749  18485.60   0.0    -10.75   4.5  04.07.2025  10:28:03
  9  10  13  14  $12    0.100     3.6603   6899.54   0.0      1.20  15.7  04.07.2025  10:28:08
 10  11  14  15  $12    0.100    -4.4699   8425.56   0.2     -0.33 162.8  04.07.2025  10:28:10
 11  12  15  16  $12    0.100     4.3620   8222.18   0.0      3.58  25.3  04.07.2025  10:28:12
  1   2   6   7  $12    1.000    10.3633   3906.88   0.0      4.23   4.0  04.07.2025  10:28:16
  2   3   7   8  $12    1.000    13.9922   5274.92   0.2      3.59  35.0  04.07.2025  10:28:18
  1   2   7   8  $12    1.000     7.7327   5101.55   0.0    -15.62   2.6  04.07.2025  10:28:20
  2   3   7   8  $12    1.000    13.9528   5260.08   0.0     -2.16   4.9  04.07.2025  10:28:22
  1   2  10  11  $12    1.000     3.9838   9011.07   0.1     20.32   4.9  04.07.2025  10:28:24
  2   3  11  12  $12    1.000     4.2711   9660.92   0.0     -5.16  12.3  04.07.2025  10:28:26
  1   2  11  12  $12    1.000     2.8815   8961.99   0.0     -9.75   8.7  04.07.2025  10:28:28
  2   3  11  12  $12    1.000     4.2852   9692.87   0.0     -9.24   0.7  04.07.2025  10:28:30
  1   2  14  15  $12    1.000   -22.0818 151508.41   0.0      7.78   2.1  04.07.2025  10:28:32
  2   3  15  16  $12    0.100     4.3275 296919.64   0.0     -3.60   3.6  04.07.2025  10:28:37
  1   2  15  16  $12    0.100     3.1437 269623.26   0.0      7.45   6.4  04.07.2025  10:28:39
  2   3  15  16  $12    0.100     4.3362 297518.55   0.0     -4.79   3.6  04.07.2025  10:28:41
  5   6  10  11  $12    1.000    16.8542   6353.87   0.0     -0.86  10.6  04.07.2025  10:28:45
  6   7  11  12  $12    1.000    14.3169   5397.33   0.0     -1.72   5.5  04.07.2025  10:28:47
  5   6  11  12  $12    1.000    11.2764   7439.45   0.0     -4.05   1.7  04.07.2025  10:28:49
  6   7  11  12  $12    1.000    14.2885   5386.63   0.0      0.21  25.4  04.07.2025  10:28:51
  5   6  14  15  $12    1.000    -6.9242  15662.21   0.0     -1.29  80.2  04.07.2025  10:28:53
  6   7  15  16  $12    1.000    12.4055  28060.65   0.0     10.51   7.3  04.07.2025  10:28:55
  5   6  15  16  $12    1.000    10.1739  31642.78   0.0     -5.77   1.0  04.07.2025  10:28:57
  6   7  15  16  $12    1.000    12.4208  28095.09   0.0      8.89   1.1  04.07.2025  10:28:59
  9  10  14  15  $12    0.100    -3.1064  11711.02   0.0      7.97   3.7  04.07.2025  10:29:04
 10  11  15  16  $12    0.100     6.3995  24125.68   0.1     -2.89  23.7  04.07.2025  10:29:06
  9  10  15  16  $12    0.100     4.3197  28498.60   0.0      1.28  59.1  04.07.2025  10:29:08
 10  11  15  16  $12    0.100     6.3923  24098.34   0.0      1.75  11.2  04.07.2025  10:29:10
