//C:\Users\user\Desktop\GeoTom\GeoTomE724.ini
//- Cable direction:
//  cable I: normal
//  cable II: normal
//  cable III: normal
//  cable IV: normal
//- Cable arrangement: sequential
//- Optimization: Last measurement
//- Sorting: Multi-level
//- Current levels: 0.001 mA .. 50.0 mA
Type:         Flow
Name:         Hyprop
Comment:      Example of a measurements sequence
Comment:      
Comment:      
Spacing:      1.00000
First El:     0.00000
Nr of points: 289
IP present:   1

  1   5   2   6  $12    0.010    16.3781   7016.35   0.0      3.79   1.1  03.07.2025  15:17:05
  1   5   3   7  $12    0.010     8.2873  15621.29   0.0      4.45   2.7  03.07.2025  15:17:08
  1   5   4   8  $12    0.010     5.3702   7085.87   0.0      3.15   2.0  03.07.2025  15:17:10
  1   5  14   2  $12    0.010    -7.1046   6369.30   0.0      7.90   2.2  03.07.2025  15:17:12
  1   5  15   3  $12    0.010    -2.8334  62309.68   0.1     11.62   8.4  03.07.2025  15:17:14
  1   5  16   4  $12    0.100   -16.3548   1599.57   0.0      7.66   0.7  03.07.2025  15:17:17
  1   5  13   9  $12    0.010     3.0294  22841.01   0.0      2.22   7.4  03.07.2025  15:17:22
  1   5  14  10  $12    0.010     2.6773  30752.86   0.7     24.80  13.6  03.07.2025  15:17:24
  1   5  15  11  $12    0.010     2.6874  44324.39   0.7    -20.22  14.3  03.07.2025  15:17:26
  1   5  16  12  $12    0.010     2.2794  51692.03   0.0      0.13 303.4  03.07.2025  15:17:28
  1   5  10   6  $12    0.010     6.5361   5775.09   0.2     -3.65  58.8  03.07.2025  15:17:30
  1   5  11   7  $12    0.010     2.7261   6423.19   0.3     18.45   6.3  03.07.2025  15:17:32
  1   5  12   8  $12    0.100    14.5686   6607.83   0.0      4.21   0.4  03.07.2025  15:17:36
  2   6   1   5  $12    0.010    16.4594   7051.19   0.0      3.61   1.9  03.07.2025  15:17:41
  2   6   3   7  $12    0.010    16.0703   6884.51   0.0      4.21   2.6  03.07.2025  15:17:43
  2   6   4   8  $12    0.010     8.5013  16024.52   0.0      3.29   4.8  03.07.2025  15:17:45
  2   6  13   1  $12    0.010    -7.0089   5169.10   0.0      5.56  13.8  03.07.2025  15:17:47
  2   6  15   3  $12    0.010    -6.5777   5896.95   0.0      7.16   0.4  03.07.2025  15:17:49
  2   6  16   4  $12    0.010    -2.9436  64732.30   0.0     11.36  18.2  03.07.2025  15:17:51
  2   6  13   9  $12    0.010     2.7121  12301.09   0.0      4.44   8.2  03.07.2025  15:17:53
  2   6  14  10  $12    0.010     2.5853  19492.64   0.8    -24.00  23.3  03.07.2025  15:17:55
  2   6  15  11  $12    0.010     2.5766  29595.44   0.2     14.16  49.4  03.07.2025  15:17:57
  2   6  16  12  $12    0.010     2.4376  40203.60   0.0     -1.78  11.3  03.07.2025  15:18:00
  2   6   9   5  $12    0.010     6.7158   8861.28   0.0      1.92   9.1  03.07.2025  15:18:02
  2   6  11   7  $12    0.010     6.8456   6048.63   0.0      4.77   4.3  03.07.2025  15:18:04
  2   6  12   8  $12    0.010     3.1180   7346.62   0.0     -0.01 2498.9  03.07.2025  15:18:06
  3   7   1   5  $12    0.010     8.2931  15632.03   0.0      4.80   1.7  03.07.2025  15:18:08
  3   7   2   6  $12    0.010    16.0964   6895.68   0.0      4.94   4.2  03.07.2025  15:18:10
  3   7   4   8  $12    0.010    19.4308   8324.13   0.0      5.92   0.9  03.07.2025  15:18:12
  3   7  13   1  $12    0.010    -3.0967   4864.25   0.0     10.20   5.2  03.07.2025  15:18:14
  3   7  14   2  $12    0.010    -6.6637   4914.51   0.0      8.05   3.4  03.07.2025  15:18:16
  3   7  16   4  $12    0.010    -8.4450   7570.94   0.0     10.88   0.1  03.07.2025  15:18:18
  3   7  13   9  $12    0.010     2.3788   5604.98   0.0      1.85   8.9  03.07.2025  15:18:20
  3   7  14  10  $12    0.010     2.6081  11829.51   0.8     17.02  60.2  03.07.2025  15:18:22
  3   7  15  11  $12    0.010     2.5594  19297.18   0.4    -27.48   7.2  03.07.2025  15:18:24
  3   7  16  12  $12    0.010     2.6901  30899.58   0.0     -0.95  38.5  03.07.2025  15:18:26
  3   7   9   5  $12    0.010     2.8348   5343.52   0.0     -1.33  36.9  03.07.2025  15:18:28
  3   7  10   6  $12    0.010     6.8436   9029.88   0.1     17.09   6.7  03.07.2025  15:18:30
  3   7  12   8  $12    0.010     8.3397   7368.77   0.1     -0.45 350.9  03.07.2025  15:18:32
  4   8   1   5  $12    0.010     5.3731   7089.70   0.0      0.40  90.6  03.07.2025  15:18:34
  4   8   2   6  $12    0.010     8.4817  15987.67   0.0      6.00   2.4  03.07.2025  15:18:36
  4   8   3   7  $12    0.010    19.3766   8300.92   0.0      5.67   0.7  03.07.2025  15:18:38
  4   8  13   1  $12    0.100   -17.0101   3825.73   0.0      9.21   0.4  03.07.2025  15:18:42
  4   8  14   2  $12    0.010    -2.7942   4389.15   0.0     13.55   0.8  03.07.2025  15:18:47
  4   8  15   3  $12    0.010    -8.6108   6350.53   0.0      9.81   2.6  03.07.2025  15:18:49
  4   8  13   9  $12    0.010     2.1446   1894.89   0.0     -3.11   4.0  03.07.2025  15:18:51
  4   8  14  10  $12    0.010     2.6441   6230.09   0.2     10.95  34.3  03.07.2025  15:18:53
  4   8  15  11  $12    0.010     2.4453  11091.16   0.4     -6.49 106.4  03.07.2025  15:18:55
  4   8  16  12  $12    0.010     2.9840  22498.67   0.0     -2.07  13.0  03.07.2025  15:18:57
  4   8   9   5  $12    0.100    15.1301    648.17   0.0      4.36   1.8  03.07.2025  15:19:01
  4   8  10   6  $12    0.010     3.0979   5839.35   0.0     -0.45  73.5  03.07.2025  15:19:06
  4   8  11   7  $12    0.010     8.1835  10797.83   0.2      8.21   7.5  03.07.2025  15:19:08
  5   9   6  10  $12    0.010    15.6276   6694.83   0.0     -0.11 566.3  03.07.2025  15:19:10
  5   9   7  11  $12    0.010     7.6365  14394.51   0.1      0.28 707.3  03.07.2025  15:19:12
  5   9   8  12  $12    0.010     4.8013   6335.14   0.0      0.84  14.0  03.07.2025  15:19:14
  5   9   2   6  $12    0.010    -6.6610   8788.94   0.0      3.65   3.9  03.07.2025  15:19:16
  5   9   3   7  $12    0.010    -2.7851   5249.83   0.0      9.94   3.4  03.07.2025  15:19:18
  5   9   4   8  $12    0.100   -15.1234    647.88   0.0      6.68   0.6  03.07.2025  15:19:21
  5   9   1  13  $12    0.010     3.0336   7624.36   0.0      1.29   9.2  03.07.2025  15:19:26
  5   9   2  14  $12    0.010     2.4331   5472.20   0.0     -1.34  39.9  03.07.2025  15:19:28
  5   9   3  15  $12    0.010     2.8224   4433.39   0.0     -1.49  66.5  03.07.2025  15:19:30
  5   9   4  16  $12    0.010     2.1690   1599.63   0.0     -2.85  36.9  03.07.2025  15:19:32
  5   9  14  10  $12    0.010     6.4880   5732.66   0.4     -2.54  54.9  03.07.2025  15:19:35
  5   9  15  11  $12    0.100    19.5918   4616.21   0.0      0.43  20.5  03.07.2025  15:19:38
  5   9  16  12  $12    0.100    11.1358   5050.84   0.0      2.64   3.6  03.07.2025  15:19:41
  6  10   5   9  $12    0.010    15.6125   6688.39   0.0      3.50   1.8  03.07.2025  15:19:45
  6  10   7  11  $12    0.010    15.7151   6732.33   0.0      0.36  56.8  03.07.2025  15:19:48
  6  10   8  12  $12    0.010     8.1965  15450.08   0.0      1.88  13.7  03.07.2025  15:19:50
  6  10   1   5  $12    0.010    -6.5965   5828.47   0.0      5.54   3.8  03.07.2025  15:19:52
  6  10   3   7  $12    0.010    -6.8082   8983.22   0.0      7.10   3.1  03.07.2025  15:19:54
  6  10   4   8  $12    0.010    -3.0547   5757.95   0.0     11.06   6.1  03.07.2025  15:19:56
  6  10   1  13  $12    0.010     2.8376   6382.01   0.0     -0.80  53.5  03.07.2025  15:19:58
  6  10   2  14  $12    0.010     2.5585   6430.15   0.0     -1.33  65.9  03.07.2025  15:20:00
  6  10   3  15  $12    0.010     2.8381   6383.14   0.0     -1.20  46.3  03.07.2025  15:20:02
  6  10   4  16  $12    0.010     2.4989   3925.19   0.0     -5.26   7.2  03.07.2025  15:20:04
  6  10  13   9  $12    0.010     6.2258   8214.77   0.0      5.06  19.1  03.07.2025  15:20:06
  6  10  15  11  $12    0.010     6.0598   5354.26   0.0     -5.77   2.3  03.07.2025  15:20:08
  6  10  16  12  $12    0.010     2.6573   6261.12   0.0     -3.42  14.8  03.07.2025  15:20:10
  7  11   5   9  $12    0.010     7.5782  14284.57   0.0      3.38  21.2  03.07.2025  15:20:12
  7  11   6  10  $12    0.010    15.6379   6699.26   0.0      4.99  20.2  03.07.2025  15:20:14
  7  11   8  12  $12    0.010    19.2199   8233.79   0.0      4.55  14.3  03.07.2025  15:20:16
  7  11   1   5  $12    0.010    -2.7190   6406.47   0.0      8.30   2.7  03.07.2025  15:20:18
  7  11   2   6  $12    0.010    -6.8034   6011.28   0.0      8.72   6.4  03.07.2025  15:20:20
  7  11   4   8  $12    0.010    -8.2257  10853.61   0.0      6.57   3.7  03.07.2025  15:20:22
  7  11   1  13  $12    0.010     2.4269   3812.09   0.0     -2.56  21.1  03.07.2025  15:20:24
  7  11   2  14  $12    0.010     2.5649   5768.80   0.0      3.38  19.7  03.07.2025  15:20:26
  7  11   3  15  $12    0.010     2.6565   6676.61   0.1      0.76 226.6  03.07.2025  15:20:28
  7  11   4  16  $12    0.010     2.8214   6345.64   0.0     -1.05  55.5  03.07.2025  15:20:30
  7  11  13   9  $12    0.010     2.4399   4599.14   0.2      3.35  36.6  03.07.2025  15:20:32
  7  11  14  10  $12    0.010     6.3441   8370.87   0.5     -6.82  72.2  03.07.2025  15:20:34
  7  11  16  12  $12    0.010     8.1609   7210.74   0.1      1.20 158.7  03.07.2025  15:20:36
  8  12   5   9  $12    0.010     4.8070   6342.68   0.1      7.34   7.4  03.07.2025  15:20:38
  8  12   6  10  $12    0.010     8.1343  15332.83   0.2     -2.68  80.7  03.07.2025  15:20:40
  8  12   7  11  $12    0.010    19.1784   8216.03   0.0      3.88  26.4  03.07.2025  15:20:42
  8  12   1   5  $12    0.100   -14.5534   6600.94   0.0      3.43   2.0  03.07.2025  15:20:46
  8  12   2   6  $12    0.010    -3.0647   7221.12   0.0     10.34   1.1  03.07.2025  15:20:51
  8  12   3   7  $12    0.010    -8.2149   7258.43   0.0      6.91   2.7  03.07.2025  15:20:53
  8  12   1  13  $12    0.010     2.1323   1572.61   0.0     -1.69  31.6  03.07.2025  15:20:55
  8  12   2  14  $12    0.010     2.5243   3965.09   0.1      1.69  80.6  03.07.2025  15:20:57
  8  12   3  15  $12    0.010     2.5214   5670.95   0.0     -6.03   7.1  03.07.2025  15:20:59
  8  12  16   4  $12    0.010    -2.9710   7466.87   0.0     13.61   3.3  03.07.2025  15:21:01
  8  12   9  13  $12    0.100   -12.0583    516.58   0.0      7.09   0.5  03.07.2025  15:21:05
  8  12  10  14  $12    0.010    -2.5580   4821.71   0.0      7.86   1.7  03.07.2025  15:21:10
  8  12  11  15  $12    0.010    -8.3682  11041.56   0.0      5.43  24.8  03.07.2025  15:21:12
  9  13  10  14  $12    0.010    10.7093   4587.85   0.0      2.30 108.7  03.07.2025  15:21:14
  9  13  11  15  $12    0.010    13.6712  25769.54   0.0      5.10  38.0  03.07.2025  15:21:16
  9  13  12  16  $12    0.010     4.3650   5759.45   0.0      2.75   5.1  03.07.2025  15:21:18
  9  13   6  10  $12    0.010    -6.1224   8078.25   0.1     18.78   5.1  03.07.2025  15:21:20
  9  13   7  11  $12    0.010    -2.3754   4477.53   0.6     33.66  10.4  03.07.2025  15:21:22
  9  13   8  12  $12    0.100   -12.0580    516.56   0.0      5.83   0.5  03.07.2025  15:21:26
  9  13   5   1  $12    0.010     3.0376  22903.11   0.0      1.03  16.2  03.07.2025  15:21:31
  9  13   6   2  $12    0.010     2.7269  12368.48   0.0      1.30  40.5  03.07.2025  15:21:33
  9  13   7   3  $12    0.010     2.3900   5631.30   0.0     -3.93   7.4  03.07.2025  15:21:35
  9  13   8   4  $12    0.010     2.1435   1893.94   0.1     -4.41  15.0  03.07.2025  15:21:37
  9  13   2  14  $12    0.100    17.5666   1295.55   0.0     -0.22  21.1  03.07.2025  15:21:41
  9  13   3  15  $12    0.010     8.9481  14055.61   0.0      7.93   0.3  03.07.2025  15:21:46
  9  13   4  16  $12    0.100    10.0978   2271.09   0.0      1.63   3.6  03.07.2025  15:21:49
 10  14   9  13  $12    0.010    10.6530   4563.73   0.0      3.27   3.5  03.07.2025  15:21:54
 10  14  11  15  $12    0.010    12.0481   5161.39   0.0     -2.40   2.5  03.07.2025  15:21:56
 10  14  12  16  $12    0.010    12.9021  24319.90   0.0      2.77   4.9  03.07.2025  15:21:58
 10  14   5   9  $12    0.010    -6.4392   5689.47   0.0     11.79  13.3  03.07.2025  15:22:01
 10  14   7  11  $12    0.010    -6.2622   8262.74   0.0      3.26  25.3  03.07.2025  15:22:03
 10  14   8  12  $12    0.010    -2.5588   4823.17   0.0      7.41   3.2  03.07.2025  15:22:05
 10  14   5   1  $12    0.010     2.6993  31005.75   0.0     -1.86  39.0  03.07.2025  15:22:07
 10  14   6   2  $12    0.010     2.6197  19752.11   0.0      2.16  37.6  03.07.2025  15:22:09
 10  14   7   3  $12    0.010     2.5933  11762.55   0.0     -1.32  25.1  03.07.2025  15:22:11
 10  14   8   4  $12    0.010     2.5941   6112.09   0.0     -4.79   5.8  03.07.2025  15:22:13
 10  14   1  13  $12    0.100    14.5247   1302.14   0.0      0.51   1.3  03.07.2025  15:22:17
 10  14   3  15  $12    0.010     3.1765   2342.71   0.0    -11.86   0.7  03.07.2025  15:22:21
 10  14   4  16  $12    0.010     7.7605  12190.16   0.0      2.54   6.2  03.07.2025  15:22:23
 11  15   9  13  $12    0.010    13.8022  26016.48   0.0      7.47   1.9  03.07.2025  15:22:25
 11  15  10  14  $12    0.010    11.9589   5123.19   0.0     -1.52  62.6  03.07.2025  15:22:27
 11  15  12  16  $12    0.010    12.3658   5297.48   0.0      4.18  46.9  03.07.2025  15:22:30
 11  15   5   9  $12    0.100   -19.7218   4646.84   0.0      3.35   2.7  03.07.2025  15:22:33
 11  15   6  10  $12    0.010    -6.0252   5323.71   0.0      3.59   5.0  03.07.2025  15:22:38
 11  15   8  12  $12    0.010    -8.4754  11182.97   0.1      7.15  45.6  03.07.2025  15:22:40
 11  15   5   1  $12    0.010     2.6924  44406.66   0.0      7.24   6.5  03.07.2025  15:22:42
 11  15   6   2  $12    0.010     2.6440  30370.46   0.0      6.83   8.0  03.07.2025  15:22:44
 11  15   7   3  $12    0.010     2.5371  19128.97   0.0     -0.51 125.6  03.07.2025  15:22:46
 11  15   8   4  $12    0.010     2.5003  11340.54   0.0     -1.85  15.3  03.07.2025  15:22:48
 11  15   1  13  $12    0.010     9.1626 201495.40   0.0      8.14   1.6  03.07.2025  15:22:50
 11  15   2  14  $12    0.010     3.3786   3028.92   0.0     -7.36   8.9  03.07.2025  15:22:52
 11  15   4  16  $12    0.100    14.6339   1079.27   0.0      1.18   7.0  03.07.2025  15:22:56
 12  16   9  13  $12    0.010     4.3705   5766.79   0.0      0.44  15.6  03.07.2025  15:23:01
 12  16  10  14  $12    0.010    12.9554  24420.38   0.1     -2.78  14.9  03.07.2025  15:23:03
 12  16  11  15  $12    0.010    12.3835   5305.07   0.0     -0.14 689.3  03.07.2025  15:23:05
 12  16   5   9  $12    0.100   -11.1153   5041.56   0.0      5.42   0.6  03.07.2025  15:23:09
 12  16   6  10  $12    0.010    -2.5969   6118.86   0.0      9.62   1.5  03.07.2025  15:23:14
 12  16   7  11  $12    0.010    -8.2309   7272.57   0.0      5.70  39.5  03.07.2025  15:23:16
 12  16   5   1  $12    0.010     2.2978  52110.52   0.1      0.17 1462.0  03.07.2025  15:23:18
 12  16   6   2  $12    0.010     2.4586  40550.99   0.0     -3.70  15.7  03.07.2025  15:23:20
 12  16   7   3  $12    0.010     2.7016  31031.50   0.0     -2.81   4.9  03.07.2025  15:23:22
 12  16   8   4  $12    0.010     2.9847  22504.04   0.0     -0.42 153.2  03.07.2025  15:23:24
 12  16  13   1  $12    0.100    -9.6565    944.44   0.0      6.64   0.6  03.07.2025  15:23:28
 12  16  14   2  $12    0.010    -7.8280 172146.06   0.0      8.47   0.9  03.07.2025  15:23:33
 12  16  15   3  $12    0.100   -15.4783   1387.64   0.0      2.00   2.9  03.07.2025  15:23:37
 13   1  14   2  $12    0.010    11.3219   3882.71   0.0      3.22   1.9  03.07.2025  15:23:41
 13   1  15   3  $12    0.010    14.6118  11080.35   0.0      8.28   2.8  03.07.2025  15:23:43
 13   1  16   4  $12    0.010     4.8088   6180.30   0.0      5.02   7.6  03.07.2025  15:23:46
 13   1  10  14  $12    0.100   -14.5217   1301.87   0.0      3.10   2.7  03.07.2025  15:23:49
 13   1  11  15  $12    0.010    -9.0490 198998.35   0.0     12.37   0.4  03.07.2025  15:23:54
 13   1  12  16  $12    0.100    -9.6344    942.28   0.0      5.52   0.8  03.07.2025  15:23:58
 13   1   9   5  $12    0.010     3.0388   7637.27   0.0      1.44  10.4  03.07.2025  15:24:03
 13   1  10   6  $12    0.010     2.8460   6400.84   0.4    -27.68   9.8  03.07.2025  15:24:05
 13   1  11   7  $12    0.010     2.3795   3737.74   0.3     -8.05  55.3  03.07.2025  15:24:07
 13   1  12   8  $12    0.010     2.1351   1574.66   0.1     -5.05   9.8  03.07.2025  15:24:09
 13   1   6   2  $12    0.010     7.0640   5209.74   0.0      2.46   2.0  03.07.2025  15:24:11
 13   1   7   3  $12    0.010     3.1385   4929.89   0.0      2.20  10.2  03.07.2025  15:24:13
 13   1   8   4  $12    0.100    17.1770   3863.27   0.0      5.68   0.8  03.07.2025  15:24:17
 14   2  13   1  $12    0.010    11.3548   3893.98   0.0      3.03   0.7  03.07.2025  15:24:22
 14   2  15   3  $12    0.010    12.6158   4326.43   0.0      2.33   1.3  03.07.2025  15:24:24
 14   2  16   4  $12    0.010    13.1781   9993.19   0.0      4.22   1.7  03.07.2025  15:24:26
 14   2   9  13  $12    0.100   -17.5047   1290.99   0.0      2.18   2.4  03.07.2025  15:24:30
 14   2  11  15  $12    0.010    -3.3527   3005.71   0.0      1.95   4.3  03.07.2025  15:24:35
 14   2  12  16  $12    0.010    -7.8018 171569.96   0.0      8.68   2.1  03.07.2025  15:24:37
 14   2   9   5  $12    0.010     2.4175   5437.11   0.1     -6.50  17.8  03.07.2025  15:24:39
 14   2  10   6  $12    0.010     2.5084   6304.22   0.6     27.26  18.5  03.07.2025  15:24:41
 14   2  11   7  $12    0.010     2.5886   5822.04   0.5      8.07  87.4  03.07.2025  15:24:43
 14   2  12   8  $12    0.010     2.5134   3948.05   0.0     -0.46  79.9  03.07.2025  15:24:45
 14   2   5   1  $12    0.010     7.1873   6443.43   0.0      5.05   9.0  03.07.2025  15:24:47
 14   2   7   3  $12    0.010     6.7252   4959.92   0.0      2.79   8.7  03.07.2025  15:24:49
 14   2   8   4  $12    0.010     2.8660   4501.83   0.0      1.62   7.0  03.07.2025  15:24:51
 15   3  13   1  $12    0.010    14.6675  11122.56   0.0      8.16   0.6  03.07.2025  15:24:53
 15   3  14   2  $12    0.010    12.6313   4331.76   0.0      1.68   9.8  03.07.2025  15:24:55
 15   3  16   4  $12    0.010    12.7421   4369.73   0.0      6.86   3.5  03.07.2025  15:24:57
 15   3   9  13  $12    0.010    -8.9438  14048.93   0.0     12.48   0.5  03.07.2025  15:24:59
 15   3  10  14  $12    0.010    -3.1043   2289.41   0.3    -23.28  13.6  03.07.2025  15:25:01
 15   3  12  16  $12    0.100   -15.4274   1383.07   0.0      3.80   2.2  03.07.2025  15:25:05
 15   3   9   5  $12    0.010     2.8161   4423.55   0.0      3.21   2.7  03.07.2025  15:25:10
 15   3  10   6  $12    0.010     2.9031   6529.28   0.3      5.34 221.0  03.07.2025  15:25:12
 15   3  11   7  $12    0.010     2.6018   6539.11   0.1    -10.70  31.4  03.07.2025  15:25:14
 15   3  12   8  $12    0.010     2.5179   5663.00   0.0     -3.30  16.7  03.07.2025  15:25:16
 15   3   5   1  $12    0.010     2.9070  63928.98   0.1     -7.07   3.7  03.07.2025  15:25:18
 15   3   6   2  $12    0.010     6.6813   5989.82   0.0      1.56  29.3  03.07.2025  15:25:20
 15   3   8   4  $12    0.010     8.7001   6416.39   0.0      6.97   2.2  03.07.2025  15:25:22
 16   4  13   1  $12    0.010     4.8111   6183.16   0.0      3.12   5.4  03.07.2025  15:25:24
 16   4  14   2  $12    0.010    13.1863   9999.39   0.0      6.14   2.0  03.07.2025  15:25:26
 16   4  15   3  $12    0.010    12.7025   4356.16   0.0      5.68   4.0  03.07.2025  15:25:28
 16   4   9  13  $12    0.100   -10.0322   2256.35   0.0      6.81   2.7  03.07.2025  15:25:32
 16   4  10  14  $12    0.010    -7.6982  12092.26   0.0      9.98   1.0  03.07.2025  15:25:37
 16   4  11  15  $12    0.100   -14.5913   1076.12   0.0      2.00   6.3  03.07.2025  15:25:41
 16   4   9   5  $12    0.100    21.4365   1580.96   0.0      4.20   2.9  03.07.2025  15:25:43
 16   4  10   6  $12    0.010     2.4893   3910.21   0.0     -2.02  25.8  03.07.2025  15:25:48
 16   4  11   7  $12    0.010     2.8213   6345.36   0.2     19.96  12.1  03.07.2025  15:25:50
 16   4  12   8  $12    0.010     3.0289   7612.48   0.0     -2.62  15.5  03.07.2025  15:25:52
 16   4   5   1  $12    0.100    16.3528   1599.38   0.0      8.23   0.2  03.07.2025  15:25:56
 16   4   6   2  $12    0.010     2.9954  65871.37   0.0      2.35   2.6  03.07.2025  15:26:01
 16   4   7   3  $12    0.010     8.4757   7598.50   0.0      5.30   2.7  03.07.2025  15:26:03
  1   4   2   3  $12    0.010    10.1070   6350.43   0.0      5.78   1.2  03.07.2025  15:26:05
  2   3   1   4  $12    0.010    10.1228   6360.35   0.0      6.27   2.4  03.07.2025  15:26:07
  1   2   3   4  $12    0.010    -2.1822   4113.40   0.0     13.61   2.2  03.07.2025  15:26:09
  3   4   1   2  $12    0.010    -2.1753   4100.32   0.0     17.96   1.2  03.07.2025  15:26:11
  5   8   6   7  $12    0.010     9.7818   6146.06   0.0      1.25   6.9  03.07.2025  15:26:13
  6   7   5   8  $12    0.010     9.8086   6162.91   0.0      1.14  11.8  03.07.2025  15:26:15
  5   6   7   8  $12    0.010    -2.3067   4348.07   0.0      7.74  13.9  03.07.2025  15:26:17
  7   8   5   6  $12    0.010    -2.3052   4345.29   0.0      8.71   5.1  03.07.2025  15:26:19
  9  12  10  11  $12    0.010    10.2678   6451.42   0.1      0.70  74.5  03.07.2025  15:26:21
 10  11   9  12  $12    0.010    10.2131   6417.11   0.0      5.49  10.9  03.07.2025  15:26:23
  9  10  11  12  $12    0.010    -2.1751   4099.89   0.0      2.31  31.0  03.07.2025  15:26:25
 11  12   9  10  $12    0.010    -2.1288   4012.68   0.1      7.76  47.1  03.07.2025  15:26:27
 13  16  14  15  $12    0.010   -14.0736   8842.71   0.0      8.17   7.5  03.07.2025  15:26:29
 14  15  13  16  $12    0.010   -14.0898   8852.89   0.0     10.28   2.3  03.07.2025  15:26:31
 13  14  15  16  $12    0.010    13.1172  24725.37   0.0      6.48   1.0  03.07.2025  15:26:33
  1   9  10   2  $12    0.010   -18.7246   6738.14   0.0      3.58   5.6  03.07.2025  15:26:35
  1   9  11   3  $12    0.010   -10.2720   8801.02   0.1     11.03   5.5  03.07.2025  15:26:37
  1   9  12   4  $12    0.010    -7.1418  11942.14   0.0      9.27   2.3  03.07.2025  15:26:39
  2  10   9   1  $12    0.010   -18.7509   6747.59   0.0      5.88   1.6  03.07.2025  15:26:41
  2  10  11   3  $12    0.010   -18.1214   6521.07   0.0      3.56   3.7  03.07.2025  15:26:44
  2  10  12   4  $12    0.010   -10.4933   8990.61   0.0      4.67   1.3  03.07.2025  15:26:45
  3  11   9   1  $12    0.010   -10.2961   8821.71   0.0      6.69   0.7  03.07.2025  15:26:48
  3  11  10   2  $12    0.010   -18.0613   6499.44   0.0      3.80  14.9  03.07.2025  15:26:50
  3  11  12   4  $12    0.010   -22.0880   7948.48   0.0      9.55   1.4  03.07.2025  15:26:52
 12   4   9   1  $12    0.010     7.1807  12007.06   0.0      4.84   3.0  03.07.2025  15:26:54
 12   4  10   2  $12    0.010    10.5192   9012.83   0.1      8.64   3.4  03.07.2025  15:26:56
 12   4  11   3  $12    0.010    22.1513   7971.26   0.0      5.43  10.2  03.07.2025  15:26:58
 13   5  14   6  $12    0.010    13.5880   4889.70   0.0      0.82  15.2  03.07.2025  15:27:00
 13   5  15   7  $12    0.010    16.9945  14560.87   0.0      6.49   2.3  03.07.2025  15:27:02
 13   5  16   8  $12    0.010     6.8310  11422.36   0.0      2.53   5.7  03.07.2025  15:27:04
 14   6  13   5  $12    0.010    13.6126   4898.58   0.0      1.39   7.4  03.07.2025  15:27:06
 14   6  15   7  $12    0.010    15.4329   5553.60   0.0      1.13  27.0  03.07.2025  15:27:08
 14   6  16   8  $12    0.010    15.8836  13609.00   0.0      3.01   4.0  03.07.2025  15:27:10
 15   7  13   5  $12    0.010    16.9819  14550.06   0.0      8.39   0.2  03.07.2025  15:27:12
 15   7  14   6  $12    0.010    15.4218   5549.61   0.0      3.25   2.1  03.07.2025  15:27:14
 15   7  16   8  $12    0.010    15.0408   5412.52   0.0      4.48   1.0  03.07.2025  15:27:16
 16   8  13   5  $12    0.010     6.8231  11409.18   0.0      2.91   3.5  03.07.2025  15:27:18
 16   8  14   6  $12    0.010    15.8927  13616.83   0.0      4.89   1.2  03.07.2025  15:27:20
 16   8  15   7  $12    0.010    15.0054   5399.77   0.0      4.27   5.2  03.07.2025  15:27:22
  1   2   5   6  $12    1.000    11.4901   2165.84   0.0     72.90   0.0  03.07.2025  15:27:28
  2   3   6   7  $12    1.000    17.3691   3274.00   0.0     52.51   0.7  03.07.2025  15:27:30
  3   4   7   8  $12    1.000    12.2127   2302.03   0.0    -27.02   0.3  03.07.2025  15:27:32
  1   2   9  10  $12    1.000     2.6206   4149.35   0.9     -9.81  22.4  03.07.2025  15:27:34
  2   3  10  11  $12    1.000     5.6599   8961.68   0.1     38.27   6.7  03.07.2025  15:27:36
  3   4  11  12  $12    1.000     3.1510   4989.24   0.5      3.86 127.8  03.07.2025  15:27:38
  1   2  13  14  $12    1.000    20.9397 112885.39   0.0     -0.99  14.1  03.07.2025  15:27:40
  2   3  14  15  $12    0.100    -2.4616 132704.23   0.0     57.30   0.6  03.07.2025  15:27:45
  3   4  15  16  $12    0.100     3.4042 183521.66   0.1     -0.64 303.8  03.07.2025  15:27:47
  5   6   9  10  $12    1.000    13.0632   2462.35   0.0     10.93   1.3  03.07.2025  15:27:51
  6   7  10  11  $12    1.000    17.6711   3330.92   0.1     29.55   5.7  03.07.2025  15:27:53
  7   8  11  12  $12    1.000    12.2668   2312.24   0.0      6.36   7.6  03.07.2025  15:27:55
  5   6  13  14  $12    1.000     7.2637  11501.14   0.0    -21.17   0.6  03.07.2025  15:27:57
  6   7  14  15  $12    1.000    -7.4114  11734.88   0.0     53.39   0.9  03.07.2025  15:27:59
  7   8  15  16  $12    1.000     8.8809  14061.62   0.0      7.70   2.9  03.07.2025  15:28:01
  9  10  13  14  $12    0.100     3.1352   5909.65   0.0    -11.32   1.1  03.07.2025  15:28:06
 10  11  14  15  $12    0.100    -3.8535   7263.69   0.1     53.14   2.4  03.07.2025  15:28:08
 11  12  15  16  $12    0.100     3.5028   6602.57   0.0     -1.05  94.2  03.07.2025  15:28:10
  1   2   6   7  $12    1.000     8.2232   3100.08   0.0    -59.20   0.1  03.07.2025  15:28:14
  2   3   7   8  $12    1.000    12.3008   4637.29   0.0     -0.12 214.5  03.07.2025  15:28:16
  1   2   7   8  $12    1.000     6.9271   4570.06   0.0      2.74  11.5  03.07.2025  15:28:18
  2   3   7   8  $12    1.000    12.2941   4634.76   0.0      1.61   2.5  03.07.2025  15:28:20
  1   2  10  11  $12    1.000     2.9425   6655.74   0.3    -51.01   2.0  03.07.2025  15:28:22
  2   3  11  12  $12    1.000     3.7545   8492.42   0.1     -4.77 130.6  03.07.2025  15:28:24
  1   2  11  12  $12    1.000     2.3469   7299.21   0.0     -5.29  10.2  03.07.2025  15:28:26
  2   3  11  12  $12    1.000     3.7139   8400.66   0.0     -1.95   8.5  03.07.2025  15:28:28
  1   2  14  15  $12    1.000   -14.6029 100194.10   0.0    -21.83   0.5  03.07.2025  15:28:30
  2   3  15  16  $12    0.100     3.6809 252552.49   0.0     30.35   0.8  03.07.2025  15:28:35
  1   2  15  16  $12    0.100     2.1275 182462.97   0.0    -28.87   0.1  03.07.2025  15:28:37
  2   3  15  16  $12    0.100     3.6916 253289.44   0.0     33.45   0.2  03.07.2025  15:28:39
  5   6  10  11  $12    1.000    14.8029   5580.57   0.0    -14.85   0.7  03.07.2025  15:28:43
  6   7  11  12  $12    1.000    12.2546   4619.87   0.0      1.85  89.1  03.07.2025  15:28:45
  5   6  11  12  $12    1.000    10.5373   6951.80   0.0      1.53   2.9  03.07.2025  15:28:47
  6   7  11  12  $12    1.000    12.2038   4600.72   0.0      2.33   1.8  03.07.2025  15:28:49
  5   6  14  15  $12    1.000    -5.1794  11715.52   0.0    -57.53   0.4  03.07.2025  15:28:51
  6   7  15  16  $12    1.000    10.9850  24847.52   0.0     35.03   0.8  03.07.2025  15:28:54
  5   6  15  16  $12    1.000     8.0353  24991.05   0.0    -40.83   0.5  03.07.2025  15:28:56
  6   7  15  16  $12    1.000    10.9979  24876.58   0.0     35.84   0.2  03.07.2025  15:28:58
  9  10  14  15  $12    0.100    -2.2418   8451.42   0.0    -33.26   0.4  03.07.2025  15:29:03
 10  11  15  16  $12    0.100     5.5060  20757.29   0.0     29.05   1.3  03.07.2025  15:29:05
  9  10  15  16  $12    0.100     3.2711  21580.76   0.0    -30.72   2.0  03.07.2025  15:29:07
 10  11  15  16  $12    0.100     5.4886  20691.67   0.0     31.73   0.5  03.07.2025  15:29:09
