//C:\Users\user\Desktop\GeoTom\GeoTomE724.ini
//- Cable direction:
//  cable I: normal
//  cable II: normal
//  cable III: normal
//  cable IV: normal
//- Cable arrangement: sequential
//- Optimization: Last measurement
//- Sorting: Multi-level
//- Current levels: 0.001 mA .. 50.0 mA
Type:         Flow
Name:         Hyprop
Comment:      Example of a measurements sequence
Comment:      
Comment:      
Spacing:      1.00000
First El:     0.00000
Nr of points: 289
IP present:   1

  1   5   2   6  $12    0.010    14.7152   6303.97   0.0      3.90   0.7  03.07.2025  11:17:05
  1   5   3   7  $12    0.010     7.4705  14081.56   0.1     -9.45  16.7  03.07.2025  11:17:08
  1   5   4   8  $12    0.010     4.8411   6387.72   0.1     12.63  36.9  03.07.2025  11:17:10
  1   5  14   2  $12    0.010    -6.4008   5738.32   0.0      8.34   0.8  03.07.2025  11:17:12
  1   5  15   3  $12    0.010    -2.6125  57452.23   0.1     12.44  13.4  03.07.2025  11:17:14
  1   5  16   4  $12    0.100   -14.7279   1440.45   0.0      8.17   0.5  03.07.2025  11:17:18
  1   5  13   9  $12    0.010     2.7132  20456.78   0.0      1.26  15.5  03.07.2025  11:17:22
  1   5  14  10  $12    0.010     2.4528  28174.30   0.3    -29.42   9.7  03.07.2025  11:17:24
  1   5  15  11  $12    0.010     2.4209  39928.97   0.2    -17.79  12.1  03.07.2025  11:17:26
  1   5  16  12  $12    0.010     2.0816  47206.31   0.1     -8.11   4.1  03.07.2025  11:17:28
  1   5  10   6  $12    0.010     5.8904   5204.57   0.2     -8.14  18.0  03.07.2025  11:17:30
  1   5  11   7  $12    0.010     2.4456   5762.31   0.4     34.87  10.0  03.07.2025  11:17:33
  1   5  12   8  $12    0.100    13.4610   6105.45   0.0      3.80   0.8  03.07.2025  11:17:37
  2   6   1   5  $12    0.010    14.7855   6334.10   0.0      3.31   1.8  03.07.2025  11:17:42
  2   6   3   7  $12    0.010    14.3095   6130.17   0.0      5.65  17.6  03.07.2025  11:17:44
  2   6   4   8  $12    0.010     7.6119  14348.05   0.0     11.20  23.1  03.07.2025  11:17:46
  2   6  13   1  $12    0.010    -6.2958   4643.23   0.0      6.96   4.8  03.07.2025  11:17:48
  2   6  15   3  $12    0.010    -5.8774   5269.14   0.0      7.14   3.2  03.07.2025  11:17:50
  2   6  16   4  $12    0.010    -2.6119  57439.09   0.0     15.11   8.1  03.07.2025  11:17:52
  2   6  13   9  $12    0.010     2.4468  11097.81   0.0      3.36  18.5  03.07.2025  11:17:54
  2   6  14  10  $12    0.010     2.4119  18185.38   0.1     -0.60 513.8  03.07.2025  11:17:56
  2   6  15  11  $12    0.010     2.3639  27153.02   0.4     -9.69  37.5  03.07.2025  11:17:58
  2   6  16  12  $12    0.010     2.1940  36185.99   0.0     -5.03  16.9  03.07.2025  11:18:00
  2   6   9   5  $12    0.010     6.0315   7958.39   0.0      0.76   7.9  03.07.2025  11:18:02
  2   6  11   7  $12    0.010     5.9937   5295.86   0.3      9.58  36.8  03.07.2025  11:18:04
  2   6  12   8  $12    0.010     2.8833   6793.59   0.3    -20.21  16.9  03.07.2025  11:18:06
  3   7   1   5  $12    0.010     7.5067  14149.84   0.0      1.96   3.4  03.07.2025  11:18:08
  3   7   2   6  $12    0.010    14.2809   6117.92   0.0      2.90   2.8  03.07.2025  11:18:10
  3   7   4   8  $12    0.010    17.4679   7483.25   0.0      4.64   0.1  03.07.2025  11:18:12
  3   7  13   1  $12    0.010    -2.7949   4390.20   0.0      5.50   6.1  03.07.2025  11:18:14
  3   7  14   2  $12    0.010    -5.9858   4414.57   0.0      6.24   7.9  03.07.2025  11:18:16
  3   7  16   4  $12    0.010    -7.6396   6848.89   0.0      8.97   0.4  03.07.2025  11:18:18
  3   7  13   9  $12    0.010     2.1507   5067.36   0.0     -0.15 158.5  03.07.2025  11:18:21
  3   7  14  10  $12    0.010     2.2765  10325.62   0.6      8.43 119.2  03.07.2025  11:18:23
  3   7  15  11  $12    0.010     2.2748  17151.95   0.2     16.11  10.1  03.07.2025  11:18:25
  3   7  16  12  $12    0.010     2.4314  27927.92   0.0     -2.21  61.3  03.07.2025  11:18:27
  3   7   9   5  $12    0.010     2.5571   4820.11   0.0     -2.56  11.9  03.07.2025  11:18:29
  3   7  10   6  $12    0.010     5.9546   7856.90   0.1     -2.74 121.0  03.07.2025  11:18:31
  3   7  12   8  $12    0.010     7.3604   6503.49   0.1      1.34 179.7  03.07.2025  11:18:33
  4   8   1   5  $12    0.010     4.8986   6463.57   0.0      4.60   7.4  03.07.2025  11:18:35
  4   8   2   6  $12    0.010     7.6514  14422.50   0.0      3.09  14.5  03.07.2025  11:18:37
  4   8   3   7  $12    0.010    17.2804   7402.91   0.0      1.53  43.0  03.07.2025  11:18:39
  4   8  13   1  $12    0.100   -15.1584   3409.27   0.0      9.11   2.1  03.07.2025  11:18:43
  4   8  14   2  $12    0.010    -2.4753   3888.19   0.0     14.30   1.6  03.07.2025  11:18:48
  4   8  15   3  $12    0.010    -7.7373   5706.30   0.0      9.54   1.6  03.07.2025  11:18:50
  4   8  13   9  $12    0.100    19.2209   1698.31   0.0      2.98   0.5  03.07.2025  11:18:53
  4   8  14  10  $12    0.010     2.3400   5513.43   0.0     -4.05   6.9  03.07.2025  11:18:58
  4   8  15  11  $12    0.010     2.2490  10200.81   0.9     18.42  13.9  03.07.2025  11:19:00
  4   8  16  12  $12    0.010     2.6745  20165.40   0.0     -0.73  80.0  03.07.2025  11:19:02
  4   8   9   5  $12    0.100    14.2426    610.15   0.0      4.17   0.2  03.07.2025  11:19:06
  4   8  10   6  $12    0.010     2.8202   5315.92   0.0      0.85  27.4  03.07.2025  11:19:11
  4   8  11   7  $12    0.010     7.4120   9779.91   0.1     -8.21  18.5  03.07.2025  11:19:13
  5   9   6  10  $12    0.010    14.2679   6112.36   0.0      3.30   0.7  03.07.2025  11:19:15
  5   9   7  11  $12    0.010     7.0895  13363.43   0.2     -5.05  80.6  03.07.2025  11:19:17
  5   9   8  12  $12    0.010     4.4221   5834.87   0.2     11.58  14.8  03.07.2025  11:19:19
  5   9   2   6  $12    0.010    -5.9741   7882.58   0.0      5.48   1.7  03.07.2025  11:19:21
  5   9   3   7  $12    0.010    -2.5558   4817.48   0.8    -22.20   7.7  03.07.2025  11:19:23
  5   9   4   8  $12    0.100   -14.2124    608.86   0.0      4.96   2.8  03.07.2025  11:19:27
  5   9   1  13  $12    0.010     2.7236   6845.21   0.0      2.66   4.1  03.07.2025  11:19:32
  5   9   2  14  $12    0.010     2.1836   4911.17   0.0     -1.97  40.4  03.07.2025  11:19:34
  5   9   3  15  $12    0.010     2.5376   3986.06   0.2      8.64   6.9  03.07.2025  11:19:36
  5   9   4  16  $12    0.100    19.6359   1448.16   0.0      2.90   2.2  03.07.2025  11:19:40
  5   9  14  10  $12    0.010     6.0601   5354.56   0.0      5.23   0.3  03.07.2025  11:19:44
  5   9  15  11  $12    0.100    18.8738   4447.05   0.0     -0.97   3.6  03.07.2025  11:19:48
  5   9  16  12  $12    0.100    10.5923   4804.34   0.0      1.96   2.3  03.07.2025  11:19:50
  6  10   5   9  $12    0.010    14.2546   6106.65   0.0      2.99   1.4  03.07.2025  11:19:55
  6  10   7  11  $12    0.010    14.1363   6055.99   0.0     -1.81  54.9  03.07.2025  11:19:57
  6  10   8  12  $12    0.010     7.5945  14315.30   0.2      6.50  20.8  03.07.2025  11:19:59
  6  10   1   5  $12    0.010    -5.8619   5179.38   0.0      7.10   2.6  03.07.2025  11:20:01
  6  10   3   7  $12    0.010    -5.8994   7784.03   0.2      1.09 525.2  03.07.2025  11:20:03
  6  10   4   8  $12    0.010    -2.7115   5111.09   0.3     12.02  63.1  03.07.2025  11:20:05
  6  10   1  13  $12    0.010     2.5634   5765.24   0.0     -2.02  11.9  03.07.2025  11:20:07
  6  10   2  14  $12    0.010     2.3447   5892.93   0.0      9.05  11.0  03.07.2025  11:20:10
  6  10   3  15  $12    0.010     2.5771   5796.11   0.2      3.53  69.0  03.07.2025  11:20:12
  6  10   4  16  $12    0.010     2.2849   3589.16   0.0     -6.00   8.5  03.07.2025  11:20:14
  6  10  13   9  $12    0.010     5.8126   7669.57   0.0      3.01  15.6  03.07.2025  11:20:16
  6  10  15  11  $12    0.010     5.6426   4985.62   0.0     -4.18  17.5  03.07.2025  11:20:18
  6  10  16  12  $12    0.010     2.4860   5857.51   0.0     -4.75   5.6  03.07.2025  11:20:20
  7  11   5   9  $12    0.010     6.9521  13104.42   0.0      4.57  13.6  03.07.2025  11:20:22
  7  11   6  10  $12    0.010    14.1078   6043.77   0.0      4.07  13.7  03.07.2025  11:20:24
  7  11   8  12  $12    0.010    17.5892   7535.19   0.0      2.88  16.3  03.07.2025  11:20:26
  7  11   1   5  $12    0.010    -2.4264   5717.00   0.0     12.92   1.8  03.07.2025  11:20:28
  7  11   2   6  $12    0.010    -5.9541   5260.85   0.0      7.69   7.4  03.07.2025  11:20:30
  7  11   4   8  $12    0.010    -7.3122   9648.20   0.0      8.32   1.6  03.07.2025  11:20:32
  7  11   1  13  $12    0.010     2.2184   3484.62   0.0     -1.92  17.4  03.07.2025  11:20:34
  7  11   2  14  $12    0.010     2.3197   5217.15   0.0      0.67 107.6  03.07.2025  11:20:36
  7  11   3  15  $12    0.010     2.4024   6037.96   0.0      1.90 105.1  03.07.2025  11:20:38
  7  11   4  16  $12    0.010     2.5671   5773.56   0.0      0.43  66.4  03.07.2025  11:20:40
  7  11  13   9  $12    0.010     2.3376   4406.18   0.0      0.28 632.4  03.07.2025  11:20:42
  7  11  14  10  $12    0.010     5.8418   7708.02   0.1      8.06  30.3  03.07.2025  11:20:44
  7  11  16  12  $12    0.010     7.7033   6806.44   0.1      7.38  21.4  03.07.2025  11:20:46
  8  12   5   9  $12    0.010     4.4832   5915.38   0.2      6.62  18.5  03.07.2025  11:20:48
  8  12   6  10  $12    0.010     7.6022  14329.86   0.1     -2.78  78.3  03.07.2025  11:20:50
  8  12   7  11  $12    0.010    17.6332   7554.06   0.0      5.10   5.1  03.07.2025  11:20:52
  8  12   1   5  $12    0.100   -13.4518   6101.30   0.0      4.97   0.5  03.07.2025  11:20:56
  8  12   2   6  $12    0.010    -2.7827   6556.64   0.0      9.99   0.4  03.07.2025  11:21:01
  8  12   3   7  $12    0.010    -7.2588   6413.67   0.3     -1.92 114.5  03.07.2025  11:21:03
  8  12   1  13  $12    0.010     2.0277   1495.46   0.5    -29.46  10.6  03.07.2025  11:21:05
  8  12   2  14  $12    0.010     2.3287   3657.86   0.1     -0.69 390.6  03.07.2025  11:21:07
  8  12   3  15  $12    0.010     2.3163   5209.56   0.0     -4.75  25.7  03.07.2025  11:21:09
  8  12  16   4  $12    0.010    -2.6926   6767.18   0.1      8.60  20.5  03.07.2025  11:21:11
  8  12   9  13  $12    0.100   -11.5495    494.78   0.0      7.61   0.4  03.07.2025  11:21:15
  8  12  10  14  $12    0.010    -2.4055   4534.35   0.0     10.36   1.6  03.07.2025  11:21:20
  8  12  11  15  $12    0.010    -7.8999  10423.74   0.1     11.71   6.1  03.07.2025  11:21:22
  9  13  10  14  $12    0.010     9.8932   4238.26   0.0      1.22  47.6  03.07.2025  11:21:24
  9  13  11  15  $12    0.010    12.4901  23543.23   0.0      4.36  18.4  03.07.2025  11:21:26
  9  13  12  16  $12    0.010     4.0760   5378.15   0.0      5.77  29.3  03.07.2025  11:21:28
  9  13   6  10  $12    0.010    -5.7655   7607.38   0.2      1.95  48.5  03.07.2025  11:21:30
  9  13   7  11  $12    0.010    -2.2254   4194.74   0.4    -23.16  28.1  03.07.2025  11:21:32
  9  13   8  12  $12    0.100   -11.5494    494.77   0.0      6.28   2.2  03.07.2025  11:21:37
  9  13   5   1  $12    0.010     2.7235  20534.44   0.0     -0.21  97.0  03.07.2025  11:21:41
  9  13   6   2  $12    0.010     2.4502  11113.21   0.1     -4.29  20.7  03.07.2025  11:21:44
  9  13   7   3  $12    0.010     2.0690   4874.90   0.4     15.63  27.0  03.07.2025  11:21:46
  9  13   8   4  $12    0.100    19.2276   1698.90   0.0      1.73   6.2  03.07.2025  11:21:49
  9  13   2  14  $12    0.100    16.6363   1226.94   0.0     -1.82   1.8  03.07.2025  11:21:51
  9  13   3  15  $12    0.010     8.0314  12615.67   0.0      8.00   0.6  03.07.2025  11:21:56
  9  13   4  16  $12    0.100     9.8428   2213.74   0.0      1.72   6.2  03.07.2025  11:22:00
 10  14   9  13  $12    0.010     9.9258   4252.19   0.0      2.94   0.9  03.07.2025  11:22:05
 10  14  11  15  $12    0.010    11.2115   4802.98   0.0     -0.46  50.1  03.07.2025  11:22:07
 10  14  12  16  $12    0.010    11.9947  22609.49   0.0      3.17   0.4  03.07.2025  11:22:09
 10  14   5   9  $12    0.010    -6.0205   5319.54   0.0      9.46  10.2  03.07.2025  11:22:11
 10  14   7  11  $12    0.010    -5.8410   7707.07   0.1     -5.34  37.7  03.07.2025  11:22:13
 10  14   8  12  $12    0.010    -2.4257   4572.38   0.6    -17.11  18.9  03.07.2025  11:22:15
 10  14   5   1  $12    0.010     2.4527  28172.38   0.0     -4.10  11.3  03.07.2025  11:22:17
 10  14   6   2  $12    0.010     2.3560  17763.47   0.0     -0.58 141.5  03.07.2025  11:22:19
 10  14   7   3  $12    0.010     2.2713  10301.81   0.6     18.76  46.6  03.07.2025  11:22:21
 10  14   8   4  $12    0.010     2.3924   5636.96   0.3     12.25  40.9  03.07.2025  11:22:23
 10  14   1  13  $12    0.100    14.0559   1260.12   0.0     -0.25  12.4  03.07.2025  11:22:27
 10  14   3  15  $12    0.010     3.0511   2250.21   0.0    -11.17   0.1  03.07.2025  11:22:32
 10  14   4  16  $12    0.010     7.2540  11394.63   0.0      2.88  12.2  03.07.2025  11:22:34
 11  15   9  13  $12    0.010    12.5138  23587.95   0.0      8.46   0.4  03.07.2025  11:22:36
 11  15  10  14  $12    0.010    11.2318   4811.68   0.0      6.10  11.6  03.07.2025  11:22:38
 11  15  12  16  $12    0.010    11.6322   4983.24   0.1     -1.92  17.0  03.07.2025  11:22:40
 11  15   5   9  $12    0.100   -19.0146   4480.22   0.0      2.37   0.9  03.07.2025  11:22:44
 11  15   6  10  $12    0.010    -5.5943   4942.96   0.0      3.10   2.4  03.07.2025  11:22:49
 11  15   8  12  $12    0.010    -7.9397  10476.15   0.2      7.94  31.3  03.07.2025  11:22:51
 11  15   5   1  $12    0.010     2.4327  40123.06   0.1      7.97  12.0  03.07.2025  11:22:53
 11  15   6   2  $12    0.010     2.3931  27488.71   0.1      7.49   6.8  03.07.2025  11:22:55
 11  15   7   3  $12    0.010     2.3420  17658.31   0.9     30.58  17.6  03.07.2025  11:22:57
 11  15   8   4  $12    0.010     2.2926  10398.67   0.8     21.42  36.4  03.07.2025  11:22:59
 11  15   1  13  $12    0.010     8.1962 180243.74   0.0     12.72   0.8  03.07.2025  11:23:01
 11  15   2  14  $12    0.010     3.2183   2885.25   0.1     -4.70  15.3  03.07.2025  11:23:03
 11  15   4  16  $12    0.100    14.5590   1073.74   0.0      2.52   2.3  03.07.2025  11:23:07
 12  16   9  13  $12    0.010     4.0983   5407.57   0.0      0.63  13.7  03.07.2025  11:23:12
 12  16  10  14  $12    0.010    11.9521  22529.18   0.0      7.69  18.4  03.07.2025  11:23:14
 12  16  11  15  $12    0.010    11.6311   4982.75   0.0      0.09 839.5  03.07.2025  11:23:16
 12  16   5   9  $12    0.100   -10.5729   4795.52   0.0      6.12   1.0  03.07.2025  11:23:20
 12  16   6  10  $12    0.010    -2.4341   5735.12   0.0      8.87   0.4  03.07.2025  11:23:25
 12  16   7  11  $12    0.010    -7.5560   6676.29   0.0     16.39  31.1  03.07.2025  11:23:27
 12  16   5   1  $12    0.010     2.1296  48295.42   0.1     -9.28  26.0  03.07.2025  11:23:29
 12  16   6   2  $12    0.010     2.1956  36212.08   0.0      1.61 212.5  03.07.2025  11:23:31
 12  16   7   3  $12    0.010     2.3471  26959.59   0.3     -7.79  54.5  03.07.2025  11:23:33
 12  16   8   4  $12    0.010     2.6184  19742.07   0.4     -7.92  99.6  03.07.2025  11:23:35
 12  16  13   1  $12    0.100    -9.4843    927.60   0.0      7.13   0.3  03.07.2025  11:23:39
 12  16  14   2  $12    0.010    -7.3034 160611.14   0.0      8.57   1.2  03.07.2025  11:23:44
 12  16  15   3  $12    0.100   -15.3838   1379.17   0.0      2.56   3.4  03.07.2025  11:23:47
 13   1  14   2  $12    0.010    10.3262   3541.23   0.0      2.91   1.4  03.07.2025  11:23:52
 13   1  15   3  $12    0.010    13.1973  10007.71   0.0      9.34   2.8  03.07.2025  11:23:54
 13   1  16   4  $12    0.010     4.4629   5735.67   0.0      1.56  72.2  03.07.2025  11:23:56
 13   1  10  14  $12    0.100   -14.0702   1261.40   0.0      1.83  10.5  03.07.2025  11:24:00
 13   1  11  15  $12    0.010    -8.1087 178320.71   0.0     12.01   0.2  03.07.2025  11:24:05
 13   1  12  16  $12    0.100    -9.4782    927.01   0.0      6.34   0.3  03.07.2025  11:24:09
 13   1   9   5  $12    0.010     2.7253   6849.45   0.0      2.81   1.4  03.07.2025  11:24:14
 13   1  10   6  $12    0.010     2.5149   5656.31   0.3    -13.73  33.3  03.07.2025  11:24:16
 13   1  11   7  $12    0.010     2.1210   3331.67   0.9     30.37  46.3  03.07.2025  11:24:18
 13   1  12   8  $12    0.010     2.0126   1484.29   0.2     17.59  27.8  03.07.2025  11:24:20
 13   1   6   2  $12    0.010     6.3803   4705.54   0.0      2.77   2.7  03.07.2025  11:24:22
 13   1   7   3  $12    0.010     2.8020   4401.36   0.7     29.69  23.2  03.07.2025  11:24:24
 13   1   8   4  $12    0.100    15.3636   3455.41   0.0      5.18   3.5  03.07.2025  11:24:28
 14   2  13   1  $12    0.010    10.3488   3548.98   0.0      2.39   1.9  03.07.2025  11:24:33
 14   2  15   3  $12    0.010    11.5424   3958.33   0.0      1.21   2.3  03.07.2025  11:24:35
 14   2  16   4  $12    0.010    12.1528   9215.67   0.0      3.99   2.2  03.07.2025  11:24:37
 14   2   9  13  $12    0.100   -16.5630   1221.53   0.0      0.68   2.0  03.07.2025  11:24:41
 14   2  11  15  $12    0.010    -3.1698   2841.71   0.0      1.19  11.3  03.07.2025  11:24:46
 14   2  12  16  $12    0.010    -7.2959 160444.30   0.0      7.87   2.0  03.07.2025  11:24:48
 14   2   9   5  $12    0.010     2.1938   4933.98   0.0     -6.80   6.8  03.07.2025  11:24:50
 14   2  10   6  $12    0.010     2.2997   5779.65   0.7     -5.70 139.8  03.07.2025  11:24:52
 14   2  11   7  $12    0.010     2.2840   5136.95   0.8     48.38   7.1  03.07.2025  11:24:54
 14   2  12   8  $12    0.010     2.2867   3591.89   0.6     22.54   8.3  03.07.2025  11:24:56
 14   2   5   1  $12    0.010     6.5129   5838.87   0.0      0.60  70.8  03.07.2025  11:24:58
 14   2   7   3  $12    0.010     6.0927   4493.38   0.4     -7.26  35.5  03.07.2025  11:25:00
 14   2   8   4  $12    0.010     2.5959   4077.58   0.5    -25.11  22.4  03.07.2025  11:25:02
 15   3  13   1  $12    0.010    13.2144  10020.71   0.0      9.66   1.4  03.07.2025  11:25:04
 15   3  14   2  $12    0.010    11.5590   3964.02   0.0      2.54   4.4  03.07.2025  11:25:06
 15   3  16   4  $12    0.010    11.6612   3999.06   0.0      6.85   0.9  03.07.2025  11:25:08
 15   3   9  13  $12    0.010    -8.0130  12586.73   0.0     14.18   0.9  03.07.2025  11:25:10
 15   3  10  14  $12    0.010    -3.0387   2241.06   0.2     21.06  12.2  03.07.2025  11:25:12
 15   3  12  16  $12    0.100   -15.3514   1376.26   0.0      4.69   3.4  03.07.2025  11:25:16
 15   3   9   5  $12    0.010     2.5409   3991.19   0.0      4.59   4.6  03.07.2025  11:25:21
 15   3  10   6  $12    0.010     2.5075   5639.58   0.3     14.11  24.3  03.07.2025  11:25:23
 15   3  11   7  $12    0.010     2.3084   5801.64   0.8     28.11  44.8  03.07.2025  11:25:25
 15   3  12   8  $12    0.010     2.2729   5111.92   0.3     22.94  18.1  03.07.2025  11:25:27
 15   3   5   1  $12    0.010     2.6789  58911.61   0.1     -6.53  14.6  03.07.2025  11:25:29
 15   3   6   2  $12    0.010     5.9728   5354.64   0.0      3.64  15.0  03.07.2025  11:25:31
 15   3   8   4  $12    0.010     7.8341   5777.74   0.0      8.01   1.3  03.07.2025  11:25:33
 16   4  13   1  $12    0.010     4.4505   5719.76   0.0      2.84   9.4  03.07.2025  11:25:35
 16   4  14   2  $12    0.010    12.1626   9223.06   0.0      5.86  11.0  03.07.2025  11:25:37
 16   4  15   3  $12    0.010    11.6488   3994.81   0.0      5.20   9.8  03.07.2025  11:25:39
 16   4   9  13  $12    0.100    -9.7633   2195.85   0.0      6.16   1.3  03.07.2025  11:25:43
 16   4  10  14  $12    0.010    -7.1853  11286.59   0.0      9.31   1.4  03.07.2025  11:25:48
 16   4  11  15  $12    0.100   -14.4957   1069.07   0.0      2.85   1.1  03.07.2025  11:25:52
 16   4   9   5  $12    0.100    19.6437   1448.74   0.0      4.70   1.2  03.07.2025  11:25:54
 16   4  10   6  $12    0.100    22.6368   3555.78   0.0      2.75  32.9  03.07.2025  11:25:56
 16   4  11   7  $12    0.010     2.5623   5762.79   0.0      0.89  18.1  03.07.2025  11:26:01
 16   4  12   8  $12    0.010     2.7119   6815.63   0.4     22.89   9.3  03.07.2025  11:26:03
 16   4   5   1  $12    0.100    14.7996   1447.47   0.0      6.85   1.3  03.07.2025  11:26:06
 16   4   6   2  $12    0.010     2.6768  58866.21   0.0      1.46   7.0  03.07.2025  11:26:11
 16   4   7   3  $12    0.010     7.5941   6808.17   0.3     -0.37 712.5  03.07.2025  11:26:13
  1   4   2   3  $12    0.010     9.0524   5687.79   0.1      3.78  43.0  03.07.2025  11:26:15
  2   3   1   4  $12    0.010     9.1422   5744.23   0.0      6.20   3.4  03.07.2025  11:26:17
  1   2   3   4  $12    0.100   -19.4261   3661.73   0.0     13.71   0.2  03.07.2025  11:26:21
  3   4   1   2  $12    0.100   -19.5376   3682.75   0.0     12.43   0.1  03.07.2025  11:26:23
  5   8   6   7  $12    0.010     8.6025   5405.12   0.0      2.27   5.8  03.07.2025  11:26:28
  6   7   5   8  $12    0.010     8.5914   5398.11   0.1     -6.98  22.4  03.07.2025  11:26:30
  5   6   7   8  $12    0.100   -19.3600   3649.27   0.0      2.79   2.9  03.07.2025  11:26:34
  7   8   5   6  $12    0.100   -19.4935   3674.44   0.0      3.03  20.3  03.07.2025  11:26:36
  9  12  10  11  $12    0.010     9.5311   5988.54   0.0      4.72   0.2  03.07.2025  11:26:41
 10  11   9  12  $12    0.010     9.5008   5969.53   0.0      6.33  26.0  03.07.2025  11:26:43
  9  10  11  12  $12    0.100   -20.2198   3811.34   0.0      0.17  28.2  03.07.2025  11:26:47
 11  12   9  10  $12    0.100   -20.1700   3801.96   0.0      3.41  18.3  03.07.2025  11:26:49
 13  16  14  15  $12    0.010   -12.5996   7916.59   0.0     10.80   0.4  03.07.2025  11:26:54
 14  15  13  16  $12    0.010   -12.6226   7931.02   0.0     11.16   1.2  03.07.2025  11:26:56
 13  14  15  16  $12    0.010    11.7480  22144.51   0.0      8.26   1.5  03.07.2025  11:26:58
  1   9  10   2  $12    0.010   -17.1258   6162.80   0.0      8.80   1.7  03.07.2025  11:27:00
  1   9  11   3  $12    0.010    -9.4661   8110.54   0.0      8.99   5.8  03.07.2025  11:27:02
  1   9  12   4  $12    0.010    -6.5765  10996.82   0.0      8.78   3.7  03.07.2025  11:27:04
  2  10   9   1  $12    0.010   -17.2013   6189.96   0.0      5.42   1.8  03.07.2025  11:27:06
  2  10  11   3  $12    0.010   -16.5259   5946.92   0.0      4.13   4.4  03.07.2025  11:27:08
  2  10  12   4  $12    0.010    -9.5687   8198.41   0.0      5.11   6.1  03.07.2025  11:27:10
  3  11   9   1  $12    0.010    -9.4538   8099.96   0.0      6.65   1.3  03.07.2025  11:27:12
  3  11  10   2  $12    0.010   -16.4423   5916.84   0.0      5.69   4.1  03.07.2025  11:27:14
  3  11  12   4  $12    0.010   -20.2300   7279.87   0.0      8.75   1.7  03.07.2025  11:27:16
 12   4   9   1  $12    0.010     6.5973  11031.67   0.0      2.60   6.6  03.07.2025  11:27:19
 12   4  10   2  $12    0.010     9.6298   8250.77   0.0     -1.12 124.7  03.07.2025  11:27:21
 12   4  11   3  $12    0.010    20.2975   7304.15   0.0      5.29   3.1  03.07.2025  11:27:23
 13   5  14   6  $12    0.010    12.3587   4447.34   0.0      1.45  44.8  03.07.2025  11:27:25
 13   5  15   7  $12    0.010    15.2399  13057.52   0.0     10.83  10.7  03.07.2025  11:27:27
 13   5  16   8  $12    0.010     6.3851  10676.83   0.2     -6.98  29.2  03.07.2025  11:27:29
 14   6  13   5  $12    0.010    12.3722   4452.19   0.0      4.36   2.7  03.07.2025  11:27:31
 14   6  15   7  $12    0.010    13.9392   5016.09   0.2      6.13  23.1  03.07.2025  11:27:33
 14   6  16   8  $12    0.010    14.6247  12530.38   0.1      0.78  74.8  03.07.2025  11:27:35
 15   7  13   5  $12    0.010    15.3310  13135.59   0.0      7.71   0.8  03.07.2025  11:27:37
 15   7  14   6  $12    0.010    13.9624   5024.45   0.0      1.26   2.8  03.07.2025  11:27:39
 15   7  16   8  $12    0.010    13.6779   4922.05   0.0      2.96   3.7  03.07.2025  11:27:41
 16   8  13   5  $12    0.010     6.3461  10611.58   0.0      3.28   3.8  03.07.2025  11:27:43
 16   8  14   6  $12    0.010    14.6668  12566.45   0.0      4.48   1.2  03.07.2025  11:27:45
 16   8  15   7  $12    0.010    13.6871   4925.38   0.0      1.66 111.0  03.07.2025  11:27:47
  1   2   5   6  $12    1.000     9.7622   1840.12   0.0     72.79   0.0  03.07.2025  11:27:52
  2   3   6   7  $12    1.000    14.6635   2764.00   0.2     49.29   4.8  03.07.2025  11:27:55
  3   4   7   8  $12    1.000     9.9321   1872.16   0.1    -26.11   7.5  03.07.2025  11:27:57
  1   2   9  10  $12   10.000    19.7910   3133.63   0.0    -18.55   2.0  03.07.2025  11:28:00
  2   3  10  11  $12    1.000     4.8507   7680.42   0.0     28.39   1.0  03.07.2025  11:28:05
  3   4  11  12  $12    1.000     2.8779   4556.71   0.0      4.79  86.0  03.07.2025  11:28:07
  1   2  13  14  $12    1.000    16.6898  89974.25   0.0    -15.67   0.1  03.07.2025  11:28:10
  2   3  14  15  $12    1.000   -20.9496 112938.78   0.0     46.21   0.3  03.07.2025  11:28:12
  3   4  15  16  $12    0.100     3.0340 163559.50   0.0     -3.07   1.7  03.07.2025  11:28:16
  5   6   9  10  $12    1.000    10.9358   2061.35   0.0     -3.54   2.7  03.07.2025  11:28:20
  6   7  10  11  $12    1.000    15.1588   2857.37   0.0     23.49   7.6  03.07.2025  11:28:22
  7   8  11  12  $12    1.000    10.6959   2016.13   0.0      2.22   5.6  03.07.2025  11:28:24
  5   6  13  14  $12    1.000     5.9442   9411.89   0.0    -41.12   0.3  03.07.2025  11:28:26
  6   7  14  15  $12    1.000    -6.1513   9739.81   0.0     60.49   1.1  03.07.2025  11:28:29
  7   8  15  16  $12    1.000     7.2470  11474.69   0.0      3.95  20.4  03.07.2025  11:28:31
  9  10  13  14  $12    0.100     2.6429   4981.84   0.0     -1.10  13.2  03.07.2025  11:28:35
 10  11  14  15  $12    0.100    -3.2447   6116.06   0.1     57.09   1.3  03.07.2025  11:28:37
 11  12  15  16  $12    0.100     3.0672   5781.60   0.1      6.59  20.4  03.07.2025  11:28:40
  1   2   6   7  $12    1.000     6.5346   2463.50   0.0    -82.02   0.1  03.07.2025  11:28:44
  2   3   7   8  $12    1.000    10.3517   3902.51   0.5     16.02   9.2  03.07.2025  11:28:47
  1   2   7   8  $12    1.000     5.6616   3735.12   0.2      8.15   9.8  03.07.2025  11:28:49
  2   3   7   8  $12    1.000    10.2494   3863.93   0.0      1.22   9.1  03.07.2025  11:28:51
  1   2  10  11  $12    1.000     2.3509   5317.50   0.6    -20.36  13.4  03.07.2025  11:28:53
  2   3  11  12  $12    1.000     3.1837   7201.46   0.2      4.06  54.1  03.07.2025  11:28:55
  1   2  11  12  $12   10.000    19.5268   6073.18   0.0      3.40   1.3  03.07.2025  11:28:58
  2   3  11  12  $12    1.000     3.1903   7216.40   0.0     -1.74   6.4  03.07.2025  11:29:03
  1   2  14  15  $12    1.000   -11.1948  76809.98   0.0    -47.38   0.7  03.07.2025  11:29:05
  2   3  15  16  $12    0.100     3.1803 218205.67   0.0     42.58   0.3  03.07.2025  11:29:10
  1   2  15  16  $12    1.000    16.6469 142772.83   0.0    -35.79   0.2  03.07.2025  11:29:14
  2   3  15  16  $12    0.100     3.1901 218882.23   0.0     42.29   0.3  03.07.2025  11:29:19
  5   6  10  11  $12    1.000    12.9893   4896.84   0.0    -14.73   1.5  03.07.2025  11:29:23
  6   7  11  12  $12    1.000    10.5659   3983.24   0.0      4.37   9.6  03.07.2025  11:29:25
  5   6  11  12  $12    1.000     9.3850   6191.64   0.0      1.30   8.3  03.07.2025  11:29:27
  6   7  11  12  $12    1.000    10.5453   3975.49   0.0      3.73   2.4  03.07.2025  11:29:29
  5   6  14  15  $12    1.000    -4.2158   9536.01   0.2    -72.95   0.4  03.07.2025  11:29:31
  6   7  15  16  $12    1.000     9.0850  20549.80   0.0     43.91   1.8  03.07.2025  11:29:33
  5   6  15  16  $12    1.000     6.6298  20619.80   0.0    -48.33   0.1  03.07.2025  11:29:35
  6   7  15  16  $12    1.000     9.0730  20522.68   0.0     43.58   0.0  03.07.2025  11:29:37
  9  10  14  15  $12    1.000   -19.4452   7330.68   0.0    -12.07   1.3  03.07.2025  11:29:39
 10  11  15  16  $12    0.100     4.6753  17625.45   0.0     27.27   0.0  03.07.2025  11:29:44
  9  10  15  16  $12    0.100     2.7734  18297.40   0.0    -12.90   1.6  03.07.2025  11:29:46
 10  11  15  16  $12    0.100     4.6774  17633.50   0.0     27.90   0.1  03.07.2025  11:29:48
