//C:\Users\user\Desktop\GeoTom\GeoTomE724.ini
//- Cable direction:
//  cable I: normal
//  cable II: normal
//  cable III: normal
//  cable IV: normal
//- Cable arrangement: sequential
//- Optimization: Last measurement
//- Sorting: Multi-level
//- Current levels: 0.001 mA .. 50.0 mA
Type:         Flow
Name:         Hyprop
Comment:      Example of a measurements sequence
Comment:      
Comment:      
Spacing:      1.00000
First El:     0.00000
Nr of points: 289
IP present:   1

  1   5   2   6  $12    0.010    14.9980   6425.14   0.0      4.39   0.5  03.07.2025  07:17:05
  1   5   3   7  $12    0.010     7.8023  14706.96   0.3    -10.55  20.9  03.07.2025  07:17:08
  1   5   4   8  $12    0.010     5.0687   6687.94   0.2      1.13 308.2  03.07.2025  07:17:10
  1   5  14   2  $12    0.010    -6.5179   5843.27   0.0      8.26   0.6  03.07.2025  07:17:12
  1   5  15   3  $12    0.010    -2.7115  59629.66   0.0      3.01  28.9  03.07.2025  07:17:14
  1   5  16   4  $12    0.100   -15.7024   1535.76   0.0      7.98   0.7  03.07.2025  07:17:17
  1   5  13   9  $12    0.010     2.7728  20906.49   0.0      1.72   8.5  03.07.2025  07:17:22
  1   5  14  10  $12    0.010     2.6359  30277.66   0.3     -2.08 290.3  03.07.2025  07:17:24
  1   5  15  11  $12    0.010     2.4477  40371.24   0.3    -15.08  35.5  03.07.2025  07:17:26
  1   5  16  12  $12    0.010     2.1945  49767.85   0.0      1.30 142.1  03.07.2025  07:17:28
  1   5  10   6  $12    0.010     5.8771   5192.88   0.1      7.64  95.1  03.07.2025  07:17:30
  1   5  11   7  $12    0.010     2.3805   5608.84   0.8      4.59 667.1  03.07.2025  07:17:33
  1   5  12   8  $12    0.100    14.1049   6397.54   0.0      4.21   5.1  03.07.2025  07:17:36
  2   6   1   5  $12    0.010    15.0511   6447.89   0.0      3.81   1.7  03.07.2025  07:17:41
  2   6   3   7  $12    0.010    14.8183   6348.16   0.0      0.67 274.4  03.07.2025  07:17:43
  2   6   4   8  $12    0.010     8.1145  15295.52   0.1      4.57  64.2  03.07.2025  07:17:45
  2   6  13   1  $12    0.010    -6.4587   4763.35   0.0      5.73  25.1  03.07.2025  07:17:47
  2   6  15   3  $12    0.010    -6.1376   5502.42   0.0      5.35   6.0  03.07.2025  07:17:49
  2   6  16   4  $12    0.010    -2.8056  61698.78   0.0     13.24   2.8  03.07.2025  07:17:51
  2   6  13   9  $12    0.010     2.4960  11321.01   0.0      1.60  31.5  03.07.2025  07:17:53
  2   6  14  10  $12    0.010     2.3254  17533.01   0.9    -11.39 127.9  03.07.2025  07:17:55
  2   6  15  11  $12    0.010     2.5277  29034.42   0.4     -1.72 593.4  03.07.2025  07:17:57
  2   6  16  12  $12    0.010     2.3010  37951.97   0.2    -15.47  17.0  03.07.2025  07:18:00
  2   6   9   5  $12    0.010     6.1379   8098.80   0.0     -1.41  27.0  03.07.2025  07:18:02
  2   6  11   7  $12    0.010     6.1867   5466.38   0.1    -14.53   8.3  03.07.2025  07:18:04
  2   6  12   8  $12    0.010     2.9611   6976.91   0.5    -22.05  13.7  03.07.2025  07:18:06
  3   7   1   5  $12    0.010     7.7976  14698.16   0.0      2.06   4.3  03.07.2025  07:18:08
  3   7   2   6  $12    0.010    14.7700   6327.46   0.0      2.97   9.2  03.07.2025  07:18:10
  3   7   4   8  $12    0.010    18.1652   7781.95   0.0      5.00   0.8  03.07.2025  07:18:12
  3   7  13   1  $12    0.010    -2.9106   4572.02   0.1      3.81  37.6  03.07.2025  07:18:14
  3   7  14   2  $12    0.010    -6.1635   4545.62   0.0      5.92   9.6  03.07.2025  07:18:16
  3   7  16   4  $12    0.010    -7.9585   7134.82   0.0     10.13   1.9  03.07.2025  07:18:18
  3   7  13   9  $12    0.010     2.2145   5217.79   0.0     -3.93  38.8  03.07.2025  07:18:20
  3   7  14  10  $12    0.010     2.4608  11161.45   0.2      7.26  60.4  03.07.2025  07:18:23
  3   7  15  11  $12    0.010     2.4170  18224.01   0.5    -35.98   9.5  03.07.2025  07:18:25
  3   7  16  12  $12    0.010     2.5027  28747.60   0.2     11.42  13.0  03.07.2025  07:18:27
  3   7   9   5  $12    0.010     2.6635   5020.67   0.1      1.86 109.9  03.07.2025  07:18:29
  3   7  10   6  $12    0.010     6.1628   8131.61   0.2     19.94   9.8  03.07.2025  07:18:31
  3   7  12   8  $12    0.010     7.6006   6715.65   0.4     12.31  16.9  03.07.2025  07:18:33
  4   8   1   5  $12    0.010     5.1347   6775.11   0.0     -1.50  33.5  03.07.2025  07:18:35
  4   8   2   6  $12    0.010     8.0012  15081.94   0.0      1.55  17.5  03.07.2025  07:18:37
  4   8   3   7  $12    0.010    17.9602   7694.14   0.0      2.15  27.2  03.07.2025  07:18:39
  4   8  13   1  $12    0.100   -15.9873   3595.70   0.0      5.98   0.5  03.07.2025  07:18:43
  4   8  14   2  $12    0.010    -2.6379   4143.56   0.0     13.03   1.9  03.07.2025  07:18:49
  4   8  15   3  $12    0.010    -8.0502   5937.08   0.0      8.94   0.9  03.07.2025  07:18:51
  4   8  13   9  $12    0.010     2.0053   1771.82   0.1     -3.00  89.6  03.07.2025  07:18:53
  4   8  14  10  $12    0.010     2.4461   5763.47   0.7    -40.12  14.8  03.07.2025  07:18:55
  4   8  15  11  $12    0.010     2.4077  10920.39   0.5    -34.16   8.7  03.07.2025  07:18:57
  4   8  16  12  $12    0.010     2.8128  21208.38   0.2      2.77 119.1  03.07.2025  07:18:59
  4   8   9   5  $12    0.100    15.0663    645.44   0.0      4.97   0.7  03.07.2025  07:19:03
  4   8  10   6  $12    0.010     2.9281   5519.29   0.0     -1.30  25.0  03.07.2025  07:19:08
  4   8  11   7  $12    0.010     7.7224  10189.48   0.2     -4.72 148.8  03.07.2025  07:19:10
  5   9   6  10  $12    0.010    14.5303   6224.78   0.0      2.67  23.3  03.07.2025  07:19:12
  5   9   7  11  $12    0.010     7.1509  13479.08   0.2      3.81 299.9  03.07.2025  07:19:14
  5   9   8  12  $12    0.010     4.6339   6114.35   0.2      7.57  53.6  03.07.2025  07:19:16
  5   9   2   6  $12    0.010    -6.0592   7994.92   0.0      4.85   3.2  03.07.2025  07:19:18
  5   9   3   7  $12    0.010    -2.5365   4781.10   0.9     10.56 159.0  03.07.2025  07:19:20
  5   9   4   8  $12    0.100   -15.0446    644.51   0.0      5.39   3.2  03.07.2025  07:19:24
  5   9   1  13  $12    0.010     2.7840   6996.98   0.0      0.11  77.2  03.07.2025  07:19:29
  5   9   2  14  $12    0.010     2.2648   5093.79   0.5    -12.27  23.7  03.07.2025  07:19:31
  5   9   3  15  $12    0.010     2.6084   4097.26   0.0      3.99  35.1  03.07.2025  07:19:33
  5   9   4  16  $12    0.010     2.0906   1541.85   0.0     -7.89   1.7  03.07.2025  07:19:35
  5   9  14  10  $12    0.010     6.1554   5438.77   0.2     18.75   4.9  03.07.2025  07:19:37
  5   9  15  11  $12    0.010     2.1386   5038.87   0.4     -9.78 122.7  03.07.2025  07:19:39
  5   9  16  12  $12    0.100    11.1416   5053.49   0.0      3.24   5.2  03.07.2025  07:19:43
  6  10   5   9  $12    0.010    14.5764   6244.53   0.0      3.38   0.6  03.07.2025  07:19:48
  6  10   7  11  $12    0.010    15.1888   6506.87   0.0      2.34  60.5  03.07.2025  07:19:50
  6  10   8  12  $12    0.010     7.9929  15066.21   0.1     11.86   9.5  03.07.2025  07:19:52
  6  10   1   5  $12    0.010    -5.9480   5255.51   0.0      8.91   3.8  03.07.2025  07:19:54
  6  10   3   7  $12    0.010    -6.0601   7996.18   0.1     10.77  23.4  03.07.2025  07:19:56
  6  10   4   8  $12    0.010    -2.8154   5306.88   0.6     21.09  56.9  03.07.2025  07:19:58
  6  10   1  13  $12    0.010     2.6391   5935.49   0.0     -2.87  28.0  03.07.2025  07:20:00
  6  10   2  14  $12    0.010     2.4530   6165.00   0.1     -3.70  73.8  03.07.2025  07:20:02
  6  10   3  15  $12    0.010     2.6424   5943.08   0.0      0.62 134.2  03.07.2025  07:20:04
  6  10   4  16  $12    0.010     2.3689   3721.10   0.1      2.61  24.1  03.07.2025  07:20:06
  6  10  13   9  $12    0.010     6.0033   7921.18   0.2      8.48   8.9  03.07.2025  07:20:08
  6  10  15  11  $12    0.010     6.3139   5578.81   0.0      2.20  13.9  03.07.2025  07:20:10
  6  10  16  12  $12    0.010     2.7532   6487.01   0.0      0.44 466.7  03.07.2025  07:20:12
  7  11   5   9  $12    0.010     7.2970  13754.56   0.0      2.57  10.3  03.07.2025  07:20:14
  7  11   6  10  $12    0.010    15.1789   6502.61   0.1     -0.28 806.8  03.07.2025  07:20:16
  7  11   8  12  $12    0.010    18.3249   7850.36   0.0      2.14  26.9  03.07.2025  07:20:18
  7  11   1   5  $12    0.010    -2.4987   5887.34   0.0      9.11   2.0  03.07.2025  07:20:20
  7  11   2   6  $12    0.010    -6.1393   5424.48   0.0      6.84   6.3  03.07.2025  07:20:22
  7  11   4   8  $12    0.010    -7.5653   9982.12   0.0      9.46   2.1  03.07.2025  07:20:24
  7  11   1  13  $12    0.010     2.3169   3639.41   0.3    -10.67  14.9  03.07.2025  07:20:26
  7  11   2  14  $12    0.010     2.4090   5418.06   0.0      4.54  77.2  03.07.2025  07:20:28
  7  11   3  15  $12    0.010     2.4924   6264.08   0.1     -0.04 -2997.5  03.07.2025  07:20:30
  7  11   4  16  $12    0.010     2.6455   5950.08   0.0     -3.12  13.3  03.07.2025  07:20:32
  7  11  13   9  $12    0.010     2.5132   4737.19   0.2      3.95 105.1  03.07.2025  07:20:34
  7  11  14  10  $12    0.010     6.6089   8720.23   0.4    -15.88  22.9  03.07.2025  07:20:36
  7  11  16  12  $12    0.010     8.0336   7098.26   0.0     -0.16 1399.0  03.07.2025  07:20:38
  8  12   5   9  $12    0.010     4.6978   6198.63   0.0      0.60  67.6  03.07.2025  07:20:40
  8  12   6  10  $12    0.010     8.0745  15220.10   0.2      7.65  44.2  03.07.2025  07:20:42
  8  12   7  11  $12    0.010    18.3961   7880.86   0.1     -3.48  14.7  03.07.2025  07:20:44
  8  12   1   5  $12    0.100   -14.0820   6387.15   0.0      4.00   3.9  03.07.2025  07:20:48
  8  12   2   6  $12    0.010    -2.8817   6789.86   0.0      9.17   1.1  03.07.2025  07:20:53
  8  12   3   7  $12    0.010    -7.5012   6627.88   0.2     22.55  13.4  03.07.2025  07:20:55
  8  12   1  13  $12    0.010     2.1147   1559.58   0.4    -25.56  11.5  03.07.2025  07:20:57
  8  12   2  14  $12    0.010     2.4379   3829.41   0.2    -11.03  43.6  03.07.2025  07:20:59
  8  12   3  15  $12    0.010     2.3857   5365.65   0.0     -4.29  14.7  03.07.2025  07:21:01
  8  12  16   4  $12    0.010    -2.7810   6989.45   0.0      8.65  12.4  03.07.2025  07:21:03
  8  12   9  13  $12    0.100   -12.2238    523.67   0.0      7.98   1.5  03.07.2025  07:21:07
  8  12  10  14  $12    0.010    -2.6375   4971.51   0.0     13.76   2.0  03.07.2025  07:21:12
  8  12  11  15  $12    0.010    -8.2710  10913.36   0.0      9.98  32.3  03.07.2025  07:21:14
  9  13  10  14  $12    0.010    10.3289   4424.88   0.3     -3.02  31.4  03.07.2025  07:21:16
  9  13  11  15  $12    0.010    13.4305  25315.90   0.0      0.57 117.5  03.07.2025  07:21:18
  9  13  12  16  $12    0.010     4.3023   5676.81   0.1     11.55   8.3  03.07.2025  07:21:20
  9  13   6  10  $12    0.010    -6.0041   7922.22   0.1     16.64  13.3  03.07.2025  07:21:22
  9  13   7  11  $12    0.010    -2.5705   4845.23   0.4     24.79  43.7  03.07.2025  07:21:24
  9  13   8  12  $12    0.100   -12.1989    522.60   0.0      6.89   1.9  03.07.2025  07:21:28
  9  13   5   1  $12    0.010     2.7812  20970.10   0.0      0.63  11.7  03.07.2025  07:21:33
  9  13   6   2  $12    0.010     2.5157  11410.50   0.0      0.02 849.3  03.07.2025  07:21:35
  9  13   7   3  $12    0.010     2.2911   5398.30   0.8     10.30 161.1  03.07.2025  07:21:37
  9  13   8   4  $12    0.100    19.9384   1761.71   0.0      3.11   4.3  03.07.2025  07:21:41
  9  13   2  14  $12    0.100    18.2856   1348.58   0.0      0.93  15.9  03.07.2025  07:21:43
  9  13   3  15  $12    0.010     8.6948  13657.79   0.0      5.29   0.7  03.07.2025  07:21:48
  9  13   4  16  $12    0.100    10.8378   2437.53   0.0      3.47   1.7  03.07.2025  07:21:52
 10  14   9  13  $12    0.010    10.2899   4408.16   0.0      3.25   3.0  03.07.2025  07:21:57
 10  14  11  15  $12    0.010    12.1611   5209.82   0.0     -1.82  16.0  03.07.2025  07:21:59
 10  14  12  16  $12    0.010    12.8456  24213.48   0.1      5.19   3.5  03.07.2025  07:22:01
 10  14   5   9  $12    0.010    -6.1400   5425.12   0.1     11.60   9.3  03.07.2025  07:22:03
 10  14   7  11  $12    0.010    -6.4122   8460.69   0.0      2.13  62.3  03.07.2025  07:22:05
 10  14   8  12  $12    0.010    -2.6014   4903.44   0.5     33.78  18.3  03.07.2025  07:22:07
 10  14   5   1  $12    0.010     2.5290  29049.71   0.0     -4.71   5.0  03.07.2025  07:22:09
 10  14   6   2  $12    0.010     2.4398  18395.54   0.1      4.20  16.9  03.07.2025  07:22:11
 10  14   7   3  $12    0.010     2.4311  11026.85   0.8    -35.06  12.0  03.07.2025  07:22:13
 10  14   8   4  $12    0.010     2.3319   5494.42   0.4     -1.67 495.6  03.07.2025  07:22:15
 10  14   1  13  $12    0.100    15.7057   1408.02   0.0      3.77   1.5  03.07.2025  07:22:19
 10  14   3  15  $12    0.010     3.2586   2403.27   0.0     -9.88   0.3  03.07.2025  07:22:24
 10  14   4  16  $12    0.010     7.7779  12217.52   0.0      3.75   5.8  03.07.2025  07:22:26
 11  15   9  13  $12    0.010    13.3656  25193.59   0.0      5.83   0.8  03.07.2025  07:22:28
 11  15  10  14  $12    0.010    12.2335   5240.83   0.1     -4.15  46.6  03.07.2025  07:22:30
 11  15  12  16  $12    0.010    12.2453   5245.89   0.1     -2.92  42.2  03.07.2025  07:22:32
 11  15   5   9  $12    0.010    -2.0124   4741.70   0.2      1.12 196.7  03.07.2025  07:22:34
 11  15   6  10  $12    0.010    -6.3820   5638.97   0.3     12.54  39.6  03.07.2025  07:22:36
 11  15   8  12  $12    0.010    -8.3781  11054.58   0.2     16.10   5.6  03.07.2025  07:22:38
 11  15   5   1  $12    0.010     2.4999  41231.59   0.1      6.18  33.7  03.07.2025  07:22:40
 11  15   6   2  $12    0.010     2.4353  27972.82   0.1      0.23 594.4  03.07.2025  07:22:42
 11  15   7   3  $12    0.010     2.3387  17633.11   0.9     35.18  21.1  03.07.2025  07:22:45
 11  15   8   4  $12    0.010     2.4299  11021.20   0.2     -0.78 795.2  03.07.2025  07:22:47
 11  15   1  13  $12    0.010     8.8366 194326.40   0.0      8.77   4.1  03.07.2025  07:22:49
 11  15   2  14  $12    0.010     3.4059   3053.42   0.0     -5.44  11.1  03.07.2025  07:22:51
 11  15   4  16  $12    0.100    15.8497   1168.93   0.0      3.44   0.8  03.07.2025  07:22:54
 12  16   9  13  $12    0.010     4.3340   5718.52   0.0      1.33   8.1  03.07.2025  07:22:59
 12  16  10  14  $12    0.010    12.8242  24173.03   0.1     -4.22  27.6  03.07.2025  07:23:01
 12  16  11  15  $12    0.010    12.2582   5251.40   0.1      8.33  16.9  03.07.2025  07:23:03
 12  16   5   9  $12    0.100   -11.1235   5045.28   0.0      6.45   0.4  03.07.2025  07:23:07
 12  16   6  10  $12    0.010    -2.6913   6341.29   0.0      9.48   4.7  03.07.2025  07:23:12
 12  16   7  11  $12    0.010    -8.2852   7320.62   0.1     10.83  30.2  03.07.2025  07:23:14
 12  16   5   1  $12    0.010     2.1200  48078.22   0.6    -17.17  29.0  03.07.2025  07:23:16
 12  16   6   2  $12    0.010     2.3098  38096.28   0.1     -5.75  40.0  03.07.2025  07:23:18
 12  16   7   3  $12    0.010     2.5374  29145.88   0.8     23.25  24.2  03.07.2025  07:23:21
 12  16   8   4  $12    0.010     2.6996  20354.86   0.4     21.34  17.5  03.07.2025  07:23:23
 12  16  13   1  $12    0.100   -10.4940   1026.36   0.0      8.94   0.4  03.07.2025  07:23:26
 12  16  14   2  $12    0.010    -7.8210 171992.36   0.0      8.75   0.3  03.07.2025  07:23:31
 12  16  15   3  $12    0.100   -16.6495   1492.64   0.0      3.84   0.3  03.07.2025  07:23:35
 13   1  14   2  $12    0.010    10.6482   3651.68   0.0      3.57   1.1  03.07.2025  07:23:40
 13   1  15   3  $12    0.010    14.0296  10638.90   0.0      7.12   3.0  03.07.2025  07:23:42
 13   1  16   4  $12    0.010     4.7331   6082.91   0.0      2.60   2.9  03.07.2025  07:23:44
 13   1  10  14  $12    0.100   -15.6618   1404.08   0.0      5.47   6.8  03.07.2025  07:23:48
 13   1  11  15  $12    0.010    -8.7603 192648.57   0.0     11.48   1.1  03.07.2025  07:23:53
 13   1  12  16  $12    0.100   -10.4675   1023.76   0.0      7.80   0.8  03.07.2025  07:23:57
 13   1   9   5  $12    0.010     2.7853   7000.17   0.0      0.49  31.4  03.07.2025  07:24:01
 13   1  10   6  $12    0.010     2.6013   5850.65   0.4    -29.25  16.5  03.07.2025  07:24:04
 13   1  11   7  $12    0.010     2.1943   3446.78   0.3     -7.37 112.0  03.07.2025  07:24:06
 13   1  12   8  $12    0.100    20.4175   1505.81   0.0      3.75   3.3  03.07.2025  07:24:10
 13   1   6   2  $12    0.010     6.4685   4770.60   0.0      2.24   4.2  03.07.2025  07:24:15
 13   1   7   3  $12    0.010     3.0420   4778.30   0.7      8.49 123.3  03.07.2025  07:24:17
 13   1   8   4  $12    0.100    16.1699   3636.76   0.0      6.65   1.9  03.07.2025  07:24:21
 14   2  13   1  $12    0.010    10.6530   3653.31   0.0      3.20   0.5  03.07.2025  07:24:26
 14   2  15   3  $12    0.010    12.0432   4130.06   0.0      1.12   1.5  03.07.2025  07:24:28
 14   2  16   4  $12    0.010    12.9523   9821.92   0.0      4.73   2.9  03.07.2025  07:24:30
 14   2   9  13  $12    0.100   -18.1819   1340.93   0.0      4.31   0.3  03.07.2025  07:24:34
 14   2  11  15  $12    0.010    -3.3678   3019.24   0.0      1.93  12.9  03.07.2025  07:24:39
 14   2  12  16  $12    0.010    -7.8431 172478.82   0.0      9.52   4.4  03.07.2025  07:24:41
 14   2   9   5  $12    0.010     2.2751   5116.87   0.0     -3.07   6.3  03.07.2025  07:24:43
 14   2  10   6  $12    0.010     2.5189   6330.74   0.8     -4.99 275.9  03.07.2025  07:24:45
 14   2  11   7  $12    0.010     2.2840   5136.97   0.5    -49.42  23.4  03.07.2025  07:24:47
 14   2  12   8  $12    0.010     2.4097   3785.20   0.7     25.47  12.1  03.07.2025  07:24:49
 14   2   5   1  $12    0.010     6.5754   5894.84   0.0      0.58  85.0  03.07.2025  07:24:51
 14   2   7   3  $12    0.010     6.2745   4627.53   0.4     15.32  21.7  03.07.2025  07:24:53
 14   2   8   4  $12    0.010     2.7356   4297.14   0.4     27.42  16.1  03.07.2025  07:24:55
 15   3  13   1  $12    0.010    14.0503  10654.57   0.0      6.66   0.3  03.07.2025  07:24:57
 15   3  14   2  $12    0.010    12.0501   4132.44   0.0      2.72  12.1  03.07.2025  07:24:59
 15   3  16   4  $12    0.010    12.2093   4187.03   0.0      6.53   5.3  03.07.2025  07:25:01
 15   3   9  13  $12    0.010    -8.6636  13608.74   0.0     10.42   4.9  03.07.2025  07:25:03
 15   3  10  14  $12    0.010    -3.2025   2361.89   0.5    -36.02  13.1  03.07.2025  07:25:05
 15   3  12  16  $12    0.100   -16.7022   1497.36   0.0      5.19   2.2  03.07.2025  07:25:09
 15   3   9   5  $12    0.010     2.6127   4104.06   0.0      4.77   1.7  03.07.2025  07:25:14
 15   3  10   6  $12    0.010     2.5598   5757.25   0.1     -8.79  61.6  03.07.2025  07:25:16
 15   3  11   7  $12    0.010     2.3938   6016.36   0.5    -14.67 161.6  03.07.2025  07:25:19
 15   3  12   8  $12    0.010     2.4104   5421.20   0.4     28.19  16.4  03.07.2025  07:25:21
 15   3   5   1  $12    0.010     2.7601  60696.83   0.3     -7.41  36.5  03.07.2025  07:25:23
 15   3   6   2  $12    0.010     6.1728   5533.98   0.0      2.55   6.6  03.07.2025  07:25:25
 15   3   8   4  $12    0.010     8.1632   6020.44   0.0      7.11   1.5  03.07.2025  07:25:27
 16   4  13   1  $12    0.010     4.7073   6049.78   0.0      1.27  48.4  03.07.2025  07:25:29
 16   4  14   2  $12    0.010    12.9218   9798.79   0.0      3.11   4.3  03.07.2025  07:25:31
 16   4  15   3  $12    0.010    12.1309   4160.14   0.0      4.31   3.4  03.07.2025  07:25:33
 16   4   9  13  $12    0.100   -10.7075   2408.22   0.0      5.74   0.2  03.07.2025  07:25:37
 16   4  10  14  $12    0.010    -7.6958  12088.60   0.0     10.48   1.8  03.07.2025  07:25:42
 16   4  11  15  $12    0.100   -15.6770   1156.19   0.0      3.66   2.9  03.07.2025  07:25:46
 16   4   9   5  $12    0.100    20.4435   1507.72   0.0      4.54   4.0  03.07.2025  07:25:48
 16   4  10   6  $12    0.010     2.3699   3722.70   0.0     -0.42 183.3  03.07.2025  07:25:53
 16   4  11   7  $12    0.010     2.6408   5939.33   0.6     59.90  11.8  03.07.2025  07:25:55
 16   4  12   8  $12    0.010     2.7981   7032.46   0.3     -5.87 194.1  03.07.2025  07:25:57
 16   4   5   1  $12    0.100    15.6914   1534.69   0.0      5.75   1.0  03.07.2025  07:26:01
 16   4   6   2  $12    0.010     2.8434  62528.60   0.0     -0.71  39.4  03.07.2025  07:26:05
 16   4   7   3  $12    0.010     8.0250   7194.39   0.3      0.94 451.0  03.07.2025  07:26:08
  1   4   2   3  $12    0.010     9.1148   5726.97   0.0      1.65  88.6  03.07.2025  07:26:10
  2   3   1   4  $12    0.010     9.2204   5793.36   0.0      5.11   1.7  03.07.2025  07:26:12
  1   2   3   4  $12    0.100   -19.6639   3706.55   0.0     11.70   0.4  03.07.2025  07:26:15
  3   4   1   2  $12    0.100   -19.5560   3686.22   0.0     15.74   0.2  03.07.2025  07:26:18
  5   8   6   7  $12    0.010     8.7130   5474.51   0.0      4.23   0.7  03.07.2025  07:26:22
  6   7   5   8  $12    0.010     8.8823   5580.88   0.1     -1.78  74.9  03.07.2025  07:26:24
  5   6   7   8  $12    0.100   -19.6751   3708.67   0.0      2.09   3.0  03.07.2025  07:26:28
  7   8   5   6  $12    0.100   -19.9254   3755.84   0.1      0.30 344.6  03.07.2025  07:26:30
  9  12  10  11  $12    0.010     9.6972   6092.92   0.0      3.64   4.4  03.07.2025  07:26:35
 10  11   9  12  $12    0.010     9.6278   6049.32   0.1     11.69  18.1  03.07.2025  07:26:37
  9  10  11  12  $12    0.010    -2.3013   4337.88   0.3     19.13  11.1  03.07.2025  07:26:39
 11  12   9  10  $12    0.010    -2.4082   4539.31   0.2     25.27  23.6  03.07.2025  07:26:42
 13  16  14  15  $12    0.010   -13.5923   8540.30   0.0      3.25  27.8  03.07.2025  07:26:44
 14  15  13  16  $12    0.010   -13.5082   8487.48   0.0      9.76   5.0  03.07.2025  07:26:46
 13  14  15  16  $12    0.010    12.6621  23867.44   0.0      5.27   1.8  03.07.2025  07:26:48
  1   9  10   2  $12    0.010   -17.3617   6247.71   0.0      5.07  35.0  03.07.2025  07:26:50
  1   9  11   3  $12    0.010    -9.7647   8366.38   0.0      5.69  16.5  03.07.2025  07:26:52
  1   9  12   4  $12    0.010    -6.8523  11457.96   0.0      5.35   5.8  03.07.2025  07:26:54
  2  10   9   1  $12    0.010   -17.5348   6310.01   0.0      5.01   0.2  03.07.2025  07:26:56
  2  10  11   3  $12    0.010   -17.5513   6315.93   0.0      4.13   5.7  03.07.2025  07:26:58
  2  10  12   4  $12    0.010   -10.1645   8708.97   0.0      5.47   2.4  03.07.2025  07:27:00
  3  11   9   1  $12    0.010    -9.8344   8426.06   0.0      7.10   0.7  03.07.2025  07:27:02
  3  11  10   2  $12    0.010   -17.5012   6297.90   0.0     10.88   4.7  03.07.2025  07:27:04
  3  11  12   4  $12    0.010   -21.1043   7594.48   0.0      6.59  13.2  03.07.2025  07:27:06
 12   4   9   1  $12    0.010     6.8975  11533.57   0.0      4.40   4.4  03.07.2025  07:27:08
 12   4  10   2  $12    0.010    10.2295   8764.60   0.1     -3.64  13.3  03.07.2025  07:27:11
 12   4  11   3  $12    0.010    21.0762   7584.37   0.0      5.84  16.0  03.07.2025  07:27:13
 13   5  14   6  $12    0.010    12.6785   4562.42   0.0      2.50  25.5  03.07.2025  07:27:14
 13   5  15   7  $12    0.010    16.0888  13784.87   0.0      1.84  55.4  03.07.2025  07:27:17
 13   5  16   8  $12    0.010     6.6694  11152.24   0.3     17.33  10.5  03.07.2025  07:27:19
 14   6  13   5  $12    0.010    12.6997   4570.06   0.0      2.77  11.4  03.07.2025  07:27:21
 14   6  15   7  $12    0.010    14.3568   5166.37   0.1      8.96   9.7  03.07.2025  07:27:23
 14   6  16   8  $12    0.010    15.4012  13195.75   0.1     10.44   2.6  03.07.2025  07:27:25
 15   7  13   5  $12    0.010    16.1748  13858.54   0.0      5.75   2.2  03.07.2025  07:27:27
 15   7  14   6  $12    0.010    14.4308   5193.01   0.0      1.34   6.3  03.07.2025  07:27:29
 15   7  16   8  $12    0.010    14.1754   5101.08   0.0      4.84   2.7  03.07.2025  07:27:31
 16   8  13   5  $12    0.010     6.6644  11143.74   0.0      3.29   1.6  03.07.2025  07:27:33
 16   8  14   6  $12    0.010    15.4131  13205.92   0.0      4.03   2.7  03.07.2025  07:27:35
 16   8  15   7  $12    0.010    14.1709   5099.47   0.0     -1.32  80.2  03.07.2025  07:27:37
  1   2   5   6  $12    1.000     9.6912   1826.76   0.0     69.02   0.0  03.07.2025  07:27:42
  2   3   6   7  $12    1.000    14.0130   2641.38   0.2     50.91   2.0  03.07.2025  07:27:44
  3   4   7   8  $12    1.000     9.7769   1842.91   0.4    -19.66  34.4  03.07.2025  07:27:46
  1   2   9  10  $12   10.000    20.1628   3192.50   0.0    -30.74   1.9  03.07.2025  07:27:51
  2   3  10  11  $12    1.000     4.3202   6840.48   0.0     23.84   2.9  03.07.2025  07:27:56
  3   4  11  12  $12    1.000     2.9583   4684.05   0.3     28.84   5.7  03.07.2025  07:27:58
  1   2  13  14  $12    1.000    16.9738  91505.21   0.0      1.43   4.5  03.07.2025  07:28:00
  2   3  14  15  $12    1.000   -19.8765 107153.89   0.0     48.56   1.1  03.07.2025  07:28:02
  3   4  15  16  $12    0.100     3.0657 165271.74   0.0      0.56  10.3  03.07.2025  07:28:07
  5   6   9  10  $12    1.000    10.6333   2004.34   0.0    -10.15   2.2  03.07.2025  07:28:11
  6   7  10  11  $12    1.000    14.8645   2801.90   0.1     25.89  12.8  03.07.2025  07:28:13
  7   8  11  12  $12    1.000    11.2210   2115.12   0.2      1.18  22.8  03.07.2025  07:28:15
  5   6  13  14  $12    1.000     5.8328   9235.51   0.0    -26.56   1.1  03.07.2025  07:28:17
  6   7  14  15  $12    1.000    -6.1423   9725.46   0.0     90.37   0.5  03.07.2025  07:28:19
  7   8  15  16  $12    1.000     7.1500  11321.07   0.0      6.84   0.5  03.07.2025  07:28:21
  9  10  13  14  $12    0.100     2.6845   5060.15   0.0      0.02 1577.6  03.07.2025  07:28:26
 10  11  14  15  $12    0.100    -3.0876   5820.01   0.0     45.50   3.7  03.07.2025  07:28:28
 11  12  15  16  $12    0.100     3.1581   5952.85   0.0      1.80  17.4  03.07.2025  07:28:30
  1   2   6   7  $12    1.000     6.4782   2442.24   0.0    -85.18   0.7  03.07.2025  07:28:34
  2   3   7   8  $12    1.000    10.0027   3770.93   0.3     -9.53  65.6  03.07.2025  07:28:36
  1   2   7   8  $12    1.000     5.7347   3783.37   0.0      7.52  12.0  03.07.2025  07:28:38
  2   3   7   8  $12    1.000     9.8083   3697.65   0.0      2.93   2.1  03.07.2025  07:28:40
  1   2  10  11  $12    1.000     2.4784   5606.00   0.2    -12.12   7.8  03.07.2025  07:28:42
  2   3  11  12  $12    1.000     3.0320   6858.16   0.3      7.50  50.0  03.07.2025  07:28:44
  1   2  11  12  $12    1.000     2.0337   6325.04   0.0     -5.31  20.5  03.07.2025  07:28:46
  2   3  11  12  $12    1.000     3.1206   7058.63   0.0     -0.65   3.1  03.07.2025  07:28:48
  1   2  14  15  $12    1.000   -11.7017  80288.24   0.0    -29.07   1.6  03.07.2025  07:28:50
  2   3  15  16  $12    0.100     3.0229 207409.56   0.0     43.94   0.4  03.07.2025  07:28:55
  1   2  15  16  $12    1.000    17.3111 148469.35   0.0    -22.89   0.0  03.07.2025  07:28:59
  2   3  15  16  $12    0.100     3.0258 207606.56   0.0     42.91   0.3  03.07.2025  07:29:04
  5   6  10  11  $12    1.000    12.3154   4642.80   0.0    -22.10   1.2  03.07.2025  07:29:08
  6   7  11  12  $12    1.000    10.7206   4041.57   0.3     10.54   7.2  03.07.2025  07:29:10
  5   6  11  12  $12    1.000     9.5884   6325.81   0.0      2.07   6.7  03.07.2025  07:29:12
  6   7  11  12  $12    1.000    10.7483   4052.02   0.0      3.34   0.8  03.07.2025  07:29:15
  5   6  14  15  $12    1.000    -3.7486   8479.12   0.1   -115.71   0.5  03.07.2025  07:29:17
  6   7  15  16  $12    1.000     9.0078  20375.28   0.0     55.46   0.0  03.07.2025  07:29:19
  5   6  15  16  $12    1.000     6.0603  18848.65   0.0    -72.47   0.1  03.07.2025  07:29:21
  6   7  15  16  $12    1.000     9.0132  20387.48   0.0     54.86   0.2  03.07.2025  07:29:23
  9  10  14  15  $12    1.000   -19.9772   7531.23   0.0     -4.56   0.2  03.07.2025  07:29:25
 10  11  15  16  $12    0.100     4.4383  16732.06   0.0     23.55   0.5  03.07.2025  07:29:30
  9  10  15  16  $12    0.100     2.8996  19129.33   0.0     -6.77   0.2  03.07.2025  07:29:32
 10  11  15  16  $12    0.100     4.4468  16763.90   0.0     25.42   1.0  03.07.2025  07:29:34
