//C:\Users\user\Desktop\GeoTom\GeoTomE724.ini
//- Cable direction:
//  cable I: normal
//  cable II: normal
//  cable III: normal
//  cable IV: normal
//- Cable arrangement: sequential
//- Optimization: Last measurement
//- Sorting: Multi-level
//- Current levels: 0.001 mA .. 50.0 mA
Type:         Flow
Name:         Hyprop
Comment:      Example of a measurements sequence
Comment:      
Comment:      
Spacing:      1.00000
First El:     0.00000
Nr of points: 289
IP present:   1

  1   5   2   6  $12    0.010    14.3083   6129.65   0.0      5.35   1.0  03.07.2025  00:17:06
  1   5   3   7  $12    0.010     7.3081  13775.44   0.0     -0.42 135.9  03.07.2025  00:17:08
  1   5   4   8  $12    0.010     4.8413   6387.96   0.1      2.72  69.7  03.07.2025  00:17:10
  1   5  14   2  $12    0.010    -6.1895   5548.93   0.0      8.83   1.1  03.07.2025  00:17:12
  1   5  15   3  $12    0.010    -2.5534  56152.78   0.0      3.51   6.8  03.07.2025  00:17:14
  1   5  16   4  $12    0.100   -15.2020   1486.82   0.0      6.12   0.4  03.07.2025  00:17:18
  1   5  13   9  $12    0.010     2.5168  18975.93   0.0      2.36   4.6  03.07.2025  00:17:23
  1   5  14  10  $12    0.010     2.3020  26442.03   0.0     -5.28  19.0  03.07.2025  00:17:25
  1   5  15  11  $12    0.010     2.2844  37677.51   0.0      6.66   3.3  03.07.2025  00:17:27
  1   5  16  12  $12    0.100    19.5952  44438.71   0.0      3.53   0.2  03.07.2025  00:17:30
  1   5  10   6  $12    0.010     5.8207   5143.01   0.0      3.98   2.8  03.07.2025  00:17:35
  1   5  11   7  $12    0.010     2.4796   5842.50   0.3    -11.78   6.1  03.07.2025  00:17:37
  1   5  12   8  $12    0.100    13.6622   6196.72   0.0      4.29   1.0  03.07.2025  00:17:41
  2   6   1   5  $12    0.010    14.3196   6134.49   0.0      4.53   2.2  03.07.2025  00:17:46
  2   6   3   7  $12    0.010    14.1580   6065.29   0.0      4.50  12.0  03.07.2025  00:17:48
  2   6   4   8  $12    0.010     7.7024  14518.75   0.0      2.99  43.8  03.07.2025  00:17:50
  2   6  13   1  $12    0.010    -6.1076   4504.41   0.1      5.21  17.9  03.07.2025  00:17:52
  2   6  15   3  $12    0.010    -5.8460   5240.92   0.0      6.81   3.1  03.07.2025  00:17:54
  2   6  16   4  $12    0.010    -2.7366  60181.10   0.0      9.48   3.0  03.07.2025  00:17:56
  2   6  13   9  $12    0.010     2.2727  10308.23   0.0      0.30  61.9  03.07.2025  00:17:58
  2   6  14  10  $12    0.010     2.2354  16854.88   0.1      3.09  22.7  03.07.2025  00:18:00
  2   6  15  11  $12    0.010     2.2479  25820.35   0.0      4.74   4.0  03.07.2025  00:18:02
  2   6  16  12  $12    0.010     2.0935  34528.89   0.0      0.06 1371.2  03.07.2025  00:18:04
  2   6   9   5  $12    0.010     5.9496   7850.36   0.0      3.27   3.9  03.07.2025  00:18:07
  2   6  11   7  $12    0.010     6.0411   5337.79   0.0     -2.62  27.0  03.07.2025  00:18:09
  2   6  12   8  $12    0.010     2.8460   6705.81   0.1      1.73 129.4  03.07.2025  00:18:11
  3   7   1   5  $12    0.010     7.3201  13798.02   0.0      0.74  59.3  03.07.2025  00:18:13
  3   7   2   6  $12    0.010    14.1361   6055.88   0.0      2.27   6.3  03.07.2025  00:18:15
  3   7   4   8  $12    0.010    17.8725   7656.56   0.0      3.68   3.2  03.07.2025  00:18:17
  3   7  13   1  $12    0.010    -2.7039   4247.25   0.0      5.88   3.9  03.07.2025  00:18:19
  3   7  14   2  $12    0.010    -5.8352   4303.52   0.0      8.41   7.9  03.07.2025  00:18:21
  3   7  16   4  $12    0.010    -8.1353   7293.36   0.0      7.21   0.8  03.07.2025  00:18:23
  3   7  13   9  $12    0.010     2.0245   4770.02   0.0     -0.34 103.2  03.07.2025  00:18:25
  3   7  14  10  $12    0.010     2.2054  10002.90   0.0     -4.47  19.2  03.07.2025  00:18:27
  3   7  15  11  $12    0.010     2.1766  16411.25   0.0      0.29  45.4  03.07.2025  00:18:29
  3   7  16  12  $12    0.010     2.3077  26507.75   0.1     -1.48 116.2  03.07.2025  00:18:31
  3   7   9   5  $12    0.010     2.5882   4878.61   0.0     -0.89  55.4  03.07.2025  00:18:33
  3   7  10   6  $12    0.010     6.0661   8004.04   0.0     -0.18 137.4  03.07.2025  00:18:35
  3   7  12   8  $12    0.010     7.4062   6543.88   0.0      4.38   3.7  03.07.2025  00:18:37
  4   8   1   5  $12    0.010     4.8886   6450.31   0.0     -3.19  22.2  03.07.2025  00:18:39
  4   8   2   6  $12    0.010     7.6555  14430.30   0.0      4.56   0.7  03.07.2025  00:18:41
  4   8   3   7  $12    0.010    17.8279   7637.46   0.0      5.09   7.3  03.07.2025  00:18:43
  4   8  13   1  $12    0.100   -15.1695   3411.76   0.0      4.65   3.0  03.07.2025  00:18:47
  4   8  14   2  $12    0.010    -2.5525   4009.38   0.0     10.95   2.0  03.07.2025  00:18:52
  4   8  15   3  $12    0.010    -8.2618   6093.14   0.0      7.08   2.6  03.07.2025  00:18:54
  4   8  13   9  $12    0.100    18.5636   1640.23   0.0      3.22   0.6  03.07.2025  00:18:58
  4   8  14  10  $12    0.100    22.4677   5293.82   0.0      3.25   2.4  03.07.2025  00:19:00
  4   8  15  11  $12    0.100    21.7667   9872.65   0.0      2.58   1.3  03.07.2025  00:19:02
  4   8  16  12  $12    0.010     2.6202  19755.66   0.0     -1.00  12.4  03.07.2025  00:19:07
  4   8   9   5  $12    0.100    14.6880    629.23   0.0      4.13   1.4  03.07.2025  00:19:10
  4   8  10   6  $12    0.010     2.8227   5320.70   0.0     -1.46   2.6  03.07.2025  00:19:15
  4   8  11   7  $12    0.010     7.3445   9690.84   0.0      2.81  16.1  03.07.2025  00:19:17
  5   9   6  10  $12    0.010    14.6924   6294.20   0.0      2.86   5.2  03.07.2025  00:19:19
  5   9   7  11  $12    0.010     7.1948  13561.86   0.0      2.43  25.8  03.07.2025  00:19:21
  5   9   8  12  $12    0.010     4.5801   6043.29   0.2     -6.18   5.1  03.07.2025  00:19:23
  5   9   2   6  $12    0.010    -5.9014   7786.65   0.0      7.17   1.0  03.07.2025  00:19:25
  5   9   3   7  $12    0.010    -2.5214   4752.81   0.0     15.30  10.1  03.07.2025  00:19:27
  5   9   4   8  $12    0.100   -14.6873    629.20   0.0      6.91   1.8  03.07.2025  00:19:31
  5   9   1  13  $12    0.010     2.6024   6540.63   0.0     -1.23  19.0  03.07.2025  00:19:36
  5   9   2  14  $12    0.010     2.1537   4843.76   0.1      1.81  81.5  03.07.2025  00:19:38
  5   9   3  15  $12    0.010     2.4428   3837.09   0.0      0.65  72.5  03.07.2025  00:19:40
  5   9   4  16  $12    0.100    19.5440   1441.39   0.0      3.89   0.5  03.07.2025  00:19:44
  5   9  14  10  $12    0.010     6.5677   5803.01   0.0      3.16   1.6  03.07.2025  00:19:49
  5   9  15  11  $12    0.010     2.1576   5083.65   0.0     -3.70   5.8  03.07.2025  00:19:51
  5   9  16  12  $12    0.100    11.2962   5123.60   0.0      2.82   1.9  03.07.2025  00:19:55
  6  10   5   9  $12    0.010    14.6454   6274.08   0.0      4.12   2.6  03.07.2025  00:20:00
  6  10   7  11  $12    0.010    14.7570   6321.87   0.0      3.17   6.6  03.07.2025  00:20:02
  6  10   8  12  $12    0.010     7.6913  14497.83   0.1      4.85   7.1  03.07.2025  00:20:04
  6  10   1   5  $12    0.010    -5.7915   5117.21   0.0     11.34   1.1  03.07.2025  00:20:06
  6  10   3   7  $12    0.010    -6.0347   7962.55   0.0      4.84   8.8  03.07.2025  00:20:08
  6  10   4   8  $12    0.010    -2.7554   5193.78   0.1     16.00  22.0  03.07.2025  00:20:10
  6  10   1  13  $12    0.010     2.4978   5617.80   0.2     -5.86  22.0  03.07.2025  00:20:12
  6  10   2  14  $12    0.010     2.2906   5756.95   0.0      8.50  17.2  03.07.2025  00:20:14
  6  10   3  15  $12    0.010     2.5261   5681.53   0.1     10.81   4.5  03.07.2025  00:20:16
  6  10   4  16  $12    0.010     2.2363   3512.82   0.0     -3.19   1.0  03.07.2025  00:20:18
  6  10  13   9  $12    0.010     6.3585   8389.90   0.0      3.01   7.0  03.07.2025  00:20:20
  6  10  15  11  $12    0.010     6.1997   5477.88   0.0     -2.44  16.7  03.07.2025  00:20:22
  6  10  16  12  $12    0.010     2.6645   6278.18   0.1     -3.97  35.0  03.07.2025  00:20:24
  7  11   5   9  $12    0.010     7.1571  13490.81   0.0      2.41   4.0  03.07.2025  00:20:26
  7  11   6  10  $12    0.010    14.7393   6314.32   0.0      1.99   7.7  03.07.2025  00:20:28
  7  11   8  12  $12    0.010    18.0217   7720.48   0.0      2.97   0.9  03.07.2025  00:20:30
  7  11   1   5  $12    0.010    -2.4297   5724.85   0.2     20.18   6.8  03.07.2025  00:20:32
  7  11   2   6  $12    0.010    -6.0127   5312.69   0.0      9.06   4.8  03.07.2025  00:20:34
  7  11   4   8  $12    0.010    -7.3397   9684.56   0.0      7.22   4.4  03.07.2025  00:20:36
  7  11   1  13  $12    0.010     2.2206   3488.11   0.0     -4.11  79.5  03.07.2025  00:20:38
  7  11   2  14  $12    0.010     2.3095   5194.38   0.1      5.40  19.5  03.07.2025  00:20:40
  7  11   3  15  $12    0.010     2.3768   5973.57   0.0      0.10 283.4  03.07.2025  00:20:42
  7  11   4  16  $12    0.010     2.4946   5610.49   0.0     -0.93  26.3  03.07.2025  00:20:44
  7  11  13   9  $12    0.010     2.5107   4732.53   0.1      0.98  26.2  03.07.2025  00:20:46
  7  11  14  10  $12    0.010     6.4395   8496.78   0.0      1.22  23.8  03.07.2025  00:20:48
  7  11  16  12  $12    0.010     8.1571   7207.40   0.0      1.59  19.4  03.07.2025  00:20:50
  8  12   5   9  $12    0.010     4.5808   6044.19   0.0      3.07   6.3  03.07.2025  00:20:53
  8  12   6  10  $12    0.010     7.7022  14518.29   0.0      1.85  25.1  03.07.2025  00:20:55
  8  12   7  11  $12    0.010    17.9834   7704.06   0.0      3.52   0.4  03.07.2025  00:20:57
  8  12   1   5  $12    0.100   -13.5987   6167.93   0.0      6.37   1.5  03.07.2025  00:21:00
  8  12   2   6  $12    0.010    -2.7557   6492.86   0.0      9.48   0.9  03.07.2025  00:21:05
  8  12   3   7  $12    0.010    -7.2973   6447.67   0.0     11.70   5.3  03.07.2025  00:21:07
  8  12   1  13  $12    0.100    19.4757   1436.35   0.0      4.04   0.6  03.07.2025  00:21:11
  8  12   2  14  $12    0.100    22.6657   3560.31   0.0      4.41   1.0  03.07.2025  00:21:13
  8  12   3  15  $12    0.100    22.5324   5067.74   0.0      3.88   0.5  03.07.2025  00:21:15
  8  12  16   4  $12    0.010    -2.6235   6593.60   0.0     10.94   0.3  03.07.2025  00:21:20
  8  12   9  13  $12    0.100   -12.3493    529.04   0.0      5.91   1.3  03.07.2025  00:21:24
  8  12  10  14  $12    0.010    -2.5844   4871.40   0.0     11.10   1.0  03.07.2025  00:21:29
  8  12  11  15  $12    0.010    -8.3240  10983.31   0.0      7.92   0.5  03.07.2025  00:21:31
  9  13  10  14  $12    0.010    10.4349   4470.32   0.0      2.26   4.5  03.07.2025  00:21:33
  9  13  11  15  $12    0.010    12.3900  23354.54   0.0      2.55   3.5  03.07.2025  00:21:35
  9  13  12  16  $12    0.010     4.2030   5545.71   0.1     -1.75  89.8  03.07.2025  00:21:37
  9  13   6  10  $12    0.010    -6.3299   8352.11   0.0      5.36  11.5  03.07.2025  00:21:39
  9  13   7  11  $12    0.010    -2.4707   4657.17   0.2     20.45   9.1  03.07.2025  00:21:41
  9  13   8  12  $12    0.100   -12.3750    530.14   0.0      5.84   1.4  03.07.2025  00:21:45
  9  13   5   1  $12    0.010     2.5209  19006.98   0.0     -0.40  47.0  03.07.2025  00:21:50
  9  13   6   2  $12    0.010     2.2604  10252.43   0.2     -4.61  73.3  03.07.2025  00:21:52
  9  13   7   3  $12    0.010     2.0066   4727.97   0.1     -3.02  62.0  03.07.2025  00:21:54
  9  13   8   4  $12    0.100    18.5468   1638.75   0.0      3.21   1.1  03.07.2025  00:21:57
  9  13   2  14  $12    0.100    18.2412   1345.30   0.0      1.06   6.3  03.07.2025  00:22:00
  9  13   3  15  $12    0.010     7.8949  12401.29   0.0      2.10   4.0  03.07.2025  00:22:04
  9  13   4  16  $12    0.100    11.0020   2474.46   0.0      2.87   2.8  03.07.2025  00:22:08
 10  14   9  13  $12    0.010    10.4362   4470.87   0.0      3.25   2.2  03.07.2025  00:22:13
 10  14  11  15  $12    0.010    11.8888   5093.13   0.0      0.29  49.5  03.07.2025  00:22:15
 10  14  12  16  $12    0.010    13.1073  24706.59   0.0      3.09   3.2  03.07.2025  00:22:17
 10  14   5   9  $12    0.010    -6.4939   5737.83   0.0      8.70  10.7  03.07.2025  00:22:19
 10  14   7  11  $12    0.010    -6.3668   8400.77   0.0      4.25   5.5  03.07.2025  00:22:21
 10  14   8  12  $12    0.010    -2.5629   4830.99   0.1      8.84  32.2  03.07.2025  00:22:23
 10  14   5   1  $12    0.010     2.2949  26360.54   0.1      6.22  16.7  03.07.2025  00:22:25
 10  14   6   2  $12    0.010     2.2406  16893.75   0.1      6.01  16.6  03.07.2025  00:22:27
 10  14   7   3  $12    0.010     2.2427  10172.06   0.1    -11.28  31.1  03.07.2025  00:22:29
 10  14   8   4  $12    0.010     2.2608   5326.83   0.5    -17.65  28.0  03.07.2025  00:22:31
 10  14   1  13  $12    0.100    15.9374   1428.80   0.0      2.36   1.4  03.07.2025  00:22:35
 10  14   3  15  $12    0.010     3.2976   2432.00   0.0    -11.72   1.2  03.07.2025  00:22:40
 10  14   4  16  $12    0.010     8.2503  12959.59   0.0      4.38   2.4  03.07.2025  00:22:42
 11  15   9  13  $12    0.010    12.3962  23366.31   0.0      3.82   2.5  03.07.2025  00:22:44
 11  15  10  14  $12    0.010    11.8803   5089.51   0.0     -0.55   4.6  03.07.2025  00:22:46
 11  15  12  16  $12    0.010    12.2569   5250.86   0.0      2.43  12.0  03.07.2025  00:22:48
 11  15   5   9  $12    0.010    -2.1051   4960.03   0.1     19.73   5.4  03.07.2025  00:22:50
 11  15   6  10  $12    0.010    -6.1575   5440.62   0.0      2.73   2.7  03.07.2025  00:22:52
 11  15   8  12  $12    0.010    -8.3344  10997.04   0.0      5.16   2.1  03.07.2025  00:22:54
 11  15   5   1  $12    0.010     2.2949  37850.34   0.4     11.16  29.9  03.07.2025  00:22:56
 11  15   6   2  $12    0.010     2.2380  25706.24   0.3     12.02   3.5  03.07.2025  00:22:58
 11  15   7   3  $12    0.010     2.1619  16300.48   0.4     -3.94 116.4  03.07.2025  00:23:00
 11  15   8   4  $12    0.010     2.2290  10109.80   0.1    -12.60  36.9  03.07.2025  00:23:03
 11  15   1  13  $12    0.010     8.0032 175999.49   0.0      5.06   3.8  03.07.2025  00:23:05
 11  15   2  14  $12    0.010     3.4773   3117.40   0.1     -5.10  15.5  03.07.2025  00:23:07
 11  15   4  16  $12    0.100    17.0202   1255.25   0.0      3.46   0.1  03.07.2025  00:23:10
 12  16   9  13  $12    0.010     4.2229   5572.01   0.0      1.02  20.8  03.07.2025  00:23:15
 12  16  10  14  $12    0.010    13.1295  24748.54   0.0      4.52   1.1  03.07.2025  00:23:17
 12  16  11  15  $12    0.010    12.2544   5249.79   0.0      2.91   2.0  03.07.2025  00:23:19
 12  16   5   9  $12    0.100   -11.2311   5094.08   0.0      5.87   1.0  03.07.2025  00:23:23
 12  16   6  10  $12    0.010    -2.6182   6169.00   0.0     10.33   0.7  03.07.2025  00:23:28
 12  16   7  11  $12    0.010    -8.0882   7146.50   0.0      6.29  11.3  03.07.2025  00:23:30
 12  16   5   1  $12    0.100    19.6376  44534.86   0.0      3.59   0.1  03.07.2025  00:23:34
 12  16   6   2  $12    0.100    20.8543  34395.81   0.0      2.46   9.7  03.07.2025  00:23:36
 12  16   7   3  $12    0.100    22.9661  26379.94   0.0      4.00   8.3  03.07.2025  00:23:38
 12  16   8   4  $12    0.010     2.6184  19741.99   0.0     -2.69   4.8  03.07.2025  00:23:43
 12  16  13   1  $12    0.100   -11.0142   1077.24   0.0      8.49   0.6  03.07.2025  00:23:47
 12  16  14   2  $12    0.010    -8.3277 183135.30   0.0      9.73   0.8  03.07.2025  00:23:52
 12  16  15   3  $12    0.100   -17.8338   1598.81   0.0      3.68   0.5  03.07.2025  00:23:55
 13   1  14   2  $12    0.010    10.2086   3500.92   0.0      3.79   2.2  03.07.2025  00:24:00
 13   1  15   3  $12    0.010    12.8945   9778.09   0.0      3.94   3.7  03.07.2025  00:24:02
 13   1  16   4  $12    0.010     4.5987   5910.30   0.0      1.42  17.4  03.07.2025  00:24:04
 13   1  10  14  $12    0.100   -15.8403   1420.09   0.0      3.88   2.5  03.07.2025  00:24:08
 13   1  11  15  $12    0.010    -7.9296 174379.95   0.0      8.95   1.0  03.07.2025  00:24:13
 13   1  12  16  $12    0.100   -10.9866   1074.54   0.0      7.66   0.8  03.07.2025  00:24:17
 13   1   9   5  $12    0.010     2.6047   6546.35   0.0     -0.76  22.0  03.07.2025  00:24:22
 13   1  10   6  $12    0.010     2.5062   5636.61   0.0     -2.97  43.6  03.07.2025  00:24:24
 13   1  11   7  $12    0.010     2.1833   3429.59   0.0     -7.73  23.6  03.07.2025  00:24:26
 13   1  12   8  $12    0.100    19.5589   1442.49   0.0      3.82   1.2  03.07.2025  00:24:29
 13   1   6   2  $12    0.010     6.1441   4531.33   0.0      3.41   2.3  03.07.2025  00:24:34
 13   1   7   3  $12    0.010     2.7434   4309.25   0.1     11.24   8.7  03.07.2025  00:24:36
 13   1   8   4  $12    0.100    15.2719   3434.80   0.0      3.14   1.7  03.07.2025  00:24:40
 14   2  13   1  $12    0.010    10.2168   3503.72   0.0      3.05   1.4  03.07.2025  00:24:45
 14   2  15   3  $12    0.010    11.6856   4007.42   0.0      0.82  11.3  03.07.2025  00:24:47
 14   2  16   4  $12    0.010    13.2422  10041.74   0.0      4.07   0.2  03.07.2025  00:24:49
 14   2   9  13  $12    0.100   -18.2087   1342.91   0.0      2.74   1.7  03.07.2025  00:24:53
 14   2  11  15  $12    0.010    -3.4427   3086.43   0.0      0.53  39.7  03.07.2025  00:24:58
 14   2  12  16  $12    0.010    -8.3096 182737.79   0.0     10.20   1.9  03.07.2025  00:25:00
 14   2   9   5  $12    0.010     2.1736   4888.59   0.0     -3.02  13.4  03.07.2025  00:25:02
 14   2  10   6  $12    0.010     2.3020   5785.63   0.0      9.69   4.9  03.07.2025  00:25:04
 14   2  11   7  $12    0.010     2.3296   5239.56   0.2      1.44 173.4  03.07.2025  00:25:06
 14   2  12   8  $12    0.010     2.3106   3629.52   0.1    -13.38   7.1  03.07.2025  00:25:08
 14   2   5   1  $12    0.010     6.2580   5610.28   0.1      8.55   6.9  03.07.2025  00:25:10
 14   2   7   3  $12    0.010     5.9232   4368.38   0.0      2.29  10.6  03.07.2025  00:25:12
 14   2   8   4  $12    0.010     2.5749   4044.69   0.2     -7.35  36.9  03.07.2025  00:25:14
 15   3  13   1  $12    0.010    12.9068   9787.41   0.0      5.57   2.0  03.07.2025  00:25:16
 15   3  14   2  $12    0.010    11.6558   3997.21   0.0      0.80  39.8  03.07.2025  00:25:18
 15   3  16   4  $12    0.010    12.3777   4244.77   0.0      2.89   3.7  03.07.2025  00:25:20
 15   3   9  13  $12    0.010    -7.8556  12339.49   0.0      8.46   1.2  03.07.2025  00:25:22
 15   3  10  14  $12    0.010    -3.2527   2398.93   0.0     -2.82  24.8  03.07.2025  00:25:24
 15   3  12  16  $12    0.100   -17.8680   1601.87   0.0      4.50   1.2  03.07.2025  00:25:28
 15   3   9   5  $12    0.010     2.4442   3839.37   0.0      0.87  14.8  03.07.2025  00:25:33
 15   3  10   6  $12    0.010     2.5322   5695.20   0.0      9.64   9.0  03.07.2025  00:25:35
 15   3  11   7  $12    0.010     2.3949   6019.05   0.2      5.60  30.3  03.07.2025  00:25:37
 15   3  12   8  $12    0.010     2.2951   5161.81   0.2      5.53  44.9  03.07.2025  00:25:39
 15   3   5   1  $12    0.010     2.6021  57223.63   0.1     10.44  10.7  03.07.2025  00:25:41
 15   3   6   2  $12    0.010     5.8898   5280.27   0.0      3.07  14.6  03.07.2025  00:25:44
 15   3   8   4  $12    0.010     8.3134   6131.17   0.0      2.06   9.5  03.07.2025  00:25:46
 16   4  13   1  $12    0.010     4.6044   5917.61   0.1      5.31   5.2  03.07.2025  00:25:48
 16   4  14   2  $12    0.010    13.2240  10027.96   0.0      6.31   5.0  03.07.2025  00:25:50
 16   4  15   3  $12    0.010    12.3808   4245.83   0.0      3.00   3.0  03.07.2025  00:25:52
 16   4   9  13  $12    0.100   -10.8894   2449.13   0.0      7.09   0.1  03.07.2025  00:25:55
 16   4  10  14  $12    0.010    -8.1748  12840.97   0.0     11.36   0.4  03.07.2025  00:26:00
 16   4  11  15  $12    0.100   -16.8568   1243.21   0.0      5.00   0.5  03.07.2025  00:26:04
 16   4   9   5  $12    0.100    19.5192   1439.55   0.0      3.19   1.3  03.07.2025  00:26:06
 16   4  10   6  $12    0.100    22.0981   3471.16   0.0      3.44   7.0  03.07.2025  00:26:08
 16   4  11   7  $12    0.010     2.4910   5602.60   0.0     -0.65  76.2  03.07.2025  00:26:13
 16   4  12   8  $12    0.010     2.6807   6737.39   0.2    -10.56  13.2  03.07.2025  00:26:15
 16   4   5   1  $12    0.100    15.3368   1500.00   0.0      3.08   5.2  03.07.2025  00:26:19
 16   4   6   2  $12    0.010     2.7959  61486.09   0.0     -1.12  15.3  03.07.2025  00:26:24
 16   4   7   3  $12    0.010     8.1813   7334.57   0.0      5.81  24.5  03.07.2025  00:26:26
  1   4   2   3  $12    0.010     9.3171   5854.13   0.0      6.46  13.7  03.07.2025  00:26:28
  2   3   1   4  $12    0.010     9.3519   5875.96   0.0      4.85   0.6  03.07.2025  00:26:30
  1   2   3   4  $12    0.100   -18.8361   3550.52   0.0     11.30   0.2  03.07.2025  00:26:34
  3   4   1   2  $12    0.100   -18.6571   3516.78   0.0     14.18   0.7  03.07.2025  00:26:36
  5   8   6   7  $12    0.010     8.4422   5304.38   0.0      4.04   1.2  03.07.2025  00:26:41
  6   7   5   8  $12    0.010     8.4617   5316.67   0.0     -1.24  42.6  03.07.2025  00:26:43
  5   6   7   8  $12    0.100   -20.1087   3790.40   0.0      2.73   2.0  03.07.2025  00:26:46
  7   8   5   6  $12    0.100   -20.2150   3810.45   0.0      0.91  24.2  03.07.2025  00:26:48
  9  12  10  11  $12    0.010    10.0726   6328.82   0.0      3.62   2.3  03.07.2025  00:26:53
 10  11   9  12  $12    0.010    10.0928   6341.51   0.0      2.70   3.4  03.07.2025  00:26:55
  9  10  11  12  $12    0.010    -2.2756   4289.35   0.0      9.74   5.0  03.07.2025  00:26:57
 11  12   9  10  $12    0.010    -2.2792   4296.14   0.0     14.54   4.0  03.07.2025  00:26:59
 13  16  14  15  $12    0.010   -13.0212   8181.48   0.0      6.99   0.6  03.07.2025  00:27:01
 14  15  13  16  $12    0.010   -13.0174   8179.06   0.0      7.34   2.4  03.07.2025  00:27:03
 13  14  15  16  $12    0.010    12.1640  22928.53   0.0      4.77   1.6  03.07.2025  00:27:05
  1   9  10   2  $12    0.010   -17.1611   6175.50   0.0      6.23   1.9  03.07.2025  00:27:07
  1   9  11   3  $12    0.010    -9.3769   8034.14   0.0      7.22   1.4  03.07.2025  00:27:10
  1   9  12   4  $12    0.010    -6.5570  10964.28   0.0      9.09   2.9  03.07.2025  00:27:12
  2  10   9   1  $12    0.010   -17.1890   6185.53   0.0      5.69   0.5  03.07.2025  00:27:14
  2  10  11   3  $12    0.010   -16.7798   6038.31   0.0      4.25   1.3  03.07.2025  00:27:16
  2  10  12   4  $12    0.010    -9.6994   8310.44   0.0      5.78   1.9  03.07.2025  00:27:18
  3  11   9   1  $12    0.010    -9.3974   8051.68   0.0      5.85   4.4  03.07.2025  00:27:20
  3  11  10   2  $12    0.010   -16.7547   6029.28   0.0      5.04   2.5  03.07.2025  00:27:22
  3  11  12   4  $12    0.010   -21.0771   7584.71   0.0      5.03   2.0  03.07.2025  00:27:24
 12   4   9   1  $12    0.010     6.6120  11056.16   0.0      4.94   8.2  03.07.2025  00:27:26
 12   4  10   2  $12    0.010     9.7397   8344.94   0.0      3.10   3.0  03.07.2025  00:27:28
 12   4  11   3  $12    0.010    21.0981   7592.26   0.0      5.21   1.0  03.07.2025  00:27:30
 13   5  14   6  $12    0.010    12.1714   4379.94   0.0      3.05   7.6  03.07.2025  00:27:32
 13   5  15   7  $12    0.010    14.9526  12811.32   0.0      2.80  15.3  03.07.2025  00:27:34
 13   5  16   8  $12    0.010     6.4070  10713.38   0.1     -3.30  28.7  03.07.2025  00:27:36
 14   6  13   5  $12    0.010    12.1766   4381.82   0.0      2.72   5.7  03.07.2025  00:27:38
 14   6  15   7  $12    0.010    14.0441   5053.86   0.0      2.85  16.5  03.07.2025  00:27:40
 14   6  16   8  $12    0.010    15.5527  13325.56   0.0      4.87  17.2  03.07.2025  00:27:42
 15   7  13   5  $12    0.010    14.9066  12771.90   0.0      4.25   3.1  03.07.2025  00:27:44
 15   7  14   6  $12    0.010    14.0423   5053.20   0.0      2.14   3.4  03.07.2025  00:27:46
 15   7  16   8  $12    0.010    13.7260   4939.38   0.0      4.11   8.2  03.07.2025  00:27:48
 16   8  13   5  $12    0.010     6.4143  10725.66   0.0      5.02  17.0  03.07.2025  00:27:50
 16   8  14   6  $12    0.010    15.5170  13294.95   0.0      5.18   1.5  03.07.2025  00:27:52
 16   8  15   7  $12    0.010    13.7120   4934.33   0.0      2.77   3.9  03.07.2025  00:27:54
  1   2   5   6  $12    1.000     8.9383   1684.83   0.0    107.60   0.0  03.07.2025  00:28:00
  2   3   6   7  $12    1.000    13.4566   2536.51   0.0     81.26   1.4  03.07.2025  00:28:02
  3   4   7   8  $12    1.000     8.2364   1552.53   0.0    -15.20   5.4  03.07.2025  00:28:04
  1   2   9  10  $12    1.000     2.1002   3325.31   0.2    131.58   1.9  03.07.2025  00:28:06
  2   3  10  11  $12    1.000     4.8434   7668.93   0.0    117.74   0.0  03.07.2025  00:28:08
  3   4  11  12  $12    1.000     2.6698   4227.33   0.0      7.86   0.8  03.07.2025  00:28:10
  1   2  13  14  $12    1.000    15.0640  81209.82   0.0     -6.43   2.4  03.07.2025  00:28:12
  2   3  14  15  $12    1.000   -18.3965  99175.19   0.0     63.92   0.3  03.07.2025  00:28:14
  3   4  15  16  $12    0.100     2.6341 142002.05   0.0      1.49   8.7  03.07.2025  00:28:19
  5   6   9  10  $12    1.000    10.3774   1956.10   0.0     74.40   0.0  03.07.2025  00:28:23
  6   7  10  11  $12    1.000    14.4005   2714.42   0.0     65.14   0.1  03.07.2025  00:28:25
  7   8  11  12  $12    1.000    10.8437   2043.98   0.0      5.86   1.8  03.07.2025  00:28:27
  5   6  13  14  $12    1.000     5.2402   8297.06   0.0    -13.86   0.8  03.07.2025  00:28:29
  6   7  14  15  $12    1.000    -4.9933   7906.21   0.0     63.15   1.3  03.07.2025  00:28:31
  7   8  15  16  $12    1.000     6.3066   9985.68   0.0      5.89   1.2  03.07.2025  00:28:33
  9  10  13  14  $12    1.000    21.1791   3992.17   0.0    -13.62   1.2  03.07.2025  00:28:35
 10  11  14  15  $12    0.100    -2.8467   5365.90   0.0     74.41   0.2  03.07.2025  00:28:40
 11  12  15  16  $12    0.100     2.8625   5395.66   0.0     -0.54  40.2  03.07.2025  00:28:42
  1   2   6   7  $12    1.000     5.2331   1972.82   0.0   -147.28   0.1  03.07.2025  00:28:46
  2   3   7   8  $12    1.000     9.3942   3541.52   0.0      2.92  12.3  03.07.2025  00:28:48
  1   2   7   8  $12    1.000     5.2230   3445.82   0.0     -0.54  85.9  03.07.2025  00:28:50
  2   3   7   8  $12    1.000     9.3971   3542.62   0.0      4.88   2.0  03.07.2025  00:28:52
  1   2  10  11  $12   10.000    19.0936   4318.87   0.0    -90.65   0.1  03.07.2025  00:28:56
  2   3  11  12  $12    1.000     2.9918   6767.23   0.0      0.83   8.4  03.07.2025  00:29:01
  1   2  11  12  $12   10.000    18.1924   5658.17   0.0      0.35  12.8  03.07.2025  00:29:04
  2   3  11  12  $12    1.000     3.0144   6818.50   0.0      0.31  60.9  03.07.2025  00:29:09
  1   2  14  15  $12    1.000   -10.0298  68816.94   0.0    -35.65   0.3  03.07.2025  00:29:11
  2   3  15  16  $12    0.100     2.7989 192042.22   0.0     50.50   0.2  03.07.2025  00:29:16
  1   2  15  16  $12    1.000    14.7500 126504.07   0.0    -27.47   0.3  03.07.2025  00:29:20
  2   3  15  16  $12    0.100     2.7801 190750.94   0.0     52.54   0.3  03.07.2025  00:29:25
  5   6  10  11  $12    1.000    10.8451   4088.51   0.0    -60.03   0.0  03.07.2025  00:29:29
  6   7  11  12  $12    1.000    10.0883   3803.20   0.0      3.99   4.9  03.07.2025  00:29:31
  5   6  11  12  $12    1.000     8.7779   5791.08   0.0      2.86   1.6  03.07.2025  00:29:33
  6   7  11  12  $12    1.000    10.0931   3805.03   0.0      4.23   3.6  03.07.2025  00:29:35
  5   6  14  15  $12    1.000    -3.5171   7955.48   0.0    -66.72   0.1  03.07.2025  00:29:37
  6   7  15  16  $12    1.000     7.4599  16873.83   0.0     42.61   0.1  03.07.2025  00:29:39
  5   6  15  16  $12    1.000     5.5132  17147.02   0.0    -47.40   0.0  03.07.2025  00:29:41
  6   7  15  16  $12    1.000     7.4661  16887.96   0.0     42.36   0.2  03.07.2025  00:29:43
  9  10  14  15  $12    1.000   -13.8281   5213.06   0.0    -73.64   0.1  03.07.2025  00:29:45
 10  11  15  16  $12    0.100     4.1079  15486.46   0.0     45.39   0.2  03.07.2025  00:29:50
  9  10  15  16  $12    0.100     2.0806  13726.52   0.0    -79.65   0.4  03.07.2025  00:29:52
 10  11  15  16  $12    0.100     4.1170  15520.59   0.0     48.00   0.6  03.07.2025  00:29:54
